10000	100	9900	0.00208333
0.025641	2.53846	47746.2	4.82284	1e-08
1	101.905
1	112.387
1	54.0159
1	211.713
1	124.435
1	98.9158
1	90.9485
1	93.6502
1	211.116
1	157.655
1	176.036
1	70.0904
1	219.799
1	284.166
1	167.161
1	101.114
1	105.005
1	86.8048
1	114.383
1	89.8062
1	173.074
1	156.309
1	137.118
1	95.607
1	144.799
1	84.9953
1	127.227
1	180.695
1	110.798
1	44.3034
1	65.014
1	196.716
1	57.3301
1	58.8106
1	273.728
1	60.7347
1	57.9599
1	72.1056
1	114.523
1	77.3699
1	107.596
1	125.625
1	53.7064
1	96.8644
1	68.0153
1	262.511
1	192.392
1	164.481
1	113.059
1	59.301
1	168.264
1	75.879
1	96.1046
1	177.889
1	104.231
1	90.9133
1	68.409
1	109
1	63.6403
1	80.3544
1	98.1419
1	230.289
1	132.021
1	144.776
1	90.3424
1	164.908
1	145.389
1	137.199
1	111.987
1	109.005
1	158.572
1	149.349
1	139.087
1	117.376
1	109.841
1	96.6924
1	164.084
1	143.379
1	214.112
1	73.573
1	91.1552
1	100.029
1	191.673
1	135.846
1	104.409
1	50.9931
1	86.4104
1	100.603
1	122.137
1	129.782
1	61.841
1	69.22
1	134.862
1	120.081
1	187.883
1	124.697
1	98.3836
1	73.3371
1	54.2413
1	92.4356
1	109.778
1	100.425
1	101.155
1	42.8943
1	110.49
1	85.4681
1	200.842
1	158.736
1	126.236
1	95.3535
1	66.1875
1	90.0537
1	136.172
1	138.779
1	78.1222
1	94.8561
1	96.2828
1	135.04
1	106.216
1	110.493
1	105.876
1	34.0355
1	72.2414
1	60.338
1	84.4648
1	120.464
1	219.925
1	129.722
1	47.5679
1	156.316
1	96.4132
1	104.598
1	189.267
1	128.908
1	118.951
1	225.161
1	55.309
1	82.0695
1	69.8688
1	81.5839
1	150.92
1	70.7358
1	121.548
1	43.868
1	104.735
1	62.7933
1	160.955
1	87.1985
1	125.9
1	105.716
1	123.784
1	73.0762
1	96.8978
1	182.391
1	115.295
1	59.5832
1	88.6402
1	90.5678
1	51.9621
1	85.0299
1	77.7068
1	114.951
1	174.538
1	225.914
1	42.0494
1	161.529
1	79.2107
1	226.331
1	105.517
1	107.425
1	88.9887
1	77.0368
1	87.1164
1	164.443
1	55.1129
1	61.8944
1	48.8855
1	94.9622
1	119.944
1	44.4901
1	63.6356
1	167.619
1	101.532
1	134.725
1	212.286
1	76.3523
1	117.239
1	85.3295
1	74.7055
1	88.0738
1	80.2489
1	121.646
1	126.677
1	133.135
1	87.8365
1	78.5172
1	91.3386
1	58.5584
1	110.902
1	220.501
1	64.5949
1	88.1557
1	90.6753
1	87.3351
1	106.007
1	134.782
1	68.5035
1	121.235
1	88.1233
1	149.621
1	92.7831
1	158.882
1	60.427
1	123.101
1	94.6866
1	101.334
1	147.028
1	59.1752
1	68.3854
1	45.6733
1	62.2478
1	68.4565
1	140.376
1	113.196
1	67.5762
1	127.326
1	150.39
1	72.8324
1	91.3504
1	48.1068
1	97.3013
1	182.883
1	108.288
1	54.3044
1	70.8398
1	127.138
1	147.245
1	87.9686
1	134.362
1	154.542
1	64.6848
1	84.4472
1	135.374
1	83.4415
0	11.9268
1	147.45
1	172.85
1	111.583
1	189.064
0	79.7207
1	122.013
1	133.604
1	59.4954
1	109.513
1	106.701
1	63.4886
1	65.7654
1	81.1684
1	180.67
1	121.132
1	105.655
1	114.302
1	183.325
1	96.965
1	76.3343
1	202.327
1	73.5264
1	68.8858
1	127.101
1	309.502
1	60.0913
1	76.7135
1	239.027
1	103.477
1	89.1146
1	141.92
1	66.6813
1	70.3717
1	46.4043
1	179.987
1	91.9948
1	54.9439
1	92.2466
1	106.004
1	154.683
0	20.0259
1	77.1586
1	136.136
1	152.393
1	61.5485
1	172.666
1	245.883
1	98.241
1	87.9154
1	106.531
1	117.366
1	150.934
1	94.8147
1	58.5829
1	65.4497
1	131.38
1	99.2715
1	111.626
1	123.87
1	76.3107
1	127.769
1	190.209
1	223.611
1	86.813
1	61.4345
1	91.5651
1	101.245
1	91.0327
1	120.356
1	92.9615
1	147.039
1	123.685
1	89.4347
1	31.4281
1	110.838
1	58.4354
1	120.553
1	98.7554
1	55.7819
1	167.489
1	112.691
1	46.7557
1	117.495
1	53.2919
1	52.8296
1	67.09
1	120.004
1	123.959
1	104.76
1	73.2267
1	105.797
1	73.7279
1	120.763
1	119.856
1	124.983
1	51.0318
1	94.0486
1	124.516
1	163.054
1	114.143
1	199.158
1	71.723
1	39.1969
1	209.414
1	101.169
1	65.6958
1	96.7992
1	60.4995
1	129.231
1	35.05
1	88.1756
1	86.7088
1	94.3326
1	174.224
1	50.0045
1	68.0121
1	197.52
1	131.778
1	138.907
1	156.831
1	85.8851
1	136.417
1	77.4545
1	86.5848
1	137.289
1	79.6854
1	132.396
1	121.166
1	69.2284
1	99.3584
1	98.9741
1	82.9435
1	68.8327
1	97.2237
1	140.846
1	68.1749
1	49.7419
1	105.346
1	65.6014
1	124.162
1	68.7582
1	106.674
1	170.802
1	128.711
1	115.188
1	72.0824
1	217.476
1	94.5117
1	96.2905
1	159.701
1	99.6156
1	103.804
1	48.7083
1	118.9
1	47.0973
1	141.218
1	140.096
1	83.5992
1	164.458
1	219.509
1	122.784
1	96.5988
1	98.4805
1	181.671
1	85.8701
1	24.0648
1	105.027
1	88.2031
1	107.259
1	122.7
1	109.139
1	85.9543
1	94.6169
1	181.903
1	64.1609
1	113.859
1	60.9378
1	106.175
1	163.465
1	120.725
1	173.946
1	98.1922
1	40.3346
1	88.7464
1	132.494
1	97.0478
1	93.8089
1	90.2067
1	89.3095
1	156.287
1	88.9239
1	98.5154
1	207.555
1	104.562
1	109.778
1	136.393
1	108.699
1	106.387
1	205.465
1	159.018
1	159.675
1	121.898
1	90.2218
1	103.365
1	371.619
1	83.7258
1	76.3493
1	115.771
1	67.4821
1	75.4216
1	131.629
1	66.3311
1	145.762
1	192.297
1	123.889
1	92.2173
1	155.052
1	127.543
1	64.2851
1	112.622
1	102.251
1	144.199
1	111.728
1	106.552
1	118.295
1	96.5034
1	234.604
1	64.532
1	109.095
1	82.5444
1	242.269
1	106.896
1	145.545
1	64.7244
1	54.6464
1	77.8415
1	106.613
1	180.474
1	103.13
1	88.1892
1	107.477
1	144.737
1	159.48
1	58.0917
1	112.443
1	114.845
1	111.94
1	114.049
1	195.167
1	52.9834
1	117.639
1	136.398
1	76.3096
1	150.95
1	107.006
1	224.96
1	137.546
1	94.5276
1	67.1309
1	65.2584
1	195.141
1	146.201
1	61.1369
1	85.3451
1	108.321
1	99.9878
1	34.516
1	116.402
1	54.0207
1	145.789
1	130.11
1	152.184
1	86.7219
1	98.7032
1	105.895
1	128.215
1	130.544
1	76.2242
1	77.2905
1	83.4262
1	75.7599
1	254.16
1	146.151
1	79.7438
1	131.088
1	110.814
1	51.474
1	136.935
1	236.866
1	172.912
1	83.1681
1	178.795
1	161.164
1	118.009
1	63.4127
1	136.007
1	102.159
1	113.992
1	117.702
1	105.817
1	70.8519
1	38.0931
1	109.545
1	190.395
1	99.9105
1	48.5728
1	108.894
1	70.791
1	103.827
1	78.763
1	82.4127
1	129.456
1	132.897
1	75.6168
1	142.296
1	196.695
1	128.715
1	92.0487
1	110.286
1	108.577
1	117.826
1	164.864
1	78.2957
1	165.179
1	98.1293
1	134.112
1	154.235
1	85.5711
1	61.1813
1	114.434
1	59.8442
1	206.116
1	151.191
1	104.997
1	97.8489
1	92.0259
1	76.6358
1	55.835
1	154.132
1	90.9544
1	103.767
1	164.571
1	97.8693
1	102.994
1	66.5615
1	54.025
1	151.742
1	52.375
1	134.324
1	128.225
1	81.3926
1	44.75
1	199.406
1	244.576
1	223.775
1	85.1252
1	79.9862
1	124.852
1	136.105
1	201.026
1	74.8114
1	149.095
1	79.439
1	66.7373
1	102.13
1	64.572
1	174.312
1	96.4259
1	97.143
1	86.0508
1	309.407
1	201.602
1	102.207
1	69.2808
1	172.877
1	53.4103
1	82.4336
1	49.1412
1	91.7885
1	133.157
1	97.6516
1	61.6668
1	111.965
1	130.111
1	175.046
1	45.0332
1	114.057
1	132.744
1	104.927
1	100.536
1	143.434
1	71.3849
1	195.704
1	84.5658
1	87.4432
1	253.259
1	76.459
1	74.1377
1	63.2251
1	73.1319
1	137.925
1	86.3762
1	163.023
1	124.886
1	59.5953
1	95.0652
1	62.4656
1	62.9553
1	87.5145
1	69.6276
1	109.467
1	62.0269
1	61.7827
1	49.8614
1	145.606
1	191.469
1	232.604
1	106.763
1	77.645
1	204.474
1	155.896
1	59.6067
1	191.569
1	111.873
1	243.971
1	121.628
1	102.861
1	79.6155
0	27.8141
1	35.0028
1	60.2475
1	50.8138
1	122.754
1	105.791
1	76.4584
1	117.703
1	115.486
1	318.45
1	94.6491
1	53.4288
1	205.147
1	82.5533
1	145.444
1	56.4627
1	66.1131
1	68.4919
1	94.9845
1	58.1639
1	53.7341
1	111.973
1	49.1434
1	101.795
1	131.279
1	155.67
1	218.888
1	115.446
1	142.181
1	162.879
1	113.185
1	50.7479
1	106.93
1	111.516
1	108.252
1	72.4563
1	80.4311
0	22.0305
1	117.077
1	147.446
1	82.3889
1	231.001
1	142.639
1	122.506
1	226.157
1	195.648
1	65.0916
1	67.0243
1	267.73
1	145.34
1	113.758
1	108.739
1	173.644
1	164.701
1	104.613
1	64.6729
1	100.973
1	103.391
1	149.694
1	84.6044
1	126.739
1	94.4232
1	89.6178
1	76
1	117.685
1	56.7109
1	166.423
1	87.083
1	124.389
1	82.7099
1	70.9192
1	74.3617
1	77.8425
1	145.571
1	89.0966
1	111.478
1	51.9894
1	71.5228
1	72.6347
1	206.878
1	138.586
1	130.532
1	100.63
1	189.401
1	225.546
1	79.7823
1	98.3629
1	128.05
1	99.2173
1	85.3297
1	92.9875
1	181.403
1	143.163
1	91.1486
1	209.245
1	79.9827
1	72.524
1	74.6265
1	134.23
1	76.2381
1	117.682
1	104.698
1	111.911
1	67.3607
1	110.303
1	89.0149
1	83.6405
1	93.7977
1	69.6345
1	157.951
1	83.0696
1	104.78
1	64.5963
1	114.047
1	93.9856
1	62.2159
1	112.995
1	83.4079
1	88.4723
1	147.669
1	344.16
1	105.059
1	117.972
1	78.1604
1	237.996
1	149.367
1	135.758
1	84.9554
1	93.9317
1	151.762
1	154.401
1	136.576
1	207.372
1	50.8176
1	191.005
1	135.311
1	54.2614
1	63.2745
1	57.1558
1	67.079
1	133.326
1	91.2465
1	95.0308
1	97.8485
1	134.248
1	42.7827
1	82.1053
1	82.8943
1	167.427
1	90.2356
1	43.2509
0	62.1251
1	104.127
1	150.965
1	152.523
1	68.7648
1	50.5221
1	60.9787
1	175.514
1	69.9235
1	172.705
1	71.1224
1	59.516
1	116.164
1	77.5521
1	98.357
1	151.689
1	334.848
1	90.726
1	150.258
1	39.8936
1	109.543
1	56.974
1	114.559
1	79.6987
1	70.7125
1	97.0547
1	144.14
1	62.4848
1	70.2499
1	313.554
1	48.2599
1	135.757
1	79.2752
1	124.725
1	86.0616
1	106.046
1	189.354
1	42.6416
1	105.605
1	90.6985
1	96.6348
1	106.724
1	100.469
1	207.647
1	63.1777
1	65.0199
1	91.0369
1	82.5904
1	121.949
1	167.488
1	124.445
1	149.266
1	101.824
1	84.1112
1	83.944
1	95.2848
1	189.792
1	114.356
1	79.5249
1	108.329
1	165.831
1	121.854
1	86.431
1	134.984
1	107.853
1	63.3806
1	110.026
1	127.963
1	124.12
1	94.3768
1	228.841
1	187.944
1	141.545
1	173.446
1	89.8774
1	133.339
1	155.333
1	145.195
1	70.4399
1	99.5912
1	73.8043
1	177.114
1	279.197
1	149.826
1	130.027
1	78.6467
1	60.4581
1	48.6533
1	240.75
1	119.674
1	53.7404
1	55.1557
1	137.557
1	53.851
1	94.1532
1	237.897
1	81.2447
1	101.621
1	92.1543
1	121.863
1	47.2666
1	159.645
1	56.4787
1	58.81
1	118.099
1	133.543
1	250.19
1	104.851
1	193.44
1	78.3289
1	145.008
1	160.803
1	89.8063
1	199.691
1	114.214
1	89.1261
1	60.2718
1	158.432
1	127.345
1	152.461
1	48.6819
1	78.4226
1	131.866
1	78.4073
1	66.4015
1	66.1822
1	138.513
1	159.947
1	113.157
1	125.306
1	62.7772
1	135.676
1	110.403
1	142.844
1	51.1687
1	57.3617
1	81.5721
1	96.3033
1	99.203
1	114.822
1	63.9816
1	75.4649
1	298.014
1	88.2476
1	212.204
1	122.253
1	88.1392
1	129.801
1	235.794
1	89.0819
1	45.2688
1	89.0962
1	64.237
1	93.5791
1	84.7988
1	168.629
1	89.6361
1	95.0613
1	114.999
1	75.0816
1	110.544
1	106.718
1	107.956
1	110.356
1	167.053
1	204.134
1	62.45
1	94.8831
1	86.5024
1	140.556
1	76.4369
1	62.8755
1	106.711
1	119.69
0	51.5982
1	169.247
1	101.503
1	149.973
1	63.9107
1	107.602
1	107.293
1	125.062
1	162.51
1	133.212
1	129.893
1	73.6497
1	167.555
1	74.3177
1	149.825
1	115.836
1	50.1949
1	48.8496
1	132.437
1	39.8673
1	109.419
1	151.855
1	78.0207
1	131.219
1	146.551
1	77.866
1	100.218
1	80.2158
1	81.6417
1	79.3649
1	77.8908
1	89.3949
1	69.1624
1	110.247
1	128.89
1	66.9907
1	100.289
1	121.281
1	177.792
1	133.533
1	148.784
1	77.0838
1	79.0238
1	98.1761
1	79.4652
1	109.916
1	129.907
1	176.971
1	149.606
1	134.279
1	76.4879
1	58.6262
1	64.691
1	58.3246
1	263.32
1	169.069
1	133.251
1	80.697
1	111.365
1	145.394
1	150.738
1	95.3852
1	47.3585
1	101.735
1	205.214
1	139.078
1	107.723
1	98.0993
1	136.981
1	72.5975
1	43.8521
1	176.404
1	67.7829
1	175.491
1	61.2401
1	147.752
1	100.342
1	77.4737
1	66.0021
1	131.688
1	116.423
1	53.7542
1	291.932
1	123.076
1	63.7029
1	82.4153
1	175.102
1	79.7335
1	39.6917
1	307.043
1	141.498
1	103.2
1	204.645
1	84.4063
1	106.64
1	69.1554
1	89.1443
1	89.345
1	233.464
1	82.8665
1	108.971
1	50.7528
1	136.539
1	168.36
1	90.752
1	76.9497
1	104.053
1	128.826
1	112.519
1	130.65
1	106.27
1	98.019
1	83.8094
1	66.009
1	67.9339
1	199.062
1	75.8793
1	100.393
1	138.924
1	143.53
1	163.101
1	181.415
1	111.238
1	113.443
1	272.495
1	92.0715
1	124.692
1	69.8138
1	46.0246
1	131.873
1	157.078
1	97.1687
1	118.377
1	99.5152
1	64.9424
1	183.312
1	52.0822
1	96.7797
1	99.5665
1	46.7145
1	55.5607
1	102.005
1	93.6398
1	79.0329
1	123.212
1	116.011
1	76.3375
1	71.3595
1	183.605
1	92.3501
1	132.415
1	70.4914
1	77.6337
1	105.682
1	106.592
1	82.2789
1	104.241
1	140.769
1	133.721
1	77.7538
1	106.968
1	84.5117
1	120.959
1	51.3349
1	147.049
1	94.8354
1	139.207
1	67.646
1	77.0011
1	71.6834
1	63.2471
1	52.4127
1	102.945
1	151.258
1	98.0586
1	95.0667
1	74.2993
1	284.359
1	58.5657
1	82.8508
1	211.223
1	218.878
1	133.604
1	98.9668
1	79.2476
1	127.441
1	120.157
1	97.2957
1	102.418
1	156.094
1	104.4
1	64.7798
1	92.359
0	31.0128
1	254.773
1	123.467
1	75.9023
1	42.5247
1	155.12
1	75.2063
1	95.6965
1	117.964
1	142.569
1	70.7346
1	63.6584
1	157.056
1	135.797
1	79.5977
1	116.45
1	79.2786
1	153.261
1	128.491
1	68.7224
1	113.555
1	129.348
1	116.62
1	197.786
1	143.269
1	93.7137
1	100.849
1	117.88
1	100.614
1	64.2494
1	56.4864
1	142.921
0	70.0525
1	123.943
1	78.6608
1	82.0564
1	63.0091
1	100.886
1	145.671
1	95.814
1	86.8148
1	120.902
1	101.041
1	136.423
1	80.4115
1	74.8133
1	50.8771
1	40.0932
1	122.301
1	123.257
1	85.0829
1	83.0695
1	178.756
1	44.0164
1	91.3016
1	115.134
1	88.545
1	152.821
1	142.213
1	96.5016
1	76.6325
1	153.61
1	156.807
1	117.946
1	46.6294
1	53.9659
1	77.7765
1	105.939
1	218.116
1	174.646
1	99.2803
1	86.236
1	241.253
1	89.4453
1	211.664
1	103.955
1	80.1906
1	123.922
1	113.914
1	82.2411
1	66.5367
1	99.6186
1	55.8724
1	146.098
1	176.344
1	42.5354
1	69.7656
1	49.2549
1	103.041
1	127.814
1	107.526
1	102.38
1	99.6676
1	43.4873
1	69.6441
1	80.2842
1	50.0843
1	123.093
1	97.0395
1	128.539
1	69.1688
1	151.078
1	150.927
1	133.857
1	111.896
1	41.0223
1	68.0687
1	108.013
1	70.9692
1	54.1006
1	58.8206
1	78.4999
1	91.227
1	52.3235
1	124.8
1	218.091
1	81.1732
1	117.42
1	44.7565
1	122.169
1	116.648
1	161.868
1	62.4259
1	88.5096
1	204.292
1	106.565
1	100.51
1	89.7398
1	73.8902
1	121.191
1	114.343
1	84.8276
1	121.538
1	141.554
1	74.3172
1	94.0949
1	119.183
1	86.3521
1	77.7688
1	76.7527
1	125.354
1	81.05
1	76.3797
1	32.4227
1	80.9512
1	54.5077
1	83.6242
1	67.3871
1	66.794
1	60.9171
1	182.252
1	157.736
1	184.38
1	93.5263
1	84.6255
1	121.062
1	116.157
1	78.3777
1	106.104
1	86.0132
1	131.152
1	84.2139
1	50.5952
1	197.28
1	94.7321
1	127.469
1	98.2455
1	60.0626
1	141.468
1	116.864
1	60.8906
1	83.443
1	214.179
1	147.827
1	76.2212
1	58.4631
1	84.5656
1	82.4849
1	176.412
1	50.3635
1	88.8176
1	118.972
1	160.431
1	55.2435
1	94.6471
1	167.516
1	267.602
1	86.4755
1	77.2754
1	103.575
1	53.198
1	81.6075
1	176.413
1	114.465
1	180.519
1	88.4402
1	121.973
1	76.3513
1	76.5747
1	185.072
1	133.772
1	88.045
1	60.1902
1	97.3634
1	121.92
1	103.963
1	132.9
1	84.4137
1	111.788
1	56.0683
1	84.7918
1	111.577
1	178.036
1	70.7021
1	141.928
1	76.132
1	49.0664
1	204.566
1	73.2119
1	87.5448
1	111.435
1	119.87
1	89.9216
1	142.362
1	84.0383
1	64.6151
1	82.6372
1	179.121
1	51.8759
1	139.251
1	177.019
1	45.3592
1	62.7725
1	168.769
1	60.0847
1	128.82
1	83.127
1	82.802
1	76.1572
1	105.873
1	167.644
1	61.7033
1	97.3672
1	109.538
1	161.219
0	165.451
1	80.0422
1	88.5664
1	253.245
1	83.0433
1	244.186
1	75.0921
1	160.898
1	135.129
1	130.702
1	76.4307
1	114.275
1	102.309
0	19.2572
1	150.698
1	111.568
1	232.277
1	89.9918
1	138.741
1	54.1544
1	114.829
1	115.363
1	76.0098
1	61.4807
1	134.276
1	94.9354
1	68.1441
1	72.8919
1	104.358
1	176.077
1	73.3467
1	29.3851
1	106.711
1	59.3348
1	134.59
1	75.6185
1	142.383
1	84.7532
1	168.906
1	122.075
1	77.8207
1	91.744
1	244.739
1	75.7752
1	48.2823
1	84.3439
1	187.093
1	109.734
1	45.5372
1	81.1147
1	66.7359
1	84.9562
1	32.3281
1	104.107
1	176.043
1	149.982
1	108.352
1	87.5728
1	124.301
1	167.314
1	180.108
1	139.411
1	154.87
1	141.139
1	97.2976
1	205.653
1	75.8127
1	194.531
1	164.795
1	63.5595
1	70.0706
1	106.05
1	75.1492
1	35.7007
1	156.827
1	100.432
1	132.134
1	147.812
1	102.9
1	67.2359
1	113.599
1	87.2737
1	176.548
1	116.099
1	99.9486
1	149.181
1	135.834
1	174.914
1	42.0647
1	71.3495
1	111.697
1	77.3458
1	85.1614
1	88.0542
1	114.852
1	69.6826
1	61.5581
1	195.242
1	50.4424
1	185.652
1	81.3912
1	95.155
1	101.581
1	103.352
1	64.7465
1	148.853
1	57.8244
1	187.201
1	86.2684
1	93.1741
1	68.4738
1	111.574
1	175.881
1	49.9636
1	55.4285
1	90.7071
1	84.5327
1	80.5892
1	175.422
1	94.924
1	109.542
1	113.657
1	199.992
1	78.3985
1	83.9179
1	84.7918
1	59.9144
1	127.28
1	132.148
1	97.6691
1	91.4032
1	299.855
1	119.101
1	59.1994
1	95.291
1	70.3522
1	129.286
1	153.956
1	97.4474
1	103.117
1	90.5445
1	129.205
1	85.5176
1	284.629
1	71.2125
1	68.7236
1	261.704
1	118.495
1	47.9672
1	115.484
1	145.843
0	13.605
1	67.8572
1	100.659
1	152.868
1	128.626
1	150.226
1	78.0122
1	80.4673
1	93.8517
1	80.4999
1	64.3758
1	77.2138
1	77.0826
1	89.9802
1	112.748
1	136.609
1	117.299
1	139.609
1	67.513
1	81.4799
1	69.9856
1	145.925
1	74.0746
1	81.3655
1	104.681
1	88.085
1	70.8574
1	63.9912
1	130.946
1	244.717
1	94.8362
1	140.598
1	197.768
1	71.8118
1	60.5603
1	111.975
1	156.771
1	179.557
1	101.896
1	62.444
1	153.417
1	129.046
1	145.373
1	83.991
1	77.9165
1	62.9514
1	139.431
1	75.2874
1	71.7559
1	168.592
1	64.0564
1	62.6667
1	141.429
1	74.1361
1	76.2326
1	102.964
1	114.082
1	97.4731
1	105.94
1	158.285
1	95.5279
1	137.902
1	132.495
1	85.6918
1	253.703
1	68.5607
1	144.53
1	56.9193
1	101.851
1	63.4428
1	194.373
1	90.388
1	334.325
1	134.69
1	112.847
1	43.7382
1	70.0557
1	128.352
1	149.407
1	92.7473
1	112.315
1	138.877
1	162.08
1	112.799
1	71.7867
1	113.361
1	199.629
1	59.6109
1	55.2191
1	62.8025
1	84.9973
1	118.204
1	106.95
1	64.798
1	231.009
1	106.752
0	47.693
1	66.7235
1	38.6023
1	192.316
1	135.01
1	86.8535
1	85.7352
1	126.892
1	68.3359
1	161.81
1	206.191
1	102.849
1	63.2585
1	39.9763
1	60.7083
1	111.022
1	249.466
1	150.582
1	142.985
1	52.2512
1	61.5628
1	139.458
1	116.338
1	66.8995
1	173.02
1	136.815
1	115.149
1	133.417
1	228.772
1	86.7721
1	68.1244
1	138.319
1	137.51
1	130.181
1	118.396
1	98.2283
1	95.2911
1	101.903
1	121.225
1	121.656
1	160.669
1	129.19
1	77.4707
1	179.229
1	108.09
1	134.222
1	183.495
1	80.3049
1	92.5
1	41.8682
1	141.301
1	69.5921
1	76.6078
1	212.526
1	114.308
1	53.5214
1	100.73
1	145.937
1	75.3069
1	130.803
1	102.035
1	164.901
1	76.0898
1	254.342
1	83.1176
1	79.2678
1	60.4966
1	166.001
1	92.5787
1	164.541
1	96.1569
1	159.558
1	121.791
1	58.0144
1	145.229
1	111.126
1	57.3216
1	101.063
1	86.6523
1	87.8975
1	112.402
1	71.4943
1	96.0092
1	69.5812
1	92.5283
1	56.4945
1	58.2968
1	176.604
1	68.2022
1	114.336
1	138.896
1	106.362
1	108.995
1	72.3869
1	86.2395
1	127.093
1	86.6825
1	43.3583
1	168.169
1	132.227
1	80.9192
1	109.816
1	145.628
1	98.2211
1	55.6806
1	81.0845
1	122.505
1	161.028
1	84.0724
1	199.199
1	78.3822
1	86.588
1	92.4993
1	102.587
1	78.8824
1	62.0691
1	80.646
1	227.107
1	41.9096
1	109.847
1	65.5841
1	109.642
1	57.5217
1	142.405
1	94.335
1	116.809
1	40.7857
1	85.5819
1	117.538
1	89.2078
1	146.841
1	87.0267
1	46.802
1	97.9081
1	77.323
1	83.8709
1	89.149
1	154.966
1	62.5734
1	74.4024
1	164.058
1	56.2966
1	119.913
1	77.0553
1	87.6039
1	103.278
1	67.7047
0	61.4684
1	165.011
1	175.014
1	76.4239
1	81.6812
1	221.612
1	172.794
1	90.0272
1	114.394
1	53.5535
1	155.848
1	60.3428
1	165.924
1	128.447
1	74.7963
1	200.248
1	75.6084
1	42.3959
1	259.998
1	147.423
1	162.036
1	67.6348
1	200.425
1	53.2668
1	146.193
1	64.442
1	170.623
1	131.938
1	39.5829
1	203.979
1	141.742
1	117.57
1	125.914
1	108.597
1	109.71
1	133.636
1	113.063
1	143.796
1	132.192
1	112.571
1	80.0071
1	81.845
1	76.952
1	55.7629
1	126.85
1	141.527
1	214.47
1	107.283
1	136.202
1	57.1542
1	253.395
1	38.5616
1	157.127
1	69.198
1	113.775
1	79.0578
1	62.1118
1	74.9915
1	106.601
1	144.742
1	82.8427
1	109.767
1	94.713
1	131.418
1	218.537
1	163.342
1	101.097
1	48.0751
1	138.059
1	192.995
1	162.108
1	345.693
1	107.55
1	97.4152
1	64.5134
1	116.932
1	191.542
1	73.9587
1	56.6641
1	187.153
1	94.5089
1	110.108
1	97.481
1	194.964
1	125
1	58.3026
1	133.467
1	63.3509
1	96.5178
1	73.9927
1	115.533
1	63.1653
1	159.239
1	112.938
1	141.983
1	108.432
1	134.371
1	79.7479
1	194.387
1	79.5751
1	57.5685
1	99.9275
1	101.998
1	148.987
1	94.0766
1	127.545
1	167.744
1	257.402
1	66.4775
1	131.416
1	60.4281
1	167.848
1	238.876
1	63.106
1	199.61
1	121.122
1	138.865
1	114.233
1	74.2019
1	40.3354
1	90.8298
1	231.729
1	132.888
0	14.3924
1	197.48
1	246.685
1	76.9563
1	83.4995
1	49.163
1	92.8134
1	147.472
1	57.0887
1	142.466
1	125.86
1	172.613
1	86.5128
1	121.403
1	113.736
1	112.459
0	13.3703
1	59.7341
1	93.7101
1	226.495
1	147.354
1	196.856
1	100.548
1	97.111
1	36.1725
1	77.4605
1	71.9498
1	95.276
1	108.481
1	153.229
1	126.467
1	51.2264
1	57.6
1	107.856
1	135.492
1	136.835
1	76.8429
1	126.651
1	255.99
1	115.743
1	200.548
1	149.934
1	105.995
1	65.4435
1	160.794
1	130.084
1	57.9514
1	103.612
1	87.5669
1	198.214
1	67.0438
1	263.355
1	145.36
1	81.2557
1	67.2616
1	87.7704
1	66.7387
1	126.559
1	79.7056
1	99.6634
1	140.463
1	100.727
1	146.738
1	107.726
1	51.2741
1	114.847
1	111.117
1	68.3518
1	76.1197
1	46.6134
1	105.626
1	232.441
1	105.879
1	171.828
1	368.026
1	93.6203
1	89.2984
1	157.319
1	128.359
1	161.49
1	236.744
1	106.244
1	72.0202
1	109.458
1	114.12
1	213.468
1	124.389
1	61.4525
1	107.531
1	196.612
1	141.33
1	73.8701
1	122.709
1	133.211
1	137.086
1	90.7569
1	218.198
1	66.3236
1	53.9642
1	83.327
1	92.1881
1	87.9643
1	154.623
1	95.0395
1	88.0236
1	81.007
1	178.544
1	77.0294
1	39.7836
1	75.5119
1	136.237
1	94.5029
1	57.7099
1	133.757
1	27.206
1	146.926
1	76.2353
1	68.209
1	73.5435
1	137.291
1	86.0455
1	61.4228
1	201.637
1	93.2193
1	57.3384
1	52.7332
1	137.016
1	150.15
1	123.67
1	100.976
1	107.782
1	76.252
1	145.44
1	120.957
1	155.701
1	53.4993
1	138.314
1	112.882
1	170.255
1	77.9608
1	155.291
1	78.9475
1	149.801
1	90.1916
1	216.533
1	97.474
1	107.42
1	127.374
1	73.8897
1	130.343
1	64.6327
1	206.772
1	79.1632
1	68.2825
1	52.5551
1	68.2256
1	94.5235
1	148.456
1	63.6337
1	111.646
0	10.719
1	77.481
1	73.2076
1	195.276
1	126.475
1	184.069
1	102.394
1	74.5118
1	129.216
1	106.433
1	143.762
1	223.133
1	132.644
1	66.6704
1	133.943
1	148.821
1	109.248
1	97.0865
1	94.4107
1	60.5741
1	182.971
1	137.595
1	162.388
1	155.187
1	135.693
1	77.1836
1	57.6821
1	69.0754
1	63.7028
1	89.4647
1	153.977
1	168.094
1	99.035
1	124.205
1	151.244
1	125.807
1	51.5784
1	138.972
1	65.1994
1	109.659
1	165.471
1	54.1778
1	85.9138
1	145.974
1	197.619
1	67.1546
1	95.4807
1	178.705
1	209.191
1	64.3167
1	122.055
1	144.34
1	113.868
1	66.2607
1	65.9493
1	87.868
1	106.237
1	82.8348
1	73.4098
1	202.384
1	74.777
1	164.145
1	90.2324
1	103.013
1	44.2196
1	77.8126
1	94.4175
1	227.385
1	239.799
1	85.2075
1	66.7241
1	148.707
1	42.8914
1	99.0198
1	158.291
1	73.4467
1	162.536
1	102.99
1	107.502
1	47.9495
1	155.436
1	153.157
1	58.3701
1	126.633
1	122.494
1	50.3177
1	82.9321
1	130.421
1	79.3259
1	89.345
1	141.338
1	80.7741
1	120.956
1	250.408
1	117.802
1	124.263
1	61.9642
1	88.1824
1	46.765
1	29.3812
1	54.9526
1	208.075
1	102.521
1	75.4047
1	53.2608
1	174.996
1	162.115
1	132.335
1	131.245
1	65.9278
1	53.5214
1	150.382
1	136.369
1	130.831
1	127.568
1	77.7401
1	193.336
1	60.0309
1	35.4376
1	107.528
1	153.562
1	85.7103
1	109.28
1	75.1659
1	200.282
1	85.0991
1	90.5264
1	59.7724
1	90.953
1	47.5337
1	87.9857
1	102.201
1	165.221
1	167.814
1	140.038
1	57.6025
1	56.1778
1	168.524
1	265.05
1	142.851
1	100.741
1	85.5798
1	96.5742
1	127.751
1	104.347
1	80.9646
1	119.913
1	61.6144
1	100.352
1	81.951
1	64.3597
1	66.0806
1	54.9458
1	138.887
1	136.502
1	61.8731
1	54.9574
1	70.4369
1	85.7762
1	175.916
1	99.0627
1	107.289
1	118.811
1	222.781
1	69.1628
1	57.2381
1	65.5436
1	86.5431
1	46.61
1	88.83
1	109.955
1	137.947
1	103.069
1	86.1819
1	135.741
1	80.8792
1	45.2025
1	76.3544
1	103.39
1	105.301
1	194.645
1	114.578
1	64.6813
1	218.549
1	229.703
1	87.7731
1	79.5738
1	84.2615
1	101.43
1	80.9201
1	120.506
1	104.888
1	86.0651
1	65.1387
1	58.2451
1	117.544
1	114.312
1	181.77
1	107.395
1	26.9627
1	71.4896
1	247.329
1	75.94
1	203.061
1	54.2041
1	67.5472
1	19.7667
1	171.466
1	98.2258
1	94.3069
1	52.4129
1	70.3686
1	80.2028
0	91.6969
1	174.078
1	114.727
1	90.76
1	99.7054
1	127.191
1	104.101
1	102.599
1	139.459
1	48.8988
1	126.109
1	87.5913
1	136.669
1	30.8035
1	78.275
1	253.262
1	76.9054
0	40.9031
0	48.2017
1	159.903
1	62.4562
1	111.157
1	103.238
1	66.2397
1	117.439
1	91.4058
1	124.878
1	78.0226
1	181.339
1	47.1551
1	136.834
1	76.4803
1	89.1483
1	113.36
1	107.77
1	92.8155
1	75.6049
1	109.315
1	206.371
1	115.06
1	30.7562
1	80.6095
1	140.098
1	97.892
1	359.007
1	100.655
1	114.89
1	99.8839
1	62.915
1	58.3503
1	86.2208
1	85.4281
1	100.331
1	90.8576
1	55.1604
1	108.363
1	62.043
1	30.9599
1	82.846
1	147.02
1	77.8923
1	183.414
1	59.8046
1	120.968
1	81.9526
1	109.637
1	140.971
1	96.5514
1	116.247
1	135.066
1	62.2012
1	114.937
1	95.5791
1	90.4851
0	73.2998
0	26.3356
1	80.2742
1	144.266
1	157.213
1	169.42
1	73.1635
1	74.6049
1	120.404
1	110.123
1	77.7063
1	84.2951
1	96.5263
1	52.7598
1	52.8382
1	112.058
0	8.33612
1	74.9076
1	150.7
1	88.8671
1	82.6854
1	108.652
1	123.107
1	71.5001
1	144.726
1	90.8009
1	122.955
1	160.342
1	75.5823
1	133.41
1	120.013
1	90.35
1	89.293
1	121.184
1	49.3522
1	45.9662
1	186.895
1	161.99
1	79.484
1	192.8
1	154.706
1	129.845
1	62.7919
1	72.0079
1	125.714
1	52.4107
1	95.4276
1	91.4454
1	90.054
1	123.405
1	94.5298
1	127.404
1	64.6673
1	31.809
1	147.022
1	235.688
1	221.565
1	142.048
1	194.533
1	77.6008
1	80.5323
1	107.14
1	61.0233
1	93.3026
1	42.3066
1	93.2407
1	160.705
1	189.513
1	103.986
1	142.316
1	32.9139
1	176.329
1	166.803
1	49.501
1	68.8511
1	64.3297
1	112.799
1	240.843
1	104.836
1	192.182
1	116.179
1	63.2106
1	113.484
1	37.5838
1	96.7585
1	129.488
1	144.592
1	153.757
1	63.1047
1	176.266
1	48.6983
1	99.7514
1	85.9482
1	71.7308
1	216.78
1	163.399
1	112.667
1	74.6982
1	90.8932
1	160.532
1	45.81
1	148.316
1	116.059
1	85.5278
1	70.5189
1	149.851
1	107.466
1	86.4691
1	109.721
1	120.673
1	149.768
1	115.661
1	44.5899
1	78.5553
1	75.975
1	115.23
1	98.9538
1	122.309
1	61.6095
1	91.9508
1	124.793
1	181.608
1	75.5143
1	197.214
1	254.955
1	104.259
1	111.643
1	49.3833
1	59.6187
1	94.4987
1	46.6523
1	92.0603
1	106.894
1	77.9566
1	210.742
1	49.4854
1	106.707
1	66.8773
1	99.584
1	71.5074
1	74.1606
1	79.6024
1	79.9816
1	151.566
1	98.3485
1	77.0641
1	203.457
1	171.48
1	169.81
1	62.435
1	147.635
1	125.657
1	92.2924
1	175.433
1	138.138
1	133.92
1	91.6003
1	67.7418
1	118.703
1	87.0039
1	87.5994
1	99.9515
1	182.208
1	159.859
1	132.86
1	185.722
1	203.12
1	127.839
1	54.2869
1	161.318
1	103.044
1	66.4414
1	197.698
1	82.9331
1	232.787
1	166.722
1	112.222
1	76.8293
1	64.0422
1	124.217
1	163.511
1	79.2885
1	57.7124
1	92.0573
1	129.291
1	101.59
1	79.6526
1	83.1955
1	100.895
1	65.7728
1	103.799
1	112.925
1	79.5261
1	155.596
1	86.3063
1	119.851
1	126.727
1	116.015
1	135.915
1	62.3511
1	183.554
1	112.197
1	193.363
1	108.632
1	106.78
1	126.796
1	106.54
1	132.677
1	95.8208
1	97.9511
1	148.195
1	124.645
1	60.5017
1	63.5999
1	85.2155
1	167.716
1	123.149
1	92.0027
1	66.6311
1	69.2955
1	134.809
1	118.976
1	80.179
1	124.846
1	118.448
1	78.1431
1	89.7661
1	130.443
1	88.0081
1	74.7998
1	59.7585
1	116.059
1	125.581
1	195.721
1	118.348
1	105.634
1	125.981
1	161.19
1	170.274
1	151.723
1	97.5154
1	62.199
1	265.322
1	87.6784
1	78.8072
1	189.678
1	55.9136
1	134.207
1	90.1062
1	98.4733
1	44.9297
1	86.6864
1	91.8995
1	51.7479
1	60.8007
1	64.4051
1	44.0328
1	73.4645
1	178.872
1	234.301
1	248.637
1	114.2
1	111.887
1	177.374
1	130.811
1	34.0807
1	47.4663
1	214.103
1	91.5077
1	64.1518
1	107.835
1	138.84
1	61.7817
1	130.132
1	156.933
1	78.0972
1	136.159
1	74.6115
1	123.402
1	108.708
1	95.6743
1	79.7806
1	60.9451
1	48.9315
1	153.705
1	86.2167
1	48.6435
1	115.795
1	111.983
1	130.082
1	39.7658
1	77.3506
1	76.0156
1	98.1632
1	105.684
1	146.5
1	86.5281
1	127.125
1	121.966
1	42.7318
1	153.907
1	52.2749
1	90.9624
1	98.8379
1	70.7109
1	230.467
1	64.2884
1	70.4579
1	145.244
1	50.3252
1	177.049
1	128.357
1	114.178
1	88.8105
1	109.626
1	131.041
1	74.2675
1	124.625
1	103.098
1	79.7894
1	152.674
1	85.7942
1	92.2856
1	59.584
1	66.1238
1	42.4286
1	107.314
1	81.0721
1	98.6099
1	87.7182
1	99.0475
1	107.362
1	76.0245
1	208.67
1	149.269
1	205.902
1	64.0124
1	126.692
1	266.684
1	73.7511
1	119.65
1	110.779
1	173.538
1	123.588
1	109.906
1	30.3429
1	147.721
1	78.6136
1	109.415
1	80.767
1	193.685
1	44.8805
1	68.4308
1	57.4101
1	141.447
1	124.08
1	174.099
1	113.43
1	81.2493
1	102.473
1	72.2346
1	134.138
1	197.935
1	156.248
1	154.862
1	101.507
1	60.6624
1	81.8592
1	63.3252
1	58.7255
1	128.735
1	107.287
1	149.225
1	89.1775
1	114.741
1	73.5617
1	71.6609
1	91.0495
1	92.5829
1	155.804
1	74.7201
1	66.2171
1	232.571
1	127.675
1	53.1627
1	188.796
1	378.594
1	103.504
1	102.79
1	85.58
1	88.924
1	109.31
1	290.781
1	82.08
1	162.563
1	143.812
1	207.538
1	129.053
1	179.983
1	164.228
1	119.381
1	77.617
1	91.9186
1	135.713
1	133.953
1	113.037
1	93.3879
1	105.843
1	181.296
1	104.151
1	111.503
1	114.179
1	78.1913
1	105.221
1	107.508
1	128.293
1	80.6304
1	167.246
1	87.7674
1	96.98
1	113.581
1	128.371
1	42.4351
1	117.198
1	141.675
1	107.97
1	116.204
1	87.5274
1	105.375
1	71.9864
1	77.8802
1	142.756
1	40.9556
1	110.909
1	44.6552
1	82.0037
1	85.748
1	36.5045
1	217.082
1	65.4419
1	133.172
1	81.5196
1	97.5036
1	69.2129
1	260.335
1	124.787
1	97.6469
1	94.5501
1	136.711
1	62.0061
1	51.0394
1	139.837
1	97.7226
1	105.296
1	90.244
1	35.9014
1	181.931
1	50.4148
1	136.532
1	136.434
1	94.8455
1	81.2357
1	119.149
1	121.077
1	86.5248
1	39.3391
1	160.664
1	123.008
1	73.1611
1	61.7913
1	187.837
1	185.064
1	119.517
1	197.832
1	202.703
1	94.1961
1	36.4686
1	104.214
1	71.8589
1	119.086
1	102.926
1	179.409
1	101.587
1	53.2057
1	227.058
1	62.226
1	132.551
1	130.135
1	49.7484
1	133.275
1	91.4749
1	135.9
1	132.353
1	82.7576
1	73.0098
1	99.6819
1	75.2329
1	156.439
1	364.572
1	50.9562
1	106.777
1	137.167
1	52.365
1	89.2465
1	79.4852
1	83.9058
1	110.846
1	82.0282
1	112.439
1	69.6877
1	76.2864
1	105.631
1	163.723
1	118.584
1	176.109
1	69.8859
1	41.3581
1	173.45
1	151.742
1	160.223
1	97.066
1	53.3991
1	146.253
1	30.9643
1	57.5008
1	70.388
1	156.408
1	195.441
1	85.4563
1	112.733
1	36.3432
1	39.6046
1	82.3042
1	42.1684
1	116.345
1	130.18
1	111.097
1	137.78
1	96.0876
1	96.9308
1	135.247
1	54.1154
1	63.71
1	171.503
1	44.9472
1	143.112
1	44.2778
1	153.634
1	62.996
1	108.715
1	73.4067
1	126.299
1	89.6841
1	111.561
1	63.0392
1	118.776
1	52.1188
1	126.682
1	72.0933
1	297.369
1	46.3192
1	129.164
1	128.017
1	166.987
1	92.1458
1	85.2744
1	123.57
1	123.508
1	166.494
1	56.3593
1	142.784
1	165.628
1	160.911
1	173.898
1	129.951
1	65.4693
1	89.9819
1	63.5449
1	60.8737
1	55.648
1	107.591
1	91.7027
1	147.062
1	45.7161
1	63.477
1	81.895
1	81.7043
1	139.959
1	118.805
1	65.8122
1	190.482
1	26.585
1	142.192
1	69.6067
1	143.04
1	265.555
1	68.1347
1	97.6098
1	143.09
1	77.3267
1	77.4089
1	121.348
1	212.584
1	94.6693
1	92.9371
1	136.278
1	115.855
1	115.337
1	89.2614
1	130.714
1	257.927
1	162.219
1	98.364
1	171.524
1	175.07
1	125.553
1	84.242
1	179.209
1	138.14
1	78.3898
1	95.6652
1	107.564
1	93.9159
1	103.253
1	123.649
1	71.773
1	126.381
1	108.332
1	136.054
1	160.983
1	88.5329
1	98.379
1	84.2031
0	24.6761
1	136.645
1	156.967
1	171.632
1	167.445
1	89.8858
1	79.9262
1	85.2528
1	89.8065
1	112.253
1	126.71
1	153.715
0	6.10578e-06
1	75.872
1	72.7114
1	80.3798
1	90.8099
1	148.689
1	137.131
1	143.528
1	154.371
1	137.969
1	123.777
1	90.8552
1	66.2032
1	77.2454
1	74.7989
1	82.0649
1	171.293
1	78.5229
1	127.324
1	221.085
1	130.853
1	142.263
1	67.2865
1	129.085
1	47.999
1	86.2738
1	257.34
1	59.5943
1	137.861
0	126.993
1	158.764
1	153.297
1	57.8292
1	186.353
1	147.098
1	66.0021
1	177.035
1	170.858
1	60.6332
1	137.257
1	106.691
1	90.9269
1	199.326
1	81.7435
1	76.3222
1	62.7449
1	90.8483
1	104.387
1	166.973
1	179.197
1	66.2288
1	80.0223
1	141.841
1	55.292
1	148.048
1	66.992
1	55.8787
1	151.779
1	89.935
1	115.805
1	101.306
1	64.0933
1	122.236
1	138.089
1	186.089
1	120.953
1	168.4
1	69.113
1	111.096
1	49.6664
1	113.764
1	197.427
1	138.608
1	132.476
1	47.5322
1	92.0718
1	61.555
1	145.836
1	108.541
1	277.855
1	96.2637
1	67.2664
1	58.5361
1	146.327
1	80.5867
1	44.1556
1	106.204
1	105.57
1	82.6378
1	124.881
1	107.382
1	109.139
1	129.662
1	138.999
1	42.7159
1	50.1963
1	223.584
1	52.5435
1	102.728
1	91.8145
1	113.955
1	107.414
1	112.548
1	123.098
1	110.463
1	45.3341
1	185.299
1	163.557
1	203.65
1	146.491
1	88.5815
1	115.182
1	146.029
1	87.6716
1	86.0553
1	166.859
1	73.2245
1	93.7536
1	172.324
1	87.7373
1	157.02
1	64.5069
1	107.689
1	116.937
1	104.171
1	131.987
1	67.8364
1	209.493
1	177.073
0	79.7055
1	92.1365
1	103.866
1	97.851
1	148.285
1	47.4185
1	86.4553
1	85.5455
1	51.4672
1	68.2037
1	76.8884
1	201.309
1	139.686
1	158.692
1	76.1464
1	116.185
0	74.7118
1	108.301
1	111.444
1	68.8757
1	81.0267
1	52.7326
1	95.4101
1	423.207
1	60.8602
1	104.202
1	94.1109
1	97.3913
1	67.7953
1	160.372
1	57.0949
1	59.3534
1	139.508
1	100.618
1	245.235
1	92.4188
1	55.4353
1	51.7084
1	83.5235
1	57.5061
1	84.8097
1	44.6766
1	202.092
1	93.9283
1	198.555
1	41.6305
1	72.6592
1	64.7145
1	53.8118
1	149.585
1	78.0911
1	171.217
1	64.2653
1	131.573
1	108.967
1	191.535
1	66.3647
1	60.3688
1	105.658
1	139.4
1	78.7859
1	114.594
1	131.53
1	65.0943
1	83.6052
1	70.8744
1	69.9668
1	130.384
1	64.5229
1	130.175
1	58.7975
1	123.184
1	82.7549
1	143.344
1	151.393
1	86.8664
1	82.3348
1	180.808
1	78.5757
1	38.1388
1	86.6877
1	90.2234
1	88.7579
1	86.6293
1	50.974
1	87.1478
1	134.251
1	77.8361
1	96.6657
1	102.437
1	152.994
1	65.8368
1	86.2685
1	143.55
1	73.262
1	123.51
1	35.9926
1	201.069
1	186.273
1	92.7758
1	77.9553
1	43.3367
1	60.1102
1	46.5492
1	90.5866
1	143.121
1	134.392
1	64.6278
1	72.8926
1	51.7228
1	119.917
1	110.275
1	76.6038
1	201.608
1	67.3467
1	78.4804
1	101.986
1	134
1	107.036
1	117.204
1	76.4248
1	234.127
1	108.699
1	91.5942
1	173.138
1	178.693
1	202.692
1	175.38
1	91.8539
1	126.576
1	147.328
1	57.2425
1	103.212
1	268.17
1	40.1009
1	194.471
1	88.8934
1	41.9198
1	78.1082
1	123.106
1	97.778
1	89.0812
1	46.5942
1	110.49
1	117.119
1	70.207
1	111.917
1	199.635
1	66.054
1	75.0735
1	307.962
1	97.7281
1	80.4608
1	105.036
1	80.3272
1	78.4129
1	74.2941
1	110.622
1	111.498
1	134.904
1	114.511
1	126.441
1	117.067
1	159.702
1	69.5609
1	97.8457
1	52.8094
1	145.475
1	246.204
1	71.7188
1	85.0559
1	193.491
1	91.5069
1	122.313
1	129.46
1	161.058
1	117.007
1	93.0953
1	103.942
1	240.875
1	130.596
1	151.771
1	87.4092
1	52.1151
1	63.7278
1	67.3881
1	94.265
1	111.584
1	57.6629
1	144.526
1	55.1924
1	73.4337
1	88.9977
1	97.3127
1	157.124
1	63.0254
1	40.6037
1	96.9351
1	238.994
1	88.7939
1	78.2988
1	136.994
1	202.919
1	122.385
1	61.8733
1	110.357
1	98.0309
1	107.569
1	76.9441
1	144.993
1	174.685
1	66.2354
1	80.95
1	80.1859
1	73.8151
1	114.976
1	95.3874
1	130.893
1	62.1388
1	104.381
1	74.5546
1	145.925
1	57.1955
1	61.5756
1	103.195
1	72.2326
1	74.7665
1	140.753
1	105.791
1	167.367
1	120.983
1	47.2656
1	200.823
1	150.093
1	106.063
1	123.267
1	144.768
1	75.0131
1	153.971
1	97.1782
1	111.39
1	85.4805
1	150.657
1	122.67
1	47.1201
1	162.774
1	128.93
1	234.172
1	129.219
1	113.276
1	99.8038
1	160.499
1	52.6474
1	135.336
1	39.7405
1	79.3035
1	81.6183
1	121.364
1	55.9973
1	93.6838
1	109.071
1	97.0801
1	79.4799
1	83.6205
1	145.128
1	72.6945
1	127.084
1	77.4993
1	63.4597
1	56.2884
1	100.484
1	240.772
1	180.479
1	60.0123
1	58.1294
1	186.226
1	65.8022
1	76.3884
1	232.489
1	94.2663
1	306.655
1	167.971
1	118.816
1	70.021
1	85.9191
1	52.1999
1	135.884
1	117.679
1	68.8435
1	89.571
1	137.271
1	124.433
1	79.5669
1	152.149
1	150.088
1	121.672
1	46.9581
1	71.9633
1	182.945
1	149.784
1	128.945
1	97.2067
1	209.251
1	59.5174
1	104.278
1	119.583
1	73.556
1	180.296
1	121.076
1	88.7984
1	111.2
1	178.685
1	104.616
1	85.4859
1	62.7167
1	79.0519
1	56.1995
1	170.899
1	94.6558
1	45.2149
1	101.911
1	88.2374
1	63.7724
1	78.2149
1	59.576
1	250.196
1	119.502
1	196.312
1	74.2769
1	115.376
1	65.5456
1	54.2277
1	232.668
1	108.037
1	116.265
1	96.8836
1	52.9902
1	197.953
1	73.7406
1	58.8068
1	84.406
1	70.2368
1	70.98
1	80.6403
1	119.88
1	35.7804
1	123.892
1	107.265
1	152.929
1	134.199
1	232.139
1	104.711
1	31.435
1	75.9952
1	83.4638
1	168.264
1	72.7401
1	165.016
1	149.962
1	163.131
1	162.269
1	130.809
1	65.7162
1	60.6211
1	191.394
1	58.5484
1	99.9837
1	159.007
1	195.937
1	119.433
1	114.423
1	98.7185
1	154.095
1	119.081
1	116.297
1	47.5546
1	108.433
1	81.3141
1	59.4138
1	200.383
1	126.497
1	132.843
1	115.668
1	137.558
1	81.4641
1	140.203
1	124.562
1	179.546
1	132.676
1	81.1663
1	107.946
1	92.9965
1	74.4575
1	132.418
1	71.2404
1	128.797
1	112.59
1	110.158
1	87.1778
1	103.304
1	114.707
1	84.9549
1	50.1665
1	49.9011
1	106.744
1	53.3272
1	116.686
1	130.692
1	115.386
1	222.655
1	123.121
1	116.982
1	123.718
1	35.2528
1	111.151
1	198.73
1	113.882
1	260.347
1	62.662
1	191.576
1	47.488
1	77.8059
1	167.395
1	76.4351
1	110.276
1	87.674
1	132.887
1	27.8152
1	147.279
1	45.695
1	114.95
1	82.8491
1	124.889
1	66.9409
1	102.268
1	104.343
1	68.2581
1	59.7674
1	152.926
1	72.7173
1	124.634
1	199.339
1	78.571
1	86.5267
1	173.862
1	84.7971
1	227.65
1	428.498
1	154.028
1	91.8141
1	158.551
1	36.8729
1	100.48
1	103.768
1	87.5547
1	196.333
1	49.8192
1	203.724
1	71.8612
1	141.272
1	89.3027
1	122.11
1	71.2661
1	138.316
1	95.6154
1	74.0837
1	108.286
1	109.403
1	97.0373
1	93.0265
1	136.677
1	101.102
1	129.941
1	92.2089
1	105.092
1	180.517
1	69.8797
1	87.516
1	204.118
1	54.5336
1	197.302
1	139.856
1	92.0221
1	51.29
1	62.4728
1	170.204
1	120.585
1	74.8592
1	140.166
1	149.863
1	87.7413
1	161.327
1	113.262
1	186.806
1	140.292
1	87.1874
1	104.01
1	147.738
1	108.45
1	185.886
1	78.439
1	60.2915
1	98.0021
1	63.5885
1	69.6117
1	91.8139
1	163.533
1	97.72
1	108.898
1	75.6536
1	64.2232
1	36.9926
1	96.5222
1	197.438
1	78.4039
1	127.705
1	141.1
1	88.6813
1	92.6967
1	91.903
1	175.911
1	113.908
1	91.7458
1	156.116
1	86.1846
1	77.1157
1	45.8502
1	97.7816
0	33.093
1	84.1311
1	68.1115
1	105.148
1	171.681
1	125.402
1	124.065
1	54.803
1	107.641
1	70.2797
1	65.9223
1	126.376
1	74.3158
1	53.3854
1	97.7068
1	81.4056
1	107.536
1	63.4
1	86.6775
1	71.2609
1	93.0151
1	91.9571
1	69.6189
1	77.891
1	94.6758
1	84.5748
1	174.085
1	144.242
1	73.7972
1	135.98
1	91.9527
1	105.584
1	174.469
1	87.8684
1	256.667
1	74.7396
1	126.84
1	66.5013
1	92.224
1	97.5969
1	92.4757
1	82.5153
1	70.6277
1	201.601
1	171.818
1	107.294
1	150.046
1	141.168
1	165.388
1	106.789
1	31.9056
1	223.158
1	60.2839
1	62.499
1	88.5821
1	89.4659
1	116.386
1	80.7649
1	97.9467
1	144.415
1	84.9604
1	102.6
1	76.5796
1	89.878
1	125.456
1	132.507
1	87.0648
1	59.4759
1	67.1622
1	115.581
1	65.0955
1	156.37
1	28.1377
1	91.0236
1	115.149
1	72.0918
1	100.65
1	88.7594
1	177.931
1	95.6497
1	103.859
1	176.002
1	54.0928
1	116.701
1	110.059
0	28.7969
1	82.7952
1	86.0415
1	165.81
1	160.37
1	142.973
1	132.837
1	99.7323
1	170.893
1	99.0341
1	179.037
1	177.019
1	118.712
1	87.3917
1	132.251
1	133.399
1	116.536
1	113.034
1	222.433
1	118.86
1	92.0793
1	97.7183
1	171.021
1	111.623
1	72.1979
1	61.8673
1	35.2465
1	117.778
1	243.538
1	201.565
1	76.3308
1	112.43
1	132.786
1	74.4344
1	110.218
1	104.699
1	159.41
1	43.5
1	41.5444
1	121.166
1	56.478
1	75.2832
1	65.1656
1	58.2515
1	116.918
1	117.103
1	83.492
1	89.3493
1	87.917
1	124.86
1	234.619
1	82.2103
1	81.961
1	103.283
1	108.114
1	128.64
1	76.4428
1	50.5778
1	128.451
1	81.6761
1	114.23
1	91.1193
1	85.981
1	233.917
1	84.3035
1	81.6017
1	91.895
1	201.989
1	199.733
1	99.5638
1	100.108
1	82.3524
1	96.2278
1	56.4798
1	117.63
1	64.978
1	133.04
1	173.112
1	72.3657
1	81.2576
1	65.4821
1	51.2896
1	128.43
0	34.0395
1	66.5714
1	145.724
1	41.7645
1	150.293
1	164.378
1	175.526
1	88.4604
1	52.5729
1	173.791
1	137.958
1	110.277
1	142.067
1	124.099
1	139.874
1	220.249
1	162.297
1	102.112
1	59.5286
1	66.103
1	95.2501
1	265.175
1	102.345
1	115.96
1	186.067
1	123.056
1	107.329
1	130.377
1	159.204
0	31.4216
1	125.759
1	121.974
1	122.858
1	211.833
1	166.761
1	67.8329
1	91.2656
1	106.607
1	171.581
1	59.9856
1	101.795
1	119.565
1	141.251
1	137.388
1	70.8046
1	167.764
1	125.654
1	96.9981
1	83.3179
1	71.9431
1	94.0998
1	230.933
1	60.7356
1	141.23
1	92.285
1	128.585
1	136.632
1	130.974
1	122.964
1	145.524
1	188.186
1	161.146
1	65.9403
1	89.9062
1	99.7237
1	128.496
1	57.9671
1	269.364
1	87.6882
1	85.5601
1	150.444
1	140.982
1	165.904
1	108.379
1	197.339
1	79.4375
1	109.976
1	133.317
1	120.633
1	82.0597
1	156.805
1	74.2712
1	135.851
1	99.0168
1	83.4621
1	153.916
1	78.8672
1	133.771
1	96.8719
1	54.6866
1	69.3917
1	186.932
1	74.6734
1	105.227
1	123.54
1	79.9836
1	165.157
1	164.881
1	175.326
1	110.164
1	155.155
1	124.834
1	103.348
1	102.054
1	79.8202
1	140.294
1	25.0752
1	108.506
1	195.754
1	151.147
1	40.2813
1	82.2106
1	58.7109
1	55.203
0	46.0465
1	69.0964
1	57.9992
1	59.5737
1	208.745
1	91.8234
1	136.92
1	139.013
1	98.2248
1	72.6475
1	164.589
1	82.2346
1	88.5095
1	94.3609
1	72.9021
1	69.713
1	186.574
1	107.686
1	93.9332
1	203.2
1	100.409
1	97.8875
1	82.8117
1	102.074
1	83.7212
1	74.4257
1	154.268
1	74.0219
1	186.76
1	177.792
1	81.3842
1	42.8438
1	101.72
1	57.5296
1	141.04
1	112.301
1	178.769
1	261.008
1	92.7312
1	124.242
1	115.975
1	152.524
1	88.7555
1	72.896
1	87.6579
1	227.935
1	77.3399
1	126.067
1	94.5128
1	82.329
1	106.384
1	118.502
1	147.806
1	103.218
1	106.605
1	79.4058
1	115.995
1	172.708
1	72.1585
1	58.3171
1	159.531
1	112.091
1	177.89
1	97.0347
1	126.939
1	100.43
1	53.1845
1	87.3824
1	149.353
1	119.896
1	107.063
1	77.8383
1	68.5975
1	153.973
1	54.0117
1	188.929
1	93.2184
1	35.9166
1	63.7314
1	51.1544
1	118.282
1	59.6014
1	329.476
1	121.184
1	109.603
1	65.2053
1	117.737
1	91.0409
1	120.853
1	68.8619
1	219.164
1	168.807
1	113.177
1	126.813
1	118.297
1	138.811
1	104.823
1	99.3744
0	7.06909
1	117.348
1	62.5635
1	53.777
1	103.774
1	106.722
1	56.2186
1	119.064
1	215.701
1	152.624
1	63.0546
1	122.52
1	69.3427
1	92.5035
1	170.119
1	116.173
1	147.817
1	44.119
1	126.495
1	87.7101
1	76.0032
1	78.6262
1	72.2514
1	38.5968
1	58.7477
1	144.766
1	108.945
1	137.641
1	223.829
1	49.6214
1	126.648
1	57.7272
1	114.652
1	107.237
1	192.743
1	119.064
1	93.0076
1	132.81
1	126.292
1	177.969
1	45.1814
1	128.269
1	79.8123
1	113.826
1	165.581
1	184.96
1	102.994
1	119.107
1	112.719
1	157.961
1	51.688
1	94.4796
1	163.278
1	250.265
1	61.9408
1	93.0604
1	104.479
1	82.9557
0	13.8231
1	125.754
1	86.2835
1	120.441
1	99.2743
1	103.593
1	144.027
1	86.5236
1	133.11
1	75.9794
1	85.7467
1	57.7667
1	68.0114
1	104.957
1	76.2655
1	87.0295
1	66.5285
1	142.689
1	100.586
1	46.6323
1	72.3975
1	54.2709
1	127.74
1	118.98
1	44.4286
1	160.731
1	106.069
1	88.7582
1	145.312
1	154.89
1	163.512
1	294.094
1	93.0157
1	114.7
1	99.6586
1	76.4268
1	64.7025
1	130.281
1	125.255
1	178.105
1	78.0931
1	158.978
1	111.697
1	112.448
1	59.4717
1	95.4875
1	106.198
1	105.297
1	66.8338
0	5.35746
1	200.526
1	64.7974
1	136.464
1	37.1463
1	158.95
1	138.467
1	135.938
1	70.9965
1	62.3066
1	120.181
1	120.931
1	124.221
1	168.466
1	186.576
1	177.286
1	110.685
1	34.2988
1	115.311
1	117.691
1	90.9535
1	124.687
1	167.813
1	109.51
1	111.869
1	90.4798
1	123.316
1	74.2898
1	82.0757
1	121.339
1	84.9462
1	74.6673
1	89.3527
1	82.8237
1	134.095
1	140.883
1	162.926
1	141.168
1	96.3408
1	120.34
1	189.851
1	90.0688
1	49.0563
1	132.913
1	59.4928
1	92.4849
1	89.7934
1	124.347
1	108.173
1	45.3995
1	127.945
1	158.969
1	51.3945
1	112.853
1	265.579
1	137.372
1	119.603
1	51.1447
1	154.37
1	55.9999
1	70.7157
1	152.327
1	105.701
1	106.015
1	147.929
1	247.489
1	74.8385
1	138.619
1	152.292
1	76.9024
1	41.7579
1	119.12
1	107.881
1	117.443
1	103.476
1	38.5755
1	149.251
1	66.5111
1	104.347
1	168.333
1	114.279
1	37.2424
1	118.812
1	91.4855
1	97.3123
1	57.4735
1	142.379
1	168.579
1	83.6717
1	144.45
1	151.079
1	51.7864
1	74.7962
1	266.446
1	48.2191
1	63.8339
1	120.615
1	114.551
1	125.959
1	110.551
1	54.0269
1	72.0102
1	151.052
1	54.6136
1	97.7939
1	166.511
1	69.9405
1	229.759
1	111.228
1	117.384
1	134.399
1	74.8549
1	75.7651
1	108.182
1	138.825
1	86.3702
1	161.702
1	148.118
1	71.1785
1	60.5337
1	70.9282
1	98.9413
1	184.301
1	75.4804
1	87.3276
1	121.394
1	147.678
1	80.1588
1	49.4251
1	68.3281
1	97.8326
1	154.814
1	238.434
1	71.5422
1	83.3757
1	107.753
1	249.227
1	78.1251
1	67.2623
1	150.494
1	134.462
1	104.618
1	56.0028
1	121.739
1	130.21
1	135.283
1	158.029
1	165.557
1	116.725
1	85.6032
1	64.9151
1	99.1846
1	62.7753
1	130.384
1	63.7998
1	83.1163
1	71.0573
1	95.1367
1	136.143
1	149.333
1	152.156
1	74.9333
1	143.273
1	75.5691
1	87.9552
1	95.8265
1	44.4316
1	137.217
1	97.7026
1	230.794
1	119.413
1	141.563
1	87.0674
1	52.9556
1	73.1241
1	249.427
1	144.91
1	64.4542
1	82.0047
1	115.916
1	121.03
0	3.94796
1	78.1713
1	69.2194
1	72.5424
1	50.8801
1	99.3694
1	201.441
1	168.373
1	189.686
1	89.587
1	133.965
0	165.329
1	66.0065
1	190.646
1	122.566
1	43.287
1	133.6
1	106.778
1	55.5872
1	77.4931
1	171.881
1	125.701
1	83.1612
1	90.2212
1	126.828
1	60.4943
1	99.9492
1	139.066
1	97.7858
1	197.414
1	105.305
1	109.336
1	145.901
1	36.4253
1	178.81
1	97.7006
1	80.3786
1	233.89
1	99.4333
1	80.7312
1	87.9555
1	68.9411
1	108.743
1	164.909
1	152.759
1	87.5256
1	100.287
1	120.359
1	88.7107
1	201.649
1	89.37
1	88.1288
1	41.8658
1	102.167
1	70.453
1	104.879
1	190.518
0	1.82637
1	77.0926
1	143.87
1	114.5
1	134.944
1	155.116
1	49.1068
1	85.0006
1	88.6615
1	95.0684
1	158.47
1	119.604
1	97.2357
1	130.462
1	70.0802
1	165.719
1	39.4079
1	147.055
1	172.544
1	86.291
1	160.743
1	164.987
1	129.199
1	157.969
1	185.618
1	106.927
1	91.3354
1	129.222
1	95.0703
1	115.932
1	151.902
1	108.598
1	64.7013
1	237.103
1	109.832
1	122.124
1	232.079
1	155.881
1	162.222
1	96.9094
1	111.021
1	53.4982
1	55.6606
1	211.558
1	96.5318
1	163.81
1	97.1043
1	89.9965
1	85.7971
1	82.3561
1	96.3086
1	50.0024
1	93.5195
1	98.1572
1	146.983
1	150.22
1	157.461
1	78.8161
1	149.947
1	125.671
1	126.253
1	117.516
1	88.3401
1	108.511
1	108.323
1	79.3689
1	182.86
1	98.917
1	100.083
1	213.757
1	117.807
1	162.271
1	105.246
1	124.525
1	34.8393
1	73.7264
1	109.86
1	119.731
1	156.063
1	167.799
1	128.417
1	243.893
1	109.554
1	141.944
1	74.8736
1	59.3453
1	61.502
1	305.793
1	94.153
1	106.073
1	58.7911
1	91.7679
1	185.526
1	187.886
1	113.737
1	66.7784
1	144.111
1	118.853
1	66.6027
1	164.076
1	169.18
1	90.5463
1	134.429
1	109.246
1	100.88
1	70.7848
1	96.0805
1	146.032
1	75.7646
1	33.2681
1	85.5932
1	61.5046
1	76.7721
1	195.594
1	128.879
1	158.098
1	88.9904
1	96.1897
1	149.984
1	231.767
1	112.838
1	110.472
1	45.1286
1	86.0848
1	76.4703
1	37.894
1	105.636
1	76.1884
1	188.331
1	27.5871
1	80.6405
1	92.6439
1	44.025
1	86.1882
1	105.113
1	64.2719
1	82.2522
1	63.2408
1	51.6489
1	73.0671
1	134.672
1	262.354
1	135.754
1	120.488
1	62.415
1	126.228
1	131.722
1	129.644
1	118.299
1	57.0875
1	86.2997
1	106.512
1	146.314
1	128.421
1	93.2679
1	333.735
1	92.1536
1	83.8912
1	43.8237
1	115.367
1	132.81
1	160.443
1	124.895
1	119.963
1	60.2079
1	107.044
1	169.821
1	167.884
1	196.194
1	100.158
1	112.222
1	110.476
1	81.8968
1	97.9844
1	103.958
1	80.9893
1	137.556
1	89.1555
1	89.772
1	77.1508
1	38.2695
1	145.809
1	45.957
1	86.072
1	97.4043
1	173.638
1	74.8747
1	281.441
1	60.2363
1	195.361
1	176.75
1	97.1331
1	224.414
1	76.8615
1	104.108
1	47.8107
1	153.992
1	76.4332
1	85.414
1	143.817
1	58.9831
1	67.5529
1	69.7612
1	91.8429
1	147.44
1	139.204
1	307.137
1	173.966
1	173.943
1	88.5356
0	76.0628
1	59.4877
1	57.1196
1	97.5171
1	75.976
1	84.7421
1	81.2885
1	111.215
1	75.291
1	114.919
1	95.8147
0	69.6281
1	230.635
1	64.6284
1	172.601
1	69.6915
1	84.3903
1	111.9
1	55.4855
1	75.1277
1	202.772
1	188.35
1	94.389
1	123.041
1	57.8655
1	55.4846
1	84.0915
1	81.7343
1	99.1793
1	119.916
1	82.1233
1	83.6662
1	69.4761
1	90.2134
1	195.193
1	57.3856
1	83.3876
1	121.001
1	91.9196
1	74.9229
1	78.698
1	135.537
1	47.1667
1	152.921
1	155.011
1	60.4125
1	109.512
1	54.9906
1	68.3138
1	111.546
1	117.033
1	111.301
1	67.5064
1	144.899
1	70.3436
1	41.0141
1	73.9281
1	41.7389
1	120.365
1	50.138
1	66.2879
1	98.5891
1	62.9817
1	91.4253
1	124.691
1	134.969
1	55.6195
1	117.694
1	45.0133
1	101.742
1	337.006
1	106.524
1	66.4949
1	61.362
1	76.895
1	83.449
1	72.2427
1	91.7866
1	52.4296
1	192.545
1	109.738
1	133.458
1	59.2123
1	149.312
1	80.9468
1	174.203
1	125.688
1	109.755
1	54.5142
1	140.964
1	122.519
1	127.544
1	99.8784
1	101.777
1	93.4287
1	48.7039
1	168.433
1	138.201
1	93.5246
1	67.3342
1	86.8373
1	113.055
1	127.299
1	240.418
1	51.2299
1	59.961
1	120.909
1	118.798
1	86.3326
1	67.0659
1	113.19
1	84.3951
1	109.81
1	152.451
1	237.541
1	84.8196
1	114.265
1	459.404
1	196.708
1	215.698
1	47.6215
1	114.123
1	169.686
1	116.628
1	86.7975
1	117.515
1	122.195
1	191.035
1	64.5723
1	103.493
1	106.21
1	51.3134
1	63.1776
1	74.6298
1	107.711
1	95.3583
1	84.9986
1	185.471
1	65.3881
1	148.718
1	70.4269
1	144.218
1	28.7721
1	136.633
1	126.478
1	138.553
1	139.616
1	114.129
1	65.0858
1	129.399
1	66.2151
1	78.94
1	62.4883
1	142.045
1	273.618
1	50.6763
1	68.3045
1	141.897
1	86.0742
1	145.113
1	89.7925
1	106.505
1	94.7665
1	176.585
1	118.683
1	148.147
1	105.182
1	79.3171
1	85.7074
1	80.6342
1	92.2299
1	91.1122
1	182.489
1	88.5369
1	90.1864
1	82.8455
1	153.689
1	122.719
1	85.8857
1	114.305
1	104.492
1	107.347
1	164.919
1	175.425
1	282.107
1	40.0084
1	88.7752
1	176.876
1	159.695
1	77.2349
1	90.1467
1	72.6322
1	78.0149
1	88.9439
1	118.104
1	110.137
1	82.8504
1	138.08
1	60.9907
1	148.58
1	95.3534
1	83.3702
1	82.5373
1	121.826
1	135.272
1	106.669
1	58.9268
1	224.434
1	50.0871
1	138.282
1	110.125
1	37.948
1	98.2714
1	129.778
1	140.542
1	120.605
1	50.1313
1	60.5733
1	55.9131
1	192.658
1	135.334
1	68.6137
1	68.5491
1	59.1321
1	58.5917
1	106.776
1	95.5739
1	33.5926
1	78.7746
1	108.528
1	55.1488
1	87.4744
1	98.54
1	145.173
1	144.231
1	83.2318
1	134.386
1	96.2581
1	151.205
1	65.4796
1	166.393
1	122.859
1	106.744
1	111.581
1	46.5629
1	60.4435
1	101.898
1	152.99
1	249.496
1	119.946
1	64.2484
1	43.7412
1	41.3416
1	53.0225
1	186.055
1	125.446
1	83.1838
1	89.5613
1	63.4774
1	127.711
1	75.8595
1	91.0137
1	90.0083
1	92.1103
1	112.612
1	108.42
1	193.795
1	46.0513
1	77.5911
1	119.075
1	112.1
1	62.4319
1	198.419
1	155.993
1	95.1393
0	19.4769
1	72.7657
1	122.466
1	97.9366
1	147.664
1	88.6278
1	136.997
1	103.657
1	67.635
1	112.43
1	105.019
1	108.448
1	183.79
1	155.456
1	75.6941
1	238.768
1	61.5434
1	94.5799
1	90.4695
1	72.3557
1	70.2138
1	82.9863
1	147.301
1	65.5532
1	178.874
1	69.2891
1	62.0049
1	74.9469
1	46.8126
1	62.4733
1	104.792
1	42.0359
1	84.8571
1	81.463
1	23.2606
1	78.1652
1	63.9416
1	190.875
1	167.328
1	91.9692
1	107.194
1	68.8075
1	89.8338
1	111.638
1	81.2757
1	89.1115
1	93.6856
1	194.48
1	66.0585
1	96.9529
1	103.338
1	117.295
1	129.004
1	102.2
1	80.6515
1	196.982
1	161.478
1	71.9411
1	115.302
1	79.5322
1	76.1925
1	75.0895
1	191.213
1	79.8912
1	100.908
1	123.782
1	71.8378
1	128.544
1	82.136
1	171.367
1	81.9161
1	199.794
1	157.135
1	93.7686
1	71.4104
1	81.5514
1	98.1034
1	133.667
1	96.5621
1	103.165
1	108.566
1	134.675
1	82.2304
1	186.181
1	121.458
1	180.084
1	82.7557
1	74.7817
1	71.1563
1	102.813
1	125.558
1	83.3089
1	121.836
1	129.496
1	71.1861
1	67.3069
1	120.062
1	88.2237
1	72.1831
1	194.256
1	152.763
1	81.7992
1	92.0248
1	77.8853
1	135.682
1	111.159
1	126.964
1	62.0773
1	117.745
1	144.634
1	174.349
1	113.345
1	99.1708
1	226.636
1	64.6309
1	83.659
1	218.651
1	373.831
1	117.033
1	181.446
1	197.396
1	135.398
1	126.109
1	84.056
1	63.1893
1	47.2633
1	94.6727
1	219.965
1	170.74
1	98.2631
1	94.752
1	99.206
1	53.5753
1	80.21
1	89.0671
1	106.359
1	86.2262
1	135.194
1	55.4217
1	207.177
1	140.635
1	83.8672
1	67.5265
1	116.638
0	27.8816
1	149.027
1	149.659
1	107.961
1	52.958
1	114.328
1	105.305
1	71.3865
1	75.339
1	172.894
1	129.64
1	57.1077
1	209.882
1	52.2606
1	132.701
1	112.765
1	163.078
1	96.3589
1	59.9566
1	171.449
1	277.594
1	92.3609
1	132.066
1	108.877
1	135.242
1	94.309
1	63.34
1	89.3662
1	261.645
1	92.6488
1	66.6531
1	97.2181
1	109.446
1	170.266
1	85.3497
1	95.7824
1	65.3474
1	30.4071
1	96.6675
1	141.345
1	167.798
0	32.5314
1	129.549
1	145.804
1	49.3659
1	45.4882
1	81.3907
1	128.125
1	158.564
1	68.7734
1	129.264
1	123.553
1	81.0595
1	66.9518
1	79.0984
1	91.6001
1	133.836
1	51.9217
1	107.484
1	118.996
1	122.779
1	227.784
1	81.5872
1	117.895
1	91.6863
1	119.126
1	137.526
1	116.077
1	63.7811
1	188.846
1	53.05
1	42.6346
1	126.575
0	1.89638
1	105.62
1	63.2756
1	171.965
1	86.8073
1	114.159
1	95.6632
1	106.161
1	126.678
1	130.467
1	96.3346
1	80.304
1	106.405
1	89.917
1	125.252
1	92.9462
1	124.158
1	123.361
1	95.801
1	52.7687
1	148.895
1	134.005
1	168.187
1	115.632
1	104.283
1	75.2036
1	130.789
1	197.964
1	37.8374
1	130.561
1	204.887
1	108.11
1	115.963
1	110.504
1	83.7794
1	99.8939
1	47.7535
1	125.385
1	73.5868
1	71.2916
1	56.1543
1	79.825
1	110.129
1	175.568
1	41.7594
1	52.4692
1	101.699
1	186.421
1	144.54
1	103.129
1	83.5571
1	138.112
1	137.286
1	98.772
1	165.122
1	132.125
1	98.7977
1	78.4994
1	121.89
1	28.0789
1	106.206
1	94.7375
1	117.638
1	63.2044
1	82.5313
1	95.7443
1	199.894
1	134.104
1	45.687
1	123.215
1	106.244
1	147.212
1	172.083
1	90.6891
1	90.7306
1	61.1683
1	114.491
1	107.047
1	108.357
1	62.0298
1	200.34
0	24.7473
1	221.561
1	169.348
1	119.665
1	66.5882
1	47.2972
1	102.842
1	67.8048
1	93.4532
1	52.9252
1	88.751
1	64.9207
1	104.511
1	104.255
1	56.0215
1	75.5839
1	58.865
1	101.952
1	79.6599
1	102.849
1	143.256
1	83.783
1	130.921
1	120.391
1	224.557
1	96.2505
1	83.541
1	330.826
1	90.216
1	73.1413
1	170.606
1	115.01
1	57.5904
1	121.347
1	120.417
1	164.524
1	90.5756
1	82.6572
1	169.314
1	105.751
1	60.1543
1	197.123
1	70.9019
1	129.826
1	96.4444
1	126.569
1	102.26
1	46.1092
1	33.7829
1	152.692
1	121.414
1	71.0427
1	77.4611
1	88.1472
1	111.368
1	105.167
1	98.373
1	68.067
1	52.6344
1	101.078
1	115.451
1	53.82
1	63.5876
1	55.271
1	144.885
1	78.1021
1	247.418
1	84.4082
1	46.6292
1	98.2471
1	49.9676
1	70.6069
1	206.938
1	101.695
1	162.065
1	192.013
1	97.639
1	181.418
1	92.8693
1	58.4112
1	86.1511
1	82.3783
1	83.9392
1	110.385
1	107.181
1	63.861
1	124.3
1	78.4742
1	60.4145
1	66.4249
1	108.735
1	248.48
1	79.989
1	106.969
1	125.254
1	119.865
1	150.594
1	96.6631
1	98.6084
1	90.2402
1	267.134
1	77.8016
1	107.106
1	91.6503
1	97.6187
1	117.988
1	56.6032
1	121.643
1	130.207
1	116.534
1	223.007
1	122.164
1	92.8345
1	104.343
1	108.553
1	35.8523
1	80.1704
1	70.4304
1	104.46
1	74.5284
1	165.79
1	96.3027
1	95.6003
1	117.972
1	109.031
1	98.0372
1	143.734
1	49.154
1	245.947
1	128.752
1	142.951
1	50.0167
1	106.953
1	66.5835
1	113.831
1	84.5538
1	155.884
1	30.4393
1	266.71
1	141.957
1	94.3549
1	37.7449
1	108.357
1	112.068
1	102.027
1	74.019
1	105.791
1	47.4944
1	46.9567
1	103.061
1	106.413
1	111.976
1	85.8162
1	120.323
1	86.8235
1	100.937
1	67.7931
1	112.084
1	106.374
1	298.478
1	127.257
1	72.9153
1	151.91
0	2.87469
1	93.2612
1	133.574
1	149.829
1	54.1539
1	85.5452
1	96.0855
1	36.303
1	84.7923
1	114.293
1	174.46
1	100.593
1	155.293
1	117.309
1	41.7486
1	54.5484
1	67.605
1	147.951
1	148.034
1	46.1474
1	141.816
1	116.349
1	93.145
1	136.602
1	151.166
1	160.008
1	99.7414
1	147.957
1	121.455
1	46.4833
1	86.6165
1	116.039
1	29.2776
1	103.707
1	137.354
1	44.4059
1	92.4959
1	33.9851
1	95.3756
1	145.521
1	124.704
1	209.184
1	80.2536
1	117.91
1	73.1058
1	103.626
1	38.189
1	77.2636
1	171.493
1	84.5421
1	473.07
1	61.6476
1	104.625
1	91.5223
1	204.814
1	104.039
1	162.545
1	250.922
1	112.108
1	82.9574
1	82.1073
1	81.2088
1	81.754
1	62.0735
1	163.012
1	79.1284
1	138.352
1	65.4496
1	45.0391
1	32.4122
1	56.3984
1	124.102
1	65.6642
1	72.3758
1	77.3444
1	142.152
1	153.281
1	72.7476
1	117.985
1	54.1719
1	48.9953
1	178.54
1	116.517
1	90.7148
1	148.104
1	127.63
1	122.665
1	104.396
1	81.4055
1	194.023
1	96.445
1	74.9435
1	77.0851
1	66.4219
1	57.6072
1	183.775
1	202.955
1	120.627
1	285.872
1	103.749
1	50.3259
1	36.6067
1	60.9175
1	116.3
1	81.9467
1	81.2378
1	95.3303
1	70.0678
1	89.9287
1	71.8925
1	71.1282
1	110.779
1	84.0959
1	246.411
1	188.451
1	73.796
1	102.665
1	251.772
1	57.7053
1	129.847
1	96.3447
1	140.836
1	91.5237
1	79.2549
1	128.334
1	149.794
1	56.395
1	154.209
1	243.892
1	75.3868
1	186.301
1	189.157
1	137.473
1	53.7816
1	52.7336
1	245.847
1	107.288
1	118.804
1	20.2505
1	84.3877
0	14.6344
1	152.131
1	108.132
1	101.838
1	112.508
1	121.946
0	7.66278
1	92.7994
1	54.1954
1	122.601
1	60.7283
1	156.614
1	70.4243
1	151.457
1	50.0218
1	82.5916
1	116.573
1	107.216
1	92.1091
1	86.4712
0	21.8317
1	191.546
1	101.412
1	126.003
1	95.9917
1	112.341
1	106.696
1	111.606
1	111.809
1	100.006
1	108.435
1	59.9778
1	152.29
1	30.7772
1	259.391
1	157.14
1	124.476
1	75.1952
1	159.175
1	109.512
1	111.673
1	104.68
1	121.697
1	82.7091
1	52.9669
1	172.927
1	60.5915
1	143.197
1	79.9495
1	95.9513
1	144.14
1	84.5693
1	161.252
1	58.5351
1	56.5489
1	126.765
1	38.1244
1	176.602
1	36.3994
1	95.9751
1	119.162
1	98.587
1	121.192
1	82.9049
1	176.431
1	254.295
1	94.5169
1	51.4298
1	158.685
1	74.1222
1	266.968
1	94.3805
1	51.4427
1	96.2954
1	171.603
1	112.707
1	174.027
1	119.418
1	108.632
1	76.5473
1	138.602
1	82.4361
1	64.2138
1	75.0444
1	123.41
1	70.7421
1	68.6338
1	112.473
1	110.394
1	175.392
1	116.826
1	181.966
1	123.295
1	73.2891
1	139.753
1	82.6653
1	31.0616
1	128.674
1	33.2749
1	90.36
1	112.861
1	114.843
1	74.512
1	125.98
1	124.917
1	83.1482
1	133.484
1	77.1213
1	151.506
1	64.2335
1	61.3724
1	93.4706
1	73.4819
1	75.4073
1	105.278
1	83.9474
1	77.824
1	129.657
1	162.016
1	97.8692
1	69.1993
1	143.002
1	48.8472
1	146.231
1	50.5574
1	53.9259
1	322.549
1	165.796
1	51.8738
1	110.803
1	45.299
1	64.2889
1	92.0936
1	106.286
1	106.563
1	118.153
1	50.6131
1	183.909
1	92.2013
1	79.7005
1	49.8066
1	71.9573
1	121.399
1	104.891
1	131.957
1	89.0954
1	56.1173
1	84.4672
1	185.752
1	62.5022
1	136.174
1	77.9781
1	89.099
1	76.7365
1	78.2741
1	85.4224
1	80.6472
1	126.477
1	95.9429
1	62.1766
1	151.719
1	89.5158
1	155.636
1	187.044
1	75.9005
1	97.2797
1	123.124
1	66.7014
1	51.8475
1	119.873
1	91.4596
1	58.3074
1	98.3905
1	104.682
1	82.9243
1	93.0102
1	335.229
1	128.076
1	124.92
1	192.452
1	95.2419
1	102.171
1	154.82
1	54.9746
1	60.8939
1	104.897
1	130.967
1	88.7702
1	67.8859
1	61.0842
1	49.1425
1	70.0415
1	117.795
1	109.406
1	186.124
1	150.253
1	211.807
1	64.8634
1	90.4464
1	82.6611
1	79.3072
1	29.4604
1	64.1599
1	67.9865
1	54.3012
1	97.4897
1	98.3154
1	156.67
1	36.5131
1	69.3536
1	75.8973
1	91.037
1	87.9049
1	65.8719
1	53.6437
1	149.05
1	70.0281
1	71.948
1	143.233
1	109.166
1	122.225
1	230.05
1	155.181
1	96.3105
1	61.2073
1	93.7333
1	85.0425
1	44.7291
1	46.6883
1	53.5297
1	67.2075
1	168.903
0	82.6991
1	173.487
1	122.704
1	126.486
1	151.839
1	77.0711
1	66.7273
1	74.4695
1	66.9623
1	127.079
1	80.033
1	89.0236
1	101.016
1	48.0411
1	130.901
1	118.678
1	46.9557
1	74.0614
1	72.4319
1	260.046
1	89.7636
1	77.6287
1	110.902
1	79.5463
1	105.908
1	72.1883
1	135.134
1	137.747
1	122.766
1	118.25
1	114.476
1	59.7025
1	90.4097
1	75.0158
1	85.6051
1	191.05
1	162.794
1	135.237
1	202.077
1	48.1744
1	217.231
1	96.4789
1	135.054
1	96.1884
1	167.973
1	110.301
1	66.6433
1	79.5253
1	72.3399
1	117.047
1	193.124
1	99.9095
1	83.3597
1	58.2644
1	89.587
1	71.6805
1	74.8474
1	105.374
1	193.822
1	174.456
1	58.1778
1	72.5525
1	111.343
1	60.1906
1	68.0434
1	40.6948
0	4.64866
1	88.1969
1	123.838
1	219.595
1	231.452
1	88.3948
1	379.257
1	80.9629
1	91.4511
1	96.7402
1	153.445
1	82.668
1	112.83
1	140.068
1	59.5906
1	193.58
1	73.5363
1	49.3402
1	255.278
1	141.986
1	87.7925
1	45.6761
1	90.24
1	128.327
1	119.269
1	111.433
1	177.155
1	81.0353
1	102.977
1	103.418
1	140.905
1	117.579
1	88.6805
1	82.2804
1	124.897
1	100.261
1	117.672
1	140.407
1	75.8928
1	126.164
1	112.068
1	129.782
1	144.511
1	61.8978
1	140.631
1	112.157
1	151.41
1	86.4398
1	108.606
1	187.252
1	122.562
1	165.929
1	271.901
0	25.0651
1	151.123
1	70.5175
1	135.085
1	118.058
1	74.6102
1	112.226
1	98.1656
1	60.5467
1	113.329
1	100.369
1	97.9981
1	226
1	158.283
1	60.1055
1	119.908
1	113.558
1	74.8889
1	150.184
1	128.624
1	68.6716
1	107.059
1	265.406
1	56.0487
1	157.101
1	155.527
1	46.1507
1	206.975
1	176.31
1	94.813
1	108.416
1	47.1537
1	157.929
1	166.066
1	154.474
1	106.44
1	87.4611
1	80.174
1	113.298
1	115.201
1	113.609
1	340.347
1	124.835
1	87.943
1	270.318
1	99.7486
1	77.8902
1	115.768
1	85.4178
1	106.704
1	73.1233
1	70.2224
1	78.46
1	60.5057
1	150.429
1	79.3444
1	127.842
1	158.094
1	142.138
1	93.7418
1	30.3309
1	84.4712
1	84.8144
1	104.183
1	151.572
1	52.0331
1	129.004
1	146.936
1	219.449
1	76.3461
1	57.2319
1	72.5436
1	66.6536
1	87.3685
1	106.416
1	96.2973
1	48.6634
1	68.0178
1	111.049
1	90.7425
1	101.753
1	62.8435
1	117.973
1	148.834
1	99.4034
1	64.8278
1	62.8297
1	141.612
1	140.919
1	95.8747
1	85.4225
1	114.382
1	94.6267
1	107.835
1	136.012
1	78.966
1	139.053
1	69.4882
1	187.29
1	67.7208
1	209.425
1	115.142
1	129.816
1	64.1289
1	175.03
1	68.306
1	202.495
1	75.0612
1	61.4656
1	203.291
1	157.814
1	114.742
1	51.4611
1	96.4233
1	139.651
1	73.9308
1	123.732
1	292.702
1	135.028
1	105.868
1	89.3264
1	139.057
1	287.712
1	113.4
1	71.7541
1	130.496
1	73.3565
1	107.636
1	67.8157
1	156.438
1	109.995
1	101.317
1	114.362
1	65.6719
1	153.481
1	83.3951
1	76.29
1	68.5406
1	99.1774
1	64.3257
1	128.55
1	196.451
1	381.718
1	224.921
1	170.603
1	118.221
1	146.015
1	112.576
1	143.128
1	72.5615
0	52.8323
1	64.6988
1	177.325
1	134.393
1	86.5228
1	53.3519
1	137.239
1	80.6441
1	89.9001
1	103.063
1	147.601
1	97.3251
1	144.07
1	123.705
1	285.499
1	172.816
1	121.335
1	99.0054
1	79.498
1	50.8448
1	128.997
1	71.6018
1	160.17
1	57.2183
1	105.618
1	50.2909
1	78.1511
1	164.053
1	103.323
1	88.0013
1	74.7581
1	149.73
0	1.36322
1	97.6363
1	102.87
1	76.7347
1	153.037
1	74.5674
1	102.115
1	122.347
1	70.7847
1	68.4685
1	184.771
1	124.583
1	90.5246
1	142.972
1	77.8111
1	55.6654
1	96.0626
1	57.1042
1	92.0475
1	70.6389
1	145.145
1	188.8
1	171.646
1	96.4856
1	103.821
1	112.89
1	98.7037
1	134.247
1	152.869
1	151.438
1	53.5082
1	35.8674
1	56.5357
1	108.036
1	77.5101
1	30.1841
1	68.8746
1	81.4721
1	87.9809
1	164.67
1	122.52
1	98.2635
1	105.114
1	89.5663
1	76.718
1	152.737
1	136.135
1	79.2514
1	94.6719
1	163.59
1	118.517
1	158.054
1	86.4907
1	104.581
1	27.3949
1	100.059
1	88.6732
1	66.1367
1	78.2783
1	153.874
1	74.4132
1	74.2372
1	136.236
1	135.117
1	76.5769
1	164.61
1	98.5232
1	94.9463
1	98.2129
1	90.3468
1	73.3091
1	33.6038
1	102.814
1	251.75
1	131.465
1	91.1288
0	5.45025
1	100.252
1	92.5362
1	89.6593
1	165.573
1	59.5043
1	91.2443
1	116.837
1	127.817
1	92.8899
1	116.288
1	113.721
1	77.5716
1	90.4946
1	76.4578
1	156.837
1	71.5706
1	102.838
1	71.8518
1	119.381
1	127.173
1	92.3471
1	72.2493
1	130.896
1	112.188
1	43.2501
1	75.2784
1	169.741
1	135.7
1	64.0127
1	131.893
1	51.2133
1	133.506
1	62.646
1	72.4847
1	129.009
1	108.394
1	67.5604
1	80.2724
1	101.435
1	94.8476
1	199.658
1	123.098
1	149.005
1	90.019
1	98.6654
1	88.2786
1	78.7656
1	142.668
1	133.029
1	83.2969
1	64.5521
1	122.349
1	123.364
1	136.054
1	71.3669
1	62.4543
1	83.024
1	83.8941
1	71.6135
1	103.886
1	86.1625
1	112.416
1	59.9854
1	84.7371
1	129.902
1	59.1517
1	61.3894
1	119.851
1	72.0297
1	157.908
1	201.996
1	161.379
1	157.772
1	214.407
1	76.256
1	92.9404
1	49.4675
1	105.139
1	98.7214
1	169.376
1	51.4033
1	128.97
1	53.5831
1	69.0001
1	268.161
1	84.8022
1	86.2037
1	242.831
1	126.808
1	83.6027
1	88.3679
1	134.458
1	103.25
1	174.004
1	96.6915
1	86.1286
1	39.4362
1	122.324
1	75.2063
1	95.5553
1	66.9739
1	112.84
1	56.5831
1	69.261
1	126.869
1	99.1486
1	41.598
1	232.124
1	53.869
1	84.1663
1	115.672
1	68.1022
1	79.2999
1	89.6919
1	189.939
1	120.795
1	115.729
1	128.662
1	72.7437
1	100.808
1	70.2049
1	92.9568
1	63.9712
1	115.59
1	69.5411
1	118.145
1	104.575
1	83.9022
1	182.259
1	76.5288
1	185.873
1	99.4557
1	88.1253
1	74.6544
1	129.334
1	170.813
1	141.616
1	54.8191
1	61.3801
1	94.2295
1	100.639
1	101.07
1	96.9566
1	63.7893
1	87.7507
1	86.5073
1	57.8902
1	53.9872
1	57.4716
1	158.384
1	112.63
1	93.8519
1	91.0198
1	82.4131
1	100.975
1	106.897
1	65.6324
1	98.3551
1	91.7666
1	71.2034
1	83.8025
1	131.589
1	36.284
1	62.2328
1	55.7438
1	70.9624
1	59.621
1	102.814
1	200.481
1	119.644
1	95.5886
1	105.807
1	167.597
1	45.8145
1	214.658
1	84.3565
1	37.575
1	159.065
1	127.944
1	94.5933
1	206.484
1	114.583
1	124.012
1	69.5278
1	113.667
1	87.4325
1	101.066
1	155.027
1	97.7267
1	75.594
1	151.11
1	117.214
1	85.5728
1	76.6921
1	94.1294
1	235.68
1	61.0284
1	72.8602
1	89.2173
1	290.649
1	80.8397
1	94.851
1	236.111
1	78.8405
1	147.76
1	105.322
1	158.204
1	105.861
1	210.173
1	55.0254
1	72.3126
1	167.482
1	76.5987
1	106.982
1	62.4011
1	134.382
1	153.994
1	138.98
1	92.8275
1	159.236
1	81.9451
1	122.027
1	85.7238
1	133.813
1	60.4892
1	163.257
1	48.2044
1	97.5291
1	77.4876
1	56.5528
1	120.828
1	89.8805
1	144.488
1	137.371
1	106.651
1	100.263
1	61.4598
1	62.0584
1	146.529
1	180.136
1	123.376
1	110.218
1	82.824
1	89.8319
1	59.1954
1	89.0854
1	102.129
1	112.6
1	209.553
1	123.346
1	67.1477
1	88.6905
1	75.3094
1	49.2703
1	71.9352
1	68.9538
1	121.568
1	230.579
1	69.6855
1	129.256
1	115.838
1	125.012
1	204.215
1	136.853
1	83.4381
1	136.609
1	121.198
1	75.1983
1	74.13
1	139.232
1	87.9662
1	74.5332
1	102.379
1	78.421
1	87.2961
1	340.757
1	153.411
1	210.35
1	109.531
1	172.558
1	150.093
1	164.189
1	70.6233
1	52.7969
1	90.9999
1	169.766
1	72.5575
1	87.1259
1	60.0168
1	191.988
1	88.9502
1	201.558
1	108.36
1	175.317
1	215.893
1	139.747
1	112.516
1	148.581
1	101.953
1	136.111
1	57.6895
1	162.738
1	98.9395
1	44.7931
1	95.1892
1	98.873
1	84.7383
1	113.193
1	118.605
1	91.7706
1	102.543
1	101.628
1	72.1353
1	96.186
1	130.94
1	203.151
1	163.726
1	64.812
1	95.9453
1	44.5223
1	80.1413
1	58.539
1	77.4354
1	94.7205
1	108.991
1	53.4973
1	71.7027
1	109.048
1	66.6373
1	434.769
1	130.147
1	230.361
1	115.621
1	156.125
1	152.837
1	238.838
1	136.268
1	71.0954
1	106.677
1	69.593
1	142.452
1	79.4903
1	88.4116
1	26.0782
1	191.494
1	62.4356
1	72.9621
1	187.544
1	135.441
1	130.269
1	126.255
1	93.7025
1	127.281
1	105.55
1	120.181
1	77.212
1	130.441
1	158.492
1	143.406
1	145.592
1	84.0789
1	76.5453
1	106.935
1	36.6626
1	79.4433
1	87.3728
1	119.23
1	101.144
1	91.1945
1	81.5909
1	66.2776
1	239.227
1	65.2144
1	116.788
1	61.3409
1	76.9718
1	85.4043
1	138.582
1	188.528
1	37.76
1	146.386
1	78.6727
1	54.4908
1	115.968
1	119.99
1	124.625
1	300.051
1	91.752
1	187.398
1	219.412
1	35.0476
1	120.999
1	73.4364
1	146.644
1	303.504
1	91.0616
1	138.804
1	109.541
1	78.9941
1	144.406
1	72.806
1	52.9522
1	85.5227
1	162.398
1	196.106
1	76.8227
1	100.521
1	83.0927
1	196.402
1	125.272
1	74.6015
1	77.3434
1	98.5024
1	249.7
1	208.949
1	238.415
1	95.577
1	40.3986
1	118.755
1	60.7884
1	81.9689
1	138.689
1	252.043
1	157.861
1	88.8623
1	115.841
1	123.995
1	82.248
1	274.525
1	79.2962
1	235.811
1	73.1982
1	158.122
1	55.2247
1	90.3343
1	156.486
1	161.153
1	86.3829
1	151.301
1	145.209
0	5.25623
1	40.6763
1	68.7189
1	96.3807
1	153.934
1	101.636
1	102.775
1	239.9
1	112.46
1	147.785
1	60.7556
1	43.1118
1	178.585
1	78.8755
1	147.023
1	73.3331
1	105.596
1	272.825
1	76.8938
1	100.155
1	185.004
1	57.4512
1	58.1481
1	138.957
1	140.932
1	76.04
1	70.2095
1	61.2072
1	52.4252
1	157.751
1	107.48
1	99.2013
1	52.5074
1	136.693
1	42.4982
1	90.4938
1	68.0739
1	72.55
1	48.4846
1	87.7055
1	122.545
1	94.8644
1	85.857
1	111.955
1	92.9229
1	78.3746
1	160.48
1	52.3155
1	62.0337
1	81.0089
1	62.0641
1	77.8921
1	167.782
1	124.699
1	103.328
1	33.6611
0	143.587
1	171.756
1	86.0247
1	119.624
1	83.6081
1	78.9309
1	69.5826
1	139.6
1	50.4846
1	84.6399
1	227.504
1	105.23
1	69.8323
1	51.4992
1	173.702
1	78.5504
1	55.627
1	89.9239
1	119.689
1	167.386
1	66.3242
1	104.962
1	93.3692
1	156.173
1	89.8985
1	147.712
1	76.7958
1	99.3877
1	106.637
1	90.0155
1	83.6171
1	72.5612
1	51.1532
1	118.524
1	46.5205
1	34.5871
1	71.2539
1	106.265
1	74.3355
1	80.9963
1	52.1436
1	77.2993
1	55.7035
1	94.7775
1	118.838
1	71.4952
1	160.598
1	71.4013
1	108.502
1	166.527
1	50.9317
1	53.686
1	160.229
1	159.442
1	53.9946
1	81.1117
1	76.5967
1	55.2116
1	112.282
1	136.274
1	123.442
1	43.6735
1	116.629
1	214.277
1	65.934
1	123.544
1	145.882
1	68.9405
1	85.8516
1	87.9367
1	130.474
1	119.585
1	44.09
1	173.928
1	60.6153
1	60.2501
1	54.6698
1	84.0692
1	179.981
1	88.4594
1	88.9978
1	89.0494
1	193.004
1	43.1125
1	160.518
1	80.6378
1	126.31
1	123.847
1	104.223
1	204.412
1	42.9636
1	60.9225
1	76.7994
1	127.518
1	208.678
1	73.0817
1	121.363
1	76.8391
1	111.038
1	152.136
1	93.3426
1	84.1592
1	121.586
1	152.225
1	133.991
1	52.0037
1	109.769
1	51.3366
1	224.375
1	123.117
1	126.631
1	216.662
1	77.882
1	100.147
1	53.8503
1	85.9701
1	107.111
1	92.8782
1	109.776
1	123.472
1	53.8986
1	176.237
1	76.2602
1	78.9785
1	95.0468
1	113.964
1	51.8855
1	90.3558
1	152.917
1	249.12
1	60.2918
1	122.711
1	137.984
1	90.5445
1	198.857
1	43.8005
1	253.977
1	160.451
1	86.1793
1	30.0295
1	78.904
1	47.7104
1	106.261
1	183.669
1	54.8492
1	99.8303
1	69.1045
1	88.6607
1	124.128
1	100.274
1	163.399
1	103.862
1	72.6073
1	136.156
1	35.1693
1	86.075
1	74.9643
1	108.832
1	86.5835
1	117.444
1	76.0325
1	109.462
1	86.4995
1	98.1896
1	143.099
1	49.3086
1	166.987
1	94.8476
1	89.8916
1	145.491
1	104.117
1	155.789
1	176.369
1	126.034
1	337.679
1	66.1543
1	44.8327
1	143.791
1	75.2103
1	59.616
1	43.2611
1	113.873
1	130.269
1	87.1558
1	50.2912
1	98.1624
1	82.2535
1	34.4074
1	126.686
1	64.1895
1	62.3033
1	185.748
1	225.529
1	150.18
1	92.5933
1	174.06
1	73.5025
1	69.8007
1	120.368
1	191.778
1	64.7564
1	93.7749
1	139.476
1	123.347
1	102.072
1	98.6586
1	114.318
1	112.695
1	364.839
1	129.735
1	150.504
1	69.8091
1	83.0731
1	165.636
1	110.04
1	102.225
1	105.212
1	89.6082
1	186.615
1	104.172
1	92.3577
1	88.1648
1	157.029
1	107.478
1	63.8355
0	13.4879
1	55.9297
1	52.4294
1	72.5855
1	80.1036
1	91.9195
1	71.6947
1	93.4254
1	86.0882
1	144.673
1	200.157
1	66.9628
1	56.2299
1	108.038
1	99.428
1	247.651
1	65.554
1	108.164
1	77.6959
1	97.7227
1	100.175
1	249.122
1	114.7
1	74.5138
1	60.6398
1	154.512
1	61.5716
1	109.739
1	119.189
1	159.546
1	165.656
1	102.445
1	167.845
1	116.933
1	81.0692
1	147.458
1	73.5723
1	57.6905
1	239.944
1	56.4661
1	173.187
1	122.712
1	141.007
1	89.5221
1	109.197
1	28.7866
1	46.9544
1	105.342
1	84.5231
1	122.839
1	109.725
1	107.157
1	111.526
1	155.056
1	108.764
1	83.3317
1	52.2839
1	117.566
1	51.3724
1	101.502
1	114.409
1	84.6025
1	93.5313
1	84.8271
1	77.9225
1	167.333
1	189.895
1	250.762
1	157.974
1	86.4714
1	130.159
1	63.2197
1	81.7707
1	53.4965
1	79.2757
1	100.096
1	44.5616
1	86.054
1	65.6317
1	89.3187
1	59.5708
1	90.6671
1	118.919
1	62.7379
1	148.403
1	100.504
1	27.2758
1	85.9549
1	77.9747
1	65.0101
1	238.959
1	98.217
1	148.036
1	69.4869
1	49.4733
1	75.4753
1	193.45
1	19.8853
1	61.7807
1	107.696
1	87.0736
1	288.242
1	210.415
1	70.6025
1	132.155
1	37.1829
1	164.116
1	68.9294
1	68.1826
1	83.0999
1	54.3168
1	172.955
1	100.489
1	267.934
1	95.0866
1	198.448
1	202.921
1	125.178
1	99.2387
1	101.876
1	115.463
1	189.992
1	102.942
1	176.903
1	78.2812
1	59.4933
1	101.975
1	169.652
1	69.0805
1	108.451
1	77.0795
1	55.4096
1	73.1171
1	171.291
1	117.595
1	97.0478
1	94.3741
1	70.7758
1	112.225
1	104.01
1	167.042
1	55.7934
1	78.3797
1	48.5407
1	61.1393
1	68.5806
1	105.691
1	98.8208
1	133.044
1	99.4656
1	76.5372
1	73.7917
1	114.705
1	119.037
1	116.67
1	45.4693
1	85.2873
1	188.77
1	173.365
1	131.334
1	71.3287
1	100.739
1	157.484
1	93.9281
1	135.757
1	103.497
1	127.823
1	80.8419
1	149.678
1	205.581
1	82.0542
1	241.01
1	94.2479
1	155.687
1	155.463
1	119.265
1	122.928
1	119.239
1	90.0843
1	83.6429
1	107.744
1	83.7358
1	128.905
1	110.063
1	118.605
1	80.5655
1	144.398
1	132.417
1	110.703
1	73.4812
1	142.428
1	113.376
1	93.7048
1	168.916
1	206.469
1	140.433
1	82.4026
1	135.768
1	166.373
1	161.986
1	192.289
1	187.867
1	99.6015
1	113.787
1	64.282
1	56.0828
1	123.03
1	132.846
1	174.328
1	204.491
1	73.2549
1	64.7126
1	104.491
1	143.673
1	141.854
1	81.2631
1	126.897
1	92.5693
1	38.4195
1	114.404
1	86.5146
1	136.21
1	100.017
1	107.91
1	98.9495
1	174.005
1	103.82
1	129.775
1	105.685
1	80.652
1	136.931
1	119.022
1	60.1709
1	75.9281
1	76.4311
1	145.63
1	66.0777
1	97.7496
1	63.1848
1	82.4993
1	83.5315
1	65.4316
1	140.935
1	102.5
1	97.1482
1	127.478
1	127.926
1	74.7699
1	82.7857
1	46.1222
1	56.5305
1	183.301
1	70.9138
1	135.182
1	81.8407
1	100.883
1	75.7803
1	73.9041
1	103.376
1	80.3288
1	130.663
1	104.097
1	86.9118
1	89.0092
1	74.5449
1	111.851
1	61.0777
1	119.731
1	168.613
1	72.4046
1	48.3263
1	131.531
1	89.9594
1	173.244
1	73.636
1	69.9774
1	131.979
1	90.5315
1	159.572
1	119.69
1	57.7317
1	38.2164
1	137.355
0	12.0733
1	150.22
1	92.0064
1	59.146
1	173.446
1	88.3956
1	83.4492
1	81.6946
1	134.362
1	128.892
1	65.9179
1	120.162
1	65.878
1	203.773
1	98.1978
1	134.162
1	191.402
1	78.5819
1	47.8407
1	73.871
1	146.093
1	108.103
1	81.1532
1	93.8463
1	99.8622
1	49.462
1	91.9788
1	103.412
1	73.8542
1	133.681
1	57.6131
1	69.506
1	68.3251
1	51.1391
1	131.928
1	24.0013
1	39.8307
1	102.98
1	137.601
1	130.97
1	91.1173
1	98.0596
1	254.455
1	88.727
1	57.8565
1	175.665
1	74.779
1	88.806
1	127.146
1	78.4864
1	139.326
1	98.9452
1	97.7351
1	132.835
1	138.842
1	69.9807
1	143.614
1	119.818
1	54.4928
1	56.606
1	66.5536
1	203.123
1	68.8831
1	67.8799
1	103.67
1	84.131
1	47.8017
1	82.9994
1	80.1391
1	45.2956
1	109.875
1	98.0441
1	98.9959
1	89.9969
1	245.734
1	179.883
1	59.0351
1	131.288
1	88.3797
1	99.9565
1	100.207
1	87.3617
1	137.127
1	309.102
1	161.804
1	143.198
1	91.0798
1	69.2831
1	61.3314
1	119.121
1	100.049
1	115.615
1	226.839
1	181.774
1	60.7504
1	161.81
1	123.948
1	99.6611
1	71.0746
1	222.521
1	120.947
1	69.6068
1	116.106
1	113.382
1	133.419
1	43.1644
1	131.046
1	140.582
1	82.1715
1	66.3051
1	104.594
1	81.6496
1	86.3954
1	101.022
1	61.4849
1	45.1292
1	207.567
1	117.872
1	218.317
1	122.1
1	85.6199
1	140.405
1	143.877
1	207.625
1	109.393
1	70.1566
1	78.3073
1	165.418
1	317.528
1	49.8107
1	206.745
1	92.9114
1	64.3745
1	70.3125
1	172.924
1	78.4393
1	81.644
1	231.79
1	123.936
1	47.9789
1	131.614
1	114.019
1	70.6411
1	130.504
1	73.722
1	33.6676
1	140.231
1	172.545
1	84.7515
1	72.3195
1	169.464
1	91.9005
1	74.3272
1	70.5432
1	62.4446
1	102.184
1	129.456
1	165.716
1	83.3313
1	91.5822
1	81.1613
1	52.4242
1	84.0234
1	189.487
1	119.028
1	107.45
1	74.1294
1	86.0936
1	56.2763
1	103.977
1	147.389
1	68.1236
1	192.694
1	278.494
1	111.087
1	239.209
1	177.263
1	56.1283
1	197.756
1	146.932
1	176.87
1	73.9826
1	143.08
1	110.186
1	97.1885
1	72.104
1	87.5226
1	60.502
1	92.2597
1	111.967
1	49.6285
1	43.4499
1	58.7709
1	44.6226
1	72.3898
1	201.471
1	114.888
1	174.932
1	261.143
1	184.075
1	133.233
1	63.8832
1	147.658
1	108.803
1	158.575
1	220.339
1	70.4277
1	45.2672
1	99.5333
1	130.847
1	82.182
1	109.564
1	150.394
1	132.625
1	77.8794
1	103.521
1	77.5662
1	137.435
1	172.326
1	204.834
1	280.876
1	159.548
1	119.154
1	53.0571
1	185.33
1	72.9201
1	50.3069
1	49.9387
1	74.4332
1	42.1081
1	79.3358
1	49.4404
1	108.608
1	183.93
1	110.897
1	124.665
1	55.5541
1	228.63
1	161.075
1	94.4221
1	57.6625
1	80.9837
1	78.734
1	95.2513
1	85.1617
1	129.112
1	62.6267
1	125.47
1	114.206
1	108.106
1	89.673
1	145.404
1	118.071
1	227.193
1	68.2977
1	255.123
1	99.29
1	57.7318
1	89.5238
1	155.846
1	86.9164
1	76.2141
1	93.8189
1	71.8129
1	95.9143
1	182.116
1	101.54
1	291.37
1	52.9764
1	67.2478
1	124.368
1	118.699
1	207.884
1	163.145
1	138.311
1	43.2794
1	52.1145
1	203.171
1	198.895
1	71.8081
1	67.9142
1	138.227
1	114.657
1	81.7073
1	218.742
1	55.6998
1	118.476
1	169.997
1	43.0722
1	63.4591
1	194.579
1	327.376
1	86.4442
1	85.4425
1	51.1999
1	98.5648
1	78.6722
1	114.973
1	107.722
1	82.7349
1	82.6536
1	196.847
1	120.939
1	81.4931
1	81.7496
1	105.803
1	111.267
1	105.42
1	103.371
1	122.526
1	144.459
1	130.108
1	253.243
1	78.1165
1	50.9153
1	97.8665
1	86.5585
1	104.817
1	127.145
1	72.7825
1	47.5816
1	75.0593
1	92.6283
1	95.0792
1	147.643
1	47.8226
1	92.938
1	126.234
1	68.2221
1	53.6387
1	97.7878
1	52.7416
1	76.2712
1	128.127
1	98.2743
1	188.427
1	75.7514
1	87.9589
1	125.713
1	106.619
1	110.286
1	151.288
1	95.7334
1	97.2503
1	94.97
1	123.939
1	116.994
1	95.5043
1	84.8394
1	104.197
1	150.326
1	107.956
1	81.3016
1	90.5334
1	105.495
1	100.511
1	145.658
1	157.418
1	109.867
1	71.4681
1	135.142
1	70.2041
1	117.904
1	136.211
1	83.4775
1	145.679
1	59.3581
1	79.6862
1	54.0963
1	65.7014
1	154.436
1	97.4513
1	135.146
1	160.04
1	123.26
1	48.8469
1	101.082
1	159.161
1	50.0628
1	76.0979
1	200.48
1	179.159
1	124.184
0	8.23576
1	61.8763
1	121.592
1	60.5505
1	159.113
1	57.5959
1	70.0362
1	92.6633
1	86.8387
1	88.2994
1	99.0789
1	103.209
1	87.1697
1	149.976
1	95.1425
0	8.27574
1	87.137
1	93.9878
1	76.0687
1	124.352
1	105.212
1	99.4143
1	66.4283
1	143.641
0	18.2272
1	251.892
1	133.168
1	180.74
1	91.1572
1	74.4204
1	71.9295
1	107.182
1	204.912
1	123.728
1	170.262
1	140.681
1	55.7134
1	184.168
1	103.561
1	70.3439
1	160.603
1	80.9998
1	100.451
1	207.481
1	160.313
1	107.386
1	68.0471
1	112.033
1	96.0633
1	65.7846
1	60.0615
1	46.2546
1	94.9248
1	119.471
1	144.922
1	116.28
1	180.68
1	204.998
1	93.0148
1	68.5721
1	179.213
1	95.9731
1	48.373
1	229.056
1	52.5126
1	48.836
1	44.4088
1	70.9999
1	161.613
1	95.3839
1	134.199
1	74.991
1	131.158
1	138.336
1	155.383
1	108.287
1	111.528
1	60.0496
1	124.063
1	120.169
1	87.7376
1	49.3215
1	104.592
1	79.837
0	32.49
1	224.396
1	255.639
1	148.046
1	99.8654
1	53.221
1	68.3151
1	56.5932
1	57.7391
1	101.793
1	149.814
1	192.13
1	231.789
1	80.4382
1	134.687
1	66.8579
1	132.07
1	129.009
1	99.1771
1	128.573
1	104.114
1	125.756
1	60.7051
1	114.396
1	154.58
1	63.1426
1	135.444
1	70.8191
1	122.519
1	64.6217
1	323.89
1	57.4259
1	71.3379
1	156.629
1	44.5736
1	87.8281
1	115.463
1	75.027
1	118.369
1	125.01
1	149.216
1	167.054
1	170.677
1	249.805
1	88.092
1	88.4409
1	136.317
1	51.6123
1	33.9505
1	101.979
1	69.5145
1	198.662
1	231.9
1	71.4717
1	166.656
1	136.518
1	63.4501
1	70.8702
1	55.5652
1	133.041
1	180.112
1	59.1773
1	142.525
1	197.954
1	220.973
1	149.002
1	134.923
1	106.508
1	57.6807
1	88.2283
1	56.5284
1	109.481
1	191.412
1	84.0411
1	190.712
1	244.928
1	120.641
1	42.1258
1	94.3867
1	111.227
1	78.3037
1	61.9897
1	230.254
1	109.053
1	93.8771
1	132.618
1	94.7965
1	92.167
1	42.1931
1	84.0458
1	104.077
1	70.9118
1	131.531
1	153.162
1	188.133
1	80.8725
1	162.618
1	117.262
1	91.0298
1	62.3391
1	74.0976
1	102.01
1	141.676
1	210.339
1	116.042
1	270.086
1	49.9312
1	193.743
1	72.1559
1	91.6704
1	168.244
1	206.568
1	114.994
1	82.8135
1	44.0058
1	121.609
1	199.034
1	120.345
1	103.523
1	92.1243
1	94.6168
1	102.056
1	103.917
1	116.13
1	67.5943
1	126.866
1	186.807
1	91.6904
1	72.888
1	64.9798
1	109.718
1	103.266
1	108.012
1	114.575
1	199.022
1	189.487
1	102.647
1	139.47
1	241.73
1	49.4781
1	72.3258
1	59.9182
1	70.6935
1	164.027
1	218.861
1	90.6005
1	136.37
1	181.796
1	92.8365
1	201.105
1	154.015
1	174.791
1	121.122
1	149.212
1	144.856
1	246.021
1	39.583
1	98.7297
1	136.287
1	91.095
1	48.0496
1	149.049
1	163.219
1	186.823
1	98.9958
1	53.8141
1	88.843
1	100.099
1	79.6723
1	144.427
1	278.848
1	183.74
1	52.4951
1	99.1019
1	81.9657
1	143.828
1	31.7692
1	142.419
1	54.943
1	86.523
1	234.059
1	40.3748
1	164.415
1	73.7346
1	145.319
1	62.5743
1	197.585
1	121.49
1	201.782
1	137.943
1	185.642
1	82.8672
1	94.3159
1	170.247
1	89.7407
1	237.52
1	110.684
1	63.5969
1	77.3655
1	93.72
1	167.266
1	111.666
1	80.169
1	163.217
1	64.1074
1	149.229
1	51.324
1	49.2499
1	97.6346
1	90.9542
1	103.794
1	78.6774
1	111.842
1	131.274
1	50.031
1	58.0152
1	48.9784
1	141.248
1	109.743
1	87.3068
1	57.8905
1	125.653
1	84.7997
1	168.95
1	130.663
1	79.1725
1	50.9497
1	115.314
1	122.196
1	105.939
1	118.588
1	102.811
1	88.6885
1	150.673
1	179.234
1	79.3085
1	73.542
1	88.7864
1	262.806
1	90.2531
1	85.4303
1	135.546
1	132.161
1	171.565
1	100.716
1	51.8482
1	129.878
1	162.579
1	83.6701
1	147.297
1	96.1548
1	149.641
1	90.8151
1	151.775
1	153.417
1	73.9607
1	74.949
1	172.467
1	35.4036
1	102.057
1	90.188
1	69.5235
1	77.9354
1	174.95
1	88.7005
1	62.2684
1	68.857
1	52.3883
1	99.964
1	171.985
1	62.2033
1	74.9756
1	102.882
1	64.1175
1	182.609
1	174.1
1	42.836
1	86.8644
1	64.7742
1	127.798
1	84.8707
1	185.638
1	50.4478
1	53.8415
1	69.8911
1	205.502
1	83.9707
1	96.6061
1	44.0094
1	77.7631
1	65.4193
1	79.4283
1	133.03
1	74.0292
1	81.1312
1	81.1277
1	81.6925
1	101.571
1	112.678
1	187.776
1	156.927
1	125.768
1	178.55
1	77.0852
1	68.3866
1	70.1313
1	86.0132
1	138.886
1	77.5245
1	125.904
1	189.857
1	232.38
1	114.513
1	101.372
1	184.921
1	174.722
1	229.523
1	55.4255
1	83.2417
1	59.5073
1	144.852
1	95.4933
1	130.51
1	131.334
1	117.152
1	42.2607
1	77.6055
1	64.362
1	42.1471
1	111.609
1	75.8937
1	54.655
1	190.258
1	91.4482
1	156.48
1	122.403
1	97.8774
1	36.079
1	129.053
1	300.131
1	93.5407
1	34.1804
1	95.4889
1	134.389
1	124.458
1	58.3709
1	165.572
1	123.316
1	77.7437
1	52.9036
1	174.085
1	160.342
1	222.79
1	47.9224
1	223.87
1	47.8698
1	113.662
1	143.793
1	101.706
1	64.9407
1	57.7839
1	58.4182
1	229.98
1	109.496
1	124.652
1	160.797
1	152.844
1	130.997
1	43.576
1	57.608
1	156.728
1	119.045
1	86.2977
1	116.887
1	83.9377
1	150.503
1	104.079
1	75.0326
1	121.329
1	149.175
1	85.1822
1	233.737
1	175.839
1	52.8621
1	50.5988
1	75.1102
1	69.9712
1	149.094
0	59.6955
1	162.9
1	97.4558
1	30.5028
1	54.8374
1	115.223
1	113.583
1	96.2904
1	232.357
1	138.638
1	96.3394
1	207.937
1	102.151
1	41.0584
1	83.2772
1	44.1938
1	35.9883
1	49.0125
1	45.8573
1	116.942
1	107.392
1	58.1974
1	122.089
1	47.2495
1	68.815
1	46.3976
1	74.9788
1	103.203
1	90.0282
1	73.9991
1	44.7258
1	70.5666
1	89.4262
1	107.448
1	189.486
1	155.336
1	253.233
1	104.491
1	87.8513
1	132.042
1	145.748
1	77.047
1	75.0193
1	116.765
1	97.3902
1	73.3937
1	67.0147
1	85.2198
1	76.5278
1	171.836
1	140.301
1	160.325
1	153.689
1	84.3313
1	151.127
1	121.523
1	101.905
1	65.7843
1	68.7255
1	185.753
1	107.35
1	89.1584
1	72.8878
1	194.775
1	161.124
1	96.6799
1	49.5413
1	181.204
1	106.187
1	67.6832
1	177.765
1	269.518
1	196.295
1	94.7739
1	149.455
1	94.2362
1	117.309
1	150.85
1	129.38
1	120.788
1	70.1987
1	67.9636
1	124.833
1	75.3738
1	166.9
1	56.0076
1	78.4117
1	77.5273
1	109.022
1	48.9098
1	101.638
1	62.8699
1	100.207
1	201.352
1	68.8813
1	137.469
1	54.9142
1	105.455
1	59.6517
1	66.1454
1	113.143
1	96.2145
1	71.8035
1	35.7523
1	116.074
1	136.128
1	105.88
1	159.27
1	100.787
1	162.102
1	132.986
1	151.833
1	222.869
1	80.7557
1	71.6575
1	126.112
1	93.6918
1	48.229
1	183.834
1	78.5203
1	93.6353
1	73.727
1	119.106
1	105.422
1	51.8908
1	69.3048
1	32.9195
1	56.5715
1	77.9348
1	71.4561
1	81.3211
1	230.08
1	64.1263
1	67.9692
1	48.5565
1	83.1007
1	97.0776
1	245.043
1	101.803
0	76.0774
1	201.524
1	78.6572
1	85.2141
1	95.2553
1	155.683
1	58.656
1	116.143
1	107.271
1	89.693
1	120.41
1	176.554
1	65.4552
1	246.051
1	211.62
1	174.899
1	103.317
1	87.6365
1	72.6591
1	73.1113
1	129.154
1	52.3879
1	89.7902
1	50.3706
1	56.4846
1	109.986
1	51.8012
1	182.142
1	75.7224
1	222.751
1	87.4222
1	49.9469
1	113.469
1	90.0243
1	101.01
1	85.7224
1	121.106
1	79.5878
1	183.002
1	89.6821
1	153.842
1	73.7533
1	144.937
1	165.396
1	182.128
1	69.9684
1	155.088
1	79.2628
1	158.22
1	110.296
1	113.549
1	159.737
1	86.947
1	167.274
1	150.005
1	155.959
1	48.2924
1	130.817
1	67.9824
1	91.8447
1	39.275
1	51.0611
1	308.72
1	47.9238
1	110.833
1	183.394
1	209.124
1	182.473
1	65.8827
1	67.9796
1	218.796
1	104.539
1	87.3581
1	141.499
1	161.735
1	134.013
1	120.272
1	121.89
1	123.951
1	183.861
1	88.6721
1	79.7187
1	60.1836
1	151.35
1	40.7206
1	130.792
1	121.327
1	122.189
1	73.6401
1	212.747
1	77.8716
1	115.967
1	107.289
1	131.547
1	69.2373
1	79.8134
1	107.456
1	67.8623
1	107.064
1	75.0117
1	68.639
1	62.4614
1	104.769
1	66.6138
1	49.3553
1	135.224
1	118.016
1	89.6294
1	78.71
1	116.916
1	154.742
1	116.595
1	197.173
1	106.412
1	124.411
1	100.336
1	179.893
1	135.265
1	63.1658
1	100.216
1	117.808
1	69.3462
1	78.6232
1	81.5595
1	110.671
1	106.556
1	91.9736
1	240.49
1	172.933
1	93.7679
1	124.949
1	84.4185
1	173.523
1	123.673
1	159.567
1	140.633
1	109.512
1	37.6909
1	75.4814
1	187.83
1	166.59
1	98.7528
1	102.871
1	78.2697
1	125.662
1	93.7323
1	160.317
1	235.58
1	128.594
1	62.575
1	52.5624
1	50.0537
1	68.1794
1	138.035
1	187.963
1	94.5761
1	57.0678
1	78.5311
1	71.5178
1	70.6411
1	154.127
1	179.65
1	141.042
1	208.84
1	46.007
1	73.5053
1	130.187
1	65.3493
1	112.52
1	153.551
1	194.474
1	119.188
1	91.5612
1	137.697
1	98.9872
1	83.3006
1	108.001
1	137.384
1	61.9793
1	141.472
1	77.2245
1	127.377
1	90.1119
1	74.9974
1	94.2576
1	146.651
1	115.08
1	92.2106
1	88.2528
1	117.318
1	79.9341
1	133.99
1	122.062
1	112.513
1	66.2882
1	66.8762
1	94.595
1	205.381
1	125.486
1	73.9536
1	94.4802
1	99.6653
1	196.475
1	72.9259
1	115.941
1	242.774
1	102.698
1	212.289
1	138.635
1	44.053
1	97.3289
1	86.9107
1	88.1381
1	181.238
1	152.623
1	41.1704
1	188.314
1	46.6855
1	118.565
1	89.9962
1	168.528
1	77.2353
1	126.402
1	137.668
1	78.9811
1	79.2069
1	186.034
1	46.1729
1	151.079
1	27.0328
1	132.777
1	122.672
1	95.467
1	96.6302
1	32.266
1	39.4913
1	176.91
1	80.8569
1	117.57
1	107.015
1	106.506
1	213.226
1	92.9772
1	30.6379
1	92.0199
1	67.5971
1	70.4177
1	224.695
1	144.939
1	113.281
1	108.094
1	101.752
1	118.797
1	142.717
1	75.6611
1	94.7485
1	96.5882
1	44.2215
1	141.603
1	40.2101
1	105.273
1	116.059
1	82.7019
1	126.377
1	61.1382
1	85.2857
1	93.5265
1	91.4812
1	216.467
1	181.318
1	183.152
1	62.3496
1	158.868
1	47.6672
1	73.6149
1	89.2908
1	111.289
1	69.3956
1	76.2172
1	153.64
1	81.9862
1	88.3409
1	121.863
1	62.467
1	68.9052
1	131.978
1	215.199
1	99.9205
1	56.5662
1	125.943
1	72.7981
1	64.7353
1	97.0475
1	152.562
1	74.4728
1	38.7656
1	181.445
1	156.972
1	82.9776
1	109.636
1	187.81
1	112.561
1	123.919
1	59.5036
1	65.1939
1	95.9336
1	157.319
1	99.4242
1	55.5844
0	33.0779
1	60.6649
1	143.496
1	155.374
1	171.656
1	61.1464
1	98.1788
1	135.079
1	125.399
1	63.5869
1	164.447
1	78.7291
1	142.715
1	30.6829
1	32.6477
1	93.456
1	119.714
1	184.634
1	85.0137
1	144.02
1	186.551
1	129.481
1	182.539
1	133.792
1	147.805
1	150.449
1	77.8295
1	131.365
1	94.4659
1	103.145
1	108.173
1	64.4352
1	87.6922
1	76.4097
1	205.224
1	168.528
1	80.5287
0	24.5311
1	156.985
1	75.7564
1	95.2161
1	98.6749
1	60.3032
1	174.546
1	62.2291
1	47.9501
1	67.779
1	76.423
1	174.4
1	49.1118
1	140.342
1	111.506
1	154.256
1	74.4032
0	61.2542
1	53.639
1	53.5236
1	118.434
1	106.73
1	132.924
1	186.461
1	118.898
1	68.9174
1	67.5578
1	61.8846
1	219.342
1	104.933
1	50.1817
1	73.3665
1	104.63
1	131.894
1	273.042
1	160.256
1	83.4348
1	95.1255
1	54.4007
1	88.5689
1	209.297
1	131.918
1	61.9004
1	55.7722
1	121.918
1	63.7368
1	104.899
1	207.951
1	181.423
1	70.6506
1	85.4266
1	137.296
1	118.579
1	52.3525
1	328.312
1	121.31
1	109.778
1	109.632
1	97.1794
1	42.7623
1	126.758
1	141.986
1	98.191
1	81.3712
1	116.36
1	77.2836
1	90.5762
1	125.895
1	81.8079
1	55.3795
1	151.532
1	87.4856
1	60.8675
1	149.573
0	0.247892
1	70.2606
1	197.092
1	174.188
1	187.927
1	239.003
1	161.71
1	114.419
1	55.2484
1	62.6882
1	108.212
1	73.3538
1	73.7472
1	80.8139
1	89.3111
1	86.5718
1	162.345
1	51.533
1	117.855
1	204.432
1	55.421
1	50.0152
1	184.58
1	142.562
1	130.255
1	71.4804
1	170.473
1	102.495
1	91.8901
1	117.734
1	34.6499
1	142.607
1	151.826
1	131.283
1	93.2058
1	85.5404
1	59.0632
1	43.8563
1	100.019
1	133.856
1	119.211
1	74.4761
1	84.0835
1	48.8338
1	93.3398
1	133.522
1	104.216
1	178.639
1	94.6513
1	105.663
1	127.508
1	101.289
1	78.766
1	89.9807
1	128.29
1	107.225
1	79.7516
1	125.689
1	62.1149
1	72.4939
1	57.1005
1	62.3073
1	48.6613
1	97.2917
1	95.34
1	117.563
1	40.166
1	75.1151
1	113.482
1	112.235
1	138.26
1	48.01
1	184.994
1	146.959
1	136.361
1	197.832
1	112.632
1	149.856
1	133.538
1	100.06
1	69.3197
1	121.311
1	92.6793
1	149.642
1	123.128
1	146.851
1	113.026
1	62.6322
1	118.381
1	86.547
1	135.801
1	182.626
1	149.749
1	57.9192
1	83.3579
1	104.213
1	193.083
1	161.969
1	59.0927
1	164.96
1	111.797
1	229.792
1	110.573
1	184.594
1	208.979
1	92.7434
1	115.142
1	68.4785
1	81.8392
1	107.264
1	73.282
1	122.186
1	106.96
1	77.4734
1	88.4282
1	122.085
1	66.1729
1	148.026
1	214.983
1	61.1421
1	134.639
1	123.416
1	78.7516
1	109.651
1	118.754
1	89.4647
1	236.223
1	131.634
1	49.472
1	85.239
1	71.1977
1	95.2781
1	66.8869
1	51.0111
1	183.939
1	102.795
1	264.552
1	72.7792
1	132.745
1	98.7069
1	83.4154
1	105.747
1	66.5835
1	139.838
1	112.762
1	45.5897
1	88.2814
1	219.019
1	85.8946
1	116.756
1	208.689
1	96.0555
1	148.255
1	52.632
1	247.881
1	200.126
1	56.7612
1	47.3908
1	37.8764
1	84.5934
0	8.53716
1	72.1232
1	103.202
1	149.621
1	98.7991
1	155.576
1	223.273
1	207.29
1	133.476
1	160.976
1	113.109
1	119.242
1	89.5882
1	91.5983
1	93.4834
1	124.733
1	75.9735
1	114.162
1	72.5839
1	81.1747
1	101.518
1	256.519
1	70.0277
1	64.7908
1	47.8338
1	104.5
1	115.352
1	103.744
1	166.798
1	275.326
1	70.9129
1	117.144
1	127.213
1	103.801
1	57.6877
1	144.446
1	135.186
1	195.556
1	85.5777
1	58.0772
1	99.8304
1	98.166
1	79.7637
1	239.398
1	105.435
1	75.6354
1	217.31
1	88.1259
1	115.21
1	35.6721
1	121.353
1	51.2338
1	85.753
1	100.883
1	208.62
1	205.856
1	168.137
1	73.7481
1	92.922
1	112.714
1	66.553
1	58.9386
1	102.962
1	113.791
1	135.344
1	85.5157
1	67.5603
1	114.127
1	82.8931
1	86.7674
1	112.861
1	176.071
1	113.658
1	75.3971
1	126.678
1	130.766
1	104.809
1	151.019
1	123.443
1	102.304
1	120.861
1	74.774
1	38.6354
1	118.567
1	62.7951
1	62.9034
1	41.8405
1	129.887
1	57.2914
1	75.4514
1	73.3515
1	103.201
1	60.8666
1	152.61
1	150.2
1	191.09
1	93.2143
1	211.443
1	155.483
1	136.363
1	46.4848
1	110.845
1	121.633
1	130.769
1	36.072
1	111.619
1	76.5082
1	102.394
1	105.42
1	69.1505
1	106.327
1	114.474
1	61.6816
1	176.074
1	129.468
1	104.025
1	63.2231
1	109.376
1	100.404
1	63.7682
1	122.109
1	90.1154
1	178.224
1	133.658
1	130.998
1	43.5415
1	69.8335
1	123.458
1	57.4949
1	74.4654
1	120.734
1	189.509
1	164.223
1	275.618
1	124.413
1	94.771
1	231.527
1	93.6596
1	135.473
1	203.989
1	106.831
1	121.823
1	63.8663
1	134.657
1	166.831
1	97.1632
1	175.625
1	134.291
1	98.2012
1	39.9157
1	76.7323
1	114.68
1	96.7288
1	242.318
1	57.403
1	61.5458
1	81.5281
1	53.5299
1	62.0841
1	154.817
1	152.469
1	180.718
1	123.615
1	80.9791
1	68.1483
1	169.947
1	79.6261
1	117.01
1	111.362
1	48.0927
1	61.68
1	59.7581
1	156.377
1	99.4519
1	172.097
1	105.584
1	91.5217
1	168.215
1	111.52
1	60.1229
1	95.8408
1	165.265
1	157.656
1	68.1921
1	85.2238
1	75.3607
1	140.203
1	125.088
1	149.353
1	253.726
1	69.4281
1	71.7576
1	75.3256
1	90.9842
1	78.1379
1	109.59
1	60.083
1	126.105
1	66.0117
1	90.8655
1	32.2793
1	73.8577
1	74.2197
1	134.153
1	144.942
1	103.647
1	63.4726
1	156.054
1	110.687
1	64.0224
1	69.2023
1	80.8415
1	156.986
1	113.337
1	147.056
1	120.651
1	66.7534
1	109.139
1	46.0745
1	187.825
1	143.975
1	89.7256
1	65.7563
1	132.599
1	90.6247
1	178.925
1	94.2599
1	153.442
1	75.0297
1	109.649
1	119.668
1	120.878
1	91.7118
1	73.5226
1	190.919
1	103.555
1	117.031
1	72.3527
1	92.8527
1	169.811
1	109.294
1	44.7188
1	143.913
0	102.62
1	71.2896
1	109.855
1	96.2139
1	66.4175
1	76.2102
1	164.87
1	84.1014
1	75.9813
1	123.079
1	73.6772
1	96.5454
1	93.9574
1	147.178
1	100.363
1	168.248
1	92.9689
1	112.614
1	35.6606
1	88.3366
1	83.5467
1	108.617
1	117.87
1	56.406
1	150.906
1	81.6552
1	79.8432
1	77.6972
1	106.515
1	100.069
1	83.0634
1	89.1705
1	81.9283
1	158.952
1	170.357
1	63.1405
1	95.6725
1	122.701
1	117.095
1	119.344
1	141.265
1	134.844
1	49.3391
1	250.087
1	120.911
1	99.4371
1	157.266
1	44.702
1	150.154
1	69.6861
1	120.729
1	64.7576
1	83.6924
1	99.9241
1	84.567
1	262.359
1	149.171
1	118.535
1	97.5071
1	83.0991
1	74.864
1	51.7999
1	92.984
1	85.935
1	56.183
1	172.375
1	98.9211
1	237.394
1	35.0518
1	143.362
1	131.098
1	83.3644
1	59.4841
1	151.799
1	146.461
1	100.592
1	171.523
1	105.659
1	97.1179
1	74.5963
1	69.1811
1	107.065
1	44.4253
1	53.1122
1	65.9898
1	80.4915
1	50.9338
1	100.831
1	178.99
1	143.289
1	85.4222
1	83.9758
1	90.7397
1	153.866
1	30.1228
1	61.9011
1	86.4476
1	121.552
1	123.392
1	107.695
1	90.4828
1	91.2546
1	166.057
1	108.255
1	74.199
1	195.158
1	80.8074
1	112.116
1	284.112
1	119.893
1	132.825
1	53.7242
1	100.987
1	81.1232
1	89.3298
0	42.2501
1	124.802
1	80.7445
1	231.108
1	56.2971
1	94.2028
1	90.1682
1	54.0632
1	40.0511
1	187.033
1	68.5967
1	82.7825
1	109.325
1	85.0041
1	145.351
1	176.896
1	124.5
1	37.531
1	166.538
1	211.037
1	92.6981
1	147.719
1	105.224
1	39.9879
1	90.9886
1	227.077
1	37.9651
1	66.064
1	81.4328
1	68.711
1	51.6267
1	113.578
1	94.6808
1	162.704
1	46.7468
1	143.731
1	92.3504
1	129.765
1	252.21
1	109.578
1	44.898
1	135.809
1	107.252
1	160.299
1	42.9674
1	86.8575
1	37.4146
1	37.8165
1	61.3747
1	67.8669
1	76.2458
1	137.047
1	89.9347
1	96.3475
1	83.3857
1	74.5915
1	159.872
1	181.204
1	94.532
1	67.2211
1	93.3349
1	90.041
1	218.212
1	93.6564
1	78.4698
1	153.838
1	76.112
1	246.214
1	114.041
1	162.09
1	62.1433
1	158.06
1	140.033
1	107.031
1	66.3522
1	99.4905
1	146.058
1	119.689
0	23.602
1	42.5713
1	122.531
1	82.9272
1	90.1724
1	59.9282
1	109.282
1	71.664
1	89.124
1	90.5316
1	36.8175
1	156.304
1	57.2866
1	64.3416
1	44.2937
1	201.848
1	61.9611
1	147.717
1	132.956
1	83.7111
1	100.205
1	81.9248
1	126.776
1	102.389
1	121.25
1	114.433
1	62.9747
1	194.306
1	107.323
1	336.431
1	203.984
1	81.176
1	141.84
1	163.484
1	152.529
1	47.1839
1	102.865
1	203.953
1	67.3428
1	89.3657
1	63.2544
1	90.7248
1	156.314
1	32.1183
1	88.6525
1	126.095
1	46.1668
1	103.544
1	202.901
1	107.028
1	104.252
1	71.0889
1	122.926
1	89.8901
1	122.185
1	109.247
1	54.9316
1	116.653
1	183.124
1	95.8269
1	75.9208
1	37.779
1	120.394
1	122.335
1	199.11
1	147.818
1	66.7068
1	84.0106
1	88.0249
1	68.6909
1	113.016
1	83.8092
1	157.293
1	85.562
1	78.4431
1	41.7462
1	74.2492
1	217.037
1	70.1377
0	5.51995
1	95.5751
1	137.505
1	90.3788
1	99.638
1	73.3972
1	35.7947
1	95.7999
1	67.7059
1	114.157
1	54.3615
1	73.0266
1	79.8471
1	59.2616
1	84.3826
1	128.714
1	218.985
1	99.5357
1	80.5055
1	41.1035
1	120.436
1	160.254
1	113.934
1	233.912
1	46.3999
1	56.239
1	87.3971
1	77.0096
1	96.5545
1	63.8113
1	56.4024
1	128.573
1	121.809
1	147.327
1	196.082
1	74.0905
1	80.6459
1	72.2396
1	106.043
1	70.2129
1	93.5004
1	99.5388
1	80.6559
1	131.4
1	134.941
1	198.331
1	66.6535
1	103.666
1	145.559
1	160.493
1	159.898
1	104.416
1	72.7001
1	88.7429
1	150.155
1	131.801
1	154.169
0	65.6787
1	86.3639
1	188.016
1	81.0841
1	33.5403
1	186.35
1	64.9427
1	114.268
1	127.735
1	74.6078
1	141.5
1	115.953
1	111.914
1	58.152
1	72.2559
1	69.3152
1	79.6957
1	103.599
1	237.877
1	188.783
1	43.9599
1	108.468
1	94.5727
1	92.2313
1	78.8532
1	202.301
1	115.772
1	125.723
1	163.139
1	124.471
1	79.4053
1	67.0312
1	251.15
1	77.5344
1	65.9268
1	100.123
1	56.3898
1	83.6156
1	124.178
1	83.2479
1	83.5635
1	100.949
1	148.352
1	96.6526
1	77.413
1	133.449
1	108.377
1	70.5126
1	43.3135
1	101.817
1	55.7493
1	218.622
1	41.5517
1	100.489
1	194.913
1	185.511
1	110.615
1	154.908
1	98.3107
1	126.32
1	79.8306
1	114.885
1	138.572
1	56.4142
1	90.6095
1	69.947
1	107.024
1	176.394
1	113.454
1	145.437
1	103.517
1	192.581
1	170.664
1	106.717
1	75.3424
1	50.9724
1	65.2655
1	114.476
1	88.285
0	35.1579
1	71.4799
1	247.025
0	8.61402
1	176.737
1	77.3357
1	65.8418
1	71.2484
1	132.247
1	64.1824
1	134.55
1	112.639
1	129.627
1	63.0172
1	39.3497
1	130.405
1	72.1603
1	106.847
1	96.2667
1	114.047
1	90.8866
1	62.5424
1	184.547
1	52.3187
1	50.5062
1	120.175
1	120.902
1	76.6747
1	84.271
1	132.02
1	148.834
1	55.0371
1	116.156
1	74.385
1	117.887
1	92.9144
1	82.2555
1	158.353
1	103.966
1	158.75
1	104.602
1	158.916
1	74.9182
1	48.5949
1	65.0023
1	39.1984
1	126.479
1	68.7426
1	72.9775
1	108.098
1	138.281
1	145.685
1	119.392
1	97.0156
1	79.0366
1	102.389
1	43.3768
1	76.8991
1	152.368
1	151.235
1	174.688
1	85.3853
1	229.179
1	123.512
1	64.8918
1	195.456
1	78.6514
1	138.146
1	137.161
1	168.852
1	74.8545
1	180.605
1	163.931
1	61.6269
1	118.526
1	123.357
1	82.4356
1	128.903
1	68.9087
1	63.8253
1	50.7969
1	138.874
1	139.676
1	36.7663
1	111.674
1	106.995
1	74.2568
1	99.4959
1	168.81
1	233.38
1	117.664
1	122.304
1	52.2765
1	89.6017
1	204.061
1	50.7016
1	102.463
1	100.558
1	50.7059
1	86.7993
1	140.47
1	42.0591
1	128.803
1	112.103
1	42.5483
1	70.5748
1	115.174
0	8.08924
1	78.5545
1	190.348
1	106.988
1	56.1162
1	61.5499
1	133.266
1	80.8449
1	59.3646
1	80.662
1	96.0502
1	175.748
1	62.8369
1	185.549
1	87.8848
1	39.0972
1	74.0529
1	101.754
1	166.33
1	143.805
1	94.0208
1	138.444
1	91.0743
1	161.397
1	128.475
1	133.535
1	58.3251
1	119.157
1	74.805
1	85.7961
1	87.5854
1	147.569
1	91.7684
1	120.763
1	68.6143
1	122.853
1	74.4857
1	131
0	16.3056
1	191.891
1	85.3434
1	182.439
1	132.549
1	140.694
1	190.243
1	76.6405
1	150.605
1	163.34
1	85.1333
1	124.281
1	106.843
1	66.6762
1	96.2606
1	68.6752
1	42.7277
1	102.63
1	107.425
1	153.326
1	93.7777
1	70.0395
1	84.6554
1	156.184
1	89.1788
1	88.8715
1	186.53
1	49.2175
1	139.67
1	63.009
1	76.8318
1	160.766
1	44.5625
1	78.9685
1	80.3645
1	199.988
1	60.4785
1	110.717
1	38.0234
1	93.642
1	82.9981
1	136.392
1	62.092
1	163.216
1	64.4493
1	114.374
1	124.279
1	196.506
1	93.3462
1	283.125
1	82.2549
1	82.3472
1	78.0077
1	101.33
1	67.0369
1	106.541
1	67.0448
1	169.456
1	77.9804
1	164.007
1	411.332
1	45.2596
1	140.488
1	83.1405
1	139.292
1	88.8093
1	172.559
1	145.358
0	75.1051
1	79.1318
1	87.2778
1	128.331
1	78.5535
1	101.665
1	148.571
1	95.5097
1	57.1853
1	50.9449
1	104.554
1	53.4829
1	81.9143
1	202.06
1	129.146
1	117.474
1	143.579
1	67.2475
1	73.7173
1	85.8174
1	109.821
1	88.4026
1	88.0648
1	186.466
1	98.1625
1	198.033
1	224.169
1	90.1858
1	67.7229
1	83.34
1	152.339
1	86.868
1	46.5946
1	117.849
1	153.37
1	149.641
1	249.284
1	97.9492
1	91.3858
1	153.742
1	44.9351
1	92.6666
1	198.052
1	69.5796
1	251.141
1	100.729
1	109.344
1	125.311
1	89.9921
1	277.039
1	79.3438
1	128.139
1	94.673
1	89.5726
1	148.618
1	70.7328
1	88.0842
1	174.349
1	145.968
1	131.781
1	145.542
1	221.333
1	65.2369
1	51.547
1	209.038
1	184.723
1	112.295
1	83.914
1	103.217
1	88.6317
1	116.409
1	66.2665
1	63.2319
1	93.286
1	143.775
1	63.8748
1	71.2661
1	157.652
1	103.816
1	75.1163
1	109.272
1	128.429
1	79.4115
1	124.033
1	86.1454
1	89.4167
0	12.0957
1	118.43
1	111.091
1	72.3246
1	93.6429
1	148.802
1	68.7995
1	230.346
1	158.207
1	115.487
1	204.587
1	177.102
1	153.579
1	176.382
1	92.8935
1	94.973
1	82.5704
0	22.1759
1	80.22
1	140.734
1	95.0645
1	134.492
1	119.56
1	108.403
1	91.1797
1	101.485
1	107.031
1	124.83
1	82.2884
1	66.1668
1	170.326
1	142.694
1	71.276
1	79.0081
1	91.4748
1	114.185
1	136.702
1	230.161
0	48.9116
1	106.344
1	89.4054
1	97.7202
1	137.378
1	106.54
0	77.4555
1	68.7561
0	22.82
1	176.113
1	109.133
1	52.735
1	104.244
1	73.5342
1	111.73
1	128.648
1	74.7161
1	154.811
1	130.947
1	165.228
1	202.586
1	105.101
1	55.9473
1	165.965
1	109.124
1	49.1692
1	139.835
1	161.588
1	111.07
1	91.0313
1	163.609
1	135.222
1	200.533
1	80.4496
1	99.3951
1	117.68
1	197.972
1	87.5665
1	115.021
1	35.8254
1	89.7146
1	65.3895
1	94.093
1	108.62
1	75.8749
1	133.777
1	120.315
1	69.9737
1	50.6849
1	138.371
1	77.5669
1	125.738
1	44.2252
1	97.587
1	104.499
1	53.7721
1	54.8664
1	77.7122
1	78.1379
1	127.493
1	74.8798
1	122.167
1	105.472
1	107.819
1	50.8801
1	111.822
1	62.9287
1	191.969
1	71.553
1	73.7219
1	163.569
1	77.3875
1	147.728
1	117.056
1	114.801
1	93.533
1	125.325
1	176.98
1	93.0342
1	138.953
1	104.419
1	63.5337
1	174.403
1	62.4925
1	107.005
1	124.638
0	26.9958
1	68.9449
1	53.4509
1	112.213
1	114.792
1	144.635
1	131.302
1	135.906
1	68.8978
1	69.2594
1	126.629
1	101.353
1	118.641
1	49.5435
1	131.387
1	73.6727
1	63.8458
1	101.605
1	140.463
1	130.195
1	67.7366
1	144.752
1	85.9506
1	78.7822
1	93.4744
1	46.6999
1	149.236
1	219.706
1	88.0137
1	69.0288
1	64.6638
1	69.8702
1	77.5855
1	116.235
1	223.577
1	179.589
1	118.906
1	94.3672
1	68.6314
1	77.3725
1	91.5298
1	80.8582
1	52.1906
1	117.727
1	147.4
1	44.1938
1	68.6641
1	98.4421
1	118.924
1	98.3584
1	65.0909
1	106.635
1	141.002
1	118.796
1	72.7921
1	141.09
1	106.276
1	82.1955
1	70.3523
1	97.987
1	150.367
1	116.976
1	209.723
1	125.58
1	73.5836
1	109.057
1	97.2473
1	184.116
1	120.449
1	258.198
1	125.577
1	92.0666
1	74.2482
1	110.707
1	204.572
1	106.502
1	80.4122
1	109.033
1	133.562
1	145.052
1	215.108
1	131.468
1	84.6519
1	106.261
1	94.5393
1	89.8484
1	146.576
1	157.687
1	48.1913
1	97.0125
1	83.784
1	127.872
1	103.741
1	79.8681
1	216.557
1	49.825
1	193.883
1	66.2427
1	66.96
1	79.4719
1	47.0915
1	98.9222
1	37.1362
1	123.608
1	63.7859
1	144.866
1	85.7219
1	61.4143
1	55.2276
1	225.561
1	152.226
1	280.113
1	111.657
1	105.475
1	76.6785
1	126.519
1	68.8784
1	54.553
1	217.886
1	88.2692
1	100.035
1	138.311
1	105.181
1	75.2342
1	81.9027
1	134.019
1	94.111
1	122.691
1	120.913
1	107.018
1	122.801
1	125.82
1	88.4818
1	84.6201
1	95.1604
1	88.0975
1	107.621
1	93.8828
1	77.9888
1	118.349
1	52.5319
1	154.372
1	113.274
1	117.665
1	116.999
1	115.772
1	139.806
1	125.538
1	97.3895
1	161.949
0	85.3901
1	54.1252
1	118.474
1	60.1131
1	98.1321
1	83.6627
1	88.191
1	283.835
1	88.9988
1	202.429
1	47.6009
1	104.299
1	101.18
1	62.4521
1	261.709
1	85.5934
1	99.6885
1	72.1853
1	155.535
1	92.6814
1	123.066
1	108.161
1	161.673
1	69.8122
1	61.8235
1	148.149
1	193.694
1	277.795
1	111.293
1	97.29
1	99.7294
1	50.88
1	114.868
1	67.8996
1	69.3721
1	96.1152
1	110.89
1	218.589
1	99.1262
1	70.4275
1	86.8944
1	142.023
1	142.345
1	78.8711
1	115.704
1	94.3946
1	40.2399
1	162.512
1	182.565
1	162.576
1	91.6003
1	93.3362
1	79.3712
1	37.1398
1	93.4485
1	110.09
1	90.5657
1	129.215
1	63.5061
1	158.031
1	166.56
1	115.269
1	189.304
1	254.738
1	261.905
1	64.7486
1	125.368
0	79.4723
1	106.047
1	77.373
1	155.578
1	168.255
1	83.3304
1	101.72
1	96.8574
