10000	1	9900	0.00208333
0.025641	253.821	22617.9	0.0228438	1e-08
1	274.669
1	156.606
1	154.464
1	224.144
1	185.899
1	226.741
1	191.516
1	257.383
1	217.919
1	127.92
1	261.734
1	189.902
1	225.263
1	194.712
1	141.315
1	372.132
1	178.32
1	217.853
1	201.442
1	282.859
1	124.755
1	276.398
1	290.569
1	162.923
1	167.679
1	137.787
1	218.235
1	157.507
1	221.362
1	254.104
1	142.556
1	215.427
1	198.889
1	196.324
1	152.682
1	248.734
1	120.704
1	231.296
1	202.766
1	234.047
1	283.113
1	415.074
1	222.791
1	223.309
1	210.231
1	172.053
1	172.434
1	256.365
1	200.746
1	214.429
1	189.5
0	41.2192
1	246.693
1	238.475
1	203.34
1	257.515
1	202.547
1	172.124
1	232.69
1	152.758
1	200.511
1	184.649
1	149.66
0	9.90717e-05
1	224.537
1	197.057
1	200.46
0	172.674
1	268.67
1	146.575
1	190.474
1	207.263
1	185.484
1	167.829
1	167.539
1	163.756
1	152.026
1	266.988
1	206.725
1	136.95
1	224.239
1	338.569
1	167.687
1	190.884
1	228.312
1	253.456
1	211.677
1	273.403
1	150.929
1	233.015
1	229.747
1	209.864
1	168.593
1	162.805
1	169.109
1	135.761
1	148.018
1	288.893
1	264.479
1	268.923
1	162.29
1	257.649
1	200.898
1	243.438
1	180.489
1	231.925
1	208.835
1	252.603
1	158.679
1	270.283
1	217.129
1	173.309
1	137.767
1	191.985
1	198.795
1	164.168
1	195.157
1	211.066
1	200.728
1	233.995
1	208.601
1	189.632
1	143.25
1	190.497
1	170.473
1	294.975
1	196.744
1	196.883
1	205.074
1	355.419
1	135.533
1	183.367
1	155.132
1	164.47
1	222.691
1	188.494
1	237.808
1	176.262
1	199.37
1	316.538
1	206.426
1	263.526
1	184.814
1	245.727
1	183.191
1	144.098
1	180.29
1	341.209
1	155.268
1	159.521
1	245.668
1	173.253
1	160.691
1	257.737
1	217.665
1	159.178
1	226.299
1	233.257
1	147.87
1	295.807
1	147.721
1	159.327
1	193.023
1	140.929
1	156.728
1	292.254
1	124.609
1	181.901
1	172.511
1	215.28
1	234.992
1	142.833
1	168.711
1	308.014
1	299.159
1	204.24
1	213.451
1	164.536
1	133.008
1	181.093
1	206.425
1	193.192
1	238.62
1	180.637
1	199.352
1	204.921
1	186.467
1	196.369
1	131.995
1	259.563
1	202.854
1	241.215
0	10.0811
1	265.266
1	154.324
1	147.461
1	217.256
1	280.383
1	185.819
1	197.515
1	175.441
1	245.778
1	212.97
1	241.873
1	292.082
1	169.024
1	169.788
1	313.253
1	207.088
1	159.386
1	197.669
1	164.119
1	241.998
1	239.617
1	224.878
1	115.915
1	192.49
1	163.529
1	169.15
1	255.977
1	183.761
1	276.874
1	197.332
1	174.485
1	222.831
1	225.064
1	250.519
1	245.731
1	270.05
1	197.154
1	166.174
1	227.525
0	2.67393e-05
1	175.851
1	160.83
1	174.685
1	218.195
1	168.227
1	196.275
1	132.497
1	269.17
1	283.243
1	191.943
1	186.392
0	0.000106477
1	214.249
1	190.458
1	181.663
1	183.899
1	169.933
1	174.213
1	270.524
1	185.309
1	171.474
1	188.755
1	146.089
1	177.05
1	186.46
1	126.735
1	183.464
1	160.523
1	180.165
1	227.726
1	153.363
1	145.989
1	178.69
1	217.252
1	217.323
0	6.27105e-05
1	215.76
1	183.34
1	202.537
1	178.705
1	180.453
1	146.144
1	162.351
1	170.191
1	195.761
1	160.994
1	262.607
1	188.042
1	165.248
1	158.873
1	299.269
1	202.588
1	154.136
1	184.401
1	212.146
1	219.843
1	144.942
1	248.033
1	215.507
1	202.462
1	217.252
1	227.337
1	154.799
1	189.024
1	158.202
1	160.638
1	322.36
1	271.511
1	254.589
1	231.664
1	166.882
1	281.658
1	296.508
1	153.414
1	202.112
1	223.026
1	168.925
1	165.636
1	235.865
1	235.938
1	204.259
1	215.221
1	178.349
1	170.363
0	0.000135376
1	210.49
1	179.769
1	318.149
1	151.926
1	351.091
1	155.122
1	188.853
1	293.383
1	152.079
1	166.806
1	199.254
1	176.711
1	210.699
1	424.948
1	251.65
1	147.508
1	179.378
1	133.775
1	186.056
1	144.709
1	185.365
1	163.2
1	182.679
1	203.213
1	232.282
1	164.811
1	126.855
1	149.69
1	121.372
0	3.86157e-05
1	280.863
1	136.302
0	8.2645e-05
1	198.054
1	271.557
1	210.056
1	190.823
1	235.2
1	178.958
1	225.017
1	130.176
1	186.39
1	196.044
1	218.134
1	224.179
1	231.238
1	243.208
1	175.032
1	192.368
1	153.501
1	307.081
1	199.42
1	197.221
1	145.059
1	148.659
1	143.037
1	200.557
1	269.975
1	209.9
1	218.201
1	204.68
1	207.218
1	177.688
1	124.609
1	200.577
1	203.164
1	198.655
1	181.385
1	183.072
1	133.074
1	231.866
1	166.341
1	223.043
1	214.852
1	190.54
1	320.218
1	235.408
1	166.011
1	159.782
1	167.896
1	368.123
1	199.041
1	170.447
1	226.221
1	172.081
1	130.441
1	133.226
1	131.881
1	177.299
1	202.497
1	161.139
1	258.2
1	185.908
1	193.145
1	269.777
1	204.178
1	355.98
1	237.843
1	210.203
1	232.037
1	171.208
1	213.75
1	188.022
1	174.49
1	202.284
1	162.605
1	158.124
1	271.515
1	193.674
1	177.646
1	212.641
1	149.47
1	273.706
1	198.956
1	230.3
1	275.45
1	286.045
1	206.005
1	218.679
1	185.865
1	185.788
1	341.671
1	254.036
1	161.011
1	160.393
1	178.306
1	154.803
1	179.655
1	195.809
1	172.934
1	239.751
1	217.049
1	217.073
1	268.687
1	303.983
1	153.551
1	144.814
1	224.44
1	191.12
1	158.441
1	231.389
1	194.113
1	179.202
1	194.909
1	182.514
1	341.296
1	166.94
1	177.149
1	168.112
1	155.978
1	300.528
1	248.484
0	0.45355
1	255.044
1	159.644
1	162.696
1	127.403
1	169.139
1	261.438
1	233.867
1	255.279
1	254.675
1	283.03
1	174.056
1	254.324
1	178.753
1	303.777
1	231.316
1	255.453
1	138.187
1	253.713
1	190.471
0	65.6689
1	139.665
1	185.117
1	177.018
1	185.421
1	230.946
1	241.217
1	139.741
1	151.749
1	247.056
1	183.669
1	201.967
1	226.273
1	161.496
1	215.643
1	226.516
1	155.28
1	179.141
0	67.3555
1	153.649
1	185.989
1	252.841
1	173.654
1	139.564
1	240.698
1	195.834
1	159.471
1	180.315
1	207.543
1	216.168
1	287.625
1	161.323
1	214.387
1	244.067
1	209.52
1	247.418
1	215.818
1	246.147
1	195.427
1	172.917
1	163.353
1	223.218
1	168.115
1	144.08
1	179.025
1	208.727
1	168.707
1	241.896
1	334.501
1	169.367
1	272.352
1	263.256
1	245.354
1	158.022
1	156.162
1	283.635
1	257.529
1	145.394
1	222.615
1	168.491
1	181.236
1	199.401
1	175.105
1	139.868
1	196.506
1	257.569
1	213.357
1	198.586
1	201.39
1	434.649
1	190.035
1	174.732
1	167.774
1	188.475
1	188.054
1	195.62
0	1.8766e-06
1	235.935
1	249.051
1	159.671
1	168.243
1	236.756
1	144.971
1	165.733
1	181.857
1	258.547
1	316.938
1	178.651
1	198.185
1	290.496
1	188.435
1	361.507
1	226.657
1	179.985
1	248.701
1	170.757
1	227.973
1	185.902
1	143.57
1	191.03
1	156.669
1	164.034
1	161.998
1	187.89
1	165.047
1	195.881
1	190.91
1	144.081
1	195.626
1	273.597
1	242.661
1	207.375
1	176.208
1	145.19
0	4.07927e-05
1	196.171
1	151.465
1	131.351
1	228.608
1	169.946
1	190.056
1	190.661
1	276.538
1	132.44
1	178.572
1	176.292
1	235.624
1	135.541
1	149.458
1	205.689
1	155.86
1	171.275
1	239.324
1	245.302
1	216.689
1	199.498
1	155.02
1	204.351
1	173.522
1	199.465
1	188.038
1	184.476
1	241.649
1	217.834
1	220.984
1	233.541
1	193.397
1	222.324
1	170.106
1	222.652
1	266.845
0	0.000106287
1	128.57
1	235.787
1	146.975
1	235.741
1	223.829
1	274.53
1	209.391
1	207.647
1	361.519
1	206.542
1	194.201
1	167.23
1	194.84
1	203.307
1	179.265
1	149.719
1	134.791
1	319.923
1	110.416
1	196.073
1	282.873
1	208.205
1	223.059
1	157.372
1	170.107
1	207.664
1	186.114
1	204.834
1	199.337
1	198.385
1	171.62
1	188.697
1	195.418
1	249.084
1	183.748
1	387.405
1	268.929
1	346.3
1	241.562
1	210.327
1	191.859
1	182.568
1	210.16
0	2.52794e-06
1	155.747
1	191.145
1	254.768
1	292.092
1	143.952
1	190.667
1	342.936
1	227.874
1	173.297
1	153.01
1	123.396
1	167.172
1	163.822
1	171.964
1	237.595
0	6.62423e-05
1	176.198
1	178.419
1	318.87
1	194.694
1	171.36
1	169.932
1	156.635
1	200.813
1	170.408
1	193.434
1	185.612
1	221.403
1	216.591
1	138.246
1	159.345
1	131.54
1	344.6
1	250.214
1	215.719
1	196.66
1	373.105
1	186.014
1	355.102
1	263.687
1	154.42
1	180.862
1	241.266
1	158.692
1	170.321
1	169.513
1	160.357
1	224.532
1	195.799
1	199.54
1	172.694
1	139.009
1	244.066
1	130.544
1	204.274
1	184.372
1	152.537
1	337.569
1	148.659
1	242.115
1	396.719
1	265.843
1	183.219
1	134.162
1	266.849
1	185.338
1	221.489
1	204.38
1	258.716
1	197.253
1	148.022
1	165.044
1	181.328
1	163.161
1	218.17
1	153.159
1	175.146
1	144.615
1	162.892
1	177.704
1	260.919
1	174.12
1	221.039
1	211.122
1	193.031
0	51.758
1	262.451
1	359.917
1	166.143
1	196.48
1	211.222
1	204.675
1	198.61
1	174.625
1	292.416
1	218.36
1	288.82
1	261.851
1	169.144
1	331.487
1	191.758
1	133.828
1	134.462
1	146.644
1	220.437
1	150.309
1	228.899
1	229.372
1	261.622
1	139.879
1	185.905
1	174.172
1	185.671
1	205.668
1	180.566
1	175.978
1	173.294
1	230.526
1	310.027
1	295.912
1	192.436
1	192.869
1	121.036
1	241.403
1	165.633
1	294.965
1	228.397
1	188.17
1	246.373
1	195.413
1	154.803
1	198.014
1	164.026
1	172.552
1	200.944
1	175.624
0	3.66051e-05
0	2.33092e-05
1	186.802
1	241.747
0	2.58852e-06
1	236.261
1	179.184
1	251.366
1	199.464
1	190.015
1	242.397
1	332.988
1	221.634
1	174.368
1	229.736
1	247.253
1	287.222
1	173.055
1	237.788
1	259.612
1	283.16
1	275.448
1	185.024
1	190.256
1	182.182
1	131.526
1	190.134
1	177.934
1	164.07
1	260.564
1	167.466
1	198.081
1	227.112
1	253.308
1	202.974
1	194.213
1	172.345
1	206.747
1	183.549
1	173.162
1	139.063
1	181.146
1	165.777
1	172.291
1	267.264
1	152.892
1	198.31
1	275.811
1	259.687
1	205.183
1	160.733
1	178.978
1	149.077
1	210.085
1	147.657
1	219.315
1	164.19
1	205.803
1	214.228
1	186.202
1	123.41
1	159.278
1	205.634
1	274.541
1	245.772
1	110.706
0	3.03199e-05
1	175.251
1	219.046
1	199.278
1	189.605
1	243.079
1	171.865
1	168.949
1	230.621
0	0.00015045
1	184.679
1	171.261
1	157.957
1	238.56
1	235.447
1	172.624
1	287.736
1	283.205
1	171.561
1	186.187
1	255.841
1	180.585
1	266.166
1	235.378
1	179.342
0	46.8836
1	238.072
1	197.287
1	270.962
1	176.493
1	288.743
1	163.18
0	1.76335e-05
1	235.279
1	241.908
1	149.574
1	237.153
1	353.257
1	191.908
1	156.445
1	241.939
1	167.921
1	213.89
1	232.362
1	300.918
1	235.046
1	212.957
1	151.465
1	169.035
1	236.25
1	208.835
1	140.581
1	156.16
1	173.795
1	239.287
1	107.309
1	209.899
1	196.275
1	271.781
1	183.415
1	183.591
1	444.416
1	172.881
1	219.689
1	205.035
1	132.696
1	217.173
1	256.019
1	162.472
0	7.49815e-05
1	199.357
1	158.588
1	142.182
1	188.835
1	205.007
1	190.919
1	134.683
1	168.259
1	189.529
1	258.531
1	198.003
0	6.43543e-05
1	215.21
1	190.354
1	144.765
1	240.767
1	186.525
1	204.641
1	290.275
1	244.974
1	233.246
1	187.198
1	191.012
1	155.458
1	192.395
1	235.674
1	189.408
0	32.0565
1	247.407
1	234.327
1	144.421
1	210.053
1	162.399
1	108.184
1	169.194
1	179.693
1	195.599
1	161.174
1	208
1	194.546
1	280.734
1	253.389
1	194.792
1	328.765
1	226.341
1	185.21
1	226.31
1	184.519
0	3.91695e-05
1	224.138
1	191.053
1	270.408
1	167.557
1	203.204
1	149.072
1	201.956
1	192.42
1	189.871
1	130.429
1	129.553
1	151.767
1	195.577
1	171.798
1	228.194
1	182.033
1	206.917
1	293.059
1	255.42
1	150.933
1	206.58
1	193.165
1	206.57
1	156.503
1	209.401
1	213.222
1	124.421
1	347.967
1	206.439
1	147.622
1	167.636
1	185.786
1	278.79
1	184.742
1	196.062
1	192.97
1	207.796
1	242.81
1	207.693
1	232.767
0	1.7064
1	222.652
1	156.22
1	209.849
1	349.661
1	344.247
1	164.935
1	142.975
1	242.55
1	186.033
1	175.448
1	147.642
1	152.082
1	206.394
1	182.758
1	207.233
1	235.502
1	199.34
1	231.561
1	174.757
1	172.531
1	165.961
1	194.512
1	222.507
1	138.579
1	180.69
1	183.439
1	225.709
1	175.175
1	186.757
1	204.886
1	206.605
1	162.079
1	235.766
1	255.806
1	235.784
1	184.123
1	257.605
1	223.781
1	351.25
1	183.678
1	218.081
1	237.239
1	483.006
1	190.261
1	244.301
1	281.987
1	190.998
1	188.062
1	178.369
1	240.837
1	170.562
1	177.556
0	7.93534e-05
1	137.532
1	184.889
1	140.202
1	236.309
1	173.486
1	370.25
1	189.211
1	213.64
1	177.844
1	169.219
1	201.57
1	221.08
1	175.128
1	209.827
0	6.74966e-05
1	350.365
1	235.716
1	250.094
1	159.174
1	254.781
1	270.187
1	192.242
1	195.864
1	246.572
1	238.076
1	136.078
1	283.308
0	0.738482
1	190.915
1	156.937
1	214.378
1	190.289
1	229.013
1	164.18
1	188.489
1	224.653
1	520.26
1	164.976
1	391.714
1	164.161
1	186.457
1	267.361
1	352.289
1	219.769
1	339.725
1	183.825
1	169.745
1	214.223
1	248.536
1	265.907
1	272.367
1	200.686
1	184.941
0	21.8094
1	170.787
1	190.783
1	385.186
1	220.644
1	211.719
1	226.145
1	337.144
1	128.625
1	352.043
0	41.2146
1	225.283
1	237.491
1	243.866
1	127.587
1	185.395
1	231.374
1	169.588
1	161.368
1	185.894
1	210.483
1	185.919
1	339.822
1	186.353
1	159.412
1	166.548
1	145.022
1	175.621
1	238.074
1	210.981
1	212.918
1	181.216
1	195.705
1	178.341
1	260.538
1	174.956
1	188.749
1	228.544
1	379.256
1	310.946
1	218.985
1	191.182
1	190.469
1	253.676
1	170.843
1	168.302
1	236.311
1	166.967
1	176.311
1	263.175
1	169.549
1	158.686
1	231.234
1	198.576
1	159.132
1	230.977
1	198.311
1	180.448
1	323.229
1	240.106
1	211.169
1	209.321
1	263.143
1	234.731
1	271.146
1	282.256
1	189.853
1	136.064
1	251.077
1	224.32
0	0.000128715
1	190.444
1	351.101
1	225.454
1	155.176
1	179.428
1	214.852
1	223.809
1	133.263
1	183.19
1	171.78
1	193.051
1	176.212
1	283.494
1	245.974
1	188.933
1	204.62
1	318.548
1	264.43
1	194.667
1	410.708
1	184.069
1	198.958
1	188.047
1	203.98
1	212.313
1	215.332
1	265.019
1	180.463
1	112.992
1	194.323
1	299.469
1	280.095
1	228.176
1	168.328
1	168.977
1	259.573
1	293.634
0	3.71254
1	220.192
1	173.47
1	203.518
1	187.349
1	142.695
1	185.134
1	193.131
1	180.058
1	193.4
1	181.741
1	291.863
1	176.485
1	206.942
1	224.216
1	187.436
1	162.207
1	216.545
1	196.087
1	187.324
1	218.862
1	164.89
1	233.954
1	196.977
1	202.797
1	157.009
1	220.247
1	254.822
1	214.571
1	186.573
1	175.395
1	190.009
1	170.328
1	143.16
0	2.65157e-05
1	165.016
1	220.716
1	375.704
1	281.185
1	188.124
1	165.298
1	131.087
1	154.744
1	228.094
1	205.739
1	160.445
1	336.265
1	236.332
1	227.185
1	253.642
1	242.417
1	222.855
1	197.632
1	150.575
1	255.464
1	236.438
1	171.889
1	256.381
1	149.736
0	1.05534e-05
1	215.044
1	232.358
1	245.861
1	156.503
1	136.481
1	182.104
1	347.985
1	304.108
1	297.73
1	150.589
1	172.509
1	197.973
1	161.112
1	253.383
1	264.505
1	269.624
1	208.459
1	199.344
1	220.151
1	201.24
1	187.221
1	124.31
1	170.195
1	203.852
1	149.071
1	144.544
1	175.635
1	175.904
1	165.382
1	252.649
1	158.985
1	203.972
1	247.352
1	315.215
1	194.777
1	246.78
1	172.909
1	218.568
1	274.514
1	228.501
1	196.109
1	255.936
1	264.193
1	284.926
1	152.297
1	164.991
1	146.248
1	117.14
1	137.413
1	192.166
1	198.932
1	239.034
1	218.213
1	286.478
1	209.478
1	162.704
1	207.251
1	265.459
1	330.871
1	138.012
1	272.443
1	263.135
1	258.045
1	153.16
1	183.433
1	214.606
1	263.669
1	276.908
1	251.034
1	196.017
1	187.43
1	250.247
1	136.959
1	194.79
1	216.184
1	132.741
1	167.753
1	198.084
1	189.315
1	162.649
1	238.768
1	139.866
1	185.104
1	228.12
1	245.294
1	157.049
1	224.216
1	149.332
1	246.558
1	219.442
1	156.679
1	315.569
1	270.273
1	128.325
0	1.05479e-05
1	210.473
1	270.56
1	227.053
1	285.545
1	222.989
1	153.143
1	219.347
1	155.375
1	248.405
1	148.444
1	155.197
1	143.673
1	158.054
1	266.46
1	226.664
1	128.51
1	192.371
1	156.044
1	169.016
1	130.089
1	220.882
1	187.967
1	165.498
1	189.152
1	160.04
1	123.978
0	49.9493
1	177.837
1	204.651
1	169.417
1	181.897
1	255.383
1	207.408
1	225.022
1	144.684
1	167.061
1	228.728
1	174.952
1	139.301
1	279.613
1	265.336
1	158.725
1	166.273
1	274.562
1	152.493
1	227.455
1	203.184
1	189.998
1	168.555
1	184.617
1	235.876
1	238.721
1	194.884
1	198.372
1	190.681
1	190.204
1	210.198
1	257.118
1	226.054
1	164.912
1	166.364
1	232.546
1	251.788
1	156.114
1	125.348
1	210.702
1	200.084
1	261.195
1	380.78
1	208.769
1	151.892
1	178.619
1	158.604
1	187.56
1	150.55
1	247.507
1	146.823
1	179.549
1	395.383
1	185.714
1	188.838
1	208.005
1	236.978
1	213.776
1	295.459
1	221.523
1	129.235
1	238.24
1	213.669
1	198.448
1	103.474
1	180.903
1	309.248
1	171.291
1	176.826
1	209.132
1	223.08
1	210.55
1	174.645
1	161.487
1	225.279
1	208.657
1	185.516
1	229.328
1	162.834
1	188.851
1	184.39
1	243.483
1	175.532
1	238.215
1	141.775
1	327.748
1	217.72
1	173.638
1	223.463
1	358.818
1	202.251
1	173.582
1	179.157
1	217.744
1	267.626
1	172.784
1	246.483
1	133.898
1	153.742
1	196.921
1	274.123
1	165.841
1	345.784
1	214.088
1	198.433
1	283.273
1	174.439
1	186.077
1	186.681
1	240.444
1	275.04
1	201.975
1	171.496
1	172.873
1	196.096
1	159.711
1	141.703
1	152.817
1	311.608
1	222.973
1	168.046
1	167.476
1	189.585
1	233.859
1	162.881
1	174.682
1	182.441
1	185.343
1	146.355
1	324.573
1	176.366
0	3.38914e-05
1	161.588
1	201.146
1	222.972
1	172.237
1	195.473
0	67.6866
1	280.692
1	200.898
1	232.687
1	206.815
1	165.284
1	246.441
1	138.201
1	182.692
1	206.631
1	204.171
1	214.249
1	208.402
1	136.457
1	256.336
1	176.41
1	258.445
1	253.784
1	247.745
1	156.201
1	230.379
1	181.177
1	345.836
1	192.689
1	216.857
1	186.502
1	358.807
1	165.632
1	141.728
1	231.902
1	201.1
1	214.914
1	152.847
1	179.725
1	229.986
1	252.079
0	4.24578e-05
1	247.358
1	206.812
1	178.21
1	168.563
1	232.594
1	173.692
1	293.113
1	250.631
1	181.23
1	314.768
1	166.725
1	164.128
1	276.275
1	226.981
1	138.543
1	326.96
1	152.205
1	150.161
1	397.185
1	223.823
1	181.421
1	265.518
1	152.552
1	226.029
1	241.69
1	236.281
1	156.867
1	233.679
1	169.582
1	220.966
1	246.421
1	212.363
1	227.571
1	151.406
1	199.488
1	144.686
1	172.618
1	175.239
1	275.464
1	219.045
0	1.56432e-05
1	279.324
1	151.341
1	157.062
1	164.457
1	218.85
1	225.79
1	335.944
1	237.602
1	223.519
1	224.251
1	212.181
1	210.514
1	168.365
1	159.353
1	174.247
1	172.1
1	143.702
1	199.316
1	156.337
1	157.5
1	176.832
1	226.477
1	318.339
1	217.067
1	289.177
1	160.425
1	222.835
1	208.059
1	237.998
1	149.654
1	233.798
1	184.557
1	425.349
1	236.194
1	138.315
1	213.803
1	212.898
1	165.947
1	209.143
1	213.327
1	173.795
1	219.78
1	153.215
1	220.324
1	173.365
1	230.988
1	143.634
1	147.869
1	198.705
1	143.198
1	138.748
1	195.096
1	229.616
1	203.696
1	222.72
1	250.995
1	201.05
1	215.573
1	166.863
1	309.492
1	218.226
1	205.949
1	294.406
1	166.944
1	161.497
1	159.083
1	197.607
0	6.26206
1	165.838
1	195.042
1	139.044
1	212.357
1	205.701
1	181.711
1	186.726
1	188.185
1	186.053
1	169.732
1	133.42
1	219.993
1	332.399
1	350.864
1	187.59
1	175.425
1	255.821
1	157.347
1	151.774
1	175.753
1	186.211
1	218.689
1	295.692
1	208.869
1	280.277
1	155.025
1	154.851
1	181.957
1	169.578
1	169.492
1	203.066
1	174.527
1	187.654
1	254.616
1	205.551
1	143.005
1	246.665
1	254.086
1	177.707
1	142.78
1	178.507
1	244.728
1	143.585
1	170.88
1	166.614
1	167.323
1	173.725
1	202.077
1	218.642
1	212.152
1	231.418
1	209.321
1	195.747
1	152.566
1	298.054
1	160.055
1	213.268
1	220.691
1	162.715
1	195.615
1	220.105
1	176.289
1	158.399
1	134.275
1	176.033
1	206.765
1	315.539
1	202.708
1	150.259
1	218.909
1	177.713
1	210.512
1	142.703
0	4.22459e-05
1	250.082
1	192.087
1	247.853
1	213.708
1	176.065
1	251.695
1	214.882
1	105.766
1	227.567
1	200.86
1	190.679
1	288.85
1	273.031
1	304.653
1	265.769
1	211.729
1	180.472
1	153.37
1	136.944
1	208.192
1	238.386
1	182.058
1	261.071
1	188.381
1	199.625
1	227.225
1	153.236
1	223.259
1	153.05
1	264.655
1	151.752
1	163.495
1	201.869
1	259.592
1	312.601
1	211.424
1	129.39
1	331.365
1	233.689
1	145.398
1	161.685
1	214.058
1	205.68
1	191.381
1	146.54
1	210.282
1	196.275
1	178.331
1	171.26
1	367.714
1	327.592
1	255.398
1	156.03
1	188.082
1	233.924
1	202.155
1	132.233
0	22.816
1	394.475
1	155.465
1	328.986
0	2.04584e-05
1	281.917
1	203.821
1	191.525
1	197.161
1	321.6
1	260.743
1	235.91
1	254.686
1	168.795
1	249.882
1	267.64
1	227.639
1	158.099
1	237.203
1	227.553
1	230.955
1	207.814
1	187.239
1	282.738
1	179.119
1	244.706
1	271.627
1	167.066
1	269.808
1	201.421
1	251.488
1	209.167
1	153.1
1	275.008
1	178.837
1	221.275
1	185.295
1	259.144
1	238.753
1	318.875
1	264.093
1	169.661
1	144.953
1	201.103
1	245.006
1	184.573
1	119.334
1	178.705
1	192.377
1	185.577
1	270.147
1	248.499
1	143.429
1	185.67
1	136.555
1	138.601
1	196.287
1	278.919
1	227.412
1	175.244
1	261.185
1	340.332
1	230.533
1	249.595
1	206.555
1	212.059
1	189.094
1	183.713
1	200.151
1	136.705
1	176.998
1	235.866
1	208.864
1	246.393
1	204.884
1	163.727
1	163.835
1	222.887
1	171.023
1	174.101
1	214.879
1	174.945
1	307.4
1	196.931
1	161.956
1	166.054
1	172.21
1	224.661
1	185.609
1	232.491
1	163.776
1	146.419
1	221.163
1	213.643
1	134.825
1	194.225
1	228.908
1	200.948
1	193.658
1	196.311
1	262.187
1	268.305
1	181.4
1	223.977
1	147.612
1	276.998
1	200.17
1	131.809
1	131.86
1	233.559
1	174.586
1	158.875
1	246.021
1	184.185
1	187.586
1	213.869
1	172.362
1	162.382
1	297.811
1	342.528
1	175.89
1	173.07
1	162.795
1	239.657
1	179.765
1	210.544
1	155.372
1	236.137
1	398.207
1	171.488
1	193.874
1	180.675
1	150.711
1	196.948
1	185.449
1	179.913
1	147.473
1	190.073
1	199.26
1	162.445
1	206.038
1	230.899
1	204.549
1	141.557
1	178.798
1	225.315
1	188.179
1	250.184
1	268.06
1	348.606
1	210.354
1	201.404
0	1.75883e-05
1	203.307
1	145.753
1	229.617
1	336.732
1	245.61
0	13.1027
1	144.912
1	185.148
1	288.879
1	153.519
1	200.478
1	152.435
1	131.259
1	122.672
1	172.767
1	272.146
1	181.64
1	172.811
1	249.671
0	27.6134
1	176.186
1	201.923
1	197.945
1	161.142
1	197.229
1	198.715
1	223.525
1	254.647
1	154.662
1	182.309
1	180.468
1	228.23
1	290.295
1	204.636
1	182.039
1	173.803
1	242.594
1	164.239
1	210.677
1	225.089
1	173.341
1	192.898
1	196.392
1	159.21
1	197.316
1	231.28
1	183
1	141.837
1	190.622
1	225.059
1	174.104
1	286.913
1	198.477
1	205.236
1	148.11
1	164.019
1	177.13
1	183.586
1	166.418
1	272.981
1	211.139
1	211.003
1	256.411
1	198.578
1	168.832
1	159.772
1	142.881
1	186.067
1	273.951
1	192.992
1	204.997
1	195.317
1	156.176
1	188.172
1	209.781
1	164.376
0	6.96314e-06
1	228.589
1	264.161
1	187.832
1	293.89
1	210.185
1	124.1
1	231.165
1	251.076
1	265.811
1	228.487
1	234.606
1	173.937
1	309.029
1	279.353
1	222.481
1	208.915
1	212.693
1	213.178
1	151.639
1	184.463
1	240.446
1	278.616
1	184.504
1	169.936
1	199.797
1	191.452
1	154.398
1	166.051
1	182.016
1	243.064
1	157.547
1	123.993
1	129.66
1	244.811
1	168.542
1	150.181
1	181.655
1	241.007
1	192.011
1	216.343
1	224.493
1	327.992
1	216.892
1	172.578
1	215.752
1	269.12
1	212.635
1	153.712
1	219.261
1	192.387
1	223.023
1	268.669
1	272.429
1	250.144
1	206.89
1	283.454
1	156.791
1	255.184
1	166.579
1	237.308
1	195.535
1	298.805
1	269.663
1	206.633
1	244.019
1	205.423
1	205.308
1	197.774
1	270.464
1	243.92
1	167.647
1	262.321
1	210.403
1	396.43
1	209.622
1	189.846
1	201.501
1	178.117
1	249.11
1	203.641
1	175.409
1	187.556
1	160.921
1	165.193
1	232.694
1	220.898
1	153.922
1	243.183
1	208.379
1	243.633
1	202.799
1	195.239
1	148.3
0	6.29405e-08
1	207.015
1	232.507
1	205.98
1	232.492
1	225.779
1	168.682
0	2.07671e-05
1	236.051
1	151.166
1	195.016
1	407.463
1	355.283
1	280.76
1	187.799
1	142.234
1	213.086
1	210.474
1	221.176
1	194.402
1	185.612
1	226.106
1	225.373
1	173.966
1	182.089
1	172.192
1	202.187
1	165.56
1	211.119
1	183.353
1	177.445
1	132.551
1	155.384
1	209.693
1	211.566
1	168.199
1	196.785
1	169.755
1	220.421
1	209.745
1	206.808
1	204.505
1	144.473
1	188.004
1	160.971
1	167.159
1	265.132
1	153.815
1	220.474
1	204.247
1	177.502
1	161.128
1	178.723
1	138.682
1	216.138
1	224.525
1	188.263
1	203.896
1	209.951
1	184.361
1	169.548
1	219.747
1	224.43
1	139.358
1	142.303
1	150.952
1	194.932
1	161.551
1	197.033
1	204.57
1	226.557
1	216.679
1	253.248
1	240.775
1	275.784
1	271.469
1	169.539
1	185.356
1	357.473
0	6.92261e-05
1	206.255
1	230.411
1	162.769
1	164.289
1	138.722
1	236.207
1	266.674
1	145.369
1	198.034
1	185.996
1	155.47
1	159.902
1	229.464
1	196.73
1	238.315
1	213.965
0	56.6467
1	251.677
1	216.121
1	164.101
1	208.052
1	217.964
1	186.228
1	187.44
1	296.613
1	179.188
1	248.239
1	187.601
1	187.491
1	239.338
0	2.37075e-05
1	251.213
1	209.464
1	215.549
1	205.04
1	160.499
1	176.973
1	177.546
1	163.969
1	269.043
1	187.661
1	328.473
1	176.722
1	192.962
1	182.098
1	199.594
1	161.123
1	167.024
1	145.388
1	197.056
1	269.098
1	260.551
1	207.052
1	168.402
1	129.686
1	235.781
1	174.411
1	165.766
1	213.968
1	196.839
1	239.175
1	198.718
1	205.31
1	182.889
1	172.189
1	223.599
1	143.251
1	184.522
1	154.757
1	229.666
1	329.033
1	180.575
1	296.83
1	211.111
0	9.42628e-06
1	224.046
1	183.534
1	230.121
1	202.589
1	131.405
1	205.01
1	169.734
1	260.13
1	140.58
1	216.515
1	242.364
1	216.05
1	156.503
1	243.362
1	229.683
1	214.85
1	193.827
1	450.407
0	5.48548e-05
1	208.896
1	209.257
1	187.094
1	183.579
1	174.501
1	284.605
1	176.192
1	158.218
1	206.964
1	234.032
1	250.957
1	250.004
1	214.677
1	231.952
1	177.899
1	313.393
1	144.832
1	183.837
1	278.301
1	251.972
1	249.618
1	229.314
1	158.519
1	142.844
1	201.066
1	229.765
1	164.704
1	199.602
1	219.145
1	294.493
1	181.237
1	212.461
0	3.19447e-05
1	265.954
1	198.29
1	197.534
1	183.74
1	175.537
1	169.002
1	149.153
1	122.191
1	164.094
1	210.725
1	211.772
1	225.737
1	228.607
1	229.957
1	249.199
1	155.368
1	207.33
1	215.869
1	218.714
1	213.133
1	221.8
1	122.499
1	212.717
1	211.324
1	138.005
1	181.777
1	193.853
1	230.577
1	180.21
1	190.582
1	351.85
1	138.869
1	199.018
0	6.0651e-05
1	161.733
1	296.718
1	172.707
1	262.25
1	137.61
1	308.463
1	223.173
1	311.956
1	200.728
1	142.899
1	209.281
1	192.583
1	188.054
1	176.502
1	189.119
1	193.558
1	226.832
1	219.809
1	155.387
0	3.2169
1	273.121
1	289.199
1	120.953
1	142.394
1	210.297
1	171.93
1	189.715
1	202.392
1	170.856
1	217.965
1	245.111
1	275.144
1	280.025
1	157.614
1	191.443
1	136.544
1	251.453
1	212.713
1	172.194
1	228.738
0	46.9754
1	167.242
1	142.764
1	226.004
1	200.409
1	355.645
1	284.28
1	125.952
1	174.627
1	152.403
1	234.795
1	187.549
1	192.489
1	213.595
1	313.393
1	205.929
1	171.682
1	211.947
1	222.026
1	236.889
1	238.213
1	176.072
1	207.193
1	173.928
1	151.758
0	1.61065e-05
1	189.434
1	156.679
1	257.196
1	150.966
1	203.184
1	218.476
1	291.256
1	197.683
1	275.826
1	207.064
1	156.744
1	192.344
1	150.14
1	150.695
1	140.535
1	134.001
1	187.632
1	254.086
1	191.468
1	149.075
1	234.062
1	242.679
1	195.148
1	137.936
1	276.223
1	199.639
1	173.733
1	217.064
1	155.781
1	170.467
1	316.581
1	208.612
1	223.097
1	136.146
1	162.203
1	282.506
1	212.347
1	227.7
1	213.125
1	135.474
1	218.22
1	170.903
1	218.677
1	188.474
1	214.302
1	195.64
1	146.237
1	199.525
1	211.391
1	299.143
1	174.272
1	168.953
1	218.937
1	217.651
1	173.936
1	150.786
1	222.6
1	269.403
1	208.987
1	145.077
1	198.131
1	257.024
1	259.316
1	173.915
1	155.816
1	208.745
1	202.415
1	125.325
1	147.7
1	189.359
1	201.16
1	145.54
1	142.646
1	178.376
1	335.108
1	170.345
1	380.781
1	196.947
1	181.595
1	227.431
1	296.73
1	203.215
1	162.526
1	129.691
1	296.869
1	290.544
1	209.084
1	167.564
1	165.925
1	263.75
1	202.259
1	151.866
1	230.163
1	161.918
1	249.226
1	177.361
1	254.454
1	135.757
1	177.694
1	207.336
1	211.829
1	214.506
1	236.799
1	272.709
1	281.797
1	224.365
1	209.302
1	141.481
1	160.728
1	183.869
1	118.003
1	234.707
1	188.875
1	268.634
1	159.449
1	193.712
1	147.963
0	50.2227
1	162.873
1	282
1	185.558
1	228.456
1	167.549
1	255.075
1	207.95
1	291.706
1	243.178
1	232.502
1	207.849
1	226.077
1	145.727
1	124.766
1	210.504
1	229.298
0	2.05728e-05
1	216.746
1	172.05
1	172.754
1	162.437
1	124.768
1	156.711
1	183.78
1	213.6
1	205.033
1	253.468
0	2.11288e-05
1	175.987
1	175.553
1	290.435
1	131.897
1	164.54
1	178.456
1	231.697
1	174.439
1	188.788
1	184.577
1	174.247
1	271.905
1	168.817
1	159.658
1	230.022
1	181.908
1	157.317
1	179.966
1	231.191
1	229.879
1	181.327
1	190.129
1	211.061
1	165.785
1	156.339
1	157.545
1	250.29
1	189.749
1	177.124
1	172.513
1	136.827
1	178.562
1	235.149
1	190.247
1	178.724
1	235.866
1	140.129
1	211.35
1	146.039
1	137.557
1	241.251
1	202.4
1	199.015
1	144.704
1	202.952
1	229.894
1	221.257
1	193.641
1	197.967
1	179.652
1	244.043
1	160.49
1	208.114
1	180.914
1	229.197
1	238.586
1	201.25
1	254.801
1	315.039
1	172.926
1	188.745
1	192.659
1	174.492
1	187.995
1	173.965
1	161.197
1	177.062
1	181.087
1	192.057
1	215.983
1	169.077
1	211.716
1	161.241
1	151.363
1	233.152
1	297.053
1	176.401
1	198.971
1	240.222
1	147.427
1	210.543
1	168.205
1	262.398
1	184.156
1	155.145
1	221.314
1	254.819
1	189.573
1	192.895
1	310.475
1	145.323
1	203.972
1	172.694
0	22.3607
1	364.162
1	134.272
1	183.911
1	230.715
1	273.945
1	298.688
1	178.004
1	230.31
1	251.519
1	238.504
1	177.171
1	158.888
1	246.508
1	177.757
1	300.214
1	313.127
1	164.525
1	118.721
1	241.965
1	149.454
1	395.737
1	217.419
1	119.729
0	2.78302e-05
1	242.602
1	144.981
1	170.195
1	197.286
1	151.2
1	137.568
1	165.733
1	178.622
1	144.68
1	198.537
1	183.969
1	127.415
1	241.782
1	200.198
1	255.181
0	2.11477e-05
1	185.21
1	301.749
1	131.184
1	251.711
1	228.877
1	221.165
1	168.974
1	349.498
1	126.14
1	138.479
1	210.254
1	274.401
1	145.738
1	223.316
1	194.208
1	219.454
1	156.78
1	203.479
1	351.903
1	133.741
1	193.789
1	182.789
1	297.67
1	158.61
1	154.513
1	164.654
1	177.57
1	141.545
1	126.923
1	211.696
1	156.338
1	160.43
1	207.272
0	5.23497e-05
1	223.925
1	300.71
1	219.455
1	278.895
1	270.23
1	185.053
1	185.292
1	176.724
1	237.403
1	176.126
1	322.161
1	254.938
1	367.276
1	256.667
1	259.29
1	156.826
1	142.967
1	232.604
1	212.642
1	311.241
1	268.129
1	218.31
1	193.094
1	192.784
1	196.099
1	267.903
0	3.68946
1	223.613
1	204.971
1	168.848
1	139.391
0	1.98403e-05
1	193.917
1	166.664
1	211.53
1	295.291
1	331.625
1	203.906
1	176.226
1	195.184
1	250.2
1	230.379
1	144.09
1	138.012
1	300.275
1	186.129
1	249.806
1	137.364
1	189.406
1	131.724
1	145.841
1	147.965
1	135.368
1	184.611
1	212.598
1	147.752
1	215.325
1	261.895
1	185.823
1	207.974
1	184.973
1	151.385
1	185.229
1	391.42
1	279.443
1	212.058
1	168.829
1	199.436
1	149.906
1	170.097
1	217.023
0	2.00809e-05
1	175.697
1	207.19
1	276.753
1	188.755
1	175.245
1	177.258
1	221.425
1	247.9
1	240.836
1	310.805
1	313.412
1	209.402
1	163.312
1	302.915
1	128.979
1	244.559
1	169.369
1	168.343
1	198.178
1	154.401
1	216.943
1	282.867
1	269.561
1	156.36
1	220.326
1	315.104
1	155.716
1	166.937
1	191.183
1	149.845
1	195.942
1	268.986
1	256.344
1	181.244
1	172.498
1	166.168
1	116.258
1	225.51
1	209.034
1	223.747
1	343.803
1	175.54
1	202.874
1	151.267
1	153.238
1	189.89
1	237.399
1	207.833
1	245.623
1	253.024
1	197.166
1	197.401
1	132.183
1	277.449
1	211.666
1	152.689
1	241.934
1	183.23
1	121.353
1	236.287
1	208.755
1	258.011
1	218.952
1	166.606
1	179.829
1	166.268
1	168.011
1	279.227
1	173.12
0	5.74115e-05
1	233.212
1	161.711
1	196.909
1	217.559
1	175.199
1	236.847
1	183.786
0	27.0713
1	156.721
1	212.538
1	183.429
1	249.211
1	197.69
1	156.405
1	212.794
1	193.388
1	181.796
1	174.613
1	208.795
1	198.111
1	174.654
1	167.332
1	130.59
1	188.546
1	254.883
1	161.55
1	226.939
1	251.596
1	149.833
1	273.384
1	292.655
1	257.942
1	187.171
1	215.338
1	155.044
1	244.076
1	176.903
1	227.051
1	224.598
1	303.758
1	218.792
0	6.89704e-06
1	237.606
1	203.894
1	246.749
1	272.953
1	201.299
1	179.508
1	214.348
1	174.342
1	212.657
1	218.229
1	185.444
1	247.486
1	171.262
1	173.441
1	228.792
1	250.209
1	191.018
1	133.971
1	217.986
1	182.367
1	239.897
1	193.317
1	217.627
1	244.915
1	216.74
1	182.815
0	40.1802
1	246.025
1	281.861
1	301.228
1	128.473
0	0.000130573
0	1.02985e-05
1	260.136
1	207.943
1	136.467
1	244.815
1	159.457
1	296.952
1	177.496
1	217.935
1	153.845
1	208.85
1	214.815
1	192.828
1	137.652
1	253.128
1	266.409
1	147.687
1	137.181
1	181.737
1	208.99
1	280.265
1	321.825
1	262.81
1	226.629
1	190.148
1	155.509
1	196.629
1	263.362
1	164.515
1	142.62
1	162.156
1	189.928
1	238.185
1	364.705
1	138.92
1	224.085
1	130.701
1	236.683
1	137.546
1	204.058
1	143.495
1	198.27
1	211.581
1	273.983
1	133.138
1	223.308
1	192.956
1	143.777
1	239.563
1	192.07
1	148.111
1	200.631
1	292.5
1	258.344
1	185.053
1	257.749
1	175.038
1	190.687
1	190.152
1	231.227
1	216.258
1	164.923
1	257.513
1	193.27
1	173.157
1	216.045
1	219.348
1	185.931
1	225.295
1	242.818
1	253.587
1	164.246
1	202.947
1	213.946
1	261.243
1	166.112
1	162.854
1	189.114
1	151.863
1	197.141
1	260.212
1	232.155
1	196.341
1	185.247
1	217.561
1	170.491
1	202.599
1	256.257
1	162.613
1	326.7
1	219.804
1	243.492
1	119.034
1	311.977
1	220.428
1	159.325
1	145.441
1	202.98
1	165.937
1	187.37
1	161.114
1	170.28
1	168.136
1	227.094
1	328.514
1	190.477
1	173.33
1	160.535
1	215.173
1	160.141
1	183.844
1	258.617
1	235.217
1	186.176
1	247.285
1	323.866
1	209.08
1	168.43
1	229.505
1	205.602
1	168.762
1	171.046
1	197.139
1	112.243
1	210.007
1	189.354
1	182.618
1	412.173
1	179.376
1	181.785
1	206.855
1	158.013
1	164.552
1	161.154
1	156.07
1	183.664
1	161.299
1	177.831
1	182.978
1	199.366
1	275.727
1	187.186
1	151.186
1	141.863
1	150.143
1	236.708
0	135.609
1	166.366
1	183.9
1	241.029
1	229.782
1	170.548
1	148.776
1	208.978
1	182.265
1	214.579
1	123.272
1	283.112
1	192.348
1	180.732
1	194.584
1	356.811
1	236.334
1	212.671
1	288.718
1	144.489
1	192.929
1	160.268
1	140.567
0	131.009
1	147.724
1	168.56
1	310.006
1	150.876
1	177.788
1	388.038
1	245.023
1	167.51
1	242.363
1	239.788
1	192.477
1	228.878
1	192.652
1	142.005
1	200.31
1	177.434
1	220.258
1	280.69
1	99.4779
1	273.139
1	242.267
1	181.682
1	218.666
1	253.136
1	179.764
1	185.034
1	181.635
1	119.734
1	259.243
1	185.436
1	243.32
1	179.029
1	173.645
1	378.944
1	247.453
1	214.168
1	202.075
1	171.638
1	140.247
1	277.428
1	191.209
1	143.836
1	242.615
1	179.477
1	178.396
1	210.859
1	204.552
1	211.577
1	331.937
1	140.576
1	174.618
1	136.863
1	158.416
1	122.999
1	139.176
1	290.338
1	188.641
1	239
1	253.559
1	174.769
1	185.933
1	456.879
1	210.37
1	331.517
0	27.9166
1	138.224
1	142.325
1	158.445
1	215.714
1	157.046
1	198.166
1	153.425
1	133.399
1	281.551
1	252.786
1	206.31
1	268.579
1	172.715
1	262.771
1	359.14
1	172.551
1	216.185
1	199.534
1	183.133
0	1.45958e-05
1	188.192
1	121.786
1	234.665
1	266.372
1	231.366
1	218.638
0	44.4308
1	155.971
1	252.834
1	262.32
1	181.387
1	167.011
1	146.126
1	165.133
1	274.315
1	193.02
1	237.699
1	157.154
1	222.947
1	200.901
1	157.268
1	200.71
1	182.441
1	167.716
1	168.694
1	171.38
1	205.626
1	453.356
1	222.102
1	180.125
1	159.817
1	307.779
1	260.993
1	240.561
1	266.818
1	188.189
1	237.961
1	175.076
1	192.535
1	147.341
1	155.194
1	203.579
1	277.701
0	3.07761e-05
1	190.524
1	223.078
1	337.175
1	234.078
1	214.318
1	220.377
1	189.902
1	175.724
1	183.879
1	285.484
1	284.249
1	200.512
1	195.444
1	251.333
1	260.119
1	217.76
1	212.875
1	184.05
1	166.063
1	143.766
1	163.102
1	137.393
1	254.734
1	205.244
1	384.393
1	183.256
1	246.376
1	263.137
1	115.469
1	141.258
1	164.759
1	130.577
1	258.139
1	217.512
1	161.825
1	344.951
1	199.871
1	199.499
1	234.177
1	182.215
1	129.633
0	4.35528e-06
1	180.262
1	221.3
1	236.701
1	238.255
1	157.513
1	143.711
1	202.007
1	222.278
1	221.13
1	205.02
1	162.676
1	226.081
1	251.86
1	208.241
1	164.395
1	207.376
1	439.159
1	168.19
1	137.239
1	231.45
1	186.29
1	188.785
1	240.184
1	246.698
1	192.408
1	173.896
1	263.011
0	8.02733e-06
0	9.45215
1	218.249
1	151.672
1	195.079
1	180.909
1	283.844
1	263.851
1	163.84
0	6.88293e-05
1	146.604
1	207.964
1	194.68
1	113.415
1	165.279
1	244.442
1	178.528
1	202.747
1	201.928
1	180.877
1	249.394
1	183.049
1	182.061
1	203.75
1	189.431
1	190.673
1	208.083
1	196.734
1	196.962
1	215.96
1	315.285
1	185.427
1	187.279
1	156.104
1	154.388
1	200.445
1	241.114
1	376.773
1	281.301
1	208.673
1	213.014
1	294.228
1	140.283
1	327.857
1	214.96
1	254.959
1	186.458
1	272.182
1	238.728
1	169.634
1	270.112
1	164.396
1	187.689
1	141.125
1	261.209
1	268.971
1	224.592
1	192.505
1	197.991
1	180.962
1	174.129
1	152.205
1	256.962
1	146.398
1	172.407
1	215.458
1	208.948
1	180.737
1	159.835
1	172.751
1	174.706
1	186.98
1	211.03
1	312.271
1	271.389
1	215.677
0	2.1148e-05
1	144.291
1	156.483
1	263.2
1	174.777
1	334.195
1	298.615
1	214.314
1	168.832
1	230.488
1	146.852
1	215.787
1	198.439
1	142.553
1	217.143
1	200.265
1	139.012
1	184.816
1	165.303
1	161.746
1	197.781
1	185.489
1	259.857
1	229.331
1	159.566
1	276.154
1	254.555
0	3.70978e-05
1	225.747
1	188.877
1	192.55
1	156.365
1	279.243
1	167.573
1	225.548
1	155.197
1	138.608
1	231.536
1	161.801
1	150.949
1	227.652
1	199.979
1	218.64
1	197.541
1	255.69
1	281.153
1	160.247
1	212.456
1	165.871
1	149.067
1	185.436
1	181.965
1	181.061
1	157.848
1	168.919
1	219.321
1	165.367
1	313.142
1	184.566
1	166.26
1	164.73
1	161.275
1	228.44
1	171.363
1	241.615
1	201.184
1	246.802
1	177.074
1	288.294
1	239.6
1	291.637
1	221.306
1	220.383
1	157.923
1	220.939
1	209.573
1	275.478
1	203.909
1	192.644
1	197.146
1	163.134
1	194.802
1	157.893
1	264.552
1	178.85
1	216.054
1	227.422
1	162.056
1	302.519
1	223.756
1	201.9
1	165.801
1	285.14
0	20.4176
1	186.573
1	150.695
1	359.234
1	162.241
1	203.708
1	191.839
1	233.185
1	209.653
1	161.32
1	213.054
1	422.565
1	165.995
1	189.538
1	244.849
1	159.232
1	171.671
1	222.389
1	160.391
1	216.231
1	183.913
1	183.682
1	148.587
1	263.977
1	174.191
1	193.415
1	195.272
1	200.65
1	147.246
1	156.736
1	189.014
1	208.138
1	256.205
1	180.752
1	177.486
1	254.561
1	137.354
1	275.98
1	167.44
1	173.353
1	174.692
1	159.004
1	174.319
1	126.281
1	166.365
1	224.01
1	192.087
1	181.943
1	174.737
1	278.638
1	242.928
1	155.164
1	261.337
1	188.141
1	175.552
1	399.07
1	191.86
1	220.987
1	112.75
1	215.622
1	244.214
1	192.416
1	201.836
1	171.596
1	191.443
1	181.634
1	219.755
1	146.532
1	128.691
1	174.707
1	221.1
1	250.219
1	233.745
1	245.281
1	236.268
1	189.078
1	174.197
1	156.448
1	224.336
0	3.46249e-06
1	179.264
1	142.634
1	212.845
1	226.398
1	182.764
1	196.985
1	229.275
1	167.182
1	149.85
1	192.338
1	268.567
1	289.236
1	173.783
1	220.416
1	190.382
1	155.85
1	314.682
1	142.139
1	124.636
1	242.265
1	293.216
1	166.414
1	197.422
1	256.158
1	182.23
1	139.003
1	181.502
1	272.533
1	204.905
1	177.043
1	204.32
1	228.29
1	143.388
1	189.174
1	277.434
1	180.398
1	175.99
1	137.163
1	246.245
1	156.517
1	296.858
1	199.804
1	174.987
1	333.639
1	222.955
1	232.816
1	154.612
1	203.367
1	225.447
1	245.783
1	158.342
1	153.512
1	184.207
1	249.561
1	253.844
1	196.348
1	236.099
1	143.682
1	244.465
1	195.47
1	151.978
1	124.813
1	160.654
1	100.857
1	235.934
1	218.406
1	187.047
1	232.697
1	162.995
1	134.488
1	219.278
1	253.268
1	262.208
1	204.229
1	269.234
1	256.379
1	275.319
1	205.435
1	177.731
1	162.07
1	331.582
1	266.106
1	238.518
1	237.266
1	260.247
1	145.108
1	189.565
1	134.721
1	214.278
1	172.37
1	206.175
1	186.137
1	229.254
1	160.438
1	131.061
1	181.21
1	250.565
0	6.2337e-05
1	289.677
1	238.306
1	176.955
1	174.86
1	195
1	192.882
1	188.045
1	207.368
1	146.115
1	144.839
1	149.813
1	273.728
1	177.594
1	152.126
1	180.236
1	165.35
1	180.787
1	180.925
1	153.366
1	275.63
1	139.621
1	198.015
1	174.228
1	158.121
1	225.407
1	155.897
1	199.996
1	112.606
1	182.029
1	193.934
1	203.262
1	195.02
1	184.835
1	144.402
1	215.193
1	160.832
1	209.613
1	427.517
1	288.29
1	124.094
1	219.918
1	190.755
1	155.394
1	307.977
1	169.036
1	244.442
1	366.109
1	128.851
1	159.905
1	158.948
1	115.882
1	211.72
1	320.207
1	186.124
1	208.439
1	229.894
1	209.306
1	178.286
1	184.478
1	189.985
1	197.253
1	178.162
1	219.922
1	201.978
1	265.236
1	180.639
1	138.916
1	154.818
1	189.017
1	174.405
1	161.428
1	182.954
1	261.076
1	168.054
1	177.524
1	216.965
1	257.984
1	364.461
1	205.627
1	228.713
1	176.879
1	168.659
1	182.905
1	179.711
1	213.425
1	215.197
1	201.793
1	154.466
1	282.177
1	263.495
1	190.069
1	139.468
1	174.229
0	1.45386e-05
1	201.773
1	266.73
1	203.105
0	27.9458
1	205.401
1	217.515
1	182.303
1	223.316
1	183.75
1	302.707
0	55.6135
1	177.114
1	233.435
1	191.747
1	219.306
1	298.452
1	139.247
1	203.369
1	233.258
1	219.204
1	224.087
1	207.486
1	208.121
1	218.285
1	230.423
1	198.128
1	205.103
1	158.803
1	234.817
1	242.56
1	288.063
1	206.986
1	351.548
1	414.594
1	195.067
1	237.393
1	317.184
1	170.834
1	328.914
1	210.151
1	207.326
1	143.58
1	238.85
1	209.598
1	217.667
1	187.127
1	154.524
1	219.211
1	201.335
1	194.776
1	324.904
1	163.193
1	220.157
1	333.521
1	130.42
1	177.38
1	212.569
1	259.16
1	135.309
1	203.445
1	160.672
1	261.649
1	249.355
1	186.399
1	169.293
1	148.303
1	152.157
1	210.952
1	221.905
1	189.515
1	242.27
1	170.164
1	137.047
1	212.086
1	221.56
1	201.659
1	234.688
1	276.525
1	170.745
1	176.359
1	205.845
1	200.68
1	202.798
1	200.355
1	180.32
1	162.809
1	191.29
1	209.995
1	223.888
1	145.119
1	195.203
1	209.768
1	168.228
1	201.57
1	175.562
1	234.651
1	217.225
1	182.439
1	168.463
1	208.301
1	310.671
1	204.521
1	269.888
1	200.067
1	177.199
1	179.656
1	164.123
1	178.555
1	247.73
1	306.716
1	174.269
1	189.82
1	233.344
1	153.016
1	116
1	278.753
1	201.638
1	255.501
1	262.094
1	167.893
1	184.367
1	147.396
1	218.865
1	175.372
0	1.18867e-05
1	229.58
1	264.034
1	143.726
1	281.373
1	177.749
0	3.77926e-06
1	271.875
1	131.399
1	188.627
1	157.748
1	242.544
1	157.697
1	172.501
1	249.137
1	252.943
1	182.075
1	158.584
1	174.881
1	181.535
1	261.602
1	338.159
1	186.208
1	312.985
1	151.873
1	116.932
1	174.275
1	206.858
1	142.418
1	245.399
1	161.811
1	260.134
1	164.527
1	144.599
1	331.475
1	167.561
1	195.139
1	158.91
1	278.703
1	278.997
1	201.868
1	246.389
1	188.401
1	224.44
1	262.557
1	155.605
1	147.295
1	213.653
1	186.967
1	185.699
1	237.782
1	232.146
1	161.207
1	304.97
1	221.42
1	196.878
1	359.338
1	139.427
1	160.779
1	201.4
1	185.514
1	157.348
1	267.715
1	170.399
1	128.961
1	150.385
1	159.591
1	264.548
1	170.329
1	184.22
1	182.737
1	151.273
1	208.895
1	203.939
1	188.567
1	184.878
1	233.047
1	232.99
1	251.716
1	170.355
1	187.418
1	308.264
1	115.257
1	290.713
1	151.621
1	131.242
1	187.24
1	210.077
1	171.042
1	194.563
0	4.44886e-05
1	139.076
1	210.078
1	211.24
1	249.137
1	201.314
1	168.896
1	177.988
1	138.497
1	214.031
1	223.879
1	138.426
1	175.838
1	136.326
1	273.143
1	226.367
1	206.432
1	209.854
1	151.545
1	179.014
1	137.76
1	216.578
1	166.503
1	184.157
1	147.965
1	298.571
1	176.904
1	212.599
1	232.216
1	145.647
1	252.665
1	177.614
1	155.282
1	353.295
1	205.641
1	188.93
1	275.294
1	182.042
1	197.543
1	237.584
1	196.94
1	319.838
1	168.135
1	201.54
1	200.571
1	163.369
1	173.898
1	266.48
1	273.918
1	249.384
1	168.616
1	177.61
1	178.181
1	256.191
1	176.915
1	360.428
1	191.628
1	209.197
1	214.175
1	162.977
1	180.719
1	246.159
1	203.18
1	234.681
1	250.242
1	168.712
1	190.644
1	235.341
1	224.43
1	180.994
1	157.747
1	229.404
1	236.155
1	151.563
1	161.095
1	195.438
1	179.889
1	179.126
1	222.321
1	171.261
1	205.72
1	170.277
1	136.595
1	248.694
1	220.669
0	9.41725e-05
1	163.676
1	150.144
1	215.822
1	177.797
1	146.201
1	269.016
1	177.009
1	206.396
1	167.233
1	180.889
1	263.494
1	235.325
1	239.213
1	250.539
1	305.017
1	194.069
1	192.825
1	240.88
1	218.956
1	182.614
1	160.802
1	313.286
1	283.818
1	332.162
1	255.439
1	300.85
1	192.154
1	153.293
1	216.871
1	197.486
0	9.70955e-06
1	193.698
1	229.193
1	183.482
1	167.298
1	246.077
1	136.271
1	353.985
1	179.85
1	205.075
1	243.805
1	180.923
1	220.014
1	155.426
1	227.499
1	171.724
1	249.948
1	230.845
1	162.779
1	186.988
1	153.788
0	2.3277e-05
1	196.012
1	142.595
1	138.486
1	202.675
1	175.618
1	221.738
1	264.101
1	198.376
1	206.009
1	274.076
1	263.011
1	188.348
1	226.229
1	198.571
1	209.616
1	213.534
1	274.841
1	293.872
1	135.017
1	181.486
1	183.409
1	166.418
1	175.69
1	191.07
1	213.478
1	178.66
1	184.914
1	175.919
1	271.839
1	164.834
1	156.067
1	364.35
1	178.566
1	218.654
1	369.602
1	224.172
1	266.501
1	234.922
1	161.352
1	176.354
1	170.636
1	234.988
1	305.368
1	219.877
1	261.438
1	189.246
1	240.993
1	184.179
1	210.732
0	9.34113e-06
1	216.986
1	145.308
1	155.457
1	199.173
1	165.63
1	284.728
1	278.405
1	251.487
1	254.693
1	216.833
1	175.745
1	248.588
1	247.201
1	241.02
1	195.754
1	364.818
1	169.315
1	299.16
1	183.012
1	196.107
1	202.188
1	242.187
1	183.638
1	190.283
1	147.703
1	186.485
1	133.453
1	231.346
1	190.876
1	206.728
1	321.35
1	346.681
1	161.382
1	201.742
1	242.154
1	147.087
1	119.963
1	214.706
1	270.987
1	211.133
1	211.818
1	220.445
1	248.514
1	268.438
1	263.326
1	212.823
1	157.918
1	275.946
1	149.311
1	200.34
1	194.465
1	150.878
1	175.25
1	143.72
1	198.295
1	217.368
1	284.797
1	231.07
1	230.586
1	315.854
1	198.718
1	213.81
1	147.658
1	211.767
1	173.691
1	146.778
1	176.742
1	234.821
1	157.582
1	186.449
1	159.493
1	185.689
1	192.058
1	300.604
1	157.908
1	216.606
1	177.679
1	185.924
1	170.426
1	232.055
1	223.988
1	181.505
1	177.565
1	214.639
1	215.379
1	249.977
1	223.33
1	231.403
1	121.509
1	190.105
1	306.467
1	149.481
1	211.06
1	106.276
1	129.372
1	169.306
1	129.5
1	140.332
1	206.32
0	7.23542e-05
1	163.248
1	259.937
1	177.145
1	148.76
1	233.183
1	198.576
1	180.149
1	208.983
1	196.856
1	256.904
1	231.715
1	166.408
1	255.681
1	213.875
1	236.496
1	231.523
0	1.41387e-05
1	216.217
1	185.994
1	230.24
1	227.135
1	280.253
1	456.943
1	242.89
1	293.028
1	132.899
1	176.972
1	288.081
1	136.539
1	251.717
1	159.884
1	198.967
1	225.955
1	167.256
1	186.89
1	235.23
1	182.261
1	223.784
1	220.547
1	192.736
1	236.337
1	168.926
1	171.46
1	287.973
1	232.179
1	249.703
1	164.255
1	157.905
1	179.168
1	176.111
1	144.845
1	216.87
1	516.558
1	178.163
1	169.574
1	218.554
1	183.379
1	213.192
1	218.435
1	215.043
1	152.541
1	164.311
1	232.58
1	184.816
1	175.748
1	156.007
1	207.074
1	272.917
1	150.929
1	263.345
1	150.29
1	146.716
1	242.242
1	185.073
1	294.601
1	200.862
1	252.222
1	218.239
1	362.515
1	253.756
1	166.405
1	238.826
1	207.608
1	166.422
1	141.045
1	198.477
1	202.441
1	206.875
1	207.686
1	165.681
1	228.949
1	253.005
1	228.129
0	1.80402e-05
1	209.799
1	200.635
1	156.052
1	224.915
1	261.367
1	172.74
1	158.881
1	228.266
1	212.15
1	176.212
1	189.238
1	264.351
1	255.371
1	201.945
1	232.776
1	171.992
1	175.057
1	208.005
1	167.042
1	222.267
1	151.599
1	194.414
1	191.667
1	130.506
1	214.222
1	213.786
1	218.973
1	170.116
1	190.982
1	215.03
1	181.26
1	217.154
1	216.643
1	169.505
1	187.677
1	168.67
1	151.86
1	239.058
1	248.712
1	158.106
1	323.179
1	269.855
1	215.846
1	175.174
1	201.527
1	276.773
0	65.2104
1	181.975
1	176.097
1	320.317
1	216.739
1	157.617
0	151.259
1	223.962
1	200.741
1	212.79
1	171.691
1	155.978
1	207.23
1	227.357
1	153.566
1	215.439
1	177.54
1	252.13
1	190.432
1	174.02
1	201.684
1	197.376
1	224.853
1	183.292
1	200.535
1	198.023
1	177.648
1	214.155
1	216.815
1	156.125
1	164.495
1	190.828
1	209.862
1	189.329
1	160.284
1	184.875
1	338.184
1	190.335
1	135.564
1	152.523
1	172.63
0	3.2951
1	231.428
1	236.38
1	183.661
1	200.129
1	158.487
1	229.633
1	207.037
1	131.032
1	200.376
1	156.464
1	148.993
1	164.748
1	174.881
1	277.509
1	204.666
1	127.393
1	147.484
1	190.938
1	191.2
1	242.287
1	223.069
1	161.684
1	205.834
1	142.979
1	186.985
1	208.12
1	268.937
1	260.336
1	192.472
1	199.478
1	157.042
1	214.846
1	293.361
1	185.087
1	150.868
1	336.738
1	145.935
1	198.096
1	202.785
1	174.645
1	242.205
1	228.115
1	216.804
1	167.793
1	200.905
1	240.52
1	158.789
1	227.051
1	150.478
1	205.408
1	202.049
1	248.33
0	8.87105e-05
1	254.341
1	177.888
1	232.87
1	224.135
1	200.545
1	155.915
1	225.071
1	251.543
1	183.95
1	167.957
1	165.968
1	202.163
1	235.059
1	188.669
1	156.137
1	249.161
1	253.132
1	189.366
1	175.566
1	235.043
1	151.731
0	8.59407e-05
1	229.111
1	134.402
1	282.365
1	141.484
1	168.429
1	277.915
1	198.539
1	159.046
1	239.129
1	206.687
1	258.751
1	195.748
1	200.425
1	148.663
1	211.106
1	231.066
1	305.416
1	206.432
1	137.188
1	196.563
1	236.818
1	213.566
1	134.156
1	196.767
1	175.181
1	211.436
1	142.72
1	245.425
1	251.636
1	206.619
1	235.721
1	174.646
1	255.72
1	221.841
1	212.456
1	180.797
1	233.605
1	209.112
1	166.053
1	304.474
1	227.979
1	287.906
1	156.127
1	335.845
1	178.84
1	250.216
1	157.756
1	275.252
1	224.037
1	249.757
1	175.958
1	158.779
1	146.356
1	201.458
1	294.158
1	107.038
1	247.852
1	316.468
1	167.698
1	179.868
1	169.588
1	209.722
1	162.955
1	293.979
1	173.383
1	314.07
1	208.286
1	183.55
1	356.908
1	223.496
1	280.727
1	339.517
1	157.625
1	229.291
1	208.831
1	212.83
1	165.106
0	1.0509e-06
1	216.044
1	195.669
1	190.542
1	269.17
1	209.125
1	139.654
1	182.746
1	279.106
1	262.568
1	290.761
1	227.591
1	219.539
1	207.356
1	228.721
1	161.966
1	162.212
1	209.503
0	1.87121
1	165.709
1	165.701
1	181.174
1	432.411
1	135.724
1	144.986
1	198.859
1	274.17
1	237.124
1	192.394
1	160.206
1	248.519
1	191.285
1	175.454
1	175.831
1	145.776
1	173.758
1	138.427
1	200.458
1	151.927
1	232.184
1	216.472
1	184.52
1	320.304
1	209.478
1	176.713
1	208.233
1	176.555
1	295.09
1	196.946
1	139.863
1	171.185
1	157.07
1	183.076
1	257.308
1	233.418
1	165.017
1	277.841
1	222.952
1	187.958
1	211.698
1	203.44
1	225.865
1	167.936
1	225.004
1	188.78
1	187.905
1	174.347
1	133.835
1	155.136
1	212.094
1	200.823
1	206.76
1	312.892
1	298.707
1	145.276
1	175.144
1	421.519
1	129.922
1	184.319
1	182.909
1	149.959
1	172.793
1	127.017
1	167.023
1	220.626
1	169.967
1	230.562
1	170.611
1	172.541
1	191.979
1	150.384
1	153.868
1	257.561
1	248.622
1	140.943
1	163.496
1	203.11
1	200.754
1	195.482
1	132.669
1	133.048
1	230.2
1	268.437
1	195.277
1	254.73
1	206.468
1	179.736
1	159.061
1	246.373
1	153.059
1	239.002
1	130.321
1	173.474
1	247.927
1	405.524
1	142.529
1	126.553
1	172.669
1	207.696
0	36.0539
1	139.436
1	239.563
1	220.468
1	196.185
1	165.826
1	215.612
1	141.064
1	217.205
1	184.529
1	218.18
1	149.949
1	155.738
1	175.055
1	136.693
1	150.781
1	211.023
1	270.699
1	278.576
1	232.472
1	212.315
1	190.083
1	187.449
1	234.331
1	172.049
1	280.454
1	163.586
1	204.892
1	253.327
1	180.558
1	151.024
1	221.613
1	190.676
1	243.711
1	163.957
1	167.549
1	221.974
1	128.709
1	243.657
1	176.814
1	174.168
1	135.542
1	172.342
1	156.056
1	193.356
1	143.079
1	177.846
1	159.065
1	152.321
1	210.821
1	162.338
1	146.296
1	157.82
1	232.154
1	249.634
1	254.196
1	182.942
1	217.518
1	194.248
1	177.672
1	163.585
1	199.577
1	153.53
1	361.907
1	174.153
1	208.432
1	159.184
1	236.64
1	263.148
1	216.627
1	223.896
1	233.957
1	217.162
1	282.612
1	243.078
1	251.247
1	157.086
1	115.723
1	199.727
1	240.029
1	185.612
1	209.456
1	217.359
1	160.54
1	132.631
1	296.925
1	242.869
1	238.841
1	164.535
1	294.194
1	270.755
1	195.659
1	162.124
1	209.221
1	146.483
0	47.1857
1	206.188
1	145.119
1	251.899
1	362.896
1	202.967
1	140.622
1	188.455
1	317.285
1	327.987
1	232.579
1	189.571
1	168.955
1	320.913
1	166.706
1	200.063
1	151.379
1	192.408
1	203.273
1	312.348
1	160.765
1	191.698
1	183.144
1	232.721
1	206.524
1	191.646
1	162.63
1	235.359
1	345.036
1	189.03
1	302.396
1	206.456
1	257.138
1	272.309
1	230.426
1	205.557
1	133.4
1	245.429
1	174.547
1	163.486
1	177.747
1	214.286
1	232.399
1	220.702
1	311.593
1	169.486
1	178.624
1	176.551
1	202.667
1	213.032
1	330.77
1	190.092
1	152.03
1	247.288
1	244.232
1	167.041
1	191.124
1	195.496
1	214.669
1	244.947
1	221.368
1	286.707
1	204.472
1	171.817
1	210.898
1	165.379
1	157.146
1	387.317
1	194.302
1	205.247
1	191.568
1	150.584
1	391.346
1	143.721
1	234.446
1	293.666
1	185.274
1	236.311
1	198.745
1	187.948
1	151.961
1	277.985
1	164.91
1	179.359
1	405.868
1	233.603
1	166.985
1	184.343
1	167.855
1	193.834
1	273.633
1	261.62
1	189.209
1	180.247
1	145.209
1	121.611
1	233.842
1	236.223
1	272.052
1	215.17
1	236.302
1	174.63
1	295.382
1	145.705
1	165.997
1	154.1
1	155.876
1	303.6
1	235.382
1	171.932
1	157.746
1	192.394
1	250.055
1	196.866
1	252.466
1	264.932
1	241.523
0	0.000170934
1	189.371
1	175.792
1	327.493
1	168.575
1	178.233
1	157.801
1	230.291
1	336.176
1	217.175
1	232.485
1	199.103
1	169.917
1	168.676
1	296.123
1	201.009
1	245.025
1	131.181
1	180.959
1	189.773
0	34.8945
1	199.518
1	173.488
1	202.51
1	251.398
1	201.003
1	179.087
1	181.639
1	274.058
1	182.07
1	163.824
1	235.375
1	275.295
1	205.653
1	315.206
1	198.187
1	235.894
1	187.736
1	270.397
1	160.024
1	199.566
1	230.369
1	196.838
1	237.233
1	155.84
1	171.697
1	165.455
1	203.903
1	178.839
1	132.271
1	192.797
1	155.58
1	354.792
1	269.166
1	230.378
1	199.338
1	228.015
1	267.53
1	213.331
1	162.282
1	282.6
1	182.712
1	161.286
1	200.509
1	276.201
1	251.384
1	234.416
1	173.443
1	196.346
1	165.15
1	203.027
1	221.067
1	250.768
1	144.452
1	186.477
0	17.8165
1	253.568
1	142.753
1	157.332
1	195.469
1	172.93
1	241.815
1	176.298
1	170.774
1	263.987
1	198.012
1	132.266
1	332.827
1	176.341
1	255.809
1	227.91
1	195.961
1	122.838
1	158.795
1	172.25
1	241.699
1	310.936
1	257.242
1	197.99
1	287.907
1	212.394
0	4.21016e-05
1	220.349
1	135.806
1	186.218
1	198.129
1	233.379
1	236.414
1	247.962
1	199.734
1	256.106
1	181.868
1	203.883
1	183.13
1	250.282
1	307.197
1	151.93
1	164.348
1	229.712
1	238.523
1	235.206
0	7.35252e-05
1	136.147
1	123.45
1	228.36
1	183.12
1	149.176
1	259.064
1	204.016
1	132.316
1	211.888
1	316.066
1	226.47
1	172.075
1	178.274
1	226.2
1	139.917
1	230.621
1	331.562
1	272.179
1	247.43
1	173.971
1	204.924
1	268.453
1	221.516
1	150.155
1	242.049
1	198.38
1	222.961
1	126.297
1	184.715
1	222.633
1	248.235
1	186.442
1	226.16
1	242.257
1	205.791
1	209.068
1	253.902
1	231.455
1	178.592
1	332.86
1	230.758
1	192.205
1	227.27
1	154.808
1	195.666
1	229.167
1	205.064
1	238.53
1	130.557
1	224.031
1	173.826
1	133.681
1	209.773
1	210.834
1	191.456
1	236.443
1	200.085
1	201.363
1	209.552
1	180.517
1	202.874
1	196.454
1	178.44
1	178.672
1	232.671
1	189.71
1	184.443
1	267.807
1	172.605
1	245.161
1	279.36
1	129.571
1	250.08
1	198.424
1	216.546
1	201.81
1	144.284
1	178.836
1	190.82
1	198.464
1	387.022
1	129.994
1	177.445
1	159.878
1	122.229
1	297.401
1	184.752
1	166.902
1	187.734
1	327.546
1	334.603
1	159.876
1	243.358
1	249.081
1	207.138
1	129.55
1	146.337
1	238.777
1	318.063
1	167.736
1	184.958
1	143.019
1	139.981
1	174.647
1	222.911
1	266.188
1	217.402
1	217.77
0	2.28452
1	164.566
1	249.66
1	209.573
1	177.507
1	179.446
1	327.013
1	174.894
1	274.768
1	193.82
1	362.594
1	206.854
1	149.13
1	185.987
1	154.382
1	160.103
1	228.369
1	195.791
1	176.551
1	231.901
1	198.491
1	222.967
1	238.02
1	168.043
1	214.9
1	201.667
1	189.476
1	261.755
1	176.123
1	255.715
1	241.399
1	272.85
1	210.531
1	180.936
0	75.0448
1	166.931
1	197.393
1	140.182
1	170.884
1	217.782
1	217.641
1	151.327
1	207.385
1	223.399
1	177.096
1	123.809
1	137.514
1	225.607
1	168.854
1	232.967
1	180.041
1	274.46
1	175.275
1	206.143
1	228.643
1	265.013
1	210.692
1	177.784
1	261.833
1	253.48
1	186.869
1	155.927
1	182.172
1	345.781
1	156.113
1	181.955
1	208.222
1	135.384
1	171.31
1	236.64
1	250.242
1	235.966
1	285.532
1	165.188
1	188.811
1	144.123
1	205.261
1	197.404
1	153.528
1	155.522
1	200.326
1	187.155
1	168.07
1	145.473
1	165.858
1	358.088
1	197.492
1	221.892
1	223.038
1	217.854
1	241.155
1	210.769
1	230.66
1	154.195
1	199.227
1	202.425
1	293.821
1	173.352
1	174.107
1	203.548
1	293.947
1	183.256
1	300.465
1	255.965
1	203.526
1	174.034
1	291.535
1	207.722
1	164.407
1	250.086
1	189.242
1	225.279
1	221.847
0	0.46853
1	230.012
1	199.537
1	157.906
1	179.234
1	193.64
1	165.931
1	223.914
1	243.381
1	146.649
1	170.279
1	217.678
1	195.33
1	233.906
1	169.92
1	181.714
1	197.158
1	360.86
1	138.231
1	277.201
1	123.363
1	207.651
1	268.881
1	217.796
1	297.728
1	165.075
1	182.164
1	249.588
1	256.059
1	178.372
1	152.867
1	172.239
1	272.339
1	163.217
1	199.767
1	131.07
1	251.115
1	176.985
1	235.951
1	286.186
1	219.178
1	322.076
1	174.988
1	141.912
1	171.09
1	242.52
1	166.674
1	202.179
0	3.4658e-06
1	188.372
1	243.255
1	190.452
1	190.402
1	211.419
1	340.473
1	232.038
1	183.838
1	269.245
1	167.981
1	242.091
1	180.793
1	151.125
1	230.628
1	160.496
1	148.5
1	181.127
1	182.212
1	179.368
1	232.345
1	218.341
1	225.421
1	233.656
1	275.758
1	147.377
1	186.004
1	148.879
1	172.521
1	165.686
1	262.082
1	214.983
1	224.142
1	242.047
1	202.866
1	224.61
1	351.824
1	217.123
1	169.797
1	167.995
1	289.648
1	224.369
1	157.188
1	246.213
1	374.367
1	144.295
1	213.955
1	161.434
1	240.57
1	213.508
1	265.288
1	130.549
1	190.379
1	182.701
1	318.765
1	288.464
0	8.10982e-06
1	168.119
1	271.857
1	269.558
1	213.832
1	183.755
1	191.586
1	234.257
1	217.464
1	132.505
1	144.192
1	279.728
1	389.397
1	172.846
1	202.319
1	153.684
1	249.61
1	223.618
1	186.051
1	225.695
1	200.293
1	185.89
1	286.212
1	169.222
1	147.131
1	199.734
1	172.679
1	183.423
1	286.87
1	186.405
1	156.669
1	221.197
1	243.801
1	161.912
1	199.508
1	337.604
1	139.688
1	277.035
1	206.502
1	254.549
1	248.884
1	153.041
1	180.916
1	207.311
1	287.284
1	191.466
1	176.694
1	182.313
1	196.252
1	261.622
1	205.932
1	154.051
1	167.1
1	269.593
1	201.363
1	167.642
1	163.837
1	170.79
1	159.047
1	189.428
1	148.899
1	185.029
1	210.503
1	164.587
1	148.266
1	188.127
1	184.78
1	148.482
1	313.442
1	175.876
1	170.758
1	150.326
1	231.719
1	150.038
1	188.328
1	158.456
1	177.364
1	153.26
1	213.596
1	171.014
1	168.661
1	224.89
1	160.085
1	228.573
1	201.943
1	280.166
1	189.066
1	187.879
1	147.099
1	177.898
1	221.224
1	248.448
1	219.129
1	193.432
1	217.778
1	221.637
1	209.371
1	155.35
1	139.084
1	253.286
1	196.482
1	269.196
1	174.474
1	242.544
1	186.587
1	179.868
1	209.509
1	212.319
1	155.246
1	177.485
1	173.981
1	202.046
1	183.723
1	187.968
1	217.044
1	213.944
1	218.894
1	161.767
1	239.105
1	189.566
1	239.717
1	146.7
1	257.911
1	189.509
1	189.126
1	124.511
1	264.601
1	139.823
1	193.998
1	147.613
1	139.904
1	138.74
1	183.585
1	319.921
1	161.461
1	217.538
1	138.81
1	238.342
1	200.519
1	158.925
1	194.109
0	8.68506
1	267.695
1	203.926
1	174.504
1	134.402
1	198.796
1	155.661
1	213.726
1	173.642
1	334.149
1	294.838
1	160.583
1	155.97
1	261.972
1	148.122
1	220.465
1	166.972
1	233.996
1	164.728
1	219.899
1	139.534
0	3.00836e-05
1	266.575
1	270.037
1	132.877
1	182.417
1	162.789
1	265.329
1	246.169
1	154.404
1	246.446
1	202.729
1	154.238
1	176.999
1	178.791
1	172.172
1	188.095
1	179.849
1	166.884
1	185.554
1	190.17
1	295.938
1	155.3
1	190.766
1	218.272
1	172.719
1	157.797
1	232.229
1	187.031
1	342.891
1	206.25
1	226.227
1	271.775
1	280.707
1	190.28
1	183.44
1	215.976
1	361.6
1	240.461
1	350.211
1	167.384
1	166.97
1	338.016
1	223.245
1	272.269
1	258.94
1	192.049
1	210.551
1	161.463
1	198.228
1	211.258
1	226.209
1	138.164
1	149.31
1	157.041
1	177.373
1	166.823
1	164.801
1	215.128
1	304.184
1	393.926
1	178.4
1	185.756
1	130.272
1	213.396
1	224.776
1	142.529
1	156.487
1	213.5
1	250.697
1	153.321
1	239.104
1	172.492
1	212.721
1	276.703
1	208.828
1	208.468
1	131.552
1	157.873
1	154.9
1	197.257
1	212.544
1	173.803
1	229.641
1	149.093
1	144.381
1	161.626
1	277.432
1	195.869
1	114.514
1	171.887
1	218.551
1	172.18
1	193.39
1	174.581
1	217
1	250.012
1	229.794
1	205.326
1	204.061
1	282.558
1	161.087
1	116.874
1	211.916
1	269.742
1	234.702
1	150.204
1	178.045
1	204.882
1	162.481
1	169.385
1	387.334
1	143.208
1	283.601
1	145.272
1	242.795
1	192.438
1	154.79
1	254.532
1	207.246
1	200.312
1	221.244
1	175.285
1	224.019
1	299.932
1	248.968
1	237.916
1	192.823
1	124.796
1	247.462
1	250.108
1	185.205
1	158.374
1	172.093
1	193.03
1	232.832
1	289.73
1	159.827
1	226.155
1	169.731
1	172.674
1	191.402
1	221.165
1	255.741
1	160.188
1	202.56
1	261.248
1	188.911
1	155.542
1	149.171
1	179.702
1	202.839
1	153.886
1	151.939
1	177.334
1	228.392
1	252.825
0	51.6799
1	180.197
1	180.188
1	260.715
1	159.425
1	171.788
1	140.493
1	150.585
1	180.925
1	168.379
1	143.487
1	214.845
1	283.226
1	106.869
1	213.478
1	157.988
1	320.917
1	201.534
1	208.569
1	247.191
1	188.726
1	178.451
1	289.758
1	117.88
1	128.72
1	161.104
1	176.097
1	206.56
1	341.826
1	255.374
1	239.536
1	219.068
1	187.539
1	279.225
1	165.908
1	217.739
1	138.012
1	168.034
1	177.925
1	217.636
1	196.924
1	365.599
1	155.011
1	196.825
1	147.143
1	216.272
1	188.921
1	172.832
1	230.842
1	141.779
1	188.973
1	171.355
1	118.846
1	245.389
1	181.087
1	173.491
1	208.093
1	218.829
1	254.687
1	220.451
1	202.227
1	228.68
1	190.655
1	132.102
1	198.006
1	361.742
1	163.485
1	217.957
1	192.85
1	175.956
0	1.41294e-05
1	231.057
1	173.503
1	173.832
1	170.765
1	251.557
1	136.442
1	166.986
1	177.241
1	217.195
1	172.501
1	292.578
1	142.112
1	184.859
1	140.386
1	158.008
1	231.076
1	125.954
1	173.029
1	158.93
1	178.756
1	137.011
1	194.332
1	221.458
1	249.719
1	159.347
1	176.608
0	1.58991e-05
1	192.742
1	178.843
1	150.91
1	268.578
1	160.166
1	262.053
1	160.792
1	218.071
1	276.419
1	237.63
1	213.671
1	223.327
1	167.125
1	190.006
1	189.277
1	174.684
1	298.171
1	313.809
1	215.847
1	172.406
1	157.08
1	161.467
1	281.109
1	225.685
1	248.074
1	271.845
1	196.461
1	273.586
1	208.027
1	112.752
1	226.136
1	158.197
1	299.878
1	204.581
1	177.427
1	154.977
1	224.507
1	184.02
1	235.616
1	289.288
1	187.039
1	168.856
1	260.271
1	150.59
1	241.025
1	272.557
1	237.828
1	223.552
1	144.677
1	283.644
1	249.508
1	216.479
1	146.236
1	152.445
0	2.18704e-05
1	229.906
1	216.414
1	202.179
1	157.042
1	261.894
1	154.03
1	233.617
1	246.086
1	158.567
1	207.57
1	175.395
1	198.037
1	214.587
1	123.47
1	193.622
1	255.58
1	204.189
1	233.432
1	213.006
1	229.225
1	170.124
1	264.914
1	223.336
1	206.782
1	150.406
1	185.855
1	203.824
1	207.399
0	44.2309
1	222.55
1	201.632
1	277.181
1	230.377
1	214.434
1	182.717
1	185.266
1	172.876
1	253.47
1	142.708
1	188.473
1	310.096
1	159.628
1	271.364
1	148.167
1	235.651
1	129.209
1	195.14
1	165.457
1	208.728
1	209.747
1	181.394
1	164.123
1	146.712
1	164.505
0	9.80457e-05
1	233.541
1	202.001
1	194.03
1	202.494
1	203.286
1	221.868
1	207.289
1	222.858
0	8.42872e-06
1	170.132
1	211.816
1	214.186
1	181.832
1	154.698
1	188.967
1	171.862
1	230.505
1	238.049
1	137.733
1	212.965
1	183.437
1	222.024
1	166.067
1	141.8
1	180.379
1	247.039
1	265.976
1	140.359
1	156.141
1	238.717
1	195.055
1	171.321
1	186.998
1	199.307
1	176.166
1	177
1	208.804
1	265.436
1	156.208
1	267.297
1	148.882
1	271.268
0	6.4512e-06
1	330.054
1	169.771
1	157.146
1	181.999
1	226.01
1	184.109
1	162.618
1	296.847
1	194.113
1	184.91
1	217.896
1	162.864
1	187.852
1	154.8
1	204.993
1	160.673
1	186.664
1	311.756
1	276.483
1	239.724
1	229.246
1	216.139
1	282.235
1	200.898
1	227.734
1	302.111
1	215.7
1	195.631
1	180.097
1	260.167
1	243.447
1	242.812
1	278.583
1	211.692
1	168.997
1	144.946
1	182.046
1	249.131
1	155.101
1	204.483
1	219.371
1	173.08
1	148.165
1	231.182
1	200.919
1	139.235
1	116.262
0	34.8032
1	198.229
1	144.734
1	167.445
1	273.092
1	252.328
1	161.224
1	241.876
1	268.389
1	165.632
1	187.726
1	289.82
1	268.948
1	330.164
1	208.639
1	237.636
1	138.315
1	194.817
1	339.931
1	215.412
1	187.618
1	188.218
1	262.778
1	161.118
1	145.946
1	173.857
1	181.113
1	198.352
0	21.4195
1	167.076
1	179.512
1	233.866
1	197.409
1	200.008
1	155.125
1	244.873
1	167.715
1	276.321
1	190.15
1	156.33
1	273.189
1	214.222
1	165.51
0	3.12964e-05
1	180.867
1	187.351
1	271.401
1	202.17
1	326.852
1	279.33
1	160.343
1	230.55
1	273.474
1	169.57
1	179.347
1	185.659
1	206.842
1	285.829
1	343.677
1	195.437
1	175.727
1	227.044
1	169.736
1	299.385
1	180.352
1	153.768
1	367.063
1	187.773
1	203.626
1	161.559
1	340.639
1	232.812
1	177.098
1	203.005
1	175.351
1	176.357
1	147.509
1	235.145
1	151.506
1	232.861
1	146.573
1	231.473
1	167.085
1	197.772
1	186.241
1	287.704
1	188.239
1	235.175
1	246.716
1	202.649
1	227.847
1	252.3
1	159.397
1	167.654
1	210.033
1	132
1	204.691
1	174.14
1	190.356
1	156.792
1	207.551
1	145.988
1	162.453
1	220.288
1	267.271
1	202.603
1	195.984
1	185.883
1	243.257
1	120.919
1	408.157
1	207.72
1	227.936
1	262.105
1	162.995
1	173.494
1	206.984
1	155.449
1	258.216
1	281.199
1	197.175
1	146.68
1	117.841
1	273.02
1	181.793
1	207.714
1	188.145
1	133.508
1	288.688
1	152.229
1	153.702
1	192.748
1	215.423
1	208.49
1	174.882
1	287.893
1	332.414
1	265.807
1	186.175
1	194.661
1	207.267
1	198.411
1	202.287
1	179.173
1	254.298
1	139.01
1	204.917
1	331.239
1	242.688
1	171.95
1	225.865
1	229.939
1	352.057
1	278.581
1	199.861
1	140.403
1	156.18
1	161.634
1	151.452
1	217.826
1	182.2
1	177.711
1	220.915
1	222.198
1	210.6
0	1.28828e-05
1	165.413
1	215.004
1	362.481
1	185.401
1	301.516
1	188.471
1	310.647
1	120.386
1	149.276
1	212.763
1	284.113
1	154.877
0	7.93474e-06
1	184.971
1	310.813
1	188.682
1	182.836
1	195.772
1	193.34
0	32.3814
1	300.119
1	218.59
1	213.124
1	231.174
1	355.537
1	243.419
1	179.094
1	155.377
1	112.075
1	123.879
1	337.065
1	225.672
0	13.0834
1	146.114
1	145.448
1	180.082
1	182.149
1	251.929
1	184.298
1	264.33
1	158.463
1	130.239
1	266.572
1	293.511
1	279.4
1	186.625
1	164.174
1	173.199
1	190.108
1	188.64
1	206.365
1	205.301
1	198.153
1	186.004
1	188.812
1	219.077
1	256.474
1	227.587
1	204.37
1	271.985
1	175.948
1	236.896
1	167.053
1	200.95
1	129.332
1	186.533
1	185.37
1	211.813
1	164.756
1	231.646
1	223.703
1	179.548
1	178.445
1	162.751
1	147.863
1	133.455
1	238.809
1	275.425
1	197.366
1	200.675
1	246.551
1	203.581
1	147.725
1	222.397
1	217.75
1	244.72
1	228.736
1	227.507
1	173.895
1	301.377
1	194.989
1	168.61
1	160.029
1	276.698
1	149.113
1	155.594
1	224.195
1	220.65
1	303.543
1	210.543
1	197.938
1	216.297
1	265.967
1	216.216
1	206.822
1	250.207
1	220.987
1	167.198
1	307.38
1	273.177
1	231.068
1	196.836
1	308.718
1	140.745
1	201.466
1	213.096
1	221.62
1	225.216
1	161.626
1	172.289
1	195.376
1	262.187
1	194.443
1	204.671
1	211.835
1	211.985
1	151.977
1	194.202
1	436.497
1	140.972
1	260.725
1	227.732
1	197.492
1	176.057
1	248.441
1	251.409
1	213.375
0	108.752
1	242.355
1	283.111
1	163.673
1	209.995
1	209.715
1	218.589
1	132.567
1	237.432
1	197.087
1	124.273
1	135.692
1	151.908
1	177.092
1	147.776
1	329.006
1	277.495
1	241.874
1	167.389
1	300.454
1	167.814
1	160.51
1	332.309
1	205.715
1	254.377
1	196.064
1	161.935
1	190.411
1	147.505
1	202.58
1	188.486
1	239.497
0	2.05556e-05
1	181.101
1	219.389
1	164.262
1	160.821
1	223.621
1	340.502
1	142.732
1	155.78
1	235.893
1	286.932
1	292.54
1	200.195
1	301.786
1	116.118
1	170.998
1	178.164
1	283.098
0	9.2606e-06
1	211.343
1	315.597
1	183.343
1	161.462
1	172.169
1	111.863
1	185.704
1	141.629
1	155.967
1	305.746
1	249.86
1	188.927
1	174.617
1	142.22
0	15.6301
1	257.393
1	166.629
1	215.998
1	158.559
1	250.727
1	146.995
1	169.721
1	179.239
1	276.483
1	220.067
1	204.463
1	281.036
0	67.5104
1	195.475
1	205.146
1	267.647
1	288.575
1	142.77
1	218.296
1	194.816
1	179.998
1	201.749
1	362.185
1	121.911
1	250.985
1	261.216
1	181.126
1	201.328
1	173.839
1	189.416
1	187.885
1	184.268
1	123.698
1	139.99
0	41.3189
1	184.672
1	253.475
1	172.541
1	187.535
1	193.63
1	317.66
1	250.415
1	129.972
1	174.094
1	313.805
1	189.299
1	155.058
1	155.451
1	157.169
1	189.594
1	243.158
0	2.91803e-05
1	273.131
1	284.93
1	177.12
1	199.572
1	288.971
1	269.421
1	176
1	153.382
1	191.713
1	163.207
0	5.63183e-05
1	306.658
1	278.428
1	175.027
1	145.174
1	174.433
1	183.771
1	248.927
1	388.126
1	233.621
1	246.555
1	178.198
1	229.408
1	242.448
1	242.593
1	159.723
1	137.177
1	221.425
1	172.491
1	225.317
1	178.127
1	167.125
1	137.742
1	182.86
1	265.343
1	197.864
1	238.822
1	180.939
1	199.087
1	194.73
1	198.42
1	211.834
1	166.424
1	231.641
1	198.917
1	149.147
1	276.936
1	202.775
1	177.875
1	270.34
1	129.985
1	196.552
1	209.768
1	221.79
1	259.894
1	218.492
1	181.14
1	210.069
1	414.565
1	225.981
1	172.096
1	151.546
1	263.089
1	189.889
1	242.867
1	237.045
1	219.109
1	174.639
1	253.028
1	153.05
1	157.443
1	287.273
1	324.694
1	141.364
1	250.99
1	175.839
1	184.073
0	2.03898e-05
1	172.405
1	236.52
1	181.3
1	241.669
1	231.31
1	208.094
1	218.997
1	322.071
1	257.129
1	200.183
1	225.799
1	297.714
1	191.416
1	239.513
1	191.42
1	208.959
1	238.917
1	237.091
1	236.637
1	201.702
1	220.227
1	184.025
1	180.816
1	223.82
1	136.205
1	197.922
1	144.34
1	243.847
1	128.275
1	261.636
1	183.332
1	255.442
1	187.434
1	147.998
1	234.121
1	276.134
1	187.043
1	268.662
1	153.106
1	201.014
1	197.806
1	220.633
1	333.621
1	242.56
1	193.242
1	208.318
1	172.973
1	197.72
1	241.457
1	180.293
1	162.904
1	196.732
1	170.718
1	351.378
1	176.208
1	143.018
1	183.203
1	166.777
1	203.018
1	156.652
1	241.605
1	165.88
1	300.697
1	439.503
1	188.876
1	229.851
1	194.135
1	220.48
1	315.254
1	155.541
1	328.24
1	201.468
1	159.485
1	180.91
0	33.8931
1	181.887
1	160.445
1	190.792
1	459.745
1	285.523
1	190.66
1	310.216
1	296.533
1	201.923
1	212.07
1	187.859
1	210.652
1	221.245
1	284.977
1	223.786
1	198.101
1	162.624
1	196.542
1	182.127
1	189.399
1	133.03
1	139.876
1	212.649
1	193.917
1	159.802
1	204.656
1	204.67
1	321.563
1	241.812
1	158.585
1	362.352
1	159.387
1	163.077
1	205.86
1	188.162
1	137.187
1	156.961
1	205.605
1	210.33
1	203.491
1	195.985
1	166.244
1	212.792
1	146.468
1	202.236
1	188.873
1	180.539
1	240.868
1	169.708
1	160.438
1	205.925
1	160.419
1	260.509
1	182.548
1	231.299
1	266.979
1	151.119
0	5.81796e-05
1	166.665
1	228.405
1	199.961
1	199.748
1	172.664
1	281.856
1	256.643
1	271.573
1	262.651
1	191.388
1	162.689
1	219.582
1	162.245
1	268.551
1	245.438
1	280.362
1	169.481
1	207.973
1	164.845
1	217.574
1	193.38
1	221.409
1	226.223
1	145.12
1	238.544
1	192.887
1	229.906
1	203.257
1	156.281
1	164.516
1	170.036
1	254.016
1	240.742
1	230.463
1	159.697
1	203.841
1	143.296
1	208.422
1	308.215
1	177.404
1	260.586
1	207.006
1	263.999
1	137.882
1	137.853
1	193.13
1	227.644
1	240.603
1	234.989
1	158.568
1	213.578
1	322.964
1	188.082
1	298.049
1	242.001
1	178.831
1	323.561
1	220.574
1	176.528
1	139.224
1	304.165
1	159.954
1	222.448
1	217.142
1	216.507
1	364.216
1	177.224
1	246.128
1	165.513
1	157.469
1	243.435
1	264.198
1	175.226
1	242.34
1	308.874
1	176.456
1	199.663
1	178.345
1	257.453
1	183.517
1	248.808
1	207.99
1	213.089
1	162.165
1	179.14
1	164.563
1	156.697
1	148.873
1	219.74
1	206.305
1	275.479
1	208.473
1	186.736
1	274.766
1	249.376
1	195.104
1	123.359
1	185.323
1	325.497
1	222.562
1	220.021
1	158.112
1	203.322
1	274.972
1	171.429
1	193.844
1	277.438
0	21.0524
1	241.436
1	228.633
1	158.404
1	175.929
1	159.049
1	173.895
1	273.768
1	401.335
1	253.444
1	359.824
1	162.23
1	116.787
1	235.534
1	270.668
1	203.507
1	214.363
1	282.703
1	184.765
1	273.165
1	162.193
1	293.131
1	167.911
1	256.113
1	198.13
1	192.836
1	222.842
1	264.455
1	173.712
1	145.044
1	185.215
1	188.696
1	150.587
1	215.166
1	208.897
1	279.639
1	177.679
1	167.546
1	156.464
1	214.043
1	310.46
1	178.256
1	176.338
1	276.489
1	145.901
1	244.135
1	227.765
1	262.485
1	233.526
1	243.137
1	233.306
1	253.686
1	222.905
1	152.687
1	255.367
1	164.66
1	205.204
1	147.264
1	176.077
1	187.556
1	279.137
0	1.10446e-05
1	159.011
1	225.953
1	151.317
1	192.618
1	200.825
1	118.973
1	158.808
1	263.522
1	206.318
1	201.897
1	154.643
1	207.558
1	207.581
1	154.462
1	200.942
1	369.509
1	135.087
1	166.719
1	264.895
1	327.278
1	185.143
1	166.972
1	185.197
1	192.635
1	187.878
1	268.546
1	185.244
1	223.683
1	147.608
1	225.757
1	203.372
1	229.723
1	187.347
1	157.246
1	322.992
1	303.498
1	214.62
1	150.718
1	190.631
1	240.473
1	260.159
1	214.912
1	146.532
1	151.416
1	142.086
1	203
1	155.854
1	166.682
1	254.615
1	234.928
1	190.141
1	193.824
1	133.693
1	178.132
1	233.536
1	199.175
1	161.74
1	182.503
1	205.16
1	269.803
1	229.271
1	239.611
1	317.991
1	170.935
1	218.262
1	115.128
1	199.593
1	206.669
1	163.422
1	172.985
1	145.958
1	219.178
1	225.912
1	362.127
1	162.679
1	163.573
1	242.742
1	172.901
1	159.475
1	164.1
1	168.556
1	198.826
1	158.448
1	163.788
1	177.044
1	162.562
1	281.543
0	6.89829e-07
1	248.275
1	178.216
1	179.328
1	208.733
1	208.59
1	195.7
1	173.876
1	135.909
1	208.747
1	162.562
1	299.128
1	257.941
1	246.801
1	232.645
1	193.927
0	0.000141151
1	167.876
1	140.388
1	198.684
1	270.161
1	176.882
1	197.482
1	182.415
1	205.169
1	287.165
1	151.121
1	160.83
1	262.536
1	233.304
1	203.944
1	291.471
1	172.347
1	145.899
1	225.351
1	217.759
1	146.541
1	260.822
1	271.52
1	225.425
1	378.204
1	225.81
1	253.995
1	238.771
1	228.102
1	143.752
1	241.069
1	177.238
1	269.801
1	195.03
0	56.6298
1	152.528
1	138.088
1	211.967
1	154.48
1	283.555
1	204.887
1	228.293
1	181.048
1	201.71
1	209.8
1	226.663
1	253.59
1	235.719
1	140.036
1	184.195
1	153.304
1	226.19
1	212.685
1	230.634
1	308.933
1	146.988
1	178.07
1	120.7
1	187.957
1	252.237
1	144.556
1	158.844
1	177.557
1	247.9
1	254.512
1	246.39
1	209.174
1	191.613
1	315.801
1	247.995
1	193.723
1	162.159
1	279.382
1	232.016
1	300.744
1	156.531
1	239.164
1	168.578
1	154.495
1	138.229
1	117.555
1	234.973
1	263.973
1	281.607
1	157.611
1	197.799
1	182.965
1	254.28
1	163.786
1	160.535
1	152.501
0	68.0194
1	214.26
1	123.113
1	189.549
1	215.562
1	182.458
1	186.492
1	146.296
1	176.236
1	213.948
1	144.483
1	175.797
1	163.693
1	293.476
1	167.383
1	215.935
1	237.148
1	255.675
1	170.902
1	184.373
1	230.782
1	189.193
1	279.255
1	191.597
1	133.306
1	167.442
1	238.114
1	121.853
1	197.894
1	124.427
1	156.39
1	167.476
1	183.006
1	219.296
1	280.474
1	175.356
1	244.976
1	205.105
1	190.409
1	165.418
1	243.372
1	212.669
1	164.725
1	236.586
1	196.736
1	174.496
1	230.501
1	205.59
1	164.362
1	162.524
1	311.115
1	183.308
0	49.5763
1	270.819
1	192.155
1	153.037
1	201.256
1	316.105
1	287.435
1	214.452
1	294.076
1	164.323
1	319.241
1	236.574
1	172.079
1	197.776
1	288.483
1	278.261
1	187.522
1	400.385
1	191.582
1	430.972
1	205.363
1	267.846
1	216.434
1	210.182
1	222.269
1	239.737
1	247.497
1	162.653
1	208.075
1	210.839
1	171.471
1	145.016
1	173.741
1	169.058
1	176.374
1	273.813
1	196.405
1	171.831
1	280.873
1	221.96
1	172.435
1	164.824
1	225.398
1	264.278
1	216.569
1	153.425
1	216.004
1	344.892
1	279.293
1	205.118
1	223.681
1	233.079
1	175.807
1	181.912
1	180.024
1	127.55
1	191.9
1	159.453
1	177.656
1	241.579
1	170.142
1	193.186
1	165.392
1	161.526
1	280.648
1	176.827
1	183.436
1	165.44
1	242.429
1	309.995
1	189.783
1	140.459
1	182.385
1	176.812
1	270.199
1	226.318
1	166.488
1	263.411
1	245.084
1	255.672
1	247.348
1	199.774
1	145.073
1	239.871
1	147.455
1	232.158
0	7.21841
1	181.115
1	142.443
1	229.229
1	203.942
1	299.428
1	205.905
1	246.699
1	231.659
1	228.18
1	151.804
1	183.538
1	261.407
1	151.64
1	186.43
1	194.239
1	178.126
1	221.915
1	194.318
1	155.507
1	184.118
1	194.391
1	319.777
1	196.423
1	207.599
1	226.802
1	201.845
1	173.424
1	235.142
1	238.466
1	175.793
1	192.884
0	91.4685
1	193.78
1	205.542
0	96.8681
1	123.148
1	268.226
1	256.79
1	174.719
1	263.05
1	155.538
1	185.112
1	164.674
1	179.051
1	162.375
1	192.216
1	212.191
1	235.055
1	242.749
1	244.998
1	179.621
1	169.614
1	259.597
1	214.32
1	177.4
1	273.948
1	171.247
1	177.309
1	288.625
1	397.44
1	190.215
1	193.136
1	157.609
0	6.77939e-06
1	200.849
1	201.236
1	190.007
1	211.742
1	158.736
1	148.813
1	234.153
1	217.999
1	219.529
1	149.557
1	250.541
1	189.133
1	219.296
1	174.801
1	171.286
1	174.305
1	148.958
1	215.633
1	206.421
1	190.74
1	194.178
1	230.592
1	150.402
1	168.787
1	192.64
1	196.622
1	171.201
1	215.179
1	203.591
1	218.887
1	137.919
1	203.239
1	179.441
1	220.309
1	197.282
1	186.19
1	255.562
1	242.939
1	238.526
1	249.875
1	209.946
1	230.572
1	190.623
1	182.773
1	240.857
1	188.838
1	160.123
1	137.958
1	143.85
1	160.566
1	227.756
1	304.19
1	151.355
1	229.033
1	209.405
1	215.947
1	156.356
1	180.844
1	250.978
1	202.751
0	0.000132792
1	185.951
1	221.95
1	178.584
1	265.874
1	255.06
1	129.673
1	189.463
1	199.686
1	308.168
1	249.292
1	142.622
1	276.08
1	209.417
1	185.498
1	145.835
1	138.61
1	166.198
1	237.414
1	253.627
1	169.198
1	264.359
1	200.242
1	150.665
1	163.229
1	203.257
1	251.544
1	249.825
1	160.681
1	165.432
1	220.7
1	129.692
1	148.629
1	264.002
1	292.615
1	172.694
1	240.943
1	194.27
1	140.094
1	208.902
1	180.411
1	154.456
1	197.967
1	202.098
1	154.549
1	183.004
1	213.736
1	158.566
1	167.502
1	189.77
1	216.611
1	212.865
1	176.041
1	245.051
1	197.893
1	164.693
1	123.742
1	353.636
1	294.509
1	183.985
1	201.544
1	122.258
1	185.377
1	204.685
1	181.419
1	353.634
1	226.012
1	347.665
1	178.477
1	211.365
1	236.931
1	229.485
1	190.674
1	178.967
1	240.712
1	313.823
1	177.177
1	165.7
1	163.523
1	167.315
1	233.604
1	140.219
1	261.229
1	189.346
1	133.278
1	247.567
1	163.586
1	204.591
1	173.396
1	200.706
1	234.972
1	185.654
1	214.631
1	204.631
1	169.193
1	195.033
1	248.738
1	282.714
1	178.648
1	140.082
1	176.29
1	202.447
1	200.624
1	207.076
1	168.356
1	178.226
1	195.554
1	172.25
1	204.047
1	221.943
1	275.626
1	230.487
1	184.185
1	132.851
1	332.791
1	192.713
1	219.009
1	138.943
1	255.3
1	181.171
0	34.4
1	192.396
1	179.769
1	221.296
1	191.696
1	226.785
1	194.765
1	164.051
1	220.399
1	196.257
1	203.019
1	271.143
1	168.19
1	169.185
1	155.127
1	169.594
0	4.01441e-05
1	176.95
1	342.763
1	169.024
1	195.664
1	256.854
1	249.922
1	208.364
1	237.953
1	133.813
1	182.153
1	235.302
1	155.054
1	146.743
1	177.171
1	177.53
1	169.242
1	166.396
1	146.606
1	277.851
1	167.277
1	222.121
1	157.816
1	195.829
1	255.87
1	333.385
1	177.56
1	223.896
1	295.121
1	154.506
1	241.353
1	162.809
1	280.01
1	224.949
1	186.252
1	217.082
1	228.425
1	179.332
1	213.417
1	168.303
1	243.57
1	371.941
1	364.006
1	255.211
1	196.032
1	266.35
1	232.54
1	248.052
1	121.604
1	143.975
1	185.864
1	196.135
1	209.713
1	276.687
1	157.802
1	217.093
1	214.857
1	241.607
1	158.716
1	174.821
1	186.597
1	215.684
1	163.835
1	198.851
1	248.613
1	182.583
1	207.947
1	252.527
1	186.012
1	217.695
1	198.149
1	182.661
0	7.97784e-05
1	193.221
1	181.821
1	170.881
1	242.896
1	180.536
1	198.047
1	181.219
1	191.119
1	136.483
1	191.319
1	284.087
1	151.702
1	204.686
1	258.975
1	183.948
1	172.896
1	247.916
1	217.505
1	224.522
1	131.119
1	139.583
1	228.935
1	140.454
1	176.621
1	239.345
1	124.549
1	147.774
1	260.113
1	152.3
1	173.596
1	148.859
1	211.509
1	149.267
1	267.485
1	182.019
1	328.711
1	172.928
1	236.073
1	148.788
1	137.143
1	215.292
1	260.058
1	169.645
1	151.742
1	209.266
1	262.488
1	277.046
1	161
1	191.616
1	161.289
1	172.909
1	275.842
1	194.422
1	182.734
1	160.406
1	137.716
1	174.919
1	149.248
1	288.22
1	246.415
1	186.722
1	200.659
1	135.526
1	176.169
1	229.087
1	128.031
1	151.786
1	180.546
1	179.357
1	251.367
1	218.535
1	182.547
1	135.222
1	177.222
1	321.067
1	204.3
1	176.156
1	198.516
1	155.874
1	204.891
1	169.403
1	232.928
1	208
1	195.053
1	213.133
1	139
1	138.508
1	178.488
1	178.465
1	147.872
1	174.035
1	174.343
1	276.483
1	238.626
1	180.304
1	221.971
1	177.929
1	135.179
1	270.176
1	221.718
1	182.02
1	172.004
1	163.169
1	235.883
1	227.498
1	189.79
1	275.054
1	177.591
1	146.971
1	198.648
1	163.787
1	149.631
1	209.041
1	165.66
1	217.781
1	331.303
1	157.408
1	189.997
1	142.563
1	167.423
1	271.764
1	278.688
0	57.4002
1	286.027
1	201.441
1	148.816
1	195.803
1	222.663
1	164.235
1	256.306
1	261.413
1	187.833
1	194.424
1	177.272
1	257.656
1	152.001
1	195.223
1	167.101
0	3.44987
1	165.97
1	213.172
1	265.431
1	302.424
1	174.593
1	203.79
1	231.58
1	238.358
1	201.115
1	269.375
1	282.681
1	172.488
1	236.112
1	210.091
1	163.422
1	261.265
1	215.6
1	226.503
1	332.547
1	188.532
1	172.329
1	184.144
1	246.585
1	204.856
0	4.44892e-05
1	215.732
1	211.476
1	249.076
1	168.932
1	251.304
1	138.199
1	138.333
1	198.34
1	192.986
1	213.604
1	125.407
1	159.123
1	128.373
1	161.435
1	208.944
1	295.75
1	202.884
1	252.898
1	213.131
1	229.973
1	173.843
1	202.374
1	144.248
1	185.816
1	145.618
1	167.626
1	264.754
0	7.3071e-05
1	214.158
1	279.756
1	202.236
1	138.347
1	175.44
1	290.254
0	6.84228e-06
1	134.731
1	245.223
1	281.556
1	186.847
1	181.938
1	245.633
1	237.584
1	230.869
1	169.46
1	240.586
1	134.406
1	218.974
1	132.75
1	144.644
1	264.07
1	161.346
1	227.085
1	187.369
1	172.453
1	182.137
1	196.327
1	245.999
1	264.498
1	230.945
1	150.998
1	218.038
1	135.912
1	160.426
1	397.099
1	156.636
1	191.502
1	206.205
1	263.766
1	145.637
1	248.181
1	165.602
1	277.025
1	231.867
1	151.296
1	173.681
1	187.975
1	171.323
1	196.806
1	209.681
1	147.598
1	175.386
1	139.175
1	207.256
1	190.751
1	231.588
1	170.977
1	194.315
1	216.716
1	319.196
1	234.719
1	211.712
1	296.814
1	173.01
1	208.05
1	188.085
1	159.302
1	162.052
1	254.742
1	219.086
1	225.752
1	176.721
1	220.658
1	123.363
1	179.36
1	140.879
1	204.094
1	236.96
1	170.86
1	145.273
1	231.793
1	369.916
1	213.675
1	188.937
1	208.41
1	176.11
1	270.606
1	233.069
1	171.875
1	304.781
1	228.271
1	273.438
1	147.438
1	150.316
1	223.85
1	215.683
1	191.709
1	132.173
1	198.243
1	150.877
1	207.861
1	230.368
1	222.267
1	176.538
1	231.722
1	183.933
1	181.178
1	167.503
1	195.799
1	287.009
1	232.365
1	224.061
1	249.951
1	238.12
1	143.773
1	239.095
1	148.532
1	201.837
1	192.968
1	245.228
1	279.409
1	142.979
1	258.064
1	269.69
1	197.401
1	195.031
1	146.285
1	128.13
1	350.839
1	242.952
1	262.26
1	184.286
1	206.524
1	173.875
1	224.153
1	296.397
1	160.562
1	203.461
1	156.252
1	198.547
1	344.702
1	230.788
1	175.651
1	190.635
1	190.393
1	219.843
1	235.523
1	234.104
1	144.906
1	202.989
1	230.858
1	164.901
1	224.834
1	144.678
1	218.93
1	209.628
1	207.13
1	183.865
1	207.232
1	189.876
1	161.997
1	167.415
1	172.468
1	136.754
1	196.008
1	340.531
1	144.095
1	257.37
1	150.725
1	200.496
1	228.979
1	239.245
1	150.265
1	178.49
1	157.627
1	273.88
1	201.147
1	253.014
1	261.205
1	193.904
1	175.674
1	174.363
1	206.595
1	202
1	128.248
1	174.401
1	157.013
1	165.572
1	163.31
1	318.857
1	173.515
1	205.294
1	181.723
1	169.885
1	205.357
1	214.928
1	171.009
1	214.693
1	192.708
1	224.564
1	348.745
1	184.624
1	174.734
1	136.473
1	185.698
1	183.096
1	394.724
1	233.826
1	154.036
1	171.676
1	215.152
1	195.798
1	139.944
1	177.667
1	160.556
1	255.072
1	262.375
1	177.961
1	209.933
1	249.777
1	170.209
1	161.805
1	230.464
1	187.108
1	236.153
0	29.6309
1	170.75
1	174.933
1	163.635
1	150.045
1	171.474
1	201.933
1	140.276
1	162.208
1	219.061
1	194.438
1	187.515
0	2.38251e-06
1	186.582
1	211.777
1	155.932
1	176.17
1	232.799
1	175.827
1	182.905
1	162.699
1	195.737
1	340.282
1	174.143
1	234.232
1	133.661
1	165.301
1	285.512
1	149.15
1	256.645
1	270.165
1	249.726
1	243.627
1	153.4
1	214.304
1	239.37
1	248.664
1	182.261
1	197.446
1	347.533
1	161.967
1	146.404
1	271.313
1	158.239
1	173.225
1	241.116
1	124.535
1	224.688
1	224.985
1	130.587
1	237.977
1	340.569
1	171.859
1	192.97
1	231.359
1	211.375
1	225.985
1	182.25
1	158.767
1	161.628
1	212.747
1	282.012
1	161.129
1	165.027
1	188.039
1	200.3
1	235.916
1	188.164
1	333.728
1	192.603
1	197.23
1	152.574
1	203.108
1	308.796
1	275.048
1	195.938
1	187.961
1	240.458
1	297.62
1	230.408
1	216.7
1	204.345
1	254.124
1	309.114
1	211.354
1	185.044
1	303.356
1	187.29
1	140.464
1	161.839
1	220.795
1	234.758
1	212.089
1	253.684
1	275.739
0	22.8122
1	258.645
1	174.884
1	188.543
1	238.494
1	175.405
1	223.061
1	185.203
0	6.23846
1	311.494
1	172.13
1	157.156
1	184.345
1	161.333
1	218.396
1	143.432
1	211.298
1	387.152
1	188.413
1	217.869
1	175.903
1	175.72
1	299.34
1	240.427
1	240.658
1	261.02
1	236.715
1	233.112
1	237.537
1	165.661
1	163.85
1	190.141
1	158.12
1	285.206
1	148.844
1	196.596
1	265.23
1	183.24
1	219.877
1	164.925
1	343.441
1	191.408
1	211.922
1	223.787
1	238.757
1	183.575
1	233.521
1	148.27
1	224.172
1	176.024
1	151.719
1	167.813
0	1.95605e-05
1	182.135
1	146.681
1	251.914
1	227.031
1	195.616
1	324.182
1	178.007
1	286.075
1	303.692
1	174.543
1	193.514
1	199.171
1	199.092
1	192.358
1	175.75
1	198.662
1	217.83
1	189.878
1	221.431
1	189.873
1	146.164
1	176.387
1	161.053
1	197.14
0	46.6915
1	335.371
1	190.37
1	144.595
1	200.879
1	217.396
1	175.581
1	174.272
1	223.949
1	230.121
1	201.906
1	247.475
1	151.637
1	180.396
1	143.467
1	163.488
1	178.819
1	168.388
1	148.349
1	134.592
1	147.257
1	157.347
1	167.153
1	182.084
1	220.85
1	212.557
1	210.192
1	200.09
1	180.546
1	162.548
1	144.373
1	198.969
1	302.055
1	185.209
1	184.88
1	206.645
1	187.478
1	106.405
1	193.344
1	289.32
1	174.476
1	165.797
1	204.669
1	198.64
1	173.081
1	193.52
1	186.474
1	362.559
1	136.385
1	186.306
1	186.467
1	273.1
1	161.524
1	190.792
1	181.725
1	183.496
1	166.697
1	329.054
1	195.002
1	260.089
1	256.329
1	246.945
1	174.019
1	206.613
1	199.238
1	275.043
1	179.401
1	259.492
1	127.441
1	241.918
1	136.629
1	274.576
1	239.974
1	153.995
1	224.283
1	225.868
1	158.502
1	178.735
1	210.802
1	247.207
1	185.481
0	2.31537e-05
1	156.609
1	233.733
1	150.966
1	165.868
1	192.09
1	262.408
1	187.817
1	202.027
1	179.261
1	153.628
1	142.634
1	371.952
1	115.012
1	236.784
1	168.091
1	167.206
1	148.148
1	200.052
1	158.351
1	167.732
1	398.628
1	211.532
1	174.187
1	338.977
1	163.826
1	186.913
1	365.913
1	245.446
1	179.306
1	277.725
1	194.496
1	210.232
1	159.553
1	212.677
1	199.89
1	161.996
1	241.358
1	192.783
1	168.545
1	200.174
1	183.78
1	206.026
1	181.498
1	262.617
1	204.65
1	191.94
1	259.76
1	191.156
1	167.379
1	194.601
1	225.463
1	260.199
1	165.611
1	144.802
1	274.073
1	226.915
1	155.339
1	250.028
1	173.887
1	298.521
1	145.955
1	175.733
1	189.483
1	195.856
1	221.523
1	174.586
0	3.71656e-05
1	163.599
1	199.032
1	199.768
1	251.87
1	124.907
1	196.86
1	120.881
1	340.381
1	228.66
1	208.214
1	184.259
1	175.475
1	209.427
1	169.376
1	193.281
1	178.548
1	205.105
1	154.053
1	370.511
1	171.878
1	262.845
1	201.742
1	152.017
1	216.937
1	258.006
1	214.258
1	236.555
1	242.533
1	161.432
1	221.177
1	171.346
0	44.9812
1	265.394
1	315.318
1	203.305
1	185.17
1	205.589
1	138.681
1	166.76
1	161.839
1	146.595
1	218.793
1	165.568
1	269.3
1	280.552
1	194.001
1	236.508
1	288.807
1	234.566
1	143.913
1	263.777
1	251.383
1	247.96
1	209.143
1	159.01
1	197.861
1	174.009
1	200.864
1	185.99
1	211.992
1	180.188
1	136.613
1	278.117
1	151.165
1	123.901
1	226.321
1	226.451
1	216.874
1	230.01
1	181.341
1	260.129
1	242.095
1	181.475
1	165.407
1	251.873
1	117.748
1	224.217
1	200.995
1	168.69
1	204.496
1	269.354
1	174.197
1	192.077
1	271.394
1	144.576
1	294.233
1	246.543
1	240.55
1	162.636
1	258.741
1	224.206
1	205.199
1	296.761
1	299.533
1	140.841
1	211.156
1	165.864
1	226.989
1	145.206
1	190.331
1	184.559
1	164.467
1	184.223
1	311.64
1	155.142
1	247.282
1	165.424
1	169.791
1	201.392
1	253.692
1	209.932
1	200.2
1	168.606
1	192.139
1	160.404
1	211.14
1	197.499
1	276.047
1	252.595
1	223.387
1	130.461
0	0.000143224
1	146.194
1	230.693
1	156.941
1	208.599
1	159.931
1	333.288
1	236.104
1	327.791
1	159.593
1	201.675
1	168.125
1	158.616
1	216.41
1	186.843
1	233.606
1	210.744
1	192.344
1	228.6
1	183.891
1	209.957
1	260.74
1	188.019
1	150.202
1	248.183
1	279.394
1	172.812
1	217.05
1	207.93
1	239.46
1	160
1	201.782
1	190.327
1	353.486
1	185.496
1	132.31
1	178.592
1	234.951
1	181.262
1	187.682
0	3.6735e-06
1	371.891
1	220.892
1	172.641
1	186.047
1	239.53
1	205.994
1	224.164
1	146.142
1	165.99
1	127.569
1	215.642
1	328.631
1	143.593
1	261.523
1	209.177
1	161.298
1	161.716
1	212.99
1	307.394
1	161.297
1	136.437
1	224.435
1	173.989
0	80.4189
1	183.874
1	298.364
1	209.575
1	292.142
1	259.352
1	291.821
1	229.565
1	154.596
1	306.276
1	173.491
1	246.229
1	168.689
1	221.346
1	202.414
1	140.45
1	196.86
1	198.802
1	262.883
1	215.652
1	175.592
1	195.832
1	468.861
1	163.625
1	187.811
1	142.667
1	171.827
1	173.103
1	200.94
1	135.912
1	272.999
1	315.648
1	158.557
1	211.32
1	220.425
1	225.568
1	199.98
1	219.448
1	216.309
1	172.235
1	185.099
1	154.082
1	327.102
1	222.162
1	153.855
1	137.066
1	186.866
1	283.188
0	34.415
1	177.496
1	262.74
1	232.481
1	195.481
1	220.73
1	195.584
1	261.081
1	227.732
1	160.492
1	347.442
1	233.409
1	161.368
1	190.321
1	180.279
1	130.463
1	197.766
0	35.5441
1	203.514
1	165.72
1	145.609
1	130.426
1	166.08
1	196.283
1	146.672
1	191.419
1	135.369
1	178.539
0	1.64069e-06
1	143.532
1	130.243
1	176.221
1	226.067
1	237.09
1	158.08
1	178.313
1	204.835
1	296.891
1	215.964
1	147.715
1	227.351
1	182.281
1	190.581
1	259.388
1	187.765
1	161.169
1	245.163
1	154.294
1	202.103
1	261.03
1	156.546
1	302.284
1	210.428
1	148.754
1	156.465
1	221.702
1	135.215
1	168.096
1	164.41
1	217.976
1	242.754
1	165.53
1	183.582
1	149.516
1	144.302
1	132.951
1	210.974
1	173.301
1	226.162
1	151.925
1	219.508
1	351.735
1	140.23
1	164.812
1	273.784
1	149.166
1	190.781
1	163.566
1	223.129
1	286.236
1	196.39
1	168.955
1	125.43
1	263.07
1	131.947
1	229.42
1	231.431
1	201.641
1	123.523
1	199.838
1	121.584
1	154.25
1	212.983
1	182.605
1	146.021
1	155.082
1	159.763
1	277.777
1	231.305
1	186.431
1	208.718
1	271.514
1	150.549
1	218.074
1	139.134
1	176.905
1	155.53
1	184.09
1	231.391
1	169.394
1	196.027
1	391.482
1	209.84
1	189.453
1	122.743
1	193.697
1	188.101
1	150.564
1	172.409
1	200.68
1	270.43
1	192.894
1	192.554
1	164.166
1	213.301
1	187.665
1	197.179
1	231.399
0	5.69995e-05
1	132.748
1	173.365
1	281.795
1	218.953
1	182.229
1	223.482
1	210.518
1	145.525
1	232.73
1	195.215
1	217.148
1	151.387
1	268.08
1	199.139
1	159.444
1	152.363
1	179.575
1	163.625
1	178.204
1	261.587
1	158.57
1	172.783
1	273.855
1	248.502
1	170.036
1	187.73
1	137.917
1	216.679
1	210.703
1	211.159
1	196.754
1	463.04
1	206.793
1	201.283
1	188.092
1	248.101
1	195.197
1	203.763
1	148.994
1	155.515
1	177.943
1	218.49
1	169.118
1	175.502
1	218.813
1	208.086
1	181.567
1	143.393
1	197.265
1	223.388
0	142.003
1	252.373
1	167.009
1	148.792
1	187.586
1	172.77
1	158.48
1	175.087
1	214.079
1	211.454
1	163.523
1	148.164
1	153.41
1	192.503
1	241.758
1	200.154
1	171.179
1	207.431
1	158.063
1	140.998
1	160.148
1	204.948
1	182.323
1	244.916
1	185.47
1	171.991
1	245.689
1	198.724
1	185.322
1	388.472
1	134.241
1	252.98
1	226.204
1	224.755
1	215.017
1	199.465
1	182.771
1	199.309
1	277.447
0	1.05147e-05
1	155.397
1	202.711
1	325.924
1	173.078
1	306.076
1	218.349
1	234.164
1	205.831
1	339.415
1	348.942
1	127.586
1	227.85
1	198.999
1	213.798
1	204.754
1	194.119
1	143.603
1	189.224
1	183.464
1	260.779
1	260.32
1	298.807
1	192.648
1	172.796
1	145.584
1	120.4
1	195.478
1	150.086
1	187.737
1	180.348
1	149.173
1	203.988
1	155.632
1	239.322
1	175.844
1	238.026
1	205.371
1	161.295
1	176.187
1	258.282
1	149.355
1	181.964
1	172.822
1	268.102
1	270.723
1	199.255
1	224.213
1	200.024
0	11.6841
0	59.1982
1	234.528
1	184.49
1	227.593
1	132.588
1	172.64
1	148.509
1	173.321
1	331.847
1	169.02
1	166.298
1	210.402
1	171.769
1	267.317
1	173.987
1	152.776
1	218.299
1	160.096
1	217.827
1	145.937
1	188.28
1	183.562
1	297.432
1	381.813
1	230.381
1	198.282
1	175.449
1	136.417
1	209.32
1	187.963
1	216.208
1	169.291
1	188.993
0	48.5132
1	235.097
1	140.479
1	249.456
1	156.036
1	253.681
1	186.997
1	160.935
1	279.64
1	203.156
1	188.384
1	199.635
1	201.056
1	180.269
1	274.343
1	184.247
1	150.14
1	166.84
1	282.259
1	146.988
1	147.948
1	300.742
1	182.056
1	214.411
1	219.421
1	234.578
1	171.265
1	165.502
1	205.077
1	277.324
1	372.3
1	227.96
1	188.886
1	199.438
1	153.931
1	153.574
1	232.044
1	159.538
1	156.297
1	139.83
1	485.492
1	168.042
1	241.15
1	194.479
1	208.633
1	152.027
1	175.303
1	218.145
1	170.75
1	128.226
1	209.435
1	312.179
1	251.029
1	251.599
1	160.109
1	258.693
1	208.813
1	174.505
1	309.492
1	190.949
1	181.098
1	184.974
1	144.855
1	183.28
1	219.301
1	242.137
1	224.674
1	214.429
1	200.884
1	187.427
1	257.872
0	2.27194e-05
1	163.544
1	240.1
1	164.12
1	220.473
1	210.667
1	165.016
1	177.573
1	176.718
1	172.186
1	285.07
1	215.373
1	217.792
1	222.806
1	207.648
1	233.244
1	215.196
1	143.622
1	174.269
1	252.42
1	264.15
1	249.331
1	120.083
1	192.905
1	143.729
0	2.10298e-05
1	162.531
1	261.022
1	214.035
1	202.81
1	189.343
1	142.472
1	330.969
1	161.415
1	153.184
1	237.1
1	253.764
1	193.85
1	206.748
1	213.212
1	184.098
1	207.641
1	361.568
1	272.275
1	218.637
1	178.269
1	160.35
1	266.088
1	226.621
1	189.122
1	149.865
1	156.052
1	152.107
1	213.214
1	350.815
1	154.42
1	222.789
1	245.489
1	195.848
1	207.271
1	220.047
0	64.19
1	165.963
1	142.837
1	164.775
1	269.152
1	214.252
0	3.38599e-05
1	155.656
1	153.786
1	171.402
1	198.57
1	193.374
1	165.577
1	299.301
1	298.475
1	276.534
1	195.599
1	189.659
1	294.855
1	114.437
1	243.29
1	122.977
1	130.393
1	195.025
1	205.831
1	215.955
1	156.434
1	224.521
1	202.589
1	204.118
1	284.52
1	164.443
0	44.5991
1	198.823
1	227.834
1	236.839
1	291.596
1	225.269
0	1.22231e-05
1	194.978
1	264.688
1	168.851
1	141.843
1	167.32
1	265.973
1	126.915
1	232.355
1	208.095
1	155.879
1	223.621
1	390.676
1	221.023
1	165.772
1	191.528
1	247.806
1	185.25
1	114.901
1	352.272
1	170.778
1	135.458
1	302.2
1	180.82
1	217.869
1	313.86
1	244.34
1	202.943
1	170.449
1	176.396
1	279.646
1	192.461
1	208.909
1	255.272
1	127.62
1	198.766
1	178.639
1	190.913
1	176.426
1	240.491
1	317.577
1	187.707
1	221.481
1	201.771
1	235.488
1	140.463
1	178.08
1	253.583
1	323.886
1	203.917
1	158.355
1	171.178
1	149.263
1	185.743
1	190.674
1	163.151
1	226.867
1	198.832
1	179.433
1	154.239
1	202.313
1	213.403
1	322.555
1	133.175
1	188.739
1	136.18
1	161.412
1	325.821
1	149.39
1	256.592
1	152.66
1	237.223
1	190.579
1	218.64
1	213.783
1	165.387
1	223.897
1	199.498
1	280.154
1	169.529
1	279.308
1	191.715
1	173.996
1	147.662
1	203.082
1	192.755
1	250.751
1	160.587
1	146.783
1	283.668
1	233.631
1	216.436
1	169.944
1	235.464
1	235.191
1	186.347
1	262.489
1	191.804
1	150.829
1	141.587
1	192.698
1	164.053
1	267.246
1	161.764
1	221.891
1	174.716
1	213.179
1	200.2
1	185.497
1	134.85
1	234.821
1	183.556
1	170.807
1	197.715
1	250.067
1	247.32
1	196.078
1	169.914
1	230.342
1	313.233
1	137.878
1	209.106
1	176.922
1	170.557
1	204.939
1	188.014
1	154.826
1	198.849
1	167.793
1	152.142
1	391.716
1	181.583
1	152.399
1	258.771
1	213.975
1	192.14
1	273.119
1	163.88
1	226.708
1	261.911
1	179.267
1	187.758
1	214.223
1	264.384
1	222.055
1	202.109
1	258.107
1	178.989
1	155.735
1	206.3
1	195.459
1	201.838
1	264.918
1	173.385
1	194.937
1	173.354
1	161.933
1	166.837
1	164.095
1	193.825
1	285.568
1	167.457
1	287.525
1	196.413
1	191.483
1	188.123
1	170.181
1	155.308
1	199.793
1	228.209
1	222.315
1	266.865
1	197.542
1	220.994
1	178.02
1	210.423
1	177.261
1	272.943
1	323.119
1	220.662
1	165.344
1	253.61
1	201.558
1	175.075
1	306.943
1	129.091
1	149.611
1	209.993
1	202.081
1	220.645
1	388.724
1	211.004
1	196.565
1	195.904
1	202.685
1	126.022
1	265.067
1	180.054
1	210.887
1	215.456
1	207.105
1	168.482
1	154.301
1	171.371
1	135.684
1	179.911
0	4.79904
1	138.224
1	163.814
1	183.924
1	190.416
1	235.668
1	155.027
1	229.786
1	205.543
1	252.823
1	207.739
1	253.341
1	187.041
1	157.361
1	180.928
1	258.374
1	196.166
1	211.661
1	157.842
1	260.187
1	201.304
1	296.732
1	192.181
1	335.157
1	233.801
1	220.81
1	313.001
1	221.394
1	156.308
1	267.408
1	178.613
1	244.841
1	234.636
1	230.411
1	110.213
1	395.451
1	148.926
1	234.717
1	176.615
1	212.688
1	193.474
1	182.147
1	171.535
1	149.914
1	205.557
1	209.592
1	198.476
1	204.302
1	190.399
1	298.438
1	378.487
1	206.161
1	249.839
1	248.156
1	195.764
0	18.375
1	260.213
1	170.049
1	196.645
1	255.098
1	174.78
1	173.918
1	173.343
1	211.99
1	223.922
1	209.65
0	9.22843e-06
1	191.214
1	223.364
1	225.288
1	176.246
1	99.1554
1	184.131
1	249.577
1	246.736
1	159.315
1	175.135
1	180.207
1	170.924
1	262.844
1	176.056
1	197.589
1	169.57
1	161.242
1	255.936
1	151.155
1	209.178
1	148.634
1	167.454
1	159.192
1	153.648
1	240.132
1	211.145
1	152.943
1	213.864
1	242.354
1	179.029
1	168.105
1	172.117
1	192.686
1	221.108
1	198.335
1	139.939
1	218.005
0	52.2054
1	156.691
1	171.143
1	206.465
1	225.169
1	183.484
1	273.35
1	172.182
1	253.87
1	240.4
1	201.665
1	307.445
1	288.917
1	171.88
1	233.387
1	245.148
1	171.115
1	151.256
1	242.137
1	244.892
1	190.427
1	125.309
1	274.981
1	131.317
1	145.761
1	169.14
1	283.794
1	175.438
1	281.659
1	163.997
1	245.728
1	265.111
1	294.914
1	555.045
1	235.528
1	216.825
1	178.938
1	228.543
1	156.359
1	158.251
1	185.925
1	211.635
1	176.097
1	219.49
1	190.906
1	130.028
1	140.381
1	213.62
1	190.024
1	355.357
1	127.704
0	42.6479
1	170.874
1	279.809
1	194.172
1	173.547
1	221.059
1	182.083
1	199.937
1	270.76
1	168.143
1	299.589
1	158.544
1	163.809
1	222.218
1	235.329
1	167.6
1	176.052
1	233.028
1	157.987
1	161.23
1	251.624
1	174.553
1	235.544
1	141.313
1	287.162
1	239.221
1	148.629
1	185.199
1	169.417
1	246.648
1	179.226
1	191.37
1	202.343
1	221.228
1	359.276
1	145.067
1	170.098
1	264.448
1	143.635
1	194.079
1	211.454
1	235.765
1	166.587
1	180.953
1	184.717
1	161.653
1	140.351
1	304.024
1	194.111
1	178.98
1	284.338
1	160.825
1	152.481
1	155.562
1	197.601
1	195.823
1	271.755
1	186.427
1	185.209
1	173.46
1	161.431
1	165.805
1	180.566
1	189.729
1	325.435
0	0.000118694
1	284.434
1	343.344
1	173.768
1	163.615
1	364.215
1	276.615
1	176.512
1	165.754
1	228.371
1	211.223
1	191.799
1	161.022
1	198.37
1	176.271
1	175.623
1	218.472
1	198.127
1	295.356
1	225.159
1	132.219
1	186.294
1	183.813
1	239.174
1	281.124
1	132.238
1	159.427
1	153.72
1	151.95
1	209.25
1	150.972
1	157.416
1	181.597
1	251.485
1	172.879
1	163.056
1	182.868
1	156.002
1	201.147
1	132.324
1	248.914
1	135.917
1	164.097
1	195.467
1	161.337
1	166.147
1	158.967
1	204.484
1	146.834
1	279.953
1	229.309
1	312.295
1	180.262
1	164.627
1	176.913
1	196.593
1	186.566
1	154.802
1	165.115
1	317.112
1	224.163
1	176.203
1	186.593
1	239.938
1	229.021
1	156.532
1	180.106
1	157.746
1	312.655
1	142.958
1	341.733
1	121.992
1	180.187
1	204.087
1	195.252
1	133.964
1	159.534
1	201.34
1	151.737
1	272.55
1	190.155
1	147.524
1	196.096
1	151.888
1	219.676
1	219.549
1	188.434
1	260.132
1	408.516
1	206.34
1	133.521
1	324.457
1	319.663
1	181.631
1	222.532
1	144.989
1	139.665
1	271.741
0	5.4996e-05
1	144.782
1	219.663
1	180.65
1	224.725
1	156.453
1	186.067
1	190.992
1	229.353
1	208.5
1	232.629
1	283.441
1	175.639
1	232.135
1	244.983
1	232.713
1	237.36
1	246.482
1	144.766
1	163.364
0	3.64235e-05
0	2.83849e-05
1	257.06
1	180.365
1	201.544
1	246.872
1	145.87
1	161.828
1	245.808
1	205.365
1	210.146
1	231.166
1	211.696
1	262.659
1	193.574
1	174.771
1	188.825
1	144.659
1	231.877
1	230.043
1	302.773
1	224.449
1	167.255
1	240.505
1	252.602
1	186.016
1	170.73
1	210.842
1	243.864
1	146.13
1	130.124
1	198.857
1	207.806
1	217.748
1	191.345
1	278.105
1	177.427
1	258.198
1	132.193
1	150.499
1	187.8
1	184.794
1	201.246
1	360.824
1	212.557
1	145.056
1	182.295
1	194.842
1	126.337
1	167.644
1	210.941
1	178.117
1	172.083
1	174.351
1	260.434
1	285.252
1	182.334
1	292.701
1	243.725
1	330.592
1	265.866
1	250.076
1	144.976
1	128.354
1	152.487
1	218.278
1	218.866
1	206.986
1	137.047
1	239.329
1	246.146
1	192.463
1	213.833
1	248.807
1	209.498
1	234.889
1	177.44
1	142.291
1	222.086
1	147.558
0	4.59179
1	247.657
1	139.888
1	304.32
1	152.281
1	138.237
1	146.324
1	233.507
1	233.356
1	310.167
1	162.65
1	229.352
1	159.385
1	249.862
1	112.99
1	299.756
1	243.357
1	185.679
1	177.133
1	164.345
1	170.379
1	178.803
1	189.553
1	176.563
1	186.517
1	164.531
1	157.917
1	187.821
1	156.333
1	231.894
1	146.793
1	201.187
1	222.881
1	214.133
1	164.931
0	8.72506e-06
1	260.302
1	198.829
1	220.087
1	146.982
1	257.108
1	293.534
1	160.905
1	212.924
1	179.553
1	176.719
1	195.123
1	172.526
1	187.389
1	127.739
1	155.428
1	173.548
1	168.919
1	162.854
1	172.702
1	197.907
1	214.339
1	212.467
1	106.149
1	177.89
1	202.587
1	279.533
1	258.563
1	271.819
1	226.716
1	275.618
1	160.178
1	197.462
1	173.6
1	403.061
1	229.93
1	194.584
1	425.176
1	158.148
1	269.979
1	238.619
1	177.993
1	182.495
1	251.913
1	130.384
1	204.771
1	391.124
1	146.381
1	159.234
1	281.965
1	125.222
1	119.139
1	301.022
0	1.099e-05
1	184.217
1	166.77
1	241.851
1	199.3
1	216.093
1	178.191
1	195.529
1	116.02
1	184.11
1	274.575
1	278.173
1	161.062
1	185.138
1	177.427
1	166.011
1	163.655
1	213.971
1	206.564
1	185.656
1	171.17
1	241.583
1	266.972
1	196.013
1	132.992
1	241.851
1	168.86
1	236.859
1	287.197
1	235.497
1	259.656
1	210.583
1	164.324
1	277.168
1	241.125
1	267.458
1	196.111
1	175.246
1	270.899
1	181.725
1	154.757
1	267.159
1	199.826
1	319.093
1	180.965
1	249.425
1	197.994
1	158.91
1	184.208
1	157.344
1	223.323
1	326.371
1	181.099
1	276.659
1	183.703
1	263.293
1	165.621
1	173.21
1	188.439
1	193.135
1	328.544
1	164.617
1	214.634
1	152.55
1	222.43
1	147.952
1	160.694
1	175.158
1	229.854
1	163.538
1	144.848
1	189.368
1	154.65
1	179.062
1	344.028
1	304.3
1	131.378
1	234.163
1	179.554
1	238.247
1	161.805
1	284.2
1	217.877
1	382.275
1	143.911
1	140.453
1	127.802
1	318.86
1	178.404
1	177.044
1	176.439
1	181.703
1	208.094
1	230.281
1	192.067
1	198.639
1	150.713
1	239.358
1	197.271
1	202.603
1	300.937
1	197.186
0	6.42268e-05
1	297.193
1	201.058
1	191.317
1	229.821
1	261.031
1	161.847
1	184.652
1	346.469
1	185.604
1	261.519
1	229.482
1	180.264
1	214.624
1	135.435
1	239.878
1	247.135
1	209.96
1	163.827
1	199.991
1	211.544
1	161.951
1	170.45
1	375.544
1	299.823
1	175.974
1	184.813
1	174.139
1	192.368
1	195.818
1	218.372
1	204.069
1	164.102
1	280.551
1	234.676
1	209.943
1	134.563
1	156.93
1	278.369
1	165.527
1	257.26
1	197.747
1	190.498
1	153.756
0	21.8063
1	201.826
1	207.735
1	176.129
1	191.089
1	254.916
1	192.484
1	162.538
1	166.396
1	217.693
1	193.408
1	187.47
1	172.684
1	138.496
1	172.626
1	129.581
1	182.589
1	199.03
1	274.27
1	190.288
1	127.591
1	167.865
1	185.491
1	171.87
1	181.717
1	159.56
1	116.055
1	182.686
1	173.543
1	199.534
1	261.197
1	293.32
1	233.214
1	152.684
1	234.458
1	164.644
0	7.98329
1	252.901
1	244.011
1	207.324
1	183.093
1	187.947
1	153.227
1	196.271
1	248.681
1	153.906
1	183.669
0	7.79075e-05
1	177.754
1	267.209
1	150.505
1	169.755
1	236.076
1	199.344
1	182.573
1	198.065
1	215.361
1	152.041
1	162.567
1	258.46
1	131.832
1	124.834
1	210.754
1	206.169
1	267.008
1	234.777
1	185.534
1	189.125
1	137.258
1	168.396
1	167.294
1	184.776
1	154.3
0	4.56778
1	197.039
1	206.35
1	363.245
1	170.209
1	255.173
1	236.888
1	241.038
1	189.862
1	247.367
1	160.963
1	174.385
1	195.301
1	209.389
1	122.671
1	171.354
1	226.085
1	147.137
1	176.581
1	175.571
1	161.522
1	243.092
1	210.417
1	214.292
1	313.345
1	251.325
1	174.607
1	194.559
1	235.004
1	161.248
1	214.542
1	144.593
1	188.346
1	223.606
1	134.544
1	189.719
1	164.035
1	220.57
1	189.494
1	266.733
1	196.633
1	238.974
1	259.916
1	337.34
1	342.62
1	188.054
1	249.47
1	170.143
1	264.044
1	198.242
1	137.079
1	154.908
1	129.316
1	184.129
1	236.032
1	213.027
1	257.475
1	210.089
1	213.884
1	208.677
1	173.131
1	195.626
1	197.432
1	171.75
1	288.483
1	228.655
1	152.091
1	130.091
1	133.697
1	255.95
1	153.315
1	221.201
1	172.411
1	185.957
1	294.824
1	209.609
1	199.614
1	221.326
1	165.665
1	178.462
1	251.903
1	154.84
1	239.691
1	276.989
1	237.008
1	191.466
1	205.639
1	238.141
1	169.442
1	195.52
0	7.52627e-05
1	224.146
1	253.142
1	174.418
1	425.031
1	219.881
1	226.386
1	204.391
1	464.534
1	224.134
1	234.88
1	240.832
1	244.177
