10000	10	9900	0.00208333
0.025641	25.3767	45462.3	0.459207	3.16228e-07
1	235.293
1	187.027
1	228.827
1	232.311
1	313.565
1	144.231
1	275.73
1	126.305
1	223.8
1	184.18
1	195.711
1	207.052
1	253.576
1	131.113
1	256.645
1	354.656
1	180.634
1	152.152
1	234.89
1	139.543
1	214.958
1	234.744
1	334.781
1	249.614
1	191.811
1	145.709
1	191.766
1	249.582
1	158.04
1	153.742
1	184.613
1	246.983
1	197.226
1	129.626
1	198.416
1	246.469
1	212.461
1	175.333
1	210.913
1	264.181
1	159.797
1	222.178
1	189.688
1	201.936
1	258.013
1	206.899
1	251.445
1	185.731
1	216.31
1	134.771
1	244.734
1	176.017
1	196.941
1	157.479
1	238.18
1	128.827
1	183.403
1	100.229
1	212.674
1	286.393
1	244.484
1	222.135
1	232.426
1	263.826
1	215.736
1	196.756
1	185.385
1	177.547
1	267.671
1	256.608
1	214.203
1	241.862
1	182.898
1	216.701
1	171.341
1	279.438
1	201.299
1	170.068
1	172.774
1	178.473
1	208.002
1	224.575
1	221.836
1	283.811
1	144.809
1	173.629
1	153.443
1	147.196
1	197.073
1	171.853
1	227.102
1	160.599
1	214.638
1	212.237
1	130.057
1	232.936
1	184.402
1	263.433
1	190.247
1	270.606
1	155.558
1	173.911
1	207.063
1	274.35
1	192.604
1	190.346
1	187.327
1	360.989
1	164.73
1	173.462
1	186.78
1	166.818
1	143.645
1	247.295
1	216.551
1	309.411
1	202.927
1	169.949
1	300.821
1	203.588
1	222.633
1	199.022
1	153.969
1	185.65
1	201.644
1	173.99
1	162.263
1	201.438
1	398.144
1	188.853
1	169.84
1	244.434
1	192.382
1	311.068
1	204.714
1	144.145
1	185.822
1	232.759
1	190.963
1	194.329
1	209.634
1	169.661
1	119.871
1	352.003
1	190.944
1	222.077
1	199.279
1	221.524
1	313.749
1	319.07
1	175.163
1	122.254
1	300.186
1	214.156
1	217.523
1	415.363
1	241.161
1	170.808
1	154.277
1	214.681
1	185.616
1	128.771
1	277.615
1	160.628
1	220.058
1	182.379
1	216.243
1	195.61
1	155.412
1	145.449
1	127.778
1	166.576
1	158.327
1	459.683
1	294.623
1	237.512
1	320.147
1	168.655
1	127.514
1	211.189
0	4.80189
1	175.157
1	243.094
1	176.144
1	185.903
1	166.074
1	252.878
1	209.207
1	207.564
1	250.911
1	192.376
1	271.848
1	163.884
1	174.099
1	212.58
1	292.818
1	194.342
1	162.947
1	225.666
1	220.605
1	189.289
1	194.054
1	192.239
1	210.172
1	193.843
1	141.292
1	175.672
1	222.594
1	171.908
1	263.818
1	263.265
1	195.155
1	198.223
1	264.342
1	172.53
1	156.546
1	132.729
1	249.274
1	127.396
1	271.782
1	212.031
1	180.938
1	296.316
1	156.111
1	156.559
1	150.482
1	167.287
1	167.728
1	298.023
1	215.6
1	240.194
1	219.206
1	176.965
1	108.077
1	204.962
1	264.829
1	143.227
1	173.113
1	240.359
1	213.593
1	209.166
1	205.937
1	153.357
1	182.628
1	196.54
1	205.419
1	186.364
1	248.829
1	158.386
1	229.009
1	146.123
1	204.688
1	262.446
1	274.519
1	149.36
1	210.672
1	190.488
1	192.132
1	127.931
1	181.728
1	162.113
1	183.092
1	204.762
1	260.856
1	226.26
1	349.68
1	202.39
1	211.384
1	142.424
1	179.747
1	202.924
1	227.7
1	154.68
1	151.988
1	174.475
1	247.781
0	6.69416
1	230.585
1	188.894
1	254.789
1	152.42
1	307.856
1	194.06
1	156.469
1	286.232
1	287.97
1	213.569
1	226.357
1	218.186
1	260.973
1	153.685
1	218.025
1	220.175
1	191.288
1	210.675
1	207.675
1	202.687
1	164.187
1	156.388
1	220.083
1	181.932
1	180.716
1	193.853
1	262.014
1	176.834
1	166.282
1	160.346
1	189.36
1	213.256
1	192.145
1	198.673
1	162.251
1	153.122
1	172.005
1	206.307
1	153.811
1	151.198
1	260.982
1	198.735
1	148.852
1	157.864
1	230.835
1	117.521
1	216.066
1	377.49
1	205.168
1	162.864
1	209.388
1	186.358
1	174.788
1	374.798
1	189.693
1	207.955
1	166.583
1	169.33
1	171.949
1	193.855
1	183.461
1	227.224
1	166.385
1	158.329
1	222.504
1	193.073
1	141.585
1	264.166
1	159.468
1	221.912
1	215.793
1	198.466
1	255.304
1	259.461
1	149.162
1	176.505
1	195.523
1	168.736
1	270.33
1	218.072
1	133.757
1	253.553
1	246.886
1	137.917
1	151.806
1	162.309
1	132.523
1	293.167
1	145.506
1	235.564
1	222.834
1	271.192
1	279.865
1	259.808
1	307.956
1	134.728
1	170.198
1	184.766
1	226.336
1	158.893
1	159.029
1	124.035
1	183.492
1	130.724
1	190.322
1	228.248
1	156.43
1	196.197
1	167.998
1	169.656
1	147.272
1	231.318
1	179.761
1	167.325
1	188.263
1	289.112
1	209.446
1	190.175
1	153.735
1	207.997
1	159.465
1	202.847
1	218.459
1	281.951
1	286.521
1	213.459
1	285.635
1	167.566
1	134.337
1	244.664
1	198.293
1	156.546
1	207.966
1	177.805
1	279.529
1	174.886
1	202.095
1	229.341
1	190.112
1	203.428
1	193.397
1	133.53
1	205.359
1	220.865
1	185.798
1	138.884
1	167.835
1	188.73
1	283.558
1	212.328
1	122.747
1	191.004
1	208.678
1	216.545
1	275.146
1	225.725
1	192.975
1	269.649
1	129.552
1	297.393
1	251.279
1	190.399
1	294.466
1	144.249
1	221.068
1	148.644
1	161.977
1	266.592
1	152.853
1	177.775
0	40.463
1	213.182
1	141.039
1	250.65
1	209.128
1	174.19
1	190.008
1	174.354
1	203.031
1	293.858
1	181.962
1	190.21
1	276.073
1	242.125
1	173.255
1	187.274
1	185.17
0	54.9326
1	151.71
1	228.422
1	240.704
0	86.6337
1	199.661
1	213.287
1	183.749
1	220.193
1	183.555
1	284.296
1	258.493
1	181.514
1	169.828
1	252.888
1	219.351
1	210.283
1	211.832
1	153.572
1	213.193
1	183.244
1	266.603
1	136.392
1	157.611
1	220.313
1	191.727
1	235.464
1	217.668
1	180.923
1	197.568
1	356.187
1	275.262
1	297.178
1	145.15
1	240.853
1	178.9
1	219.911
1	205.698
1	197.509
1	194.926
1	174.78
1	183.559
1	198.298
1	124.199
1	189.601
1	162.131
1	210.452
1	176.89
1	171.155
1	189.155
1	217.164
1	151.384
1	196.35
1	279.54
1	181.069
1	231.75
1	261.595
1	265.735
1	178.072
1	185.868
1	185.42
1	178.83
1	226.378
1	126.33
1	183.51
1	216.42
1	206.741
1	165.687
1	268.419
1	180.512
1	171.092
1	142.886
1	136.105
1	190.188
1	174
1	231.454
1	220.05
1	200.104
0	13.7237
1	167.376
1	222.429
1	194.818
1	338.215
1	165.961
1	178.446
1	230.916
1	167.054
1	185.117
1	202.54
1	245.695
1	189.441
1	148.043
1	198.612
1	163.421
1	156.01
1	166.071
1	228.991
1	190.395
1	241.971
1	110.037
1	205.266
1	219.038
1	230.302
1	124.552
1	341.433
1	186.832
1	260.474
1	169.252
1	221.121
0	7.58018
1	136.288
1	153.178
1	240.201
1	183.084
1	200.661
1	189.526
1	183.892
1	220.623
1	162.324
1	229.782
1	173.631
1	158.606
1	211.651
1	184.832
1	344.567
1	226.639
1	144.439
1	169.517
1	157.929
1	203.986
1	188.698
1	154.561
1	176.656
1	187.054
1	186.594
1	158.086
1	155.781
1	251.485
1	300.919
1	229.628
1	133.553
1	236.336
1	178.003
1	170.161
1	210.573
1	218.086
1	211.086
1	148.179
1	230.723
1	287.567
1	260.431
1	323.299
1	129.276
1	105.003
1	242.475
1	185.17
1	280.657
1	228.153
1	144.554
1	210.181
1	193.752
1	161.317
1	172.13
1	191.353
1	159.667
1	242.922
1	182.207
1	193.704
1	148.069
1	174.326
1	166.56
1	156.689
1	161
1	230.374
1	173.524
1	183.208
1	234.723
1	222.834
1	155.537
1	178.871
1	122.63
1	172.033
1	284.973
1	140.025
1	180.787
1	230.282
1	151.299
1	202.735
1	275.383
1	215.893
1	147.901
1	125.353
1	214.299
1	137.636
1	196.496
1	166.335
1	191.364
1	162.923
1	222.358
1	226.991
1	154.897
1	152.709
1	175.654
1	169.06
1	168.57
1	258.319
1	227.385
1	158.16
1	206.268
1	172.16
1	312.144
1	231.022
1	154.524
1	207.785
0	38.4262
1	244.771
1	160.536
1	188.059
1	152.613
1	188.339
1	125.798
1	202.807
1	215.586
1	228.118
1	194.189
1	174.401
1	197.18
1	186.442
1	187.933
1	331.102
1	131.951
1	213.187
1	192.591
0	80.8323
1	99.2804
1	169.801
1	223.838
1	171.212
1	159.958
1	177.075
1	303.067
1	227.007
1	358.32
1	198.946
1	130.32
1	310.444
1	180.056
1	195.213
1	168.805
1	299.998
1	186.491
1	114.824
1	220.912
1	282.43
1	190.008
1	159.335
1	169.062
1	152.196
1	207.266
1	224.119
1	182.907
1	338.826
1	201.778
1	218.372
1	149.091
1	181.419
1	146.962
1	162.743
1	207.47
1	220.082
1	178.249
1	186.713
1	151.007
1	254.387
1	166.124
1	304.945
1	142.934
1	222.769
1	136.753
1	243.644
1	227.915
1	166.661
1	144.043
1	272.826
1	216.107
1	137.244
1	249.448
1	162.405
1	180.766
1	217.66
1	266.281
1	232.641
1	189.61
1	167.113
1	204.368
1	217.81
1	196.151
1	239.115
1	217.356
1	225.803
1	188.245
1	311.158
1	177.416
1	139.903
1	157.491
1	196.428
1	303.662
1	291.774
1	213.586
1	155.839
1	150.767
1	239.084
1	191.285
1	150.079
1	230.199
1	245.035
1	167.931
1	215.36
1	161.413
1	180.211
1	211.939
1	163.403
0	3.43842e-06
1	239.264
1	188.492
1	217.105
1	209.903
1	147.913
1	158.077
1	150.649
1	234.986
1	193.293
1	178.832
1	250.903
1	293.194
1	191.613
1	161.204
1	220.718
1	191.528
1	137.744
1	201.429
1	324.575
1	190.119
1	180.395
1	179.896
1	191.989
1	160.242
1	143.226
1	200.402
1	305.637
1	200.167
1	227.828
1	193.266
1	154.511
1	139.29
1	227.454
1	293.283
1	266.272
1	182.529
1	125.83
1	203.368
1	240.363
1	311.002
1	202.143
1	231.479
1	262.74
1	171.11
1	203.811
1	318.918
1	236.041
1	161.01
1	268.032
1	205.248
1	249.192
1	236.876
1	266.606
1	243.287
1	137.833
1	230.834
1	172.999
1	237.458
1	184.96
1	162.553
1	132.011
1	210.444
1	270.893
1	173.814
1	214.831
1	182.003
1	179.04
1	218.233
1	408.803
1	157.955
1	236.244
1	184.006
1	251.477
1	210.475
1	229.751
1	162.919
1	222.212
1	156.363
1	142.147
1	272.754
1	283.843
1	141.534
1	201.825
1	236.424
1	162.489
1	196.792
1	234.532
1	168.185
1	256.479
1	157.177
1	226.529
1	198.231
1	175.275
1	245.748
1	181.7
1	211.102
1	261.339
1	237.159
1	153.198
1	137.232
1	260.176
1	179.385
1	237.308
1	222.889
1	170.839
1	184.381
1	208.048
1	233.873
1	190.606
1	258.132
1	231.589
1	221.476
1	133.968
1	161.347
1	160.492
1	109.517
1	215.225
1	156.552
1	217.034
1	164.066
1	142.178
1	181.815
1	190.392
1	167.833
1	162.413
1	229.26
1	150.089
1	160.521
1	250.793
1	195.796
1	204.319
1	290.003
1	171.083
1	195.181
1	222.358
1	114.846
1	176.799
1	152.922
1	240.271
1	147.398
1	180.188
1	189.605
1	318.439
1	170.014
1	181.024
1	180.263
1	267.973
1	131.007
1	315.474
1	177.87
1	143.871
1	155.186
1	211.036
1	163.355
1	223.725
1	256.006
1	169.73
1	243.031
1	210.611
1	173.164
1	238.462
1	263.279
1	198.506
1	224.542
1	175.585
1	251.351
1	194.747
1	192.513
1	156.32
1	206.789
1	187.517
1	199.684
1	192.119
1	265.928
1	264.084
1	314.571
1	325.077
1	221.438
1	159.969
1	131.675
1	132.345
1	163.549
1	250.52
1	135.83
1	199.679
1	228.639
1	145.231
1	250.763
1	174.462
1	232.535
1	156.108
1	254.429
1	188.733
1	186.875
1	170.063
1	227.498
1	164.446
1	320.629
1	242.332
1	203.105
0	24.3319
1	209.372
1	163.627
1	222.777
1	251.372
1	224.609
1	178.209
1	136.941
1	189.42
1	212.267
1	171.11
1	257.998
1	257.638
1	149.537
1	326.162
1	263.332
1	145.89
1	248.994
1	201.372
1	199.421
1	164.036
1	177.166
1	140.051
1	177.181
1	141.019
1	272.396
1	220.908
1	229.561
1	245.782
1	259.91
1	226.044
1	206.534
1	186.761
1	188.374
1	301.924
1	249.215
1	164.776
1	167.224
1	244.785
1	190.588
1	127.086
1	257.457
1	216.627
1	149.217
1	245.954
1	266.317
1	231.486
1	216.776
1	207.547
1	170.951
1	204.102
1	188.366
1	222.915
1	183.132
1	193.002
1	170.414
1	197.927
1	121.987
1	203.202
1	189.149
1	251.908
1	250.907
1	218.448
1	178.898
1	182.46
1	153.781
1	175.447
1	232.15
1	135.536
1	162.231
1	164.081
1	210.914
1	145.641
1	212.161
1	184.305
1	141.862
1	190.668
1	123.494
1	191.673
1	192.334
1	243.647
1	177.86
1	151.917
1	170.396
1	239.988
1	256.709
1	143.079
1	183.354
1	171.762
1	164.833
1	227.299
1	219.008
1	161.177
1	217.026
1	214.963
1	284.988
1	141.231
1	253.151
1	191.978
1	205.643
1	158.829
1	188.879
1	135.436
1	209.844
1	167.81
1	254.433
1	227.361
1	202.154
1	235.507
1	157.835
1	234.031
1	182.982
1	294.747
1	164.529
1	204.901
1	199.109
1	209.814
1	173.539
1	236.319
1	172.445
1	259.987
1	214.275
1	226.285
1	199.464
1	284.655
1	339.46
1	207.046
1	210.594
1	174.215
1	173.827
1	252.456
1	216.932
1	362.894
1	171.786
1	188.334
1	188.961
1	140.445
1	165.695
1	247.471
1	210.555
1	143.17
1	145.267
1	144.863
1	231.182
1	149.553
1	176.951
1	184.753
1	285.572
1	171.935
1	169.659
1	227.264
1	174.389
1	217.595
1	207.732
1	144.912
0	180.902
1	189.827
1	262.957
1	190.849
1	216.715
1	141.901
1	219.67
1	156.088
1	169.72
1	245.92
1	140.085
1	145.346
1	177.671
1	203.36
1	219.988
1	134.43
1	171.991
1	199.51
1	162.395
1	213.903
1	125.53
1	237.295
1	168.248
1	217.645
1	212.298
1	253.872
1	206.545
1	126.361
1	323.753
1	211.591
1	228.76
1	193.603
1	148.296
1	168.307
1	403.845
1	222.252
1	167.526
1	207.634
1	201.662
1	230.424
1	192.745
1	230.563
1	186.558
1	208.942
1	242.2
1	246.336
1	279.966
1	258.905
1	200.003
1	150.425
1	146.448
1	178.21
1	194.249
1	248.936
1	215.985
1	162.818
1	233.07
1	230.298
1	226.897
1	219.266
1	137.842
1	140.337
1	235.948
1	190.161
1	210.433
1	176.769
1	180.256
1	177.856
1	254.555
1	194.199
1	239.873
1	292.9
1	235.282
1	234.284
1	348.063
1	162.87
1	177.311
1	157.553
1	184.909
1	209.839
1	197.876
1	138.161
1	192.821
1	111.266
1	192.645
1	167.571
1	246.851
1	174.062
1	175.289
1	237.586
1	132.421
1	198.464
0	15.7181
1	253.911
1	133.92
1	312.531
1	198.793
1	291.95
1	262.901
1	131.841
1	186.489
1	314.116
1	184.095
1	137.111
1	232.463
1	185.864
1	196.586
1	172.85
1	151.66
1	175.407
1	281.251
1	236.486
1	359.175
1	165.866
1	222.551
1	216.565
1	187.779
1	168.181
1	253.503
1	252.657
1	168.739
1	135.913
1	134.696
1	214.093
1	203.574
1	149.671
1	209.848
1	208.786
1	164.212
1	187.745
1	176.168
1	138.785
1	190.278
1	216.554
1	144.345
1	189.664
1	156.057
1	189.348
1	187.796
1	152.087
1	207.498
1	166.1
1	367.328
1	192.725
1	123.87
1	158.874
1	180.353
1	217.366
1	212.99
1	129.606
1	208.34
1	184.954
1	203.11
1	172.919
1	227.615
1	386.254
1	173.249
1	157.004
1	264.079
1	217.94
1	168.179
1	124.66
1	190.736
1	143.284
1	161.154
1	214.996
1	158.976
1	175.712
1	145.608
1	190.905
1	121.584
1	183.619
1	210.601
1	216.484
1	200.442
1	190.02
1	178.549
1	240.935
1	189.289
1	210.021
1	200.431
1	165.418
1	203.466
1	242.938
1	202.548
1	161.515
1	156.873
1	358.675
1	145.658
1	174.616
1	188.707
1	279.415
1	204.796
1	209.092
1	133.568
1	143.588
1	258.06
1	252.841
1	231.421
1	237.619
1	153.58
1	156.688
1	182.595
1	190.718
1	186.084
1	249.128
1	205.986
1	129.455
1	221.372
1	349.88
1	175.194
1	221.579
1	208.589
1	164.562
1	148.544
1	191.906
1	210.275
1	206.333
1	158.487
1	136.486
1	136.757
1	154.935
1	113.494
1	250.821
1	150.831
1	190.326
1	232.592
1	137.687
1	215.889
1	277.148
1	211.042
1	257.08
1	221.516
1	195.219
1	152.903
1	190.98
1	218.242
1	206.784
1	261.782
1	199.423
1	146.024
1	224.637
1	153.885
1	139.744
1	213.996
1	150.262
1	171.055
1	219.027
1	208.322
1	212.267
1	225.911
1	125.5
1	198.613
1	270.828
1	167.78
1	235.655
1	237.499
1	260.801
1	203.841
1	155.213
1	211.968
1	220.671
1	251.989
1	195.062
1	160.994
1	164.7
1	165.427
1	186.714
1	194.557
1	200.092
1	253.279
1	168.558
1	174.481
1	174.947
1	249.396
1	177.174
1	167.3
1	211.888
1	177.976
1	115.975
1	258.486
1	273.883
1	327.33
1	226.695
1	156.042
1	167.553
1	227.107
1	166.785
1	239.232
1	148.021
1	174.723
1	206.935
1	284.511
1	197.714
1	154.376
1	256.07
1	148.537
1	237.222
1	167.568
1	216.771
1	168.06
1	192.35
1	246.153
1	206.931
1	274.776
1	367.343
1	137.838
1	215.82
1	279.697
1	184.51
1	311.947
1	142.867
1	162.652
1	218.728
1	241.388
1	161.254
1	217.236
1	207.646
1	191.954
1	202.19
1	150.899
1	190.255
1	188.376
1	183.27
1	157.437
1	184.935
1	177.707
1	150.164
1	247.122
1	208.708
1	272.507
1	136.707
1	212.959
1	270.687
1	157.986
1	196.672
1	214.019
1	186.895
1	233.186
1	272.178
1	313.664
1	287.651
1	263.512
1	161.098
1	182.704
1	195.564
1	149.633
1	257.751
1	242.521
1	254.333
1	160.724
1	171.858
1	130.512
1	284.476
1	180.188
1	162.313
1	220.723
1	151.209
1	175.668
1	162.893
1	187.335
1	177.206
1	137.096
1	220.882
1	148.155
1	255.503
1	130.302
1	133.912
1	118.26
1	127.948
1	136.091
1	177.66
1	171.389
1	169.265
1	270.837
1	160.115
1	188.029
1	242.748
1	130.382
1	196.781
1	227.472
1	172.923
1	272.031
1	187.463
1	148.087
1	331.821
1	221.792
1	310.546
1	179.442
1	229.138
1	300.403
1	266.572
1	213.187
1	208.957
1	184.425
1	296.165
1	213.489
1	139.045
1	181.468
1	164.64
1	193.117
1	153.702
1	141.12
1	217.31
1	206.155
1	211.08
1	175.902
1	152.362
1	256.055
1	234.245
1	173.564
1	195.43
1	151.145
1	205.91
1	355.604
1	177.768
1	180.021
1	165.535
1	214.613
1	297.63
1	141.17
1	290.091
1	190.237
1	195.071
1	267.299
1	208.644
1	147.969
1	269.873
1	324.158
1	162.106
1	177.825
1	273.554
1	145.453
1	231.518
1	160.651
1	212.53
0	73.1138
1	173.081
1	227.138
1	199.094
1	286.711
1	196.505
1	190.697
1	162.935
0	4.98048e-05
1	142.593
1	212.222
1	155.591
1	197.86
1	210.398
1	161.14
1	169.676
1	218.123
1	229.781
1	199.449
1	164.596
1	239.82
1	191.564
1	214.964
1	185.919
1	224.644
1	205.696
1	201.207
1	172.236
1	142.063
1	201.334
1	217.154
1	169.161
1	208.126
1	151.818
1	178.655
1	207.091
1	146.564
1	134.574
1	140.071
1	131.816
1	202.009
1	300.652
1	186.611
1	298.797
0	18.2855
1	222.752
1	264.55
1	224.289
1	173.416
1	206.338
1	312.842
1	184.836
1	180.25
1	269.811
1	241.386
1	230.004
1	204.815
1	163.898
1	230.124
1	140.6
1	228.207
1	255.507
1	218.26
1	236.123
1	189.763
1	251.614
1	247.11
1	223.019
1	163.356
1	146.398
1	390.9
1	344.855
1	162.897
1	113.644
1	167.15
1	188.012
1	247.613
1	269.5
1	159.849
1	280.459
1	237.581
1	297.003
1	234.026
1	326.218
1	239.477
1	143.33
1	141.123
1	221.384
1	198.791
1	216.479
1	235.916
1	194.939
1	159.172
1	234.653
1	181.742
1	267.813
0	68.1069
1	217.577
1	331.925
1	252.046
1	147.394
1	204.133
1	205.974
1	159.303
1	169.951
1	229.07
1	261.335
1	172.598
0	26.4084
1	223.924
1	249.055
1	176.425
1	137.353
1	187.75
1	225.184
1	256.912
1	167.874
1	263.532
1	200.405
1	217.373
1	160.321
1	131.859
1	142.467
1	125.028
1	166.893
1	254.669
1	281.251
1	262.035
1	143.087
1	170.062
1	208.331
1	262.883
1	259.69
1	185.956
1	183.904
1	248.051
1	265.2
1	158.698
1	184.474
1	189.184
1	174.398
1	295.798
1	318.642
1	209.005
1	210.263
1	160.654
1	199.417
1	223.578
1	254.599
1	248.29
1	158.25
1	187.849
1	144.071
1	198.674
1	170.988
1	223.512
1	194.343
1	258.854
1	264.813
1	329.559
1	156.992
1	197.454
1	243.208
1	252.111
1	250.742
1	229.074
1	137.334
1	242.065
1	153.285
1	194.491
1	159.396
1	148.175
1	185.974
1	191.247
1	258.671
1	136.189
1	179.247
1	284.465
1	218.942
1	228.557
1	182.318
1	288.286
1	168.327
1	205.187
1	207.95
1	174.58
1	207.08
1	331.231
1	168.419
1	207.738
1	243.477
1	148.452
1	135.155
1	370.755
1	214.768
1	183.886
1	223.894
1	286.283
1	219.906
1	172.346
1	156.168
1	172.864
1	192.261
1	307.579
1	189.787
1	198.34
1	196.611
1	241.684
1	135.182
1	214.636
1	177.467
1	143.715
1	185.544
1	165.629
1	163.25
1	205.881
1	129.858
1	339.428
1	215.023
1	195.642
1	185.959
1	129.66
1	235.736
1	179.777
1	190.422
1	210.558
1	376.879
1	176.501
1	223.482
1	202.707
1	173.801
1	241.193
1	253.255
1	154.069
1	202.485
1	194.401
1	147.072
1	327.257
1	167.552
1	202.294
1	303.322
1	143.338
1	151.721
1	191.558
1	187.777
1	212.319
1	214.833
1	172.918
1	170.082
1	133.15
1	127.817
1	225.761
1	236.869
1	226.085
1	239.834
1	184.108
1	188.633
1	204.579
1	164.841
1	173.721
1	232.355
1	285.052
1	195.595
1	194.762
1	176.293
1	195.872
1	223.87
1	213.905
1	201.832
1	189.03
1	249.164
1	248.022
1	177.462
1	210.772
1	179.351
1	176.1
1	166.366
1	206.631
1	157.292
1	216.459
1	149.906
1	214.596
1	180.109
1	276.053
1	205.613
1	267.779
1	219.217
1	154.291
1	148.741
1	139.217
1	219.858
1	215.39
1	198.718
1	248.559
1	285.434
1	462.087
1	240.316
1	263.496
1	254.841
1	166.806
1	258.033
1	163.598
1	217.828
1	174.049
1	160.722
1	161.423
1	223.06
1	170.892
1	149.869
1	169.821
1	123.669
0	13.1767
1	173.222
1	180.751
1	181.029
1	206.073
1	161.02
1	137.491
1	172.362
1	220.943
1	232.184
1	166.584
1	233.875
1	169.627
1	234.088
1	171.055
1	204.306
1	270.093
1	238.292
1	155.81
1	182.218
1	223.47
1	149.351
1	236.403
1	214.5
1	192.061
1	188.168
1	142.664
1	183.124
1	123.846
1	160.247
1	149.992
1	167.368
1	226.201
1	267.366
1	270.961
1	195.433
1	121.001
1	180.342
1	237.129
1	301.806
1	228.801
1	216.575
1	170.788
1	353.689
1	164.764
1	210.738
1	143.33
1	284.784
1	348.756
1	174.946
1	224.339
1	153.18
1	205.581
1	233.107
1	160.362
1	192.867
1	137.291
1	160.555
1	156.77
1	145.457
1	205.768
1	234.38
1	179.199
1	186.648
1	205.983
1	223.86
1	162.732
1	199.222
1	232.816
1	158.84
1	157.506
1	175.326
1	257.38
1	306.652
1	123.525
1	183.562
1	103.225
1	164.755
1	207.269
1	186.153
1	156.355
1	236.594
1	138.753
1	211.326
1	226.295
1	188.947
1	285.551
0	13.7892
1	128.212
1	158.946
1	195.473
1	145.86
1	178.652
1	210.266
1	183.686
1	147.84
1	251.294
1	189.363
1	278.248
1	305.023
1	171.583
1	235.344
1	336.057
1	207.042
1	209.751
1	144.543
1	190.92
1	173.211
1	193.221
1	282.719
1	139.939
1	271.022
1	171.349
1	240.45
1	186.561
1	157.555
1	170.995
1	127.273
1	165.66
1	175.707
1	247.951
1	161.51
1	208.547
1	231.157
1	236.474
1	144.998
1	212.305
1	140.933
1	248.043
1	122.564
1	170.049
1	180.813
1	255.168
1	256.72
1	211.951
1	301.086
1	157.149
1	133.52
1	130.585
1	136.834
1	162.775
1	187.582
1	252.14
1	185.443
1	207.079
1	163.023
1	212.509
1	154.688
1	165.447
1	173.727
1	155.014
1	188.626
1	177.651
1	185.286
1	228.755
1	244.483
1	317.302
1	169.853
1	234.608
1	204.007
1	185.328
1	153.218
1	215.211
1	189.433
1	320.111
1	312.193
1	196.164
1	176.333
1	162.663
1	182.557
1	257.739
1	203.65
1	138.581
1	264.483
0	14.0383
1	146.206
1	171.845
1	194.153
1	182.229
1	292.821
1	185.846
1	174.047
1	191.349
1	195.281
1	240.331
1	270.703
1	192.901
1	225.895
1	187.953
1	232.636
1	162.144
1	180.739
1	235.589
1	203.408
1	201.862
1	210.735
1	238.88
1	163.399
1	223.983
1	156.282
1	145.342
1	215.036
1	167.713
1	286.494
1	167.405
1	154.979
1	247.703
1	142.554
1	201.641
1	274.73
1	260.004
1	273.672
1	204.063
1	275.556
1	231.084
1	167.887
1	196.993
1	203.951
1	170.531
1	367.238
1	187.508
1	251.388
1	224.524
1	182.649
1	150.13
1	142.72
1	169.905
1	185.895
1	147.324
1	244.672
1	245.741
1	199.915
1	262.404
1	197.611
1	162.578
1	186.136
1	176.251
1	135.05
1	158.612
1	221.174
1	250.869
1	169.844
1	249.542
1	260.658
1	228.512
1	212.576
1	263.671
1	267.639
1	269.209
1	203.422
1	275.396
1	300.738
1	178.238
1	166.42
1	210.995
1	129.027
1	297.825
1	230.006
1	219.523
1	163.086
1	163.978
1	363.826
1	220.995
1	168.584
1	218.004
1	203.875
1	183.77
1	133.848
1	179.645
1	212.259
1	173.582
1	168.108
1	272.196
1	216.34
1	232.341
1	145.797
1	190.733
1	206.211
1	136.893
1	239.923
1	152.839
1	165.011
1	208.136
1	217.542
1	151.312
1	206.98
1	151.931
1	203.102
1	141.838
1	183.393
1	168.759
1	188.04
1	201.931
1	160.64
1	157.357
1	230.13
1	219.272
1	265.111
1	356.518
1	173.19
1	129.527
1	165.696
1	117.353
1	252.668
1	228.669
1	132.649
1	260.517
1	205.315
1	202.306
1	173.597
1	331.088
1	180.492
1	221.348
1	342.348
1	188.59
1	170.729
1	172.145
1	168.415
1	158.504
1	193.941
1	134.943
1	225.602
1	142.919
1	204.941
1	154.297
1	166.015
1	146.558
1	148.249
1	211.557
1	148.109
1	151.905
1	229.329
1	137.011
1	180.856
1	203.574
1	156.936
1	182.91
1	191.851
1	175.441
1	219.991
1	140.837
1	237.876
1	163.289
1	208.242
1	150.76
1	255.034
1	227.058
1	341.014
1	261.451
1	235.961
1	209.163
1	187.985
1	190.793
1	199.207
1	231.417
1	196.344
1	185.675
1	251.104
1	194.38
1	198.054
1	272.085
1	194.172
1	215.227
1	165.189
1	180.035
1	155.695
1	199.266
1	217.933
1	234.263
1	319.482
1	169.865
1	161.158
1	228.779
1	186.017
1	228.436
1	288.864
1	332.985
1	192.305
1	273.607
1	286.763
1	210.882
1	269.541
1	182.133
1	144.551
1	188.387
1	270.838
1	232.143
1	189.512
1	225.715
1	250.427
1	303.208
1	369.589
1	204.27
1	178.768
1	221.136
1	168.542
1	343.121
1	155.249
1	187.895
1	152.704
1	175.19
1	171.457
1	156.872
1	124.687
1	244.405
1	347.218
1	166.17
1	170.538
1	179.403
1	123.101
1	173.151
1	196.144
1	147.897
1	211.97
1	189.916
1	265.072
1	154.429
1	231.266
1	150.71
1	177.786
1	230.613
1	323.86
1	211.465
1	234.767
1	160.686
1	316.475
1	195.566
1	381.549
1	218.279
1	184.961
1	216.064
1	156.458
1	209.873
1	168.607
1	209.108
1	170.819
1	201.402
1	193.412
1	167.126
1	150.107
1	172.872
1	297.056
1	135.345
1	234.46
1	165.661
1	159.182
1	179.944
1	154.218
1	345.746
1	241.521
1	147.059
1	209.845
1	202.496
1	140.213
1	310.635
1	162.109
1	243.671
1	187.675
1	236.228
1	154.82
1	151.027
1	199.825
1	253.898
1	168.829
1	179.23
1	210.88
1	184.469
1	126.971
1	213.137
1	166.212
1	192.611
1	217.549
1	218.064
1	150.3
1	188.57
0	63.9778
1	273.392
1	210.322
1	188.739
1	249.25
1	274.47
1	190.988
1	159.667
1	181.622
1	219.54
1	177.921
1	171.859
1	183.46
1	295.368
1	183.39
1	176.872
1	193.9
1	232.251
1	286.019
1	137.17
1	152.444
1	189.744
1	227.401
1	218.004
1	297.49
1	231.174
1	173.969
1	261.529
1	210.838
1	151.67
1	268.448
1	166.494
1	192.773
1	167.54
1	253.245
1	139.822
1	177.643
1	258.847
1	162.68
1	170.285
1	175.87
1	159.724
1	185.714
1	251.809
1	234.256
1	184.398
1	287.192
1	297.75
1	258.277
1	204.188
1	307.714
1	140.656
1	172.435
1	163.382
1	189.859
1	181.115
1	180.404
1	125.517
1	211.543
1	156.75
1	169.903
1	337.103
1	235.164
1	156.503
1	242.746
1	176.357
1	264.659
1	182.389
1	200.926
1	172.493
1	175.946
1	190.405
1	141.999
1	207.182
1	140.081
1	177.521
1	142.803
1	169.534
1	210.234
1	187.897
1	175.713
1	199.375
1	215.925
1	185.151
1	204.819
1	135.557
1	129.118
1	159.759
1	229.29
1	317.205
1	137.288
1	180.035
1	304.446
1	193.315
1	221.802
1	180.152
1	222.729
1	177.135
1	239.485
1	225.105
0	9.20404
1	235.921
1	152.406
1	144.965
1	273.428
1	259.72
1	212.174
1	186.95
1	268.764
1	171.655
1	105.466
1	264.002
1	255.662
1	250.337
1	190.248
1	225.472
1	161.687
0	5.18751e-05
1	365.941
1	345.118
1	194.629
1	310.54
1	318.858
1	365.9
1	234.678
1	177.498
1	230.882
1	148.579
1	214.578
1	173.739
1	229.124
1	215.443
1	180.489
1	181.414
1	220.532
1	126.258
1	292.616
1	184.949
1	147.22
1	216.945
1	182.034
1	142.707
1	171.647
1	276.974
1	164.895
1	146.577
1	217.444
1	164.175
1	295.76
1	305.943
1	336.229
1	112.141
1	229.718
1	194.115
1	182.116
1	161.235
1	134.279
1	189.127
1	213.736
1	200.91
1	130.804
1	153.762
1	157.768
1	326.012
1	144.477
1	193.876
1	286.431
1	195.498
1	142.424
1	237.234
1	233.603
1	121.456
1	234.677
1	173.007
1	170.482
1	163.95
1	160.713
1	402.011
1	203.142
1	182.854
1	174.368
1	189.623
1	241.774
1	187.912
1	347.933
1	222.186
1	156.55
1	370.744
1	206.093
1	177.051
1	256.969
1	196.784
1	164.784
1	216.907
1	164.707
1	188.617
1	196.859
1	169.205
1	235.519
1	216.444
1	119.365
1	219.935
1	185.036
1	241.384
1	203.128
1	206.439
1	204.13
1	194.499
1	195.422
1	174.318
1	165.799
1	202.501
1	227.046
1	183.122
1	241.799
1	209.934
1	180.803
1	203.939
1	196.202
1	199.908
1	157.853
1	247.88
1	166.487
1	206.901
1	262.879
1	366.909
1	210.823
1	224.202
1	179.66
1	209.885
1	261.343
1	188.852
1	190.457
1	183.152
1	230.751
1	186.574
1	134.513
1	165.281
1	310.567
1	156.769
1	145.764
1	159.612
1	207.881
1	181.729
1	160.225
1	406.835
1	199.36
1	221.346
1	264.963
1	313.746
1	196.646
1	176.336
1	182.85
1	143.533
1	196.323
1	219.756
1	163.685
1	206.599
1	137.546
1	259.001
1	206.836
1	153.044
1	197.483
1	181.922
1	187.662
1	304.792
1	201.143
1	198.528
1	230.792
1	181.691
1	151.289
1	225.507
1	202.001
1	168.763
1	177.774
1	133.316
1	213.872
1	137.396
1	286.494
1	227.526
1	192.304
1	201.095
1	225.326
1	183.426
1	219.338
1	217.547
1	243.347
0	32.2882
0	13.5575
1	301.588
1	186.371
1	184.76
1	201.226
1	171.185
1	384.922
1	170.071
1	199.34
1	181.144
1	278.588
1	194.808
1	278.633
1	215.08
1	174.649
1	150.502
1	180.061
1	301.028
1	147.291
1	230.167
1	292.768
1	171.829
1	185.983
1	201.375
1	155.787
1	215.778
1	146.638
1	183.522
1	180.677
1	128.641
1	197.617
1	190.754
1	238.064
1	176.406
1	260.605
1	202.229
1	290.168
1	168.538
1	207.058
1	313.957
0	28.538
1	267.599
1	202.249
1	178.882
1	152.759
1	235.291
0	2.90111e-05
1	246.476
1	220.775
1	175.54
1	140.136
1	198.55
1	184.57
1	259.034
1	293.99
1	215.895
1	201.46
1	144.21
1	222.698
1	241.474
1	196.031
1	223.451
1	205.775
1	151.163
1	168.191
1	196.273
1	220.352
1	315.024
1	173.358
0	56.1548
1	181.768
1	191.129
1	172.124
1	230.146
1	193.141
1	220.739
1	174.506
1	196.02
1	135.873
1	220.642
1	128.842
1	162.985
1	205.845
1	216.942
1	204.234
1	168.697
1	227.186
1	269.83
1	219.412
1	208.518
1	133.728
1	135.411
1	128.465
1	179.577
1	176.806
1	150.742
1	225.438
1	181.906
1	260.954
1	159.143
1	175.435
1	227.397
1	181.662
1	208.838
1	255.463
1	263.512
1	178.575
1	166.12
1	209.141
1	203.226
1	156.158
1	198.923
1	146.334
1	179.365
1	183.557
1	235.224
1	322.32
1	326.192
1	177.4
0	108.099
1	282.842
1	219.229
1	151.033
1	244.903
1	173.521
1	240.902
1	199.859
1	146.51
1	200.335
1	326.888
1	215.599
1	208.29
1	217.265
1	205.556
1	223.784
1	190.646
1	191.255
1	185.208
1	270.176
1	205.417
1	152.21
1	185.914
1	206.173
1	243.485
1	236.067
1	176.298
1	148.799
1	190.523
1	152.535
1	249.236
1	200.61
1	179.125
1	179.674
1	216.855
1	151.021
1	199.855
1	118.575
1	213.002
1	241.627
1	219.009
1	145.751
1	191.377
1	141.3
1	283.306
1	217.701
1	157.473
1	206.894
1	174.142
1	311.862
1	194.655
1	152.293
1	215.886
1	164.802
1	222.15
1	180.091
1	218.036
1	191.957
1	253.336
1	158.139
1	216.914
1	248.822
1	241.93
1	195.488
1	160.849
1	193.635
1	188.059
1	129.45
1	150.331
1	193.932
1	219.247
1	247.503
1	195.714
1	184.67
1	241.722
1	151.691
1	195.741
1	233.038
1	233.271
0	96.4443
1	216.525
1	127.693
1	183.78
1	196.805
1	198.323
1	209.411
1	221.52
1	187.053
1	130.688
1	306.291
1	150.631
1	129.603
1	228.889
1	221.918
1	146.306
1	183.062
1	193.141
1	249.323
1	171.143
1	199.12
1	152.452
1	250.71
1	275.773
1	149.531
1	196.158
1	203.98
1	188.895
1	191.075
1	111.74
1	170.743
1	181.373
1	206.52
0	42.8583
1	190.91
1	160.553
1	172.511
1	245.838
1	198.785
1	227.236
1	233.482
1	186.182
1	218.965
1	233.353
1	151.672
0	1.54541e-05
1	167.535
1	136.761
1	142.979
1	161.478
1	174.595
1	180.973
1	229.856
0	37.0352
1	210.336
1	172.179
1	276.426
1	169.549
1	195.814
1	242.124
1	225.847
0	17.764
1	181.887
1	235.433
1	144.189
1	162.818
1	221.665
1	200.081
1	221.128
1	156.312
1	127.4
1	167.299
1	194.889
1	282.738
1	269.147
1	231.764
1	249.478
1	163.046
1	176.12
1	228.148
1	293.616
1	192.513
1	199.168
1	175.733
1	302.683
1	194.019
1	176.767
1	182.718
1	178.753
1	203.325
1	130.524
1	109.847
1	233.585
1	194.778
1	129.029
1	260.537
1	170.653
1	164.093
1	227.188
1	158.052
1	317.451
1	162.059
1	193.596
1	153.921
1	193.639
0	68.0051
1	376.95
1	189.286
1	183.464
1	158.34
1	174.997
1	311.463
1	185.503
1	223.055
1	259.562
1	204.127
1	226.203
1	229.13
1	253.047
1	334.592
1	238.224
1	160.789
1	243.203
1	246.314
1	134.616
1	155.069
1	248.841
1	295.718
1	202.647
1	147.126
1	364.426
1	270.862
1	163.377
1	233.845
1	178.825
1	153.153
1	233.733
1	331.058
1	177.075
1	255.316
1	267.361
1	337.438
1	141.188
1	310.152
1	241.301
1	161.323
1	114.142
1	193.567
1	219.99
1	128.924
1	162.897
1	161.964
1	283.298
1	331.023
1	178.144
0	81.8074
1	176.905
1	317.036
1	254.056
1	179.9
1	248.702
1	272.74
1	145.583
1	238.024
1	192.812
1	232.993
1	217.986
1	245.239
1	180.405
1	148.177
1	203.791
1	316.424
1	362.563
1	167.114
1	220.464
1	143.313
1	191.937
1	134.682
1	324.633
1	229.795
1	177.536
1	195.598
1	250.794
1	104.081
1	209.43
1	248.419
1	233.14
1	239.506
1	200.78
1	320.367
1	164.928
1	179.7
1	210.38
1	196.363
1	154.997
1	132.214
1	188.605
1	241.956
1	165.695
1	284.681
1	225.274
1	155.024
1	177.553
1	188.163
1	211.954
1	320.117
1	228.487
1	132.653
1	159.547
1	194.833
1	236.327
1	189.292
1	225.456
1	145.911
1	191.87
1	222.641
1	188.722
1	205.742
1	177.688
1	258.769
1	275.269
1	182.639
1	144.65
1	212.185
1	194.679
1	236.548
1	203.595
1	156.997
1	244.644
1	157.358
1	111.909
1	170.964
1	255.57
1	161
1	237.497
1	170.812
1	215.127
1	191.104
1	219.03
1	210.599
1	194.263
1	317.939
1	183.924
1	180.243
1	205.309
1	151.631
1	250.444
1	156.125
1	216.802
1	244.269
1	135.213
1	265.716
1	155.718
1	174.866
1	146.9
1	247.87
1	225.432
1	209.023
1	191.142
1	212.416
1	171.055
1	215.385
1	239.779
1	228.745
1	160.297
1	194.433
1	259.023
1	157.264
1	202.294
1	110.739
1	219.91
1	219.262
1	159.296
1	180.092
1	294.826
1	163.579
1	135.129
1	198.36
1	169.153
1	160.786
1	169.041
1	177.629
1	187.479
1	234.729
1	223.848
1	125.445
1	211.878
1	238.443
1	177.892
1	235.19
1	235.148
1	210.737
1	164.43
1	185.002
1	153.191
1	193.828
1	155.17
1	145.945
1	208.649
1	443.166
1	238.306
1	217.991
1	184.761
1	220.106
1	152.041
1	237.597
1	201.81
1	134.384
1	187.148
1	243.008
1	215.39
1	162.471
1	344.016
1	145.463
1	187.28
1	227.976
1	320.118
1	184.005
1	188.229
1	161.763
1	148.665
1	287.225
1	202.073
1	168.634
1	190.68
1	266.023
1	153.354
1	178.252
1	153.307
1	149.964
1	258.015
1	181.096
1	218.652
1	177.234
1	282.843
1	196.759
1	238.512
1	182.517
1	261.24
1	180.487
1	201.639
1	185.009
1	129.319
1	213.995
1	193.225
1	247.389
1	186.725
1	196.049
1	175.751
1	187.919
1	184.555
1	150.417
1	252.533
1	181.396
1	258.612
1	155.3
1	240.405
1	208.807
1	303.17
1	208.691
1	210.124
1	194.371
1	147.743
1	173.484
1	309.522
1	180.52
1	212.62
1	136.646
1	307.497
1	285.906
1	188.974
1	146.048
1	266.86
1	161.638
1	205.361
1	174.501
1	200.932
1	177.062
1	188.385
1	313.728
1	184.104
1	173.649
1	180.945
1	226.492
1	164.708
1	206.641
1	167.213
1	126.748
1	182.765
1	168.87
1	303.86
1	183.302
1	175.309
1	170.912
1	153.01
1	183.5
1	311.24
1	211.408
1	189.561
1	194.845
1	118.361
1	233.079
1	248.115
1	143.708
1	154.652
1	271.431
1	168.043
1	149.817
1	266.725
1	171.487
1	158.641
1	205.579
1	322.542
1	244.697
1	245.326
1	206.589
1	145.237
1	130.046
1	271.187
1	243.395
1	293.37
1	213.449
1	132.643
1	163.053
1	285.394
1	192.102
1	195.761
1	182.216
1	187.736
1	178.79
1	196.466
1	188.392
1	153.92
1	192.057
1	235.788
1	257.167
1	149.601
1	131.002
1	218.359
1	266.789
1	273.296
1	179.82
1	137.848
1	220.917
1	228.065
1	187.953
1	316.806
1	169.994
1	147.172
1	238.15
1	160.434
1	190.709
1	171.056
1	174.189
1	203.867
1	173.86
1	174.622
1	230.384
1	197.723
1	190.337
1	237.998
1	154.921
1	160.017
1	225.353
1	259.607
1	143.624
1	159.929
1	170.527
1	133.361
1	218.208
1	228.93
1	206.22
1	175.122
1	236.347
1	121.563
1	165.191
1	351.307
1	229.635
1	131.648
1	317.229
1	179.446
1	172.596
1	149.775
1	199.484
1	144.308
1	229.913
1	201.949
1	171.101
1	209.147
1	174.084
1	225.14
1	201.441
1	347.892
1	202.284
1	151.856
1	245.877
1	141.88
1	186.347
1	283.947
1	165.683
1	173.614
1	136.278
1	306.396
1	301.284
1	187.944
1	127.83
1	142.853
1	341.426
1	279.609
1	170.39
1	247.648
1	174.251
1	133.993
1	274.032
1	327.072
1	322.931
1	156.32
1	233.626
1	167.639
1	174.209
1	182.003
1	190.835
1	172.734
1	243.174
1	175.593
1	143.223
1	276.499
1	255.555
1	273.735
1	276.926
1	174.315
1	181.211
1	176.13
1	174.559
1	214.398
1	160.273
1	246.717
1	282.618
1	295.34
1	146.449
1	184.973
1	145.889
1	128.329
1	143.621
1	200.864
1	175.015
1	245.198
1	177.977
1	188.196
1	167.955
1	144.569
1	240.955
1	126.911
1	229.859
1	256.876
1	176.32
1	285.487
1	303.388
1	193.787
1	258.131
1	250.566
0	154.192
1	250.928
1	180.155
1	209.043
0	8.00291
1	166.091
1	206.282
1	189.236
1	158.313
1	165.06
1	140.234
1	237.242
1	151.072
1	205.532
1	170.583
1	169.963
1	204.978
1	181.099
1	168.005
1	154.824
1	150.042
1	273.322
1	189.037
1	265.308
1	164.233
1	186.272
1	419.717
1	238.442
1	268.233
1	214.326
1	139.713
1	254.183
1	149.79
1	159.059
1	199.541
1	196.307
1	191.511
1	227.775
1	237.583
1	185.961
1	207.709
1	158.362
1	223.803
1	186.83
1	138.697
1	150.304
1	183.675
1	237.879
1	151.867
1	209.763
1	178.331
1	302.891
1	169.054
1	166.502
1	197.93
1	196.528
1	141.624
1	217.081
1	183.601
1	180.218
1	132.341
1	156.027
1	195.622
1	279.831
1	206.576
1	206.081
1	194.165
1	189.905
1	172.469
1	229.723
1	132.363
1	207.394
1	131.254
1	230.283
1	114.363
1	241.617
1	292.071
1	179.602
1	142.98
1	192.62
1	325.749
1	155.47
1	173.694
1	190.727
1	219.538
1	228.513
1	174.771
1	195.186
1	153.423
1	215.814
1	305.871
1	243.247
1	166.074
1	221.932
1	236.573
1	281.999
1	258.557
1	212.887
1	236.681
1	198.485
1	170.161
1	212.768
1	160.507
1	231.819
1	264.853
1	189.854
1	243.745
1	184.684
1	205.99
1	199.16
1	180.384
1	172.836
1	191.619
0	12.5232
1	207.471
1	165.596
1	206.307
1	213.099
1	131.511
1	168.633
1	250.739
1	171.99
1	204.159
1	196.529
1	263.773
1	175.997
1	183.435
1	140.546
1	185.541
1	183.022
1	223.03
1	237.022
1	267.555
1	154.802
1	198.048
1	182.213
1	214.536
1	151.768
1	320.12
1	256.951
1	150.533
1	240.961
1	213.826
1	161.11
1	168.294
1	222.616
1	221.352
1	160.261
1	238.116
1	308.239
1	297.264
1	178.35
1	205.26
1	177.132
1	154.905
1	168.597
1	151.909
1	124.775
1	173.949
1	257.62
1	211.219
1	215.499
1	157.865
1	160.978
1	255.509
1	142.71
1	203.865
1	257.943
1	172.236
1	312.174
1	156.855
1	196.103
1	168.34
1	314.511
1	195.014
1	174.472
1	172.419
1	286.883
1	192.946
1	277.157
1	217.554
1	163.623
1	177.392
1	284.987
1	164.658
1	207.904
1	144.136
1	159.637
1	187.911
1	201.12
1	191.617
1	190.729
0	32.1289
1	238.914
1	184.522
1	210.025
1	190.324
1	247.532
1	209.941
1	226.591
1	195.96
1	276.035
1	204.173
1	212.806
1	181.394
1	208.962
1	190.897
1	164.148
1	130.152
1	156.368
1	247.41
1	159.914
1	145.831
1	180.759
0	48.9247
1	251.846
1	189.427
1	305.749
1	206.679
1	276.014
1	220.16
1	179.184
1	257.415
1	161.534
1	212.776
1	161.416
1	185.171
1	269.321
1	237.507
1	220.587
1	137.134
1	189.803
1	151.14
1	204.982
1	162.244
1	244.201
1	194.282
1	244.466
1	154.088
1	167.061
1	313.312
1	349.704
1	192.719
1	147.565
0	6.67448e-06
1	235.548
1	135.703
1	221.621
1	210.597
1	126.492
1	228.481
1	156.812
1	259.881
1	194.749
1	178.902
1	169.431
1	201.682
1	153.104
1	214.893
1	193.671
1	165.968
1	297.029
1	177.268
1	196.025
1	145.609
1	260.764
1	234.298
1	241.821
1	162.3
1	170.236
1	176.341
1	261.639
1	125.955
1	188.925
1	211.12
1	217.334
1	247.046
1	175.114
1	402.399
1	191.852
1	259.766
1	211.307
1	191.485
1	200.694
1	237.582
1	219.92
1	155.541
1	218.499
1	249.236
1	191.53
1	156.724
1	112.586
1	264.396
1	137.813
1	235.921
1	186.706
1	168.498
1	256.459
1	143.05
1	157.692
1	200.344
1	291.198
1	185.04
1	131.655
1	157.748
1	208.458
1	248.198
1	210.098
1	131.371
1	135.468
1	146.094
1	145.698
1	170
1	169.823
1	285.008
1	135.4
1	143.981
1	239.573
1	137.991
1	329.211
1	208.86
1	157.569
1	191.118
1	155.274
1	206.733
1	285.391
1	147.148
1	209.27
1	190.006
1	162.071
1	181.431
1	177.478
1	164.296
1	166.049
1	212.074
1	296.768
1	276.447
1	164.343
1	261.873
1	194.968
1	166.092
1	174.886
1	187.924
1	146.604
1	168.446
1	192.233
1	238.611
1	154.098
1	242.345
1	336.246
1	160.391
1	213.294
1	188.441
1	177.276
1	243.436
1	181.746
1	163.876
1	214.682
1	151.027
1	171.795
1	205.707
1	136.776
1	201.035
1	151.062
1	198.336
1	179.5
1	170.29
1	184.422
1	232.863
1	190.276
1	173.278
1	203.758
1	148.321
1	213.39
1	139.345
1	258.193
1	198.317
1	215.994
1	116.359
1	258.86
1	152.632
1	212.05
1	166.12
1	294.935
1	142.483
1	170.417
1	179.593
1	185.453
0	6.2808
1	235.229
1	147.44
1	137.857
1	143.284
1	181.504
1	163.427
1	212.402
1	231.753
1	165.658
1	152.676
1	208.523
1	157.863
0	35.9269
1	263.918
1	277.675
1	133.261
1	214.8
1	156.88
1	272.308
1	308.595
1	199.906
1	173.706
1	330.16
1	233.747
1	139.458
1	166.919
1	195.938
1	186.623
1	194.14
1	205.025
1	151.788
1	188.956
1	187.11
1	241.386
1	187.117
1	246.079
1	173.828
1	124.442
1	162.97
1	140.905
1	218.602
1	268.822
1	308.99
1	198.409
1	209.624
1	192.073
1	143.408
1	230.566
1	147.103
1	262.217
1	151.947
1	252.284
1	160.084
1	163.435
1	206.955
1	189.176
1	210.636
1	298.21
1	199.243
1	210.545
1	181.549
1	119.848
1	143.879
1	236.285
1	226.107
1	231.178
1	229.239
1	180.806
1	221.316
1	175.561
1	111.095
1	268.406
1	178.22
1	229.946
1	216.488
1	173.926
1	172.488
1	245.614
1	180.953
1	149.503
1	229.068
1	170.408
1	144.03
1	135.15
1	114.794
1	233.406
1	244.014
1	152.773
1	209.413
0	183.325
1	241.67
1	278.922
1	198.121
1	119.768
1	215.853
1	131.324
1	192.99
1	224.004
1	192.786
1	167.586
1	215.811
1	147.657
1	213.957
1	250.789
1	178.266
1	152.233
1	176.938
1	237.324
1	175.798
1	177.949
1	189.158
1	247.956
1	190.036
1	201.442
1	219.486
1	177.984
1	319.298
1	163.085
1	162.328
1	316.105
1	151.59
1	249.635
1	134.98
1	293.075
1	286.288
1	121.089
1	170.158
1	227.668
1	205.645
1	195.14
1	175.815
1	146.796
1	153.861
1	188.249
1	178.601
1	186.152
1	236.975
1	172.04
1	248.213
1	186.98
1	183.793
1	214.492
1	151.143
1	243.223
1	183.348
1	223.07
1	227.42
1	118.272
1	204.82
1	163.179
1	225.273
1	146.84
1	136.04
1	270.82
1	143.699
1	271.457
1	283.454
1	145.212
1	272.19
1	211.188
1	232.034
1	226.068
1	204.188
1	353.678
1	233.833
1	201.853
1	181.355
1	191.137
1	159.996
1	194.183
1	180.883
1	130.187
1	202.448
1	271.646
1	213.76
1	146.85
1	308.527
1	184.875
1	177.717
1	166.566
1	181.849
1	159.287
1	176.71
1	212.6
1	139.973
1	247.386
1	243.181
1	247.133
1	188.528
1	263.317
1	199.95
1	207.464
1	205.01
1	192.669
1	207.778
1	178.407
1	173.431
1	232.297
1	222.829
1	229.241
1	177.212
1	154.43
1	164.272
1	193.18
1	182.233
1	281.626
1	133.87
1	194.592
1	181.686
1	161.577
1	241.376
1	221.172
1	218.628
1	175.783
1	220.096
1	166.163
1	124.018
1	265.663
1	232.431
1	154.291
1	186.919
1	211.67
1	256.205
1	193.661
1	214.633
1	174.905
1	208.781
1	208.814
1	173.245
1	226.682
1	199.251
1	176.984
1	198.29
1	156.917
1	163.502
1	208.608
1	142.709
1	233.211
1	179.786
1	233.526
1	215.512
1	185.706
1	304.605
1	249.928
1	284.161
1	159.487
1	223.668
1	198.168
1	150.18
1	177.372
1	177.521
0	0.5058
1	252.942
1	142.079
1	161.292
1	238.556
1	217.665
1	156.933
0	89.8123
1	185.596
1	226.431
1	232.474
1	185.157
1	178.344
1	165.652
1	192.22
1	170.362
1	180.505
1	184.14
1	169.07
1	256.91
1	182.5
1	183.074
1	269.351
1	210.829
1	191.617
1	224.485
1	138.481
1	191.024
1	223.904
1	121.475
1	222.206
1	193.298
1	170.762
1	157.646
1	198.303
1	249.769
1	228.63
1	210.617
1	272.244
1	177.409
1	266.862
1	193.383
1	157.336
1	263.366
1	181.559
1	109.866
1	156.966
1	175.834
1	290.336
1	155.618
1	212.697
1	189.669
1	174.784
1	155.413
1	178.997
1	181.897
1	218.377
1	186.727
1	166.428
1	194.569
1	195.102
1	338.144
1	223.435
1	286.205
1	217.212
1	211.404
1	144.812
1	240.58
1	116.785
1	177.106
1	423.328
1	165.739
1	157.151
1	207.125
1	214.352
1	184.125
1	149.111
1	125.77
0	87.3023
1	240.653
1	206.12
1	212.267
1	161.628
1	191.965
1	241.123
1	152.735
1	161.607
1	283.319
1	181.517
1	268.332
1	250.831
1	255.252
1	201.622
1	221.933
1	241.48
1	252.009
1	231.78
1	144.409
1	222.598
1	126.305
1	180.55
1	164.701
1	220.351
1	143.358
1	253.134
1	220.961
1	261.916
1	214.111
1	137.779
1	167.086
1	150.604
1	250.046
1	150.158
1	200.702
1	166.939
1	163.224
1	236.066
1	201.089
1	184.174
1	231.332
1	190.532
1	146.999
1	333.197
1	240.928
1	155.69
1	267.128
1	280.241
1	141.012
1	155.257
1	229.558
1	169.794
1	213.799
1	142.689
1	214.838
1	275.42
1	211.181
1	251.781
1	174.832
1	180.324
1	205.901
1	223.751
0	3.69163
1	168.925
1	325.821
1	241.421
1	233.988
1	188.182
1	186.91
1	214.797
1	179.262
1	242.972
1	217.321
1	205.68
1	304.605
1	181.564
1	184.512
1	174.74
1	196.63
1	175.86
1	170.995
1	134.359
1	249.89
1	169.207
1	235.979
1	308.919
1	285.288
1	269.841
1	150.002
1	154.439
1	167.355
1	280.673
1	191.742
1	184.939
1	249.697
1	251.826
1	308.78
1	134.351
1	183.737
1	165.578
1	166.535
1	211.966
1	189.713
1	319.002
1	157.519
1	190.226
1	199.426
1	245.971
1	164.241
1	208.76
1	226.978
1	164.156
1	192.537
1	258.096
1	252.006
1	183.566
1	157.687
1	323.859
1	223.626
1	265.861
1	264.003
1	227.396
1	232.082
1	138.829
1	231.34
1	145.882
1	234.215
1	185.178
1	174.301
1	189.651
1	240.235
1	130.528
1	286.191
1	163.876
1	161.918
0	45.4999
1	225.085
1	145.043
1	316
1	201.322
1	289.938
1	207.08
1	151.456
1	174.709
1	296.053
1	187.156
1	227.418
1	217.797
1	167.504
1	207.579
1	199.372
1	208.66
1	169.659
1	177.526
1	282.083
1	225.7
1	228.24
1	247.635
1	188.799
1	253.981
1	129.837
1	165.6
1	152.744
1	152.879
1	305.34
1	229.186
1	232.768
1	208.158
1	361.77
1	155.939
1	154.466
0	47.1456
1	285.149
1	141.838
1	232.482
1	161.089
1	134.333
1	194.113
1	169.026
1	191.659
1	168.862
1	369.337
1	201.095
1	244.117
1	131.871
0	63.3415
1	234.48
1	249.94
1	213.355
1	294.392
1	155.102
1	144.324
1	255.634
1	153.141
1	281.304
1	162.75
1	135.037
1	227.486
1	262.04
1	167.454
1	193.062
1	209.814
1	152.947
1	124.174
1	158.178
1	144.876
1	238.303
1	148.039
1	222.568
1	199.492
1	179.631
1	177.205
1	153.064
1	198.452
1	194.514
1	273.052
1	189.548
1	177.607
1	195.702
1	214.442
1	179.463
1	163.003
1	248.848
1	293.717
1	240.235
1	180.081
1	189.859
1	178.211
1	208.288
1	165.502
1	214.917
1	159.523
1	221.558
1	280.006
1	228.789
1	183.546
1	163.726
1	164.148
1	132.358
1	179.707
1	153.56
1	228.803
1	230.364
1	260.75
1	146.859
1	335.064
1	206.863
1	146.59
1	184.433
1	266.62
1	150.177
1	210.696
1	151.019
1	188.023
1	198.091
1	315.198
1	175.498
1	211.033
1	206.428
1	162.526
1	259.666
1	162.734
1	198.24
1	241.78
1	185.846
1	186.198
1	152.686
1	183.913
1	234.678
1	237.889
1	232.307
1	212.34
1	235.66
1	180.356
1	140.77
1	245.922
1	197.669
1	184.179
1	175.906
1	178.789
1	152.195
1	200.374
1	140.201
1	146.956
1	161.774
1	246.346
1	171.543
1	182.857
1	273.417
1	170.407
1	181.831
1	159.241
1	237.034
1	179.202
1	138.985
1	156.187
1	254.784
1	229.783
1	171.871
1	216.192
1	237.565
1	257.688
1	152.01
1	232.24
1	189.5
1	195.158
1	137.252
1	268.947
1	181.586
1	167.942
1	203.182
1	124.609
1	207.2
1	176.504
1	277.189
1	177.56
0	66.6504
1	315.484
1	177.107
1	163.777
1	288.567
1	164.345
1	198.828
1	157.244
1	150.408
1	221.211
1	117.146
1	235.579
1	251.466
1	170.142
1	192.572
1	142.351
1	184.461
1	173.535
1	175.412
1	381.232
1	207.202
1	145.98
1	245.382
1	132.143
1	176.92
1	166.132
1	176.333
1	193.956
1	231.007
1	468.629
1	274.582
1	220.27
1	171.986
1	145.395
1	234.625
1	126.207
1	170.044
1	162.202
1	237.16
0	39.9957
1	277.774
1	168.274
1	216.153
1	200.111
1	143.441
1	221.466
1	293.678
1	255.128
1	174.314
1	294.545
1	209.578
1	204.799
1	164.269
1	168.971
1	291.149
1	218.637
1	235.453
1	117.581
1	256.845
1	149.652
1	118.224
1	180.859
1	151.245
1	136.821
1	184.678
1	212.838
1	180.939
1	149.425
1	187.752
1	232.745
1	180.741
1	170.141
1	202.728
1	171.805
1	271.186
1	159.011
1	241.004
1	237.07
1	222.45
1	211.153
1	218.823
1	238.942
1	153.039
1	210.419
1	215.966
0	48.2364
1	235.828
1	176.229
1	145.989
1	181.76
1	140.822
1	325.821
1	324.965
1	142.734
1	203.394
1	224.35
1	245.71
1	272.173
1	262.624
1	312.717
1	276.59
1	222.772
1	170.206
1	141.404
1	165.099
1	162.68
1	242.214
1	181.47
1	130.685
1	200.419
1	250.999
1	162.833
1	152.746
1	229.109
1	228.574
1	280.821
1	299.384
1	199.104
1	200.857
1	234.33
1	153.167
1	270.371
1	207.006
1	161.237
1	174.588
1	251.54
1	179.669
1	298.32
1	179.463
1	183.882
1	210.602
1	168.114
1	176.76
1	166.047
1	258.494
1	168.764
1	193.609
1	188.483
1	195.587
1	153.475
1	269.903
1	244.774
1	199.934
1	248.074
1	243.65
1	204.588
1	232.927
1	232.312
1	196.001
1	193.313
1	310.154
1	224.279
1	133.998
1	202.924
1	164.08
1	259.439
1	183.928
1	241.173
1	220.521
1	312.48
1	280.626
1	202.853
1	154.638
1	193.398
1	193.315
1	238.379
1	172.229
1	124.131
1	166.575
1	262.607
1	225.959
1	162.188
1	205.056
1	165.889
1	165.538
1	188.765
1	230.169
1	157.432
1	207.504
1	308.069
1	149.135
1	197.58
1	252.742
1	133.527
1	160.132
1	168.796
1	234.005
1	265.794
1	176.225
1	150.438
1	267.004
1	207.143
1	186.502
1	177.576
1	147.387
1	200.349
1	173.107
1	250.92
1	207.007
1	191.005
1	173.198
1	145.161
1	165.25
1	217.686
1	227.958
1	217.954
1	224.272
1	197.64
1	228.782
1	261.684
1	233.57
1	151.638
1	195.083
1	182.585
1	257.594
1	175.973
1	188.069
0	8.76745e-05
1	206.175
1	170.72
1	177.539
1	226.848
1	153.01
1	191.731
1	208.78
1	165.241
1	249.742
1	254.133
1	134.52
1	184.957
1	190.844
1	153.612
1	157.958
1	151.714
1	155.962
1	144.829
1	200.02
1	186.948
1	169.273
1	190.993
1	162.412
1	243.031
1	236.252
1	177.902
1	185.093
1	156.942
1	165.911
1	237.645
1	174.328
1	216.095
1	224.982
1	429.982
1	320.931
1	169.14
1	163.427
1	282.423
1	199.028
1	184.12
1	136.904
1	205.761
1	219.559
1	246.968
1	247.725
1	160.473
1	245.299
1	174.125
1	166.853
1	261.707
1	259.068
1	171.884
1	160.715
1	186.947
1	226.765
1	164.994
1	253.416
1	149.627
1	164.392
0	1.46421
1	148.977
1	291.939
1	131.86
1	178.135
1	137.645
1	206.462
1	177.545
1	199.321
1	183.008
1	262.206
1	174.41
1	180.985
1	324.925
1	162.391
1	184.701
1	230.312
1	251.299
1	235.042
1	240.262
1	416.182
1	132.092
1	142.877
1	185.831
1	169.418
1	229.593
1	184.284
1	222.23
1	228.856
1	226.461
1	181.089
1	191.954
1	263.513
1	267.856
1	191.493
1	175.934
1	202.774
1	245.75
1	194.7
1	329.601
1	212.346
1	222.507
1	250.64
1	149.384
1	165.722
1	155.797
1	139.93
1	171.365
1	209.939
1	160.166
1	200.434
1	154.203
1	187.511
1	142.362
1	306.717
1	299.118
1	211.802
1	166.518
1	192.432
1	213.395
1	240.512
1	174.149
1	153.326
1	242.978
1	190.812
1	188.122
1	259.684
1	263.355
1	190.547
1	181.045
1	208.457
1	334.894
1	156.584
1	193.983
1	161.541
1	146.082
1	190.423
1	197.857
1	210.442
1	230.484
1	146.88
1	333.942
1	187.343
1	151.279
1	193.738
1	297.341
1	176.743
1	227.443
1	242.23
1	342.254
1	139.344
1	127.428
1	137.496
1	192.52
1	136.704
1	140.508
1	206.889
1	152.467
1	111.199
1	110.985
1	197.152
1	229.943
1	199.388
1	170.485
1	198.303
1	195.006
1	393.055
1	245.362
1	200.347
1	167.461
1	188.569
1	137.242
1	182.68
1	154.707
1	301.319
1	198.706
1	207.719
1	214.788
1	184.017
1	246.236
1	266.868
1	397.166
1	197.971
1	211.721
1	190.549
1	208.336
1	189.282
1	206.167
1	156.585
1	151.225
1	197.577
1	174.873
1	213.677
1	144.075
1	211.42
1	187.183
1	224.505
1	246.306
1	268.554
1	233.214
1	393.759
1	140.876
1	166.851
1	204.65
1	147.6
1	171.408
1	246.428
1	277.355
1	150
1	134.736
1	238.395
1	198.646
1	146.124
1	230.944
1	298.991
1	161.29
1	246.441
1	248.704
1	250.342
1	308.966
1	190.905
1	322.543
1	206.194
1	130.311
1	152.894
1	272.505
1	159.591
1	188.777
1	149.527
1	261.687
1	230.69
1	360.683
1	152.755
1	164.495
1	133.451
1	185.595
1	260.568
1	186.202
1	204.155
1	325.715
1	176.415
1	195.201
1	143.286
1	264.625
0	19.4962
1	227.38
1	176.21
1	198.057
1	224.03
1	170.906
1	172.063
1	225.11
1	160.246
1	162.304
1	171.942
1	193.563
1	269.714
1	188.705
1	137.671
1	264.625
1	192.562
1	234.437
1	204.76
1	224.451
1	347.707
1	153.346
1	224.165
1	201.53
1	363.226
1	175.378
1	283.086
1	237.812
1	261.468
1	221.205
1	170.687
1	187.975
1	207.704
1	213.264
1	148.96
1	165.125
1	165.096
1	163.627
1	190.376
1	141.267
1	278.628
1	213.539
1	297.132
1	147.494
1	190.927
1	151.207
1	199.117
1	229.08
1	157.933
1	161.532
1	283.27
1	206.306
1	248.445
1	262.309
1	150.561
1	213.8
1	224.311
1	185.166
1	155.847
1	225.356
1	201.95
1	189.152
1	286.321
1	148.526
1	137.586
1	213.84
1	243.17
1	171.001
1	179.013
1	242.072
1	148.456
1	185.478
1	219.182
1	212.381
1	258.622
1	202.829
1	228.885
1	140.291
1	183.406
1	271.535
1	206.486
1	150.8
1	187.387
1	182.925
1	211.192
1	170.606
1	260.81
1	203.43
1	462.223
1	187.509
1	226.85
1	155.703
1	195.072
1	186.679
1	195.522
1	160.234
1	140.779
1	167.912
1	215.755
1	135.722
1	263.448
1	207.607
1	173.349
1	217.259
1	171.625
1	171.286
1	183.96
1	160.226
1	194.132
1	267.14
1	153.925
1	135.191
1	237.791
1	116.118
1	240.872
1	213.849
1	176.919
1	379.568
1	183.89
1	260.724
1	240.326
1	305.427
1	188.514
1	192.719
1	148.837
1	239.407
1	160.354
1	256.318
1	186.755
1	287.487
1	281.226
1	247.666
1	193.834
1	328.243
1	168.73
1	225.013
1	169.11
1	211.341
1	167.723
1	189.412
1	134.822
1	273.789
1	210.354
1	410.71
1	176.495
1	174.594
1	226.594
1	223.434
1	260.618
1	172.255
1	174.908
1	144.266
1	155.581
1	171.088
1	201.079
1	239.844
1	169.064
1	145.055
1	176.129
1	187.952
1	201.988
1	183.633
1	171.486
1	147.986
1	185.506
1	155.355
1	218.549
1	251.004
1	163.403
1	138.629
1	155.838
1	162.575
1	194.705
1	128.321
1	119.931
1	332.596
1	149.407
1	170.487
1	253.519
1	193.472
1	174.709
0	44.2015
1	184.261
1	171.802
1	145.064
1	253.104
1	188.332
1	233.961
1	196.961
1	319.981
1	308.825
1	183.293
1	198.141
1	286.722
1	147.386
1	110.269
1	216.139
1	216.701
1	170.541
1	128.773
1	191.811
1	163.315
1	276.231
1	175.396
1	153.782
1	226.835
1	229.272
1	387.545
1	207.384
1	164.557
1	229.565
1	130.953
1	139.457
1	200.965
1	169.652
1	224.141
1	171.965
1	217.674
1	146.58
1	266.48
1	187.386
1	282.874
1	154.405
1	226.419
1	221.944
1	172.385
1	161.444
1	282.492
1	163.292
1	144.047
1	214.98
0	40.9881
1	179.083
1	308.986
1	168.757
1	165.353
1	160.243
1	132.085
1	151.831
1	156.011
1	231.024
1	157.744
1	122.039
1	183.988
1	273.247
1	177.261
1	229.3
1	225.932
1	275.524
1	223.791
1	199.698
1	222.792
1	168.525
1	191.043
1	212.998
1	139.125
1	140.5
1	210.821
1	233.768
1	180.467
1	201.455
1	246.547
1	172.346
1	125.77
1	172.469
1	157.192
1	119.229
1	185.181
1	297.779
1	171.666
1	212.411
1	167.184
1	187.803
1	175.152
1	176.031
1	178.603
1	186.72
1	164.798
1	192.181
1	181.117
1	152.226
1	223.844
1	246.804
1	130.912
1	311.518
1	206.197
1	181.177
1	211.804
1	187.202
1	201.599
1	203.628
1	175.401
1	192.778
1	200.991
1	199.153
1	257.201
1	125.296
1	186.084
1	185.767
1	173.451
1	203.101
1	199.733
1	176.791
1	231.014
1	257.512
1	268.38
1	221.177
1	170.641
1	186.457
1	154.051
1	200.224
1	234.712
1	251.4
1	176.843
1	197.918
1	231.733
1	159.468
1	130.067
1	249.47
1	211.143
1	179.465
1	212.975
1	197.048
1	181.666
1	169.317
1	162.6
1	167.01
1	199.364
1	212.64
1	149.065
1	268.104
1	212.065
1	332.865
1	183.911
1	291.974
1	258.949
1	345.563
1	166.607
1	190.612
1	212.731
1	218.176
1	152.628
1	334.766
1	213.547
1	142.802
1	176.548
1	132.523
1	185.205
1	228.375
1	284.925
1	144.189
1	179.626
1	256.612
1	237.004
1	258.646
1	291.507
1	154.444
1	168.327
1	215.164
1	247.037
1	208.554
1	192.142
1	169.544
1	142.719
1	140.197
1	178.562
1	165.574
1	225.483
1	161.602
1	182.765
1	171.256
1	188.386
1	351.024
1	185.14
1	184.94
1	186.707
1	163.704
1	169.855
1	152.025
1	277.993
1	245.455
1	153.844
1	170.399
1	229.069
1	226.368
1	221.107
0	0.495795
0	23.8096
1	158.205
1	196.354
1	142.054
1	133.837
1	197.247
1	181.97
1	232.579
1	142.716
1	218.971
1	212.337
1	196.366
1	190.031
1	262.498
1	206.343
1	159.958
1	194.101
1	204.669
1	183.473
1	198.704
1	237.297
1	173.792
1	176.346
1	210.169
1	213.512
1	171.477
1	204.788
1	221.221
1	230.754
1	354.258
1	198.063
1	282.495
1	199.369
1	213.168
1	226.816
1	174.543
1	186.28
1	134.179
1	178.547
1	355.015
1	155.62
1	143.626
1	312.185
1	193.118
1	191.861
1	120.123
1	171.221
1	148.164
1	182.849
1	260.072
1	174.938
1	188.249
1	368.695
1	173.376
1	214.871
1	232.943
1	206.928
1	280.738
1	155.038
1	175.315
1	219.963
1	146.739
1	222.567
1	164.745
1	181.275
1	156.143
1	304.741
1	218.126
1	142.748
1	187.229
1	157.875
1	210.344
1	184.985
1	148.765
1	136.862
1	143.183
1	145.543
1	213.977
1	186.166
1	136.576
1	149.899
1	196.002
1	182.021
1	166.522
1	202.121
1	185.027
1	162.969
1	166.705
1	220.621
1	176.849
1	146.85
1	214.707
1	166.403
1	206.753
1	196.709
1	169.569
1	202.409
1	211.853
1	218.608
1	277.295
1	159.366
1	268.216
1	163.108
1	145.867
1	181.945
1	163.377
1	312.727
1	142.709
1	210.276
1	334.619
1	151.131
1	173.789
1	246.649
1	226.414
1	211.948
1	203.741
1	151.047
1	218.36
1	219.983
1	217.496
1	192.052
1	190.053
1	190.326
1	330.204
1	303.038
1	201
1	227.722
1	205.762
1	179.108
1	180.558
1	197.428
1	185.353
1	136.047
1	235.713
1	273.3
1	203.034
1	225.049
1	251.643
1	246.262
1	132.793
1	223.531
1	221.849
1	172.96
1	382.191
0	28.4209
1	114.167
1	195.16
1	200.856
1	366.169
1	191.212
1	224.175
1	192.527
1	194.055
1	193.596
1	235.843
1	204.901
1	145.607
1	177.712
1	181.513
1	145.236
1	272.592
1	235.268
1	191.795
1	148.342
1	196.012
1	228.621
1	244.17
1	290.23
1	352.752
1	152.983
1	191.381
1	303.179
1	216.439
1	147.034
1	159.488
1	158.658
1	208.517
1	155.636
1	176.761
1	131.97
1	185.602
1	192.237
1	242.007
1	168.007
1	206.983
1	209.72
1	212.601
1	156.123
1	188.95
1	189.887
1	217.432
1	192.848
1	215.505
1	201.322
1	156.19
1	324.449
1	204.432
1	223.248
1	209.399
1	185.477
1	163.425
1	214.253
1	301.405
1	341.623
1	209.426
1	200.933
1	242.094
1	289.502
1	208.735
1	154.592
1	137.918
1	129.572
1	149.745
1	226.421
1	229.779
1	158.207
1	225.827
1	230.289
1	167.153
1	182.62
1	216.975
1	178.18
1	195.051
1	158.052
1	209.927
1	377.725
1	283.4
1	132.908
1	252.27
1	212.702
1	201.275
1	202.231
1	199.76
1	118.756
1	224.887
1	228.485
1	151.419
1	193.461
1	214.307
1	210.841
1	156.015
1	189.599
1	233.733
1	256.241
1	189.787
1	161.64
1	216.566
1	218.78
1	140.091
1	170.568
1	204.94
1	123.389
1	288.914
1	138.211
1	244.745
1	139.303
1	231.405
1	160.162
1	134.642
1	246.897
1	234.923
1	193.5
1	223.762
1	154.168
1	168.488
1	211.501
1	323.889
1	147.979
1	196.734
1	196.543
1	227.701
1	132.517
1	200.522
1	204.993
1	111.413
1	163.078
1	197.675
1	159.836
1	186.646
1	243.031
1	186.429
1	152.197
1	191.942
1	204.891
1	187.616
1	278.73
1	169.302
1	180.629
1	186.506
1	211.245
1	235.552
1	210.116
1	163.617
1	204.849
1	186.121
1	184.712
1	392.97
1	159.242
1	236.685
1	199.013
1	171.096
1	234.253
1	233.062
1	183.149
1	232.249
1	185.405
1	225.401
1	168.414
1	291.019
1	237.535
1	152.22
1	250.853
1	210.715
1	199.546
1	205.599
1	153.846
1	233.555
1	199.457
1	259.446
1	233.807
1	183.273
1	189.109
1	238.03
1	228.03
1	251.453
1	185.467
1	215.133
1	170.695
1	146.109
1	201.617
1	198.754
1	213.107
1	151.562
1	242.598
1	218.806
1	150.155
1	169.662
1	252.541
1	296.383
1	231.752
1	210.433
1	190.092
1	192.912
1	155.953
1	182.92
1	169.486
1	171.325
1	210.138
1	248.223
1	177.783
1	149.52
1	170.568
1	237.465
1	193.005
1	202.582
1	171.125
1	146.431
1	219.253
1	192.962
1	242.28
1	301.358
1	179.524
1	206.089
1	189.546
1	158.962
1	164.967
1	327.339
1	225.98
1	236.131
1	152.1
1	280.781
1	154.12
1	190.825
0	28.3929
1	324.59
1	122.457
1	272.744
1	192.587
1	212.654
1	283.564
1	208.026
1	219.553
1	224.897
1	263.746
1	194.909
1	170.511
1	224.734
1	240.769
1	334.198
1	184.802
1	122.675
1	204.352
1	191.788
1	133.927
1	203.78
1	176.585
1	176.523
1	227.68
1	155.409
1	177.781
1	254.333
1	219.302
1	212.421
1	199.196
1	191.086
1	240.624
1	264.172
1	232.978
1	156.028
1	207.432
1	279.186
1	169.441
1	208.302
1	234.13
1	283.235
1	257.495
1	172.581
1	210.377
1	143.274
1	274.827
1	240.017
1	152.958
1	232.392
1	176.877
1	222.834
1	137.539
1	183.117
1	294.674
1	291.2
1	173.197
1	135.609
1	173.609
1	187.565
1	184.791
1	184.786
1	165.125
1	281.962
1	213.511
1	146.799
1	184.595
1	195.122
1	301.261
1	130.348
1	176.667
1	209.76
1	208.228
1	259.759
1	223.117
1	218.681
1	244.429
1	200.879
1	185.681
1	220.106
1	150.437
1	291.08
1	119.719
1	141.089
1	173.646
1	158.923
1	219.853
1	235.423
1	150.048
1	161.08
1	233.802
1	149.609
1	220.402
1	271.973
1	251.868
1	161.017
1	182.624
1	141.058
1	162.421
1	216.814
1	167.018
1	189.237
1	181.36
1	189.932
1	156.217
1	195.992
1	185.146
1	163.015
1	255.761
1	314.71
1	297.927
1	309.532
1	164.308
1	279.494
1	171.181
1	196.461
1	178.154
1	224.819
1	323.466
1	198.036
1	210.886
1	165.198
1	179.98
1	146.25
1	161.298
1	191.394
1	213.597
1	246.902
1	208.557
1	183.62
1	171.698
1	139.583
1	317.1
1	165.78
1	202.294
1	182.478
1	272.783
1	199.34
1	204.419
1	178.585
1	179.072
1	147.677
1	250.536
1	197.911
1	196.089
1	203.555
1	155.357
1	157.813
1	214.67
1	241.412
1	161.812
1	183.712
1	183.476
1	144.142
1	368.672
1	294.055
1	192.075
1	202.401
1	213.672
1	182.419
1	157.418
1	228.916
1	179.085
1	333.333
1	182.489
1	163.828
1	175.123
1	258.364
1	222.171
1	181.239
1	175.184
1	274.582
1	244.704
1	154.334
1	168.135
1	290.124
1	183.314
1	174.397
1	207.205
1	142.91
1	166.047
1	118.998
1	209.318
1	187.861
1	437.047
1	276.339
1	380.578
1	161.798
1	177.683
1	221.778
1	152.8
1	133.1
1	286.377
1	212.999
1	194.961
1	172.489
1	355.719
1	187.552
1	257.359
1	210.856
1	163.999
1	189.992
1	187.844
1	183.018
1	189.679
1	155.517
1	171.558
1	265.84
1	127.604
1	273.648
1	154.808
1	199.794
1	258.195
1	216.963
1	181.315
1	300.925
1	158.279
1	154.456
1	252.355
1	206.917
1	235.428
1	263.856
1	239.214
1	214.252
1	256.846
1	176.521
1	213.295
0	7.05367
1	188.122
1	134.322
1	118.034
1	152.795
1	230.005
1	227.366
1	140.593
1	184.195
1	151.963
1	266.842
1	258.389
1	253.492
1	138.136
1	177.869
1	179.845
1	125.309
1	296.372
1	205.847
1	268.051
1	132.07
1	154.655
1	279.719
1	314.23
1	171.241
1	163.587
1	147.726
1	223.33
1	179.926
1	279.25
1	159.863
1	160.067
1	264.829
1	190.803
1	177.381
1	153.178
1	267.464
1	275.496
1	294.833
1	156.334
0	147.675
1	205.367
1	184.299
1	150.892
1	285.502
1	224.798
1	252.179
1	268.314
1	235.089
1	150.161
1	177.368
1	226.28
0	2.09583
1	219.916
1	237.96
1	292.97
1	276.765
1	161.823
1	205.471
1	226.897
1	170.032
1	140.722
1	138.56
1	249.893
1	175.624
1	354.578
1	244.358
1	237.728
1	150.798
1	161.708
1	250.747
1	155.966
1	366.981
1	204.423
1	172.549
1	183.315
1	115.274
1	157.22
1	203.708
1	154.442
1	150.775
1	207.466
1	150.593
1	229.522
1	238.532
1	222.697
1	172.941
1	152.251
1	268.546
1	128.026
1	193.838
1	266.898
1	245.603
1	162.401
1	290.895
1	163.892
1	238.133
1	318.698
1	199.775
1	176.013
1	214.038
1	189.864
1	260.212
1	221.627
1	366.309
1	197.446
1	217.907
1	154.433
1	140.189
1	319.914
1	194.7
1	161.02
1	162.668
1	193.523
1	147.013
1	251.285
1	216.865
1	303.759
1	223.299
1	298.438
1	203.168
1	305.687
1	262.144
1	175.967
1	123.442
1	199.303
1	242.941
1	332.234
1	173.853
1	309.413
1	141.338
1	294.503
1	334.006
1	243.618
1	277.482
1	192.361
1	238.269
1	144.13
1	194.081
1	168.769
1	203.332
1	162.797
1	198.295
1	147.792
1	149.379
1	176.063
1	294.518
1	161.361
1	190.184
1	307.948
1	176.483
1	283.762
1	165.92
1	210.638
1	168.475
1	189.875
1	272.288
1	214.728
1	210.461
1	173.658
1	134.566
1	221.681
1	151.402
1	158.324
1	238.838
1	182.465
1	253.006
1	291.983
1	287.153
1	229.639
1	158.57
1	133.725
1	200.49
1	170.795
1	191.495
1	198.848
1	163.53
1	245.308
1	226.125
1	274.482
1	155.161
1	125.564
1	154.675
1	153.881
1	243.792
1	219.407
1	211.244
1	168.954
1	157.2
1	247.32
1	169.155
1	167.885
1	178.854
1	264.955
1	212.204
1	330.797
1	155.92
1	192.424
1	200.439
1	243.625
1	179.116
1	188.132
1	212.993
1	193.417
1	171.59
1	185.47
1	165.336
1	181.069
1	297.447
1	186.221
1	224.861
1	190.368
1	185.232
1	245.067
1	234.059
1	202.758
1	307.574
1	286.255
1	193.199
1	170.571
1	199.19
1	220.219
1	351.602
1	178.32
1	232.208
1	203.9
1	196.782
1	272.988
1	227.649
1	201.718
1	181.179
1	169.538
1	222.088
1	321.814
1	211.113
1	284.89
1	242.619
1	351.671
1	297.33
0	46.6712
1	169.997
1	160.204
1	226.403
1	297.521
1	201.352
1	143.036
1	175.262
1	168.445
1	183.706
1	160.059
1	149.878
1	271.816
1	207.518
1	172.282
1	181.146
1	259.454
1	180.78
1	148.793
1	171.058
1	224.122
1	212.361
1	216.935
1	217.394
1	209.424
1	184.619
1	174.06
1	247.504
1	205.549
1	161.474
1	178.495
1	236.15
1	165.345
1	162.704
1	200.026
1	145.945
1	215.719
1	166.765
1	180.036
1	177.894
1	256.911
1	218.51
1	238.743
1	201.946
1	258.331
1	204.321
1	219.988
1	230.787
1	167.852
1	328.278
0	56.7645
1	287.192
1	152.104
1	254.485
1	186.896
1	165.242
1	148.283
1	227.48
1	187.946
1	157.268
1	159.326
1	160.874
1	147.895
1	216.452
1	202.728
1	110.649
1	210.039
1	185.483
1	212.653
1	188.526
1	141.179
1	200.845
1	180.701
1	219.544
1	188.241
1	189.354
1	152.269
1	341.064
1	164.612
1	171.611
1	196.803
1	200.045
1	400.627
1	187.934
1	248.778
1	205.499
1	183.106
1	185.265
1	165.236
1	228.48
1	314.225
1	236.978
1	314.062
1	192.635
1	194.947
1	173.599
1	166.953
1	115.876
1	174.066
1	176.785
1	169.595
1	307.025
1	297.801
1	183.806
1	212.812
1	194.605
1	242.168
1	137.066
1	146.091
1	233.656
1	259.472
1	158.893
1	284.887
1	140.294
1	146.288
0	93.5203
1	193.949
1	123.291
1	242.379
1	234.551
1	177.497
1	169.649
1	172.608
1	119.455
1	217.634
1	218.535
1	264.499
1	225.063
1	162.872
1	232.77
1	168.9
1	237.751
1	199.945
1	275.696
1	259.443
1	183.373
1	257.612
1	174.071
1	153.603
1	199.657
1	193.424
1	187.189
1	141.791
1	124.908
1	219.152
1	250.838
1	181.916
1	172.299
1	151.021
1	211.448
1	278.661
1	260.036
1	217.666
1	189.134
1	278.237
1	123.658
1	171.57
1	174.233
1	264.687
1	168.348
1	196.93
1	246.645
1	179.567
1	298.464
1	268.69
1	227.838
1	186.744
1	154.216
1	244.765
1	270.829
1	164.93
1	236.017
1	271.289
1	223.112
1	240.353
1	307.124
1	178.095
1	168.777
1	155.64
1	309.458
1	182.182
1	198.732
1	142.134
1	197.876
1	211.723
1	132.75
1	115.026
1	170.881
1	208.615
1	219.585
1	220.908
1	162.936
1	176.076
1	176.652
1	133.907
1	208.645
0	36.6291
1	170.198
1	191.975
1	253.277
1	152.675
1	275.998
1	286.079
1	282.544
1	181.88
1	267.669
1	158.976
1	228.069
1	438.633
1	250.853
1	151.201
1	180.554
1	156.909
0	5.86974e-05
1	187.36
1	177.081
1	198.81
1	207.876
1	195.836
1	136.121
1	183.65
1	197.141
1	131.885
1	284.359
1	234.374
1	222.037
1	226.827
1	202.127
1	200.619
1	147.974
1	116.218
1	278.336
1	199.624
1	233.828
1	265.755
1	172.933
1	197.726
1	171.376
1	164.451
1	286.806
1	247.01
1	189.753
1	179.616
1	162.144
1	209.428
1	209.961
1	190.629
1	245.112
1	211.431
1	228.993
1	185.5
1	199.739
1	225.679
1	150.991
1	155.959
1	274.361
1	228.224
1	177.344
1	245.238
1	210.049
1	206.935
1	185.949
1	213.957
1	345.201
1	233.399
1	166.472
1	216.454
1	157.849
1	267.127
1	223.872
1	155.912
1	301.491
1	195.888
1	169.712
1	197.789
1	234.968
1	148.587
1	201.717
1	188.266
1	184.311
1	197.068
1	211.887
1	206.828
1	171.74
1	347.547
1	149.386
1	145.341
1	153.785
1	243.564
1	198.01
1	273.659
1	195.262
1	210.002
1	177.75
1	229.823
1	181.182
1	232.894
1	242.33
1	198.679
1	198.297
1	171.464
1	205.743
1	161.73
1	164.841
1	215.784
1	175.462
1	155.467
1	216.623
1	249.583
1	163.202
1	229.057
1	165.033
1	152.762
1	143.901
1	125.448
1	151.288
1	186.779
1	166.321
1	220.52
1	180.804
1	202.236
1	209.054
1	227.519
1	157.535
1	160.829
1	205.44
1	202.257
1	152.07
1	137.216
1	168.289
1	191.741
1	267.254
1	195.844
1	163.874
1	168.702
1	142.091
1	163.151
1	278.803
1	259.493
1	241.79
1	208.169
1	217.81
1	139.456
1	167.754
1	181.432
1	184.263
1	250.172
1	240.422
1	286.714
1	273.61
1	192.974
1	146.477
1	212.427
1	150.855
1	181.741
1	222.341
1	152.039
1	185.697
1	142.222
1	215.23
1	143.003
1	170.29
1	179.127
1	222.831
1	215.045
1	187.698
1	132.239
1	314.728
1	176.46
1	291.817
1	229.285
1	188.899
1	220.075
1	186.784
1	261.501
1	165.696
1	164.124
1	176.84
1	139.534
1	187.907
1	175.897
1	228.463
1	173.963
1	218.41
1	165.347
1	243.278
1	243.916
1	305.416
1	213.237
1	224.705
1	197.684
1	166.406
1	332.273
1	239.477
1	138.762
1	203.406
1	299.932
1	145.63
1	213.085
1	187.118
1	199.743
1	374.459
1	160.351
1	189.666
1	203.712
1	196.588
1	303.67
1	257.605
1	211.994
1	186.972
1	230.702
1	234.804
1	226.098
1	123.952
1	231.826
1	228.513
1	272.806
1	270.801
1	193.986
1	210.657
1	283.014
1	166.423
1	171.806
1	233.92
1	184.59
1	177.566
1	247.794
1	256.309
1	186.847
1	151.151
1	199.319
1	174.703
1	190.394
1	220.333
1	169.666
1	175.555
1	216.996
1	190.396
1	187.622
1	170.821
1	193.682
1	226.071
1	172.755
1	227.285
1	243.816
1	194.261
1	225.258
1	130.965
1	123.85
1	222.336
1	184.351
1	156.245
1	150.056
1	269.607
1	201.762
1	183.675
1	162.246
1	234.592
1	164.633
1	239.697
1	295.858
1	170.747
1	267.681
1	174.867
1	313.635
1	185.286
1	255.15
1	145.1
1	296.891
1	173.769
1	213.222
1	116.47
1	266.026
1	190.202
1	152.242
1	200.472
1	284.238
1	305.822
1	139.308
1	137.659
1	219.183
1	178.296
1	167.632
1	207.477
1	182.498
1	245.795
1	141.643
1	173.073
1	171.774
1	324.47
1	202.85
1	249.882
1	244.193
1	217.487
1	167.391
1	215.039
1	227.457
1	237.896
1	222.043
1	204.013
1	212.915
1	174.861
1	201.404
1	233.291
1	195.643
1	238.666
1	206.168
1	170.315
1	235.032
1	158.273
1	229.598
1	191.833
1	162.444
1	159.747
1	236.601
1	176.705
1	148.164
1	126.495
1	179.597
1	172.856
1	161.908
1	182.011
1	212.026
1	151.893
1	282.481
1	167.851
1	162.884
1	153.445
1	194.665
1	201.22
1	128.514
1	222.482
1	174.392
1	246.012
1	199.896
1	128.354
1	165.696
1	166.064
1	239.785
1	208.178
1	239.802
1	154.972
1	224.076
1	229.958
1	134.852
1	158.475
1	193.907
1	250.898
1	217.559
1	216.718
1	143.18
1	187.733
1	201.657
1	232.883
1	208.697
1	185.512
1	211.321
1	270.566
1	211.063
1	195.389
1	181.426
1	240.127
1	281.053
1	205.323
1	167.016
1	243.637
1	197.892
1	220.465
1	181.974
1	296.332
1	181.498
1	383.645
1	250.723
1	166.043
1	216.786
1	182.758
1	192.082
1	262.162
1	245.669
1	263.589
1	202.716
1	175.093
1	189.426
1	369.182
1	184.162
1	281.082
1	227.116
1	246.867
1	171.695
1	213.14
1	241.053
1	128.89
1	191.374
1	138.294
1	171.555
1	224.484
1	361.933
1	161.84
1	280.953
1	182.643
1	225.918
1	145.157
1	189.109
1	263.419
1	188.155
1	221.169
1	241.864
1	160.302
1	198.573
1	183.53
1	125.605
1	161.099
1	255.881
1	150.397
1	172.434
1	158.278
1	139.737
1	156.118
1	198.692
1	166.363
1	359.017
0	56.3686
1	134.868
1	174.079
1	195.986
1	181.992
1	241.435
1	273.048
1	183.558
1	193.271
1	213.626
1	259.527
1	303.726
1	138.851
1	178.51
1	272.78
1	142.084
1	208.599
1	162.438
1	245.018
1	184.27
1	299.306
1	275.829
1	238.839
1	209.168
1	200.902
1	154.765
1	281.032
1	248.92
1	343.041
1	167.887
1	171.204
1	260.312
1	186.393
1	206.386
1	180.971
1	234.301
1	262.989
1	177.768
1	130.121
1	174.809
1	306.162
1	192.162
1	247.733
1	209.976
1	240.129
1	181.387
1	440.652
1	185.293
1	181.697
1	144.654
1	213.291
1	202.221
1	171.608
1	146.09
1	246.631
1	137.484
1	177.838
1	239.781
1	253.491
1	247.329
1	199.479
1	184.419
1	292.016
1	239.906
1	198.611
1	216.419
1	192.299
1	153.215
1	197.296
1	165.404
1	354.186
1	171.535
1	198.077
1	204.412
1	191.912
1	421.908
1	159.664
1	244.531
1	201.928
1	203.042
1	188.493
1	247.094
1	189.124
1	332.07
1	181.813
1	141.148
1	206.374
1	290.656
1	239.72
1	237.422
1	154.335
1	174.041
1	135.253
1	261.727
1	127.27
1	156.747
0	2.33862e-05
1	271.885
1	286.876
1	261.847
1	117.005
1	215.316
1	392.491
1	305.774
1	262.74
1	253.899
1	170.625
1	196.978
1	288.608
1	284.812
1	192.463
1	243.573
1	258.165
1	214.153
1	166.528
1	221.721
1	153.446
1	211.672
1	213.824
1	229.794
1	171.37
1	276.89
1	209.78
1	208.735
1	237.097
1	202.814
1	157.202
1	136.987
1	157.307
1	212.49
1	239.527
1	185.942
1	238.596
1	176.012
1	152.633
1	185.224
1	202.927
1	211.728
1	276.672
1	201.945
1	178.77
1	226.616
1	126.562
1	267.065
1	146.576
1	146.616
1	246.575
1	262.721
1	202.096
1	132.219
1	297.12
1	253.074
1	215.389
1	194.129
1	213.915
1	216.373
1	219.91
1	186.373
1	223.792
1	166.16
1	204.169
1	247.733
1	218.68
1	296.149
1	235.39
1	209.625
1	205.204
1	238.63
1	250.316
1	268.685
1	175.713
1	223.113
1	299.431
1	273.189
1	250.833
1	161.237
1	194.434
1	181.02
1	170.794
1	197.939
1	210.329
1	193.668
1	173.311
1	157.325
1	230.719
1	277.979
1	182.27
1	252.88
1	163.019
1	211.925
1	283.172
1	201.757
1	213.174
1	287.74
1	145.478
1	140.688
1	254.194
1	204.245
1	186.213
1	237.684
1	203.962
1	177.334
1	266.746
1	165.857
1	193.556
1	121.189
1	286.582
1	161.742
1	141.041
1	207.307
1	185.153
1	206.302
1	182.69
1	204.838
1	200.57
1	161.888
1	186.239
1	194.418
0	118.968
1	216.951
1	174.458
1	119.395
1	205.28
1	206.372
1	155.67
1	277.97
1	190.44
1	211.338
1	187.663
1	178.178
1	171.979
1	201.632
1	141.911
1	156.714
1	258.025
1	173.614
1	131.495
1	172.526
1	166.514
1	145.881
1	190.754
1	203.76
1	262.597
1	192.891
1	150.502
1	265.919
1	217.902
1	214.855
1	214.35
1	153.604
1	373.647
1	177.004
1	157.007
1	204.489
1	153.809
1	175.386
1	173.185
1	151.258
1	167.516
1	192.134
1	209
1	188.384
1	167.686
1	141.507
1	199.087
1	249.048
1	216.295
1	148.415
1	149.584
1	224.025
1	171.624
1	225.812
1	136.27
1	174.898
1	202.052
1	149.558
1	323.078
1	248.075
1	275.376
1	187.906
1	163.681
1	163.063
1	249.865
1	216.779
1	147.448
1	158.583
1	329.505
1	156.989
1	130.749
1	137.516
1	161.933
1	154.746
1	156.289
1	193.092
1	170.773
1	311.021
1	214.793
1	178.41
1	232.587
1	156.447
1	165.19
1	154.211
1	177.887
1	186.014
1	186.585
1	213.154
1	249.28
1	178.736
1	214.817
1	172.346
1	174.907
1	196.769
1	284.012
1	254.638
1	178.698
1	218.587
1	133.04
1	281.333
1	191.878
1	148.858
1	361.916
1	194.139
1	177.084
1	207.864
1	256.226
1	182.648
1	153.09
1	159.726
1	199.122
1	213.963
1	186.139
1	168.804
1	159.858
1	209.577
1	142.211
1	200.014
1	241.664
1	228.475
1	156.578
1	288.298
1	229.399
1	138.264
1	226.404
1	198.459
1	158.6
1	211.933
1	198.376
1	238.837
1	178.072
1	262.611
1	161.717
1	189.063
1	198
1	263.5
1	214.503
1	147.184
1	150.978
1	128.736
1	175.384
1	182.746
1	204.108
1	277.049
1	263.187
1	148.507
1	156.328
1	158.377
1	198.136
1	181.975
1	225.997
1	260.807
1	157.793
1	214.149
1	155.657
1	166.62
1	176.597
1	201.696
1	160.455
1	183.53
1	280.314
1	261.313
1	190.268
1	175.302
1	200.855
1	231.449
1	197.891
1	203.107
1	330.342
1	136.417
1	240.085
1	170.126
1	266.233
1	203.708
1	225.086
1	148.549
1	178.107
1	169.886
1	178.337
1	185.247
1	246.036
1	210.439
1	166.509
1	205.028
1	155.49
1	131.992
1	298.117
1	203.693
1	425.259
1	147.703
1	235.467
1	110.606
1	185.937
1	185.365
1	150.677
1	205.086
1	185.345
1	185.098
1	144.108
1	211.157
1	191.938
1	205.415
1	164.955
1	205.535
1	233.125
1	228.075
1	156.456
1	201.67
1	176.016
1	222.586
1	342.227
1	152.974
1	145.112
1	186.145
1	188.711
1	273.592
1	248.174
1	230.321
1	197.005
1	173.521
1	136.564
1	159.007
1	171.487
1	143.587
1	169.928
1	199.39
1	172.057
1	214.465
1	114.25
1	147.56
1	246.384
1	408.064
1	280.927
1	144.282
1	182.911
1	217.577
1	191.57
1	218.399
1	111.923
1	194.153
1	287.295
1	230.126
1	235.076
1	200.474
1	265.264
1	242.919
1	260.407
1	189.846
1	161.273
1	206.524
1	155.758
1	243.892
1	221.943
1	239.279
1	222.113
1	240.232
1	216.882
1	237.815
1	165.131
1	191.355
1	189.857
1	168.957
1	238.866
1	223.44
1	298.513
1	179.25
1	300.602
1	205.118
1	192.14
1	163.159
1	130.681
1	182.203
1	161.892
1	144.477
1	158.649
1	177.733
1	162.415
1	234.541
1	240.463
1	147.775
1	134.402
1	212.304
1	165.506
1	156.607
1	202.288
1	225.238
1	251.684
1	200.68
1	181.817
1	231.414
1	203.872
1	163.646
1	201.089
1	165.392
1	235.186
1	288.611
1	170.199
1	252.765
1	173.173
1	221.832
1	206.095
1	153.986
1	220.835
1	143.772
1	247.899
1	200.989
1	186.605
1	175.94
1	174.185
1	197.463
1	211.396
1	159.839
1	237.534
1	162.275
1	130.67
1	131.867
1	189.684
1	173.651
1	225.857
1	191.34
1	173.32
1	130.387
1	180.833
1	318.374
1	251.853
1	187.873
1	220.316
1	195.207
1	183.992
1	240.831
1	178.745
1	131.771
1	163.993
1	244.278
1	171.34
1	177.246
1	218.125
1	229.81
1	262.338
1	279.005
1	162.061
1	155.699
1	225.8
1	257.586
1	196.708
1	131.598
1	192.482
1	237.186
1	221.449
1	193.356
1	210.614
1	223.927
1	216.395
1	190.499
1	232.103
1	191.417
1	187.899
1	150.243
1	187.832
1	115.431
1	148.328
1	175.195
1	190.209
1	198.907
1	140.616
1	175.189
1	173.798
1	217.024
1	160.257
1	201.948
1	282.641
1	274.608
0	56.7071
1	276.919
1	191.491
1	197.815
1	202.496
1	198.259
1	261.602
1	204.546
1	167.625
1	179.777
1	155.996
1	250.743
1	185.868
1	211.055
1	132.289
1	270.645
1	202.086
1	151.824
1	121.368
1	141.224
1	251.519
1	216.074
1	227.479
1	284.875
1	237.567
1	202.883
1	155.57
0	65.896
1	316.376
1	146.939
1	232.814
1	209.23
1	179.154
1	255.355
1	198.669
1	237.068
1	196.428
1	274.269
1	167.161
1	232.935
1	297.275
1	263.74
1	152.448
1	253.36
1	200.972
1	186.569
1	139.233
1	213.658
1	130.285
1	219.606
1	281.063
1	200.803
1	166.721
1	191.033
1	186.534
1	201.675
1	235.532
1	313.593
1	142.814
1	174.81
1	212.847
1	207.203
1	187.298
1	182.082
1	223.069
1	175.814
1	170.156
1	308.62
1	204.924
1	197.853
1	201.841
1	171.288
1	161.095
1	299.235
1	177.086
1	200.839
1	289.086
1	186.714
1	171.809
1	247.326
1	131.692
1	154.668
1	210.852
1	423.122
1	144.877
1	208.718
1	194.031
1	232.444
1	231.793
1	107.795
1	199.774
1	161.051
1	217.233
1	305.925
1	231.859
1	206.001
1	201.211
1	117.625
1	194.178
1	277.126
1	209.05
1	165.55
1	235.867
1	147.108
1	204.095
1	190.55
1	188.428
1	206.111
1	157.958
1	226.471
1	210.613
1	149.093
1	171.725
1	229.241
1	242.372
1	206.766
1	192.899
1	186.647
1	177.082
1	152.686
1	238.047
1	181.66
1	272.116
1	207.759
1	188.072
1	244.796
1	249.331
1	212.792
1	297.034
1	187.891
1	151.786
1	230.425
1	161.14
1	190.762
1	130.322
1	255.873
1	204.625
1	227.594
1	201.397
1	242.41
1	189.734
1	180.178
1	181.478
1	184.281
1	148.387
1	166.059
1	193.312
1	141.324
1	196.503
1	214.376
1	234.608
1	348.407
1	246.845
1	154.267
1	295.9
1	146.132
1	256.741
1	222.979
1	254.449
1	154.016
1	123.441
1	160.684
1	188.013
1	242.622
1	183.5
1	205.591
1	232.366
1	191.037
1	167.081
1	144.822
1	198.12
1	144.438
1	233.16
1	134.022
1	197.069
1	243.762
1	190.371
1	276.929
1	197.129
1	173.677
0	62.2013
1	185.805
1	151.641
1	196.681
1	270.838
1	200.947
1	198.336
1	263.585
1	147.571
1	158.96
1	192.02
1	222.923
1	165.109
1	212.134
1	275.641
1	244.635
1	346.838
1	184.84
1	142.558
1	165.68
1	238.792
1	160.686
1	215.836
1	190.18
1	262.939
1	170.814
1	271.186
1	215.579
1	226.812
1	171.751
1	187.636
1	438.906
1	198.43
1	177.826
1	223.081
1	384.286
1	214.329
1	219.445
1	260.592
1	178.544
1	177.929
1	136.051
1	210.852
1	173.89
1	161.322
1	181.906
1	187.21
1	194.036
1	159.39
1	176.227
1	251.231
1	123.228
1	192.066
1	215.009
1	212.726
1	105.945
1	177.317
1	193.057
1	196.277
1	242.457
1	166.102
1	249.097
1	154.53
1	281.097
1	260.236
1	208.007
1	214.827
1	180.796
1	187.524
1	146.393
1	194.787
1	186.3
1	168.947
1	170.182
1	168.861
1	250.363
1	143.49
1	147.42
1	207.568
1	194.673
1	199.783
1	127.401
1	248.075
1	176.049
1	235.411
1	193.771
1	294.294
1	186.858
1	178.884
1	191.064
1	371.662
1	163.669
1	177.927
1	149.79
1	266.009
1	165.005
1	241.079
1	190.572
1	253.642
1	185.581
1	185.714
1	175.494
1	204.466
1	187.423
1	138.466
1	153.127
1	184.826
1	197.511
1	332.48
1	149.832
1	237.748
1	184.46
1	178.763
1	193.965
1	169.144
0	2.85135e-05
1	346.121
1	237.114
1	128.613
1	143.795
1	219.533
1	252.76
1	194.852
1	238.898
1	213.862
1	189.634
1	140.575
1	219.6
1	228.905
1	176.123
1	305.695
1	191.422
1	158.353
1	164.7
1	194.611
1	201.323
1	233.034
1	386.137
1	204.391
1	190.662
1	234.082
1	186.829
1	184.986
1	216.108
1	129.266
1	224.12
1	318.372
1	197.937
1	150.509
1	269.745
1	141.663
0	17.2171
1	166.725
1	193.291
1	226.394
1	216.533
1	193.922
1	181.917
1	189.553
1	189.919
1	202.604
1	177.505
1	156.869
0	23.7505
1	195.303
1	215.598
1	179.582
1	223.276
1	208.687
1	154.736
1	209.425
1	198.777
1	188.362
1	251.377
1	326.816
1	180.808
1	340.81
1	159.849
1	213.317
1	204.016
1	142.827
1	161.442
1	236.638
1	173.415
1	191.098
1	258.077
1	228.297
1	241.683
1	143.52
1	298.193
1	287.21
1	177.914
1	197.613
1	153.345
1	196.05
1	352.843
1	309.173
1	186.287
1	233.978
1	308.526
1	158.846
1	168.477
1	188.723
1	245.312
1	222.519
1	201.101
1	167.998
1	230.088
1	243.273
1	184.015
1	170.112
1	211.785
1	213.561
1	198.677
1	147.459
1	198.38
1	162.007
1	159.737
1	194.689
1	179.971
1	240.144
1	161.983
1	152.764
1	185.324
1	188.08
1	176.032
1	260.929
1	254.85
1	223.29
1	207.616
1	265.47
1	210.019
1	159.828
1	467.811
1	189.441
1	265.663
1	232.64
1	218.097
1	250.583
1	233.421
1	205.111
1	155.992
1	335.215
1	147.82
1	220.279
1	181.5
1	186.895
1	191.253
1	141.397
1	385.865
1	212.179
1	156.61
1	276.423
1	205.05
1	186.871
1	191.877
1	214.164
1	205.207
1	176.217
1	189.324
1	209.733
1	177.097
1	170.728
1	208.332
1	280.955
1	218.941
1	196.892
1	299.729
1	162.047
1	207.168
1	201.855
1	178.19
1	164.417
1	226.036
1	194.077
1	194.874
1	160.816
1	234.813
1	215.973
1	279.297
1	239.965
1	267.346
1	166.95
1	132.252
1	305.133
1	146.547
1	255.703
1	206.381
1	111.106
1	196.538
1	250.972
1	218.291
1	181.706
1	182.711
1	200.094
1	260.827
1	237.101
1	193.131
1	195.661
1	146.911
1	173.413
1	158.927
1	200.525
1	257.418
1	163.367
1	193.419
1	218.294
1	319.201
1	200.761
1	263.107
1	241.096
1	194.658
1	244.074
1	283.55
1	194.697
1	199.334
1	165.97
1	207.203
1	252.73
1	198.924
1	172.012
1	160.169
1	173.021
1	158.824
1	182.386
1	217.417
1	225.429
1	146.552
1	192.181
1	169.094
1	211.164
1	144.62
1	125.432
1	222.616
1	153.252
1	178.534
1	181.798
1	175.338
1	293.053
1	204.27
1	178.491
1	256.915
1	254.438
1	174.168
1	166.123
1	302.102
1	136.184
1	129.03
1	190.384
1	293.459
1	252.759
1	159.208
1	226.524
1	230.382
1	161.183
1	243.921
1	179.507
1	240.202
1	211.608
1	127.233
1	192.606
1	317.936
1	172.409
1	217.043
1	217.594
1	206.322
1	136.569
1	210.152
1	163.165
1	168.914
1	144.237
1	140.813
1	180.084
1	268.793
1	201.861
1	145.274
1	143.344
1	338.958
1	227.336
1	219.786
1	195.712
1	244.97
1	135.681
1	201.751
1	242.535
1	245.71
1	163.248
1	231.137
1	212.701
1	129.716
1	139.083
1	165.074
1	164.507
1	182.861
1	326.994
1	226.469
1	260.77
1	136.945
1	204.323
1	273.294
1	218.942
1	148.224
1	133.004
1	162.164
1	231.651
1	204.965
1	207.632
0	89.97
1	209.313
1	181.459
1	169.224
1	214.603
1	222.437
1	186.457
1	209.015
1	274.853
1	150.697
1	183.36
1	180.103
1	164.297
1	232.201
1	164.715
1	282.434
1	221.378
1	199.4
1	220.887
1	233.306
1	196.206
1	224.719
1	200.806
1	235.738
1	176.152
1	208.998
1	211.572
1	181.886
1	197.14
1	131.852
1	163.784
1	207.131
1	158.483
1	328.205
1	229.846
1	216.228
1	153.249
1	204.486
1	157.204
1	230.745
1	180.631
1	208.778
1	232.966
1	231.556
1	189.439
1	178.692
1	175.012
1	203.319
1	208.143
1	179.25
1	128.561
1	234.19
1	175.813
1	209.776
1	288.293
1	184.102
1	198.846
1	185.278
1	171.365
1	201.406
1	239.603
1	176.154
1	135.661
1	250.428
1	159.729
1	170.015
1	217.521
1	206.069
1	125.49
1	168.32
1	199.808
1	187.11
1	210.397
1	171.723
0	39.4385
1	235.989
1	162.624
1	240.646
1	132.463
1	120.626
1	171.487
1	233.946
1	196.101
1	255.579
1	230.068
1	154.942
1	187.277
1	119.906
1	147.721
1	226.68
1	444.473
1	279.218
1	303.874
1	186.232
1	169.346
1	284.382
1	246.296
1	239.079
1	168.013
1	165.766
1	213.035
1	177.791
1	209.565
1	234.7
1	169.861
1	285.414
1	213.78
1	170.498
1	167.284
1	153.317
1	174.529
1	238.08
1	267.513
1	174.549
1	188.215
1	235.669
1	275.044
1	180.294
1	148.691
1	229.045
1	236.338
1	160.003
1	195.309
1	243.366
1	291.657
1	225.117
1	171.514
1	213.027
1	182.474
1	241.612
1	116.193
1	193.935
1	263.211
0	10.4499
1	301.846
1	154.532
1	194.119
1	161.992
1	166.696
1	218.732
1	216.73
1	317.57
1	154.29
1	265.657
1	180.77
1	195.788
1	152.068
1	176.262
1	279.375
1	161.185
1	287.742
1	168.759
1	162.808
1	202.896
1	250.304
1	208.785
1	155.192
1	273.918
1	172.725
1	185.741
1	185.663
1	191.608
1	180.005
1	169.131
1	149.005
1	233.936
1	252.482
1	186.182
1	162.669
1	209.264
1	227.87
1	190.999
1	181.999
1	172.132
1	226.597
1	163.279
1	286.715
1	113.433
1	270.002
1	209.778
1	192.119
1	230.349
1	204.54
1	218.093
1	222.004
1	194.008
1	169.206
1	182.854
1	140.621
1	171.286
1	240.41
1	195.124
1	199.711
1	135.606
1	133.163
1	165.381
1	179.027
1	161.729
1	198.062
1	308.467
1	146.62
1	181.959
1	219.257
1	209.574
1	180.074
1	161.705
1	187.005
1	199.651
1	240.858
0	86.1615
1	225.027
1	178.547
1	320.949
1	210.04
1	182.761
1	204.657
1	196.65
1	182.927
1	226.845
1	209.861
1	149.15
1	173.076
1	206.721
1	169.724
1	174.962
1	197.021
1	159.022
1	190.515
1	185.271
1	216.922
1	206.337
1	171.519
1	210.238
1	158.92
1	283.65
1	220.407
1	194.514
1	189.087
1	283.51
1	161.742
1	144.058
1	172.221
1	324.504
1	252.641
1	178.228
1	150.037
1	201.993
1	194.233
1	254.593
1	258.6
1	158.007
1	205.325
1	204.255
1	162.777
0	99.7414
1	141.682
1	361.444
1	212.923
1	256.54
1	218.085
1	156.672
1	250.802
1	249.509
1	197.29
1	235.187
1	278.733
1	206.659
1	140.867
1	177.358
1	243.504
1	216.62
1	158.507
1	178.315
1	121.279
1	299.191
1	137.587
1	193.789
1	190.23
1	158.543
1	219.264
1	200.211
1	196.998
1	211.965
1	244.048
1	212.916
1	193.052
1	208.454
1	235.32
1	163.432
1	276.481
1	228.825
1	241.857
1	167.18
1	197.414
1	245.498
1	224.948
1	173.136
1	312.146
1	179.957
1	217.824
1	295.201
1	138.952
1	227.826
1	134.828
1	240.776
1	290.083
1	191.823
1	188.67
1	211.538
1	143.506
1	307.253
1	174.162
1	311.667
1	159.4
1	187.74
1	160.459
1	196.79
0	60.4907
1	144.245
1	132.014
1	193.464
1	249.087
1	255.651
1	197.843
1	174.047
1	178.034
1	166.003
1	210.102
1	170.625
1	173.248
1	229.978
1	185.471
1	168.327
1	215.105
1	253.344
1	140.905
1	168.467
1	257.765
1	170.796
1	181.656
1	162.878
1	141.386
1	271.402
1	148.156
1	358.715
1	167.706
1	219.88
1	183.424
1	220.04
1	173.803
1	237.582
1	185.969
1	189.442
1	203.896
1	146.005
1	224.769
1	136.592
1	185.616
1	155.958
1	204.815
1	197.634
1	312.322
1	170.151
1	180.522
1	142.163
1	232.228
1	168.827
1	212.553
1	219.05
1	222.964
1	311.436
1	167.215
1	227.229
1	169.406
1	179.531
1	231.418
1	250.569
1	195.86
1	168.342
1	277.614
1	169.297
1	186.37
1	135.469
1	212.685
1	142.296
0	7.13666
1	227.154
1	158.836
1	131.084
1	229.968
1	295.858
1	271.08
1	133.776
1	195.187
1	204.47
1	206.729
1	225.643
1	213.439
1	187.083
1	237.485
1	149.63
1	184.853
1	178.352
1	212.589
1	207.243
1	220.379
1	133.068
1	205.83
1	184.076
1	259.484
1	176.445
1	381.823
1	315.862
1	261.793
1	203.768
1	223.455
1	188.805
1	180.941
1	166.778
1	192.409
1	170.645
1	166.907
1	160.155
1	204.884
1	229.269
1	133.215
1	210.601
1	241.246
1	222.347
1	113.189
1	167.985
1	132.354
1	200.906
1	172.219
1	200.879
1	267.201
1	210.008
1	187.735
1	277.217
1	274.99
1	187.994
1	224.573
1	162.042
1	148.804
1	257.681
1	201.921
1	227.427
1	316.032
1	144.584
1	165.022
1	294.795
1	159.905
1	230.313
1	181.723
1	244.607
1	145.826
1	173.09
1	166.629
1	269.116
1	202.664
1	144.364
1	418.128
1	155.044
1	156.546
1	150.483
1	195.436
1	228.672
1	162.985
1	186.402
1	170.044
1	163.997
1	156.836
1	160.885
1	222.575
1	134.779
1	185.234
1	148.256
1	156.945
1	172.311
1	169.88
1	235.468
1	148.686
1	169.322
1	195.85
1	197.404
1	271.398
1	211.883
1	175.188
1	187.677
1	221.261
1	193.293
1	182.394
1	248.224
1	265.338
1	221.412
1	261.034
1	219.4
1	261.451
1	259.454
1	114.985
1	327.671
1	151.073
1	125.647
1	220.727
1	176.054
1	180.494
1	215.925
1	153.289
1	168.243
1	164.868
1	128.001
1	143.688
1	268.526
0	4.09167
1	237.526
1	246.835
1	166.046
1	171.795
1	292.475
1	156.143
1	155.296
1	201.224
1	204.239
1	248.536
1	150.747
1	186.6
1	194.585
1	242.944
1	167.825
1	277.127
1	210.786
1	184.86
1	211.491
1	150.688
1	211.006
1	199.393
1	181.126
1	217.823
1	299.202
1	158.414
1	198.209
1	189.849
1	219.583
1	238.951
1	267.456
1	171.772
1	297.828
1	174.597
1	184.625
1	209.206
1	193.885
1	196.159
1	206.829
1	217.917
1	274.413
1	220.028
1	244.769
1	314.305
1	206.477
1	117.645
1	230.24
1	195.054
1	153.829
1	258.264
1	189.615
1	162.22
1	184.751
1	188.335
1	293.061
1	244.761
1	326.161
1	187.122
1	125.418
1	173.455
1	208.452
1	121.708
1	197.212
1	178.915
1	149.159
1	266.041
1	165.523
1	227.662
1	152.367
1	163.498
1	166.484
1	147.628
1	103.403
1	173.001
1	237.708
1	176.159
1	178.535
1	193.625
1	143.251
1	215.834
1	300.586
1	180.487
1	164.187
1	131.777
1	179.537
1	169.732
1	210.264
1	159.087
1	266.433
1	192.149
1	157.513
1	351.243
1	222.941
1	250.659
1	175.84
1	196.685
1	145.049
1	189.335
1	299.9
1	201.52
1	164.625
1	185.36
1	262.388
1	244.534
1	209.993
1	349.686
1	196.005
1	172.95
1	169.017
1	135.634
1	187.718
1	140.25
1	176.432
1	160.22
1	182.235
1	238.776
1	391.447
1	170.147
1	236.444
1	193.526
1	192.563
1	322.04
1	191.609
1	201.322
1	201.09
1	148.403
1	152.057
1	282.331
1	183.353
1	182.245
1	199.917
1	216.734
1	165.006
1	197.637
1	179.985
1	246.913
1	203.157
1	209.516
1	236.566
1	191.667
1	215.978
1	366.5
1	183.372
1	171.099
1	239.281
1	243.998
1	169.246
1	182.409
1	179.815
1	396.917
1	173.881
1	158.801
1	213.406
1	154.339
1	175.279
1	272.119
1	181.17
1	261.814
1	233.529
1	300.362
1	247.29
1	179.302
1	188.693
1	277.603
1	251.881
1	188.857
1	214.931
1	187.423
1	199.757
1	275.844
1	329.468
1	202.519
1	166.642
1	158.237
1	168.453
1	193.592
1	192.418
1	160.566
1	139.872
1	170.532
1	215.905
1	287.987
1	250.743
1	162.825
1	189.432
1	194.624
1	167.167
1	220.741
1	228.424
1	265.319
1	192.002
1	146.126
1	197.365
1	286.625
1	183.208
1	360.501
1	148.031
1	207.876
1	138.082
1	149.23
1	236.277
1	259.963
1	231.154
1	231.097
1	177.286
1	178.019
1	226.118
1	224.871
1	145.182
1	169.037
1	209.072
1	174.224
1	229.743
1	318.272
1	167.995
1	225.81
1	256.276
1	169.171
1	175.382
1	192.372
1	188.621
1	159.037
1	144.461
1	309.203
1	177.263
1	200.541
1	147.62
1	209.937
1	135.206
1	249.274
1	148.148
1	222.73
1	220.962
1	187.625
1	221.272
1	205.365
1	209.301
1	182.893
1	156.885
1	182.928
1	274.363
1	186.148
1	175.876
1	197.246
1	335.551
1	213.456
1	227.036
1	137.574
1	129.094
1	155.76
1	205.243
1	182.59
1	146.524
1	217.272
1	193.935
1	203.85
1	202.571
1	171.152
1	169.406
0	3.7045e-06
1	246.3
1	202.173
1	150.624
1	203.661
1	245.811
1	171.197
1	213.534
1	245.875
1	168.417
1	366.761
1	171.106
1	166.219
1	187.34
1	347.168
1	206.031
1	158.192
1	222.983
1	148.13
1	283.485
1	432.274
1	187.266
1	161.395
1	207.476
1	180.176
1	211.983
1	313.37
1	214.483
1	157.007
1	199.009
1	374.877
1	441.978
1	188.786
1	214.773
1	243.597
1	113.883
1	202.158
1	260.03
1	161.995
1	191.992
1	243.936
1	173.781
1	133.297
1	171.678
1	174.903
1	160.912
1	191.845
1	128.748
1	119.63
1	136.942
1	157.708
1	204.807
1	334.011
1	141.553
1	184.989
1	193.29
1	164.446
1	352.686
1	239.947
1	155.774
1	174.595
1	252.97
1	164.626
1	193.998
1	187.848
1	144.516
1	349.976
1	161.508
1	270.696
1	203.411
1	179.848
1	145.396
1	226.162
1	219.668
1	238.07
1	159.56
0	0.108856
1	256.228
1	170.213
1	156.723
1	235.749
1	173.023
1	235.561
1	171.281
1	137.612
1	243.334
1	152.721
1	137.94
1	174.633
1	197.117
1	238.669
1	184.916
1	183.099
1	183.876
1	211.992
1	202.595
1	369.657
1	355.732
1	162.947
1	152.157
1	385.974
1	197.443
1	233.601
1	208.608
1	183.315
1	211.844
1	141.193
1	187.955
1	249.54
1	194.606
1	165.978
1	197.479
1	213.294
1	186.317
1	236.441
1	199.331
1	209.193
1	135.629
1	267.953
1	211.566
1	186.16
1	189.86
1	258.797
1	189.795
1	132.607
1	145.522
1	198.187
1	227.06
1	200.009
1	198.466
1	241.435
1	192.396
1	136.72
1	166.085
1	210.538
1	244.893
1	249.458
1	293.516
1	182.038
1	165.18
1	157.782
1	184.529
1	149.342
1	206.773
1	198.992
1	239.476
1	210.85
1	154.279
1	166.494
1	182.639
1	245.152
1	182.099
1	171.033
1	183.735
1	210.347
1	195.485
1	204.669
1	183.427
1	204.774
1	434.745
1	251.226
1	153.581
1	153.871
1	209.416
1	272.719
1	149.84
1	214.903
1	228.315
1	240.858
1	208.224
1	250.097
1	176.908
1	174.157
1	152.156
1	164.128
1	285.914
1	149.252
1	234.214
1	218.909
1	176.166
1	273.081
1	156.235
1	135.749
1	218.147
1	215.327
1	206.838
1	229.711
1	184.892
1	270.745
1	140.922
1	249.158
1	178.261
1	225.045
1	323.957
1	221.19
1	258.275
1	116.298
1	278.176
1	208.703
1	197.893
1	258.453
1	208.938
1	262.073
1	158.647
1	153.659
1	131.878
1	194.166
1	194.22
1	251.106
1	148.521
1	191.413
1	176.115
1	156.558
1	326.153
1	162.696
1	200.542
1	191.584
1	172.626
1	315.898
1	226.933
1	169.175
1	175.498
1	156.696
1	200.111
1	249.723
1	144.357
1	148.771
1	215.99
1	231.126
1	214.282
1	191.467
1	220.642
1	138.012
1	183.444
1	300.68
1	213.271
1	194.949
1	229.661
1	182.148
1	136.605
1	199.159
1	115.973
1	238.204
1	205.465
1	181.127
1	253.332
1	164.689
1	261.571
1	157.246
1	143.524
1	175.255
1	177.339
1	206.296
1	190.935
1	168.294
1	156.382
1	234.81
1	263.187
1	170.323
1	153.285
1	184.418
1	146.635
1	217.358
1	225.627
1	166.047
1	163.702
1	232.829
1	224.069
1	234.404
1	144.432
1	206.816
1	176.433
1	262.045
1	334.423
1	190.069
0	61.7577
1	243.323
1	166.022
1	140.629
1	243.957
1	201.523
1	166.328
1	232.722
1	167.012
1	196.91
1	137.541
1	247.374
1	135.115
1	159.423
1	190.05
1	151.499
1	182.21
1	214.772
1	178.562
1	207.125
1	198.775
1	215.079
1	178.85
1	169.951
1	220.609
1	221.777
1	204.945
1	246.92
1	204.473
1	147.998
1	205.885
1	162.309
1	124.548
1	157.184
1	159.487
1	254.279
1	234.402
1	292.954
1	157.862
1	250.405
1	259.766
1	203.913
1	126.589
1	175.895
1	145.143
1	246.6
1	278.941
1	168.395
1	157.026
1	235.67
1	241.981
1	248.744
1	250.65
1	150.638
1	174.034
1	166.708
1	198.806
1	169.291
1	216.338
1	142.152
1	209.086
1	195.367
1	158.328
1	191.706
1	154.63
1	151.093
1	118.987
1	157.315
1	186.159
1	165.557
1	211.25
1	207.24
1	117.21
1	260.09
1	177.176
1	232.614
1	211.79
1	313.345
1	236.081
1	180.549
1	197.754
1	188.102
1	297.189
1	168.787
1	173.482
1	148.634
1	200.366
1	235.866
1	322.483
1	178.117
0	29.7255
1	265.631
1	173.232
1	237.354
1	242.998
1	315.138
1	175.032
1	249.142
1	190.431
0	19.7765
1	174.519
1	258.346
1	174.183
1	172.001
1	159.898
1	287.992
1	327.554
1	216.576
1	153.441
1	216.838
1	150.904
1	366.248
1	224.062
1	188.998
1	187.004
1	184.599
1	241.556
1	194.895
1	190.532
1	248.71
1	225.868
1	253.606
1	223.11
1	299.761
1	202.059
1	124.616
1	263.775
1	203.775
1	196.813
1	246.482
1	202.707
1	243.307
1	150.424
1	163.988
1	238.375
0	136.717
1	151.936
1	179.919
1	210.553
1	220.129
1	188.565
1	189.71
1	118.883
1	152.96
1	288.023
1	334.134
1	211.753
1	143.343
1	165.261
0	59.494
1	147.497
1	187.665
1	195.192
1	366.119
1	128.853
1	222.322
1	131.684
1	223.611
1	192.307
1	184.945
1	183.25
1	149.798
0	26.738
1	158.991
1	226.403
1	270.979
1	166.081
1	207.494
1	220.547
1	147.304
1	193.154
1	172.889
1	259.24
1	178.175
1	239.353
1	218.165
1	168.37
1	269.445
1	281.821
1	201.759
1	224.197
1	188.115
1	219.958
1	239.801
1	204.79
1	205.456
1	159.656
1	264.534
1	161.663
1	176.759
1	157.129
1	205.696
1	241.572
1	337.301
1	177.355
1	306.845
1	232.681
1	172.472
1	168.757
1	252.605
1	227.933
1	182.515
1	228.908
1	164.285
1	185.154
1	166.48
1	218.783
1	151.084
1	211.178
1	134.467
1	186.391
1	200.138
1	191.678
1	216.12
1	151.574
1	352.979
1	159.268
1	228.016
1	238.127
1	150.57
1	176.112
1	172.806
1	148.091
1	343.555
1	240.542
1	195.435
1	270.841
1	203.807
1	256.211
1	153.93
1	194.894
1	225.792
1	181.14
1	309.351
1	161.972
1	164.146
1	151.581
1	219.656
1	197.07
1	182.196
1	272.015
1	194.743
1	174.538
1	263.952
1	237.279
1	164.169
1	230.444
1	188.055
1	236.468
1	237.657
1	189.468
1	245.077
1	212.085
1	175.391
1	231.162
1	225.2
1	176.697
1	238.94
1	193.155
1	126.609
1	164.297
1	167.781
1	287.071
1	216.147
1	243.565
1	188.364
1	204.871
1	169.977
1	181.517
1	177.051
1	163.215
1	233.059
1	206.432
1	187.357
1	180.245
1	195.56
1	184.641
1	170.638
1	297.003
1	156.521
1	232.783
1	168.692
1	161.421
1	172.889
1	258.197
0	17.4388
1	194.516
1	200.302
1	172.704
1	313.603
1	132.035
1	167.716
1	153.055
1	200.594
1	253.245
1	164.829
1	163.155
1	277.713
1	265.99
1	128.84
1	167.64
1	203.45
1	171.689
1	236.074
1	196.218
1	141.752
1	161.831
1	205.48
1	148.783
1	208.502
1	261.912
1	168.348
1	207.828
1	181.123
1	201.799
1	189.311
1	100.335
1	261.708
1	209.026
1	177.132
1	188.768
1	137.806
1	167.597
1	157.106
1	162.591
1	225.013
1	224.113
1	146.531
1	151.41
1	180.383
1	213.45
1	181.024
1	182.394
1	238.125
1	168.889
1	247.77
1	204.705
1	174.925
1	222.711
1	211.13
1	224.672
1	162.016
1	174.323
1	139.768
1	232.405
1	237.572
1	318.892
1	158.842
1	168.733
1	188.776
1	188.472
1	186.116
1	310.984
1	161.972
1	158.312
1	189.924
1	185.794
1	215.561
1	151.894
1	145.862
1	226.067
1	137.693
1	187.654
1	199.807
1	166.437
1	226.924
1	160.778
1	173.824
1	151.534
1	239
1	186.542
1	247.438
1	196.863
1	157.8
1	152.596
1	192.838
1	218.166
1	234.26
1	273.023
1	179.723
1	185.411
1	151.612
1	188.62
1	308.945
1	273.396
1	290.441
1	230.702
1	170.017
1	206.984
1	184.474
1	282.332
1	201.398
1	205.641
1	228.248
1	145.407
1	206.257
1	183.731
1	204.702
1	218.494
1	203.959
1	145.268
1	181.143
1	138.417
1	181.741
1	160.598
1	288.959
1	165.46
1	238.674
1	129.74
1	161.978
1	168.888
1	168.337
1	164.338
1	163.817
1	354.288
1	187.539
1	190.775
1	199.502
1	169.988
1	304.556
1	168.491
1	203.785
1	185.699
1	183.681
1	164.092
1	223.434
1	148.619
1	205.607
1	193.911
1	134.563
1	278.934
1	169.874
1	198.356
1	171.734
1	234.157
1	123.583
1	204.358
1	191.829
1	201.183
1	183.806
1	143.182
1	212.721
1	229.921
1	291.345
1	202.673
1	173.819
1	280.913
1	228.026
1	195.596
1	151.41
1	247.934
1	130.392
1	265.975
1	195.333
1	165.181
1	233.881
1	191.269
1	147.943
1	313.339
1	234.447
1	169.796
1	189.499
1	340.609
1	315.699
1	286.844
1	131.37
1	211.292
1	123.079
1	218.919
1	235.033
1	130.51
1	212.154
1	168.74
1	205.003
1	183.085
1	221.093
1	228.851
1	233.668
1	160.652
1	133.079
1	184.372
1	194.225
1	112.315
1	159.576
1	232.266
1	143.653
1	203.631
1	196.857
1	209.731
1	176.446
1	186.639
1	183.004
1	174.457
1	271.236
1	268.065
1	182.62
1	296.001
1	274.247
1	266.614
1	146.6
1	165.398
1	195.485
1	220.278
1	148.908
1	292.699
1	157.259
1	147.906
1	180.133
1	175.089
1	174.318
1	160.319
1	157.449
1	253.951
1	187.279
1	171.371
1	170.111
1	235.862
1	150.751
1	179.302
1	177.982
1	176.289
1	217.349
1	247.016
1	229.311
0	121.323
1	210.285
1	198.559
1	205.755
1	173.526
1	204.258
1	349.269
1	217.777
1	267.025
1	376.743
1	227.881
1	341.168
1	142.409
1	161.154
1	174.182
1	115.411
1	198.667
1	165.319
1	233.156
1	172.45
1	257.07
1	175.476
1	225.13
1	206.438
1	212.288
1	213.076
1	257.278
1	176.689
1	163.83
1	181.428
1	203.7
1	201.239
1	212.091
1	236.043
1	226.06
1	375.534
1	187.262
1	291.737
1	176.137
1	272.906
1	168.809
1	183.878
1	177.249
1	228.244
1	210.231
1	167.391
1	390.791
1	336.363
1	150.799
1	370.833
0	22.9165
1	172.805
1	191.176
1	171.988
1	179.748
1	236.841
1	210.15
1	243.623
1	162.656
1	190.939
1	222.073
1	193.775
1	170.646
1	371.833
1	158.162
1	159.297
1	299.905
1	366.554
1	172.613
1	312.719
1	164.8
1	228.788
1	245.009
0	25.7836
1	192.615
1	225.421
1	191.937
1	207.92
1	235.244
0	53.309
1	214.299
1	261.233
1	214.125
1	163.058
1	168.652
1	278.895
1	222.323
1	249.867
1	174.896
1	168.477
1	129.226
1	336.979
1	130.143
1	175.515
1	241.769
1	182.602
1	150.035
1	230.558
1	178.382
1	247.322
1	217.521
1	173.136
1	253.943
1	144.222
1	191.523
1	224.355
1	173.021
1	220.925
1	142.584
1	178.232
1	176.476
1	240.381
1	186.567
1	268.252
1	221.072
1	202.946
1	250.336
1	177.089
1	266.779
1	184.628
1	169.048
1	132.26
1	155.612
1	149.231
1	178.429
1	162.384
1	186.013
1	170.231
1	281.385
1	234.649
1	217.862
1	165.337
1	261.159
1	250.207
1	310.884
1	195.424
1	150.582
1	219.838
1	149.78
1	135.363
1	180.96
1	241.974
1	212.74
1	193.021
1	170.251
1	126.236
1	178.502
1	129.569
1	183.728
1	152.435
1	224.778
1	209.886
1	216.945
1	251.48
1	167.073
1	201.339
1	170.709
1	230.792
1	209.152
1	175.35
1	146.629
1	167.668
1	143.515
1	125.598
1	203.519
1	231.658
1	185.072
1	165.843
1	175.03
1	239.295
1	164.002
1	169.592
1	130.287
1	253.439
1	209.359
1	219.486
1	194.02
1	160.491
1	152.932
1	295.839
1	188.493
1	260.933
1	171.601
1	209.24
1	186.493
1	195.22
1	245.939
1	207.577
1	146.566
1	147.671
1	234.953
1	175.224
1	241.847
1	201.214
1	195.563
1	204.18
1	319.02
0	50.4951
1	186.539
1	184.325
1	171.9
1	208.268
1	176
1	294.103
1	454.847
1	147.424
1	203.086
1	128.999
1	226.569
1	215.189
1	222.805
1	221.559
1	176.101
1	207.547
1	180.46
1	212.478
1	205.868
1	181.811
1	169.454
1	238.526
1	246.921
1	223.48
1	232.17
1	173.981
1	218.671
1	147.228
1	231.406
1	207.12
1	298.717
1	217.921
1	210.117
1	210.44
1	184.572
1	254.959
1	208.153
1	290.163
1	211.699
1	149.447
1	195.113
1	170.178
1	202.78
1	175.612
1	238.148
1	363.501
1	177.068
1	201.16
1	240.471
1	186.851
1	248.736
1	204.911
1	177.41
1	276.834
1	160.384
1	223.74
1	196.674
1	216.638
1	217.011
1	139.804
1	159.1
1	140.95
1	126.159
1	188.476
1	164.024
1	288.097
1	296.624
1	175.228
1	303.833
1	181.673
1	158.329
1	192.909
1	173.227
1	141.453
1	312.156
1	253.513
1	361.899
1	191.3
1	210.937
1	160.478
1	210.544
1	144.903
1	178.79
1	198.951
1	146.554
1	150.276
1	310.545
1	242.555
1	160.458
1	152.174
1	236.502
1	201.102
1	145.584
1	176.53
1	151.633
1	207.219
1	206.661
1	254.07
1	195.102
1	185.966
1	205.685
1	311.043
1	182.245
1	179.433
1	157.842
1	311.292
1	206.875
1	198.611
1	218.478
1	194.351
1	163.28
1	146.376
1	159.65
1	191.941
1	251.351
1	203.434
1	168.252
1	207.63
1	214.74
1	185.585
1	233.753
1	227.753
1	231.107
1	312.777
1	289.991
1	245.563
1	191.607
1	182.697
1	129.493
1	254.59
1	221.581
1	225.306
1	217.942
1	178.998
1	185.74
1	317.6
1	191.824
1	207.657
1	243.984
1	157.378
1	169.721
1	163.341
1	218.366
1	279.235
1	196.05
1	168.236
1	180.819
1	170.686
1	223.065
1	225.193
1	131.074
1	212.405
1	273.404
1	187.752
1	269.803
1	312.655
1	246.854
1	251.394
1	184.511
1	151.409
1	250.354
1	212.498
1	137.469
0	14.9495
1	229.529
1	169.657
1	165.505
1	241.556
1	173.553
1	181.848
1	136.319
1	335.532
1	216.52
1	144.725
1	222.981
1	383.917
1	262.697
1	330.091
1	247.126
1	174.693
1	174.213
1	191.861
1	220.029
1	223.067
1	262.521
1	250.503
1	180.41
1	202.883
1	161.885
1	193.58
1	151.802
1	261.722
1	160.03
1	158.724
1	217.415
1	248.21
0	5.62799
1	159.411
1	303.935
1	228.123
1	173.309
1	216.148
1	227.232
1	271.674
1	213.974
1	148.632
1	182.938
1	152.487
1	216.59
1	219.904
1	143.413
1	150.178
1	176.782
1	150.793
1	171.935
1	182.56
1	154.275
1	204.981
1	159.695
1	232.3
1	157.882
0	10.2803
1	248.068
1	234.148
1	230.777
1	334.047
1	334.099
1	225.676
1	231.996
1	184.205
1	176.878
1	180
1	181.762
1	272.126
1	292.327
0	1.91422
1	161.831
1	233.796
1	235.057
1	168.001
1	236.613
1	123.35
1	171.287
1	156.625
1	191.725
1	215.712
1	330.673
1	203.049
1	227.392
1	250.422
1	167.535
1	197.273
1	193.025
1	283.961
1	202.57
1	249.469
1	248.647
1	240.679
1	128.554
1	218.671
1	234.197
1	158.91
1	254.644
1	216.284
1	218.678
1	187.493
1	140.293
1	157.365
1	214.511
1	223.035
1	193.94
1	152.51
1	176.094
1	179.268
1	246.591
1	227.695
1	156.517
0	6.57302
1	251.642
1	119.777
1	171.874
1	125.858
1	192.944
1	183.994
1	216.178
1	212.362
1	265.336
1	263.935
1	174.707
1	224.387
1	218.086
1	161.564
1	179.4
1	148.494
1	157.978
1	284.877
1	172.583
1	204.416
1	292.163
