10000	100	9900	0.00208333
0.025641	0.232886	47976.7	4.82284	0.1
0	0.959785
0	317.977
0	20.6033
0	502.608
0	32.3499
0	8.03159
0	8.00859
0	9.76837
0	18.7523
0	9.60996
0	7.36296
0	7.94665
0	17.2048
0	39.5383
0	17.6808
0	527.623
0	121.479
0	131.372
0	15.2061
1	1306.8
0	67.0404
0	183.811
0	54.571
1	614.801
0	55.8333
0	26.5296
0	334.556
0	1647.98
0	207.255
0	30.8112
0	12.6139
0	24.1653
0	33.4012
0	61.1814
0	7.4516
0	115.518
1	1384.2
0	58.7825
0	29.2449
0	224.037
0	7.16592
0	74.2762
0	62.1392
0	11.412
0	6.35712
0	18.0632
0	132.623
0	105.148
0	223.176
0	23.5994
0	3.83123
0	40.6773
0	247.786
0	3119
0	131.093
0	182.509
0	187.022
0	16.2452
0	0.779094
0	8.89937
0	21.3286
0	38.8485
0	43.2137
0	96.8662
0	44.5138
0	139.793
0	12.0588
0	22.4107
1	2093.76
0	22.8403
0	118.201
0	22.2427
0	10.4938
0	275.081
0	30.4098
0	28.4659
0	28.4738
0	12.2608
0	79.149
0	53.9439
0	130.239
0	329.279
0	203.636
0	141.434
0	32.5025
0	76.0758
1	541.402
0	9.17447
1	885.317
1	551.771
0	4.11788
0	18.9848
0	4.6043
0	21.5695
0	124.939
0	119.025
0	12.6047
0	198.362
1	1058.06
0	45.7891
0	386.195
0	3.89179
0	107.132
0	21.1625
0	19.1306
0	387.618
1	1498.21
0	15.9208
0	14.8943
0	43.175
0	182.924
0	6.96425
0	3.85987
1	643.452
0	96.1
0	42.4443
0	53.618
0	13.4676
0	84.5228
0	13.2723
0	172.888
0	41.9197
0	13.8637
0	13.3869
0	11.008
0	92.826
1	1184.18
0	692.667
0	177.489
0	22.0293
0	13.1513
0	231.504
0	24.7802
0	228.74
0	332.11
0	54.8714
0	33.3187
0	29.5999
0	15.6839
1	1524.85
0	183.126
0	122.871
0	3.49861
0	13.3987
0	63.958
1	1241.23
0	7.47341
0	1.84572
0	25.5783
0	92.8564
0	109.437
0	442.082
0	11.1876
0	187.468
0	16.6531
0	17.6227
0	610.206
0	4.59444
0	154.577
0	1143.39
0	519.64
0	612.563
0	30.1956
0	317.16
0	63.2998
0	101.128
0	295.754
0	2.15452
0	34.0929
0	140.635
0	5.01036
0	43.8277
1	942.139
0	21.7382
0	77.7039
0	80.9672
0	10.2826
0	32.7291
1	1146.16
0	11.5796
0	26.2789
0	13.2567
0	4.83353
0	94.188
0	131.119
0	13.6985
0	49.7586
0	8.20058
0	63.1217
0	276.797
0	38.9912
0	3.73871
0	19.221
0	145.356
0	13.151
0	47.7543
0	27.5438
0	59.3096
0	10.4359
0	16.7639
0	74.8916
0	639.276
1	821.222
0	5.95249
0	54.6496
0	129.708
1	3317.86
0	42.624
0	168.072
0	0.125549
0	5.42347
0	214.638
0	31.0969
0	2.57653
0	46.4802
0	84.3475
0	196.007
1	1350.22
0	34.4426
0	149.29
0	104.677
0	252.491
0	233.281
1	801.562
0	6.38756
1	326.116
0	11.3989
0	7.53727
0	3.60709
0	30.4346
0	581.573
0	153.624
0	27.2728
0	159.654
0	13.8665
0	50.7146
0	22.6221
0	3.10488
0	20.396
0	16.9007
0	62.1636
0	30.6785
0	10.4731
0	94.4313
0	95.4124
0	1052.64
0	41.9267
0	61.2494
0	163.654
0	166.989
0	15.0443
0	14.6539
0	49.8654
0	212.743
0	3.18919
0	101.559
1	651.094
0	420.393
0	60.2151
0	29.5939
0	47.7602
0	44.0987
0	85.353
1	775.954
0	4.19894
1	1121.93
0	197.376
0	5.57252
0	1.0802
0	5.17964
0	88.7852
0	33.9698
0	444.511
0	60.7089
0	66.9803
0	46.5565
0	22.2921
0	202.204
1	1046.74
0	209.241
0	4.57514
0	109.614
0	1.06596
0	23.1955
0	26.8243
1	901.067
0	66.9655
0	1.09517
0	0.170078
0	28.5399
0	68.0147
0	63.1729
0	24.6219
0	72.8494
0	94.039
0	260.558
0	1.89426
0	17.7836
0	29.5758
0	46.461
0	81.3437
1	791.457
0	48.0548
0	334.357
0	11.6831
0	92.1973
0	145.02
0	42.8727
0	41.2735
0	68.8038
0	8.7537
0	2.92162
0	70.4175
0	615.423
0	17.4094
0	29.7776
0	18.8565
0	236.57
0	3.53759
0	47.361
1	1752.33
0	64.0082
0	315.925
1	1173.68
0	32.9002
0	8.67842
0	3.16305
0	4.12124
0	7.12868
0	11.3973
0	322.842
0	64.5208
0	1.47115
1	1069.35
0	32.3378
1	555.47
0	103.326
0	21.1416
0	201.925
0	2.90848
0	46.6922
0	102.043
0	7.67351
0	40.58
0	12.5672
1	909.796
0	12.8372
0	19.1578
0	2.05862
0	11.5857
0	275.556
0	77.2322
0	272.001
0	42.2045
0	51.5186
0	216.304
0	53.6035
0	230.115
0	102.345
0	1.34585
0	234.763
0	14.9431
0	32.8344
0	18.5029
1	901.723
1	1619.62
0	478.045
0	29.0741
0	65.6403
1	2322.75
0	28.1001
0	56.3265
0	82.1692
0	13.7415
0	2.66097
0	483.15
0	210.633
0	45.3316
0	14.3819
0	21.4811
0	14.8635
0	28.9865
0	29.2849
0	296.303
0	8.42793
0	136.314
0	7.9052
0	440.989
0	12.7813
0	185.134
0	13.1763
0	32.0461
0	23.1977
0	86.012
0	23.3213
0	180.293
0	16.1179
0	22.1421
0	538.11
0	22.2363
0	15.1613
1	2315.08
1	909.448
1	1063.95
0	68.9199
0	12.4554
0	15.8198
0	16.8452
0	121.5
0	141.458
0	11.1229
0	1.64123
0	92.3433
0	1598.51
1	888.928
1	1383.03
0	10.8078
0	31.8683
0	103.866
0	666.211
0	722.781
0	35.5052
0	81.4269
1	821.491
0	437.152
0	68.0128
0	187.991
1	521.324
0	129.693
0	1.58221
0	75.1529
0	87.7815
0	10.3174
0	83.1272
0	7.83777
0	232.333
0	10.6383
0	166.422
0	0.249662
0	665.313
0	1.85154
0	68.8211
0	2.79347
0	327.608
0	44.8162
0	10.7096
0	130.812
0	87.5768
0	162.234
0	8.19857
0	12.2506
1	516.688
0	234.755
1	2061.93
0	64.4544
0	28.5189
0	1094.65
0	61.5329
0	5.74837
0	62.203
0	1.07934
0	27.5419
0	26.0008
0	189.392
0	287.079
1	2023.39
0	1.98181
0	1.01349
0	13.7011
0	0.849533
0	183.729
0	3.49887
0	493.801
0	2.77038
0	3.72887
0	182.493
1	917.917
0	177.988
0	1055.37
1	1186.76
0	129.418
0	7.63145
0	10.1696
0	9.95267
0	229.387
0	55.1196
0	42.2115
0	80.6741
1	1272.88
0	22.5348
0	86.7681
1	726.96
0	173.21
0	212.953
0	251.561
0	59.4707
0	5.17259
0	23.9204
0	48.2185
0	151.75
0	28.5916
0	35.1829
0	6.48432
0	30.7763
0	134.951
0	27.7898
0	57.7296
1	1189.56
1	886.422
0	110.135
0	72.3514
0	680.606
0	3.47667
0	5.58293
0	32.8163
0	48.9413
0	17.7458
0	15.8852
0	174.667
0	90.4119
0	157.877
0	39.3726
0	12.0565
0	212.984
0	14.5968
0	2.76518
0	27.144
0	5.00178
0	12.3132
0	56.2592
0	44.3425
0	212.829
0	51.1574
0	33.0689
1	834.132
0	35.5779
0	15.1639
0	39.0949
0	101.696
1	1473.88
0	8.8719
0	40.7058
0	111.076
0	3.45704
1	1087.8
0	42.447
0	45.4299
0	30.8027
0	304.711
0	1.90534
0	18.5139
0	5.27138
0	41.4841
0	12.9724
0	18.6888
0	3.452
0	22.5506
0	54.5865
0	59.7515
0	2.83197
0	115.377
0	9.74338
0	33.4399
0	93.5997
0	179.917
0	234.591
0	13.1833
0	31.3521
0	194.184
0	7.39467
0	26.486
0	17.9907
0	51.868
0	11.8487
0	248.622
0	264.072
0	79.5948
0	6.48013
0	46.8558
1	1137.45
0	8.03617
1	1375.48
0	68.5246
0	31.5036
0	43.5692
0	41.7197
0	90.6477
0	335.714
0	132.887
0	20.9567
1	1055.94
0	7.95715
0	65.6032
0	21.2171
0	34.0846
1	694.759
0	185.183
0	28.938
0	87.1218
0	296.217
0	21.9273
0	126.14
0	24.2309
0	122.392
0	158.882
0	31.6751
0	48.4556
0	73.1324
0	53.8878
0	186.17
0	19.4597
0	15.0114
0	65.0194
1	1083.42
0	118.308
1	1287.05
0	2.18753
0	36.5343
0	15.3018
0	4.35948
0	10.8698
0	224.377
0	35.6501
0	5.55635
0	32.055
0	42.5526
0	886.2
0	7.97589
0	41.6721
0	874.205
0	269.05
0	24.6144
0	259.806
0	21.6842
0	14.3357
0	25.1022
0	62.7411
0	266.95
0	64.4428
0	111.534
0	83.7251
0	187.763
0	13.0763
0	126.36
0	174.453
0	249.775
0	18.0735
0	274.092
0	93.1937
0	52.6415
0	85.4252
0	161.061
0	15.4488
0	251.497
0	20.6738
0	0.602394
0	28.0283
0	40.092
0	23.9146
0	671.752
0	348.627
0	71.8286
0	57.6659
0	5.64928
0	50.3252
0	45.6832
0	20.9786
0	38.4458
0	8.349
0	90.6669
0	32.9578
0	73.0332
0	220.043
0	142.787
0	5.66256
1	3077.04
0	27.5454
0	8.69104
0	94.4417
0	253.287
0	27.7421
0	7.72368
0	47.2885
0	82.994
0	12.5913
0	48.3779
0	20.7575
0	0.4526
0	7.69712
0	1230.5
0	35.8224
0	67.4521
0	3.09229
0	34.3285
0	26.4955
0	119.146
0	27.8742
0	30.5477
0	8.39259
0	61.6887
1	1371.52
0	476.969
0	108.772
1	1156.55
0	34.762
0	29.983
0	18.6263
0	18.5624
0	42.0261
0	9.57984
0	110.982
0	116.62
0	0.866686
0	13.0737
0	307.191
0	54.0022
0	31.0911
0	93.047
0	118.521
0	143.612
0	110.703
1	1043.75
0	109.413
0	30.3929
0	0.447794
0	10.6551
0	216.268
0	100.445
0	20.0994
1	1248.33
0	15.2428
0	190.523
1	938.066
0	46.0968
0	123.04
0	2.90372
0	16.0347
1	1022.46
0	334.025
0	88.9256
0	77.294
0	2.91338
1	1124.46
0	519.639
0	3.03495
0	62.4734
0	76.8016
0	201.508
0	2.67066
0	63.1932
0	77.4849
0	66.3858
0	440.015
0	96.1628
0	259.649
0	64.7117
0	6.07064
0	329.289
1	1116.67
0	241.254
0	12.282
0	26.5565
0	36.6832
0	16.1567
1	1741.31
0	19.1785
0	12.815
0	20.2019
0	13.2256
0	8.18946
0	1109.77
0	0.00371554
0	62.6024
0	4.13114
0	20.5425
0	971.891
0	90.865
0	0.538232
0	4.74654
0	75.7049
0	35.3903
0	7.2787
0	48.5727
0	20.6676
0	57.1205
0	11.2356
0	179.435
0	17.0681
0	307.95
0	179.691
0	64.8605
0	8.28003
0	69.4075
0	35.4358
0	0.572715
0	7.39359
0	143.42
0	43.6278
0	26.4492
1	1027.06
0	0.605773
0	64.8569
1	1066.84
0	1937.63
0	105.015
0	10.767
0	205.28
0	759.214
0	2.58075
1	745.5
1	1634.31
0	45.36
0	140.598
1	931.469
0	325.406
0	41.7353
0	2.86138
0	50.6455
1	921.082
0	52.5822
0	67.679
0	2.43427
0	388.939
1	1415.54
0	5.77693
0	199.073
0	411.627
0	47.0339
0	186.83
0	10.484
0	22.1523
0	94.8393
0	47.0261
0	64.3998
0	28.8445
0	1.40802
1	817.681
0	129.912
0	4.79176
0	63.5573
0	40.2055
0	229.008
0	47.0972
0	31.1395
0	30.4838
0	38.5425
0	45.1077
0	57.1967
0	10.4881
1	524.809
0	68.6456
0	21.4069
0	129.156
0	8.47931
0	61.7937
1	873.089
0	11.1438
0	185.587
0	27.3428
0	396.186
0	479.251
0	73.4788
0	255.939
0	35.6906
0	22.4872
0	2.97751
0	23.6923
0	23.6563
0	2.85652
0	94.2891
0	24.3424
1	953.718
0	93.1029
0	524.847
0	4.44511
0	46.6369
0	9.22011
0	7.66338
1	659.841
1	795.507
0	10.6844
0	72.4184
0	18.1657
0	171.388
0	4.61797
0	1.25142
0	11.5056
0	48.4095
1	886.427
0	24.8148
0	149.121
0	14.1725
0	48.3509
0	389.091
0	23.0916
1	466.769
0	67.536
1	685.894
0	19.5191
0	5.01368
0	127.889
0	4.43033
0	127.447
0	16.5862
0	6.25455
0	34.0614
0	577.021
0	25.0711
0	54.5674
0	341.276
0	13.7308
0	13.3684
0	2.27122
0	189.176
0	19.2507
0	58.7257
0	26.7946
0	37.0457
0	157.732
1	1098.59
0	23.9461
0	475.95
0	7.11075
0	102.777
0	119.222
0	40.9593
0	130.25
0	3.84126
0	50.6937
0	1.64467
0	246.197
1	1601.78
0	88.7467
0	121.336
1	970.049
0	30.4078
0	134.742
0	732.751
0	9.71446
0	69.2857
0	6.74551
0	9.78223
0	31.0457
0	63.2409
0	3.84981
0	87.9759
0	154.239
0	24.4344
0	18.8524
0	101.735
0	9.06626
0	5.68246
0	11.9816
0	20.5839
0	178.016
0	325.782
0	15.7991
0	46.5932
0	30.4176
0	1059.09
0	16.9381
0	12.0021
0	50.0244
0	7.10197
0	64.0149
0	204.675
0	25.2689
0	14.1753
0	106.01
0	386.194
0	48.404
0	80.6543
0	228.813
0	1.86816
1	1119.9
0	11.9909
0	8.12736
0	25.1085
0	86.7789
0	30.041
0	9.39406
0	29.0492
1	381.76
0	168.218
1	1296.67
0	131.691
0	87.6889
0	17.8574
0	17.0612
0	3.96338
0	2.50109
0	97.893
0	79.0139
0	97.3224
0	44.9899
0	136.894
0	222.082
0	34.4107
0	31.6763
0	73.2754
0	152.117
0	16.2573
0	103.416
0	0.719362
1	967.779
0	230.078
0	74.3705
0	0.0671242
0	12.5869
0	11.7497
0	164.176
0	14.9987
0	33.3614
0	370.377
0	3.1969
0	500.069
0	34.8664
0	21.809
0	149.753
1	763.755
0	3.45421
0	9.17755
0	55.7598
0	51.9231
0	257.272
0	393.905
0	45.0002
0	143.886
0	24.9401
1	574.865
0	6.10703
0	54.9194
0	12.2567
1	883.357
0	1.34155
0	17.5781
0	8.34238
0	9.21901
0	7.99344
0	4.48653
0	33.9778
0	1.77377
0	7.24872
0	10.1779
0	109.44
0	16.9894
0	21.1462
0	42.0736
0	2.45384
1	1314.18
0	149.292
0	67.6411
0	41.2277
0	196.727
0	357.889
0	7.47037
0	24.1479
0	18.6233
0	19.8437
0	129.359
0	55.1226
0	129.585
0	21.1841
0	3.99719
0	57.4241
0	94.4123
0	1.49101
0	208.805
1	1284.63
0	58.3457
1	668.899
0	124.171
0	3.34866
0	13.549
0	16.3773
0	34.3202
0	138.977
0	21.3276
0	303.626
0	37.2989
0	8.23791
0	1033.12
0	257.247
0	7.91205
0	154.441
0	6.13637
0	10.1676
0	98.3726
0	11.6668
0	313.537
1	1016.92
0	28.5257
0	26.0721
0	0.63035
0	140.125
1	553.737
0	130.46
0	33.0216
0	4.23866
0	4.845
0	8.64763
0	113.682
0	28.8006
0	6.97109
1	947.655
0	270.413
0	9.70113
0	1.80396
0	207.01
0	3.87386
0	82.09
0	2.26817
0	1.58246
0	33.3952
0	5.90595
0	3.43495
0	66.7937
0	8.35689
0	95.1094
0	4.91721
0	11.0555
0	0.855884
1	1085.98
0	15.9036
0	33.9102
0	551.914
0	756.584
1	1124.66
0	92.548
0	43.9586
1	1976.86
0	3.41145
0	35.5983
0	88.9094
0	108.921
0	56.3156
0	171.927
0	58.7968
0	44.923
0	16.8578
1	1800.08
0	8.17331
0	1.16137
0	42.4022
0	53.4049
0	8.39256
0	94.9529
0	118.004
0	27.6166
0	24.2174
0	1.33922
0	26.1381
0	80.516
0	141.634
0	67.2963
0	748.117
0	152.804
0	58.6397
0	48.806
0	39.6056
0	223.514
0	113.532
0	74.2309
0	285.563
0	1.63054
0	8.84073
0	18.9021
0	6.53558
0	4.75558
0	249.172
0	15.6191
0	29.0112
0	19.091
0	2.84053
0	295.217
0	54.9966
0	0.404097
0	373.571
0	4.7575
0	2.16219
0	11.1785
0	11.1004
0	672.602
0	26.5181
0	32.2753
0	792.263
1	570.383
0	5.05174
0	1.82396
0	50.4457
0	1.51032
0	29.5909
0	80.4904
0	6.42904
0	18.0755
0	307.089
0	128.331
0	35.3847
0	347.349
0	26.7317
0	132.448
1	2307.58
0	39.7669
0	362.583
0	333.946
0	95.1395
0	5.06128
0	1.23989
0	38.7514
0	0.0553331
0	8.3137
0	245.91
0	49.1982
0	0.25001
0	8.61588
0	161.443
0	18.7056
0	4.89787
0	72.8043
0	12.9254
0	11.2609
0	13.2315
0	189.62
0	9.97189
0	46.0539
0	54.6593
0	104.419
0	27.5502
0	36.9115
0	14.1325
0	40.1767
0	100.225
0	4.43188
0	37.986
0	0.665638
0	4.42384
0	65.4982
0	534.26
0	231.621
0	5.33172
0	548.263
0	4.40616
1	696.628
0	4.28123
0	1.87386
0	388.842
0	5.3846
0	12.159
0	45.3716
0	3.62403
0	3.48201
0	102.548
0	168.37
0	70.2582
0	283.532
0	89.9963
0	76.4916
1	1389.27
0	3.72889
0	1.09743
1	733.252
0	51.2825
0	34.3992
0	1.7159
0	52.3024
0	20.692
0	37.2144
0	36.0401
0	53.0826
0	18.9267
0	489.044
0	0.148144
0	23.2983
0	6.38799
0	100.457
0	85.2168
0	3.68323
0	15.7146
0	9.54705
0	17.8623
0	4.16359
0	923.718
0	5.08553
0	3.22255
0	73.3997
0	305.659
0	8.68901
0	3.15406
1	1127.04
0	63.2107
0	1.03227
0	40.0232
0	29.1622
0	6.274
0	39.3575
0	7.95694
0	17.0094
0	110.249
0	10.9742
0	267.265
0	253.263
1	1449.44
0	172.925
0	16.3527
0	39.5573
0	10.7464
0	74.7961
1	962.304
0	8.71116
0	11.7932
0	147.2
0	46.7961
0	15.531
0	25.7052
0	10.6378
0	684.963
0	420.59
1	684.082
0	5.36901
0	1252.99
0	0.132786
0	36.446
0	49.1339
0	88.5045
0	34.0229
1	624.038
0	81.5661
0	12.6551
0	4.46737
0	93.0998
0	1.95064
0	4.36729
0	21.7947
0	24.6147
0	279.411
0	339.027
0	90.5
0	84.2123
0	28.8795
0	1.38566
0	45.8897
0	32.3998
0	55.395
0	35.2233
0	3.5823
0	123.61
0	11.0834
0	45.0008
0	6.20993
0	30.1142
0	12.3494
1	1546.42
0	8.44086
1	866.277
0	0.406287
0	354.644
0	111.814
0	38.8726
0	3.45398
0	18.8052
0	158.927
0	180.188
0	126.758
0	48.8158
0	1033.41
0	16.4677
0	32.8729
0	16.084
0	36.717
1	859.966
0	321.672
0	280.478
0	54.6916
0	175.268
0	25.2164
0	10.467
0	15.2138
0	68.9583
0	52.4985
0	5.71641
0	171.969
0	87.0757
0	29.4958
0	288.272
1	596.103
1	798.077
0	20.3162
0	49.6261
0	12.0809
0	52.3338
0	4.60971
0	611.797
0	190.353
0	139.007
0	89.3289
1	1335.29
1	1237.92
0	37.2781
0	15.1601
0	145.841
0	33.2357
0	61.4829
0	16.4747
1	832.89
0	32.4878
0	1.13723
0	24.8995
0	14.3967
0	2.82262
0	43.4538
1	1229.14
0	91.2509
0	16.8262
0	67.2019
0	300.056
0	13.6242
0	19.4417
0	4.18358
0	239.297
0	30.4141
0	957.821
0	54.6188
0	135.522
0	120.069
0	72.2332
0	18.2415
0	402.225
0	215.962
0	28.7562
0	58.9725
0	6.71996
0	111.299
0	14.4185
0	100.051
0	31.2556
0	31.8568
0	8.34966
0	32.0111
0	20.3704
0	453.303
0	213.269
0	81.2637
0	1.02065
0	78.4724
0	135.583
0	2.63138
1	842.244
0	27.0185
0	292.487
0	210.143
0	15.1004
0	2.8652
0	95.9227
0	30.7033
0	79.7496
0	9.18052
0	20.0811
0	27.0122
0	35.3511
0	227.932
0	1160.64
0	30.0353
0	0.345369
0	137.2
0	298.803
0	13.2381
0	625.208
0	22.9525
0	11.2667
0	2.0285
0	26.709
0	425.217
0	417.654
0	12.0298
0	15.1134
0	9.01864
0	45.0695
0	577.394
0	33.5575
0	15.157
0	60.101
0	166.555
0	1.60751
0	24.0593
1	1013.63
0	64.8474
0	49.3967
0	11.1067
0	5.71215
0	1.48208
0	23.9237
0	7.75094
0	5.73988
0	80.4618
0	3.0323
0	9.83337
0	20.8207
0	3.93884
0	114.204
0	12.4108
0	15.5518
0	288.315
0	435.154
1	1743.72
0	737.611
0	26.3993
0	21.599
0	88.1819
0	36.1388
0	339.073
0	46.8341
1	833.936
0	282.174
1	3369.39
0	24.7308
0	21.6184
0	312.266
0	3.55146
0	27.0829
1	1356.08
0	43.8136
0	49.6151
0	111.293
0	102.374
0	48.3922
0	1021.87
0	18.6018
1	603.928
1	640.807
0	5.22077
0	35.9546
0	2.28204
0	135.223
1	2057.86
1	608.333
0	74.5668
0	29.9308
0	62.8815
0	8.67533
0	35.1332
0	50.9108
0	240.025
0	21.6859
0	63.9481
1	1337.7
0	112.244
0	71.3818
0	150.786
0	43.9429
0	40.3569
0	0.966184
0	70.3447
0	25.1216
0	23.7026
0	12.191
0	322.918
1	434.763
0	46.2513
0	37.921
0	596.85
0	110.088
0	4.02089
0	53.3885
0	21.7178
0	50.6199
0	1.42341
0	2.8734
0	5.6007
1	828.242
0	4.98022
0	24.0112
1	727.691
0	183.297
0	6.85381
0	534.799
0	9.45742
0	144.497
0	1.22108
0	17.4169
0	38.8605
1	570.504
0	114.771
0	176.087
1	1868.69
0	351.035
0	42.8314
0	439.137
0	12.7161
0	21.7057
0	5.38292
1	1253.82
0	8.40647
0	293.961
0	78.2664
0	26.0173
1	928.156
0	283.886
0	53.0438
0	8.39499
0	20.5535
0	1.26293
0	559.483
0	18.1511
0	9.22598
0	47.2092
1	3758.42
0	474.15
0	144.732
0	1610.32
0	71.657
1	1393.48
0	7.71525
0	152.542
0	188.773
0	8.92165
0	22.1643
1	909.169
0	4.18088
1	933.937
0	47.0443
0	885.728
0	1.20338
0	95.6603
0	215.364
1	816.189
0	198.134
0	16.5276
0	52.5826
0	419.063
0	17.4437
0	7.70716
0	70.7731
0	78.6033
0	1.13241
0	14.4586
0	6.64087
0	583.51
0	7.41845
0	4.36523
0	14.0538
0	43.6305
0	5.56702
0	31.4666
0	85.4283
0	2.74759
0	31.8661
0	41.0545
0	28.2101
0	10.1184
0	72.4187
0	63.3497
1	1105.33
0	4.24945
0	4.74683
0	39.7279
1	420.445
0	39.9057
0	29.8883
0	54.8278
0	27.5683
0	121.992
0	7.28971
0	19.8071
0	88.2333
0	33.1156
0	36.1701
0	9.82329
0	10.0867
1	535.872
0	4.07544
0	36.409
0	154.265
0	17.517
0	47.5555
0	33.0837
0	220.394
1	978.194
0	10.4973
0	44.5645
0	11.3654
0	51.6547
0	4.11854
0	64.6639
0	30.4523
0	54.0818
0	21.6392
0	16.2758
0	241.838
0	501.366
1	1177.05
0	24.749
0	38.9275
0	18.8158
0	55.0962
0	25.0385
1	722.012
0	17.4779
0	30.2237
0	54.7684
1	748.669
0	74.2495
0	54.46
0	59.8747
0	15.9379
0	3.19926
0	5.97493
0	2.4226
0	9.87077
0	77.0606
0	9.8865
0	4.24987
0	102.733
0	10.2912
0	46.211
0	43.9203
1	1048.72
0	11.5171
0	5.49651
0	8.13483
0	7.19928
0	154.762
0	6.70991
0	851.036
1	1764.92
0	172.302
0	8.62113
1	974.459
0	56.5836
0	84.0674
0	95.319
0	316.854
0	1.06607
0	351.133
1	900.757
0	57.2295
0	1.34572
1	331.895
0	28.3695
1	1291.67
0	91.1148
0	44.5861
0	7.03754
0	94.7641
0	58.8119
1	1080.74
0	6.97419
0	51.4931
0	25.2727
0	71.3681
0	38.5599
0	20.3631
0	487.494
0	485.625
0	307.49
0	10.8929
0	36.2689
1	963.177
0	2.39148
0	92.4186
0	23.9643
0	40.8889
0	43.8405
0	4.31006
1	1016.84
0	84.3517
0	4.769
0	370.932
0	5.31163
0	150.171
0	10.199
0	101.633
0	1720.73
0	9.35712
0	63.3507
0	3.05939
0	13.7392
1	1664.63
0	11.4449
0	79.1267
0	10.8998
0	32.9689
0	39.235
0	16.1256
0	12.3027
0	37.0623
0	80.2774
0	41.7793
0	31.8335
0	46.8715
0	59.8506
0	7.91677
0	210.804
0	882.92
0	62.2172
0	73.9611
0	17.2186
0	45.9283
0	59.2863
0	114.747
0	30.7642
0	385.524
0	43.982
0	14.05
0	30.9567
0	31.0238
0	26.7269
0	103.127
0	373.768
0	118.573
0	110.469
0	42.7676
0	64.8544
0	12.5567
0	15.0341
0	44.8349
0	26.3188
0	20.2674
0	988.521
0	16.6733
0	19.2097
0	26.7334
0	5.20832
0	20.7324
0	56.3181
0	17.9668
0	79.1627
0	21.1979
0	0.596914
1	1617.91
0	41.563
0	634.736
0	7.81209
0	37.1691
0	169.794
1	642.204
0	282.872
0	63.6887
0	9.31695
0	89.4603
0	65.0272
0	176.49
0	49.1168
0	21.8358
0	16.2719
0	84.1117
0	420.082
0	218.164
0	279.586
0	1.48686
0	1.3548
0	21.553
0	3.81193
0	828.732
0	7.13361
0	23.0827
0	43.5245
0	16.8669
0	14.143
0	12.9282
0	196.275
0	0.292106
0	8.74266
0	11.4716
0	78.5027
0	8.49341
0	129.293
0	80.0188
0	74.8096
0	37.664
0	6.63497
0	118.62
0	450.12
0	159.022
0	42.6847
0	11.6675
1	693.092
0	57.6687
0	23.4867
0	0.400103
0	42.5131
0	111.14
0	138.215
0	8.21298
0	12.9122
0	413.396
0	65.0879
0	847.287
0	1515.49
0	253.641
0	114.718
0	143.734
0	192.69
0	0.00971248
0	19.5023
1	1083.77
0	7.6
0	305.3
0	59.1364
0	12.2856
0	108.926
0	31.827
0	80.4
0	16.2265
0	24.3076
0	5.88146
0	14.0718
0	54.5041
0	11.0992
0	13.1963
0	46.5926
0	225.233
0	53.5891
0	166.683
0	9.51772
0	70.9814
1	756.97
0	10.436
0	3.03517
0	75.2837
0	77.7401
0	20.1541
0	74.493
0	6.40134
0	15.5368
0	13.2814
0	112.754
0	25.0913
0	8.93402
0	4.14577
0	5.62143
0	22.8001
0	40.4114
0	14.9615
0	10.6169
0	1.8762
0	34.6798
0	89.238
0	1.57394
0	8.52299
0	1.69254
0	317.348
0	62.0634
0	133.515
0	1.34823
0	69.1754
0	65.4968
0	31.7143
0	4.15289
0	198.535
0	48.2276
0	26.2724
0	7.60346
0	42.4358
0	6.66816
0	11.9783
0	26.3229
0	12.3714
0	12.3775
1	2542.85
1	941.829
0	57.186
0	45.4398
0	63.4422
0	4.39465
0	16.9053
0	289.609
0	1.1589
0	69.8035
0	5.13796
0	37.9531
0	104.244
0	377.88
1	681.603
0	169.766
0	108.958
0	22.3985
1	1309.94
0	161.571
0	13.5436
0	0.960826
0	1.38035
0	2.7862
0	43.1509
0	12.9237
0	12.8704
0	74.824
0	42.8057
0	8.49818
1	654.635
0	40.8967
0	25.0193
0	21.0125
0	297.298
0	111.787
0	355.14
1	751.807
0	1.68806
0	0.23804
0	60.0689
0	45.4006
0	7.1261
0	758.768
0	1386.43
1	972.483
0	3.44247
0	87.1131
0	168.552
0	238.565
0	116.598
0	149.91
0	99.3745
0	4.64541
0	231.29
1	1103.61
0	333.686
0	14.8548
0	153.2
0	5.9289
0	37.2332
0	94.0904
0	14.9102
0	192.819
1	903.47
0	97.8854
0	9.4842
0	42.9305
0	150.151
0	14.4286
0	129.169
0	16.279
0	24.4861
0	13.5444
0	18.9867
0	339.269
0	40.8829
0	1276.48
0	0.843213
0	62.4442
0	3.1626
0	75.344
0	98.2056
0	488.233
0	65.8065
0	12.742
0	17.3455
0	2.34078
1	631.635
0	158.717
0	30.7757
0	201.173
0	55.164
0	74.1307
0	12.6012
0	113.965
0	44.5614
0	77.4947
0	142.521
1	621.166
0	10.6233
0	7.2991
1	1179.98
1	1331.57
0	0.27561
0	95.1633
0	113.196
0	0.925585
0	7.1822
0	108.66
0	27.9376
0	4.52415
0	47.4015
0	115.931
0	14.9195
0	42.1509
0	76.158
0	32.1638
0	17.1746
0	94.452
0	43.4917
0	8.76479
0	113.184
0	106.393
0	47.4206
0	356.132
1	1548.67
0	6.97732
0	261.845
0	11.249
0	53.7231
0	82.7488
0	1193.96
0	13.4244
0	11.4923
0	310.153
0	101.655
0	11.0556
0	82.1896
0	14.6276
0	173.203
0	77.0977
0	38.1404
0	47.176
0	30.3134
0	19.616
0	151.504
0	61.0822
0	1.34522
0	16.1355
0	703.051
0	11.4168
0	38.342
0	0.19497
0	51.1389
0	433.733
0	3.21304
0	138.782
0	84.7472
0	27.2679
0	24.3721
0	331.047
0	209.445
0	4.61752
0	10.5448
1	1378.48
0	8.61712
0	5.86743
0	24.6926
0	15.0193
0	3.61708
0	59.3761
0	33.8741
0	84.0946
0	62.6425
0	1.65077
0	544.127
0	2.15978
0	98.2231
0	37.992
0	54.8403
0	86.4538
0	14.5659
0	0.0790239
0	197.673
1	1029.84
0	83.3606
0	31.426
0	91.5358
0	4.36658
0	11.5431
0	15.3856
0	35.9554
0	59.9711
0	13.5006
0	4.59574
0	83.5401
0	410.032
1	776.369
0	43.1953
0	10.0406
0	259.732
0	9.23762
0	40.3483
0	15.1768
0	3.49162
0	8.17081
0	49.6736
1	1503.37
0	9.28273
0	70.289
0	26.8938
0	6.14074
0	33.8282
0	1320.59
0	21.1453
0	7.19455
0	9.45544
0	3.33875
1	952.575
1	1591.48
0	26.3264
0	302.335
0	89.5684
0	51.6835
0	9.23543
0	385.879
0	28.2164
0	28.1592
0	54.4021
0	47.6105
0	0.860528
0	4.42977
0	611.088
0	0.797867
0	1121.02
0	0.512843
0	4.38366
0	168.33
0	64.1613
0	3.19532
0	3.29866
0	45.0881
0	84.7011
0	77.6879
0	7.91691
1	997.322
0	22.617
0	2.40592
0	0.59726
0	101.254
0	3.06787
1	1002.27
0	36.6307
1	1230.14
0	108.226
0	9.86285
0	197.499
0	11.7171
0	11.6016
0	115.11
0	91.1653
0	332.009
0	1.42888
0	43.7095
0	36.664
0	5.33468
0	19.1243
0	64.4049
0	181.575
0	15.8052
0	14.2164
0	155.776
0	2655.88
0	141.997
0	8.04035
0	21.9565
0	70.8818
0	9.38077
0	29.1333
0	21.5552
0	381.853
0	90.522
0	202.746
0	0.557085
0	110.276
0	22.326
1	1080.18
0	17.9018
0	2.27743
0	67.105
0	22.608
0	47.4101
0	7.70889
0	167.186
0	103.26
0	249.487
0	80.9329
0	0.0591835
0	28.8559
0	9.50303
0	22.3891
0	24.212
0	148.907
0	534.916
1	825.126
0	8.75811
0	3.82477
0	102.383
0	26.67
0	4.96162
0	178.379
0	83.3755
0	42.2918
0	23.2683
0	3.86867
1	1482.89
0	37.4896
0	31.284
0	41.9139
0	29.9246
0	4.65123
0	11.8868
0	62.5024
0	14.8197
0	0.214272
0	9.9578
0	280.628
0	62.7985
0	14.9507
0	1.66596
0	4.98576
0	4.81536
0	2.51384
0	29.0134
0	23.5651
0	1.39785
0	717.582
0	137.149
0	110.468
0	21.7537
0	25.9865
0	39.4159
0	39.8524
1	672.336
0	19.4947
0	36.7444
0	17.3938
0	68.9598
0	41.4129
0	26.637
0	38.4853
0	54.0731
0	221.736
0	45.3267
0	30.3812
0	31.1251
0	24.0132
0	19.7085
0	8.71875
0	32.7867
0	15.2553
0	57.4973
0	182.876
0	35.3829
0	58.773
0	16.499
0	20.6097
0	32.658
1	893.256
0	27.5915
0	18.1635
0	217.005
0	851.217
0	12.9513
0	0.118193
0	9.51768
0	755.409
0	3.8544
0	6.20215
1	912.056
0	10.5435
0	11.1426
0	31.6997
0	9.37643
0	210.835
0	9.2348
0	46.2803
0	24.8655
1	442.12
1	819.263
0	31.9727
0	142.48
0	139.145
0	70.1337
0	20.763
0	11.4215
0	111.703
0	137.118
0	51.6561
0	117.65
0	283.46
0	53.6946
0	27.6332
0	53.5897
0	40.4851
0	57.3245
0	3.7147
0	71.2767
0	20.6044
0	150.579
0	42.299
1	2483.78
0	42.2901
0	46.6567
0	1379.85
0	95.2496
0	397.974
0	70.6029
0	3.80241
1	915.427
0	19.367
0	31.0279
1	823.634
0	101.035
0	27.1751
1	995.805
0	384.434
0	18.6332
0	238.781
0	187.652
0	1.65013
0	102.16
0	31.5067
0	7.18916
0	107.439
0	30.7702
0	21.4027
0	1.44942
1	488.51
1	930.176
0	16.335
0	240.83
0	30.765
0	81.0475
0	934.416
0	12.1182
0	2.53782
0	0.415836
0	5.34326
0	59.5743
0	49.1214
0	25.4849
0	15.4528
0	2.728
0	54.3007
0	65.2843
0	4.43512
0	1.62425
0	32.3732
0	38.2314
0	150.425
0	402.398
0	19.1302
0	34.7835
1	1288.21
1	1092.76
0	55.8782
0	39.8175
1	1678.56
0	98.8162
0	63.3872
0	35.5655
0	33.3035
0	275.751
0	51.4555
0	437.536
0	9.31553
0	0.91072
0	4.7551
1	1587.75
0	40.7973
0	226.295
0	156.49
0	19.92
0	566.752
0	94.1008
0	63.7837
0	223.373
0	30.0736
0	5.60207
0	84.4559
0	8.083
0	214.842
0	3.74304
0	17.9513
0	18.0816
1	528.349
0	115.054
0	6.6454
0	32.467
0	2.66094
0	1304.84
1	1142.14
0	28.7677
0	13.2413
0	52.9028
1	1074.94
0	13.9683
0	31.6835
0	124.792
0	112.616
0	61.7568
0	214.712
0	7.09188
1	1799.76
0	428.978
0	84.7444
0	55.4704
0	9.66764
0	55.2051
0	13.9041
0	112.38
0	31.0319
0	246.674
0	1.52285
0	178.336
0	14.884
1	1532.87
0	10.5365
1	804.284
0	47.8845
1	1214.11
0	21.4851
0	3.49926
0	18.6756
0	171.776
0	30.4225
0	89.6488
0	107.813
0	4.48326
0	26.184
0	128.3
0	115.788
0	6.59877
0	230.824
0	78.6451
0	45.3714
0	73.4515
0	310.657
0	16.0973
0	73.1581
0	150.913
0	3.91325
0	339.316
0	68.9444
0	14.3362
0	186.814
0	25.971
0	23.8565
0	26.9764
0	20.5637
1	1307.55
0	2.72005
0	49.5032
1	1705.08
0	23.2288
0	59.4122
0	58.9272
0	11.62
0	35.4893
0	7.88807
0	105.506
0	12.5033
0	5.40349
0	3.39981
0	83.4037
0	93.7242
0	200.714
0	8.27761
0	10.2213
0	924.492
0	5.91304
0	5.76713
0	87.5879
0	325.769
0	9.17443
0	279.537
0	8.24153
0	0.160861
0	11.5546
0	493.225
0	253.876
0	139.492
0	3.99094
0	28.1558
1	1255.39
0	38.3326
0	211.002
0	95.8151
0	315.449
0	333.392
0	466.532
0	25.6095
1	1903.68
0	115.525
0	6.86026
0	15.276
0	124.069
0	20.8854
0	776.699
1	1297.35
0	24.4428
1	979.957
0	22.0936
0	31.7828
0	23.7815
0	24.7159
0	27.6771
0	171.091
0	329.336
0	0.319454
0	35.6128
1	1552.78
0	849.366
0	106.907
1	493.871
0	492.439
0	289.015
1	761.404
0	22.4765
0	41.5838
1	1723.36
0	9.0189
1	906.379
0	4.95994
0	11.9384
0	4.69268
0	47.2701
0	13.4383
0	60.8288
0	15.8108
0	55.1421
1	870.111
0	321.429
1	978.291
0	13.3833
0	6.24806
0	158.419
0	8.73389
0	9.24807
0	72.404
0	65.5144
0	106.522
0	9.85779
0	111.554
0	80.9177
0	97.8939
0	142.966
0	882.591
0	63.8386
0	103.185
0	37.8819
1	630.102
0	42.7565
0	0.661519
0	61.5779
0	33.4633
0	34.89
0	29.5821
0	100.14
0	11.1179
0	11.2056
0	60.602
0	69.8149
0	21.2053
0	1077.56
0	27.7353
0	108.557
0	106.438
0	411.483
0	176.406
0	72.1384
0	59.4813
0	79.3
0	200.722
0	28.2439
0	20.3548
0	31.5692
0	1.83498
0	22.8972
1	1272.74
0	23.8073
0	12.9343
0	2.77184
0	104.759
0	113.519
0	21.3295
0	440.485
0	231.418
0	28.8628
0	16.1355
0	18.3961
0	158.465
1	849.457
0	11.2663
0	38.3611
0	5.75875
0	32.519
0	17.9806
0	3.31991
0	0.757692
0	23.4042
0	16.4979
0	81.3272
0	36.5191
0	25.9525
0	71.905
0	83.0792
0	212.574
1	1176.99
0	2.96986
0	34.2886
0	4.70456
0	79.3477
0	15.9482
0	26.468
0	781.575
0	632.929
0	77.5227
0	17.391
0	227.306
0	3.22515
0	39.4849
0	47.2108
0	163.7
0	6.51175
0	41.5462
0	4.06368
0	74.1798
0	29.2573
0	30.1074
0	496.314
0	16.6122
0	91.0538
0	71.1697
1	1042.13
0	61.2858
0	42.2951
0	0.522199
0	106.816
0	3.22654
0	12.5778
0	27.1592
0	6.82678
0	4.13154
0	124.929
0	23.8054
1	1096.15
0	198.419
0	1.11543
0	49.9758
0	572.724
0	113.869
0	67.5654
0	58.8027
0	39.7288
0	75.7711
0	3.74898
0	240.54
0	9.32071
0	28.0371
0	30.2385
0	4.69919
0	29.3069
0	1036.28
0	15.4668
0	98.1488
1	1144.06
0	145
0	141.246
0	60.6864
0	27.0965
0	135.799
0	208.263
0	6.68491
0	201.785
0	92.1444
0	7.45788
0	25.5216
0	28.5284
0	5.81708
0	39.4598
0	70.4124
0	171.814
0	125.365
1	1986.9
0	178.189
0	22.3653
0	25.5998
0	276.381
0	4.58913
0	14.2015
1	957.32
0	19.208
0	93.1855
0	67.2543
0	34.8868
0	33.3308
0	100.02
0	74.7697
0	53.6265
0	88.9004
0	998.361
0	1.92834
0	8.91621
0	22.8791
0	8.86731
1	1503.76
0	16.3112
0	0.879607
1	813.965
0	12.4405
0	8.28635
1	2803.41
0	81.6443
0	16.0644
1	297.874
0	65.5151
1	1952.43
0	6.25486
0	253.839
0	65.2526
0	32.3197
0	34.3546
0	3.1728
0	52.6613
0	0.893317
1	609.575
1	2192.76
0	14.1794
0	10.1265
0	98.0678
0	5.63247
0	11.3122
0	88.7766
0	44.0623
0	357.582
0	4.34746
0	11.7252
0	598.647
0	100.248
0	192.056
0	135.684
1	1305.63
0	11.6795
0	263.693
0	22.3271
0	22.2517
0	39.5494
0	45.0809
0	28.1183
0	24.9911
0	646.793
0	7.01817
0	155.384
0	96.8671
0	2.30008
0	4.67005
1	718.18
0	5.14018
0	32.3311
0	60.3033
1	477.818
0	491.574
0	25.1038
0	18.3097
0	37.9487
0	123.174
0	207.469
0	63.9809
0	28.0416
0	401.493
0	28.3474
0	11.3192
0	703.56
0	39.6687
0	55.1812
0	141.414
0	33.1113
1	2075.06
0	21.6111
0	95.5966
0	2.71317
0	32.273
0	15.7436
0	348.811
1	709.68
0	48.2996
0	31.7705
0	35.9737
0	87.1523
0	29.3098
0	51.8445
0	16.5194
0	26.4356
0	75.7159
0	131.131
0	0.770953
0	82.2543
0	96.1199
0	11.6904
0	13.1424
0	6.2372
0	35.9843
0	6.02074
1	664.778
0	19.7899
0	18.529
0	134.872
0	20.1133
0	3.05738
0	501.675
0	331.262
0	47.5757
1	577.251
0	438.307
0	623.119
0	121.659
0	1.18737
1	2124.6
0	34.7206
0	15.9759
0	70.9049
0	31.5571
0	48.692
0	36.6729
0	20.9677
0	134.215
0	62.9152
0	3.16413
0	85.771
0	40.4127
0	0.825311
0	9.43636
0	0.3951
0	7.17831
0	6.34978
0	34.6751
0	6.35547
0	204.035
0	143.021
0	7.10715
0	422.305
0	764.8
0	49.5932
0	121.181
0	32.9391
1	665.216
1	1942.26
0	11.3184
0	587.087
0	133.454
0	29.1018
0	14.4823
0	70.5961
0	7.75077
0	44.7265
1	727.781
0	91.5542
0	77.204
0	339.573
0	39.5038
0	10.7029
1	1072.43
0	136.606
0	206.496
0	120.566
0	40.2653
0	41.8937
0	159.146
0	92.6944
0	42.0691
0	109.108
0	9.49103
0	11.7765
0	147.245
0	13.529
0	10.3389
0	9.97285
0	33.2495
0	111.419
1	1013.35
0	236.889
0	0.728847
1	1307.04
0	22.0106
0	17.5716
0	51.0582
0	1.27854
0	82.9288
0	100.249
0	84.354
0	145.532
0	17.8839
0	32.964
0	18.0395
0	11.4516
0	139.134
0	1.18818
0	284.594
0	8.42797
1	1014.18
0	181.914
0	6.80359
0	184.09
0	65.1997
0	415.419
1	1006.68
0	246.939
0	26.0163
0	31.0674
1	1062.26
0	122.874
0	129.633
0	23.9582
0	131.62
0	1.97833
0	86.0834
0	20.5238
1	1187.36
1	1264.59
0	53.3029
0	38.8537
0	155.661
0	3.89718
0	55.8759
0	122.14
0	9.55377
0	140.377
0	27.9262
0	37.7275
0	8.45249
0	404.355
0	68.1242
1	808.423
0	15.0556
0	160.623
0	177.809
0	56.1645
0	0.878089
0	8.20059
0	460.475
0	23.6932
0	22.6513
1	683.334
0	139.039
0	84.4951
0	29.1829
0	59.6628
0	14.2987
0	37.5273
1	1433.18
0	110.952
0	30.1003
1	613.798
0	85.4349
0	1.16062
0	710.266
0	316.05
0	39.2102
0	239.98
0	1.86329
0	90.0955
0	12.2126
0	269.549
0	8.51865
0	15.5026
1	1265.95
0	177.434
0	80.6572
1	701.822
0	36.8659
0	10.5061
0	192.512
0	66.2376
0	224.507
0	9.72956
0	7.58691
0	111.727
0	104.165
1	816.958
1	1178.06
0	3.91441
0	20.0161
0	2.30241
0	14.9447
0	25.2499
0	99.7432
0	2.74875
0	1.37911
1	2148.89
0	25.7807
0	76.8771
1	1009.34
0	219.468
0	37.2261
0	33.4617
0	59.3322
0	23.3858
1	573.868
0	174.908
0	0.391531
0	63.927
0	82.0209
0	19.2101
0	8.77704
1	1137.38
0	18.5198
0	63.1553
0	24.0258
0	23.5122
1	1058.32
0	55.8391
0	67.6511
0	18.3103
0	31.0838
0	1.56282
0	25.5199
0	55.0731
0	144.253
0	27.0679
0	194.916
0	440.875
0	24.5302
1	989.147
0	124.961
0	7.90519
0	30.8397
0	186.471
0	79.2641
0	7.85803
0	32.2101
0	7.45287
1	500.759
0	3.30057
1	1691.12
0	26.0274
0	41.6642
0	286.279
0	16.7353
0	75.0984
0	7.76011
0	11.0723
0	100.714
0	16.0076
0	103.086
0	11.5892
0	4.4104
1	603.123
0	1353.42
0	1.33094
0	1937.36
0	142.13
0	35.934
0	51.4596
0	28.5126
0	33.1264
0	9.85605
0	78.1633
0	0.269358
0	27.4772
0	58.8825
0	266.465
0	1226.24
0	26.6313
0	94.182
0	69.4271
0	7.23152
0	97.1926
0	25.0335
0	219.258
0	133.318
0	21.6915
0	0.398155
0	768.351
0	153.387
0	22.9877
0	16.1127
0	21.5163
0	14.5085
0	6.53713
0	15.8601
0	405.178
0	46.328
0	195.11
0	5.26797
0	7.29131
0	11.5111
0	49.1592
0	87.2525
0	63.1358
0	431.189
0	6.41066
0	34.3906
0	9.78535
0	15.0997
0	569.874
0	31.9068
0	16.2099
0	24.0667
0	2.96127
0	26.5739
0	10.2081
0	56.0739
0	45.9612
0	83.513
0	32.4935
0	14.0126
0	108.017
0	70.7691
0	11.6055
0	8.61882
0	0.207436
0	53.5145
0	314.487
0	70.6798
0	16.2789
0	156.349
1	1926.68
1	844.7
0	15.4835
0	4.8346
0	28.9021
0	44.7332
0	90.8274
0	5.46303
0	4.26568
0	40.9136
0	90.0033
0	116.816
0	79.5485
0	476.022
0	142.265
0	10.8324
0	236.603
0	49.0198
0	300.291
0	0.480555
0	5.89414
0	28.3737
0	63.5917
0	18.4587
0	72.8121
0	0.0134682
0	11.1886
0	4.4773
0	12.6317
0	18.8331
0	114.777
1	1568.63
0	23.1656
0	274.311
0	65.28
0	112.47
0	13.9435
0	73.0488
0	18.0993
0	0.372163
0	8.30235
1	1512.71
0	12.3679
0	11.1538
0	77.1249
0	25.175
0	14.4249
0	4.37912
0	23.5589
0	514.72
0	42.1525
0	19.1417
0	13.552
0	2.81461
0	10.457
0	191.5
0	83.4939
0	48.2049
0	9.40619
0	6.5971
0	12.0029
0	7.39697
0	85.5004
1	1103.62
0	10.7693
0	81.7929
0	34.2928
0	13.2244
0	24.4892
0	498.78
0	85.1454
0	0.692795
0	57.3953
0	83.207
0	16.1512
0	58.424
1	1571.4
0	121.398
0	15.0717
0	230.24
0	13.0148
0	58.9579
0	0.435633
1	1026.82
0	11.3852
0	79.2991
0	138.179
0	41.8973
0	696.1
0	235.408
0	130.056
0	236.557
0	1.76006
0	150.318
0	16.2288
0	88.6727
0	119.414
0	155.416
0	68.5328
0	1.06756
0	32.7101
0	55.8485
0	18.4922
0	19.8421
0	30.9056
0	30.7095
0	103.34
0	235.617
0	754.799
0	143.13
0	1.41392
0	25.0205
0	31.0888
0	2.86795
0	1.45359
0	14.463
0	71.9226
1	1524.58
0	100.446
0	19.0949
0	20.5459
0	1550.01
0	20.6583
0	47.5463
0	422.063
0	52.5918
1	601.425
1	1537.08
0	52.6955
0	47.9637
1	1903.64
0	176.879
0	7.56027
0	288.613
0	245.876
0	52.7101
0	36.6039
0	7.56887
0	15.1165
0	67.993
0	96.4261
0	120.587
0	52.4321
1	715.469
0	133.756
0	9.81077
0	61.2191
0	14.1166
0	6.12407
0	325.516
0	51.4736
0	4.60656
0	94.8405
0	4.69203
0	223.368
0	1.24123
0	18.0903
0	201.199
0	44.7408
0	6.70391
0	3.57066
0	410.715
0	22.9015
0	29.1261
0	142.806
0	8.88897
0	12.808
0	25.585
0	14.9862
0	1560.65
0	55.7789
0	304.591
0	28.3583
0	25.6023
0	99.9752
0	150.489
0	1.80648
1	718.668
0	18.3447
0	1.29128
0	4.41572
0	14.7974
0	71.2919
0	118.977
0	17.9764
0	38.8084
0	35.5337
0	32.9382
0	91.2937
0	88.0259
0	11.5062
0	152.248
0	2.19036
0	638.241
0	26.5387
0	3.17806
0	22.1727
0	26.6157
0	22.038
0	47.6768
0	4.01255
1	1043.59
0	189.949
0	118.331
0	44.8013
0	43.9186
0	50.2708
1	543.388
0	332.415
0	14.6213
0	172.443
0	4.84415
0	1169.23
0	105.543
0	18.9966
0	373.913
0	24.578
0	6.53366
0	37.5592
0	397.645
0	30.6835
0	17.5872
0	109.126
0	191.369
0	9.68842
0	452.812
0	2.72065
0	332.707
0	27.3021
0	203.59
1	1443.32
0	0.158021
0	5.73119
0	16.6236
0	14.3811
0	39.7323
0	143.458
1	1134.06
0	82.9028
0	62.6269
0	2.00521
0	87.5867
0	1220.22
0	33.0164
0	21.8114
0	7.02261
0	24.13
0	21.3577
0	4.49176
0	736.088
0	6.87521
1	1238.32
1	1108.18
0	6.71949
0	283.585
0	5.73546
0	20.8584
0	19.5999
0	36.4746
0	230.594
0	29.8278
0	67.6394
0	21.7869
0	5.12433
0	278.504
0	10.6314
0	5.72356
0	35.3733
0	235.231
0	25.962
0	332.407
0	12.8372
0	22.2885
1	766.217
0	146.211
0	9.73713
0	426.668
0	1558.93
0	75.3859
0	120.554
0	50.2267
0	45.0782
0	178.435
0	128.11
0	7.384
1	1178.28
1	711.297
1	1743.7
0	37.2111
0	1040.75
0	166.101
0	13.532
0	1.14547
0	1434.53
0	0.0467579
0	2.4586
0	196.762
1	1089.8
0	231.978
0	449.361
0	98.3072
0	8.5629
0	129.572
0	0.560585
1	929.201
0	68.243
0	456.934
0	23.0684
0	10.0834
0	97.1563
0	35.4425
0	30.6092
0	10.3959
0	5.59781
0	1.34295
1	1405.36
0	12.0229
0	37.8404
0	4.06172
0	124.505
0	56.7919
0	16.9071
1	660.267
0	55.9193
1	1001.66
0	307.807
0	32.3511
0	38.3062
1	1541.18
0	39.4303
0	30.5701
0	8.2457
0	34.4471
1	743.711
0	25.9043
0	50.8434
0	177.192
0	133.046
0	8.50966
0	4.55347
0	13.1313
0	23.6796
0	106.831
0	39.3524
0	53.0763
0	15.6203
0	12.9846
0	39.6696
0	73.1636
0	57.2517
0	62.9379
0	11.0822
0	277.696
1	1189.03
0	9.69716
0	36.3886
0	57.435
0	5.45408
0	38.386
0	31.8705
0	11.3991
0	347.878
0	15.8688
1	713.607
0	14.452
0	97.5052
0	39.211
0	100.615
0	4.3781
0	190.506
0	89.9188
0	26.3239
0	36.7864
0	66.092
0	83.7914
0	364.869
0	9.91348
1	1252.29
0	171.424
0	38.7078
0	20.0951
0	96.0664
0	344.826
0	4.21877
0	24.1711
0	24.2573
0	37.1574
0	28.711
0	89.0188
1	1709.52
0	1.75895
0	11.9163
0	11.0348
1	742.196
0	49.831
0	444.9
0	59.7138
0	3066.28
0	17.6148
0	45.7857
0	94.8619
0	17.573
0	302.041
0	83.3771
0	40.0867
0	9.10149
0	13.0309
0	479.021
1	1085.35
1	1490.94
0	45.9095
0	29.6415
0	3.69189
0	45.253
0	1.20404
1	2170.69
0	18.2138
1	959.67
0	73.3448
0	59.4927
0	24.0686
1	648.536
0	86.7632
0	3.09041
0	0.156715
0	313.913
0	85.1091
0	12.6237
0	23.5036
0	57.7146
0	60.1664
0	1.60734
1	1010.64
0	82.1904
0	10.603
0	3.04548
0	5.43698
0	29.888
0	129.295
0	36.3707
0	34.4296
0	49.1815
0	3.79283
0	2092.84
0	383.546
0	49.3884
0	389.617
0	160.42
0	333.9
0	21.1145
0	24.4128
0	4.111
0	19.6324
0	2.82863
0	23.5691
0	39.2544
0	17.2935
0	894.118
0	9.30784
0	563.162
0	109.071
1	1137.15
0	141.102
0	75.9475
0	28.1461
0	8.47072
0	44.031
0	511.812
0	46.0472
0	3.15627
0	3.94702
0	11.5563
0	181.936
0	12.8389
0	1.56481
0	0.369478
1	828.491
0	1455.45
0	200.347
0	38.1601
0	478.305
0	40.5878
0	0.524802
0	72.8517
0	24.2576
0	75.6749
0	9.22138
1	1601.06
0	29.862
0	9.46999
0	80.5051
0	4.72113
1	1056.94
0	92.9233
0	614.909
0	3.98066
0	1.07345
0	367.556
1	777.368
0	172.781
0	63.3603
1	1020.14
0	124.304
0	37.2272
0	318.943
0	61.0292
0	42.6256
0	241.968
0	11.6447
0	2.55979
0	30.4568
1	1339.64
0	130.329
0	664.905
0	32.6281
0	27.3641
0	26.9719
0	19.5862
0	408.968
0	77.1192
0	127.956
0	196.08
0	80.1797
0	111.224
0	47.4018
0	409.875
0	8.69362
0	64.2233
0	290.709
0	145.85
0	86.1427
0	630.069
0	8.53348
0	0.195779
0	361.876
0	20.6409
0	51.3174
0	188.209
0	13.8438
0	270.566
0	72.7451
0	8.08049
0	85.1974
0	8.27435
0	81.7248
0	9.11851
0	20.0028
0	19.444
0	40.5873
1	764.107
0	0.721111
0	37.6294
0	22.3818
0	593.785
0	27.3434
0	93.3183
0	55.3863
0	100.479
0	12.7953
0	74.9195
0	3.73116
0	40.4112
1	567.708
0	13.901
0	20.3673
0	158.87
0	5.94135
0	14.7438
0	160.443
0	12.7377
0	121.474
0	49.2615
0	0.778361
1	1036.68
0	68.6506
0	27.1328
0	120.665
0	173.463
0	100.895
0	664.04
0	12.6976
0	151.956
0	4.55125
0	42.5462
0	87.1582
0	72.3258
0	38.6842
0	57.9962
0	4.0469
0	72.6348
0	10.5132
0	6.27073
0	67.5906
0	1.69864
0	126.612
0	93.211
0	86.0537
0	78.2582
0	21.2141
0	23.7694
0	8.90531
1	1335.4
0	125.802
0	22.7206
0	188.086
1	653.697
0	1.37837
0	4.92335
0	19.1334
0	570.779
0	52.8802
0	2.95884
0	137.383
0	1.54004
0	31.443
0	19.2821
0	137.681
1	2443.58
0	64.015
0	4.78108
0	49.3681
0	29.8627
0	0.839101
0	53.9936
0	72.6264
0	34.3356
0	34.9455
0	33.3235
0	106.704
0	57.6424
1	1807.48
0	20.5579
0	16.4379
0	16.4635
0	4.01576
0	9.33379
0	22.9574
0	170.464
0	5.55515
0	46.6761
0	149.365
0	32.3068
0	40.8232
0	17.1186
0	114.196
0	57.2579
0	272.579
1	643.312
0	2.47386
0	5.74254
0	4.09493
0	42.6722
0	1.30895
0	5.69413
0	37.534
0	8.66775
0	56.4621
0	0.00690561
0	6.10311
0	85.5991
0	242.059
0	4.55434
1	1169.73
0	18.194
0	17.1681
0	38.8389
0	33.1288
0	27.07
0	136.95
0	32.4145
0	14.8344
0	6.47825
0	152.589
0	142.145
0	12.6463
0	7.85272
0	61.6709
0	108.882
0	81.8679
0	61.8945
0	21.2285
0	278.1
0	20.0438
0	40.1475
0	72.1702
0	0.625881
0	12.4475
1	547.784
0	279.444
0	16.9425
0	70.6339
0	99.4292
0	35.7042
0	8.41058
0	262.176
0	168.166
1	1318.24
0	24.0785
0	49.6374
0	339.523
0	889.142
0	16.9844
0	141.798
0	12.5084
0	37.6034
1	2047.83
0	5.09328
0	225.063
0	71.6488
0	20.4068
0	78.8718
1	876.464
0	25.3948
0	293.975
0	56.8895
0	201.649
0	20.0406
0	40.0461
0	0.949517
1	650.613
0	23.0976
0	140.768
0	69.3706
0	195.814
0	6.28226
0	182.866
0	14.1956
0	8.59119
0	1.14693
0	79.2764
0	1.67581
0	153.654
0	288.508
0	72.3693
0	188.94
0	11.6582
1	1564.97
0	27.0189
0	30.404
0	8.90249
0	255.182
0	172.583
0	11.4222
0	7.62969
0	18.2943
0	1051.67
0	20.3318
1	1024.24
0	253.69
0	40.3051
0	70.6368
1	1366.7
0	360.374
0	10.5622
0	22.5757
0	48.7581
0	52.5105
0	378.67
0	39.211
0	82.4191
0	136.556
0	10.7795
0	46.2175
0	6.53739
0	56.7469
0	4.06809
0	44.994
0	41.9025
0	106.224
0	28.0338
0	774.638
1	1056.86
0	77.3252
0	27.982
0	19.6347
1	2780.57
0	34.0113
0	47.0065
0	42.5873
0	1302.99
1	743.405
0	34.3024
0	42.8347
0	58.352
0	5.41637
0	42.13
0	628.17
0	10.6725
0	5.3887
0	124.857
0	256.553
0	420.762
0	16.6273
0	12.0058
1	702.973
0	5.67251
0	112.256
0	75.23
0	18.1052
1	2202.15
0	91.7152
0	29.6352
1	1620.15
0	17.5033
0	22.6377
0	0.43969
0	584.516
0	1.04326
0	1178.48
0	27.6257
0	78.9611
0	4.2325
0	125.005
0	26.6069
0	60.7352
1	962.465
0	25.0808
0	22.9064
0	44.9083
0	110.395
0	45.1915
0	295.862
0	26.2081
0	0.922611
0	24.2611
0	77.9194
0	1.50609
0	17.1801
0	63.2458
0	28.9369
1	863.551
0	73.6263
0	14.6135
0	28.4507
0	2.05182
0	7.76269
0	23.8227
1	783.611
0	16.6062
0	41.4503
0	26.2742
0	186.385
1	785.534
0	173.004
0	446.864
0	28.5801
0	165.564
0	253.672
0	312.799
0	14.4044
0	134.957
0	92.1065
0	45.7671
0	26.6768
0	19.3761
0	52.8032
0	2.79634
0	30.0615
0	45.7491
1	571.072
0	409.767
1	1211.67
0	210.246
0	0.29062
0	25.0418
0	462.428
0	0.636074
0	15.8175
0	63.3595
0	16.2885
0	266.121
0	16.9166
0	3.91849
0	6.7183
0	322.109
0	92.206
0	6.44544
0	6.9867
0	13.6266
1	510.655
0	903.319
0	178.82
0	30.5525
0	20.8335
0	202.404
1	837.184
0	303.434
0	2.49344
0	90.8366
0	6.11643
0	11.2517
0	226.108
0	54.1966
0	437.918
0	73.8018
0	10.1211
0	28.7152
0	377.833
0	693.01
1	1418.68
1	579.66
0	15.2015
0	10.3259
1	1300.46
0	92.5348
0	147.13
0	178.185
0	49.8606
0	30.8065
0	2.11401
1	1716.98
0	38.8555
0	428.646
0	4.75511
0	18.5393
0	1.62129
0	27.2774
0	29.9327
0	15.1523
0	1.84763
0	175.962
0	1263.33
0	65.7625
0	256.718
0	2.47051
0	66.7117
0	3.78704
0	270.001
0	13.2871
0	8.27892
0	18.5452
0	46.1057
0	205.558
0	180.782
0	252.287
0	159.212
0	32.1712
0	14.6108
0	19.2227
0	14.41
0	15.1941
0	6.97947
0	4.82277
0	27.7074
0	3.08113
0	156.908
1	1081
0	33.1573
0	281.598
0	349.004
0	2.28185
0	16.7408
0	29.2362
0	4.96119
0	67.087
0	47.6224
0	4.67004
0	270.137
0	5.27746
0	3.88276
0	233.809
0	32.0184
0	28.136
0	123.53
0	586.752
0	101.86
0	2.99663
0	36.9579
0	3.09086
0	1.22829
0	52.0089
0	4.71927
0	5.49582
0	88.8805
0	17.1548
0	439.28
0	20.9212
0	8.94847
0	52.5387
0	17.0686
0	35.9503
0	55.8376
0	42.2319
0	178.246
0	249.645
1	1487.34
0	39.4609
0	19.7645
1	1100.44
0	49.2668
0	1.59633
0	37.2676
0	9.63826
0	51.7343
1	694.887
0	182.193
0	8.10015
0	766.086
0	46.3164
0	3.56633
0	0.926788
0	5.93698
0	8.06459
0	8.65922
0	20.8624
0	53.7375
0	1.65901
0	10.5086
1	1089.68
0	3.12487
0	52.3292
0	31.3438
0	41.9914
0	51.7142
0	15.9995
0	1.70719
0	36.72
0	8.57804
0	974.651
0	145.527
0	58.9777
0	310.66
0	115.26
0	425.362
0	23.6206
0	81.9796
0	28.0224
0	41.4799
0	77.8384
0	39.746
0	86.3359
0	0.067394
0	12.8713
0	189.338
1	1415.91
0	48.6207
0	41.0369
0	42.6104
0	45.5932
0	36.7014
0	49.5837
0	219.318
0	17.8738
0	348.428
0	1.16573
0	13.2725
0	15.26
1	1572.43
0	7.13124
0	9.21088
0	451.851
0	273.069
0	5.55816
1	1261.95
0	54.0125
0	46.3603
0	62.4335
1	852.187
1	1069.29
0	26.6304
0	7.08391
0	38.7839
0	51.9982
0	177.984
0	27.6835
0	10.1369
0	60.4953
0	50.7575
0	67.423
0	18.801
0	402.123
0	13.2022
0	15.6181
1	823.341
0	35.0661
0	249.848
0	6.49607
0	1.35038
0	805.336
0	38.6523
0	0.222587
0	40.2126
0	23.5174
0	62.2429
0	6.37911
0	0.0836479
0	140.812
0	60.81
0	2.48397
0	9.14176
0	193.613
0	0.123596
0	62.6558
0	100.292
0	117.36
0	35.3366
1	1394.32
1	892.471
1	1039.48
0	511.711
0	7.01547
0	39.5653
0	35.6337
0	14.491
0	87.9538
0	67.5505
0	20.3067
0	11.7495
0	65.3692
0	185.739
0	170.364
0	454.209
0	23.9089
0	15.9071
1	1561.32
0	13.9155
0	13.0235
0	11.7878
0	8.51682
0	28.4177
0	9.87772
0	337.439
1	924.114
0	2.93835
0	10.926
0	1.92194
0	17.1224
0	11.5391
0	644.918
0	174.724
0	18.7326
0	28.5238
0	40.8232
0	10.2827
0	2.41414
0	64.7936
1	1254.62
0	358.951
0	22.1546
0	72.8724
0	68.7663
0	5.55788
0	89.9291
0	29.3551
0	118.124
0	111.096
0	398.067
0	475.765
0	610.742
0	2.0321
0	23.3159
0	16.2231
0	1.98491
0	105.27
0	69.5932
0	49.3001
0	92.2166
0	18.971
0	26.0735
0	1807.8
0	3.96651
0	430.18
0	98.6009
0	18.5986
0	0.960714
0	159.683
0	107.907
0	50.7947
0	72.7178
0	200.469
0	10.2088
0	11.0644
0	11.1701
0	263.682
0	46.4306
0	24.4662
0	4.28321
0	598.5
0	61.3328
0	45.6717
0	39.7233
1	901.393
0	20.0732
0	19.9814
0	72.055
0	327.263
0	159.069
0	17.3607
0	30.5666
0	129.04
0	8.49407
0	98.279
0	19.5282
1	876.847
0	62.4239
0	6.08698
0	28.0899
1	840.607
0	6.07423
0	1.68576
0	697.615
0	107.117
0	184.057
0	5.7874
0	10.0402
0	221.919
0	9.53142
0	136.717
0	309.037
0	81.4584
0	645.837
0	103.757
0	3.35764
0	113.452
0	58.2279
0	12.6412
0	147.538
1	1909.19
0	3.6013
1	1676.34
0	65.4596
0	45.3658
0	4.69576
0	46.9994
0	72.4677
0	153.542
0	33.4073
1	1070.17
0	35.2826
0	45.0969
0	0.230499
0	84.0108
0	26.4972
0	5.9958
1	612.466
0	5.25577
0	118.941
0	31.0881
1	721.17
1	1740.36
1	1037.54
0	35.8866
0	116.799
1	1835.51
0	39.2387
0	60.1001
0	23.0008
0	62.6078
0	198.66
0	55.8707
0	13.1465
1	1685.01
0	28.8346
0	1018.65
0	60.084
0	86.3603
0	111.156
0	71.9781
0	180.36
0	5.69938
0	3.94146
0	85.6761
1	865.953
0	7.09881
0	0.170186
0	28.4394
0	27.6188
0	24.5211
0	60.0716
0	21.8058
0	2.96841
0	156.625
0	335.497
0	97.4407
0	101.544
0	89.2896
0	201.86
0	203.376
0	198.783
0	96.7268
0	161.529
0	17.4885
0	162.913
0	102.038
0	28.2884
0	14.0327
0	42.7081
0	107.128
0	72.6279
0	318.553
1	1181.68
0	3.53946
0	49.7556
0	27.3076
0	189.573
0	1077.37
0	319.644
0	312.087
0	429.966
0	10.0065
0	19.3318
0	52.8093
0	62.704
0	30.7692
1	906.059
0	31.3764
0	5.89591
0	23.6939
0	6.08641
0	71.0637
0	275.008
0	16.4142
0	57.851
0	34.4996
1	1700.53
0	54.6486
0	1.78397
0	21.8633
0	298.576
0	4.20192
0	36.295
1	914.31
0	8.92066
0	35.4589
0	198.388
0	0.912146
0	67.122
0	66.5835
0	72.6766
0	23.3318
0	55.6841
1	1819.8
0	2.47153
0	109.439
0	10.4121
0	51.6822
0	14.3612
0	125.495
0	3.23223
0	277.318
0	24.3187
0	9.6129
0	221.663
1	848.824
0	38.6991
0	114.549
0	35.8965
0	9.26152
0	352.976
0	1.21123
0	10.5769
0	4.53774
0	956.555
0	0.974834
0	8.04532
0	193.755
0	52.3293
0	15.9206
0	39.856
0	1.46553
0	9.76538
0	22.2391
0	14.1375
0	12.0004
0	3.80347
0	16.0874
0	47.0641
1	1133.86
0	3.64457
0	526.262
0	11.7206
0	3.64124
0	47.9283
1	1126.21
1	1224.22
0	1.24545
0	53.0485
0	51.9245
0	49.3291
0	20.5924
0	30.4604
0	32.2348
0	210.549
0	70.0758
0	31.0871
0	11.138
0	19.9277
0	21.5116
0	20.8263
0	71.3563
0	10.1626
0	91.7293
1	2100.64
0	3.5091
0	53.1448
1	1076.82
0	365.39
0	53.957
0	121.772
0	36.1009
0	30.9885
0	33.0538
0	1.27959
0	243.802
0	17.0524
0	1.24169
0	50.1162
0	446.362
0	413.561
0	16.7623
0	11.8634
0	68.5955
0	726.517
0	27.6517
0	159.761
0	244.024
1	896.193
0	8.59228
0	2.61329
0	55.4305
0	92.9203
0	51.4936
0	39.676
0	68.1576
0	42.6787
0	25.6264
1	1193.02
0	708.516
0	36.1593
0	14.9536
0	2.00439
0	109.429
0	271.078
0	39.3054
0	8.04107
0	13.5835
0	166.449
1	628.047
0	30.6791
0	296.517
0	165.772
0	20.5003
0	39.2546
0	163.014
0	15.6343
0	97.4022
0	70.4555
0	169.821
0	83.1134
0	31.8891
0	77.5898
0	176.979
0	79.8028
0	344.501
0	129.957
0	292.683
0	134.285
0	24.042
1	1049.08
0	116.399
1	699.012
0	8.42822
0	485.71
0	248.279
0	0.233383
1	961.221
0	4.49056
0	59.5007
0	21.3192
0	191.607
0	18.9845
0	12.4906
0	34.811
0	12.1759
0	319.789
0	50.3841
0	34.2616
0	12.7195
1	592.357
0	1.02677
0	67.6437
0	20.4976
0	91.9767
0	70.9076
0	6.15557
0	472.797
0	31.6272
0	148.227
0	185.267
0	25.1626
0	8.58319
0	83.5656
0	6.92279
0	64.0059
0	125.066
0	11.8799
0	21.5218
0	768.464
0	192.258
0	12.5059
0	144.335
0	10.7184
0	24.0981
0	50.6505
0	123.232
0	106.028
0	38.2269
0	31.2824
0	275.28
0	34.7632
0	20.0303
0	0.236324
0	26.2221
0	13.855
0	66.5228
0	36.9118
0	14.066
1	585.574
0	235.148
0	91.4073
0	121.074
0	4.09342
0	6.47042
1	994.537
1	1109.64
0	482.062
0	2.91916
0	116.674
0	3.76941
0	15.7541
0	9.43261
1	516.971
1	1107.49
0	42.728
0	75.4072
0	1.78971
0	647.001
0	8.80894
0	22.5094
1	1142.47
0	5.47668
0	680.316
0	38.4825
0	81.0038
0	19.7194
0	325.999
0	10.4098
0	30.8466
0	0.63174
1	907.383
0	16.4249
0	112.314
0	5.96546
0	27.8281
0	13.5693
0	573.628
0	15.8344
0	7.41019
0	43.5156
0	211.634
0	141.526
0	26.067
0	29.1467
1	715.426
0	6.17769
1	623.193
0	18.8411
0	22.7615
0	144.85
0	1.94873
0	1194.48
0	45.9987
0	7.00406
0	13.8361
0	14.9329
0	244.365
0	1.24836
0	12.771
0	43.708
0	231.503
0	29.5128
0	34.8482
0	53.1715
0	18.6444
0	27.9391
0	10.3136
0	21.7965
0	25.6286
0	295.615
0	6.6509
0	59.2102
0	1.62843
0	91.6031
0	47.9536
1	696.558
0	107.013
0	19.4514
0	1.19377
0	15.5927
0	43.278
1	1879.3
0	17.4055
0	3.13139
0	2.5842
0	64.5743
0	3.74709
0	268.039
0	6.50518
0	6.98376
0	35.8188
0	4.59434
1	1045.42
0	93.1356
0	101.975
0	633.146
0	107.307
0	4.7538
0	90.7473
0	2.77545
0	138.677
0	8.89127
0	31.6534
0	55.1303
0	55.5823
0	184.868
0	44.3377
0	14.5219
0	6.02255
0	3.34618
0	1269.5
0	1.53023
0	115.974
0	134.212
0	217.439
0	78.9553
0	287.361
0	8.10584
0	288.172
0	76.9842
0	235.619
0	7.54577
0	13.6902
0	27.2674
0	30.9921
0	0.405126
0	26.5193
0	36.0337
0	4.22549
0	22.1851
0	19.2511
0	45.7869
0	188.239
0	34.8068
0	2.49298
0	121.223
0	250.793
0	199.033
0	106.057
0	0.786552
0	20.8022
0	800.105
0	19.434
0	171.001
0	4.22774
0	356.699
0	12.3711
0	38.0123
0	1.48963
1	905.496
0	109.852
0	38.6972
1	1772.21
0	259.313
0	8.5986
0	23.4491
0	203.866
0	19.6036
0	148.296
1	750.517
1	1306.2
0	24.7385
0	51.2418
0	82.8231
0	25.3971
0	153.866
0	122.077
0	105.803
1	951.691
0	334.475
0	20.0054
0	1.94497
0	378.7
1	501.06
0	65.0824
0	117.954
0	33.4573
0	9.138
0	70.6448
0	116.394
0	1.39661
0	17.3021
0	88.7915
1	1404.32
0	25.1423
1	1243.24
0	17.2505
0	11.2138
0	5.97133
0	33.5701
0	83.3439
0	50.6374
0	77.6611
0	14.9957
0	715.534
0	540.207
0	5.50728
0	15.0177
0	136.953
0	6.37219
0	0.957054
0	65.7526
0	169.746
0	9.29696
0	1.6546
0	4.23819
0	57.2531
0	25.2173
1	399.099
0	135.317
0	35.6477
0	36.5276
0	11.7163
0	6.86564
0	59.6379
0	16.5811
1	822.074
0	26.1377
0	32.1703
1	1234.23
1	1998
1	819.517
0	536.498
1	715.378
0	48.3322
0	268.925
1	1087.2
0	5.1712
0	3.38687
0	10.2382
0	73.7941
0	8.92968
0	32.2141
0	13.4639
1	1186.86
0	42.3154
0	25.8845
0	103.109
0	1.75558
1	1220.67
0	7.03911
0	24.8005
0	35.3296
0	0.383266
0	1.77582
0	484.779
0	89.8764
0	57.5781
0	84.9404
1	964.308
1	2509.81
0	20.8938
0	34.1259
0	54.0852
0	332.024
0	88.6301
0	3.68641
0	90.2516
0	22.115
0	128.326
0	33.5878
0	80.8184
0	52.4868
0	363.406
0	541.116
0	144.999
0	19.1765
0	7.94214
0	23.6641
0	11.2201
0	60.5244
0	11.3313
0	2.21045
1	1210.78
0	35.9801
0	3.09518
0	86.3747
0	34.9389
0	1.87853
0	1.14181
0	27.3541
0	264.048
0	51.7019
0	341.708
0	8.65504
1	706.892
0	1.15379
0	45.3835
0	9.77381
0	40.9638
0	14.8797
0	33.2045
0	129.61
0	30.3062
0	30.9253
0	5.68234
0	0.248058
0	31.2901
0	497.216
0	7.9138
0	20.597
0	155.476
0	10.9396
0	0.0264606
0	10.6314
0	165.737
0	253.457
0	8.07518
0	10.4588
0	14.7741
0	228.056
0	16.633
0	227.442
0	4.55771
0	50.7967
0	149.662
1	957.436
0	55.0905
0	60.2378
0	1.704
0	107.303
0	48.1555
0	97.9727
0	18.2373
0	10.9353
0	1.39289
0	3.86336
0	29.3821
0	24.4526
0	2.98088
0	15.6772
0	46.7707
0	14.0829
0	14.0501
0	36.1183
0	28.3377
0	160.007
0	63.0526
0	319.424
0	52.4393
1	624.988
0	19.7563
0	130.521
0	95.3579
0	10.8371
1	1425.18
0	9.206
0	7.74183
0	14.9126
0	18.2408
0	48.603
0	36.657
0	423.522
0	367.547
0	27.0343
0	3.39035
1	675.884
0	233.662
0	41.7936
0	18.3002
0	58.5987
0	8.32621
0	182.34
0	2.87563
0	346.565
0	219.267
0	50.1064
1	823.745
0	140.776
0	565.075
0	181.367
0	2.2644
0	30.6285
0	58.3389
0	29.2607
0	38.6615
0	188.356
1	463.082
0	40.2867
0	154.611
0	60.3815
1	1325.4
0	58.1601
0	2.853
0	13.299
0	2.88212
0	73.43
0	12.068
0	4.90831
0	4.65518
0	73.3947
0	21.1791
0	7.17967
0	30.7806
0	272.634
0	19.2549
0	59.1589
0	6.02587
0	24.2056
0	23.428
0	70.0643
0	149.675
0	1.84827
0	58.1324
0	83.2975
0	94.7456
0	30.6396
0	48.3482
1	406.557
0	8.70562
0	47.7608
0	9.3563
1	1017.92
0	36.2174
0	13.9088
0	38.3776
0	46.936
0	172.718
0	38.3443
0	8.63566
0	11.042
0	385.436
0	6.12644
0	0.364134
0	162.35
0	6.57964
0	17.6584
0	3.08169
0	4.90772
0	134.201
0	37.8746
0	66.931
1	1100.54
0	12.4128
0	1008.41
0	11.6231
0	10.9647
0	110.254
0	67.7658
0	939.57
0	35.0486
1	1526.04
0	51.2565
0	46.5891
0	14.3214
0	33.0561
0	254.841
1	806.679
1	852.238
0	59.5481
0	5.23708
0	24.2487
0	602.881
0	26.5684
0	401.016
0	13.4904
0	64.7835
0	32.715
0	62.8265
0	16.9281
0	11.8045
0	47.015
0	9.93704
0	48.271
0	2.15778
0	13.2906
0	65.729
0	7.66747
0	14.1453
0	46.0569
0	127.077
0	19.4655
0	161.892
0	38.9148
0	8.30775
0	20.1791
0	546.849
0	20.3026
0	99.2568
0	96.6198
0	17.1336
0	66.1723
0	19.7939
0	26.5013
0	7.66355
0	16.8949
0	198.522
0	0.0590634
1	957.458
0	90.2761
0	19.9419
0	6.71337
0	52.9794
0	1.28267
0	27.5792
0	40.1041
0	243.937
1	801.343
0	2.19675
0	86.7901
1	1426.19
1	923.238
0	116.708
0	239.212
0	98.9461
0	16.081
0	172.428
0	20.3646
0	458.956
0	8.66803
0	96.492
0	93.8024
0	429.118
0	828.607
0	101.404
0	11.4886
0	4.13217
0	15.1177
0	101.411
0	374.955
0	118.473
1	847.365
0	85.8688
0	10.1604
0	46.1603
0	86.9153
0	73.9706
0	6.67506
0	16.1198
0	12.715
0	11.371
0	0.0398819
0	36.0882
0	5.21949
0	62.2492
0	7.2928
0	209.416
0	76.8256
0	143.667
0	7.17651
0	3.97771
0	4.34513
0	70.6408
0	28.6046
0	35.8585
1	757.868
0	14.3985
0	481.467
0	32.3451
0	311.105
0	10.8435
0	99.257
0	0.389289
0	15.5697
0	18.4907
0	2.06507
0	47.5982
0	67.4369
0	57.6549
0	11.1961
0	14.124
0	196.645
0	0.0729085
0	57.0196
1	1074.48
0	29.8677
0	136.053
0	41.8398
0	74.2392
0	142.271
0	28.4974
0	1.99019
0	18.5061
1	2316.13
0	17.7687
1	1838.61
0	171.552
1	934.342
0	24.2966
0	207.576
0	10.2883
0	59.9522
0	13.2969
0	1589.59
0	795.373
0	4.70126
0	125.554
0	46.274
0	294.238
0	26.7514
0	38.6996
0	26.0968
0	86.0505
0	51.4886
0	22.9955
0	59.7087
0	187.655
0	52.3718
0	15.8625
0	29.5589
0	40.2438
0	137.663
0	8.34608
0	42.0465
0	23.1705
0	125.245
0	29.2811
0	12.4596
0	149.915
1	824.851
0	12.8209
0	3.83847
0	95.1822
0	248.321
0	412.232
0	11.9709
0	115.371
0	1000.81
0	99.9135
0	36.0089
0	36.9328
0	15.0333
0	193.965
0	26.6415
1	1295.46
0	161.995
0	21.8139
0	242.679
1	636.127
0	16.7571
0	5.35571
0	10.6784
0	158.991
0	47.1733
0	15.3213
0	45.1745
0	6.06661
0	28.7893
0	46.0314
0	6.85966
0	265.055
0	61.093
0	22.8291
0	6.26122
0	46.1894
0	79.5521
0	53.2481
0	5.08502
0	9.50376
1	1066.92
0	78.1196
0	41.6522
0	109.62
0	27.5542
0	65.6182
0	168.012
0	37.1949
0	32.7585
0	857.608
1	732.837
0	11.2506
0	5.81775
0	147.302
0	7.97247
0	1134.54
0	30.1533
1	1370.02
0	45.1627
0	27.3592
0	27.9097
0	102.285
0	753.254
1	1449.5
1	1714.32
0	3.81648
0	22.968
0	16.1605
1	1053.24
0	14.3935
0	0.0929563
0	25.292
0	7.20338
0	8.99465
1	1098.16
0	18.0408
0	9.88247
0	147.16
0	91.4164
0	55.6995
0	3.13108
0	14.3232
0	16.5532
0	739.809
0	12.3413
0	13.6912
0	7.77741
0	11.7284
0	22.0394
0	352.665
0	107.732
0	9.88766
0	8.33218
0	1.85495
0	139.546
0	74.8611
0	51.5244
0	86.156
1	517.772
0	518.561
0	226.147
0	9.59305
0	6.62313
0	27.5196
0	19.1783
0	5.92851
1	507.43
0	36.4387
0	117.088
0	8.7377
0	110.049
0	117.828
0	104.14
0	246.669
0	214.15
0	473.386
1	724.623
0	48.9534
0	26.2978
0	8.32018
0	31.3211
0	4.82785
0	109.125
0	19.6502
0	37.4232
0	315.685
0	294.639
0	49.4416
0	29.4795
0	29.7981
0	72.8026
0	12.3618
0	9.48895
0	14.0893
1	922.879
0	72.1838
0	17.9252
1	1398.36
0	13.6958
0	174.638
0	22.8301
0	93.4825
0	3.86953
0	1.73918
0	13.0933
0	234.187
0	112.987
0	29.0558
0	7.95799
0	233.567
0	70.0633
0	167.134
0	24.2416
0	37.7548
0	88.1922
0	11.0222
0	32.7352
0	88.6668
0	526.483
0	159.624
0	71.6779
0	58.2945
0	91.3166
0	29.099
0	17.0791
0	18.4189
0	59.0514
0	3.71795
0	99.9135
0	24.5145
0	471.881
0	37.5088
0	5.31681
0	1044.23
0	5.65993
0	157.849
0	23.5557
0	37.8483
0	45.0142
0	74.071
0	14.2491
0	9.69208
0	26.2658
0	16.0918
0	392.827
0	80.9506
0	658.915
0	3.05882
0	171.491
0	44.4653
1	1580.47
0	11.5908
0	352.234
1	1280.41
0	27.2135
0	501.012
0	44.3551
0	136.235
0	18.7194
0	149.904
0	203.618
0	0.867082
0	0.600281
0	17.7896
0	23.9574
0	2.28404
0	6.96057
0	272.723
0	43.3435
0	107.79
0	79.1481
0	35.6708
1	1671.5
0	18.9314
1	1532.69
0	0.401773
0	10.088
1	2230.44
0	636.87
0	12.1735
1	1054.28
0	30.9326
0	9.04679
0	9.88683
0	20.5584
0	83.5547
0	12.5585
0	434.632
0	1.12334
0	291.818
0	298.278
1	1105.48
0	93.2656
0	41.5332
0	7.31485
0	1.2787
1	2909.35
0	27.2292
0	616.136
0	3.47578
0	3.58964
0	19.931
0	6.70445
0	10.5114
0	11.576
0	21.6348
0	2.13322
0	2.27712
0	183.5
0	7.44814
0	46.6914
0	43.8156
0	54.8254
0	31.0023
0	118.927
0	11.0303
0	166.25
0	8.35389
0	100.632
1	888.797
0	40.7908
0	2.64362
0	99.2123
0	1.56752
0	22.9295
0	34.078
0	48.641
1	591.253
1	1659.54
0	84.677
0	45.0798
0	100.594
0	344.593
0	69.7552
0	101.384
0	38.2009
0	5.46264
0	516.776
0	3.98396
0	17.3488
0	64.3388
0	2.05126
1	1122.51
0	22.5976
0	6.65947
0	17.0513
0	12.5014
0	150.236
0	58.3897
0	197.703
0	2.37452
0	94.8762
0	23.0412
0	44.8517
0	48.9581
0	38.4183
0	43.2498
0	25.1964
0	5.06692
0	22.2606
0	14.1463
0	24.6196
0	44.199
0	8.0653
1	2247.74
0	65.1052
0	5.6141
0	5.31228
0	53.5074
0	2.64711
0	120.904
0	31.7771
0	49.78
0	29.8577
0	2.58013
1	927.197
1	1352.23
0	79.7299
0	21.9953
0	1.04006
0	67.8818
0	12.9653
0	14.0905
0	180.508
1	942.708
0	56.8228
0	61.7229
0	163.083
0	62.7369
0	477.092
0	13.7787
0	29.7173
0	573.814
0	165.845
0	21.9745
0	110.857
0	24.2204
0	256.024
0	3.74882
0	50.734
0	123.083
0	23.1355
0	3.88722
0	0.708692
0	1.40872
1	1055.9
0	0.368382
0	9.83775
0	1.70782
0	17.6647
0	105.801
1	774.952
0	105.009
0	2.31647
0	55.2857
0	3.15564
0	30.6748
0	4.42033
0	30.8631
0	314.774
0	21.3954
0	43.3285
0	28.4606
0	2.19227
0	19.7263
0	14.8533
0	19.0252
0	133.596
0	78.1742
0	7.5345
0	1.56448
0	36.7415
0	20.904
0	47.5551
0	11.1217
0	95.4301
0	0.290125
0	290.465
0	24.4323
0	81.8223
0	55.9235
0	675.182
0	32.1742
0	12.1838
1	747.786
0	318.949
0	25.8666
0	6.22069
0	765.545
0	10.5115
0	3.35536
0	411.391
0	27.0233
0	303.924
0	86.0018
1	1053.79
0	1213.06
0	10.7898
0	4.82553
0	0.905038
0	106.899
0	110.878
0	41.0174
0	49.761
0	8.41414
0	119.142
0	2.53386
0	207.646
0	8.123
0	14.693
0	57.9266
0	231.996
1	502.514
0	11.6613
0	68.537
0	172.11
0	19.407
0	79.1712
0	113.548
0	24.7626
0	44.8128
0	90.4422
0	47.4456
0	12.8089
0	4.2032
0	49.7802
0	52.5244
1	1016.61
0	29.0647
0	55.1845
0	19.8191
0	9.57114
0	8.48286
1	934.988
0	38.3837
0	115.595
0	129.873
0	20.5019
0	68.2327
0	141.198
0	7.93467
0	12.8658
0	31.7202
0	16.5384
0	12.1462
0	140.798
0	11.9137
0	46.8762
0	1.71548
0	137.33
0	6.46001
0	2.59977
0	79.8973
0	28.0186
0	8.76627
0	17.3285
0	26.5705
0	45.6556
0	43.4612
0	2.55022
0	73.0963
0	763.69
0	19.4089
0	329.759
0	85.8747
0	13.8383
0	64.4818
0	10.7067
0	22.1235
0	7.21265
0	7.68061
1	840.91
0	85.5883
0	6.76893
0	338.881
0	30.8375
0	73.7287
0	87.9802
0	4.52537
0	5.99473
0	11.1132
0	13.1971
0	0.823473
0	120.709
0	18.2468
0	140.437
0	14.6588
0	36.0338
0	40.8046
0	145.209
0	1.71999
0	43.5385
0	31.5482
0	23.1459
0	128.423
0	128.83
0	259.403
0	4.10145
0	2.26698
1	841.625
0	9.84977
0	2.42858
1	1214.73
0	74.6697
0	585.315
0	1.22202
0	63.226
0	20.3818
0	29.2381
0	9.61256
0	46.1375
0	13.7944
0	63.9855
0	114.038
0	45.4176
0	73.6956
1	1070.44
0	334.363
0	101.1
0	6.11869
0	103.514
0	157.734
0	0.809416
0	68.629
1	1478.08
0	14.1784
1	998.067
0	1.46624
0	285.912
0	20.1276
0	16.8537
0	18.5258
0	57.8637
0	54.6073
0	191.816
0	5.68875
0	10.8387
0	77.4001
0	25.4164
0	213.141
0	77.1199
0	70.7136
0	221.604
0	33.1821
0	113.412
0	48.8127
0	18.0577
0	10.2755
0	45.3809
0	87.4671
0	12.9424
0	6.96541
0	227.885
0	22.4777
0	105.324
0	49.8448
0	15.5187
0	11.7898
0	65.6815
0	158.951
0	236.529
0	52.7783
0	103.29
0	486.204
0	3.05424
1	1339.82
0	10.5499
0	142.002
0	23.7489
0	83.7057
0	9.28575
0	201.407
0	48.4114
0	6.01415
0	44.5486
0	14.334
0	23.5176
0	64.9365
0	38.2617
0	238.64
0	17.1731
0	154.988
0	7.77421
0	56.6966
0	46.6629
0	19.8725
1	1254.85
0	38.3485
0	1.88803
0	22.648
0	16.0337
0	151.89
0	14.3761
1	1171.44
0	56.9335
0	9.97884
0	849.802
0	15.1447
0	26.9043
0	25.1102
0	56.0476
0	70.0063
0	13.74
0	0.491165
0	0.201745
0	44.0577
0	318.948
0	120.471
0	17.4507
0	159.16
1	499.415
0	13.3359
0	64.4582
0	104.009
0	62.2734
1	1392.91
0	17.7839
0	27.5196
0	24.8819
1	541.051
0	124.673
0	8.34615
1	1733.6
0	18.737
0	18.0537
0	198.303
0	0.697299
0	11.8496
0	26.4221
0	316.651
0	25.9963
0	4.31693
0	348.697
0	112.023
0	32.8408
0	182.801
1	945.379
0	162.844
0	38.6925
0	11.1082
0	280.791
0	21.9833
1	982.023
0	6.7582
0	8.1594
0	2.12748
1	684.286
0	39.5702
0	44.9163
0	126.138
0	16.327
0	7.28188
0	184.239
0	41.546
0	247.401
0	98.1712
0	6.80988
0	6.18805
0	241.394
0	10.0063
0	4.5705
0	14.3245
0	115.89
0	52.5577
0	642.941
0	5.60939
0	125.659
0	64.962
0	99.5737
0	58.0303
1	2306.8
0	9.56367
0	26.0455
0	60.7346
0	13.0755
0	12.5231
0	135.152
0	59.2345
0	2.50004
0	33.6756
0	58.8539
0	27.7424
0	67.7654
0	5.73728
0	18.659
0	129.68
0	1.27971
0	31.1677
0	207
0	8.98445
0	74.5971
0	30.3403
1	747.15
0	28.7177
1	1058.27
1	765.56
0	1.59349
0	104.617
0	9.91204
0	0.429712
0	12.0395
0	328.609
0	15.0005
0	163.298
0	166.649
0	21.7388
0	3.15675
0	171.994
0	17.6086
0	26.1927
0	72.718
1	2091.15
0	153.151
0	115.954
0	382.823
0	2.47519
0	30.4214
0	1.02471
0	29.6502
0	9.59592
0	56.7834
0	53.586
0	16.7469
0	143.481
0	6.51085
0	100.219
0	96.0315
0	40.254
0	96.3893
0	0.97012
0	26.742
0	437.706
0	0.232707
0	80.2678
0	23.8527
0	16.712
0	137.342
0	81.6367
0	272.033
0	14.0723
0	39.9863
0	64.4166
0	32.4759
0	18.3368
0	62.5682
0	45.1419
0	27.8632
0	112.409
0	42.7857
1	565.779
0	382.767
0	61.6208
0	93.2636
0	8.70596
0	25.6606
0	59.5639
0	772.398
0	93.2681
0	7.50373
0	14.3309
0	7.33235
0	10.9451
1	1544.12
0	1423.68
0	24.3493
0	6.50894
0	2.49628
0	28.9237
0	13.6823
0	26.0095
0	45.2501
0	307.708
0	4.28215
0	1.41848
0	32.6372
0	1.67366
0	45.8783
0	47.5675
1	1842.4
0	312.337
0	92.2317
1	3238.79
0	75.1059
0	445.556
0	7.54916
0	55.6193
0	5.11227
1	672.14
0	83.4782
0	34.9662
0	45.2968
0	13.0215
0	7.57914
0	23.0129
0	79.5878
1	1320.55
0	186.144
0	31.8268
0	12.2898
0	12.6456
0	4.14291
0	107.449
0	102.052
0	1.77397
0	133.767
0	312.6
0	66.023
0	19.0845
0	90.9812
0	11.2882
0	31.5952
0	241.463
1	1446.8
1	2476.58
0	100.465
0	46.0912
0	207.859
0	5.46428
0	30.8553
0	46.9607
0	8.62786
0	186.835
1	543.443
0	1110.09
0	46.5148
0	135.746
0	9.09735
0	34.4124
0	207.675
0	409.133
0	35.1541
0	44.4968
0	39.2526
0	68.5659
0	47.323
0	4.49824
0	10.1494
0	1.4444
0	75.7079
0	40.0391
0	65.9116
1	987.532
0	335.543
0	202.418
0	3.62253
0	31.0653
0	370.696
0	53.7832
0	58.5759
0	83.1004
0	31.583
0	1224.78
0	40.4692
0	199.327
0	9.4803
0	5.82499
0	0.91036
0	68.838
0	48.512
0	113.344
0	16.3037
0	9.75869
0	99.7583
0	140.267
0	8.71883
1	1467.41
0	198.109
0	17.7127
0	39.1068
0	20.9896
0	1.51348
0	102.707
0	30.0311
0	36.1619
0	20.1131
0	5.85729
0	20.6956
0	236.59
0	22.6745
0	12.7304
0	32.9184
0	28.2779
1	370.76
0	25.3323
0	12.6613
0	53.4945
0	21.3644
0	8.94953
0	64.7346
0	14.6703
0	15.4694
0	132.252
0	283.301
0	47.3094
0	184.543
0	60.3778
0	63.7827
0	213.168
0	32.5723
0	8.96721
0	94.6906
0	5.53849
0	11.992
0	320.771
1	890.115
0	1.53969
0	20.5551
0	4.89577
0	191.81
0	502.697
0	111.628
0	4.50551
0	3.17194
1	750.909
0	130.69
1	975.735
0	6.38015
0	317.997
0	23.1114
1	1554.3
0	2.92966
1	1130.77
0	10.3719
0	383.643
0	37.5745
0	18.1835
0	260.655
0	4.59479
0	147.672
0	36.1233
0	372.517
0	16.0419
0	58.1659
0	30.8716
0	246.932
1	632.065
1	896.673
0	70.2019
0	211.23
0	251.804
0	126.052
0	167.013
0	86.756
0	42.9745
0	17.837
0	57.3524
0	11.0682
0	824.791
0	29.4902
1	1750.72
0	98.2769
0	215.588
1	953.259
0	44.4182
0	4.71137
0	5.41257
0	8.59832
1	1475.88
0	59.0199
0	77.4365
0	72.2394
0	176.027
0	6.01933
0	81.2495
0	6.03863
0	41.609
0	148.956
0	10.4227
0	39.3559
0	1.10895
0	422.65
0	19.6284
0	19.5514
0	80.5038
0	32.8651
0	236.703
0	2.42998
0	35.5719
0	123.58
0	13.0302
0	0.326218
0	14.7396
0	101.69
0	15.7584
0	54.5944
1	996.613
1	1569.94
0	51.7319
0	203.642
0	11.381
0	176.913
0	106.67
0	28.0696
0	444.235
0	7.4318
0	91.2555
0	3.40009
0	153.016
0	19.691
0	52.3501
0	38.9415
0	295.341
1	1379.49
0	174.012
0	4.59406
0	24.9855
0	200.623
0	12.6332
0	141.566
0	9.27851
0	38.1618
0	31.3561
0	171.2
0	6.39424
0	582.854
0	10.0127
1	896.947
1	1202.12
0	91.0681
0	74.7594
1	1559.58
0	15.2127
0	186.662
0	8.99479
0	244.322
0	32.4825
0	6.53589
1	652.198
0	143.27
0	67.8272
0	10.6411
0	122.732
0	29.1692
0	7.48684
0	5.33479
1	1401.46
0	33.2407
0	123.524
1	938.362
0	1.81647
0	6.51763
0	146.962
0	29.1667
0	31.0988
0	24.8996
0	194.174
0	46.668
0	59.161
0	42.5298
0	40.0221
0	104.61
0	48.0979
0	56.5923
0	22.2981
0	24.2255
0	978.103
0	106.644
0	136.96
0	6.00285
0	140.694
0	12.3369
0	340.686
0	96.2151
0	0.983794
0	40.6605
0	475.214
0	8.73342
0	218.31
0	122.234
0	73.5845
0	79.6391
0	0.426164
0	12.0631
0	5.68693
0	634.34
0	134.867
0	23.5847
0	2.35865
0	424.657
0	226.976
0	4.55719
0	189.713
0	16.6009
0	50.2564
0	13.1274
0	938.756
0	57.684
0	9.35122
0	8.32748
0	62.8546
1	1227.76
0	13.2716
0	12.8877
0	29.2489
1	1206.18
1	1227.22
0	17.7212
0	342.915
0	94.6178
0	15.1227
0	8.16751
0	73.3378
0	22.8277
0	39.9837
0	26.8333
0	92.8934
0	0.801423
0	445.72
0	18.1748
0	10.0412
0	8.23199
1	636.287
0	38.9657
0	21.119
0	5.04417
0	28.2308
0	49.7165
0	39.1964
0	248.598
0	31.4865
0	1.69506
0	34.3131
0	10.3051
0	2.60462
1	538.405
0	135.785
0	3.13933
0	17.01
0	155.408
0	1.22276
0	99.8366
0	15.8124
0	32.171
0	9.65046
0	230.021
0	224.672
0	28.2233
1	767.209
0	325.604
0	21.6796
0	44.7961
0	51.2595
0	77.2541
0	304.156
0	7.82579
0	32.6397
0	134.928
0	139.31
0	908.992
0	11.6089
0	170.02
0	30.9515
0	7.93524
0	648.756
0	76.272
0	26.6838
0	7.83386
0	5.30977
0	321.117
0	4.35929
0	49.7647
0	20.8196
0	181.268
0	89.5147
0	5.0981
0	14.0403
0	3.48116
0	33.449
0	18.0686
0	92.6322
0	35.9567
0	270.392
0	27.8283
0	142.707
0	1503.38
0	7.68629
0	37.7756
0	72.8068
0	92.1525
0	72.9175
0	5.79899
0	8.24518
0	4.39764
0	30.2591
0	18.1755
0	16.9956
0	3.91382
0	12.127
0	24.0161
0	54.6568
0	158.576
0	22.3711
0	155.338
0	21.2858
0	21.6253
1	814.63
0	32.4144
0	93.6134
0	87.9797
0	144.707
0	119.935
0	16.3485
0	377.11
0	7.00143
0	15.4922
0	16.6479
1	1224.91
0	49.384
1	1365.58
0	97.9815
0	44.0256
0	1141.32
0	114.039
0	5.72721
0	18.0836
0	31.4575
0	32.5195
0	67.6486
0	20.618
0	46.9374
0	5.1358
0	18.5147
0	90.5131
0	10.5973
0	54.0773
0	1.41221
0	178.32
0	10.4151
0	19.5122
0	18.4292
0	36.8412
0	61.2437
0	548.88
0	197.847
0	10.5025
0	5.74427
0	301.716
0	447.396
1	821.676
0	49.1258
0	41.3584
0	215.778
0	210.815
0	32.1589
0	53.6093
0	1188.22
0	49.2642
0	29.3761
0	8.72834
0	39.5837
1	1603.83
0	96.2152
0	29.4966
0	50.7361
0	35.4507
0	14.137
0	30.3789
0	6.666
0	35.325
0	10.0499
0	153.637
0	25.9357
0	7.55765
1	1119.72
0	2.46477
0	231.879
0	74.6128
0	107.059
0	7.60386
0	5.56668
1	776.006
0	25.0832
0	36.9428
0	4.49565
0	127.196
0	36.223
0	259.19
0	130.691
0	49.2132
0	8.37861
0	99.4684
0	259.042
0	132.399
0	105.714
0	40.7861
0	1566.49
0	27.4254
0	2.79226
0	42.163
0	11.6544
1	724.781
0	25.4052
0	152.882
0	91.3265
0	26.1607
0	6.79103
0	259.129
0	19.4152
0	37.0565
0	50.001
0	6.57425
1	1082.61
1	1510.81
0	2.20622
0	50.3037
0	459.351
0	120.452
0	27.4317
0	9.39341
0	12.9392
0	6.61371
0	193.282
0	22.9232
1	2001.44
0	0.799326
0	133.821
0	116.688
0	31.2744
1	1760.16
0	204.779
0	345.576
0	852.11
0	8.14629
0	10.9732
0	23.1965
0	11.8639
1	2094.5
0	5.83774
0	6.11819
1	689.071
0	131.203
0	53.3084
0	56.6022
0	602.82
0	54.9784
0	2.79207
1	1106.13
0	69.4634
0	23.8953
0	73.682
0	135.521
0	26.101
0	13.745
0	212.588
0	19.8602
0	60.9629
0	61.7094
0	26.1989
1	1641.47
0	85.5956
0	132.613
0	151.037
0	9.16736
0	0.182124
1	991.292
0	3.80615
0	36.4854
0	64.5452
0	981.831
0	45.4527
0	19.1999
0	8.07399
0	4.1413
0	113.68
0	56.5208
0	38.2397
1	1067.36
0	62.9281
0	187.517
0	1.14728
0	10.757
0	74.9726
1	2393.94
0	33.5679
0	44.3455
0	460.017
0	5.58021
0	1.14876
1	1323.39
0	18.3069
0	26.8837
0	7.27236
0	31.2304
0	66.858
0	33.9684
0	29.0392
1	677.737
0	1375.54
0	118.484
0	45.0958
0	19.059
0	31.6021
0	18.1301
0	385.234
0	199.913
0	82.2646
0	235.601
0	6.66904
0	481.346
0	12.3844
0	30.1587
0	14.2663
0	13.8667
0	1.60807
1	1693.92
0	120.227
0	89.5057
0	20.128
0	64.4773
0	57.5755
0	198.94
0	65.8558
0	47.843
0	13.9665
0	138.197
0	9.02112
0	42.7009
1	797.131
0	324.45
0	29.6117
0	63.2486
0	25.3214
0	11.4411
0	34.2134
0	20.2537
0	35.2566
0	1189.71
0	102.174
0	80.5661
0	360.748
0	9.69506
1	826.02
0	199.025
0	0.575796
0	11.3031
0	8.13067
0	28.4032
0	40.1144
0	262.284
0	196.657
0	224.022
0	18.6019
0	10.6148
0	14.5779
0	85.9085
0	106.879
0	13.9799
1	1253.6
1	1564.18
0	34.5727
0	2.68927
0	3.07591
0	247.033
0	142.745
0	549.919
0	682.325
0	19.0988
0	13.1187
0	115.414
0	19.4797
0	130.654
0	3.50565
0	15.0037
0	17.8218
0	35.4176
0	152.898
0	58.5794
0	272.555
0	10.3734
0	60.9777
0	4.44658
0	496.901
0	48.203
0	85.6745
0	14.8867
0	80.6884
0	3.59988
1	1488.48
0	127.06
0	134.571
1	1900.6
0	191.578
0	66.0635
0	30.186
0	5.28848
0	18.1858
0	80.8846
0	184.618
0	623.615
0	26.202
0	33.4716
0	6.24971
0	0.974496
0	11.2175
0	22.9476
0	18.232
0	221.981
0	64.4975
0	35.6364
0	27.6123
0	24.7349
0	23.4202
0	34.7302
0	144.903
0	22.5975
1	873.496
0	129.431
0	44.9138
1	816.144
0	26.419
0	448.538
0	1.07665
0	70.1701
0	937.385
0	2.8676
0	10.2693
0	5.09307
0	0.0221167
0	28.5476
0	283.877
0	7.32044
0	58.2707
0	256.862
0	10.5658
0	233.826
0	3.37754
0	1762.41
0	175.395
0	21.0002
0	12.2904
0	37.1214
0	44.329
0	15.9297
0	30.8139
0	27.504
0	10.8695
1	1422.17
0	29.6806
0	3.30979
0	6.56279
0	2.687
0	41.2877
0	183.442
0	272.388
0	59.9453
0	147.442
0	288.054
0	5.1598
0	0.0459848
0	55.5627
0	548.858
1	650.202
0	18.6637
0	58.1831
0	30.1962
0	102.706
0	116.332
0	89.9962
0	608.334
0	16.381
0	8.21622
0	140.684
1	1447.13
1	1153.71
0	45.3029
0	40.2862
0	143.901
0	8.90652
0	27.6651
0	141.903
0	2.3475
0	17.9029
1	1201.6
1	702.899
0	7.95216
0	681.879
0	2.63064
0	288.127
0	345.485
0	5.0832
0	6.21014
0	49.3053
0	1138.54
0	59.2318
0	42.7788
1	1338.14
0	0.448293
0	12.4876
1	745.645
1	1285.68
0	45.8095
0	22.5186
0	7.69306
0	0.243212
1	1318.31
0	15.0894
0	194.96
0	34.2902
0	285.349
0	521.55
0	39.491
0	3.11913
1	1378.92
0	117.246
0	65.6889
0	23.7296
0	6.96776
0	24.6435
0	10.5603
0	16.8542
0	409.873
0	4.56192
0	24.3185
0	835.4
0	16.9387
0	0.718619
0	54.0324
1	1834.54
0	54.0776
0	2.5466
0	31.7645
0	15.9284
0	290.03
0	8.34464
0	90.0356
0	1045.63
0	2.79974
1	3104.66
0	111.261
0	7.2429
0	13.8005
0	34.8444
1	1045.5
0	240.139
0	46.9676
0	32.7689
1	932.829
0	431.527
0	27.5458
0	32.5131
0	11.7084
0	179.651
0	8.91378
0	42.505
0	18.2784
0	345.5
0	20.0361
0	6.77648
0	393.118
0	338.952
1	746.799
0	137.686
0	28.0335
0	11.771
0	116.601
0	48.3057
0	2.93829
0	5.57642
0	113.72
0	8.50905
0	5.72766
0	426.744
0	21.9703
0	7.08151
0	79.0682
0	63.0594
0	28.2276
1	1887.84
0	4.2284
0	78.2333
0	16.6954
0	72.5184
0	103.41
0	32.3841
0	74.5557
0	76.8048
0	46.0735
0	203.495
0	142.406
0	16.2914
0	0.578977
0	21.2782
0	92.5418
0	379.034
0	86.7674
0	26.8878
0	524.52
0	6.01315
0	16.1155
0	31.864
0	135.662
0	0.122324
0	188.162
0	13.3967
0	58.8178
0	12.5876
0	5.24288
0	40.4631
0	7.10022
0	122.359
0	39.6478
0	38.53
0	6.49978
0	37.929
0	0.606267
0	152.822
0	32.126
0	220.398
1	1526.05
0	122.829
0	1634.23
0	8.18464
0	144.551
0	24.6267
0	79.6922
0	14.8845
0	8.51531
0	32.69
0	28.4206
0	65.7208
1	841.576
1	863.062
0	1.91655
0	4.74907
0	68.8917
0	14.2909
0	2.42285
0	27.0213
0	4.02478
0	89.3926
0	13.0902
0	335.156
0	76.1047
0	6.75992
0	158.083
0	5.76546
0	49.2246
0	4.69478
0	176.617
0	95.0227
0	13.5385
0	29.9855
0	37.35
0	73.1829
0	12.3709
0	13.2872
0	49.0305
0	16.6646
0	1.97396
0	69.8834
0	746.484
0	6.2576
0	292.761
0	25.554
0	22.1077
0	13.2228
0	5.08872
1	1502.66
0	48.9636
0	36.9125
0	4.58791
0	1090.1
0	1143.41
0	15.4286
0	124.963
0	51.8128
0	7.76243
0	426.548
0	49.4515
0	53.2089
0	33.0393
0	27.7552
0	4.56779
0	956.965
0	54.0902
0	19.1278
0	5.81489
0	13.0215
0	5.18084
0	431.937
0	66.499
0	403.262
0	161.637
0	43.4711
0	126.76
0	4.54932
0	10.9048
0	14.4815
0	25.2296
0	10.0428
0	171.703
0	2.22884
0	36.3409
0	100.612
0	588.992
0	6.62772
0	1.63676
0	102.15
0	42.3465
0	65.857
0	3.06979
0	4.48994
0	53.0199
0	4.67676
0	17.199
1	870.442
1	711.488
1	861.677
0	101.529
0	8.9751
0	79.5938
0	13.1042
0	63.5314
0	107.576
1	1754.05
0	5.33865
0	15.3496
0	25.7848
0	8.25977
0	33.1281
0	20.922
1	677.075
0	44.1773
0	2.28701
0	0.796648
0	27.1014
0	43.616
0	47.6166
0	5.77989
0	17.7202
0	21.4621
0	10.3808
0	96.8297
0	61.7853
0	374.574
0	81.4919
0	1248.04
0	111.649
0	713.249
0	18.8757
1	848.172
0	293.55
0	6.09192
0	2.39355
0	111.05
0	582.664
0	30.9209
0	55.961
0	122.006
0	955.312
0	36.1797
1	621.382
0	10.4584
0	31.8873
0	20.7108
0	194.773
0	62.6719
0	367.267
0	78.8374
1	1161.28
0	42.7375
0	1.55289
0	219.822
0	136.898
0	0.743028
0	65.0662
0	170.761
0	19.0673
0	63.5141
0	7.35852
0	776.659
0	35.2543
0	716.358
1	707.324
0	17.4229
0	16.9062
0	14.9588
0	93.208
0	571.372
0	243.465
1	2072.31
0	63.9155
0	11.8803
0	119.907
1	765.81
0	22.2337
0	11.7699
0	0.84557
0	73.5714
0	291.755
0	147.032
0	2.17083
0	5.88669
0	186.277
0	33.9965
0	333.146
0	23.6957
1	1083.07
0	616.003
0	21.5409
1	1346.77
0	58.8163
0	8.85005
0	69.2711
0	123.984
0	162.769
0	36.0178
0	165.287
0	27.9896
0	231.567
0	187.746
0	134.73
1	1108.57
0	121.177
0	545.576
0	60.5218
0	2.37186
0	17.8805
0	144.163
0	48.7534
0	0.859698
1	721.59
0	86.927
0	1208.69
0	137.055
1	1808.76
0	1.09377
0	26.21
1	2685.77
0	107.569
0	16.6313
0	126.5
1	2177.97
0	29.0574
0	454.989
0	22.7289
0	60.1363
0	28.3473
0	10.696
0	2.15384
0	15.2889
0	2.72952
0	356.231
1	539.539
0	13.8587
0	76.5649
0	159.723
0	0.573764
0	15.9959
0	14.2417
0	114.033
0	14.1191
0	4.14875
0	100.644
0	33.52
0	10.9453
0	39.2155
1	1033.06
0	23.9364
0	189.703
0	6.10164
0	98.1819
0	52.051
0	55.2611
0	77.7713
0	63.5593
0	8.86484
0	61.6736
0	7.11331
0	123.181
0	58.3565
1	852.606
0	377.315
0	30.3185
0	9.79555
0	139.202
0	31.0378
1	1421.04
0	426.141
0	580.832
0	16.5021
1	1399.34
0	89.1041
0	74.1045
0	40.2562
0	46.2703
0	19.35
0	53.3773
1	508.536
0	386.19
1	641.562
0	6.92258
0	206.027
0	0.161805
0	157.411
1	547.216
0	7.99174
0	32.4416
0	68.9915
0	27.7679
0	4.40761
1	875.31
0	36.1134
0	54.3016
0	43.8279
0	16.5184
0	74.095
0	8.59031
0	20.8444
0	78.6108
0	26.3219
0	146.929
0	0.271304
0	76.24
0	30.1599
0	7.21851
0	124.93
0	6.66266
0	656.98
0	245.458
0	14.8868
0	125.745
0	132.69
0	8.09772
0	17.7804
1	1396.33
1	888.032
1	1830.44
0	28.3933
0	17.7521
1	840.16
1	1127.03
0	160.561
0	31.3371
0	32.6026
0	9.669
0	42.9428
0	13.2825
0	32.9399
0	32.26
0	26.4306
0	6.24174
0	17.526
0	29.476
0	18.4774
1	1422.04
0	19.4742
0	10.2624
1	779.283
0	0.335416
0	168.782
0	876.314
0	8.2624
0	31.7508
0	157.533
0	13.7217
1	2046
1	1483.19
0	0.978576
0	42.6338
0	90.7199
0	22.6889
0	77.6313
0	62.4742
0	23.311
0	18.7916
0	11.0964
0	61.3087
1	1639.81
0	23.6782
0	12.8577
0	8.24253
0	11.0488
1	579.962
0	16.3725
0	77.1113
1	1038.56
0	43.5336
0	42.4762
0	21.8371
0	11.4468
0	597.611
0	1.45218
0	10.085
0	38.2537
0	33.9104
1	2004.64
0	256.005
0	7.21897
0	20.5855
0	3.57869
1	762.741
1	1346.79
0	15.5391
0	5.14445
0	239.272
0	13.6579
0	55.0298
0	467.752
0	82.5398
1	1041.11
0	6.36038
0	26.2773
0	49.7421
0	39.4454
0	3.82249
0	36.0071
1	459.762
0	103.081
0	2.00349
0	43.6471
0	73.5746
0	21.7579
0	10.4213
0	49.2155
1	696.973
0	213.829
0	37.4654
1	1186.39
0	49.2338
0	22.7524
0	11.0956
0	19.8856
0	31.5829
0	113.057
1	820.038
0	447.316
1	821.311
0	18.6434
0	34.2566
0	97.5484
0	420.695
1	1049.14
0	20.6775
0	105.622
1	1224.26
0	286.132
0	999.032
0	15.6229
0	46.9722
0	146.558
0	16.0476
0	66.4398
1	1474.01
0	323.86
0	44.24
0	10.8719
0	16.5201
1	968.517
0	48.9821
0	98.5885
0	49.6077
0	63.3605
0	61.6755
0	204.947
0	11.334
1	2767.42
0	113.069
0	997.255
0	11.3702
0	6.63386
0	168.917
0	8.10432
0	340.331
0	157.777
0	11.7661
0	23.8062
0	36.7626
0	36.2843
0	107.086
0	40.8619
0	34.5811
0	24.1929
0	305.629
0	79.7619
0	143.456
0	89.4576
0	15.0222
1	816.634
0	14.9925
0	24.9476
0	61.7054
0	204.402
0	122.649
0	0.119456
0	66.6433
0	225.937
1	1207.49
0	31.8904
0	14.0922
0	7.74977
0	75.4478
0	34.3099
0	627.846
0	2.27387
0	798.757
0	39.9384
0	30.0328
0	203.027
0	17.5296
0	24.842
0	8.74773
1	1034.07
0	3.48363
0	53.5322
0	58.0607
1	1009.31
1	1386.33
0	3.28295
0	173.55
0	17.3191
0	126.578
0	257.165
0	4.63028
0	58.6268
0	6.73108
0	37.7783
0	10.8691
0	29.2832
0	37.1657
0	12.6351
0	12.6637
0	39.0501
0	6.3321
0	47.2539
0	63.5883
1	1846.06
0	68.9782
0	6.79776
0	490.948
1	1343.72
0	26.9569
0	20.3898
0	1.75715
1	1859.48
0	139.538
0	7.86752
0	52.3939
0	12.8706
0	11.4152
0	20.7621
0	334.213
0	23.3909
0	33.2347
0	22.881
1	990.437
0	50.6752
0	27.1345
0	24.6602
0	150.347
0	1307.04
0	1072.65
0	15.6519
0	6.29754
0	133.44
0	15.8391
0	193.338
0	18.879
0	144.291
0	48.0565
0	23.4826
0	7.58302
0	3.43744
0	107.514
0	0.820918
0	22.6985
0	19.3543
0	25.4933
0	445.219
0	31.8036
0	60.6127
0	48.937
0	81.9371
1	900.751
0	34.6516
0	97.6201
0	22.7514
0	22.0788
0	32.3038
0	47.8199
0	8.20741
0	46.9154
0	15.6842
0	0.749
0	119.418
0	22.5832
0	7.07401
0	81.215
1	892.348
0	804.778
0	17.6994
0	9.4723
0	41.2388
0	513.75
0	50.4795
0	204.761
0	43.8238
0	3.54598
0	31.7677
0	13.8665
0	35.6972
0	58.5881
1	1282.2
0	33.6779
0	15.6336
0	97.1924
1	1763.13
0	20.6024
0	8.90103
0	155.537
0	35.0434
0	182.61
0	18.6574
0	30.3467
0	14.1555
0	224.413
0	103.132
0	34.2571
1	775.979
0	59.9855
0	114.945
0	32.676
0	190.584
0	31.3215
0	38.0141
0	198.065
0	260.677
0	39.6213
0	36.8969
0	154.212
0	8.94009
0	4.87497
0	180.889
0	21.7942
0	1.09702
0	52.7164
0	14.5838
0	10.9104
0	56.2949
0	45.4546
0	813.466
0	38.5063
0	440.392
0	33.3884
1	2070.34
0	84.4962
0	5.63269
1	539.943
0	12.9944
1	1244.77
0	126.047
0	1.65438
0	271.485
0	4.3057
0	56.0066
0	22.2313
0	31.3761
1	1405.98
0	32.5851
0	453.832
0	280.369
0	785.101
0	74.9151
0	50.4048
0	14.8394
0	98.1733
0	24.6682
0	48.8478
0	5.518
0	5.66147
0	22.2297
0	4.25783
0	63.7028
0	49.8177
0	27.2299
0	3.53443
0	31.3516
0	3.88929
1	1254.5
0	7.20417
0	228.409
0	13.2541
0	0.961664
0	23.1476
0	4.1743
0	26.6865
0	8.46515
0	37.0225
0	5.02839
0	41.2347
0	30.3199
0	211.777
0	41.0254
0	8.44562
0	114.398
0	51.1401
0	0.696964
0	28.1786
0	28.4218
0	13.3537
0	3.34768
0	816.402
0	11.0872
0	35.0072
0	15.4792
0	186.527
0	34.1165
0	664.578
0	35.1091
0	38.9069
0	163.111
0	222.049
0	13.1307
0	2.15545
0	20.6986
0	773.646
0	72.8222
0	153.209
0	8.55099
0	230.187
0	35.2031
0	25.3386
0	73.1706
1	2336.66
0	548.851
0	34.0826
0	59.2242
0	17.6123
0	28.1112
0	78.3934
0	33.9128
0	58.7297
0	1.35088
0	48.3162
0	4.79445
0	195.888
1	943.52
0	1.32932
0	31.2492
0	24.3553
0	171.935
0	23.698
0	99.6022
0	176.697
0	30.3134
1	473.211
0	9.40572
0	435.359
0	35.3191
0	171.952
0	43.004
0	2.43072
0	25.6234
0	228.183
0	7.63579
0	143.382
0	123.472
0	1103.78
0	2.43197
0	16.2064
0	82.0244
0	15.3249
0	28.0657
0	6.13644
0	19.8041
0	18.4766
0	46.1508
0	245.163
0	30.4333
0	5.45428
0	73.6976
0	16.8674
0	29.4593
0	12.1814
0	29.507
0	68.3825
0	124.303
0	9.01543
0	20.1552
0	60.1663
0	42.6223
0	798.305
1	1192.75
0	108.562
1	2838.76
0	798.354
0	18.3156
0	112.755
0	383.456
0	122.804
0	52.9056
0	94.592
0	10.9603
0	149.759
0	74.0924
0	48.6764
0	208.824
0	27.0963
0	2.84757
0	29.0904
0	27.1584
0	0.133812
0	19.6961
0	13.4939
0	112.529
0	324.115
0	2.95406
0	11.944
0	54.4675
0	53.9985
0	72.7
0	8.97587
0	29.8533
0	19.6292
0	5.55713
0	66.0306
1	943.253
0	137.134
0	18.5138
0	106.709
0	141.151
0	2.3859
0	20.5164
0	2.38827
0	19.8603
0	28.9138
0	32.0984
0	12.59
0	18.3442
0	30.5434
0	526.117
0	6.84175
0	0.166703
0	36.5623
0	203.291
1	1338.52
0	469.409
0	73.7403
0	41.9041
0	154.533
0	31.0383
0	3.32389
0	9.7429
0	58.6662
1	679.273
0	259.335
0	56.9755
0	172.43
1	1018.75
0	269.548
0	1.43418
0	42.7012
0	317.715
0	45.1909
0	14.507
0	24.9198
0	119.486
0	2.24426
0	11.739
0	27.8388
0	12.4002
0	116.114
0	32.1405
1	505.634
0	8.95519
0	3.50723
0	1.03165
0	34.6272
0	96.376
0	1.93488
0	0.654436
1	569.633
0	231.787
0	122.687
0	19.2344
0	34.0332
0	4.92531
0	5.53681
0	0.37318
0	8.14827
1	561.533
0	17.1019
0	12.0414
0	157.955
0	135.9
0	10.8481
0	10.6942
0	10.5957
0	90.56
0	19.4315
0	72.471
0	2284.67
0	312.785
0	372.36
0	6.7928
0	44.077
0	214.967
0	92.0271
0	88.3163
0	8.29254
0	82.1148
0	40.7793
0	35.6253
0	42.1975
0	82.8471
1	740.838
0	15.4475
0	198.034
0	53.5786
0	3.48957
0	1.1888
0	13.2989
0	372.295
0	97.6425
1	1170.4
0	18.5661
0	5.14796
0	47.0326
0	23.3064
0	74.7654
0	29.1238
0	109.792
0	521.77
0	3.24631
0	48.8925
0	841.68
0	138.896
0	14.0947
0	1.43337
0	97.7427
0	40.1354
0	23.142
0	6.7691
0	1.97429
0	15.2211
0	192.558
0	31.055
0	41.826
0	19.3312
0	28.1058
0	24.8303
0	66.4899
0	37.7502
0	7.83345
0	136.154
0	6.86504
0	1.50388
0	42.5297
0	4.43799
0	70.3506
1	957.214
1	1083.28
0	19.9441
1	856.086
0	27.667
0	137.535
0	73.5768
1	746.285
0	156.469
0	303.207
0	13.3159
0	51.3267
0	2.17234
0	198.417
0	39.6247
0	12.8703
0	121.045
0	468.206
0	1.47578
0	2.27655
0	111.933
0	39.9889
0	24.1835
0	6.76553
0	17.6299
0	25.5928
0	15.6601
0	226.008
0	929.247
0	4.03684
0	0.187696
1	568.157
0	22.2833
0	34.6405
0	188.667
0	72.7192
0	3.46186
0	11.6404
0	7.87319
0	22.9466
0	56.0128
0	6.55882
0	69.6226
0	11.0688
0	0.449074
0	48.7124
0	20.0088
0	7.07985
0	57.2183
0	47.2622
0	82.2326
0	6.45114
0	6.5734
0	45.201
0	4.64978
0	9.82547
0	56.5908
1	1427.06
0	2.88834
0	31.3183
0	121.378
0	25.2344
0	31.9769
1	615.671
0	129.703
0	21.1285
0	417.885
0	27.7425
0	241.893
0	47.1375
0	281.786
0	41.9864
0	11.7645
0	29.4516
0	211.819
0	11.2536
0	19.6482
0	149.056
0	211.255
0	56.7483
0	6.12447
0	83.6359
0	13.9403
0	11.7816
0	57.2144
0	190.18
0	15.0838
0	9.66919
0	61.8651
0	71.7274
0	0.769846
0	32.7844
0	12.6472
0	95.935
0	357.029
0	2.1755
0	27.7679
0	131.469
0	95.9012
0	83.9542
0	2.83068
0	38.1622
0	51.1097
0	9.21575
0	148.796
1	880.763
0	218.563
0	8.27031
0	200.641
0	69.8111
0	7.44686
0	7.6938
0	375.696
1	1456.02
0	49.981
0	15.5951
0	15.4365
0	27.8479
0	36.0438
0	2.1926
0	166.185
0	1.7561
0	1.0209
0	31.5838
0	20.5783
0	6.88189
0	122.685
0	6.9696
0	473.663
1	1520.41
0	16.7294
1	1112.5
1	1259.55
1	399.357
0	88.652
0	8.74715
0	36.5227
0	42.8985
0	19.0261
0	130.313
0	200.893
0	130.239
1	1675.72
0	8.94809
0	9.79453
0	11.6919
0	53.493
0	56.6218
0	33.7478
0	14.1282
0	22.8381
0	8.51172
0	63.3398
0	342.132
0	16.4305
1	826.158
0	7.03474
0	18.7661
1	922.755
0	8.71649
0	16.3226
0	31.4196
0	978.958
0	152.035
0	271.567
0	3.73462
0	57.2928
0	750.116
1	1172.28
0	142.352
0	40.1827
0	64.6791
0	9.69616
0	122.001
0	339.435
0	38.679
0	5.05578
0	10.6085
0	3.37699
0	38.015
0	11.3797
0	39.7726
1	4290.99
0	138.64
0	49.2111
0	38.1892
0	396.265
0	186.871
0	16.2887
1	1144.02
0	292.573
0	5.71593
0	1.52424
0	107.43
0	63.1642
0	7.51798
0	63.3712
0	14.4174
0	15.7464
1	1192.16
0	0.442383
1	1124.07
0	31.1505
0	269.657
1	889.789
0	132.087
0	20.7869
0	14.4744
1	1579.63
0	17.9912
0	6.94834
0	184.555
0	50.4251
0	6.76005
0	58.8363
0	43.6264
0	5.0265
0	47.7225
0	106.46
0	53.8721
0	83.8434
0	24.6435
0	24.9437
0	22.2463
0	15.1959
0	18.7391
0	3.58214
0	107.585
0	925.85
1	883.93
1	2103.61
0	6.45966
0	24.6038
0	43.724
0	0.753142
0	5.08838
0	126.853
1	1376.44
0	1651.92
1	1387.31
0	2.18813
0	61.0925
1	1468.04
0	42.2205
0	21.081
0	402.452
1	1247.44
0	12.0833
0	75.7659
0	74.8005
0	2.48698
0	21.8047
0	189.128
0	178.822
0	28.4997
0	275.071
0	6.69751
0	149.438
1	557.141
0	31.8675
0	22.319
0	80.8384
0	0.606506
0	0.52769
0	12.9885
0	74.2274
0	60.3694
0	15.3945
0	358.328
0	68.9846
0	21.0116
0	44.6482
0	57.1229
0	109.878
0	14.6746
0	0.310896
0	167.32
0	0.0783833
0	9.37841
0	27.7486
0	25.3754
0	18.9773
0	46.5873
0	5.96
0	118.978
0	11.066
0	53.6017
0	20.9717
1	722.401
0	8.21327
0	17.2993
0	53.9486
0	82.9422
0	67.6769
0	15.2112
0	115.409
0	21.2144
0	31.6492
0	115.744
0	61.6892
0	192.313
0	45.8779
0	76.808
1	744.792
0	358.143
0	259.389
0	160.83
0	15.2284
0	2.31392
0	10.6084
0	279.202
0	66.8426
0	21.8409
0	6.02367
0	19.5627
1	966.701
0	0.995566
0	293.921
1	1768.37
0	20.5776
0	391.351
0	326.245
0	1.37216
1	2122.42
0	45.0595
1	872.268
0	60.8868
0	799.427
0	17.9889
0	14.2785
0	7.5216
1	533.174
0	35.7669
0	60.691
0	21.1979
0	0.885749
0	22.6639
0	21.2488
0	21.4899
0	12.5255
0	24.0117
0	24.4741
0	125.169
0	87.854
0	70.713
0	90.5468
0	15.1941
0	81.442
0	707.125
0	15.3388
0	1.20671
0	103.158
0	8.21006
0	23.8647
0	46.8369
0	56.7772
0	20.2339
0	30.8568
0	30.7596
0	79.0801
0	16.5258
0	30.9622
0	20.5992
0	91.5032
0	35.3783
0	23.4618
0	8.65577
0	76.6321
0	17.5935
0	138.799
0	101.005
0	230.081
0	80.7084
0	623.764
0	85.9321
0	24.2573
0	146.065
0	9.77327
0	452.934
0	7.85766
0	12.5792
0	24.4876
0	249.106
0	13.3911
0	9.81102
0	5.57575
0	36.5603
0	36.5673
0	31.9638
0	11.9674
0	281.548
0	7.33076
0	221.287
0	27.1493
0	367.65
0	23.0051
0	713.304
0	19.8821
0	55.3033
0	9.38122
1	1259.03
0	12.5588
0	136.705
0	32.3038
0	344.472
0	260.284
0	12.1774
0	9.44437
0	107.6
0	509.513
0	11.7174
0	181.422
0	36.071
0	28.7164
0	2.77795
0	1.41812
0	25.74
1	948.051
0	0.368765
1	1420.03
0	485.281
0	50.4233
1	1185.62
0	53.0525
0	12.5781
0	1.04085
0	3.2678
0	26.0549
0	55.0469
0	315.71
0	136.303
1	882.714
0	21.6562
0	23.5902
0	123.523
0	26.8004
0	4.9977
0	171.268
1	1266.39
0	73.8188
0	29.1531
0	16.4677
0	22.1566
0	155.037
1	3221.61
0	90.5474
0	2.7532
0	14.5571
0	15.8209
0	26.2071
0	151.225
0	7.66671
0	15.5819
0	11.7578
0	5.24094
0	38.2095
0	17.0227
0	31.8803
0	38.9248
0	18.3627
0	46.7956
0	418.061
0	146.958
0	1026.18
1	1350
0	34.2541
0	125.035
0	359.548
0	278.766
0	8.52619
0	211.001
0	86.9427
0	38.9662
0	30.1855
0	58.6068
0	37.4609
0	140.334
0	209.046
0	9.41215
0	61.188
0	37.8013
0	887.175
0	37.8561
0	29.1219
0	20.6255
1	1506.37
0	4.78767
0	32.3008
0	0.159107
0	4.59377
0	1.46771
0	11.3373
0	7.96779
0	622.266
0	11.4538
0	121.892
0	28.2562
0	18.3153
0	2.24606
0	117.703
0	439.409
0	45.1595
0	10.5865
0	17.0036
0	21.3918
0	120.087
0	421.938
0	3.9544
0	108.371
0	437.827
1	1789.23
0	10.2316
0	2.65796
0	37.3454
0	11.2547
0	35.0029
0	5.00876
0	111.721
0	308.79
0	90.8778
0	151.202
0	15.4397
0	25.2622
0	47.0323
0	13.1414
0	132.127
0	103.887
1	940.507
0	69.9501
0	152.304
0	36.7873
0	10.3117
0	26.364
0	9.97551
0	193.226
0	27.663
0	17.1831
0	5.77491
0	23.4762
0	9.48948
0	3.49143
0	8.9361
0	4.96947
0	64.4481
0	1.21919
0	35.6043
0	6.69484
0	18.8212
0	28.1061
0	2.97243
0	21.5481
0	103.116
0	10.4552
0	128.836
0	5.27035
0	189.725
0	553.536
0	18.6698
0	40.0158
0	74.0853
0	90.6787
0	75.3633
1	2118.04
0	107.152
0	41.4377
0	45.0611
0	14.8084
0	1.15573
0	36.1941
0	19.309
0	650.203
0	34.4122
0	6.12775
0	15.4878
0	302.805
0	67.6791
0	13.0844
0	32.7029
0	0.818182
0	22.1224
0	9.16133
0	6.48538
1	735.252
0	593.117
1	1020.7
0	131.849
0	408.775
0	17.8227
0	24.3549
0	8.03061
0	36.2435
0	12.5404
1	635.451
0	19.9222
0	372.667
0	94.9855
0	25.2457
0	186.293
0	28.0165
0	71.9047
0	37.6081
0	8.19377
0	85.9736
0	24.5347
0	1.67713
0	162.795
0	105.142
0	128.365
0	1.29665
0	9.42785
0	26.1643
0	28.583
0	62.9877
0	50.8264
0	0.170456
1	1255.63
0	157.837
0	16.0277
1	1908.89
0	491.853
0	31.8019
0	17.2705
1	589.207
0	116.958
0	33.4496
0	183.147
0	4.30215
0	0.699976
0	40.8886
1	1201.31
0	8.81793
0	261.721
0	2.57535
0	49.489
0	106.253
1	1968.44
0	17.2423
0	56.5287
0	84.7118
0	11.2549
0	25.4861
0	0.898309
0	478.909
0	60.1034
0	50.1734
0	19.8981
0	35.6443
0	14.4212
0	49.4223
0	86.2059
0	21.5389
0	19.1823
0	1.02099
0	232.434
0	18.7163
0	205.491
0	1.55448
0	1.76324
0	64.6239
1	1136.17
0	13.5135
0	12.0326
0	294.295
0	16.8186
0	2.87361
1	1099.04
0	5.81504
0	52.4407
0	635.851
0	11.6163
0	23.9493
0	189.829
0	218.694
0	36.1468
0	18.8911
0	4.78983
0	87.1035
0	58.1391
0	46.2389
0	4.25624
0	14.2042
0	26.7298
0	80.4995
1	863.024
1	581.608
0	153.789
0	27.981
0	109.431
0	67.9268
0	9.98147
0	22.0485
0	247.007
0	6.46527
0	96.5121
0	89.7348
1	807.928
1	846.022
0	33.2066
0	60.1778
0	18.6219
0	58.7639
0	275.172
0	9.19388
1	1336.78
0	21.3811
0	801.841
0	13.4854
0	103.315
0	33.1
0	150.312
0	3.98969
0	10.649
0	69.5073
0	17.469
0	25.8043
1	1963.74
0	26.3862
0	440.507
0	2.73759
0	318.198
0	73.3677
0	155.877
0	315.08
0	6.73808
0	188.523
0	45.1606
0	52.9388
0	0.818307
0	66.5411
0	10.0835
0	56.3499
0	40.281
0	10.5487
1	1065.63
0	24.5864
0	0.858425
0	48.6486
0	3.75877
0	96.3268
0	10.4688
1	1800.15
0	36.01
0	28.6741
1	847.733
0	12.8611
0	62.2168
1	847.971
0	153.455
0	12.8257
0	27.7674
0	65.4646
0	4.63436
0	24.4105
0	1357.38
0	4.66105
0	7.57816
0	202.888
0	26.942
0	1.2834
0	25.5274
0	14.1248
0	7.97822
0	52.408
0	21.0505
0	76.7953
0	3.59043
0	49.2074
0	31.3049
0	51.7879
0	53.9878
0	9.28925
0	129.322
0	48.2954
0	54.3021
1	1092.15
0	119.329
0	18.6072
0	2.3271
0	102.166
0	18.511
0	18.1828
0	30.6019
0	216.953
0	144.455
0	230.709
0	31.2243
0	44.1774
0	2.37015
0	51.9157
0	28.0958
0	462.046
0	268.113
0	34.6562
0	0.294756
0	72.8125
0	6.12323
0	913.317
0	263.943
0	131.355
0	184.029
1	2791.47
0	105.21
0	19.4557
0	15.4508
0	0.392455
0	18.004
0	91.5642
0	233.71
0	114.189
0	12.9954
0	497.63
0	5.85881
0	6.19747
0	25.9423
0	436.071
0	17.9667
0	46.3249
0	81.3475
0	11.9233
0	22.3359
0	115.744
0	9.79764
0	2.54898
0	369.156
1	600.755
0	5.45772
1	1047.53
0	3.90414
0	15.1232
0	332.101
0	3.49098
0	232.982
0	12.6865
0	76.2728
0	9.33928
0	41.5004
1	1636.11
0	180.278
1	405.34
0	110.133
0	52.0032
0	5.279
0	390.207
0	13.3482
0	38.3526
0	82.2789
1	911.646
0	26.9677
0	96.6372
0	8.56742
1	1845.93
0	110.266
0	144.942
0	79.1269
0	154.993
0	9.92482
0	347.3
0	10.0255
0	3.44327
0	109.727
0	104.625
0	10.9894
1	1324.36
0	41.4471
0	36.2508
0	93.6665
0	21.4049
0	9.33227
0	36.3848
0	17.3629
0	109.815
0	17.2349
0	11.2625
0	364.039
0	124.127
0	350.344
0	52.3956
0	174.603
0	216.846
0	58.3583
0	10.2373
0	284.083
0	352.015
0	183.423
0	132.596
0	26.7182
0	13.8314
0	64.5382
1	2848.11
1	1266.87
0	27.3487
0	28.1902
0	89.6857
0	6.67807
0	1144.13
0	296.789
0	25.8528
0	76.0138
0	25.9425
0	110.525
0	42.2191
1	1282.08
1	1686.34
0	359.289
0	11.8567
0	5.86728
0	18.0498
0	5.85152
0	42.6362
0	30.4612
0	100.788
0	71.9304
0	10.324
0	20.2064
0	23.0927
0	4.52555
0	27.0673
0	28.2579
0	429.641
0	44.7197
0	13.9795
0	7.13857
1	705.182
0	46.078
0	607.703
0	49.3128
0	78.4629
1	1653.42
0	7.85414
0	17.0983
0	80.6873
0	21.7681
0	8.57833
0	232.184
0	4.90397
0	29.1221
0	184.518
0	60.8416
0	384.369
0	9.42344
0	43.4753
0	23.9865
0	82.6595
0	78.8778
0	49.0771
0	1.22582
0	290.754
0	14.6104
0	503.644
0	63.1178
0	42.0111
1	1493.07
0	224.71
1	925.195
0	18.4933
0	126.158
1	935.366
0	0.265108
0	51.4795
0	6.83224
0	646.2
0	122.957
0	54.9512
0	25.7844
0	14.9993
0	0.347538
0	55.9667
0	42.4299
0	22.8097
0	123.118
0	46.1342
0	19.2146
0	26.2756
0	20.0253
0	13.5051
0	60.3687
0	162.911
0	3.91346
0	3.31034
0	173.057
0	6.066
1	2229.9
0	9.30051
0	71.2105
0	17.555
0	75.7208
0	251.724
0	7.50341
0	67.9319
0	0.681788
0	173.809
0	190.566
0	57.9643
0	21.3466
0	102.608
0	156.705
0	74.105
0	5.41995
0	34.3266
0	241.909
0	245.235
0	31.9871
1	1084.34
1	1551.24
0	13.4041
0	26.4823
0	13.9675
0	8.66674
0	7.9791
0	65.2512
0	45.7237
0	11.3712
0	40.2673
0	77.5902
0	191.989
0	320.753
1	885.214
0	10.4843
0	24.3208
0	6.51117
0	45.4159
0	64.6719
0	7.62609
0	144.722
0	181.849
0	58.9617
0	536.332
0	81.1715
0	74.3384
0	247.808
0	140.361
0	72.7005
0	17.5108
0	86.0378
1	728.736
0	42.8762
0	3.60626
0	30.656
1	1764.81
0	339.364
0	63.8112
0	1.67809
0	16.5531
0	38.6311
0	6.18394
1	779.485
0	42.8057
0	5.19258
0	22.346
0	73.382
0	346.828
0	36.757
0	0.275698
0	97.9667
0	294.413
0	12.0996
0	15.4133
0	11.9056
0	272.323
0	93.3105
0	383.557
0	6.60019
0	110.809
0	13.3255
0	35.0562
0	4.02694
0	111.609
0	4.85655
0	160.515
0	13.4058
0	26.2206
1	915.715
0	12.4154
0	56.1827
0	830.815
0	88.8874
0	59.3862
0	289.645
0	296.264
0	164.461
0	17.1966
0	1.26759
0	2.04524
0	6.07985
0	7.94617
0	5.50655
0	300.268
0	14.8639
0	112.602
0	33.3322
0	9.19879
0	240.474
0	10.5621
0	37.5696
0	10.5412
1	1607.57
0	6.80837
0	9.09407
0	151.542
0	44.8669
0	134.928
0	2.88574
0	439.614
0	99.9314
0	13.0184
0	0.309366
0	21.8127
0	7.16129
0	4.17239
0	6.48688
0	1393
0	8.40681
0	8.22299
0	15.5941
0	0.703347
1	496.986
0	65.1371
0	74.192
0	34.411
0	53.639
0	820.335
0	85.5811
0	87.0278
0	250.939
0	15.7074
0	109.164
0	34.9879
0	206.592
0	36.5714
0	8.84036
0	5.58987
0	37.8864
0	37.6535
0	120.187
0	33.8903
0	16.1695
0	2.42979
0	2.65805
0	20.7452
0	47.282
0	56.4666
0	13.6795
0	20.6806
0	31.9287
0	31.6751
0	37.0959
0	15.4541
0	77.6092
0	204.001
0	3.18367
0	35.4235
0	1.9831
0	125.831
0	9.22266
0	23.0679
0	14.7092
0	41.5718
0	8.52934
0	353.027
0	14.0342
0	9.8871
0	46.7998
0	1.60279
0	43.8341
0	10.026
0	69.2089
0	7.56355
0	331.491
0	96.4943
0	2.69886
0	13.2408
0	16.3561
0	10.107
0	3.32885
0	9.54907
0	98.4047
0	5.46744
0	54.9891
0	378.303
0	3.64919
0	126.387
0	22.714
0	12.2728
1	1029.12
0	14.3851
0	173.726
0	12.9366
0	61.7481
0	24.8275
0	3.94591
0	268.999
0	7.12812
0	4.89825
0	4.10023
0	2.64657
0	123.828
1	1311.79
0	12.4726
0	4.41542
0	5.38056
0	235.228
0	51.814
0	65.4851
0	189.288
0	29.4352
0	19.6092
0	7.79264
0	3.57649
0	24.1014
0	34.0622
0	0.956878
0	183.816
0	10.5783
0	37.6687
0	57.9468
0	7.51115
0	136.131
0	109.962
1	465.338
0	136.09
0	71.7449
0	47.9292
1	562.124
0	10.1839
0	126.534
1	967.813
0	11.2774
1	656.175
0	30.1823
0	201.523
0	31.0567
0	75.6471
1	1081.35
0	26.6965
0	30.5002
0	2.38492
0	4.63565
0	242.045
0	16.8563
0	363.383
0	46.3578
0	48.0761
0	199.931
0	88.5604
0	20.5075
0	43.746
0	3.30399
0	34.2667
1	1195.01
0	832.586
0	59.3133
0	57.7275
0	20.5171
0	27.5157
0	16.5273
0	53.2525
0	16.895
0	131.741
0	82.7824
0	0.913098
0	11.0797
0	29.1856
0	0.570534
0	2.37678
0	52.988
0	32.607
1	455.647
0	4.78502
0	5.3111
0	0.453174
0	25.1419
1	1128.1
0	18.8528
0	96.7276
0	27.1169
0	125.052
0	170.617
1	1451.13
1	852.007
0	4.24927
0	449.031
0	105.22
0	137.746
0	14.6211
1	1323.85
0	7.53013
0	22.6551
0	0.996848
0	5.12294
0	5.38469
0	626.414
0	16.6899
0	64.2134
0	0.752828
0	32.1442
0	18.7774
0	13.3878
0	131.989
0	60.5818
0	314.522
0	610.031
0	47.3875
0	273.502
0	13.8098
0	69.6608
0	70.5206
0	7.92052
0	11.4189
1	561.131
0	6.46255
0	65.467
0	19.0352
0	4.89868
0	24.6517
0	149.517
0	167.671
0	36.5561
0	67.5039
0	271.96
0	166.27
0	61.9293
1	811.687
0	15.0766
0	12.7478
0	190.495
0	2.31519
0	98.4163
0	121.698
0	0.601783
1	978.523
0	3.90653
0	1.87482
0	3.0518
1	771.212
0	3.62951
0	35.789
0	6.59872
0	33.4841
0	159.185
0	19.4951
0	84.8192
0	70.9038
0	7.99765
0	67.5724
0	14.4012
0	130.853
0	257.81
0	10.0951
0	28.9566
0	27.0226
0	28.3685
0	18.9167
0	27.2279
0	25.5236
0	8.01971
0	49.0853
0	370.789
0	205.872
0	24.1463
0	71.6212
0	27.93
0	55.7531
0	166.881
0	77.6971
0	15.0925
0	94.9341
0	46.0973
0	99.4496
0	13.5193
0	64.7214
0	68.6247
0	72.9884
0	125.531
1	599.242
0	6.33659
0	955.987
0	57.9894
0	97.3437
0	11.6173
1	794.001
0	0.220503
0	18.4758
0	114.265
1	1289.72
0	29.0747
0	8.24001
0	38.746
0	2.34329
0	11.0325
1	1283.35
0	1.03922
0	51.2644
0	17.6652
1	1220.3
0	6.10974
0	1.93208
0	29.1385
1	2194.73
1	488.98
0	93.6839
0	13.8147
0	37.5877
0	24.1952
0	9.9769
1	964.745
0	1126.86
0	321.94
1	975.232
0	28.4697
1	971.036
0	10.0413
0	141.711
0	3.32754
0	18.2441
0	24.9647
0	430.567
0	38.9487
0	10.7848
0	40.2173
0	9.1089
0	95.3522
0	284.908
0	83.5999
1	1295.79
0	79.6347
0	16.642
0	28.9355
0	47.9195
0	688.187
0	56.2699
0	54.3159
0	8.66045
0	316.893
0	29.2969
0	83.4396
0	41.9221
0	53.9189
1	1462.39
0	0.855066
0	4.10332
0	16.5406
0	16.1947
0	47.376
0	3.4116
0	14.5663
0	11.9459
0	2.51624
1	2522.75
0	71.0173
0	23.8006
0	41.502
0	30.8406
0	31.2935
0	27.5695
0	23.6877
0	79.7298
0	4.55649
0	13.3145
0	0.753892
0	6.18104
0	4.03865
0	193.475
0	42.4828
0	85.8894
0	143.417
0	46.4595
1	1062.35
0	112.721
0	29.0463
0	50.778
0	105.699
0	13.7785
0	11.5587
1	790.068
0	218.864
0	320.707
0	3.57283
0	311.821
0	405.997
0	16.4731
0	2.46595
0	242.496
0	34.4085
0	111.709
0	508.373
0	115.374
0	44.2038
0	3.1682
0	51.1689
0	6.08239
1	1711.18
0	3.23122
0	183.988
0	14.3756
0	31.5423
0	1.20284
0	9.96339
0	24.6313
0	7.17234
0	85.2807
0	0.132557
0	1.41747
0	10.3662
0	70.1262
0	46.4154
0	10.0291
0	21.1721
0	44.1308
0	9.89859
0	872.042
0	76.9057
0	4.71255
0	13.4735
0	54.5306
1	1209
0	7.162
0	154.314
0	34.048
0	34.2864
0	75.435
1	3478.63
0	13.5074
0	19.7992
0	7.9685
0	694.989
0	153.607
0	608.001
0	99.9508
0	62.992
0	223.306
0	18.967
0	127.703
0	53.9483
0	79.8133
0	190.278
0	54.4171
0	79.9873
0	5.3577
1	1275.86
0	17.8924
0	763.715
0	9.44358
0	50.9094
0	163.796
0	277.251
0	100.643
0	67.0487
0	3.57139
0	822.42
0	9.01063
0	109.164
0	114.476
0	48.3166
0	1592.96
0	33.0812
0	40.9831
0	4.97845
0	6.29712
1	1530.25
0	27.4195
0	60.2028
0	3.11327
0	5.88442
1	773.797
0	1552.03
0	181.864
1	1208.47
0	126.026
0	5.7364
0	1.36308
1	663.014
0	2.85458
0	29.9877
0	0.588457
0	1.93274
0	323.855
0	202.461
0	60.623
0	120.387
0	19.8927
0	11.6244
0	32.1459
0	54.586
0	621.398
0	81.0399
0	15.455
0	24.2894
0	139.092
0	8.07976
0	65.5341
0	10.5232
1	1754.79
0	22.2264
0	5.09999
0	22.997
0	13.6747
0	82.3392
0	104.848
0	158.364
0	2.38358
0	36.0953
0	137.608
1	633.758
0	444.135
0	14.3998
0	7.37913
0	10.0832
0	273.952
0	179.548
0	457.039
0	0.566546
0	282.484
0	14.8043
0	5.93824
0	28.8437
0	1.61155
0	1.08188
1	1623.75
0	4.39383
0	45.3293
0	36.0964
0	70.163
0	22.1056
0	60.1904
0	353.125
0	206.488
0	377.568
0	159.948
0	11.6311
0	6.4846
0	23.7971
0	87.153
0	139.621
0	259.341
0	339.373
0	50.4205
0	1.42465
0	3.29843
0	259.903
0	50.2918
0	261.645
0	92.4761
0	19.2608
0	154.338
0	10.0485
0	5.29228
0	2.53021
0	103.521
0	0.643583
0	16.3356
0	12.4459
0	60.9236
0	23.4773
1	1147.96
0	27.0839
0	52.6612
0	7.66652
0	25.6306
0	208.165
0	7.35395
0	6.13157
0	9.20748
0	24.1384
0	115.214
0	5.20503
0	1.28792
0	913.614
0	21.239
0	267.768
0	128.797
0	1.42452
0	0.532359
0	2.53422
0	0.970642
0	755.308
0	158.053
0	161.77
0	131.682
0	78.3583
0	68.7128
0	151.642
0	221.927
0	9.33604
0	21.5288
0	923.125
0	0.581398
0	17.4859
0	15.1979
0	55.4026
0	174.363
1	656.257
1	674.623
0	1.31153
0	447.989
0	382.536
0	9.71623
0	4.3472
0	218.073
0	8.01173
0	52.7185
0	42.6668
0	113.297
1	1328.76
0	32.7672
0	22.2556
0	50.0692
0	50.9261
0	21.6721
0	270.488
0	24.6774
0	0.341031
0	0.0834314
0	198.23
0	28.3285
0	22.3631
0	192.755
0	13.1154
1	873.547
0	4.20906
1	1171.61
1	821.955
0	125.683
1	947.408
0	2.5728
0	38.5287
0	77.6757
0	74.9582
0	18.3696
0	37.4917
0	45.625
0	79.1794
0	11.5697
0	21.7697
0	42.3091
0	36.249
0	8.19242
0	112.633
0	10.9105
0	56.2503
0	47.4864
0	162.544
0	227.386
0	26.2164
0	60.8379
0	444.363
0	58.4366
0	96.2748
0	146.611
0	30.3167
0	0.587254
0	16.9672
0	12.8903
0	5.00708
0	30.337
0	118.267
0	5.38724
0	53.8544
1	1567.63
0	238.784
0	163.344
0	64.803
0	108.83
0	91.2184
0	64.4744
0	8.93103
0	12.658
0	5.64154
0	22.1039
0	14.3577
0	26.8531
0	585.741
0	216.3
0	329.243
0	31.9247
0	78.9296
0	3.48278
1	1337
0	43.0714
0	27.4674
0	21.4131
0	45.5626
0	9.96594
0	119.374
0	104.447
0	1.33833
0	16.4111
1	733.485
0	129.799
0	115.836
0	13.142
0	244.994
0	12.3475
0	61.7231
0	8.105
1	696.396
0	181.535
0	12.7133
0	36.7
0	37.6248
0	158.373
1	1435.42
1	1549.81
0	129.261
0	234.075
0	5.82593
0	1.17968
0	28.3662
0	13.2833
0	17.3638
0	224.62
0	12.5041
0	62.356
0	59.9319
0	30.3663
1	835.235
0	35.3781
1	775.107
1	785.154
0	1.23832
0	8.3328
0	193.8
0	0.791374
0	1186.93
0	48.0851
0	23.4401
0	2.62394
0	93.5013
0	12.6764
0	78.3849
0	27.6012
0	29.5084
0	25.3197
0	496.56
0	323.742
0	232.696
0	30.8835
0	1.66875
0	51.0035
0	13.1843
0	53.3341
0	4.016
0	3.98904
0	332.05
0	6.64288
0	1166.47
1	1189.85
0	1.25168
0	72.1107
0	110.739
0	227.276
1	1644.56
1	1711.11
0	27.3341
0	153.838
0	33.1611
0	24.4441
0	27.9076
0	47.5101
0	3.99734
0	22.4055
0	20.7212
0	3.81617
0	75.2022
0	16.9996
0	22.6986
0	7.4116
0	91.9961
0	64.7301
1	1972.26
1	740.057
0	99.02
0	14.6072
0	43.0543
1	1148.08
0	17.6092
0	155.929
0	233.037
0	49.4223
0	228.567
1	1039.81
0	8.37577
0	33.5431
0	5.16709
0	39.4953
1	452.759
0	18.5453
1	819.162
0	10.7807
0	17.4678
0	0.159273
0	5.81238
0	60.1834
1	1319.27
0	40.926
0	38.8936
0	93.65
0	7.08258
0	107.097
0	13.4811
0	51.8002
0	51.3668
0	54.1282
0	25.3698
0	2.03001
0	700.17
0	11.5554
0	115.164
0	449.806
0	15.1571
0	128.012
0	116.743
0	5.10348
0	204.798
0	1586.29
0	15.8147
0	0.0609781
0	221.898
0	8.09613
0	758.197
0	22.6793
0	21.2736
0	460.885
0	125.456
0	22.3383
0	55.1245
0	2.41909
0	25.4328
0	14.1295
0	112.129
0	38.7801
0	1515.59
0	922.508
0	23.1252
0	7.61388
0	5.62621
0	4.38238
0	260.841
0	47.3461
0	73.3109
0	108.054
0	121.724
0	273.229
1	1193.43
0	77.8793
0	221.933
0	5.30701
0	0.750881
0	4.19818
0	30.1154
1	895.215
1	1980.24
0	17.2906
0	287.411
0	34.8234
1	1255.46
0	368.051
0	8.91039
0	237.757
0	36.3091
0	35.7407
1	1155.3
0	25.6335
0	562.718
0	212.239
0	20.5204
0	1.40329
0	49.598
0	75.2661
0	31.9558
0	11.3112
0	262.488
0	396.148
0	85.002
0	42.2001
0	79.8692
0	216.103
0	138.149
0	73.0499
0	920.167
0	12.0639
0	19.3523
1	2037.97
0	16.8726
0	35.0541
0	63.9557
0	111.847
0	14.6606
0	68.7795
0	20.2805
0	218.952
0	16.8131
0	27.0541
1	1189.27
1	1256.88
0	52.139
0	13.7331
0	75.5251
1	899.063
0	67.2739
0	282.272
0	53.6535
1	715.928
0	1.00238
0	105.097
0	74.846
0	5.66155
0	7.20622
0	294.1
0	28.8439
1	1655.23
0	14.6981
0	51.3068
1	981.373
0	12.808
0	311.156
0	281.251
0	135.186
0	241.993
0	106.848
1	627.104
0	10.1556
0	44.1495
0	16.1191
0	31.7446
0	33.6881
0	40.3349
1	842.111
0	40.6989
1	1636.36
0	66.2733
0	196.436
0	8.2878
0	1.20055
0	12.5874
0	6.70983
