10000	1	9900	0.00208333
0.025641	251.358	22864.2	0.0228438	1e-06
1	172.622
1	196.904
1	312.742
1	153.238
1	213.125
1	161.302
0	47.2048
1	186.736
1	205.545
1	216.195
1	216.084
1	161.404
0	0.000130166
1	165.237
1	123.867
1	205.568
1	170.741
1	218.116
1	168.66
1	183.621
1	213.91
1	228.758
1	184.366
1	181.347
1	210.158
1	219.395
1	148.764
1	294.788
1	156.279
1	249.809
1	339.964
1	165.579
1	213.101
1	259.839
1	139.159
1	235.435
1	300.644
1	198.967
1	218.016
1	288.326
1	139.207
1	183.955
1	180.874
1	241.777
1	152.21
1	226.188
1	158.251
1	236.838
1	164.657
1	248.981
1	193.675
1	251.17
1	220.946
1	288.255
1	217.763
1	130.195
1	200.736
0	7.81535e-05
1	296.949
1	212.52
1	177.876
1	170.29
1	158.12
1	213.455
1	199.528
1	256.783
1	257.76
1	353.438
1	141.9
1	190.076
1	166.268
1	158.389
1	214.619
1	153.779
1	177.315
1	161.817
1	177.782
1	224.494
1	210.513
1	215.656
1	304.768
1	187.66
1	141.405
1	193.874
1	248.051
1	182.801
1	195.376
1	223.435
1	156.702
1	246.114
1	177.797
1	289.944
1	228.409
1	183.064
1	139.222
1	152.066
1	184.779
1	255.919
1	253.224
1	196.858
1	205.824
1	201.124
1	194.569
1	242.51
1	169.41
1	162.471
1	128.566
1	241.293
1	169.743
1	335.718
1	159.943
1	163.266
0	8.56129
0	92.8186
1	291.13
1	169.435
1	159.508
1	264.941
1	206.527
1	148.286
1	215.002
1	219.293
1	182.898
1	178.898
1	187.593
1	138.181
1	223.504
1	202.965
1	213.466
1	186.392
1	198.612
1	224.179
1	184.972
0	31.1011
1	230.924
1	262.749
1	261.016
1	174.684
1	184.761
1	215.989
1	141.267
1	143.391
1	149.943
1	155.127
1	179.675
1	232.269
1	232.961
1	213.448
1	192.668
1	163.311
1	149.049
1	222.462
1	158.646
1	241.571
1	184.384
1	224.436
1	260.394
1	227.18
1	242.756
1	215.85
1	229.029
1	303.224
1	220.032
1	215.979
1	158.001
1	214.188
1	197.269
1	176.411
1	205.101
1	158.326
1	144.827
1	231.643
1	184.283
1	247.391
1	150.755
1	214.549
1	182.837
1	232.642
1	210.235
1	161.716
1	273.775
1	173.871
0	112.032
1	177.218
1	172.719
1	322.096
1	180.468
1	214.544
1	180.64
1	219.981
1	195.07
1	262.973
1	139.043
1	293.758
1	303.865
1	158.331
1	220.401
1	361.053
1	230.79
1	158.918
1	323.691
1	250.851
1	238.783
1	245.839
1	175.132
1	290.349
1	139.185
1	138.741
1	187.357
1	161.628
1	230.237
1	166.074
1	183.693
1	238.036
1	145.561
1	215.416
1	164.15
1	236.43
1	168.475
1	145.75
1	173.163
1	287.893
1	365.379
1	160.793
1	179.627
1	248.93
1	174.25
1	180.749
1	140.306
1	167.6
1	251.289
1	297.975
1	369.192
1	201.241
1	155.779
1	233.501
1	176.592
1	232.503
1	253.146
1	234.411
1	182.529
1	182.589
1	155.101
0	144.605
1	394.903
1	256.27
1	235.591
1	403.649
1	137.068
1	166.691
1	223.379
1	216.074
1	154.345
1	185.22
1	234.761
1	202.069
1	259.325
1	194.941
1	192.483
1	156.289
1	214.911
1	402.167
1	219.742
1	190.392
1	214.477
1	141.266
1	194.412
1	170.413
1	280.821
1	183.645
1	179.135
1	183.793
1	217.252
1	221.871
1	168.756
1	208.772
1	287.442
1	266.326
1	176.537
1	214.297
1	226.083
1	178.348
1	161.376
1	204.492
1	214.987
1	128.621
1	193.395
1	291.749
1	180.523
1	123.765
1	145.659
1	298.057
1	329.463
1	139.914
1	193.982
1	171.658
0	46.1386
1	182.878
1	188.339
1	162.329
1	166.227
1	175.215
1	250.209
1	134.831
1	169.732
1	192.688
1	275.643
1	193.173
1	265.443
1	180.193
1	140.911
0	13.2096
1	241.738
1	184.524
1	157.014
1	304.129
1	137.022
1	177.725
1	190.831
1	187.402
1	164.232
1	173.065
1	139.846
1	162.972
1	287.904
1	207.723
1	159.683
1	178.253
1	266.603
1	160.243
1	191.559
1	142.969
1	226.11
1	244.849
1	193.565
1	248.76
1	297.688
1	178.173
1	246.14
1	173.119
1	190.983
1	207.82
1	176.237
1	189.313
1	189.811
1	196.91
1	269.757
1	153.678
1	174.768
1	179.662
1	258.253
1	228.276
1	381.427
1	213.54
1	233.849
1	170.303
1	210.868
1	206.782
1	187.201
1	185.393
1	186.429
1	184.896
1	294.788
1	197.466
1	162.32
1	163.183
1	173.441
1	152.264
1	203.808
1	283.475
1	154.86
1	195.788
1	178.147
1	183.904
1	269.563
1	164.726
1	148.357
1	156.016
1	262.781
1	152.218
1	124.768
1	196.845
1	204.827
1	173.167
1	280.768
1	171.728
1	230.451
1	294.169
1	171.714
0	14.6617
1	176.307
1	240.949
1	226.091
1	150.177
1	164.931
1	330.03
1	225.486
1	155.616
1	189.753
1	266.976
1	214.414
0	6.29121e-05
1	165.837
1	336.649
1	254.318
1	165.013
1	206.491
1	202.496
1	364.867
1	192.807
1	254.558
1	204.376
1	317.462
1	189.293
1	208.553
1	185.123
1	244.822
1	200.456
1	149.547
1	177.85
1	183.403
1	206.427
1	168.744
1	300.602
1	251.178
1	216.171
1	211.261
1	187.166
1	318.252
1	203.792
1	122.698
1	320.034
1	215.967
1	247.108
1	190.744
1	282.204
1	274.569
1	203.797
1	227.319
1	161.954
1	183.459
1	211.693
1	212.223
1	149.079
1	245.199
1	205.169
1	189.668
1	185.108
1	205.183
1	249.891
1	192.168
1	143.451
1	157.258
1	141.977
1	228.126
1	218.583
1	124.044
1	166.872
1	225.856
1	346.559
1	315.458
1	189.243
1	482.47
1	289.975
1	140.784
1	184.272
1	235.427
1	267.517
1	187.964
1	186.492
1	307.548
1	148.034
1	302.083
1	195.34
1	225.293
1	187.993
1	192.522
1	256.463
1	221.512
1	155.101
1	132.112
1	257.159
1	255.194
1	213.515
1	157.056
1	186.907
1	259.454
1	266.19
1	220.309
1	198.561
1	235.897
1	205.077
1	227.642
1	236.432
1	180.075
1	141.712
1	166.032
1	280.067
1	179.158
1	211.26
1	231.681
1	190.922
1	219.524
1	187.595
1	158.582
1	237.019
1	169.661
1	154.583
1	253.374
1	190.945
1	221.425
1	179.833
1	211.096
1	150.237
1	193.525
1	145.527
1	194.887
1	147.354
1	195.324
1	182.889
1	172.06
0	37.4213
1	221.388
1	200.817
1	351.192
1	225.854
1	175.228
1	137.363
1	211.804
1	207.445
1	264.621
1	111.039
1	173.675
1	201.869
1	188.91
1	381.537
1	206.163
1	241.459
1	231.043
1	177.509
1	198.218
1	219.567
1	177.44
1	223.306
1	199.181
0	0.000170763
1	166.027
1	174.288
1	167.006
1	145.308
1	185.302
1	190.057
1	184.913
1	246.192
1	293.698
1	251.742
1	275.427
1	165.171
1	165.215
1	118.509
1	193.771
1	213.596
1	182.412
0	2.03589e-05
1	257.559
1	207.463
1	244.439
1	164.575
1	210.174
1	210.105
1	264.896
1	185.781
1	266.225
1	285.379
1	185.744
1	141.087
1	387.267
1	195.076
1	262.169
1	257.325
1	182.868
1	208.269
1	166.851
1	208.634
1	132.958
1	177.936
1	317.287
1	173.403
1	189.524
1	217.847
1	181.973
1	157.846
1	223.772
1	181.745
1	258.342
1	136.858
1	234.199
1	222.693
0	61.4558
1	183.532
1	145.272
1	215.839
1	198.507
1	170.406
1	237.218
1	298.603
1	155.288
1	168.17
1	268.729
1	207.909
1	343.132
1	271.667
1	288.328
1	181.276
1	275.998
1	165.272
1	282.641
1	136.877
1	195.244
1	289.135
1	235.19
1	227.449
1	251.599
1	137.893
1	209.596
1	184.908
1	162.875
1	192.968
1	260.435
1	236.944
1	218.757
1	277.196
1	184.981
1	306.933
1	295.938
1	181.668
0	11.0454
1	203.048
1	166.495
1	147.331
1	221.754
1	194.046
1	164.605
1	173.074
1	233.13
1	178.964
1	157.177
1	215.809
1	233.755
1	209.561
1	308.12
1	146.219
1	275.723
1	187.322
1	153.765
1	254.646
1	191.737
1	211.691
1	193.458
1	152.462
1	428.486
1	231.051
1	297.855
1	139.842
1	182.384
1	161.46
1	172.088
1	260.764
1	158.514
1	180.691
1	166.086
1	168.442
1	217.649
1	160.896
1	218.062
1	166.705
1	172.212
1	253.475
1	116.977
1	269.345
1	195.233
1	212.791
1	175.428
1	240.25
1	216.935
1	171.61
1	155.704
1	176.951
1	167.664
1	205.914
1	318.264
0	9.04211e-06
1	267.829
1	178.072
1	155.342
1	139.296
1	304.513
1	192.118
1	144.093
1	186.586
1	194.228
1	205.631
1	156.087
1	199.869
1	158.22
1	174.535
0	55.5219
1	280.714
1	248.165
1	335.815
1	214.833
1	258.937
1	173.167
1	164.055
1	125.869
1	171.575
1	155.655
1	310.672
1	193.173
1	155.524
1	238.95
0	22.691
1	208.807
1	290.879
1	163.029
1	176.821
1	325.001
1	168.619
1	193.427
1	266.456
1	177.17
1	182.626
1	240.254
1	177.858
1	148
1	212.926
1	169.372
1	200.533
1	225.18
1	141.545
0	82.9858
1	276.796
1	162.488
1	210.027
1	159.87
1	153.766
1	187.306
1	259.14
1	206.048
1	160.289
1	266.169
1	155.851
1	154.264
1	203.236
1	213.028
1	215.142
1	157.009
1	146.289
1	240.07
1	194.697
1	277.236
1	246.869
1	205.624
1	216.324
1	260.737
1	211.301
1	220.144
1	215
1	256.554
0	1.20539e-05
1	232.684
1	237.769
1	181.118
1	125.414
1	131.096
1	165.412
1	268.595
1	178.025
1	250.936
1	243.386
1	250.219
1	265.829
1	236.881
1	144.822
1	115.851
1	163.511
1	206.252
1	168.884
1	200.121
1	236.769
1	222.66
1	174.692
0	21.8812
1	193.076
1	207.786
1	182.827
1	170.236
1	191.869
1	277.958
1	153.835
1	198.854
1	141.429
1	308.581
1	218.045
1	189.775
1	252.905
1	181.249
1	220.517
1	277.809
1	190.911
0	2.82275e-05
1	213.408
1	236.8
1	173.375
1	189.564
1	201.321
1	285.617
1	246.748
1	211.899
1	155.651
1	229.018
1	212.23
1	166.741
1	178.399
1	252.296
1	229.696
1	167.201
1	310.429
1	187.175
1	237.37
1	224.089
1	125.111
1	148.278
1	241.954
1	148.667
1	200.181
1	170.691
1	197.597
1	220.197
1	153.045
1	184.888
1	191.928
1	159.322
1	288.535
1	179.922
1	228.042
1	208.895
1	130.155
1	140.402
1	148.913
1	231.394
1	185.944
1	225.552
1	245.138
1	232.096
1	230.842
1	153.412
1	285.135
1	300.385
1	219.001
1	188.457
1	134.618
1	240.755
1	176.173
1	124.435
1	255.088
1	227.804
1	167.477
1	222.273
1	187.974
1	186.54
1	135.696
1	156.268
1	209.609
1	225.772
1	181.49
1	162.268
1	201.088
1	198.532
1	253.751
1	174.769
1	196.92
1	218.528
1	204.322
1	207.276
1	247.884
1	207.547
1	184.681
1	160.112
1	176.075
1	157.239
1	175.598
1	198.937
1	136.361
1	202.59
1	126.793
1	241.422
1	181.271
1	193.668
1	243.613
1	166.058
1	194.149
1	193.448
1	217.455
1	219.784
1	173.517
1	175.183
1	161.887
1	393.392
1	140.087
1	160.967
1	271.285
1	226.76
1	248.287
1	177.792
1	164.109
1	166.08
1	190.177
1	139.75
0	4.66974e-05
1	142.973
1	272.353
1	182.549
1	233.614
1	411.46
1	179.004
1	447.165
1	204.219
1	178.588
1	184.155
1	373.693
1	245.334
1	200.1
1	197.669
1	147.083
1	198.111
1	137.146
1	221.197
1	175.344
1	162.968
1	203.287
1	294.69
1	188.211
1	209.433
1	227.243
1	219.234
1	217.126
1	180.421
1	211.584
1	275.224
1	193.901
1	203.264
1	214.383
1	217.865
1	151.825
1	126.539
0	21.4756
1	229.879
1	187.128
1	203.882
1	224.537
1	177.214
1	199.838
1	198.082
1	207.616
1	230.277
0	3.48401e-05
1	185.813
1	249.214
1	265.296
1	159.307
1	217.738
1	205.678
1	209.991
1	215.192
1	151.154
1	300.455
1	149.162
1	212.679
1	168.468
1	194.247
1	158.195
1	227.986
1	228.014
1	195.127
1	233.563
1	186.386
1	197.637
1	216.42
1	178.551
1	133.902
1	182.926
1	206.278
1	291.764
1	219.488
1	303.797
1	329.177
1	167.742
1	137.21
1	165.876
1	130.381
1	162.577
1	141.329
1	189.252
1	186.058
1	221.821
1	134.039
1	241.215
1	243.316
1	145.567
1	180.392
1	166.241
1	222.821
1	161.543
1	196.96
1	211.986
1	183.428
1	346.069
1	180.762
1	165.151
1	161.433
1	124.849
1	189.386
1	197.098
1	193.336
1	217.919
1	212.083
1	193.972
1	231.424
1	231.674
1	169.675
1	190.867
1	204.528
1	188.836
1	193.143
1	177.065
1	168.495
1	243.193
1	164.825
1	206.791
1	365.1
1	198.236
1	157.914
1	220.395
1	184.927
1	210.405
1	201.925
1	162.235
1	197.152
1	201.032
1	178.548
1	267.124
1	249.35
0	13.7362
1	197.047
1	193.54
1	259.024
1	194.682
1	311.558
1	199.561
1	166.304
1	152.971
1	190.556
1	262.755
1	398.951
1	229.908
1	156.687
1	206.851
1	164.938
1	187.666
1	236.164
1	192.362
1	164.354
1	209.391
1	123.346
1	145.75
1	194.097
1	230.021
1	306.85
1	163.849
1	337.45
1	156.049
1	231.56
1	198.899
1	168.19
1	149.234
1	150.182
1	213.865
1	172.933
1	193.794
1	158.488
1	222.746
1	201.929
1	122.021
1	153.423
1	191.684
1	187.517
1	132.397
1	157.908
1	156.443
1	218.806
1	232.125
1	252.654
1	281.398
1	199.898
1	150.036
1	174.288
1	207.829
1	212.021
1	177.435
1	159.711
1	174.802
1	164.662
1	199.16
1	229.981
1	258.619
1	166.074
1	200.628
1	313.538
1	181.72
1	210.207
1	211.322
1	293.753
1	171.58
1	177.688
1	196.348
1	164.091
1	170.07
1	201.156
1	192.014
1	179.771
1	155.865
1	213.3
1	180.154
1	235.019
1	209.317
1	238.407
1	172.833
1	263.354
1	140.401
1	160.288
1	244.059
1	269.663
1	271.307
1	174.502
1	190.714
1	205.47
1	225.336
1	156.472
1	150.672
1	136.169
1	198.798
1	240.691
1	165.935
1	461.858
1	153.725
1	323.94
0	3.24733e-05
1	250.953
1	146.416
1	142.912
1	147.153
1	155.28
1	169.43
1	197.3
1	212.533
1	194.97
1	179.088
1	396.042
1	150.601
1	158.062
1	284.947
0	6.67207
1	246.722
1	202.037
1	312.558
1	157.799
1	199.278
1	194.806
1	147.943
1	129.268
1	208.179
1	186.142
1	121.268
1	265.485
1	211.761
1	150.792
1	213.339
1	165.549
1	188.091
1	212.474
1	179.963
1	194.967
1	221.216
1	184.804
1	198.26
1	235.078
1	262.033
1	213.22
1	315.584
1	238.146
1	247.862
1	273.561
1	186.508
1	241.968
1	215.719
1	282.33
1	172.846
1	193.016
1	178.872
1	211.924
1	274.094
1	366.829
1	237.728
1	237.136
1	185.904
1	169.383
1	174.447
1	263.846
1	219.083
1	247.064
1	212.781
1	212.269
1	151.823
1	156.244
1	211.503
1	218.63
0	51.1362
1	285.694
1	184.901
1	223.236
1	233.729
1	192.629
1	176.018
1	171.516
1	222.482
1	241.163
1	173.134
1	241.433
1	174.549
1	222.33
1	272.478
1	172.569
1	228.027
1	215.577
1	201.182
1	263.206
1	188.812
1	302.198
1	333.351
1	192.011
1	253.35
1	207.983
1	274.044
1	223.99
1	156.324
1	296.994
1	232.974
1	180.552
1	346.519
1	132.554
1	157.023
1	135.659
1	208.689
1	243.97
1	216.411
1	225.46
1	275.107
1	372.021
1	176.31
1	271.825
1	214.822
1	192.351
1	197.982
1	252.35
1	165.6
1	150.782
1	202.715
1	221.341
1	232.55
1	251.023
1	165.399
1	164.859
1	158.532
1	220.702
1	214.365
1	154.646
1	191.533
1	183.386
1	289.366
1	293.758
1	139.84
1	252.376
1	173.922
1	148.394
1	180.548
1	285.632
1	158.579
1	306.95
1	153.742
1	172.577
1	131.477
1	237.569
1	143.639
1	239.625
1	168.189
1	166.905
1	202.005
1	155.008
1	195.108
1	218.436
1	162.854
1	158.454
1	156.513
1	259.463
1	263.489
1	225.341
1	168.67
1	314.14
1	162.014
1	301.474
1	201.621
1	210.994
1	325.39
1	297.054
1	194.566
1	270.224
1	119.884
1	172.539
1	186.634
1	207.518
1	189.931
1	166.421
1	347.905
1	225.348
1	244.524
1	189.685
1	193.06
1	224.006
1	198.819
1	262.72
1	266.501
1	185.31
1	179.466
0	0.563171
1	136.634
1	181.042
1	150.2
1	164.365
1	171.473
1	145.514
1	238.11
1	202.512
1	280.659
1	168.288
1	205.571
1	223.287
1	211.602
1	164.203
1	151.329
1	256.337
0	36.5273
1	235.566
1	218.641
1	220.108
1	187.38
1	210.461
1	220.157
1	206.268
1	232.746
1	215.2
1	211.734
1	142.297
1	125.754
1	149.554
1	188.812
1	231.274
1	225.314
1	192.744
1	207.339
1	175.731
1	214.557
1	215.303
1	246.043
1	184.915
1	246.599
1	150.737
1	177.748
1	181.748
1	206.124
1	200.362
1	276.263
1	293.476
1	187.624
1	301.975
1	236.682
1	188.681
1	215.256
1	175.711
1	170.242
1	165.454
1	205.421
1	148.725
1	206.269
1	157.374
1	163.01
1	231.462
1	210.727
1	255.366
1	213.702
1	175.975
1	191.918
1	139.262
1	177.921
1	181.478
1	179.185
1	174.215
1	171.789
1	165.716
1	227.963
1	148.104
1	186.094
1	135.744
1	189.772
1	130.416
1	201.702
1	209.526
1	201.045
1	193.517
1	229.928
1	220.309
1	220.205
1	172.503
1	187.393
1	245.302
1	194.386
1	283.896
1	251.442
1	204.433
1	209.211
1	286.465
1	171.63
1	145.566
1	182.694
1	150.67
1	216.923
1	223.134
1	225.878
1	211.445
1	172.159
1	170.096
1	191.739
1	224.203
1	151.629
1	229.345
1	212.385
1	158.977
1	154.431
1	231.2
1	255.528
1	168.453
1	139.956
0	43.3641
1	226.175
0	8.60914
1	210.801
1	205.596
1	190.511
1	256.851
1	209.84
1	183.011
1	264.27
1	174.707
1	320.903
1	265.553
1	192.133
1	211.407
1	177.763
1	222.955
1	152.734
1	188.221
1	195.793
1	149.622
1	266.528
1	227.269
1	188.71
1	234.018
1	155.647
1	199.438
1	287.988
1	183.711
1	210.321
1	269.917
1	174.947
1	255.151
1	168.68
1	357.849
1	205.751
1	206.018
1	176.705
1	212.785
1	320.234
1	197.527
1	178.235
1	159.912
1	215.795
1	190.156
1	201.793
1	171.761
1	152.716
1	181.498
1	226.213
0	36.8196
1	248.923
1	181.667
1	181.955
1	232.775
1	206.357
1	254.073
1	194.419
1	214.301
1	196.447
1	203.272
1	251.181
1	135.553
1	184.978
1	202.809
1	180.45
1	186.463
1	183.707
1	167.692
1	208.416
1	236.307
1	148.071
1	215.618
1	167.067
1	177.593
1	176.571
1	233.22
1	178.641
1	165.031
1	171.659
0	72.4978
1	251.525
0	3.03423
1	178.189
1	270.419
1	255.977
1	194.164
1	188.63
1	192.487
1	242.671
1	167.998
1	267.89
1	179.518
1	158.035
1	264.738
1	171.666
1	257.836
1	324.314
1	338.715
1	244.757
1	218.072
1	162.426
1	231.804
1	241.542
1	219.979
1	285.683
1	224.412
1	205.164
1	182.694
1	296.756
1	211.34
1	178.389
1	221.83
1	134.521
1	275.465
1	140.763
1	259.691
1	278.825
1	126.985
1	258.304
1	149.505
1	327.793
1	141.432
1	194.902
1	271.102
1	190.564
1	271.793
1	196.048
1	183.961
1	167.54
1	193.854
1	168.024
0	1.35926e-05
1	147.894
1	164.193
1	165.736
1	252.318
1	223.113
1	222.781
1	169.961
1	175.808
0	4.38789e-05
1	208.514
1	198.334
1	188.636
1	137.454
1	125.11
1	180.118
1	205.41
1	169.948
1	187.273
0	73.1846
1	198.07
1	245.18
1	173.969
1	272.284
1	153.183
1	205.485
1	170.799
1	255.922
1	192.34
0	36.4367
1	214.964
1	141.094
1	193.077
1	173.184
1	284.953
1	219.474
1	265.817
1	272.138
1	302.59
1	245.453
1	250.278
1	163.807
1	285.264
1	189.659
1	194.628
1	279.109
1	226.313
1	230.837
1	134.5
1	303.4
1	164.709
1	164.843
1	246.22
0	11.9146
0	7.32212e-06
1	205.082
1	168.451
1	236.767
1	181.453
1	179.105
1	137.676
1	139.2
1	175.161
1	141.526
0	77.2357
1	125.864
1	172.068
1	209.982
1	184.915
1	172.345
1	142.71
1	288.307
1	265.792
1	171.871
1	202.75
1	203.557
1	256.118
1	161.988
1	162.064
1	151.249
1	227.65
1	324.214
0	1.77008e-05
1	166.088
1	171.688
1	190.243
1	278.837
1	169.104
1	310.152
1	262.952
1	245.842
1	130.445
1	232.788
1	169.41
1	240.19
1	214.662
1	194.533
1	153.48
1	215.767
1	222.975
1	249.613
1	305.194
1	274.268
1	235.059
1	201.925
1	156.518
1	175.068
1	261.311
1	232.151
1	232.371
1	178.198
1	173.161
1	149.003
1	207.582
1	161.986
1	228.413
1	202.372
1	148.492
1	217.054
1	209.786
1	202.228
1	344.702
1	249.542
1	148.705
1	147.424
1	125.726
1	177.093
1	223.142
1	246.625
1	229.194
1	205.863
1	313.528
1	212.171
1	239.713
1	211.028
1	167.134
1	283.277
1	246.38
0	3.5885e-05
1	189.734
1	206.405
1	225.024
1	152.718
1	162.052
1	187.834
1	148.249
1	406.981
1	198.923
1	159.907
1	248.629
1	231.347
1	276.29
1	156.996
1	204.557
1	162.34
1	166.582
1	204.928
1	273.05
1	139.689
1	155.5
1	150.391
1	173.975
1	140.661
0	22.2887
1	238.983
1	184.214
1	223.428
1	233.445
1	261.273
1	185.496
1	180.995
1	234.442
1	144.349
1	282.648
0	3.90887
1	295.029
1	165.95
1	257.935
1	149.052
1	216.761
1	154.948
1	157.731
1	266.792
1	244.578
1	207.611
1	204.212
1	140.84
1	210.986
1	163.5
1	294.296
1	307.056
1	231.41
1	113.768
1	284.6
1	271.435
1	143.456
1	132.465
1	254.315
1	206.331
1	221.914
1	226.515
1	269.237
1	188.799
1	225.509
1	300.391
1	236.962
1	165.58
1	232.502
1	204.113
0	0.000149283
1	253.686
1	180.921
0	136.902
0	54.8529
1	190.979
1	208.639
1	228.66
1	360.421
1	222.077
1	215.013
1	227.825
1	219.427
1	166.764
1	204.181
1	218.051
1	165.269
1	171.225
1	196.596
1	287.612
1	176.926
1	349.62
1	217.892
1	159.159
1	144.04
1	189.902
1	187.284
1	190.202
1	145.063
1	159.694
1	211.675
1	263.122
1	198.849
1	202.242
1	139.852
1	271.739
1	196.436
1	140.087
1	170.073
1	180.518
1	288.948
1	150.147
1	233.836
1	168.143
1	199.904
1	203.232
1	242.826
1	173.467
1	251.972
1	234.095
1	187.109
1	271.534
1	156.707
1	383.773
1	210.609
1	203.574
1	342.021
1	222.119
1	205.989
1	166.493
1	233.878
1	220.875
1	172.965
1	169.555
1	232.477
1	170.356
1	144.976
1	279.593
1	243.072
1	276.978
1	188.918
1	149.157
1	225.249
1	123.871
1	151.215
1	367.113
1	185.884
1	274.517
1	353.008
1	211.379
1	404.651
1	126.83
1	186.788
1	463.003
1	217.148
1	205.479
1	277.488
1	157.864
1	261.721
1	301.806
1	163.135
1	206.569
1	209.517
1	202.437
1	180.216
1	208.995
1	135.3
1	186.418
1	140.704
0	56.9309
1	313.099
1	215.787
1	206.282
1	189.573
1	177.272
1	272.968
1	152.015
1	155.945
0	5.27253e-06
1	203.866
1	165.695
1	205.425
1	226.612
1	333.806
1	134.075
1	176.415
1	165.687
1	241.082
1	217.974
1	246.374
1	227.877
1	209.139
1	218.91
1	187.711
1	191.061
1	143.342
1	261.342
1	167.691
1	146.159
1	147.575
1	287.911
1	172.051
1	156.294
1	191.919
1	171.934
1	238.608
1	201.619
1	276.389
1	181.7
1	162.512
1	277.334
1	207.569
1	284.16
1	307.026
1	196.051
1	204.426
1	188.474
1	269.683
1	253.646
1	271.906
1	177.057
1	195.239
0	14.9349
1	139.539
1	211.988
1	209.965
1	197.198
1	167.539
1	150.315
1	212.516
1	344.302
1	273.37
1	314.619
1	332.342
1	205.927
1	230.515
1	249.85
1	153.407
1	120.194
1	197.247
1	185.882
1	230.108
1	165.468
1	116.354
1	275.453
1	218.414
1	178.023
1	282.956
1	179.273
1	202.92
1	145.359
1	239.078
1	190.391
1	315.297
1	235.002
1	155.866
1	139.613
1	192.267
1	181.631
1	217.176
1	216.166
1	195.681
1	203.653
1	133.265
1	270.117
1	146.433
1	164.215
1	152.222
1	236.594
1	204.03
1	186.965
1	236.136
0	5.84539e-05
1	230.386
1	310.018
1	383.762
1	294.289
1	223.926
1	178.49
1	203.468
1	160.382
1	243.036
1	230.128
1	197.53
1	119.697
1	238.305
1	149.389
1	211.97
1	181.26
1	179.076
1	154.174
1	197.411
1	182.36
1	217.919
1	222.752
0	5.62532e-05
1	303.083
1	224.248
1	270.929
1	147.766
1	253.064
1	179.201
1	336.531
1	553.381
1	195.494
1	263.571
1	191.719
1	238.545
1	194.523
1	217.785
1	180.003
1	236.305
1	179.255
1	184.674
1	185.94
1	191.278
1	263.17
1	140.253
1	398.617
1	206.25
1	160.463
1	196.83
1	249.488
1	174.357
1	129.205
1	181.186
1	247.312
1	280.147
1	255.515
1	227.791
1	230.882
1	189.194
1	204.057
1	233.428
1	154.321
1	213.755
1	209.41
1	278.472
1	180.305
1	215.089
1	232.341
1	211.774
1	304.05
1	265.393
1	165.665
1	176.927
1	260.456
1	134.296
1	384.131
1	225.267
1	197.822
1	183.576
1	222.75
1	205.695
1	244.701
1	124.263
1	247.206
0	3.08268e-05
1	170.528
1	156.406
1	164.759
1	206.917
1	261.054
1	224.081
1	156.591
1	249.611
1	236.198
1	173.691
1	244.333
1	238.227
1	206.693
1	234.684
1	299.983
1	207.556
1	326.997
1	216.957
1	199.834
1	177.984
1	232.925
1	292.659
1	211.918
1	184.409
1	135.484
1	269.013
1	184.533
1	210.19
0	2.2699
1	133.5
1	161.317
1	161.961
0	9.54685
1	192.633
1	267.747
1	115.497
1	218.445
1	226.209
1	293.607
1	283.898
1	211.442
1	128.021
1	200.792
1	195.951
1	222.579
1	175.731
1	156.574
1	283.522
1	184.037
1	200.35
1	221.489
1	165.77
1	184.392
1	182.339
1	138.298
1	187.802
1	261.666
1	156.164
0	33.7989
1	176.886
1	152.081
1	190.12
1	187.591
1	159.485
1	127.021
1	224.736
0	16.2923
1	291.181
1	237.208
1	166.421
1	254.782
1	173.837
1	209.845
1	142.02
1	167.079
1	142.576
1	128.94
1	263.362
1	208.934
1	228.603
1	238.206
0	16.1279
1	163.673
1	156.737
1	281.983
1	177.809
1	180.135
1	172.592
1	349.954
1	142.132
1	222.454
1	302.571
1	247.027
1	295.181
1	169.086
1	153.252
1	151.563
1	144.374
1	219.327
1	244.56
1	178.091
1	169.959
1	244.309
1	211.885
1	160.625
1	263.823
1	123.253
1	270.352
1	144.828
0	5.92394e-05
1	175.688
1	334.75
1	231.028
1	177.422
1	186.014
1	146.758
1	152.112
1	221.928
1	157.108
1	172.809
1	300.521
1	136.478
1	178.5
1	260.995
1	219.04
1	170.436
1	175.827
1	178.051
1	198.769
1	264.705
1	225.554
1	214.903
1	271.106
1	137.868
1	219.032
0	11.7296
1	241.065
1	152.467
1	185.554
1	178.848
1	175.289
1	191.337
1	160.787
1	265.192
1	188.024
1	450.636
1	185.277
1	155.815
1	303.436
1	187.698
1	149.986
1	185.326
1	207.782
1	131.126
1	164.485
1	198.72
1	307.711
1	167.929
1	140.874
1	160.914
1	280.227
1	219.839
1	331.098
1	184.778
1	192.223
1	219.882
1	186.304
1	171.621
1	206.759
1	219.74
1	226.577
1	179.325
1	211.379
1	222.926
1	179.092
1	274.978
1	159.586
1	196.016
1	214.659
1	207.83
1	248.555
1	207.509
1	151.778
1	154.282
1	252.895
1	203.18
1	201.456
1	200.963
1	176.437
1	258.105
1	256.162
1	204.968
1	146.1
1	157.205
1	195.591
1	256.647
1	154.665
1	286.33
1	240.845
1	188.473
1	233.973
1	269.493
1	324.6
1	139.24
1	193.976
1	204.979
1	217.432
1	206.688
1	237.685
1	218.453
1	181.138
1	195.001
1	190.373
1	218.264
1	242.553
1	181.295
1	145.843
1	208.664
1	238.192
1	160.68
1	306.62
1	165.855
1	166.278
1	188.361
1	182.871
1	179.251
1	115.758
1	236.664
0	4.98916
1	184.117
1	191.961
1	164.91
1	174.254
1	142.277
1	191.467
1	179.271
1	147.887
1	210.632
1	238.511
1	391.619
1	197.367
1	171.225
1	195.157
1	181.77
1	145.857
1	166.955
1	232.274
1	172.288
1	167.786
1	223.55
1	147.875
1	347.748
1	202.457
1	271.954
1	156.123
1	224.643
1	303.696
1	211.244
0	32.2808
1	226.474
1	228.348
1	160.673
1	213.888
0	33.705
1	190.437
1	140.725
1	232.563
1	224.323
1	278.148
1	220.735
1	211.329
1	264.348
1	228.666
1	238.571
1	183.063
1	174.581
1	260.296
1	154.036
1	336.019
1	217.393
1	174.824
1	162.715
1	230.683
1	174.575
1	179.012
1	326.165
0	42.6711
1	213.749
1	234.975
1	215.958
1	198.351
1	160.232
1	306.425
1	177.629
1	194.515
1	144.205
1	160.099
1	158.393
1	205.222
1	241.614
1	226.384
1	175.818
1	198.317
1	203.726
1	244.757
1	143.955
1	230.96
1	331.258
1	165.583
0	4.44411e-05
1	156.886
1	209.487
1	170.049
1	147.973
1	168.462
1	209.278
1	246.216
0	7.03778e-05
1	192.337
1	251.061
1	231.125
0	175.18
0	3.24029
1	209.181
1	136.218
1	207.89
1	178.864
1	142.895
1	220.966
1	210.82
1	162.057
1	278.918
1	231.344
1	144.157
1	169.783
1	242.889
1	189.92
1	202.11
1	196.555
1	151.136
1	210.788
1	254.585
1	201.568
1	126.515
1	158.753
1	216.837
1	235.65
1	267.45
1	226.298
1	193.468
1	242.024
1	202.83
1	234.45
1	285.529
1	193.115
1	194.767
1	251.621
1	147.747
1	240.28
1	190.341
1	187.344
1	271.906
1	270.984
1	183.843
0	5.89823e-05
1	303.734
1	157.349
1	141.434
1	144.4
1	173.982
1	187.484
1	190.238
1	230.567
0	25.0327
1	126.727
1	265.255
1	230.437
1	249.647
1	142.47
1	189.891
1	172.939
1	291.091
1	199.224
1	183.474
1	226.315
0	4.10761e-05
1	196.853
1	243.265
1	222.999
1	134.922
1	149.227
1	169.45
1	150.794
1	201.127
0	6.33653e-05
1	196.619
1	188.665
1	154.686
1	151.799
1	220.71
1	185.906
1	248.701
1	244.131
0	4.08094e-05
1	207.05
1	193.286
1	171.347
1	162.444
1	232.736
1	156.183
1	201.081
1	223.956
1	206
1	199.814
1	205.342
1	187.086
1	258.146
1	203.116
1	129.365
1	203.279
1	196.528
1	223.986
1	172.208
1	218.32
1	253.247
1	198.465
1	208.103
1	265.558
1	342.787
0	1.77962e-06
1	219.706
1	251.289
1	276.007
1	144.491
1	419.111
1	177.574
1	233.944
1	257.103
1	151.463
1	199.852
1	288.717
1	186.138
1	188.949
1	164.845
1	227.935
1	167.334
1	184.8
1	187.152
1	348.724
1	163.809
1	174.517
1	180.899
0	4.35702e-05
1	137.071
1	167.874
1	239.888
1	216.422
1	186.501
1	174.667
1	266.947
1	319.611
1	120.442
1	143.912
1	240.977
1	181.771
1	147.913
1	268.447
1	232.655
1	242.021
1	202.37
1	240.89
1	179.548
1	211.943
1	176.762
1	195.713
1	262.589
1	173.594
1	187.948
1	216.341
1	190.607
1	221.375
1	217.336
1	217.808
1	145.528
1	159.438
1	140.827
1	272.624
1	170.09
1	218.15
1	323.741
1	175.823
1	206.599
1	251.717
1	189.983
1	239.677
1	209.168
1	223.97
1	390.671
1	156.851
1	152.225
1	163.962
1	248.313
1	269.85
1	167.073
1	171.119
1	195.529
1	248.341
1	322.184
1	222.429
1	280.332
1	279.454
1	200.21
1	147.281
1	193.761
1	189.602
1	226.515
1	242.565
1	181.109
0	2.82493e-05
1	149.909
1	119.817
1	233.818
1	205.326
1	123.583
1	196.664
1	184.644
1	245.312
1	194.434
1	321.896
1	225.123
1	134.018
1	215.981
1	207.647
1	199.604
1	239.568
1	261.125
1	155.592
1	142.369
1	145.531
1	153.849
1	186.651
1	149.385
1	376.842
1	222.59
1	192.073
1	183.413
1	248.597
1	183.925
1	237.902
1	169.491
1	235.117
1	177.978
1	229.995
1	245.238
1	173.594
1	347.016
1	140.322
1	273.519
1	248.28
1	161.067
1	199.364
1	250.494
1	211.437
1	190.106
1	259.51
1	242.38
1	300.674
1	178.482
1	210.885
1	183.189
1	286.603
1	224.826
1	345.96
1	173.518
1	236.671
1	277.486
1	159.322
1	189.454
1	223.3
1	184.102
1	232.847
1	191.585
1	172.699
0	4.16177e-05
1	193.843
1	179.168
1	239.302
1	328.317
1	175.742
1	154.804
1	223.792
1	190.31
1	176.063
1	159.736
1	199.105
1	180.212
1	141.551
1	346.992
1	169.717
1	217.398
1	165.978
1	185.793
1	144.123
1	219.504
1	182.559
1	175.704
1	165.838
1	135.692
1	186.113
1	259.029
0	49.9443
1	206.365
1	237.498
1	158.397
1	185.67
1	318.285
1	146.131
1	175.169
1	144.12
1	135.241
1	227.821
1	251.207
1	254.315
1	254.109
1	210.696
1	145.263
1	227.909
1	125.06
1	179.72
1	223.518
1	211.666
0	7.09777
1	224.373
1	222.829
1	176.405
1	185.39
1	174.167
1	174.89
1	233.472
1	316.504
1	219.498
1	240.977
1	173.559
1	161.092
1	284.175
1	262.256
1	210.565
1	205.147
1	245.776
1	210.749
1	225.408
1	158.93
1	211.515
1	250.075
1	206.646
1	264.34
1	192.174
1	212.158
1	147.971
1	194.066
1	188.882
1	251.935
1	252.682
1	176.553
1	307.176
1	171.225
1	204.582
0	0.000124488
1	197.569
1	279.812
1	192.029
1	244.973
1	263.734
1	165.979
1	174.946
1	196.246
0	22.1811
1	166.735
1	241.914
1	163.662
1	178.031
1	224.379
1	152.314
1	247.062
1	194.761
1	200.691
1	188.334
1	149.35
1	269.426
1	136.802
1	185.492
1	181.357
1	309.736
1	267.788
1	225.75
1	160.905
1	211.536
1	178.32
1	169.424
1	158.914
1	142.021
1	204.796
1	196.115
1	116.475
1	166.345
1	195.181
1	141.396
1	316.013
1	180.61
1	288.06
1	180.23
1	175.443
1	230.52
1	163.953
1	150.411
1	138.718
1	170.909
1	187.439
1	200.876
1	159.685
1	144.634
1	237.612
1	259.426
1	209.982
1	148.867
0	22.1316
1	130.463
1	173.69
1	254.86
1	193.067
1	163.474
1	202.924
1	189.247
1	135.377
1	262.545
1	162.238
1	164.355
1	507.375
1	168.193
1	161.61
1	293.244
1	204.979
1	176.175
1	225.532
0	20.9218
1	188.461
1	200.84
1	185.832
1	149.303
1	167.942
1	217.051
1	182.14
1	155.482
1	178.901
1	227.151
0	20.3842
1	291.671
1	139.929
1	134.802
0	48.7796
1	320.562
1	163.021
1	224.352
1	129.945
1	176.809
1	109.28
1	430.584
1	235.993
1	172.608
1	227.492
1	246.795
1	188.824
1	269.206
1	199.599
1	203.483
1	182.708
1	276.746
1	205.876
1	235.777
1	157.338
0	38.8094
1	200.501
1	249.026
1	334.502
1	181.75
1	315.604
1	229.444
1	152.521
1	224.655
1	267.668
1	232.093
1	176.627
1	182.329
1	192.462
1	221.179
1	324.168
1	158.985
1	249.044
1	180.463
1	253.434
1	151.785
1	173.015
1	213.842
1	199.148
1	181.97
1	235.078
1	264.562
1	225.823
1	238.867
1	216.341
1	188.132
1	142.694
1	205.177
1	311.555
1	212.472
1	150.016
1	253.43
1	158.644
1	244.383
1	222.439
1	204.744
1	195.199
1	191.715
1	131.136
1	235.977
1	203.524
1	140.505
1	223.484
1	218.57
1	247.23
1	194.104
1	252.083
1	222.132
1	276.088
1	178.562
1	176.056
1	208.046
1	278.833
1	214.192
1	135.348
1	173.263
1	174.494
1	179.464
1	209.989
1	225.536
1	275.614
1	140.96
1	291.725
1	197.607
1	196.271
1	192.729
1	183.492
0	62.6611
1	132.994
1	214.617
1	159.754
0	44.2707
1	259.484
1	155.968
1	280.995
1	148.441
1	224.072
1	165.296
1	159.254
1	234.883
1	209.593
1	170.627
1	246.416
1	173.905
1	209.919
1	206.77
1	214.365
1	177.387
0	108.504
1	163.232
1	174.891
1	181.082
1	200.815
1	160.351
1	236.038
1	332.599
1	135.994
1	242.204
1	144.403
1	146.902
1	269.694
1	211.384
1	199.533
1	148.034
1	160.164
1	161.566
1	218.519
1	319.02
1	208.912
1	168.646
1	281.711
1	176.335
1	260.882
1	182.988
1	215.958
1	163.606
1	233.644
1	210.154
1	167.488
1	189.867
1	146.958
1	163.353
1	281.112
1	163.226
0	8.39312
1	267.077
1	175.15
1	148.6
1	240.372
1	164.324
1	202.741
1	137.06
1	175.39
1	175.787
1	179.824
1	192.852
1	236.93
1	152.83
1	150.644
1	199.991
0	1.41252e-05
1	132.894
1	127.583
1	188.585
1	225.036
1	206.886
1	184.886
1	202.014
1	229.625
1	161.237
0	2.30029
1	194.449
1	277.53
1	167.027
1	180.603
1	204.547
1	196.233
1	174.612
1	285.125
1	245.055
1	218.622
1	213.411
1	234.264
1	176.202
1	144.544
1	235.601
1	191.774
1	192.132
1	195.877
1	179.559
1	184.321
1	194.464
1	216.651
1	212.662
1	156.623
1	227.083
1	286.848
1	341.186
1	142.544
1	124.369
1	181.98
1	194.476
1	237.152
1	132.167
1	207.518
1	236.34
1	173.399
1	168.026
1	237.815
1	270.128
1	263.699
1	195.446
1	156.447
1	226.994
1	233.708
1	181.936
1	227.686
1	253.227
1	193.474
1	239.038
1	168.062
1	169.154
1	179.869
1	187.336
1	344.641
1	234.169
1	201.127
1	137.095
1	238.525
1	375.45
1	189.21
1	168.846
1	188.333
1	315.517
1	191.19
1	178.821
1	159.553
1	401.404
0	14.3766
1	170.444
1	129.788
1	184.092
1	143.771
1	329.194
1	163.299
1	219.414
1	209.905
1	139.741
1	177.56
1	207.197
1	119.744
1	166.938
1	197.957
1	162.015
1	158.547
1	164.696
1	196.57
1	145.75
1	283.995
1	232.548
1	219.369
1	211.884
1	216.874
1	139.325
1	163.146
1	148.726
1	137.143
1	250.523
1	216.335
1	182.046
1	191.889
1	180.201
1	230.653
1	267.293
1	302.42
1	275.352
1	161.698
1	209.94
1	212.955
1	272.944
1	225.969
1	190.325
1	137.586
1	205.328
1	144.274
1	177.921
1	176.226
1	188.084
1	194.726
1	141.634
1	154.983
1	226.473
1	171.656
1	174.466
0	23.7806
1	128.918
1	205.38
1	195.594
1	181.142
1	128.785
1	191.383
1	182.684
1	265.378
0	89.2982
1	160.803
1	201.285
1	237.491
1	116.982
1	195.232
1	200.093
1	147.299
1	146.049
1	190.996
1	163.902
1	182.133
1	102.032
1	231.842
1	183.751
1	261.161
1	141.982
1	173.601
1	188.058
1	216.043
1	216.396
1	206.002
1	228.043
1	245.308
1	205.999
1	150.988
1	185.434
1	214.138
1	164.252
1	146.243
1	342.566
1	155.625
1	230.283
1	171.064
1	166.327
1	166.918
1	129.796
1	273.552
1	227.986
1	341.714
1	159.311
1	217.064
1	206.05
1	226.206
1	234.949
1	201.802
1	198.261
1	205.473
1	145.331
1	182.534
1	182.624
1	199.587
1	213.681
1	189.998
1	214.355
1	261.883
0	31.9684
1	227.421
1	255.171
1	202.221
1	162.591
1	188.15
1	176.5
1	233.384
1	306.733
1	195.213
1	223.907
1	139.035
1	281.752
1	159.265
1	250.066
0	145.269
1	177.259
1	162.47
1	197.479
1	149.257
0	18.7672
1	166.265
1	316.048
1	150.496
1	209.831
1	149.314
1	190.442
1	158.455
1	214.978
1	217.45
1	246.153
1	292.189
1	175.954
1	242.558
1	121.477
1	145.357
1	317.823
1	182.246
1	235.032
1	306.622
1	150.215
0	6.99463e-05
1	177.897
1	179.648
1	204.508
1	275.283
1	232.62
1	263.237
1	203.9
1	260.888
1	244.671
1	250.894
1	170.31
1	164.581
1	165.885
1	254.304
1	274.908
1	289.783
1	228.904
1	187.454
1	136.426
1	314.317
1	168.447
1	271.896
1	122.796
1	215.118
1	161.473
1	237.835
1	184.448
1	244.548
1	178.133
1	183.695
0	1.56757e-05
1	174.511
1	181.923
1	118.583
1	215.713
1	264.921
1	203.107
1	193.568
1	168.867
1	218.336
1	167.936
1	164.444
1	232.882
1	156.099
1	196.144
1	259.647
1	213.194
1	260.829
1	201.635
1	211.263
1	190.92
1	244.103
1	150.791
1	176.285
1	220.837
1	177.234
1	193.252
1	283.069
1	187.015
1	153.081
1	311.489
1	180.825
1	170.077
1	152.776
1	252.394
1	212.781
1	197.332
1	154.067
1	184.407
1	195.269
1	178.382
1	136.818
1	198.748
1	219.666
1	188.454
1	220.041
1	208.094
1	135.493
1	162.552
1	276.262
1	181.555
1	263.821
1	140.402
1	167.401
1	242.679
1	206.265
1	268.274
1	158.383
1	227.553
1	237.415
1	209.964
1	185.959
1	146.101
1	232.772
1	268.747
1	173.625
1	231.31
1	189.28
1	201.172
1	268.087
0	9.22693
1	178.199
1	218.068
1	194.106
1	158.626
1	188.747
1	282.889
1	227.26
1	315.209
0	0.000113959
1	268.152
1	192.434
1	261.287
1	190.249
1	221.92
1	171.947
1	184.657
1	219.603
1	207.785
1	142.804
1	169.704
1	200.323
1	133.695
0	17.4663
1	177.233
1	187.325
1	192.936
1	176.059
1	235.965
1	166.605
1	191.703
1	256.722
1	241.216
1	199.213
1	293.478
1	110.215
1	304.434
1	200.239
1	249.728
1	157.73
1	228.217
1	201.308
1	319.585
1	225.302
1	145.024
1	280.187
1	251.066
1	294.123
1	218.009
1	281.596
1	317.221
1	202.082
1	243.933
1	163.286
1	173.205
1	182.686
1	137.309
1	288.398
1	263.813
1	255.972
0	4.02481e-05
1	309.11
1	214.062
1	194.501
0	2.466e-05
1	265.04
1	164.261
1	310.968
1	193.444
1	212.949
1	152.665
1	244.081
1	235.61
1	178.123
1	226.872
1	245.77
1	198.785
1	232.008
1	232.125
1	210.418
1	223.272
1	185.429
1	172.647
1	225.564
0	4.49941e-05
1	131.136
1	219.853
1	429.725
1	255.529
1	213.903
1	256.945
1	202.329
0	169.754
1	125.408
1	259.632
1	221.455
1	137.185
1	256.418
0	53.277
1	323.944
1	185.851
1	150.242
1	168.085
1	184.113
1	165.725
1	115.476
1	187.684
1	185.559
1	161.869
1	239.39
1	175.078
1	249.999
1	226.918
1	181.114
1	186.273
1	202.12
1	219.735
1	173.905
1	220.159
0	1.68625e-05
1	233.501
1	158.575
1	229.146
1	194.057
1	211.076
1	176.153
1	437.794
1	225.418
1	204.587
1	315.406
1	204.19
1	205.567
1	332.89
1	188.097
1	155.751
1	162.439
1	164.681
1	179.761
1	227.212
1	169.845
1	227.396
1	213.475
1	182.812
1	168.464
1	244.158
1	175.629
1	177.261
0	7.49582e-05
1	213.231
1	160.981
1	218.435
1	233.841
1	162.116
1	166.663
1	228.321
1	202.588
1	174.565
1	317.53
1	159.933
1	175.207
1	224.681
1	248.381
1	221.875
1	154.198
1	185.191
1	314.012
1	170.56
1	157.895
1	125.653
1	280.787
1	172.706
1	279.981
1	167.05
1	157.582
1	274.579
0	66.7361
1	187.394
1	227.932
1	225.829
1	177.404
1	172.067
1	161.425
1	150.177
1	179.223
1	217.912
1	182.328
1	232.967
1	146.849
1	304.501
1	202.979
1	198.907
1	194.877
1	243.307
1	136.679
1	185.022
1	240.891
1	239.26
1	191.697
1	211.563
1	295.686
1	151.05
1	243.811
1	269.993
1	176.546
1	336.317
1	194.341
1	164.198
1	170.107
1	143.566
1	249.655
1	179.81
1	162.41
1	215.935
1	225.013
1	210.682
1	180.431
1	281.262
1	244.581
1	232.982
1	236.099
1	217.011
1	208.971
1	195.984
1	180.372
1	193.277
1	163.894
1	239.753
1	200.514
1	219.232
1	262.758
1	340.205
1	360.102
1	174.65
1	211.84
1	143.636
1	233.777
1	268.925
1	167.208
1	221.833
1	158.281
1	156.682
1	247.781
1	187.772
1	225.465
1	231.786
1	284.664
1	234.904
1	343.859
1	164.608
1	156.95
1	198.629
1	169.871
1	166.459
1	210.631
1	195.93
1	183.256
1	238.861
1	173.041
1	142.906
1	172.235
1	184.669
1	201.027
1	177.992
1	118.064
1	244.652
1	199.761
1	223.115
1	222.216
1	253.383
1	143.048
1	205.565
1	252.616
1	171.439
1	134.296
1	202.476
1	160.02
1	183.236
0	98.726
1	142.518
1	177.201
1	256.957
1	333.065
1	145.119
1	249.753
1	175.26
1	207.667
1	188.619
1	211.479
1	138.912
0	32.471
1	152.934
1	273.365
1	168.119
1	261.323
1	297.261
1	229.874
1	200.8
1	208.952
1	324.777
1	172.207
1	201.094
1	197.434
1	171.201
1	187.863
1	205.684
1	190.774
1	230.38
1	178.039
1	242.989
1	212.863
1	158.88
1	198.242
1	163.896
1	189.938
1	283.927
1	160.32
1	336.459
1	205.84
1	155.026
0	0.00011749
1	232.064
1	267.515
1	301.285
1	189.412
1	200.045
1	248.33
1	207.662
1	130.659
1	264.775
1	224.699
1	158.136
1	122.672
1	167.965
1	265.46
1	212.839
1	150.78
1	215.862
1	164.917
1	196.349
1	175.728
1	194.678
1	236.713
1	314.6
1	251.341
1	215.163
1	173.813
1	398.434
1	151.194
1	219.108
1	170.965
1	214.274
1	236.899
1	151.713
1	178.446
1	206.402
1	166.108
1	183.826
1	154.982
1	193.752
1	136.258
1	186.012
1	168.394
1	176.043
1	156.115
1	327.34
1	142.729
1	227.441
1	190.44
0	14.2969
1	202.593
1	332.109
1	196.512
1	180.692
1	203.615
1	162.258
1	199.768
1	151.554
1	218.155
1	176.77
1	207.29
1	202.964
1	214.546
1	168.36
1	263.603
1	195.072
1	191.759
1	160.871
1	188.854
1	233.374
1	196.706
1	142.423
1	219.293
1	338.375
1	191.593
1	178.056
1	179.519
1	205.863
1	235.677
1	130.511
1	151.785
1	178.472
1	226.191
1	240.495
1	181.06
1	215.202
1	331.915
1	229.935
1	172.944
1	137.957
1	255.103
1	228.713
1	158.393
1	223.328
1	267.388
1	173.099
1	346.829
1	211.653
1	191.895
1	293.737
1	234.174
1	138.405
1	292.594
1	152.572
1	175.791
1	163.725
1	158.797
1	162.762
1	221.532
1	196.114
1	165.916
0	36.679
1	192.212
1	234.177
1	119.577
1	155.701
1	169.818
1	183.957
1	222.683
1	225.765
1	268.41
1	170.634
1	178.64
1	161.865
1	174.471
1	350.209
1	230.409
1	231.252
1	199.878
1	162.393
1	209.509
1	220.755
1	206.61
1	100.805
1	252.316
1	249.717
1	205.153
0	5.81642e-05
1	295.557
1	161.949
1	222.738
1	151.11
1	181.286
1	185.35
1	165.952
1	155.471
1	152.783
1	222.056
1	154.107
1	165.857
1	255.198
1	205.926
1	184.01
1	211.764
1	203.456
1	181.651
1	132.206
1	182.147
1	212.897
1	235.178
1	269.188
1	169.205
1	185.244
1	241.134
1	162.931
1	176.362
1	172.311
1	184.832
1	165.892
1	238.545
1	233.814
1	397.117
1	198.837
1	252.341
1	211.629
1	277.1
1	246.427
1	167.592
1	240.615
1	171.866
1	231.679
1	150.497
1	255.09
1	312.408
1	146.721
1	190.919
1	223.036
1	161.952
1	106.578
1	197.431
1	277.409
1	225.747
1	194.344
1	218.973
1	180.819
1	187.485
1	248.078
1	158.573
1	183.984
1	153.916
1	177.387
1	234.37
1	132.298
1	159.527
1	219.381
0	0.000152042
1	175.699
1	215.506
1	150.616
1	289.707
1	135.253
0	25.4199
1	185.679
1	142.421
0	47.4842
1	207.095
1	254.453
1	183.191
1	179.83
1	207.843
1	234.357
1	264.733
1	268.94
1	217.432
1	326.567
1	128.581
1	251.291
1	238.481
1	202.942
1	197.655
1	155.862
1	268.893
1	150.442
1	131.835
1	242.718
1	224.838
1	158.627
1	219.106
1	273.824
1	195.609
1	135.929
1	185.228
1	166.778
1	366.716
1	199.148
1	201.416
1	173.283
1	170.567
0	13.8084
1	133.235
1	338.403
1	160.34
1	134.15
1	170.567
1	197.104
1	204.627
1	190.348
1	172.07
1	278.287
1	201.959
1	169.58
1	187.708
1	198.819
1	133.57
1	222.804
1	188.812
1	162.985
1	255.435
1	280.763
1	243.162
0	66.1356
1	199.298
0	22.8346
1	178.255
1	209.022
1	176.347
1	200.147
1	218.496
1	155.547
1	118.603
1	181.282
1	153.39
1	277.875
1	218.324
1	189.44
1	195.656
1	208.94
1	152.899
1	202.079
1	217.517
1	185.184
1	190.111
1	166.803
1	275.242
1	179.72
1	197.043
1	192.139
1	219.503
1	177.519
1	210.973
1	136.653
1	222.89
1	151.149
1	185.144
1	191.049
1	180.785
1	180.33
1	175.051
1	168.284
1	187.194
1	400.335
1	199.193
1	184.359
1	254.238
1	113.071
1	162.686
1	141.325
1	181.125
1	203.318
1	139.887
1	326.6
1	211.543
1	201.239
1	149.921
1	194.918
1	198.163
1	269.487
1	206.052
1	239.542
1	175.822
1	226.809
1	212.268
1	219.746
1	231.701
1	273.373
1	260.6
1	177.407
1	226.011
1	211.636
1	398.508
1	200.575
1	110.18
1	191.005
1	329.349
1	206.193
1	188.313
0	9.4056e-05
1	176.133
1	172.844
1	215.371
1	186.274
1	160.99
1	240.016
1	169.098
1	255.733
1	203.659
1	173.087
1	168.756
1	169.085
1	262.355
1	154.737
1	163.486
1	159.266
1	159.23
1	166.217
1	201.649
1	167.68
1	179.094
1	215.541
1	315.938
1	171.44
1	195.17
1	213.287
1	231.026
1	201.543
1	174.102
1	167.417
0	28.9929
1	398.412
1	350.552
1	252.63
1	226.12
1	187.679
1	165.825
1	183.155
1	143.128
1	240.207
1	304.154
1	174.248
1	192.295
1	170.316
1	274.263
1	128.555
1	196.566
1	198.401
1	166.249
1	240.358
1	276.633
1	239.265
1	142.5
1	135.524
1	274.515
1	203.081
1	154.199
1	250.588
1	170.348
1	283.126
1	183.304
1	182.181
1	163.311
1	266.989
1	152.809
1	332.551
1	154.587
1	159.342
1	174.337
1	210.2
1	210.734
1	202.212
1	214.249
1	145.723
1	142.012
1	155.96
1	161.08
1	273.898
1	146.445
1	152.665
1	168.279
1	224.459
1	139.272
1	180.316
1	248.281
1	268.619
1	221.839
1	222.335
1	154.093
1	197.863
1	131.284
1	212.489
1	138.99
1	197.194
1	139.744
1	225.283
1	256.229
0	17.7635
1	165.777
1	172.47
1	270.763
1	194.312
0	6.70637e-05
0	5.56558
1	181.022
1	171.237
1	190.368
1	175.911
1	234.979
1	185.334
1	184.65
1	176.216
1	157.956
0	0.000146301
1	225.831
1	227.787
1	200.566
1	210.47
1	219.201
1	173.632
1	174.09
1	178.865
1	174.204
1	189.864
1	192.197
1	206.503
1	164.896
1	299.121
1	231.631
1	304.365
1	164.255
1	233.339
1	235.312
1	153.672
1	279.901
1	192.741
1	139.351
1	192.802
1	168.188
1	231.859
1	232.988
1	143.834
1	158.531
1	228.883
1	168.759
1	334.153
1	194.585
1	251.053
1	338.262
1	238.363
1	325.646
1	259.452
1	279.303
1	164.956
1	163.771
1	221.999
1	227.239
1	380.838
1	182.798
1	217.717
1	201.445
1	279.639
1	168.824
1	159.733
1	439.954
1	297.252
1	292.203
1	412.934
1	220.186
1	191.033
1	191.662
1	165.596
1	199.976
1	230.657
1	217.807
1	188.172
1	206.106
1	189.641
1	208.023
1	166.971
1	232.177
0	8.20862e-05
1	296.471
1	181.133
1	184.789
1	373.845
1	229.653
1	170.962
1	237.904
0	0.000108132
1	222.068
1	161.445
1	169.841
1	222.915
1	201.617
1	213.035
1	191.302
1	107.912
1	253.587
1	213.333
1	160.768
1	163.6
1	175.771
1	191.002
1	165.665
1	312.213
1	120.901
1	199.218
1	293.242
1	302.596
1	172.421
1	218.044
1	149.553
0	13.5688
1	258.901
1	183.725
1	176.734
1	173.863
1	157.367
1	233.452
1	143.349
1	202.721
1	223.146
1	162.712
1	172.867
1	238.559
1	235.411
1	175.298
1	189.265
1	228.047
1	182.837
1	219.481
1	274.786
1	260.277
1	268.756
1	207.978
0	5.24394e-05
1	312.344
1	381.873
1	222.489
1	202.885
1	192.68
1	335.944
1	193.947
0	6.23145
1	204.335
1	171.031
1	174.278
1	220.291
1	225.318
1	196.188
1	137.919
1	195.041
1	233.436
1	184.885
1	351.021
1	141.969
1	247.443
1	151.15
1	306.595
1	148.677
1	178.502
1	255.793
1	303.206
1	141.053
1	241.929
1	252.676
1	182.393
1	277.132
1	236.239
1	205.687
1	184.988
1	293.736
1	191.617
1	214.752
1	321.098
1	218.505
1	150.004
1	185.301
1	266.814
1	204.333
1	154.888
1	166.817
1	216.683
1	178.519
1	196.645
1	240.043
1	214.153
1	229.581
1	210.109
1	156.215
1	136.605
1	128.862
1	194.263
1	211.838
1	189.772
1	214.844
1	169.331
1	131.098
1	154.782
1	164.567
1	161.925
1	194.733
1	228.883
1	189.291
1	230.549
0	4.60511e-05
1	196.79
1	164.401
1	187.254
1	215.497
1	166.665
1	243.18
1	143.511
1	193.735
1	207.007
1	123.825
1	151.839
1	320.652
1	207.684
1	195.936
1	253.381
1	138.681
1	159.218
1	153.399
1	166.929
1	204.823
1	168.25
1	130.921
1	269.357
1	266.59
1	227.46
1	181.926
1	252.513
1	191.005
1	231.282
1	159.106
1	158.028
1	319.525
1	211.957
1	162.991
1	183.487
1	201.142
1	219.937
1	333.134
1	373.934
1	163.375
1	211.08
1	284.132
1	203.916
1	144.245
1	176.385
1	169.419
1	168.353
1	209.285
1	189.241
1	159.472
1	152.162
1	142.091
1	238.03
1	197.091
1	208.269
1	236.693
1	313.848
1	203.743
1	120.935
1	256.004
1	172.777
1	241.11
1	251.044
1	203.232
1	185.874
1	182.028
1	334.554
1	246.453
1	226.137
1	165.292
1	223.778
1	293.159
1	212.261
1	192.966
1	219.766
1	201.06
1	220.687
1	147.72
1	178.293
1	156.348
1	229.557
1	181.693
1	255.665
1	171.418
1	205.704
1	203.63
1	331.844
1	352.055
1	163.014
1	172.486
1	211.328
1	252.698
1	176.727
1	158.02
1	260.167
1	207.461
1	197.96
1	226.112
1	177.677
1	155.614
1	302.054
1	205.985
1	239.569
1	186.357
1	246.556
1	163.219
1	227.981
1	273.152
1	134.13
1	156.882
1	217.402
1	171.61
1	237.225
1	186.546
1	221.914
1	196.926
1	227.865
1	132.503
1	201.332
1	260.87
1	248.569
1	173.693
1	201.529
1	181.507
1	301.136
1	189.262
1	275.11
1	117.298
1	192.277
1	123.242
1	164.752
1	247.712
1	169.26
1	206.936
1	154.219
1	210.147
1	247.389
1	208.214
1	185.717
1	232.379
1	277.281
1	176.656
1	152.589
1	182.92
1	184.215
1	252.863
1	251.23
1	225.57
1	156.263
1	346.334
1	175.429
1	181.826
1	173.834
1	142.496
0	48.0204
1	287.975
1	211.208
1	179.893
1	154.722
1	159.74
1	211.676
1	168.03
1	144.3
1	192.432
1	151.921
1	389.236
1	261.268
1	239.9
1	195.64
1	163.168
1	140.558
1	162.323
1	309.2
1	125.977
1	173.644
1	259.197
1	188.89
1	195.802
1	216.053
1	176.889
1	190.618
1	291.622
1	185.081
1	270.71
1	165.536
1	182.435
1	214.044
1	237.602
1	263.027
1	190.244
1	133.15
1	214.977
1	189.121
1	231.903
1	228.395
1	190.232
1	216.79
1	199.13
1	152.134
1	199.353
1	156.04
1	192.45
1	279.169
1	227.162
1	325.983
1	170.415
1	179.096
1	239.411
1	208.759
1	213.602
1	263.522
1	338.048
1	148.563
1	175.623
0	2.51349
1	293.745
1	160.662
1	193.284
1	157.82
1	219.745
1	239.032
1	160.574
1	178.433
1	158.468
1	191.623
1	184.638
1	177.94
0	31.7976
1	146.228
1	206.828
1	206.833
1	204.677
1	146.628
1	203.77
1	274.327
1	250.497
1	179.712
1	202.813
1	187.811
1	221.946
1	219.611
1	207.902
1	177.743
0	9.88239e-06
1	132.403
1	189.496
1	254.035
1	193.064
0	17.1967
1	197.564
1	221.319
1	241.726
1	173.535
1	159.947
1	284.832
1	152.468
1	319.025
1	212.058
1	152.472
1	222.399
1	138.144
1	179.268
1	243.084
1	249.519
1	126.621
1	249.269
1	186.338
1	166.046
1	224.369
1	193.365
1	314.714
1	228.273
1	191.563
0	7.31233e-06
1	155.157
1	215.087
1	195.269
1	120.111
1	337.832
1	184.308
1	197.456
1	201.462
1	172.763
1	209.258
1	193.432
1	253.698
1	232.747
1	167.517
1	214.451
1	140.258
1	169.299
1	182.394
1	253.933
1	160.239
1	214.006
1	168.541
1	206.574
1	282.005
1	145.076
1	210.817
1	193.803
1	183.65
1	231.532
1	207.783
1	250.977
1	158.927
1	212.592
1	190.544
1	159.176
1	132.524
1	211.947
1	181.601
1	185.167
1	169.606
1	257.886
1	199.73
1	166.471
1	172.634
1	190.465
1	167.503
1	221.159
1	180.936
1	159.44
1	162.175
1	187.273
1	181.903
1	191.427
1	123.439
1	225.442
1	175.3
1	158.624
1	262.172
1	215.567
1	230.46
1	190.492
1	299.644
1	187.335
1	169.017
1	264.183
1	197.714
1	445.947
1	167.075
1	211.957
1	122.323
1	117.341
1	157.952
1	156.26
1	214.726
1	162.49
1	307.208
1	176.595
1	222.502
1	181.174
1	179.842
1	328.25
1	247.746
1	181.957
1	171.431
1	221.881
1	231.425
1	220.632
1	193.34
1	225.332
1	184.388
1	224.987
1	170.614
1	175.805
1	239.924
1	219.425
1	168.713
1	133.813
0	8.98163
1	190.761
1	220.57
1	226.088
1	150.509
1	221.252
1	139.389
1	170.491
1	170.475
1	287.746
1	139.356
1	166.758
1	157.42
1	183.22
1	327.23
1	183.45
1	281.222
1	265.215
1	147.747
1	198.028
1	216.705
1	240.003
1	238.128
1	243.918
1	272.422
1	232.458
1	181.052
1	160.332
1	189.06
1	210.056
1	193.219
1	287.077
0	2.68601
1	156.028
1	215.225
1	228.233
1	128.536
1	280.386
1	229.563
1	281.956
1	202.239
1	284.554
1	253.12
1	163.48
1	170.794
1	265.615
1	191.188
1	178.743
1	144.574
1	215.634
1	248.164
1	141.191
1	174.72
1	199.471
1	160.285
1	173.166
1	191.392
1	175.363
1	228.973
1	179.24
1	237.221
1	170.524
1	169.901
1	158.097
1	144.807
1	155.785
1	195.816
1	132.793
1	207.078
1	166.598
1	189.094
1	172.205
1	172.187
1	173.033
1	224.862
1	195.819
1	157.308
0	20.0669
0	4.56185e-05
1	221.854
1	229.401
1	194.325
1	201.151
1	215.857
1	226.32
1	282.451
1	211.542
1	170.819
1	141.238
1	322.584
1	199.802
1	200.147
1	283.82
1	204.738
0	1.47559e-05
1	199.282
1	204.839
1	240.254
1	227.955
1	222.376
1	182.254
1	188.757
1	288.337
1	168.036
1	210.83
1	218.874
1	167.746
1	205.088
1	150.396
1	160.149
1	219.402
0	42.9409
1	218.523
1	213.875
1	164.358
1	265.379
1	198.086
1	199.054
1	234.945
1	188.811
1	266.406
1	195.027
1	144.172
1	203.189
1	193.984
1	173.618
1	149.227
1	286.435
1	181.631
1	123.057
1	260.989
1	266.469
1	290.177
1	263.526
1	161.965
1	255.54
1	127.461
1	240.933
1	189.089
1	289.857
1	126.859
1	235.867
1	223.746
1	179.996
1	156.326
0	12.9068
1	219.569
1	263.328
1	207.609
1	177.489
1	224.56
0	3.19479e-05
0	14.8428
1	206.108
1	205.766
1	136.794
1	200.333
1	180.9
1	182.53
1	231.434
1	172.597
1	179.452
1	183.315
0	1.10671e-05
0	10.1798
1	197.477
1	210.683
1	170.46
1	162.479
1	261.887
1	183.342
1	122.122
1	294.148
1	334.442
1	229.888
1	302.409
1	240.322
1	164.412
1	154.722
1	288.51
1	164.057
1	246.071
1	200.868
1	199.521
1	184.38
1	169.327
1	148.365
1	203.145
1	231.797
1	228.557
1	158.413
1	225.076
1	215.879
1	210.573
1	267.258
1	184.648
1	173.597
1	209.139
1	234.931
1	193.319
1	280.169
1	221.538
1	204.908
1	252.788
1	181.098
1	159.562
1	214.326
1	204.36
1	162.984
1	207.527
1	214.278
1	180.587
1	195.734
1	180.706
0	45.2715
1	217.336
1	136.604
1	277.561
1	189.535
1	158.009
1	136.37
1	406.251
1	242.312
1	188.031
1	219.599
1	189.92
1	241.641
1	237.291
1	147.438
1	234.524
1	197.601
1	222.423
0	2.91341
1	168.807
1	186.818
1	288.937
1	202.479
1	173.366
0	11.3343
1	171.505
1	360.957
1	178.205
1	162.573
1	201.913
1	232.055
1	271.616
1	184.037
0	34.8503
1	154.576
1	193.061
1	281.839
1	232.533
1	160.366
1	189.795
1	185.907
1	231.206
1	177.09
1	160.325
1	275.543
1	137.212
1	134.903
1	359.622
1	179.471
1	166.179
1	206.523
1	158.327
1	205.49
1	138.237
1	130.35
1	246.576
1	140.955
1	307.134
1	211.44
1	241.671
1	408.805
1	295.159
1	304.326
1	165.937
1	211.763
1	291.619
1	303.194
1	270.621
1	170.938
1	201.422
1	197.939
1	195.489
1	201.909
1	213.277
1	298.409
1	126.27
1	165.01
1	186.784
1	190.386
1	240.284
1	164.304
1	156.132
1	174.775
1	128.341
1	158.879
1	202.871
1	152.705
1	164.63
1	178.124
1	172.887
1	209.195
1	191.569
1	240.937
1	184.051
1	265.206
1	246.114
1	203.816
1	252.379
1	342.885
1	226.634
1	239.388
1	140.122
1	213.893
1	159.585
1	262.671
1	211.941
1	174.512
1	235.425
1	182.603
1	274.962
1	174.253
1	171.293
1	267.213
1	240.539
1	237.574
1	122.739
1	183.831
1	239.141
1	212.375
1	187.86
1	150.088
1	146.009
1	203.297
1	176.549
1	313.871
1	300.383
1	207.924
1	206.873
1	329.923
1	179.679
1	173.762
1	169.128
1	208.412
1	192.011
1	126.459
1	209.868
1	130.745
1	182.189
1	233.127
0	58.5648
1	115.615
1	206.122
1	123.745
1	236.382
1	162.354
1	227.578
1	186.726
1	173.663
1	136.547
1	244.583
1	227.666
1	197.842
1	295.031
1	161.059
1	246.23
1	144.853
1	199.448
1	207.757
1	136.5
1	193.209
1	219.618
1	226.799
1	254.849
1	131.682
1	308.044
1	183.685
1	226.404
1	225.152
1	140.355
1	171.684
1	153.124
1	222.323
1	193.288
1	293.997
0	7.31889e-05
1	225.207
1	238.897
1	143.642
1	194.306
1	207.101
1	136.047
1	245.97
1	187.063
1	126.689
1	293.067
1	192.208
1	343.091
1	298.932
1	157.499
1	136.172
1	267.301
1	219.728
1	197.285
1	183.995
1	214.631
1	195.138
1	189.315
1	208.536
1	171.544
1	327.816
1	352.714
1	176.315
1	304.651
1	145.579
1	175.907
1	225.265
1	172.318
1	182.453
1	157.518
1	196.323
1	195.172
1	160.464
1	172.604
1	148.567
0	3.10938
1	215.136
1	157.401
1	151.084
1	343.537
1	189.269
1	169.248
1	240.236
1	194.508
1	398.511
1	175.991
1	150.94
1	140.929
1	251.587
1	266.999
1	154.154
1	180.127
1	150.46
1	217.359
1	203.295
1	219.529
1	161.718
1	207.324
1	179.91
1	319.413
1	253.849
1	177.008
1	159.131
1	211.409
1	152.945
1	214.21
0	62.2365
1	156.645
1	216.467
1	212.777
1	183.119
1	236.951
1	226.472
1	287.122
1	138.014
1	196.408
1	294.345
1	252.2
1	204.773
1	189.279
1	149.862
1	142.111
1	164.446
1	250.761
1	247.289
1	201.21
1	201.853
1	155.027
1	325.148
1	324.874
1	195.674
0	3.91777e-05
1	234.239
1	165.755
1	300.243
1	252.131
1	306.841
1	228.402
1	143.454
0	7.48657e-06
1	183.496
1	194.407
1	384.399
1	310.804
1	211.318
1	304.721
1	245.177
1	226.778
1	253.122
1	155.223
1	233.181
1	206.989
1	151.239
1	182.599
1	210.202
1	181.37
1	207.889
1	391.015
0	52.7215
1	218.498
1	216.594
1	160.021
1	211.521
1	146.126
1	238.625
1	198.045
1	186.467
1	142.321
1	210.47
1	173.943
1	263.964
1	207.739
1	219.08
1	229.262
1	137.722
1	184.163
1	346.755
1	177.48
1	254.885
1	173.657
1	272.91
1	146.194
1	184.047
1	195.552
1	193.523
1	150.198
0	5.10756e-05
1	191.771
1	278.944
1	186.348
1	159.966
1	266.75
1	157.823
1	116.571
1	156.98
1	255.177
1	283.239
1	184.412
1	227.387
1	220.034
1	308.526
1	228.668
1	196.781
1	177.785
1	216.157
1	236.461
1	221.636
1	227.404
1	248.558
1	197.467
1	181.368
1	235.826
1	221.114
0	93.9879
1	321.118
1	217.858
1	201.326
1	158.186
1	178.823
1	146.059
1	137.598
1	201.517
1	220.669
1	211.735
1	194.907
1	196.444
0	47.6666
1	129.296
1	149.92
1	225.909
1	156.853
1	206.583
1	219.691
1	171.798
1	149.73
1	214.145
1	168.237
1	182.41
1	177.725
1	191.522
1	167.778
1	176.262
1	139.66
1	140.748
0	72.5426
1	189.381
1	203.638
1	265.451
1	193.498
1	250.13
1	179.731
1	178.598
1	150.69
1	146.421
1	237.794
1	207.835
1	149.651
1	228.212
0	0.000234197
1	280.338
1	140.527
1	110.527
1	177.093
1	281.607
1	308.68
1	369.248
1	244.036
1	199.6
1	173.128
1	226.719
1	237.771
1	187.461
1	160.163
1	147.044
1	142.985
1	154.037
1	204.146
1	202.057
1	145.434
1	189.354
1	170.741
1	156.153
1	295.424
1	172.6
1	178.031
1	193.371
1	210.711
1	205.316
1	250.042
1	266.292
1	158.436
1	212.776
1	332.662
1	233.329
1	134.182
1	143.925
1	172.631
1	174.702
1	300.824
1	157.523
1	117.319
1	175.719
1	207.377
1	167.217
1	253.296
1	142.925
1	153.191
1	243.902
1	268.23
1	203.963
0	1.96175e-05
1	233.849
1	158.018
1	217.435
1	199.101
1	192.625
1	195.83
1	215.739
1	177.675
1	223.233
1	228.782
1	313.074
1	291.512
1	210.407
1	178
1	139.23
1	172.253
1	180.654
1	275.375
1	155.18
1	175.085
1	151.176
1	380.893
0	17.7651
1	227.354
1	208.903
1	212.02
1	180.53
1	170.91
1	167.24
1	248.283
1	155.614
1	364.979
1	139.163
1	104.599
1	169.293
1	189.73
1	187.542
1	267.117
1	170.098
1	200.896
1	255.664
1	290.862
1	175.734
1	199.179
1	167.521
1	277.416
1	225.534
1	210.264
0	23.6334
1	136.962
1	194.317
1	264.918
1	216.705
1	254.025
1	234.562
1	212.536
1	146.44
1	162.592
1	185.554
1	115.375
1	234.846
1	270.739
1	211.108
1	189.417
1	208.871
1	161.997
1	185.914
1	416.85
1	200.698
1	139.724
1	186
1	222.654
1	177.204
1	122.63
1	281.356
1	198.397
1	200.829
1	209.924
1	193.506
1	184.834
1	227.231
1	207.798
1	139.353
1	138.329
1	212.541
1	232.056
1	138.964
1	175.996
0	2.66235e-05
1	270.679
1	180.62
1	132.995
1	150.028
1	193.103
1	178.519
1	160.535
1	189.816
1	149.138
1	218.259
1	123.145
1	170.543
1	188.407
1	212.376
1	113.073
1	226.386
1	178.147
1	260.837
1	117.324
1	187.894
1	218.976
1	224.996
1	241.234
1	269.693
1	156.663
1	208.974
1	209.308
1	342.77
1	258.983
1	169.896
1	151.81
1	234.02
1	119.171
0	72.1657
1	188.989
1	125.783
1	207.052
1	195.589
1	220.915
1	201.154
1	297.351
1	214.725
1	184.288
1	234.909
1	203.083
1	203.149
1	174.677
1	168.454
1	206.696
1	167.771
1	166.913
1	205.675
1	201.384
1	319.33
1	314.632
1	174.56
1	237.334
1	195.064
1	215.759
1	192.334
1	148.79
1	146.645
1	208.273
1	209.888
1	237.677
1	129.009
1	200.34
1	203.19
1	165.088
1	240.81
1	190.145
1	296.128
1	188.419
1	301.31
1	172.925
1	229.202
1	381.718
1	256.393
1	174.158
1	201.611
1	210.422
1	233.436
0	115.855
1	160.525
1	259.904
1	144.912
1	220.875
1	135.061
1	160.861
1	184.608
1	159.086
1	185.383
1	266.036
1	192.815
1	148.882
1	150.348
1	163.924
1	186.304
1	153.06
1	197.611
1	167.358
1	203.978
1	203.038
1	131.959
1	238.572
1	157.903
1	287.938
1	163.268
1	197.509
1	173.755
1	179.623
1	258.101
1	180.721
1	164.949
1	189.768
1	297.629
1	233.804
1	251.314
1	312.395
1	166.499
1	169.127
1	252.202
1	190.649
1	164.077
1	193.42
1	200.552
1	218.917
1	228.967
1	193.77
1	195.428
1	309.294
1	186.804
1	150.747
1	215.74
1	190.551
1	316.243
1	273.946
1	174.219
1	162.033
1	313.457
1	155.299
1	182.814
1	232.115
1	158.673
1	179.766
1	168.731
1	145.034
1	124.284
1	198.27
1	150.272
1	193.782
1	126.036
1	195.082
1	182.095
1	183.049
1	208.936
1	131.905
1	165.183
1	137.872
1	196.216
1	168.319
1	219.758
1	281.049
1	139.228
1	147.553
1	138.333
1	206.353
1	237.634
1	199.639
1	198.915
1	218.532
1	161.627
1	241.171
1	177.791
1	217.659
1	172.975
1	280.916
1	212.039
1	180.207
1	130.918
1	265.823
1	108.848
1	177.732
1	168.657
1	134.558
1	189.949
1	258.437
1	186.35
1	179.379
0	78.7474
1	217.534
0	2.45129e-05
1	160.964
1	159.841
1	168.822
1	220.627
1	173.286
1	188.612
1	247.042
1	191.692
1	185.224
1	154.317
1	149.75
1	169.034
0	21.3745
1	157.655
1	248.323
1	161.666
1	249.91
1	137.852
1	244.677
1	303.672
1	207.399
1	173.431
1	126.854
1	223.041
1	131.487
1	286.958
1	162.548
1	133.813
1	197.283
1	191.482
1	347.675
1	176.762
1	290.293
1	207.048
1	308.268
1	173.907
1	167.692
1	254.153
1	271.901
1	259.416
1	234.934
0	12.0029
1	245.916
1	270.116
1	288.467
1	175.754
1	233.798
1	172.864
1	167.214
1	222.799
1	167.051
1	223.244
1	236.408
1	208.835
1	269.984
1	191.035
1	165.901
1	246.684
1	231.252
1	202.82
1	149.751
1	204.903
1	143.264
1	213.786
1	273.656
1	150.477
1	154.65
1	163.712
1	303.554
1	258.999
1	310.144
1	190.582
1	195.283
1	230.583
1	160.287
1	154.025
1	283.204
1	233.353
1	187.429
1	253.495
1	178.353
1	192.953
1	224.683
1	198.179
1	196.815
1	192.449
1	148.277
1	127.641
1	193.846
1	211.205
1	237.391
1	157.189
1	298.144
1	302.615
1	223.952
1	172.889
1	187.084
1	156.933
1	201.098
1	257.358
1	268.996
1	258.097
1	198.443
1	183.996
1	249.749
1	182.783
1	186.034
1	182.213
1	195.108
1	188
1	148.296
1	190.759
1	241.069
1	212.085
1	199.695
1	199.701
1	181.245
1	196.617
1	245.166
1	202.766
1	234.936
1	272.217
0	15.2731
1	208.564
1	186.527
1	271.29
1	184.223
1	151.79
1	197.229
1	200.444
1	140.318
1	209.871
1	224.778
1	182.445
0	1.14643e-05
0	82.9957
1	145.108
1	244.49
1	149.16
1	149.153
1	170.586
1	278.628
1	321.843
1	148.315
1	313.402
1	187.147
1	263.361
1	165.84
1	159.297
1	180.535
1	139.419
1	181.045
1	137.54
1	226.162
1	173.417
1	153.341
1	281.415
1	134
1	134.904
1	187.399
1	264.922
1	132.023
1	273.847
1	322.264
1	250.592
1	333.812
1	127.871
1	142.715
1	251.075
1	165.608
1	205.991
1	266.001
1	234.133
1	209.517
1	250.271
1	288.733
1	199.668
1	159.1
1	179.024
1	177.455
1	176.983
1	372.237
1	238.013
1	274.426
1	187.273
1	184.41
1	151.042
1	157.021
1	150.348
1	284.075
1	173.514
1	156.875
1	163.332
1	207.007
1	220.679
0	57.0109
1	141.293
1	168.947
1	191.941
1	277.916
1	170.928
1	378.366
1	255.355
1	248.099
1	126.349
1	186.529
1	179.36
1	299.091
1	230.6
0	5.12495e-05
1	139.776
1	150.232
1	205.251
1	188.08
1	146.584
1	185.742
1	156.392
1	201.36
1	230.349
1	226.058
1	163.998
1	166.711
1	218.756
1	306.222
1	174.149
1	176.443
1	220.179
1	158.83
1	169.298
1	124.008
1	224.004
1	147.3
1	209.061
1	229.288
1	344.415
1	165.013
0	0.000104306
1	196.594
1	161.301
1	200.884
1	151.38
1	165.403
1	320.14
1	212.424
1	259.241
1	154.638
1	200.574
1	236.789
0	1.45019e-05
0	19.2212
1	199.908
1	218.658
1	200.006
1	282.835
1	271.677
1	218.639
1	205.533
1	260.699
1	151.716
1	207.849
1	214.604
1	239.771
1	171.963
1	165.183
1	258.3
1	267.748
1	178.743
1	182.29
1	209.299
1	118.069
1	154.492
1	215.443
1	159.627
1	251.917
1	361.818
1	167.29
1	249.446
1	221.242
1	320.286
1	200.018
1	126.32
1	327.898
1	210.841
1	202.402
1	210.74
1	189.031
1	176.021
1	142.838
1	146.437
0	56.1451
1	179.948
1	308.591
1	147.457
1	228.3
1	260.425
1	175.765
0	1.49573e-05
1	191.847
1	224.821
1	176.29
1	206.455
1	402.236
1	193.736
1	142.468
1	140.517
1	189.722
1	211.259
1	136.869
1	175.858
1	256.729
1	179.216
1	154.823
1	178.18
1	217.657
1	169.73
1	280.687
1	213.564
1	216.162
0	5.1216e-05
1	301.909
1	199.121
1	138.747
1	155.851
1	219.218
1	185.876
1	274.503
1	224.629
1	232.656
1	143.087
1	267.704
1	192.496
1	208.736
1	185.155
1	142.445
1	214.255
1	131.018
1	298.264
1	224.376
0	8.63497e-05
1	201.129
1	505.811
1	163.693
1	227.816
1	168.667
1	163.516
1	255.679
1	145.297
1	227.409
1	261.96
1	143.962
1	185.847
1	277.465
1	192.169
1	130.323
1	324.818
1	198.308
1	174.674
1	118.438
1	155.565
1	202.489
0	36.4965
1	220.55
1	269.179
1	175.155
1	139.472
1	144.26
1	139.613
1	165.944
1	169.709
1	188.851
1	150.139
1	161.336
1	156.505
1	196.39
1	290.493
1	154.712
1	229.311
1	198.773
1	247.153
1	157.296
1	199.455
1	186.139
1	199.291
1	119.893
1	206.306
1	264.781
1	212.249
1	205.328
1	235.966
1	319.153
1	200.949
1	187.33
1	319.086
1	225.326
1	146.345
1	162.84
1	178.39
1	236.658
1	272.061
1	195.236
1	217.021
1	280.145
1	165.05
1	203.408
1	235.739
1	196.291
1	204.297
1	231.913
1	159.903
0	44.5921
1	138.215
1	256.393
1	271.439
1	293.572
0	4.39376
1	231.486
1	189.391
1	284.255
1	262.455
1	184.706
1	225.153
1	224.588
1	238.988
1	200.432
1	262.742
1	164.141
1	199.477
1	206.028
1	153.857
1	213.792
1	263.035
1	211.182
1	189.673
0	1.49544e-06
0	8.22524e-05
1	206.283
1	198.817
1	173.906
1	263.835
1	267.925
1	254.352
1	173.723
1	146.434
1	221.974
1	169.218
1	178.326
1	197.294
1	241.976
1	208.499
1	206.797
1	199.073
1	146.733
1	211.11
1	143.506
1	177.533
1	214.899
1	188.294
1	145.958
1	226.408
1	150.234
1	216.621
1	285.155
1	201.368
1	244.948
1	190.11
1	213.772
1	196.399
1	122.259
1	150.552
1	245.628
1	145.59
1	181.493
1	238.811
1	225.001
1	240.526
1	176.457
1	214.873
1	127.92
1	425.464
1	163.609
0	23.1797
1	255.683
1	169.658
1	243.395
1	152.705
1	274.896
1	234.906
1	241.062
1	244.587
1	256.061
1	258.062
1	229.093
1	225.31
1	175.015
1	135.424
1	196.897
1	256.8
1	185.915
1	212.61
1	200.068
1	183.228
1	123.365
1	205.353
1	186.775
1	397.527
1	158.536
1	203.074
1	224.525
1	171.847
1	194.389
1	180.462
1	175.278
1	165.256
1	155.089
1	165.824
1	190.687
1	232.135
1	152.439
1	174.947
1	182.684
1	205.889
1	221.442
1	263.778
1	184.114
1	254.954
1	261.509
1	265.19
1	270.532
1	186.86
1	221.627
1	231.678
1	199.384
1	165.574
1	169.586
1	191.64
1	222.156
1	250.983
1	190.53
1	320.543
1	209.503
1	181.065
1	190.896
1	208.122
1	233.088
1	208.907
1	201.815
1	254.893
1	107.232
0	86.8232
1	163.655
1	147.647
1	172.23
1	198.032
1	208.959
1	290.092
1	217.579
1	258.461
1	381.251
1	199.263
1	151.315
1	240.364
1	168.179
1	219.476
1	247.871
1	137.944
1	142.538
1	354.036
1	150.063
1	146.23
1	175.598
1	182.779
1	167.325
1	211.511
1	182.976
1	307.02
1	278.197
1	184.741
1	194.967
0	41.0352
1	171.613
1	229.065
1	212.561
1	191.696
1	181.851
0	4.72895e-05
1	251.846
1	125.458
1	323.392
1	194.152
1	188.666
1	134.438
1	255.203
1	179.658
1	174.159
1	148.289
1	292.972
1	164.919
1	299.233
1	261.724
1	257.52
1	160.821
1	203.08
1	253.05
1	200.309
1	147.258
1	242.073
1	194.118
1	173.326
1	139.895
1	210.842
1	255.631
1	292.443
1	182.88
1	215.565
1	200.361
1	184.184
1	147.994
1	145.607
1	221.853
1	134.714
1	195.6
0	7.81609
1	128.047
1	280.79
1	267.131
1	154.269
1	242.406
1	159.272
1	193.076
1	192.587
1	390.852
0	6.54144e-05
1	276.584
1	195.059
1	249.169
1	297.183
1	246.642
1	164.836
1	271.64
1	301.675
1	156.538
1	169.066
1	326.017
1	191.067
1	212.979
1	322.103
1	220.887
1	122.281
1	107.323
1	188.574
1	238.9
1	214.044
1	129.42
1	291.439
1	150.853
1	183.989
1	219.421
1	168.743
1	278.903
0	4.10028e-06
1	260.935
1	192.426
1	191.801
1	216.334
1	208.695
1	281.049
1	180.259
1	223.747
1	209.36
1	242.165
1	172.981
1	189.284
1	204.29
1	209.618
1	203.293
1	128.73
1	158.322
1	220.401
1	152.131
1	202.107
1	176.873
1	198.553
1	207.795
1	359.061
1	198.938
1	202
0	2.46179e-07
1	212.006
1	186.822
1	183.815
1	261.635
1	140.592
1	219.787
1	176.485
1	325.543
1	284.594
1	215.27
1	164.794
1	193.574
0	90.6372
1	223.141
1	185.121
1	173.995
1	238.545
1	221.765
1	184.992
1	316.658
1	177.753
1	207.395
1	217.79
1	181.339
1	195.132
1	169.702
1	205.91
1	126.823
1	165.946
1	329.734
1	213.914
1	179.063
1	192.292
1	301.461
1	156.195
1	234.639
1	217.801
1	140.924
0	0.000171152
1	255.913
1	256.073
1	179.635
1	161.81
1	151.783
1	205.219
1	162.185
1	192.722
1	182.951
1	332.004
1	228.063
1	268.02
1	120.362
1	191.808
1	205.03
1	229.638
1	199.626
1	148.312
1	174.436
1	189.206
1	192.199
1	159.782
1	151.766
1	239.161
1	130.773
1	161.481
1	166.327
1	173.624
1	173.456
1	229.153
1	177.479
1	283.337
1	243.651
1	191.543
1	379.144
0	1.41053e-05
1	187.642
1	327.461
1	266.911
1	218.951
1	296.986
1	254.043
1	197.906
1	151.593
1	213.859
1	248.013
1	244.544
1	262.527
1	276.242
1	193.999
1	159.015
1	144.359
1	165.823
1	189.909
1	259.09
1	166.757
1	192.996
1	148.457
1	185.564
1	216.722
1	260.528
1	156.343
1	145.412
0	24.3109
1	240.785
1	209.368
1	172.53
1	129.365
1	194.89
1	344.348
1	262.65
1	244.02
1	225.021
1	226.531
1	319.307
1	213.662
1	189.33
1	186.086
1	192.527
1	202.603
1	186.91
1	202.59
1	175.506
1	179.733
1	215.337
1	181.754
1	190.678
1	266.76
1	161.805
1	203.676
1	205.209
1	279.751
1	148.738
1	154.93
1	173.958
1	150.626
1	380.213
1	232.821
1	184.032
1	118.724
1	183.893
1	202.078
1	249.893
1	180.61
1	258.05
1	158.238
1	142.601
1	169.022
1	156.416
1	193.929
1	218.653
1	255.601
1	186.774
1	173.318
1	237.647
1	169.675
1	162.613
1	195.596
1	230.066
1	159.424
1	177.963
1	227.756
1	225.782
1	137.346
1	167.322
1	192.449
1	188.153
1	385.216
1	209.54
1	142.569
1	135.432
1	188.415
1	238.584
1	266.319
1	184.213
1	180.463
1	232.591
1	152.997
1	194.346
1	323.716
1	198.18
1	141.155
1	211.093
1	204.85
1	389.056
1	180.316
1	222.503
1	268.378
1	300.081
1	165.654
0	3.34971e-05
1	196.826
1	198.565
1	167.021
1	250.768
1	271.409
1	356.826
1	214.668
1	308.547
1	271.869
1	169.046
1	305.195
1	241.753
1	195.99
1	273.007
1	228.02
1	137.804
1	223.687
1	201.441
1	162.537
1	204.324
1	322.151
0	34.8449
1	176.211
1	287.134
1	194.442
1	141.135
1	186.584
1	304.858
1	262.591
1	196.669
1	245.872
1	235.293
1	252.589
1	170.69
1	204.246
1	246.67
1	175.71
1	187.253
1	168.604
1	317.942
1	225.766
1	169.575
1	210.687
1	213.968
1	190.917
1	271.374
1	221.088
1	200.297
1	161.218
1	211.511
1	207.631
1	191.211
1	202.772
1	154.144
1	157.488
1	163.794
1	161.801
1	227.304
1	148.271
1	238.839
1	223.745
1	145.408
1	202.243
1	150.595
1	204.284
1	192.74
0	28.2745
1	134.808
1	147.908
1	109.01
1	192.578
1	184.262
1	132.878
1	183.169
1	183.488
1	240.847
1	149.059
1	134.589
1	276.268
1	220.766
1	260.294
1	166.234
0	97.9805
1	243.714
0	10.0259
1	201.073
1	223.787
1	223.788
1	192.976
1	229.922
1	225.346
1	155.324
1	156.774
1	175.251
1	308.463
1	265.573
1	258.631
1	234.864
1	166.47
1	164.074
1	243.881
1	176.839
1	177.717
1	215.274
1	177.54
1	188.354
1	195.8
1	170.243
1	197.229
1	349.653
1	278.821
1	282.866
1	147.259
1	136.922
1	548.635
1	210.533
1	156.924
1	149.257
1	244.026
1	186.009
1	179.691
1	246.98
1	179.116
1	210.322
1	209.375
1	150.266
1	291.852
1	252.562
1	179.47
1	282.094
1	173.381
1	218.355
1	229.03
1	201.841
1	167.055
1	183.078
1	126.597
1	178.896
1	238.277
1	156.628
1	267.472
1	232.789
1	170.815
1	320.924
1	139.692
1	164.43
1	321.17
1	122.997
1	285.509
1	259.22
1	190.974
1	187.784
1	289.28
1	284.202
1	159.4
1	286.457
1	159.667
1	133.792
1	230.461
1	377.766
1	165.447
1	146.333
1	193.278
1	214.511
1	219.019
1	196.887
1	145.565
1	282.044
1	198.54
1	142.109
1	152.852
1	182.27
1	228.27
1	131.836
1	164.945
1	168.56
1	274.111
1	204.919
1	181.923
1	161.087
1	208.921
1	179.883
1	250.149
1	180.712
1	356.715
1	126.014
1	231.438
1	218.321
1	195.92
1	222.879
1	265.018
1	259.044
1	155.497
1	349.758
1	222.951
1	136.604
1	172.571
1	232.952
1	195.921
1	296.923
1	257.954
1	243.799
1	247.605
1	203.781
1	373.022
1	170.117
1	152.179
1	137.711
1	162.82
1	211.019
1	243.412
1	263.715
1	237.059
1	309.467
1	274.551
1	241.574
1	161.378
1	181.355
1	131.892
1	174.688
1	163.611
1	177.248
1	193.554
1	195.182
1	172.748
1	172.311
1	202.887
1	166.121
1	202.586
1	253.692
1	272.55
1	257.332
1	169.626
1	156.543
1	277.862
1	425.479
1	173.373
1	203.957
1	217.172
1	255.143
1	171.029
1	223.875
1	167.939
1	227.766
1	164.033
1	184.183
1	158.706
0	17.4645
1	239.725
1	206.624
1	202.036
1	247.245
1	171.941
1	287.123
1	218.875
1	205.302
1	187.642
1	289.391
1	164.15
1	200.76
1	237.431
1	206.317
1	190.453
1	174.823
1	189.895
1	199.565
1	229.79
1	287.623
1	207.145
1	152.695
1	173.288
1	218.976
1	186.237
1	216.294
1	196.852
1	196.164
1	488.276
1	191.464
1	174.8
1	174.885
1	264.671
1	202.966
1	170.929
1	242.396
1	378.364
1	263.747
1	229.812
1	147.457
1	190.794
1	225.449
1	212.24
1	240.183
1	255.25
1	144.041
1	214.505
1	186.197
1	314.462
1	203.138
1	181.487
1	170.433
1	255.698
1	288.07
1	158.715
0	4.17154e-05
1	203.137
1	236.479
1	401.391
1	183.384
1	192.606
1	151.631
1	209.235
1	184.78
1	153.077
1	177.217
1	172.469
1	170.378
1	139.326
1	251.708
1	139.977
1	182.741
1	171.851
1	206.946
1	173.163
1	176.491
1	214.188
1	271.386
1	233.188
1	198.379
1	176.066
1	163.27
1	163.894
1	179.303
1	148.533
1	185.738
1	204.667
1	232.04
1	206.866
1	193.552
1	178.396
1	154.912
0	4.32442e-05
1	266.212
1	424.369
1	205.562
1	161.95
1	187.409
1	219.47
1	417.374
1	284.222
1	154.933
1	202.55
1	261.089
1	185.808
1	198.058
1	205.58
1	156.896
1	163.385
1	120.979
1	163.906
1	137.562
1	213.843
1	164.318
1	191.435
1	212.651
1	225.703
1	191.517
1	223.143
1	150.727
1	395.312
1	181.42
1	166.532
1	194.25
1	157.642
1	226.642
1	387.841
1	147.11
1	175.919
1	260.134
1	183.339
1	209.973
1	178.719
1	218.315
1	232.369
1	255.129
1	159.566
1	205.105
1	216.153
1	240.254
1	220.779
1	155.483
1	239.198
1	166.944
1	114.981
1	209.234
1	225.709
1	224.33
1	159.985
1	191.407
1	208.845
1	182.397
1	218.732
1	124.516
1	207.371
1	225.553
1	194.411
1	295.119
1	236.546
1	179.696
1	138.025
1	195.426
1	155.477
1	191.677
1	237.677
0	1.70547e-05
1	174.15
1	279.747
1	183.25
1	206.461
1	224.243
1	193.455
1	388.069
1	198.896
1	242.458
1	247.298
1	235.897
1	248.965
1	170.672
1	266.127
1	251.507
1	155.425
1	171.095
1	255.927
1	134.162
1	170.96
1	179.437
1	399.581
1	158.662
1	177.695
1	158.337
1	262.806
0	4.34487
1	218.369
1	169.536
1	243.892
1	214.561
1	227.883
1	168.469
1	243.608
1	379.746
1	270.586
1	184.164
1	199.357
1	210.081
1	229.592
1	164.81
1	137.765
1	179.548
1	141.565
1	246.271
1	157.273
1	144.552
0	25.5127
1	305.453
1	236.247
1	205.99
1	184.68
1	211.276
1	237.845
1	215.655
1	231.276
1	174.101
1	223.634
1	167.789
1	248.429
1	135.852
1	178.888
1	162.635
1	235.522
1	218.776
1	161.291
1	161.82
1	200.371
1	243.097
1	162.089
1	194.465
1	171.595
1	286.761
1	151.88
1	189.115
1	338.028
1	162.542
1	185.6
1	192.685
0	121.483
1	245.352
1	115.875
1	164.171
1	182.533
0	16.7496
1	264.336
1	136.984
1	190.356
1	242.888
1	235.867
1	221.812
1	245.946
1	214.534
1	148.75
1	179.285
1	157.428
1	253.046
1	233.769
1	227.549
1	120.382
1	175.914
1	200.613
1	226.217
1	234.049
1	265.948
1	199.194
1	336.41
1	174.726
1	159.338
1	160.882
1	227.201
1	253.906
1	290.1
1	215.971
1	257.014
1	183.278
1	176.605
1	256.477
1	220.136
1	213.4
1	189.346
1	216.27
1	213.141
1	237.272
1	171.148
1	189.79
1	179.791
1	220.795
1	241.648
1	369.573
1	135.122
1	312.356
1	168.469
1	187.903
1	207.094
1	285.857
1	205.374
1	162.316
1	257.223
1	214.674
1	217.529
1	130.363
1	269.518
1	169.233
1	219.816
1	178.4
1	196.244
1	210.583
1	151.693
1	179.732
1	224.621
1	169.79
1	165.312
1	368.275
1	144.182
1	164.958
1	226.67
1	208.979
1	233.239
1	237.598
1	197.568
1	204.999
1	270.162
1	480.62
1	341.092
1	196.25
1	193.95
1	258.093
1	189.952
1	161.961
1	177.582
1	163.625
1	164.278
1	278.573
1	248.145
1	129.838
1	168.486
1	139.895
1	282.383
1	132.524
1	194.383
1	284.273
1	156.85
1	182.152
1	251.599
1	180.621
1	187.63
1	213.678
1	210.837
1	167.896
1	156.264
1	229.86
1	277.868
1	143.041
1	160.575
1	240.31
1	138.991
1	146.138
1	246.207
1	194.355
1	235.626
1	160.999
1	170.826
1	194.162
1	186.386
1	229.965
1	179.856
1	200.409
1	245.188
1	313.114
1	221.563
1	240.42
1	242.003
1	205.153
1	204.912
0	16.5472
1	132.515
1	224.1
1	228.281
1	206.037
1	188.291
1	244.538
1	177.691
1	148.392
1	159.562
1	201.762
1	229.623
1	192.002
1	315.967
1	257.681
0	6.47372e-06
1	175.707
1	170.855
1	244.069
1	186.681
1	160.904
1	134.233
1	177.42
1	270.256
1	353.597
1	166.492
1	165.063
1	241.058
1	203.758
1	206.018
1	270.387
1	193.354
1	228.008
1	181.687
0	107.164
1	217.914
1	282.66
1	449.558
1	249.207
1	180.923
1	251.025
1	187.009
1	204.81
1	232.671
1	230.519
1	339.343
1	189.894
1	193.311
1	296.811
1	170.174
1	149.614
1	151.628
1	161.164
1	126.895
0	8.07011e-05
1	250.576
1	230.199
1	239.121
1	210.351
1	195.096
1	194.665
1	263.624
1	141.464
1	185.558
1	179.846
1	292.724
1	461.069
1	253.639
1	193.602
1	203.754
1	172.825
1	146.031
1	299.115
1	224.509
1	240.011
1	270.125
1	246.515
1	169.643
1	310.59
1	156.613
1	124.323
1	163.027
1	164.6
1	240.972
1	154.162
1	154.421
1	226.11
1	161.656
1	230.147
1	226.034
1	284.132
1	215.877
1	302.147
1	218.374
1	158.293
1	204.865
1	236.346
1	204.229
1	281.087
1	187.001
1	169.902
1	130.385
1	125.472
1	224.862
1	215.41
1	156.202
1	116.347
1	213.354
1	242.65
1	280.359
1	195.101
1	272.443
1	164.757
1	222.599
1	236.258
1	206.808
1	394.898
1	195.425
1	209.686
1	169.459
1	243.826
1	208.365
1	133.408
1	183.595
1	219.982
1	181.819
1	300.444
1	247.121
1	199.148
1	186.442
1	195.07
1	191.816
1	233.675
1	157.527
1	172.272
1	173.363
1	289.549
1	162.665
1	210.86
1	168.384
1	188.366
1	314.914
1	219.112
1	162.213
1	175.893
1	149.326
1	257.558
1	308.558
1	225.221
1	169.854
1	227.358
1	181.215
1	216.254
1	211.554
1	180.194
1	186.937
1	156.591
1	239.732
1	215.257
1	154.958
1	223.369
1	188.98
1	256.794
1	184.581
1	132.465
1	155.071
1	290.667
1	233.267
1	184.619
1	209.954
1	233.064
1	178.627
1	204.919
0	44.7818
1	151.603
1	172.912
1	262.545
0	4.05326e-05
1	219.646
1	263.697
1	188.214
1	200.617
1	263.813
1	176.817
1	295.629
1	126.536
1	143.607
1	206.279
1	210.237
1	221.745
1	231.446
1	195.616
1	266.89
1	292.687
1	347.807
1	232.738
1	217.184
1	197.569
1	212.566
1	181.021
1	163.952
1	230.128
1	216.608
1	149.886
1	146.01
1	314.07
1	156.875
1	174.371
1	239.244
1	171.296
1	182.035
1	217.41
1	190.517
1	159.088
1	170.185
1	144.036
1	159.988
1	230.643
1	197.012
1	260.921
1	149.389
1	224.843
1	248.487
1	265.183
1	189.884
1	226.198
1	124.836
1	279.603
1	175.357
1	191.582
1	204.136
1	215.567
1	170.423
1	191.71
1	149.15
1	193.34
0	14.9015
1	153.295
1	151.066
0	11.7497
1	179.32
1	212.608
1	176.14
1	212.949
1	179.392
1	292.64
1	218.211
1	316.726
1	225.991
1	206.266
1	211.635
1	185.897
1	269.556
1	247.325
1	319.657
1	207.927
1	195.782
1	141.97
1	129.175
1	308.823
1	262.096
1	225.746
1	205.909
1	226
1	193.235
1	177.896
0	9.1616
1	268.647
1	262.795
1	173.775
1	156.739
1	173.257
0	37.4912
1	230.071
1	140.206
1	297.138
1	169.425
1	162.199
1	143.177
1	202.009
1	238.723
1	165.31
1	122.448
0	9.8722e-05
1	175.774
1	190.776
1	227.037
1	364.74
1	203.481
1	134.159
1	204.945
1	182.422
1	260.004
1	139.064
1	175.987
1	181.341
1	165.468
1	192.71
1	223.413
1	288.054
0	7.8116e-05
1	187.835
1	195.286
1	160.181
1	276.755
1	198.572
1	167.052
1	168.489
1	200.004
1	268.082
1	155.655
1	187.878
1	213.517
1	181.612
1	211.014
1	190.557
1	168.373
1	221.88
1	191.223
1	188.567
1	178.426
1	215.95
1	230.169
1	251.918
1	128.144
1	248.539
1	185.599
1	250.618
1	206.955
1	145.994
1	139.378
1	212.003
1	168.111
1	249.448
1	158.743
1	239.61
1	232.688
1	193.547
1	159.534
1	235.599
1	197.035
1	157.37
1	173.587
1	185.256
1	164.275
1	231.814
1	164.325
1	209.516
1	293.129
1	165.054
1	243.533
1	275.455
1	152.164
1	268.952
1	188.165
1	151.059
1	263.098
1	196.14
1	246.371
1	180.558
1	199.925
1	220.4
1	210.103
1	154.159
1	183.46
1	214.402
1	226.844
1	230.7
1	235.86
1	247.627
1	133.077
1	246.885
1	155.013
1	145.196
1	165.56
1	230.587
1	249.129
1	207.33
1	210.696
1	178.376
1	184.331
1	195.215
1	179.487
1	230.434
1	195.914
0	3.39577
1	209.89
1	289.743
1	191.012
1	217.315
1	293.081
0	21.0783
1	189.54
1	208.763
1	162.817
1	223.87
1	176.229
1	151.255
1	136.519
1	275.96
1	177.543
1	211.135
1	190.353
1	248.338
1	222.18
1	330.226
1	166.736
1	213.545
1	250.75
1	305.114
1	129.867
1	170.414
1	411.44
1	184.454
1	201.242
1	280.847
1	182.621
1	138.509
1	182.531
1	216.824
1	204.953
1	167.604
1	161.924
1	231.805
1	175.743
1	230.387
1	231.434
1	202.562
1	187.978
1	202.33
1	271.664
1	195.757
1	176.238
1	182.316
1	169.637
1	211.171
1	217.668
1	185.789
1	249.246
1	287.661
1	183.059
1	218.034
1	185.582
1	131.933
1	247.376
1	405.757
1	211.398
1	168.951
1	233.001
1	221.647
1	214.55
1	171.519
1	214.801
1	189.411
1	295.765
1	265.572
1	203.963
1	121.089
1	380.978
1	255.083
1	210.553
1	205.661
1	132.282
1	184.687
1	158.671
1	164.823
1	181.82
1	191.493
1	175.642
0	17.0224
0	10.638
0	47.1422
1	377.339
1	312.865
1	247.864
1	239.63
1	245.211
1	297.747
1	148.849
1	168.668
1	181.33
1	230.375
1	253.119
1	226.968
1	136.601
1	232.348
1	191.702
1	212.174
1	208.366
1	162.24
1	211.684
1	280.852
1	197.083
1	261.938
1	227.042
1	172.951
1	218.407
1	216.59
0	47.5674
1	172.509
1	254.661
1	168.861
1	159.143
1	248.949
1	242.501
1	180.529
1	190.892
1	204.687
1	174.442
1	147.65
1	244.418
1	285.11
1	178.213
1	224.956
1	226.651
1	170.364
1	136.334
1	152.476
1	153.398
1	335.752
1	145.2
1	184.906
1	185.924
0	19.6358
1	147.443
1	240.301
1	233.772
1	248.14
1	144.854
1	138.827
1	164.088
1	205.314
1	173.943
1	185.848
1	335.759
1	246.419
1	224.394
1	185.742
1	176.225
1	287.439
1	247.088
1	214.176
1	154.522
1	160.896
1	170.157
1	216.908
1	252.685
1	234.05
1	313.338
1	245.256
1	232.332
1	187.573
1	163.114
1	153.906
1	195.126
1	176.38
1	282.249
1	173.045
0	25.9497
1	216.033
1	172.421
1	191.542
1	229.644
1	114.353
1	191.841
1	155.049
1	129.002
1	220.425
1	300.715
1	125.865
1	160.06
1	133.573
1	146.273
1	363.237
1	157.175
1	185.242
1	198.205
1	180.542
1	205.625
0	7.5118
1	219.307
1	217.17
1	138.761
1	175.923
1	148.737
1	203.624
1	221.117
1	253.802
0	1.78517e-06
1	233.141
1	177.432
1	170.245
1	158.847
1	168.74
1	198.113
1	185.536
1	255.77
1	224.315
1	167.455
1	222.671
1	170.079
1	220.985
1	198.889
1	189.684
0	1.68036e-05
1	143.088
1	304.414
1	150.232
1	164.024
1	153.451
1	125.612
1	249.545
0	15.1764
1	180.176
1	204.69
1	264.405
1	182.162
1	162.734
1	224.314
1	139.23
1	142.553
1	237.08
1	251.093
1	127.391
1	217.52
1	158.807
1	140.369
1	185.272
1	181.052
1	179.4
1	229.417
1	218.752
1	149.544
1	188.46
1	139.5
1	289.879
1	190.803
1	249.771
1	187.56
1	159.134
1	249.968
1	197.133
1	206.451
1	226.552
0	73.8442
1	239.98
1	160.536
1	236.252
1	219.232
1	275.159
1	190.128
1	173.16
1	175.595
1	250.962
1	184.215
1	165.66
0	119.187
1	212.323
1	130.623
1	360.779
1	185.689
1	153.939
1	120.471
1	202.937
1	163.864
1	257.711
1	284.28
1	268.618
1	237.205
1	186.279
1	159.621
1	195.418
1	168.697
1	192.83
1	222.76
1	225.834
1	190.107
1	245.165
1	181.052
1	156.177
1	144.218
1	163.553
1	230.273
1	229.471
1	291.841
1	366.942
1	184.28
1	175.01
1	207.975
1	156.999
1	256.76
1	208.376
1	228.444
1	170.856
1	151.875
1	219.188
1	172.132
1	152.106
1	208.988
1	141.171
1	215.517
1	187.612
1	210.873
1	289.616
1	168.377
1	231.417
1	246.845
1	153.799
1	197.417
1	159.886
1	191.512
1	220.415
1	275.667
1	147.734
1	228.156
1	179.558
1	205.1
1	165.668
1	192.151
1	224.027
1	253.05
1	177.712
1	205.603
1	165.833
1	162.46
1	183.027
1	183.549
1	143.104
1	263.341
1	237.07
1	198.05
1	254.305
1	206.878
1	398.752
1	165.707
1	134.811
1	205.911
1	199.215
1	173.209
1	256.092
1	180.354
1	177.503
1	180.338
1	254.639
1	211.875
1	175.025
1	178.91
1	246.97
1	149.265
1	141.536
1	178.632
1	173.301
1	138.565
1	176.39
1	237.861
1	226.365
1	188.737
1	219.203
1	171.068
1	224.582
1	230.263
1	361.019
1	203.526
1	251.77
1	170.87
1	115.249
1	225.167
1	192.617
1	200.909
1	157.204
1	256.605
1	202.137
1	134.635
1	164.209
1	188.678
1	107.008
1	248.342
0	118.921
1	255.93
1	219.833
1	246.068
1	236.543
1	295.453
1	198.314
1	223.188
1	194.213
1	142.496
1	258.063
1	214.483
1	206.025
1	181.422
1	267.063
1	210.05
1	185.141
1	149.405
1	168.57
1	253.804
1	174.471
1	220.443
1	231.557
1	259.106
1	319.825
1	192.536
1	287.637
1	203.591
1	139.757
1	158.961
1	177.674
1	245.267
1	206.912
1	184.515
1	173.784
1	161.702
1	226.61
1	238.158
1	157.6
1	163.876
1	157.229
1	169.696
1	261.94
1	162.119
1	187.511
1	164.979
1	149.614
1	165.452
1	221.587
1	257.368
1	217.773
1	338.653
1	330.955
1	213.97
1	299.001
1	207.923
1	212.382
1	136.75
1	202.565
1	194.259
1	204.713
1	183.427
1	194.321
1	179.517
1	240.807
1	246.43
1	245.118
1	267.14
1	137.336
1	210.646
1	192.328
1	182.079
1	172.158
1	150.131
1	148.912
1	167.225
1	205.208
1	190.788
1	152.93
1	187.698
1	237.172
0	36.1925
1	199.175
1	192.946
1	170.793
1	241.087
1	184.482
1	200.784
1	352.051
1	255.554
1	177.319
1	166.752
1	138.822
1	209.645
1	263.384
0	3.63781e-05
1	257.821
1	228.001
1	160.742
1	363.828
1	146.531
1	223.334
1	191.087
1	163.847
1	227.302
1	167.369
1	209.26
1	242.8
1	223.153
1	222.383
1	233.921
1	185.144
1	272.938
1	145.746
1	252.122
1	253.473
1	163.87
1	183.234
1	153.821
1	181.211
1	250.081
1	207.848
1	274.065
1	227.667
1	321.253
1	250.13
1	212.816
1	184.564
1	203.064
1	185.714
1	137.828
1	250.194
1	235.658
1	226.548
1	282.344
1	216.094
1	189.336
1	164.054
1	223.159
1	220.919
1	225.674
1	216.64
1	172.904
1	201.463
1	187.333
1	171.804
1	227.992
1	133.699
1	231.386
1	134.088
1	179.231
1	185.637
1	226.763
1	186.661
1	308.009
1	249.255
1	252.886
1	157.111
1	196.497
1	188.479
1	180.83
1	246.807
1	215.931
1	131.824
1	196.264
1	349.118
1	195.612
1	264.128
1	162.685
1	195.788
1	214.689
1	237.325
1	285.052
1	131.208
1	265.642
1	113.259
1	231.265
1	169.582
0	38.8968
1	142.063
1	265.81
1	147.596
1	233.82
1	252.697
1	258.836
0	86.0978
1	220.916
1	250.859
1	234.877
1	244.569
1	173.102
1	174.024
1	141.852
1	228.364
1	244.533
1	132.674
1	147.013
1	174.066
1	193.05
1	217.343
1	168.99
1	280.489
1	180.382
1	148.154
1	157.285
1	162.311
1	189.237
1	398.109
1	166.681
1	236.725
1	149.499
1	185.312
1	172.25
1	174.143
1	157.955
1	183.728
1	192.3
1	216.836
1	152.068
1	153.273
1	244.387
0	57.0683
1	146.581
1	193.759
1	371.836
1	183.561
1	390.561
1	163.839
1	230.385
1	325.446
1	225.983
1	187.384
1	348.685
1	322.232
1	206.404
1	200.632
1	236.161
1	199.22
1	226.056
1	204.842
1	181.211
1	170.73
1	342.036
1	161.59
1	279.021
1	232.659
1	283.021
1	143.968
1	254.966
1	201.938
1	170.326
1	169.212
1	169.759
1	177.958
1	207.63
1	180.04
1	152.014
1	232.685
1	249.392
1	190.035
1	188.816
1	344.238
1	225.435
1	306.079
1	233.479
1	219.286
1	212.051
1	142.302
1	160.537
1	156.379
1	265.2
1	287.042
1	154.389
1	202.976
1	176.277
1	173.084
1	206.816
1	214.775
1	201.648
1	181.093
1	152.269
1	218.538
1	182.696
1	144.924
1	221.361
1	179.941
0	80.1963
1	201.801
1	182.34
1	239.34
1	176.862
1	145.81
1	184.086
1	138.329
1	172.276
0	1.20711e-05
1	216.428
1	218.759
1	184.574
1	203.209
1	188.316
1	221.377
1	135.864
1	182.862
1	176.911
1	208.943
1	161.941
1	223.441
1	198.585
1	261.756
1	219.136
1	155.978
1	343.058
1	163.495
1	280.95
1	186.653
1	291.431
1	162.272
1	181.029
1	199.866
1	206.436
1	157.387
1	126.797
1	193.546
1	195.119
1	268.084
1	305.903
1	170.617
1	214.172
1	314.237
1	218.634
1	176.404
1	160.777
1	212.003
1	170.118
1	150.152
1	254.595
1	228.042
1	210.162
1	199.765
1	196.224
1	144.307
1	194.749
1	195.927
1	157.823
1	131.631
1	270.569
1	279.569
1	163.569
1	255.34
1	188.706
1	158.688
1	145.308
1	232.923
1	134.753
1	169.468
1	299.077
1	125.637
1	322.59
1	213.097
1	170.382
1	223.832
1	186.457
1	153.51
1	166.869
0	116.904
1	233.197
1	171.982
1	196.715
1	220.849
1	168.094
1	235.863
1	305.1
1	214.343
1	321.869
1	243.606
1	177.9
1	196.324
1	151.792
1	257.164
1	198.756
1	211.155
1	202.893
1	169.929
1	323.561
1	190.555
1	152.334
1	225.398
1	137.97
0	54.7586
1	266.681
1	165.311
1	196.253
1	331.889
1	185.709
1	212.87
1	233.222
1	188.667
1	190.571
1	252.878
1	225.809
0	75.8636
1	210.854
1	235.849
1	288.262
1	267.95
1	312.534
1	280.99
1	243.634
1	188.207
1	197.633
1	146.12
1	168.495
1	182.446
1	152.67
1	299.923
1	308.062
1	118.013
1	188.598
1	183.979
1	151.873
1	176.879
1	231.516
1	258.986
1	157.767
1	180.475
1	158.909
1	233.178
1	263.042
1	147.959
1	167.63
1	195.568
1	230.96
1	171.769
1	192.777
1	206.465
1	195.448
0	52.6248
1	194.04
1	256.03
1	174.655
1	240.452
1	167.248
1	120.648
1	179.968
1	138.863
1	262.571
1	212.147
1	132.392
1	250.187
1	240.43
1	191.912
1	147.977
1	141.491
1	254.18
1	312.927
1	132.18
1	323.037
1	267.509
1	219.088
1	272.868
1	174.571
1	410.666
1	157.19
1	326.89
0	1.18281
1	199.788
1	209.573
1	249.653
1	144.884
1	268.322
1	249.741
1	158.513
1	210.964
1	227.338
1	219.41
1	206.795
1	223.433
1	184.185
1	387.542
1	186.301
1	149.6
1	200.609
1	239.151
1	243.83
1	162.827
1	249.394
1	250.234
1	162.268
1	205.947
1	200.975
1	265.49
1	192.929
1	152.513
0	6.26247e-06
1	127.429
1	129.906
1	215.972
1	246.49
1	212.51
1	214.233
1	288.179
1	211.575
1	242.837
1	181.103
1	194.023
1	187.279
1	160.395
1	148.987
1	189.792
1	159.977
1	244.348
1	167.412
1	200.442
1	182.528
1	269.491
0	8.69645
1	194.424
1	264.629
1	136.595
1	220.148
1	191.519
1	151.116
1	168.856
1	153.45
1	256.286
1	176.173
1	187.878
1	197.134
1	120.245
1	249.09
1	232.993
1	298.542
1	214.19
1	316.953
1	205.936
1	190.12
1	218.582
1	233.471
1	181.081
1	195.864
1	194.254
1	166.114
1	171.123
1	149.419
1	276.854
1	168.082
0	4.02048e-05
1	168.492
1	260.212
1	296.013
1	151.202
1	175.747
1	166.036
1	271.312
1	193.595
1	199.03
1	271.516
1	173.731
1	194.878
1	177.118
1	221.674
0	21.1605
1	147.994
1	139.849
1	156.859
1	224.171
1	199.127
1	194.116
1	334.167
1	143.502
1	191.387
1	298.367
1	240.91
1	344.767
1	155.38
1	171.067
1	186.819
1	206.669
1	234.13
1	200.195
1	211.274
1	171.822
1	175.177
1	135.313
1	159.38
1	278.074
1	208.022
1	169.19
1	212.625
1	216.452
1	210.783
1	185.509
1	219.606
1	220.509
1	221.296
1	121.922
1	165.604
1	242.508
1	215.869
1	204.156
1	151.831
1	254.179
1	177.887
1	139.378
1	187.964
1	223.796
1	192.311
0	36.2371
1	197.02
1	171.261
1	236.906
1	207.693
1	181.29
1	195.961
1	190.257
1	168.434
1	239.115
1	196.734
1	287.361
1	232.854
1	191.057
1	146.894
1	160.71
1	176.832
1	210.331
1	165.589
1	264.18
1	175.279
1	250.446
1	242.486
1	242.982
1	167.093
1	249.46
1	191.659
1	161.683
1	159.047
1	179.405
1	214.163
1	218.988
0	94.2735
1	177.363
1	218.562
1	136.585
1	234.561
1	163.295
0	2.58513e-05
1	218.505
1	164.83
1	238.418
1	174.431
1	184.228
1	170.886
1	247.343
1	164.885
1	168.08
1	182.848
1	206.394
1	229.196
1	184.101
1	164.789
1	214.65
1	234.005
1	164.773
1	244.307
1	190.114
0	43.6379
1	225.629
1	153.954
1	183.905
1	187.672
1	201.631
1	224.614
1	226.043
1	203.346
1	124.845
1	204.892
0	69.1005
1	247.526
1	260.973
1	162.732
1	158.713
1	262.288
1	288.296
1	183.707
1	255.113
1	209.507
1	163.267
1	230.922
1	262.54
1	409.93
1	198.286
1	235.912
1	181.614
1	136.368
1	229.493
1	180.174
1	218.037
1	172.374
1	260.636
1	208.168
1	186.298
1	199.056
1	383.736
1	195.701
1	260.954
1	196.099
1	231.976
1	173.146
1	227.896
1	136.081
1	223.064
1	273.474
1	272.863
1	180.611
1	263.464
1	130.312
1	142.107
1	236.181
1	182.833
1	206.659
1	190.424
1	214.872
1	181.645
1	224.8
1	228.071
1	202.425
1	170.397
1	156.632
1	251.115
1	315.429
1	157.69
1	223.215
1	262.555
1	240.94
1	203.075
1	148.52
1	296.567
1	188.986
1	238.239
1	256.102
1	135.527
1	153.232
1	149.482
1	186.136
1	195.138
1	196.365
1	172.543
1	196.06
1	258.955
1	217.203
1	304.382
1	134.748
1	166.42
1	266.643
1	245.61
1	178.246
1	228.228
1	257.013
1	237.503
1	292.85
1	164.055
1	154.935
1	137.859
1	200.268
1	231.111
1	213.534
1	174.73
1	237.474
1	223.195
1	335.562
1	216.846
1	233.482
1	170.41
1	180.59
1	255.785
1	212.317
1	210.635
1	153.423
1	162.895
1	207.365
1	236.382
1	187.292
1	216.582
1	191.635
1	163.502
1	149.919
1	318.254
1	172.219
1	217.864
1	246.221
1	168.165
1	147.844
1	166.351
1	147.348
1	243.275
1	132.923
1	125.698
1	153.845
1	160.226
1	173.293
0	7.83352e-06
1	167.273
1	178.376
1	261.987
1	148.178
1	228.843
1	231.479
1	276.025
1	158.991
1	209.837
1	245.76
1	188.763
1	203.214
1	133.61
1	278.305
1	233.875
1	251.143
1	230.192
1	250.169
1	255.391
1	180.057
1	220.563
1	202.023
1	231.839
1	161.939
1	136.305
1	235.32
1	158.468
1	217.484
1	278.06
1	262.18
1	185.909
1	215.634
1	192.982
1	176.961
1	159.976
1	251.334
1	203.859
1	288.444
1	175.937
1	157.088
1	224.975
1	278.557
1	176.388
1	159.355
1	210.393
1	216.885
1	217.843
1	259.795
1	164.914
1	177.382
1	325.769
1	199.093
1	172.343
1	185.555
1	188.474
1	153.733
0	6.84207e-05
1	287.372
1	299.956
1	194.95
1	193.821
1	275.38
1	248.407
1	204.086
1	179.32
1	167.784
1	189.269
1	213.335
1	181.634
1	211.079
1	161.925
1	230.141
1	219.252
1	288.061
1	163.861
1	181.886
1	283.878
1	160.943
1	235.325
1	299.309
1	231.255
1	166.014
1	220.845
1	131.733
0	53.5323
1	178.435
0	2.57517e-05
1	177.711
1	229.503
1	168.944
0	1.42415e-05
1	130.645
1	263.524
1	208.079
1	263.319
1	170.758
1	165.827
1	218.967
1	186.718
1	138.371
1	288.512
1	171.699
1	333.243
1	128.678
1	132.826
1	135.243
1	321.73
1	224.446
1	184.792
1	157.628
1	196.945
1	277.185
1	149.035
1	183.632
1	162.187
1	195.694
1	129.365
1	146.907
1	173.741
1	286.199
1	215.26
1	170.584
1	176.728
1	209.834
1	168.083
1	233.69
1	175.279
1	331.119
1	116.121
1	241.334
1	250.536
1	163.648
1	173.787
1	186.526
1	204.429
1	176.754
1	186.605
1	193.483
1	258.147
1	191.422
1	319.647
1	252.19
1	208.494
1	122.203
1	147.433
1	192.208
1	329.441
1	177.111
1	267.728
1	183.052
1	224.528
1	177.813
1	232.76
0	3.55118
1	202.963
1	170.845
1	197.14
1	200.679
1	233.265
1	213.216
1	309.785
1	156.629
1	188.155
1	164.451
1	178.136
1	207.302
1	189.948
1	218.99
1	188.098
1	172.137
1	235.94
1	177.222
1	194.782
1	259.724
1	238.06
1	262.416
1	238.712
1	158.832
0	0.00011907
1	240.838
1	197.73
1	142.128
1	175.686
1	187.794
1	209.124
1	250.845
1	257.92
1	141.089
1	250.937
1	212.083
1	169.36
1	296.333
1	193.988
1	428.929
1	164.746
1	270.167
1	158.274
0	2.2639e-05
1	208.74
1	146.147
1	216.907
1	233.474
1	192.096
1	167.802
1	185.678
1	184.7
1	216.89
1	189.05
1	308.564
1	184.789
1	321.087
1	168.336
1	183.223
1	261.96
1	144.746
1	177.894
1	161.444
1	223.562
1	179.14
1	160.328
1	197.746
1	170.709
1	179.645
1	231.35
1	164.669
1	196.197
1	348.333
1	275.868
1	194.133
1	156.2
1	166.678
1	173.716
1	231.801
1	166.623
1	302.859
1	229.026
1	216.71
1	179.468
1	184.122
1	207.578
1	347.07
1	210.724
1	153.959
1	193.611
1	267.58
1	268.203
1	239.254
1	247.612
1	213.258
1	197.803
1	251.035
1	190.355
1	179.094
1	230.114
1	206.935
1	168.73
1	174.786
1	202.486
1	221.489
1	166.903
1	189.786
1	228.852
1	211.807
0	14.9214
1	297.325
1	190.348
1	142.285
1	192.582
1	144.38
1	286.554
1	219.138
1	197.492
1	170.148
1	146.576
1	196.073
1	174.914
1	177.009
1	113.562
1	223.108
0	7.38132
1	180.485
1	278.05
1	183.054
1	151.461
1	142.589
1	197.825
1	195.516
1	180.604
1	135.35
1	264.338
1	144.041
1	177.646
1	181.825
1	278.303
1	197.988
1	147.384
1	208.652
1	166.564
1	134.73
1	312.005
1	187.838
1	261.885
1	265.796
1	231.593
1	122.857
1	241.762
1	204.663
1	155.278
1	208.818
1	235.305
1	197.082
1	149.693
1	140.935
1	210.427
1	152.133
1	273.752
1	249.581
1	292.705
1	268.984
1	231.212
1	319.396
1	205.684
1	165.592
1	261.413
1	129.295
1	139.694
1	238.898
1	228.05
1	193.365
1	198.918
1	309.647
1	212.833
1	226.344
1	277.392
1	350.548
1	210.541
0	2.73238e-05
1	187.794
1	430.294
1	217.768
1	134.583
1	207.14
1	258.179
1	173.287
1	186.644
1	351.643
1	240.334
0	2.43123e-05
1	230.906
1	208.554
1	197.786
1	197.903
1	166.033
1	235.127
1	184.526
1	199.304
1	202.188
1	213.785
1	284.973
1	228.936
1	228.054
1	181.741
1	311.476
1	171.684
1	213.36
1	221.096
1	266.906
1	187.342
1	185.995
1	150.702
1	175.483
1	173.169
1	194.523
1	171.994
1	159.367
1	174.567
1	184.28
1	240.939
1	190.161
1	187.246
1	268.334
1	245.458
1	237.745
1	215.958
1	362.759
1	247.301
1	231.084
1	164.47
1	225.561
1	176.215
1	159.627
1	203.33
1	151.633
1	188.262
1	164.343
1	284.164
1	207.011
1	149.021
1	264.444
1	352.507
1	220.309
1	197.925
1	335.553
1	223.139
1	213.678
1	255.928
1	189.119
1	192.584
0	11.4159
1	167.454
1	197.263
1	219.8
1	182.942
1	131.655
1	246.134
1	177.087
1	180.025
1	256.879
1	183.853
1	227.762
1	305.506
1	143.608
1	197.822
1	242.908
1	164.524
1	174.089
1	272.592
1	222.633
1	225.289
1	307.761
1	166.411
1	161.348
1	268.979
1	154.345
1	191.48
1	165.399
1	168.902
1	161.183
1	246.273
1	271.691
1	139.997
1	310.639
1	209.61
1	299.097
1	186.571
1	250.063
1	190.824
1	167.261
1	204.274
1	176.205
1	136.647
1	224.201
1	159.179
1	204.924
1	250.473
1	126.613
1	149.811
1	225.864
1	314.257
1	213.411
1	324.001
1	179.831
1	251.359
1	232.144
1	166.678
1	173.569
1	144.857
1	188.807
1	248.363
1	206.872
1	202.462
1	208.83
1	166.122
1	166.679
1	143.41
1	263.19
1	217.901
1	197.792
1	273.216
1	195.072
1	188.414
1	223.038
1	249.802
1	173.207
1	183.901
1	197.572
1	201.256
1	217.729
1	347.799
1	213.799
1	178.212
1	243.765
1	313.782
1	410.162
1	119.144
1	191.65
0	1.59429e-05
1	202.553
1	243.151
1	373.117
1	105.314
0	34.9198
1	171.139
1	234.856
1	196.727
1	209.304
1	233.641
1	187.635
1	364.378
1	196.904
1	216.189
1	213.519
1	280.672
1	160.066
1	202.15
1	205.94
1	171.825
1	248.362
1	206.427
1	210.48
1	174.876
1	190.768
1	180.623
1	239.816
1	174.285
1	249.711
1	203.155
1	254.303
1	178.566
1	174.252
1	200.646
1	199.718
1	189.9
1	234.834
1	190.048
1	165.819
1	167.957
1	139.039
1	247.761
1	144.505
1	163.589
1	262.547
1	158.102
1	171.635
1	261.866
1	262.745
1	222.946
1	149.628
1	171.979
1	200.647
1	317.241
1	331.031
1	255.038
1	316.781
1	159.86
1	151.017
1	238.877
1	233.198
1	178.217
1	209.625
1	149.388
1	355.114
1	206.574
1	217.866
1	155.937
1	239.169
1	203.342
1	195.043
1	142.862
1	204.38
1	144.401
1	155.72
1	219.819
1	194.505
1	172.996
1	195.635
1	152.516
1	147.265
1	180.101
1	150.38
1	224.573
1	157.672
1	261.087
1	193.015
1	230.068
1	160.871
1	134.488
1	124.734
1	367.061
1	254.591
1	232.67
1	303.374
1	152.862
1	329.769
1	227.21
1	193.055
1	127.249
1	216.017
1	367.028
1	211.743
1	156.435
1	188.668
1	257.66
1	237.626
1	233.743
1	142.008
1	230.369
1	172.608
1	169.845
1	236.225
1	205.441
0	10.4996
1	184.302
1	215.51
1	181.698
1	208.167
1	256.61
1	138.819
1	156.875
1	243.009
1	259.579
1	177.046
1	214.676
1	170.864
1	194.066
1	205.376
1	280.731
1	219.244
1	255.541
1	359.106
0	2.04135e-05
1	183.102
1	134.889
1	159.97
1	333.595
1	255.07
1	108.831
1	154.185
1	297.414
1	168.406
1	221.674
1	166.63
1	250.429
1	210.506
1	192.166
1	171.938
1	242.746
1	233.844
1	222.556
1	211.411
1	215.616
1	245.841
1	157.689
1	159.143
1	136.099
1	172.138
1	245.53
0	11.5777
1	204.445
1	157.174
1	234.353
1	200.667
1	180.116
1	189.253
1	170.901
1	191.382
1	147.985
1	153.739
0	24.0356
1	217.044
1	224.013
1	188.519
1	174.263
1	213.197
1	192.145
1	216.602
1	246.998
1	145.561
1	141.178
1	352.22
1	147.883
1	182.421
1	189.245
1	245.945
1	219.725
1	272.711
1	179.601
1	167.148
1	173.065
1	145.095
1	144.72
1	340.948
1	321.003
1	179.518
1	200.388
1	204.826
0	23.0322
1	202.824
1	218.389
1	170.539
1	158.418
1	274.957
1	145.856
1	151.113
1	190.419
1	241.3
1	258.889
1	224.034
1	155.899
1	249.357
1	182.013
1	215.049
0	4.74883
1	179.651
1	195.019
1	332.559
1	161.033
1	179.121
1	185.915
1	194.011
1	191.583
1	266.578
0	2.98128e-05
1	182.887
1	219.286
1	252.024
1	143.17
0	7.27324e-05
1	230.878
1	237.734
1	226.708
1	218.046
1	125.459
1	270.612
1	168.091
1	215.53
1	230.166
1	144.463
1	347.34
1	190.736
1	291.508
1	231.842
1	244.942
1	279.446
1	234.74
1	176.78
1	172.342
1	199.221
1	159.157
1	199.413
1	220.37
1	248.859
1	148.155
1	222.007
1	156.143
1	138.973
1	227.844
1	186.428
1	152.784
1	232.055
1	173.744
1	195.85
1	201.289
1	135.692
1	134.089
1	212.834
1	176.717
1	205.224
1	222.674
1	142.13
1	211.44
1	178.94
1	129.374
1	202.061
1	258.33
1	279.086
1	225.899
1	243.827
1	165.504
1	145.889
1	175.009
1	245.367
1	191.106
1	225.666
1	200.192
1	241.102
1	211.01
1	201.257
1	248.167
1	139.588
1	153.237
1	180.877
1	200.282
1	210.754
1	178.275
1	238.217
1	118.031
1	245.224
1	226.834
1	212.241
1	176.065
1	184.924
0	8.22064
1	147.135
1	175.872
1	191.896
1	282.055
1	166.892
1	236.15
1	308.53
1	170.393
1	253.467
1	125.901
1	224.013
1	276.452
1	261.587
1	147.295
1	142.408
1	177.784
1	139.139
1	293.634
1	217.101
1	171.525
1	288.534
1	216.267
1	224.887
0	22.5984
1	213.047
1	262.511
1	235.747
1	260.032
1	258.408
1	177.691
1	245.735
1	210.883
1	222.446
1	197.927
1	160.68
1	181.521
1	197.069
1	228.837
1	208.208
1	213.436
1	161.476
0	17.7614
1	260.513
1	251.03
1	221.137
1	188.117
1	156.009
1	185.49
1	198.204
1	153.309
1	206.666
1	186.897
1	141.33
1	111.285
1	253.256
1	292.532
1	181.354
1	213.142
1	261.944
1	181.239
1	225.64
1	189.939
1	187.989
1	228.546
1	269.728
1	224.301
1	350.579
1	199.151
1	302.91
1	197.978
1	197.025
1	266.223
1	254.193
1	201.856
1	176.938
1	180.508
1	228.339
1	151.666
1	163.959
1	147.627
1	153.701
1	128.948
1	233.841
1	174.746
1	281.056
1	162.331
1	212.93
0	24.3426
1	177.199
1	236.992
1	194.944
1	137.085
1	209.532
1	219.733
1	182.827
0	7.1625e-05
1	209.482
1	180.645
1	142.481
1	233.262
1	151.228
1	224.499
1	190.36
1	198.887
1	118.332
1	158.768
1	252.629
1	180.793
1	164.204
1	213.582
1	142.182
1	171.201
1	189.28
1	231.273
1	277.29
1	179.744
1	140.549
1	218.425
1	194.131
1	230.358
1	204.859
1	209.961
0	3.05063e-05
1	189.108
1	128.704
1	151.691
1	167.093
1	243.33
1	160.853
1	193.498
1	202.736
1	255.769
1	193.819
1	209.654
1	148.646
1	218.433
1	273.914
1	258.301
1	284.313
1	226.349
1	219.832
1	161.013
1	166.46
1	205.174
1	117.703
1	227.788
1	198.442
1	262.086
1	218.803
1	156.179
1	228.09
1	188.556
1	280.903
1	217.579
1	224.562
1	158.619
1	180.879
1	310.233
1	237.682
1	225.404
1	191.99
1	252.228
1	226.159
1	242.702
1	297.741
1	158.811
1	166.377
1	178.078
1	198.484
0	7.96859
1	366.083
1	151.244
1	261.336
1	189.815
1	194.802
1	241.007
1	217.172
1	201.08
1	152.786
1	241.658
1	169.378
1	172.856
1	175.152
1	154.271
1	176.024
1	255.968
1	254.848
1	230.597
1	213.96
1	142.13
1	207.935
1	223.41
1	153.74
1	285.189
1	283.624
1	172.336
1	196.554
1	268.662
1	144.619
1	111.692
1	155.284
1	258.422
1	215.044
1	215.241
1	259.604
0	2.61657e-05
1	232.199
1	262.453
1	176.56
1	125.72
1	193.635
1	176.495
1	152.643
1	213.02
1	208.64
1	209.034
1	268.018
1	139.442
1	165.24
1	149.229
1	182.655
1	161.702
1	329.438
1	152.086
1	196.79
1	314.538
1	175.085
1	138.234
1	222.295
1	200.656
1	244.905
1	166.572
1	367.669
1	183.404
1	259.754
0	11.6437
1	225.234
1	312.964
1	144.706
1	155.388
1	148.108
0	2.77909e-05
1	220.992
1	154.123
1	256.303
1	174.84
1	179.529
1	217.979
1	223.116
1	170.36
1	157.059
1	209.007
1	243.288
1	229.128
1	176.523
1	183.968
1	241.234
1	355.044
1	273.447
0	3.57679e-05
1	188.095
1	255.593
1	147.178
1	162.293
1	262.744
1	206.191
1	202.084
1	253.383
1	221.443
1	190.753
1	199.802
1	270.707
1	357.537
1	226.195
1	174.209
1	175.63
1	177.454
1	214.893
1	215.257
1	233.971
1	140.628
1	149.333
1	256.973
1	257.142
1	164.703
1	236.817
1	186.862
1	231.265
1	254.216
1	153.522
1	209.651
1	213.807
1	256.048
1	145.805
1	187.019
1	273.139
1	169.781
1	191.13
1	244.187
1	227.844
0	91.1625
1	262.899
1	258.985
1	182.98
0	61.9558
1	179.645
1	132.588
1	210.698
1	149.035
1	225.536
0	116.584
1	173.313
1	163.991
1	222.57
1	246.367
1	166.068
1	227.033
1	193.715
1	132.587
1	197.063
1	179.575
1	266.293
1	262.665
1	151.323
1	211.548
1	188.425
1	201.284
1	221.881
1	161.45
1	186.698
1	152.38
1	203.031
1	214.218
1	128.305
1	252.305
1	226.4
0	92.6372
1	182.64
1	198.639
1	289.165
1	158.41
1	142.283
1	198.06
1	210.614
1	205.041
1	261.266
1	162.004
1	317.583
1	124.708
1	189.633
1	211.322
1	164.333
0	24.3715
1	175.823
1	228.863
1	213.717
1	164.225
1	211.267
1	273.124
1	115.527
1	148.525
1	157.24
1	297.304
1	188.817
1	308.006
1	218.806
1	242.6
1	157.165
1	245.883
1	196.033
1	217.735
1	156.883
1	231.588
1	232.352
1	442.735
1	151.513
1	201.844
1	223.27
1	214.197
1	328.66
1	185.376
1	211.014
1	254.006
1	190.773
1	136.514
1	161.707
0	42.0617
1	208.059
1	132.219
1	297.24
1	162.923
1	203.997
1	158.717
1	329.113
1	225.524
1	178.327
1	192.443
1	192.089
1	170.339
1	148.606
1	167.7
1	249.617
1	194.744
1	402.794
1	227.13
1	214.268
1	215.733
1	182.905
1	196.946
1	163.026
1	169.074
1	232.074
1	290.462
1	247.915
1	150.178
1	144.959
1	217.353
1	312.545
1	157.226
1	257.059
1	224.095
1	187.095
1	278.864
1	124.508
1	202.36
1	176.854
1	177.221
1	166.465
1	177.925
1	173.208
1	211.609
1	168.855
1	188.646
1	219.535
1	228.535
1	184.444
0	48.4542
1	180.728
1	282.365
1	153.681
1	158.995
1	188.334
1	196.927
1	235.743
1	183.837
1	143.105
1	263.793
1	115.892
1	127.268
0	64.1921
1	139.292
1	153.411
1	155.866
1	211.254
1	148.908
0	31.0453
1	165.445
1	179.085
1	201.85
1	128.886
1	179.91
1	165.277
1	190.462
1	161.291
1	179.231
1	248.479
