10000	100	9900	0.00208333
0.025641	2.53595	47746.4	4.82284	1e-05
1	172.603
1	359.29
1	159.294
1	222.898
1	182.188
1	208.279
1	240.966
1	220.696
1	145.378
1	192.407
1	207.349
1	220.467
1	126.872
1	183.089
0	42.2423
1	223.315
1	198.031
1	211.581
1	154.882
1	140.843
1	242.598
1	220.898
1	176.837
1	143.839
1	160.462
1	162.315
1	128.904
1	144.457
1	175.096
1	146.557
1	218.113
1	227.179
1	120.991
1	204.173
1	135.539
1	209.275
1	160.108
1	183.881
1	204.088
1	187.543
1	163.143
1	202.215
1	216.742
1	179.151
1	185.866
1	188.072
1	373.709
1	242.597
1	238.793
1	159.87
1	204.878
1	154.297
1	115.501
1	143.272
1	212.174
1	167.29
1	300.825
1	148.962
1	164.087
1	197.701
1	173.494
1	343.31
1	254.501
1	195.149
1	271.378
1	137.249
1	292.611
1	225.9
1	173.894
1	200.768
1	181.397
1	230.83
1	349.847
1	272.543
1	216.014
1	196.503
1	252.645
1	148.524
1	230.021
1	187.797
1	174.35
1	323.379
1	180.033
1	177.817
1	194.754
1	238.952
1	142.322
1	144.208
1	204.641
1	203.372
1	176.38
1	295.825
1	280.348
1	157.961
1	241.859
1	234.809
1	189.966
1	266.94
1	190.716
1	148.057
1	142.743
1	144.157
1	168.95
1	201.62
1	223.462
1	192.591
1	169.182
1	134.108
1	135.28
1	200.23
1	260.953
1	267.54
1	367.058
1	195.739
0	57.1677
1	151.711
1	226.716
1	195.311
1	205.914
1	197.326
1	186.587
1	235.183
1	161.325
1	206.637
1	170.99
1	183.287
1	273.382
1	238.769
1	246.055
1	190.535
1	203.73
1	224.784
1	149.904
1	237.956
1	181.066
1	134.16
1	170.284
1	230.396
1	183.769
1	273.39
1	187.928
1	369.558
1	250.032
1	214.032
1	191.838
1	245.638
1	178.589
1	292.139
1	293.313
1	271.173
1	170.223
0	269.874
1	161.016
1	217.3
1	218.114
1	310.552
1	161.348
1	240.456
1	246.033
1	297.549
1	163.264
1	211.08
1	128.789
1	175.168
1	198.299
1	157.146
1	111.479
1	130.653
1	301.044
1	159.986
1	183.955
1	164.341
1	169.064
1	152.202
1	259.759
1	258.925
1	133.884
1	152.84
1	189.978
1	193.354
1	144.374
1	186.056
1	170.214
1	189.385
1	138.541
1	212.376
1	236.403
1	144.49
1	231.374
1	135.702
1	216.35
1	197.105
1	169.583
1	222.668
1	165.23
1	227.07
1	201.21
1	200.234
1	248.226
1	231.313
1	282.347
1	158.1
1	158.428
1	206.729
1	233.255
1	268.682
1	229.81
1	170.682
1	193.793
1	214.412
1	156.477
1	160.58
1	267.028
1	206.572
1	180
1	160.692
1	162.529
1	185.259
1	216.333
1	133.51
1	150.788
1	202.011
1	231.361
1	136.787
1	254.179
1	185.645
1	200.45
1	166.026
1	255.196
1	267.532
1	156.265
0	21.4667
1	120.267
1	254.223
1	154.093
1	146.904
1	179.761
1	181.285
1	189.746
1	194.112
1	253.609
1	289.659
1	231.729
1	212.608
1	224.284
1	208.765
1	154.527
1	216.213
1	301.157
1	238.872
1	157.579
1	210.397
1	162.335
1	180.699
1	121.857
1	237.441
1	143.384
1	181.493
1	196.778
1	192.646
1	191.723
1	172.596
1	199.295
1	171.284
1	137.443
1	218.288
0	132.436
1	199.422
1	160.184
1	226.592
1	351.924
1	169.397
1	297.733
1	229.455
1	181.177
1	158.933
1	156.543
1	188.808
1	156.388
1	192.853
1	149.152
1	236.068
1	194.566
1	221.354
1	231.371
1	176.069
1	175.349
1	202.227
1	231.652
1	280.188
1	154.091
1	187.436
1	247.058
1	168.166
1	168.161
1	238.176
1	181.525
1	245.999
1	256.787
1	106.609
1	239.517
1	169.677
1	289.115
1	200.041
1	200.061
1	206.108
1	152.044
0	5.32742
1	209.992
1	194.51
1	180.144
1	349.97
1	314.039
1	172.781
1	161.074
1	235.624
1	186.041
1	209.676
1	152.173
1	134.606
1	292.41
1	136.161
1	167.205
1	209.727
1	221.87
1	223.034
1	295.226
1	306.446
1	340.867
1	203.243
1	162.952
1	172.216
0	3.93729
1	204.666
1	237.499
1	179.222
1	215.266
1	204.975
1	168.413
1	161.589
1	294.816
1	224.039
1	269.141
1	261.371
1	189.331
1	147.598
1	178.876
1	152.385
1	132.693
1	262.232
1	188.048
1	180.38
1	185.631
1	177.617
1	237.346
1	221.023
1	215.288
1	187.709
1	193.287
1	164.625
1	186.332
1	140.403
1	241.945
1	161.388
1	187.466
1	197.301
1	181.801
1	219.685
1	154.309
1	138.693
1	343.712
1	246.979
1	148.98
1	168.591
1	146.333
1	160.759
1	260.317
1	272.42
1	165.751
1	174.251
1	193.826
1	236.37
1	227.455
1	204.168
1	291.011
1	209.71
1	168.166
1	160.608
1	131.376
1	234.518
1	226.503
1	186.547
1	181.974
1	191.177
1	205.392
1	243.022
1	373.926
1	258.721
1	147.386
1	233.925
1	211.274
1	156.381
1	234.686
1	176.543
1	160.225
1	199.122
1	270.465
1	154.288
1	211.348
0	10.108
1	168.351
1	224.375
1	205.131
1	194.555
1	169.659
0	44.2466
1	239.787
1	247.699
1	227.295
1	343.255
1	170.572
1	219.274
1	212.206
1	169.379
1	183.772
1	198.326
1	295.277
1	212.958
1	272.727
1	201.591
1	169.403
1	194.657
1	164.983
1	176.488
1	168.358
1	268.17
1	162.082
1	137.704
1	253.728
1	228.348
1	264.775
1	281.413
1	187.205
1	205.745
1	154.143
1	192.294
1	259.142
1	208.609
1	146.876
1	190.534
1	174.696
1	294.834
1	207.332
1	161.408
1	241.872
1	272.008
1	240.727
1	283.399
1	228.885
1	172.438
1	217.388
1	199.057
1	143.799
1	224.491
1	169.168
1	385.25
1	138.837
1	177.646
1	164.594
1	167.341
1	267.412
1	175.629
1	198.231
1	219.353
1	219.981
1	215.095
1	180.56
1	178.057
0	55.0069
1	119.731
1	168.697
1	242.309
1	220.181
1	273.079
1	252.079
1	158.473
1	164.087
1	192.338
1	204.484
1	143.017
1	181.563
1	190.247
1	178.978
1	197.935
1	150.987
1	178.255
1	186.865
1	171.04
1	135.252
1	176.794
1	195.912
1	157.318
1	189.674
1	198.504
1	258.01
1	158.956
1	217.867
1	155.87
1	199.237
1	251.503
1	183.928
1	196.286
1	176.128
1	182.523
1	274.338
1	164.585
1	145.055
1	341.614
1	139.71
1	207.47
1	190.443
1	224.529
1	273.89
1	176.009
1	312.699
1	177
1	306.327
0	175.193
1	197.989
1	158.004
1	171.39
1	226.907
1	303.116
1	198.462
1	254.798
1	225.588
1	196.965
1	195.507
1	167.272
1	142.005
1	168.765
1	166.966
1	309.427
1	191.876
1	169.352
1	203.9
1	181.213
1	208.388
1	258.579
1	216.169
1	205.095
1	203.054
1	178.987
1	196.1
1	231.585
1	153.455
1	172.213
1	199.08
1	190.783
1	249.06
1	220.386
1	249.038
1	182.89
1	240.682
1	200.877
1	172.788
1	184.95
1	268.543
1	179.363
1	145.905
1	188.606
1	194.562
1	180.023
1	255.472
1	179.028
1	200.037
1	163.804
1	228.397
1	272.498
1	232.309
1	223.036
1	184.05
1	313.019
1	182.179
1	317.09
1	281.597
1	323.53
1	239.043
1	181.479
1	297.886
1	144.407
1	182.253
1	215.361
1	179.789
1	162.601
1	147.063
1	176.479
1	252.054
1	222.343
1	310.236
1	212.006
1	199.466
1	297.812
1	254.099
1	169.902
1	266.019
1	135.037
1	203.694
1	234.777
1	242.113
1	161.804
1	169.187
1	385.61
1	253.193
1	193.552
1	163.682
1	235.495
1	158.186
1	216.036
1	185.561
1	203.664
1	234.566
1	260.628
1	251.949
1	175.941
1	129.541
1	163.601
1	166.281
1	166.406
1	148.394
1	187.911
1	359.979
1	161.866
1	135.748
1	179.408
1	156.125
1	288.596
1	317.352
1	225.353
1	290.763
1	204.432
1	246.355
1	198.102
1	169.113
1	169.123
1	186.705
1	168.084
1	230.295
1	164.113
1	320.839
1	283.946
1	172.616
1	182.82
1	137.058
1	249.639
1	151.643
1	153.696
1	236.061
1	154.23
1	168.336
1	268.807
1	255.161
1	159.55
1	204.695
1	213.661
1	195.705
1	211.274
1	182.977
1	192.346
1	212.713
1	208.75
1	199.997
1	135.481
1	155.155
1	207.108
1	195.576
1	242.308
1	191.691
1	229.992
1	158.13
1	196.099
1	210.737
1	166.584
1	228.276
1	168.122
1	153.273
1	201.256
1	144.116
1	138.728
1	193.34
1	176.212
1	220.041
1	288.473
1	217.675
1	221.744
1	133.643
1	217.988
1	187.952
1	261.643
1	121.101
1	228.292
1	176.287
1	192.229
1	319.836
1	258.387
1	142.976
1	321.536
1	163.733
1	175.566
1	160.945
1	123.503
1	231.11
1	173.697
1	260.538
1	296.392
1	172.69
1	151.767
1	293.175
1	232.209
1	193.153
1	212.957
1	279.365
1	172.455
1	158.186
1	184.292
1	181.616
1	163.214
1	158.916
1	186.351
1	205.267
1	204.577
1	168.879
1	217.719
1	214.525
1	131.788
1	127.843
1	223.951
1	198.954
1	193.567
1	340.704
1	239.657
1	158.092
1	184.259
1	216.365
1	207.449
1	176.765
1	191.825
1	181.162
1	283.819
1	147.287
1	123.602
1	178.027
1	156.824
1	170.983
1	187.058
1	194.725
1	266.404
1	148.575
1	177.358
1	224.828
1	365.958
1	180.784
1	126.613
1	195.494
1	170.873
1	163.759
1	264.902
1	169.041
1	250.884
1	254.508
1	255.679
1	158.032
1	250.793
1	222.601
1	232.592
1	206.493
1	195.31
1	209.139
1	188.844
1	184.144
1	209.187
1	194.122
1	169.951
1	221.958
1	266.99
1	192.644
1	273.035
1	336.136
1	248.8
1	230.859
1	269.934
1	247.535
1	130.482
1	211.198
1	184.066
1	170.651
1	169.586
1	195.97
1	281.154
1	162.499
1	264.232
1	134.391
1	190.308
1	222.385
1	247.888
1	263.005
1	177.616
1	222.163
1	153.188
1	121.639
1	134.89
1	145.641
1	318.234
1	252.124
1	203.31
1	310.287
1	213.021
1	216.129
1	213.613
1	256.412
1	164.705
1	250.336
1	132.663
1	238.142
1	189.924
1	194.98
1	204.666
1	183.628
1	165.219
1	199.283
1	194.628
1	159.812
1	155.74
1	147.47
1	144.14
1	210.682
1	190.338
1	189.554
1	221.824
1	324.347
1	161.658
1	146.821
1	337.31
1	216.866
1	171.968
1	179.177
1	239.692
1	194.568
1	183.541
1	157.785
1	223.817
1	127.932
1	139.771
1	265.443
1	151.208
1	171.708
1	332.948
1	176.119
1	168.546
1	149.395
1	144.08
1	211.184
1	193.034
1	209.822
1	252.2
1	182.448
1	174.325
1	191.729
1	184.381
1	235.984
1	207.746
1	224.936
1	152.924
1	289.704
1	291.911
1	211.877
1	166.801
1	219.254
1	252.185
1	154.067
1	211.787
1	239.315
1	200.51
1	166.651
1	197.071
1	286.399
1	149.199
0	11.1459
1	206.645
1	153.197
1	197.456
1	269.969
1	195.901
1	155.82
1	161.513
1	166.858
1	245.145
1	249.325
1	196.456
1	276.341
1	259.743
1	353.405
0	17.4558
1	217.96
1	286.196
1	160.569
1	158.126
1	170.126
1	141.01
1	145.201
1	208.5
1	232.221
1	263.028
1	146.803
1	204.14
1	144.273
1	195.481
1	226.742
1	184.75
1	238.698
1	225.343
1	225.243
1	170.846
1	288.356
1	193.125
1	150.777
1	247.066
1	207.823
1	235.348
1	169.376
1	179.778
1	299.254
0	5.24284
1	217.174
1	336.084
1	298.067
1	197.34
1	204.735
1	263.449
1	158.635
1	167.933
1	201.663
1	128.711
1	228.055
1	206.222
1	176.243
1	230.291
1	197.418
1	217.567
1	255.4
1	208.2
1	196.756
1	217.683
1	155.496
1	200.656
1	241.294
1	241.327
1	197.738
1	213.92
1	199.364
1	216.871
1	228.052
1	159.879
1	238.749
1	158.23
0	19.3136
1	179.923
1	181.973
1	349.549
1	238.973
1	222.179
1	150.415
1	233.51
1	158.531
1	225.393
1	213.725
1	199.148
1	187.33
1	337.255
1	227.807
1	195.007
1	137.193
1	259.946
1	255.553
1	230.458
1	238.414
1	302.582
1	236.93
1	211.492
1	124.548
1	198.015
1	176.88
1	233.367
1	151.748
1	211.642
1	240.688
1	179.034
1	143.568
0	54.304
1	165.02
1	120.2
1	197.487
1	152.633
1	204.984
1	242.858
1	161.441
1	164.473
1	224.89
1	138.661
1	235.48
1	207.917
1	237.622
1	218.997
0	27.0235
1	119.478
1	183.968
1	222.68
1	129.741
1	216.038
1	225.295
1	187.887
1	222.232
1	131.763
0	22.3072
1	128.764
1	241.42
1	202.824
1	153.677
1	203.481
1	314.269
1	166.74
1	218.493
1	233.221
1	216.321
1	167.541
1	267.156
1	189.805
1	228.734
1	182.372
1	209.32
1	155.302
1	189.754
1	216.726
1	167.601
1	191.472
1	273.803
1	240.327
1	194.82
1	181.61
1	245.029
1	259.331
1	131.364
1	197.38
1	194.756
1	254.674
1	166.742
1	223.736
1	254.18
1	157.114
1	245.509
1	203.03
0	12.7858
1	171.672
1	192.273
1	200.234
1	152.426
1	172.15
1	196.904
1	253.233
1	164.82
1	278.776
1	182.721
1	198.783
1	134.688
1	169.335
1	209.221
1	247.023
1	254.256
1	187.091
1	205.561
1	199.472
1	199.693
1	166.869
1	129.868
1	173.816
1	171.475
1	221.745
1	219.763
1	160.696
1	242.433
1	211.511
1	187.357
1	191.926
1	235.558
1	140.242
1	218.536
1	218.411
1	131.136
1	213.813
1	237.794
1	186.288
1	111.987
1	219.397
1	144.401
1	192.165
1	170.574
1	255.191
1	184.277
1	209.482
1	170.639
1	202.502
1	245.841
1	242.773
1	208.011
1	170.6
1	218.125
1	191.884
1	299.077
1	185.193
1	124.293
1	177.746
1	156.325
1	194.656
1	184.92
1	226.527
1	178.66
1	188.227
1	156.411
1	190.356
1	236.97
1	184.467
0	101.789
1	236.406
1	199.336
1	145.219
1	136.745
1	130.287
1	181.755
1	209.628
1	222.132
1	189.3
1	156.304
1	199.212
1	147.754
1	184.567
1	184.689
1	147.531
1	255.75
1	248.944
1	162.889
1	190.859
1	119.271
1	182.808
1	233.967
1	253.006
1	246.437
1	158.551
1	182.428
1	205.177
1	209.786
1	298.037
1	162.371
1	199.046
1	470.506
1	143.498
1	197.095
1	134.449
1	155.659
1	347.4
0	38.0802
1	144.843
1	157.835
1	155.034
1	149.429
1	279.853
1	272.391
1	155.474
1	171.79
1	171.656
1	174.714
1	162.148
1	250.082
1	224.199
1	202.871
1	205.533
1	321.813
1	217.476
1	181.328
1	211.641
1	223.352
1	208.167
1	183.366
1	129.133
1	183.548
1	173.698
1	210.495
1	245.317
1	299.015
1	141.193
1	168.495
1	166.683
1	209.188
1	292.272
1	187.832
1	234.727
1	223.666
1	205.414
1	181.715
1	222.021
1	216.496
1	319.21
1	183.647
1	170.533
1	117.493
0	0.18084
1	225.938
1	148.418
1	191.015
1	168.817
1	385.059
1	160.315
1	222.408
1	149.63
1	244.417
1	138.865
1	193.288
1	199.367
1	121.314
1	197.392
1	319.382
1	252.722
1	273.214
1	196.76
1	232.944
1	161.819
1	150.927
1	191.985
1	169.563
1	228.62
1	214.007
1	144.424
1	162.438
1	187.568
1	199.758
1	212.542
1	161.582
1	186.194
1	215.824
1	202.887
1	202.282
1	180.8
1	185.943
1	250.508
1	266.362
1	240.891
1	229.415
1	184.138
0	38.0791
1	253.271
1	183.569
1	228.355
1	158.275
1	166.241
1	184.839
1	164.272
1	198.202
1	166.74
1	260.045
1	280.985
1	210.153
1	179.386
1	249.727
1	309.201
1	189.372
1	197.097
1	126.424
1	161.431
1	253.191
1	154.675
1	125.243
1	147.25
1	168.934
1	96.4512
1	238.296
1	164.668
1	164.217
1	208.033
1	222.97
1	225.402
1	225.122
1	147.283
1	226.046
1	207.953
1	163.686
1	202.865
1	285.806
1	242.454
1	203.302
1	178.281
1	207.031
1	149.784
1	244.272
1	246.019
1	169.495
1	132.022
1	180.104
1	174.361
1	116.663
1	201.223
1	198.631
1	176.792
1	212.235
1	201.208
1	196.136
1	246.617
1	189.874
1	221.658
1	255.581
1	111.443
1	224.207
1	159.301
1	280.984
1	243.485
1	133.69
1	246.802
1	198.32
1	402.99
0	5.375
1	247.127
1	222.116
1	160.488
1	208.616
1	190.188
1	157.624
1	164.309
1	243.552
1	206.124
1	143.209
1	170.648
1	223.23
1	226.502
1	180.717
1	156.348
1	185.008
1	162.516
1	129.96
1	164.97
1	163.683
1	149.242
1	181.535
1	164.104
1	252.28
1	165.936
1	202.415
1	173.772
1	273.334
1	160.799
1	127
1	160.356
1	206.273
1	138.576
1	251.438
1	185.764
1	160.738
1	192.884
1	208.603
1	276.512
1	158.38
1	135.128
1	254.808
1	221.817
1	202.957
1	182.519
1	306.385
1	133.452
1	178.087
1	132.064
1	264.722
1	167.904
1	197.984
1	214.061
1	247.059
1	184.478
1	189.611
1	250.015
1	132.444
1	160.414
1	266.98
1	235.581
1	198.467
1	227.646
1	236.187
1	138.676
1	330.282
1	198.421
1	179.289
1	138.4
1	198.486
1	222.622
1	137.198
1	302.909
1	207.711
1	170.83
1	185.043
1	166.088
1	170.379
1	188.626
1	192.072
1	139.379
1	220.406
1	318.439
1	195.149
1	255.117
1	212.367
1	197.579
1	195.153
1	268.885
1	171.681
1	223.362
1	194.839
1	189.446
1	215.127
1	236.931
1	215.273
1	247.819
1	135.655
1	232.583
1	215.731
1	268.823
1	163.029
1	228.688
1	145.466
1	176.943
1	159.573
1	195.501
1	175.703
1	221.42
1	196.13
1	135.191
1	196.129
1	122.387
1	162.384
1	211.781
1	198.34
1	290.515
1	214.414
1	164.711
1	169.82
1	168.171
1	200.182
1	213.096
1	202.718
1	127.496
1	159.431
1	264.197
1	217.669
1	201.185
1	182.119
1	240.699
1	245.062
1	172.324
1	160.161
1	350.008
1	164.294
1	200.879
1	234.754
1	186.209
1	216.511
1	127.482
1	150.961
1	191.299
1	268.856
1	178.461
1	188.472
1	216.514
1	170.102
1	198.55
1	192.608
1	217.012
1	181.624
1	181.358
1	164.601
1	174.001
1	207.868
1	153.554
1	202.83
1	239.196
1	351.373
1	181.793
1	222.889
1	318.109
1	201.755
1	179.152
1	176.351
1	206.276
1	170.043
1	273.749
1	129.057
1	199.55
1	194.981
1	254.033
1	233.718
1	166.758
1	246.113
1	230.014
1	201.675
1	153.98
1	184.239
1	213.987
1	211.426
1	129.208
1	276.976
1	179.216
1	239.006
1	236.084
1	196.787
1	239.922
1	176.4
1	169.212
1	240.645
1	193.314
1	195.854
1	147.412
1	199.641
1	134.333
1	139.931
1	191.199
1	144.976
1	166.05
1	159.706
1	239.513
1	195.217
1	278.364
1	307.599
1	133.525
1	315.811
1	178.543
1	162.641
1	195.02
1	235.844
1	193.935
1	175.471
1	219.054
1	220.275
1	244.2
1	175.074
1	230.885
1	183.284
1	207.049
1	186.431
1	143.504
1	199.806
1	162.078
1	190.686
1	162.986
1	240.733
1	207.175
1	237.295
1	157.855
1	288.418
1	123.023
1	212.831
1	222.756
1	256.025
1	284.121
1	193.149
1	187.698
1	256.193
1	170.666
0	25.4279
1	196.125
1	145.451
1	262.816
1	224.79
0	9.66064
1	138.154
1	191.74
1	243.817
1	179.058
1	133.684
1	285.936
1	230.691
1	139.2
1	205.504
1	245.025
1	200.03
1	164.566
1	156.182
1	174.739
1	168.812
1	295.664
1	222.988
1	171.743
1	339.906
1	142.651
1	260.214
1	235.961
1	164.8
1	283.159
1	247.27
1	223.205
1	200.099
1	200.795
1	297.909
1	151.665
1	304.83
1	172.105
1	277.36
1	284.58
1	246.666
1	216.756
1	164.085
1	265.046
1	356.982
1	277.586
1	211.074
1	130.244
1	185.29
1	223.31
0	15.4608
1	105.841
1	183.717
1	216.357
1	257.248
1	187.041
1	132.282
1	146.273
1	216.75
1	266.756
1	170.014
1	166.226
1	147.002
1	169.141
1	159.853
1	208.359
1	228.506
1	219.312
1	158.759
1	280.945
1	206.808
1	247.758
1	192.644
1	239.194
1	264.255
1	322.743
1	228.576
1	244.113
1	232.535
1	209.878
1	251.048
1	154.377
1	213.551
1	167.088
1	203.869
1	157.873
1	219.28
1	170.248
1	194.44
1	165.416
0	0.127882
1	166.961
1	184.225
1	221.669
1	208.272
1	185.175
1	155.674
1	207.173
1	254.341
1	160.603
1	208.713
1	294.804
1	186.495
1	205.894
1	185.836
1	203.659
1	169.617
1	174.297
1	203.196
1	180.246
1	183.983
1	154.267
1	193.793
1	184.575
1	338.472
1	183.264
1	188.8
1	158.405
1	214.535
1	224.002
1	204.835
1	251.427
1	249.934
1	276.638
1	133.287
1	170.979
1	211.585
1	255.218
1	148.132
1	334.627
1	145.052
1	199.589
1	141.585
1	237.399
1	127.482
1	126.64
1	203.043
1	229.062
1	225.688
1	118.664
1	170.808
1	143.308
1	302.662
1	187.505
1	240.186
1	243.596
1	185.998
1	216.572
1	221.689
1	152.1
1	201.739
1	211.53
1	241.837
1	181.663
1	193.391
1	195.765
1	145.017
1	173.182
1	158.231
1	148.088
1	212.335
1	173.676
1	190.74
1	160.015
1	186.562
1	247.757
1	176.184
1	190.925
1	187.587
1	162.95
1	228.129
1	194.193
1	145.466
1	198.078
1	193.283
1	211.959
1	178.216
1	150.903
1	222.41
1	224.676
1	425.695
1	178.512
1	188.69
1	182.017
1	181.75
1	256.423
1	332.297
1	219.413
1	243.364
1	311.958
1	201.14
1	304.058
0	11.5962
1	206.573
1	256.51
1	159.523
1	200.366
1	196.368
1	166.891
1	266.927
1	126.758
1	203.372
1	179.213
1	198.634
1	199.357
1	206.815
1	142.229
1	211.667
1	273.949
1	240.829
1	191.285
1	160.687
1	142.593
1	193.344
1	247.103
1	161.042
1	132.513
1	211.009
1	164.708
1	307.907
1	166.657
1	195.673
1	419.648
1	173.751
1	424.992
1	239.617
1	133.729
1	170.162
1	150.896
1	235.839
1	137.672
1	160.646
1	147.464
1	209.651
1	225.397
1	225.616
1	170.427
1	200.379
1	196.575
1	255.622
1	242.633
1	185.574
1	224.676
1	149.679
1	126.78
1	347.054
1	294.424
1	155.405
1	185.701
1	233.419
1	116.317
1	223.709
1	178.421
1	228.926
1	198.023
1	209.954
1	187.196
1	195.675
1	318.29
1	285.074
1	204.146
1	158.309
1	189.989
1	224.628
1	237.523
1	246.836
1	153.694
1	220.467
1	231.007
1	167.01
1	192.008
1	193.757
1	280.01
1	260.326
1	237.698
1	147.331
1	203.055
1	173.87
1	210.032
1	216.641
1	212.509
1	231.499
1	237.612
1	225.65
1	137.509
1	255.312
1	173.972
1	205.585
1	147.795
1	259.386
1	142.797
1	216.919
1	185.915
1	158.594
1	213.954
1	240.639
1	259.747
1	140.188
1	236.251
1	211.834
1	200.552
1	149.168
1	202.943
1	251.873
1	132.35
1	173.279
1	119.425
1	179.285
1	152.355
1	167.305
1	301.707
1	184.249
1	236.402
1	182.671
1	222.505
1	156.809
1	212.929
1	192.795
1	229.073
1	222.032
1	289.234
1	182.608
1	187.177
1	139.578
1	194.364
1	143.536
1	164.523
1	214.02
1	359.03
1	165.099
1	262.797
1	242.316
1	236.442
1	188.954
1	160.91
1	200.945
1	164.161
1	323.582
1	181.495
1	243.953
1	204.706
1	229.36
1	223.41
1	242.816
1	196.999
1	342.521
1	171.073
1	163.721
1	174.262
1	213.872
1	256.608
1	245.323
1	262.779
1	209.719
1	209.825
1	287.826
1	153.718
1	194.804
1	162.235
1	228.365
1	163.331
1	249.872
1	156.678
1	177.651
1	165.767
1	174.477
1	154.225
1	143.39
1	156.561
1	295.021
1	181.039
1	196.112
1	179.133
1	371.435
1	263.674
1	162.304
1	233.211
1	140.261
1	189.628
1	316.481
1	181.2
1	148.781
1	276.581
1	206.764
1	209.429
1	172.52
1	161.373
1	184.863
1	195.893
1	192.423
1	227.947
1	172.873
1	182.031
1	374.001
1	166.418
1	186.803
1	229.534
1	219.591
1	194.058
1	160.91
1	175.999
1	165.691
1	248.161
1	237.821
1	224.103
1	252.595
1	230.097
1	357.709
1	256.013
1	175.389
1	320.289
1	200.321
1	159.166
1	173.713
1	193.673
1	141.141
1	208.696
1	201.748
1	232.124
1	186.012
1	182.25
1	211.676
1	251.414
1	250.78
1	177.535
1	222.041
1	268.617
1	195.231
1	290.179
1	142.262
1	205.434
1	210.764
1	223.561
1	169.954
1	188.394
1	156.853
1	325.743
1	146.96
0	71.2408
1	198.434
1	203.118
1	325.322
1	223.585
1	195.947
1	230.822
1	252.407
1	198.042
1	133.813
1	172.641
1	142.686
1	243.033
1	175.656
1	216.438
1	188.477
1	156.77
1	261.468
1	218.837
1	202.647
1	229.307
1	225.236
1	254.555
1	171.805
1	172.874
1	196.279
1	147.447
1	183.231
1	215.626
1	299.052
1	211.064
1	177.62
1	208.503
1	171.367
1	203.582
1	187.851
1	202.213
1	183.085
1	213.91
1	199.53
1	166.25
1	151.427
1	187.028
1	156.326
1	142.451
1	265.084
1	207.132
1	160.34
1	192.087
1	207.425
1	197.273
1	169.926
1	209.669
1	221.169
1	223.3
1	226.737
1	263.997
1	211.485
1	149.81
1	306.942
1	177.142
1	208.351
1	242.777
1	214.466
1	219.22
1	225.59
1	269.237
1	161.712
1	237.761
1	197.767
1	313.156
1	220.11
1	195.704
1	257.475
1	194.252
1	178.552
1	138.958
1	228.901
1	167.062
1	170.023
1	179.745
0	45.1949
1	179.744
1	159.083
1	226.478
1	221.81
1	199.451
1	201.257
1	205.91
1	221.429
1	247.342
1	136.245
1	160.971
1	153.668
1	152.859
1	127.875
1	154.91
1	202.109
1	225.893
1	204.832
1	215.893
1	208.064
1	158.996
1	276.676
1	209.856
1	183.779
1	220.642
1	218.961
1	215.211
1	217.788
1	254.934
1	265.434
1	161.755
1	233.511
1	179.476
1	190.369
1	244.95
1	294.607
1	179.688
1	191.324
1	176.651
1	297.165
1	182.477
1	198.561
1	162.929
1	225.927
1	196.219
1	190.021
1	139.004
1	283.274
1	235.6
1	196.093
1	211.777
1	207.755
1	211.416
1	226.299
1	232.592
1	322.649
1	263.975
1	121.693
1	259.756
1	133.865
1	224.611
1	324.359
1	168.551
1	220.104
1	114.508
1	167.722
1	149.859
1	240.943
1	208.715
1	208.509
1	202.825
1	150.66
1	195.853
1	218.942
1	213.257
1	235.4
1	181.783
1	136.197
1	184.495
1	151.615
1	118.037
1	174.776
1	182.757
1	173.18
1	185.571
1	192.153
1	286.563
1	146.754
1	190.605
1	265.701
1	138.338
1	223.419
1	186.928
1	229.319
1	111.589
1	218.636
1	163.684
1	201.926
1	189.376
1	224.753
1	193.101
1	248.305
1	220.129
1	309.395
1	199.21
1	184.04
1	214.06
1	226.875
1	181.558
1	157.633
1	163.588
1	191.557
0	88.9135
1	289.713
1	231.83
1	234
1	252.238
1	217.072
1	196.165
1	205.283
1	139.874
1	240.844
1	307.149
1	157.503
1	177.925
1	225.733
1	172.053
1	173.05
1	210.384
1	161.455
1	202.519
1	176.396
1	246.461
1	235.46
1	211.77
1	214.207
1	168.963
1	157.054
1	133.251
1	204.799
1	158.218
1	212.488
1	298.819
1	287.416
1	133.19
1	226.008
1	158.724
1	292.725
1	195.342
1	165.666
1	227.827
1	163.628
1	146.901
1	143.414
1	123.288
1	262.114
1	146.048
1	174.968
1	217.193
1	203.536
0	80.0889
1	202.452
1	154.524
1	265.802
1	157.825
1	182.604
1	268.739
1	150.003
1	269.009
1	161.032
1	131.097
1	124.495
1	150.982
1	137.042
1	219.823
1	185.801
1	199.39
1	253.278
1	191.526
1	183.986
1	146.968
1	168.253
1	230.808
1	162.987
1	264.391
1	232.826
1	274.061
1	257.996
1	270.966
1	217.789
1	232.344
1	288.322
1	181.037
1	168.29
1	188.142
1	145.185
1	278.597
1	162.264
1	164.845
1	144.047
1	357.448
1	207.515
1	211.4
1	297.044
1	173.963
1	294.62
1	213.929
1	190.307
1	186.754
1	239.42
1	170.517
1	200.761
1	206.831
1	270.399
1	368.966
1	196.701
1	260.459
1	154.55
1	178.497
1	159.331
1	162.17
1	241.132
1	149.484
1	259.193
1	398.692
1	192.203
1	152.979
1	184.261
1	187.355
1	199.024
1	198.627
1	198.382
1	224.712
1	275.861
1	273.501
1	183.328
1	207.772
1	182.516
1	224.07
1	145.58
1	168.078
1	195.189
1	135.365
1	133.944
1	169.601
1	157.72
1	167.795
1	219.855
1	242.558
1	191.302
1	325.833
1	155.007
1	120.605
1	145.887
1	191.537
1	205.058
1	214.591
1	167.905
1	200.676
1	162.831
1	132.686
1	186.23
1	170.326
1	220.193
1	196.15
1	151.684
1	201.135
1	206.207
1	189.783
1	167.316
1	193.267
1	197.253
1	163.499
1	265.46
1	207.295
1	189.143
1	206.01
1	239.64
1	187.393
1	214.753
1	168.007
1	160.813
1	225.506
1	211.346
1	157.928
1	284.673
1	167.734
1	207.461
1	181.025
1	219.815
1	125.72
1	181.094
1	244.291
1	273.907
1	192.136
1	200.689
1	257.078
1	239.084
1	196.967
1	231.944
1	276.02
1	308.599
1	191.571
1	234.765
1	186.441
1	286.257
1	149.926
1	229.636
1	236.471
1	330.084
1	211.607
1	197.95
1	269.061
1	192.652
1	206.983
1	220.025
1	174.559
1	285.754
1	250.205
1	354.416
1	153.852
1	193.871
1	230.417
0	2.58843
1	169.954
1	207.498
1	213.224
1	180.68
1	219.283
1	212.055
1	260.153
1	138.856
1	237.93
1	215.641
1	246.452
1	266.962
1	197.444
1	132.278
1	252.097
1	196.851
1	297.562
1	174.916
1	256.23
1	160.238
1	218.21
1	117.581
1	180.658
1	291.921
1	257.98
1	234.008
1	287.152
1	247.76
1	159.95
1	163.07
1	201.405
1	180.551
1	196.284
1	163.346
1	127.361
1	186.65
1	141.181
1	187.138
1	212
1	282.496
1	178.704
1	218.939
1	158.703
1	160.81
1	198.303
1	166.012
1	211.701
1	106.616
1	187.709
1	191.351
1	211.99
1	134.3
1	240.968
1	130.838
1	211.371
1	264.001
1	176.882
1	175.863
1	152.595
1	193.923
1	213.015
1	155.135
1	175.432
1	244.837
1	180.097
1	170.044
1	171.978
1	177.523
1	181.545
1	354.198
1	238.008
1	174.683
1	196.787
1	196.557
1	165.011
1	248.921
1	143.921
1	244.697
1	223.509
1	237.547
1	132.506
1	152.267
1	170.331
1	196.357
1	185.121
1	302.531
1	310.394
1	219.213
1	236.772
1	166.981
1	187.076
1	209.326
1	150.928
1	242.47
1	183.597
1	157.538
1	250.073
1	296.125
1	169.179
1	187.937
1	168.449
1	202.936
1	216.081
1	195.987
1	254.143
1	205.594
1	190.813
1	194.184
1	116.432
1	237.635
1	191.109
1	169.383
1	275.751
1	240.753
1	205.06
1	218.553
1	232.786
1	163.076
1	215.727
1	192.036
1	180.024
1	280.433
1	156.052
1	206.67
1	174
1	256.658
1	148.784
1	207.247
1	180.129
1	216.123
1	210.647
1	196.004
1	193.639
1	259.67
1	144.996
1	149.697
1	243.788
1	154.926
1	228.057
1	167.054
1	296.107
1	154.687
1	314.648
1	159.043
1	396.718
1	172.95
1	179.164
1	187.545
1	277.455
1	207.146
1	208.048
1	205.996
1	158.105
1	184.359
1	207.277
1	175.509
1	166.498
1	213.132
1	165.261
1	161.74
1	149.135
1	223.463
1	216.065
1	234.425
1	191.165
1	118.459
1	201.235
1	187.82
1	169.181
1	204.586
1	168.127
1	163.698
1	183.174
1	190.663
1	163.598
1	283.792
1	275.823
1	297.807
1	324.84
1	230.942
1	286.499
1	216.899
1	165.078
1	156.33
1	228.574
1	208.486
1	160.852
1	147.868
1	214.827
1	205.499
1	259.236
1	156.814
1	285.395
1	194.801
1	255.218
0	5.31874
1	181.146
1	186.342
1	175.757
1	202.348
1	213.508
1	219.54
1	154.518
1	195.052
1	217.42
1	246.005
1	165.647
1	186.336
1	201.271
1	189.228
1	209.417
1	194.542
1	149.052
1	263.9
1	204.995
1	272.007
1	339.418
1	203.661
1	311.246
1	197.964
1	262.708
1	207.881
1	210.817
1	159.23
1	187.811
1	212.278
1	161.265
1	165.463
1	134.125
1	342.771
1	150.347
1	147.014
1	269.065
1	206.622
1	272.404
1	209.429
1	314.246
1	306.898
1	240.755
1	208.455
1	143.023
1	205.295
1	325.05
1	158.169
1	143.545
1	220.39
1	203.862
1	160.464
1	201.819
1	331.423
1	194.155
1	173.204
1	209.098
1	227.116
1	104.006
1	196.852
1	170.907
1	198.971
1	181.161
1	331.111
1	212.274
1	178.421
1	134.975
1	181.721
1	210.397
1	228.861
1	166.357
1	220.599
1	418.85
1	201.991
1	167.301
1	213.872
1	188.385
1	190.158
1	230.168
1	162.219
1	134.699
1	118.32
1	214.127
1	234.139
1	133.385
1	145.73
1	207.789
1	193.832
1	171.276
1	202.443
1	159.437
1	185.558
1	140.481
1	175.336
1	214.297
1	234.166
1	189.615
1	161.125
1	193.006
1	225.799
0	7.85432
1	266.704
1	144.133
1	214.56
1	239.241
1	165.94
1	169.386
1	346.066
1	265.351
1	200.773
1	200.225
1	211.838
1	213.943
1	184.017
1	223.405
1	157.765
1	230.401
1	148.805
1	218.465
1	241.614
1	185.853
1	349.391
1	157.118
1	176.143
1	219.994
1	170.639
1	275.037
1	233.038
1	176.579
1	142.182
1	188.68
1	167.213
1	199.815
1	322.221
1	235.995
1	182.654
1	207.674
1	266.394
1	216.164
1	183.138
1	155.807
1	211.2
1	135.439
1	289.88
1	206.777
1	199.68
1	168.956
1	186.184
1	230.975
1	270.511
1	204.951
1	154.246
1	167.629
1	204.432
1	224.771
1	222.898
1	159.442
1	183.146
1	177.187
1	212.522
1	220.213
1	175.11
1	180.702
1	198.654
1	217.497
1	193.013
1	163.386
1	167.136
1	291.366
1	239.77
1	218.515
1	310.127
1	121.1
1	180.342
1	188.448
1	170.02
1	195.146
1	203.055
1	255.83
1	194.675
1	173.756
1	310.598
1	180.218
1	179.287
1	156.611
1	216.501
1	135.299
1	251.099
1	161.996
1	252.828
1	169.855
1	131.841
1	163.527
1	203.251
1	252.775
1	131.361
1	157.563
1	192.368
1	182.132
1	168.606
1	218.468
1	164.931
1	196.931
1	229.137
1	172.887
1	238.146
1	253.687
1	283.215
1	230.706
1	183.359
1	299.024
1	188.727
1	180.883
1	302.343
1	256.093
1	148.629
1	217.183
1	223.27
1	199.64
1	137.188
1	195.426
1	181.853
1	194.33
1	247.967
1	142.642
1	167.944
1	214.823
1	158.144
1	253.046
1	233.521
1	192.729
1	162.774
1	246.839
1	157.637
1	217.945
1	152.209
1	332.063
1	202.502
1	186.276
1	192.417
1	273.034
1	268.404
1	182.676
1	193.083
1	157.339
1	212.497
1	129.312
1	182.897
1	225.538
1	171.188
1	169
0	39.965
1	284.038
1	171.047
1	347.906
1	215.546
1	201.235
1	154.854
1	141.902
1	204.177
1	184.177
1	173.422
1	253.505
1	234.386
1	190.723
1	145.351
1	211.144
1	134.489
1	188.467
1	243.751
1	201.933
1	139.008
1	197.057
1	228.812
1	261.341
1	180.853
1	207.487
1	287.756
1	155.792
1	178.563
1	151.551
1	272.898
1	161.95
1	238.775
1	177.846
1	239.574
1	148.002
1	215.501
1	164.649
1	212.729
1	183.774
1	263.166
1	264.296
1	219.72
1	165.828
1	179.718
1	170.712
1	153.283
1	137.529
1	206.611
1	188.692
1	194.163
1	186.059
1	274.654
1	197.391
1	183.072
1	200.711
1	287.035
1	348.881
1	202.791
1	179.646
1	136.14
1	186.647
1	199.388
1	193.861
1	304.205
1	204.937
1	260.283
1	190.303
1	280.968
1	190.057
1	169.435
1	221.566
1	231.045
1	230.638
1	466.412
1	243.308
1	207.997
1	222.537
1	167.357
1	213.87
1	191.38
1	184.547
1	208.11
1	188.676
1	155.72
1	223.125
1	185.887
1	181.431
1	133.389
1	168.991
1	170.265
1	146.711
1	198.269
1	161.437
1	188.296
1	186.417
1	250.211
1	189.131
1	315.362
1	144.637
1	215.875
1	258.031
1	160.788
1	241.466
1	233.589
1	162.319
1	159.049
1	178.282
1	166.048
1	325.779
1	218.091
1	302.446
1	144.053
1	270.286
1	205.775
1	146.466
1	249.654
1	182.975
1	305.261
1	381.7
1	312.051
1	188.451
1	136.367
1	173.734
1	277.503
1	185.236
1	172.278
1	185.015
1	194.594
1	167.219
1	232.307
1	149.482
1	166.598
1	215.829
1	237.675
1	179.902
1	159.206
1	202.563
1	200.492
1	162.144
1	203.742
1	209.174
1	201.14
1	184.447
1	264.179
1	112.347
1	169.46
1	149.467
1	139.601
1	216.137
1	201.951
1	134.22
1	200.131
1	221.578
1	149.407
1	200.852
1	191.595
1	235.442
1	301.804
1	231.283
1	204.6
1	129.83
1	173.711
0	54.3718
1	154.854
1	251.587
1	134.666
1	186.294
1	179.903
1	265.847
1	220.555
1	187.233
1	175.955
0	104.927
1	220.165
1	236.887
1	175.662
1	158.52
1	213.112
1	138.637
1	202.996
1	215.497
1	230.541
1	188.454
1	263.445
1	151.662
1	258.746
1	231.791
1	151.862
1	202.08
1	214.655
1	223.435
1	203.908
1	207.217
1	170.375
1	258.635
1	195.997
1	230.577
1	259.493
1	181.695
1	200.265
1	169.203
1	207.862
1	246.431
1	154.726
1	248.356
1	169.939
1	234.513
1	254.919
1	184.368
1	205.822
1	217.83
1	186.741
1	150.303
1	201.602
1	253.347
1	201.481
1	204.757
1	164.481
1	190.296
1	198.332
1	170.538
1	361.247
1	351.892
1	244.342
1	231.13
1	176.418
1	169.198
1	179.522
1	220.217
1	124.961
1	158.493
1	176.307
1	365.823
1	249.402
1	254.228
1	298.405
1	191.916
1	276.576
1	124.445
1	242.708
1	160.126
1	172.144
1	176.898
1	172.26
1	150.165
1	153.742
1	162.11
1	207.371
1	213.814
1	269.798
1	208.16
1	176.024
1	257.355
1	259.664
1	166.235
1	203.495
1	201.576
1	231.419
1	177.389
1	168.42
1	229.993
1	223.905
1	178.197
1	183.097
1	233.095
0	67.2052
1	266.227
1	165.855
1	191.836
1	194.957
1	184.06
1	183.128
1	155.039
1	195.644
1	300.629
1	119.555
1	198.305
1	188.717
1	275.626
1	210.126
1	147.297
1	245.179
1	200.822
1	329.201
1	215.556
1	192.622
1	196.64
1	169.733
1	229.504
0	53.2547
1	192.24
1	289.785
1	173.632
1	156.828
1	219.596
1	279.276
1	222.033
1	176.361
1	163.054
1	196.223
1	171.584
1	183.446
1	260.867
1	207.156
1	158.902
1	194.359
1	216.887
1	200.241
1	128.451
1	171.406
1	140.502
1	189.001
1	202.554
1	154.445
1	158.059
1	225.896
1	192.179
1	229.585
1	227.879
1	159.069
1	244.923
1	398.719
1	133.474
1	271.021
1	170.788
1	119.536
1	196.164
1	295.478
1	185.47
1	253.201
1	322.689
1	174.874
1	302.558
1	167.646
1	222.894
1	222.191
1	260.222
1	197.152
1	235.573
1	171.647
1	187.242
1	145.222
1	160.846
1	193.757
1	170.202
1	212.137
1	205.674
1	247.186
1	295.384
1	191.839
1	270.563
1	247.941
1	194.404
1	296.573
1	152.681
1	205.544
1	178.77
1	287.315
1	210.116
1	251.64
1	144.355
1	250.329
1	209.221
1	258.315
1	172.88
1	191.734
1	235.185
1	143.324
1	221.722
1	238.946
1	173.702
1	212.858
1	146.688
1	185.744
1	177.247
1	347.664
1	201.78
1	261.159
1	195.975
1	220.65
1	387.596
1	209.707
1	177.803
1	149.516
1	174.767
1	159.26
1	226.34
1	243.543
1	245.346
1	166.378
0	50.6523
1	202.843
1	191.927
1	240.3
1	200.565
1	176.297
1	217.664
1	162.58
1	195.627
1	195.703
1	208.927
1	184.773
1	230.46
1	188.566
1	156.413
1	177.91
1	164.366
1	242.581
1	256.716
1	257.143
1	193.031
1	231.273
1	163.166
1	166.917
1	303.964
1	225.556
1	178.951
1	162.415
1	118.859
1	180.442
1	204.984
1	187.783
1	222.163
1	190.295
1	196.44
1	175.569
1	198.581
1	143.111
1	134.306
1	221.405
1	202.674
1	147.276
1	255.724
1	167.11
1	195.58
1	194.691
1	215.903
1	185.66
1	169.048
1	198.344
1	151.927
1	167.453
1	233.577
1	145.264
1	213.098
1	188.641
1	358.647
1	243.602
1	225.386
1	170.679
1	187.912
1	253.036
1	218.004
1	223.482
1	172.723
1	190.976
1	202.46
1	182.906
1	204.464
1	161.647
1	199.918
1	283.261
1	205.493
1	253.298
1	162.971
1	230.392
1	215.362
1	190.597
1	175.875
1	192.241
1	173.574
1	163.887
1	205.29
1	250.2
1	226.102
1	227.884
1	261.226
1	137.092
1	195.049
1	169.739
1	167.652
1	277.37
1	165.343
1	194.175
1	334.299
1	163.458
1	162.298
1	159.953
1	165.19
1	157.868
1	218.95
1	222.098
1	269.934
1	237.67
1	196.77
1	227.932
1	206.957
1	350.706
1	201.994
1	205.725
1	156.941
1	193.647
1	225.483
1	328.469
1	265.321
1	204.596
1	187.981
1	182.09
1	286.3
1	189.845
1	183.278
1	194.943
1	231.338
1	274.532
1	211.86
1	209.141
1	146.356
1	153.929
1	227.108
1	203.332
1	246.775
1	161.414
0	5.27254
1	171.17
1	148.268
1	185.446
1	224.526
1	265.446
1	202.651
1	142.371
1	173.56
1	198.9
1	210.525
1	171.566
1	196.589
1	196.017
1	291.73
1	219.392
1	192.378
1	152.803
1	184.432
1	206.644
1	283.932
1	215.884
1	291.636
1	169.96
1	144.79
1	193.865
1	228.59
1	149.233
1	144.411
1	192.622
1	381.468
1	169.591
1	159.656
1	147.439
1	205.251
1	256.305
1	181.933
1	177.851
1	206.04
1	290.747
1	186.653
1	221.077
1	177.326
1	243.134
1	189.113
1	156.518
1	148.727
1	184.428
1	230.785
1	240.771
1	128.273
1	174.75
1	253.909
1	167.567
1	220.012
1	203.658
1	195.682
1	292.321
1	185.621
1	174.356
1	230.042
1	211.58
1	214.489
1	286.66
1	188.433
1	185.337
1	289.171
1	188.295
1	174.971
1	247.855
1	146.544
1	274.696
1	237.263
1	224.205
1	207.933
1	162.216
1	130.247
1	180.275
1	262.067
1	178.055
1	255.623
1	256.294
1	176.895
1	245.3
1	379.815
1	203.734
1	168.36
1	143.642
1	224.572
1	205.676
1	192.999
1	183.03
1	230.985
1	191.22
1	152.974
1	196.251
1	211.033
1	213.932
1	143.588
1	148.573
1	177.509
1	230.356
1	190.534
1	221.612
1	199.438
1	204.408
1	195.468
1	154.703
1	205.804
1	178.456
1	175.925
1	166.454
1	208.872
1	200.087
1	174.82
1	262.612
1	231.356
1	175.69
1	128.194
1	143.138
1	188.331
1	197.936
1	221.127
1	248.82
1	226.836
1	209.589
1	142.732
1	236.158
1	177.22
1	226.338
1	156.316
1	199.508
1	160.824
1	167.686
1	199.68
1	165.739
1	205.504
1	249.521
1	408.104
1	229.497
1	169.037
1	323.775
1	245.054
1	294.424
1	179.418
1	117.526
1	216.771
1	225.124
1	201.414
1	178.814
1	174.098
1	182.939
1	200.292
1	181.259
1	168.993
1	256.024
1	191.887
1	250.645
1	150.125
1	295.167
1	199.916
1	169.462
1	258.576
1	186.905
1	235.113
1	173.972
1	234.771
1	166.498
1	178.868
1	150.67
1	149.953
1	228.512
0	2.73204
1	323.59
1	265.118
1	185.854
1	144.503
1	289.9
1	156.158
1	164.913
1	174.844
1	147.77
1	265.485
1	92.5092
1	189.656
1	325.832
1	163.68
1	199.495
1	148.705
1	180.894
1	164.76
1	382.022
1	207.616
1	147.143
1	283.829
1	214.446
1	177.577
1	223.618
1	221.088
1	147.059
1	187.949
1	237.119
1	188.341
1	194.803
1	181.613
1	231.674
1	144.513
1	243.274
1	162.593
1	262.627
1	242.125
1	170.15
1	224.95
1	215.007
1	239.804
1	192.131
1	152.668
1	146.66
1	181.794
1	193.659
1	181.096
1	257.813
1	179.978
1	277.923
1	169.797
1	143.072
1	212.957
1	214.842
1	258.281
1	179.47
1	216.99
1	161.621
1	120.23
1	133.722
1	238.362
1	181.794
1	170.529
1	183.184
1	283.907
1	170.949
1	245.352
1	180.169
1	195.332
1	229.421
1	212.015
1	188.718
1	197.319
1	173.288
1	201.885
1	175.923
1	190.551
1	236.401
1	223.777
1	190.205
1	262.613
1	161.56
1	287.57
1	182.086
1	132.296
1	161.808
1	170.173
0	38.8575
1	198.426
1	202.987
1	197.001
1	196.678
1	158.611
1	219.073
1	204.915
1	285.727
1	167.147
1	227.724
1	167.288
1	183.443
1	150.152
1	118.038
1	204.513
1	216.45
1	310.668
1	163.322
1	174.329
1	155.264
1	288.288
1	293.197
1	262.68
1	189.13
1	186.166
1	215.938
1	251.974
1	182.873
1	181.536
1	164.897
1	172.339
1	212.89
1	153.063
1	247.368
1	211.033
1	223.02
1	160.689
1	172.508
1	164.11
1	158.698
1	137.594
1	155.382
1	143.299
1	289.882
1	128.952
1	221.588
1	189.61
1	175.894
1	214.71
1	253.502
1	171.002
1	223.692
1	145.789
1	132.859
1	130.494
1	246.013
1	294.633
1	199.971
1	227.306
1	205.384
1	203.925
1	204.804
1	205.035
1	169.386
1	301.053
1	256.393
1	159.337
1	136.977
1	141.801
1	203.546
1	211.444
1	137.237
1	223.809
1	261.695
1	219.956
1	133.309
0	4.9408
1	207.047
1	214.935
1	236.806
1	250.799
1	237.013
1	211.052
1	166.681
1	206.292
1	201.563
1	159.121
1	127.642
1	162.702
1	168.398
1	143.836
1	209.227
1	265.518
1	193.186
1	156.986
1	184.001
1	137.214
1	193.599
1	181.755
1	279.231
1	164.185
1	259.705
1	176.271
1	205.276
1	348.839
1	342.564
1	180.501
1	220.434
1	234.519
1	292.235
1	181.486
1	189.252
1	221.029
1	314.206
1	247.819
1	167.405
1	206.431
1	133.181
1	157.958
1	237.463
1	164.08
1	234.681
1	182.522
1	198.926
1	178.077
1	172.882
1	242.5
1	334.566
1	235.325
1	142.383
1	147.101
1	255.979
1	180.615
1	199.364
1	222.443
1	189.461
1	151.172
1	222.59
1	121.236
1	284.706
1	162.347
1	197.054
1	301.036
1	240.687
1	224.529
1	190.462
1	167.516
1	183.369
1	252.241
1	177.747
1	177.075
1	181.77
1	259.135
1	157.401
1	218.37
1	311.262
1	216.404
1	165.635
1	246.486
1	187.355
1	262.635
1	266.223
1	183.882
1	199.771
1	144.504
1	301.738
1	227.352
1	170.623
1	186.652
1	219.549
1	218.556
1	171.402
1	208.394
1	191.004
1	247.132
1	155.343
1	176.38
1	219.454
1	208.097
1	224.07
1	214.513
1	179.1
1	239.568
1	157.765
1	283.484
1	217.766
1	287.562
1	212.381
1	285.448
1	176.549
1	270.212
1	180.24
1	276.59
1	248.223
1	209.25
1	275.953
1	198.289
1	471.458
1	135.863
1	190.876
1	360.937
1	322.693
1	207.397
1	259.798
1	206.842
1	281.509
1	170.176
1	173.096
1	219.496
1	162.04
1	186.046
1	228.505
1	225.83
1	219.033
1	246.764
1	221.927
1	204.237
1	275.123
1	316.879
1	134.291
1	229.705
1	134.328
1	182.814
1	248.621
1	214.763
1	335.537
1	206.379
1	201.174
1	247.517
1	200.461
1	249.888
1	219.031
1	176.777
1	162.285
1	180.168
1	158.535
1	138.67
1	253.093
1	338.079
1	174.68
1	283.899
1	153.763
1	142.548
1	240.438
1	207.826
1	189.824
1	176.244
1	153.149
1	212.791
1	208.016
1	118.555
1	195.585
1	159.146
1	223.304
1	136.906
1	216.795
1	154.368
1	267.352
1	237.93
1	161.843
1	223.289
1	192.758
1	283.727
1	161.562
1	275.136
1	173.204
1	151.557
1	170.543
1	204.324
1	272.276
1	187.018
1	312.949
1	192.242
1	217.57
1	170.909
1	258.524
1	289.791
1	184.977
1	258.656
1	209.879
1	207.56
1	216.25
1	112.318
1	147.229
1	113.554
1	211.653
1	189.983
1	245.237
1	292.789
1	188.471
1	146.176
1	270.006
1	191.761
1	289.118
1	213.95
1	178.324
1	144.344
1	180.683
1	152.087
1	207.772
1	145.567
1	171.552
1	161.241
1	138.117
1	150.427
1	155.728
1	290.692
1	228.164
1	156.615
1	211.349
1	137.529
1	180.948
1	173.353
1	166.654
1	267.052
1	201.09
1	160.77
1	206.652
1	235.962
1	211.315
1	145.575
1	245.591
1	217.171
1	164.397
1	185.01
1	163.133
1	219.463
1	163.13
1	147.679
1	216.323
1	271.131
1	191.999
1	176.719
1	232.243
1	255.769
1	270.915
1	261.841
1	214.872
1	169.143
1	164.433
1	231.131
1	213.824
1	129.339
1	273.869
1	135.034
1	195.056
1	155.371
1	274.774
1	244.013
1	292.122
1	162.8
1	284.511
1	209.072
1	190.213
1	230.011
1	158.294
1	228.522
1	222.421
1	371.184
1	197.329
1	195.366
1	279.284
1	315.551
1	201.794
1	209.644
1	132.017
1	245.789
1	213.228
1	172.434
1	240.482
1	162.495
1	161.042
1	163.782
1	267.768
1	164.922
1	221.412
1	205.516
1	378.226
1	201.64
1	244.752
1	175.971
1	153.283
1	293.738
1	140.482
1	181.223
1	153.196
1	186.597
1	168.779
1	176.151
1	238.441
1	215.651
1	144.785
1	161.646
1	181.284
1	160.944
1	201.244
1	133.189
1	183.978
1	175.345
1	321.267
1	205.376
1	168.25
1	228.968
1	177.212
1	200.554
1	149.458
1	167.765
1	193.567
1	169.603
1	259.012
1	301.779
1	216.979
1	216.053
1	192.451
1	169.182
1	193.975
1	234.964
1	341.672
1	152.853
1	179.037
1	201.685
1	115.733
1	253.437
1	162.162
1	175.742
1	171.03
1	184.764
1	113.141
1	181.975
1	164.672
1	362.22
0	30.087
1	320.672
1	122.758
1	137.711
1	200.734
1	177.331
1	197.559
1	195.267
1	227.59
1	160.198
1	249.626
1	207.817
1	216.91
1	254.686
1	203.932
1	242.888
1	227.583
1	151.26
1	246.308
1	214.982
1	188.711
1	180.932
1	188.005
1	226.49
1	128.113
1	227.989
1	197.895
1	158.114
1	391.484
1	193.853
1	160.246
1	241.451
1	265.117
1	235.226
1	159.284
1	179.969
1	252.68
1	204.64
1	149.734
1	187.456
1	189
1	149.033
1	261.48
1	173.296
1	250.008
1	115.718
1	250.955
1	219.317
1	155.471
1	214.358
1	125.238
1	225.416
1	192.274
1	167.703
1	271.037
1	189.142
1	176.255
1	209.152
1	196.328
1	185.995
1	216.066
1	159.716
1	147.83
1	257.324
1	173.644
1	223.866
1	152.524
1	161.568
1	207.377
1	243.557
1	172.845
1	278.801
1	200.629
1	193.54
1	154.257
1	218.086
1	174.019
1	229.21
1	253.402
1	200.169
1	171.793
1	206.013
1	266.416
1	135.114
1	167.406
1	213.298
1	206.475
1	208.215
1	153.712
1	328.665
1	144.956
0	85.4948
1	199.139
1	122.545
1	216.422
1	210.822
1	168.188
1	208.528
1	275.003
1	201.036
1	171.36
1	215.194
1	220.765
1	201.2
1	192.032
1	134.787
1	129.112
1	225.527
1	157.723
1	133.09
1	165.581
1	129.558
1	161.561
1	154.634
1	197.116
1	231.939
1	310.264
1	169.696
1	291.776
1	220.628
1	321.921
1	191.406
1	207.036
1	258.679
1	156.824
1	164.847
1	255.609
1	209.852
1	180.546
1	147.485
1	149.135
1	201.512
1	185.095
1	199.444
1	181.221
1	163.066
1	147.426
1	241.227
1	348.76
1	117.843
1	174.366
1	218.565
1	189.633
1	142.207
1	233.449
1	247.515
1	175.281
1	182.465
1	201.084
1	244.761
1	192.522
1	228.778
1	174.593
1	317.366
1	189.11
1	173.693
0	49.6424
1	186.301
1	330.31
1	238.75
1	190.32
1	197.551
1	283.197
1	207.343
1	138.361
1	145.736
1	219.874
1	169.463
1	195.163
1	158.456
1	138.545
1	181.557
1	217.175
1	167.621
1	206.902
1	143.082
1	295.654
1	159.87
1	219.218
1	249.23
1	154.086
1	229.995
1	183.161
1	231.403
1	216.332
1	207.781
1	188.617
1	147.837
1	219.909
1	142.739
1	231.854
1	213.647
1	163.811
1	161.985
1	160.473
1	147.045
1	211.375
1	160.52
1	229.479
1	174.361
1	253.798
1	168.307
1	217.063
1	141.123
1	267.998
1	189.755
1	172.2
1	148.161
1	133.021
1	328.32
1	164.64
1	180
1	217.11
1	222.208
1	188.22
1	175.605
1	230.234
1	303.722
1	166.612
1	159.024
1	173.892
1	216.254
1	168.827
1	234.588
1	221.082
1	406.057
1	222.719
1	244.848
1	184.501
1	142.255
1	157.79
1	169.062
1	273.931
1	190.283
1	182.397
1	185.779
1	333.694
1	259.143
1	134.428
1	245.556
1	148.738
1	211.056
1	233.016
1	190.628
1	196.165
1	190.618
1	221.573
1	209.317
1	243.064
1	172.89
1	220.085
1	175.254
1	269.817
1	192.521
1	215.733
1	201.152
1	231.443
1	172.891
1	297.245
1	148.803
1	185.109
1	279.026
1	231.349
1	220.596
1	177.923
1	162.547
1	300.967
1	342.37
1	210.049
1	183.528
1	180.74
1	270.804
1	187.074
1	246.63
1	177.26
1	200.293
1	219.467
1	186.324
1	198.241
1	213.637
1	218.021
1	231.823
1	190.019
1	157.224
1	199.422
1	162.192
1	235.378
1	257.289
1	176.066
1	253.744
1	208.535
1	273.405
1	168.96
1	210.922
1	223.556
1	167.336
1	243.63
1	189.786
1	304.653
1	208.084
1	192.868
1	186.522
1	235.952
1	194.872
1	119.45
1	157.204
1	176.258
1	305.722
1	294.41
1	123.183
1	224.412
1	173.728
1	195.198
1	133.716
1	246.207
1	234.099
1	228.519
1	274.584
1	143.399
1	177.925
1	201.814
1	199.29
1	179.215
1	211.077
1	251.859
1	178.636
1	130.625
1	191.784
1	129.649
1	234.55
1	208.696
1	182.857
1	217.058
1	179.739
1	166.215
1	163.728
1	231.981
1	213.188
1	183.806
1	217.886
1	176.662
1	227.515
1	143.561
1	200.861
1	160.793
1	151.861
1	181.079
1	202.499
1	216.389
1	252.933
1	174.411
1	216.172
1	234.839
1	257.299
1	145.299
1	182.959
1	237.667
1	143.657
1	213.944
1	353.218
1	167.859
1	196.746
1	160.374
1	251.114
1	200.231
1	156.807
1	172.366
1	159.79
1	226.323
1	182.382
1	276.287
1	246.808
1	142.111
1	282.047
1	194.122
1	163.148
1	177.183
1	151.675
1	210.577
1	199.796
1	297.753
1	154.666
1	247.719
1	214.797
1	230.483
1	189.69
1	272.209
1	170.465
1	163.857
1	225.191
1	182.883
1	240.322
1	145.263
1	263.097
1	308.176
1	189.793
1	124.201
1	164.094
1	224.032
1	262.293
1	143.572
1	137.435
1	180.101
1	192.837
1	283.864
1	195.155
1	155.94
1	177.337
1	186.489
1	169.366
1	188.944
1	138.082
1	289.158
1	203.067
1	183.438
1	156.866
1	168.84
1	176.519
1	148.446
1	266.984
1	225.719
1	198.235
1	129.673
1	272.409
1	193.511
1	188.447
1	231.756
1	214.736
1	177.456
1	169.119
1	181.36
1	186.953
1	198.894
1	219.84
1	218.591
1	156.525
1	264.323
1	250.837
1	208.03
1	160.638
1	182.878
1	155.891
1	157.888
1	149.833
1	187.516
1	192.382
1	257.621
1	309.998
1	174.799
1	293.314
1	129.817
1	195.173
1	159.56
1	209.386
1	214.108
1	163.956
1	209.602
1	198.441
1	207.228
1	182.429
1	185.22
1	148.179
1	223.642
1	151.439
1	216.066
1	161.382
1	183.705
1	134.902
1	275.585
1	218.506
1	214.926
1	323.366
0	27.9473
1	331.639
1	233.186
1	272.649
1	284.804
1	185.925
1	173.775
1	190.155
1	221.914
1	160.348
1	184.293
1	185.671
1	204.569
1	166.182
1	201.736
1	262.453
1	177.699
1	189.263
1	193.045
1	237.271
1	182.019
1	160.963
1	265.589
1	188.554
1	267.717
1	251.873
1	158.319
1	166.623
1	169.104
1	166.193
1	188.042
1	188.146
1	128.38
1	212.803
1	213.285
1	296.059
1	156.609
1	137.961
1	223.553
1	272.129
1	192.221
1	227.39
1	209.257
1	169.457
1	179.021
1	324.201
1	199.45
1	154.108
1	182.514
1	164.149
1	248.635
1	295.006
1	301.263
1	162.749
1	248.618
1	193.505
1	190.755
1	157.079
1	133.599
1	189.703
1	237.118
1	200.792
1	143.256
1	217.515
0	21.5332
1	265.996
1	180.91
1	205.413
1	181.227
1	155.634
1	169.333
1	226.83
1	159.063
1	145.051
1	203.162
1	148.654
1	138.652
1	135.646
1	163.503
1	219.042
1	189.328
1	211.669
1	146.543
1	227.496
1	132.372
1	246.345
1	262.806
1	262.193
1	225.216
1	146.998
1	221.914
1	245.829
1	182.375
1	187.391
1	141.155
1	258.619
1	191.512
1	152.557
1	182.774
1	137.52
1	263.423
1	217.301
1	235.2
1	188.4
1	170.572
1	249.059
1	203.265
1	227.068
1	236.616
1	212.478
1	196.623
1	306.247
1	207.599
1	206.903
1	209.728
1	168.523
1	190.838
1	210.553
1	257.694
1	207.428
1	204.182
1	232.464
1	175.357
1	244.689
1	225.224
1	218.617
1	249.61
1	177.543
1	239.755
1	181.069
1	189.778
1	148.204
1	144.688
1	226.042
1	198.162
1	214.751
1	181.851
1	221.749
1	275.167
1	187.474
1	230.834
1	184.394
1	262.546
1	209.85
1	210.97
1	171.67
1	177.524
1	224.705
1	191.884
1	206.175
1	201.44
1	224.081
1	180.136
1	210.433
1	204.045
1	220.673
1	117.405
1	233.58
1	258.631
1	167.135
1	143.246
1	200.326
1	207.027
1	227.44
1	239.449
1	217.951
1	173.352
1	214.247
1	169.692
1	245.664
1	208.692
1	212.221
1	157.232
1	220.423
1	223.581
1	146.15
1	225.194
1	216.554
1	246.994
1	155.605
1	269.94
1	175.747
1	349.176
1	229.076
1	199.45
1	151.616
1	155.544
1	198.823
1	194.665
1	175.034
1	195.49
1	261.041
1	208.52
1	235.921
1	235.409
1	267.011
1	132.644
1	200.29
1	156.625
1	156.495
1	283.185
1	179.847
1	151.335
1	196.713
1	172.756
1	185.812
1	322.09
1	197.662
1	201.414
1	145.517
1	163.288
1	175.528
1	208.563
1	260.626
1	205.786
1	222.571
1	214.416
1	153.191
1	253.904
1	275.109
1	279.941
1	187.836
1	202.302
1	272.615
1	201.672
1	419.243
1	216.046
1	234.165
1	163.334
1	127.443
1	227.453
1	266.959
1	231.613
1	282.857
1	170.124
1	161.119
1	246.535
1	232.058
1	161.209
1	206.681
1	145.478
1	223.69
1	201.37
1	251.36
1	214.52
1	164.725
1	170.987
1	357.3
1	201.898
1	250.927
1	151.823
1	219.507
1	228.931
1	184.427
1	165.994
1	222.082
1	240.755
1	213.77
1	207.66
1	147.284
1	221.963
1	142.097
1	204.843
1	155.725
1	176.603
1	285.024
1	143.682
1	162.424
1	260.518
1	200.031
1	152.802
1	276.728
1	178.549
1	214.99
1	206.826
1	136.342
1	163.809
1	153.688
1	208.881
1	86.4173
1	321.951
1	157.307
1	327.074
1	178.166
1	175.43
1	243.571
1	236.393
1	214.065
1	172.457
1	244.118
1	149.872
1	187.535
1	190.463
1	280.864
1	133.099
1	222.966
1	212.385
1	193.855
1	258.888
1	177.411
1	219.738
1	188.21
1	217.944
1	299.76
1	258.485
1	118.994
1	207.019
1	192.623
1	222.306
1	366.636
1	178.466
1	191.805
1	219.444
1	175.296
1	209.195
1	211.29
1	202.609
1	190.407
1	140.689
1	195.343
1	233.478
1	191.567
1	177.688
1	170.637
1	156.146
1	149.39
1	196.633
1	192.896
1	235.785
1	170.969
1	219.724
1	168.228
1	187.36
1	181.746
1	155.745
0	41.1418
1	217.296
1	265.637
0	65.7583
1	173.011
1	168.079
1	113.237
1	206.96
1	146.426
1	153.995
1	172.809
1	373.391
1	207.676
1	181.526
1	166.077
1	184.102
1	164.573
1	200.402
1	206.477
1	179.353
1	224.941
1	161.975
1	180.291
1	158.675
1	137.723
1	177.743
1	212.996
1	256.413
1	207.09
1	188.829
1	141.04
1	177.876
1	323.72
1	192.02
1	141.521
1	164.854
1	199.896
1	166.977
1	153.361
1	211.743
1	303.795
1	137.191
1	190.342
1	334.002
1	191.271
1	213.838
1	235.97
1	175.927
1	138.051
1	138.681
1	152.382
1	328.224
1	132.03
1	149.7
1	174.858
1	225.034
1	210.859
1	127.576
1	223.331
0	22.0384
1	170.268
1	150.705
1	229.885
1	228.561
1	282.635
1	216.059
1	184.668
1	222.897
1	257.451
1	260.09
1	206.554
1	182.518
1	167.731
1	206.991
1	269.899
1	188.72
1	210.452
1	137.442
1	229.093
1	142.489
1	242.043
1	156.109
1	196.767
1	220.563
1	181.056
1	154.665
1	195.099
1	238.046
1	233.702
1	200.047
1	157.567
1	153.323
1	123.42
1	223.839
1	139.105
1	191.48
1	169.161
1	188.195
1	192.465
1	168.908
1	370.501
1	131.389
1	155.495
1	148.074
1	237.632
1	165.602
1	204.763
1	141.404
1	199.701
1	166.249
1	236.29
1	188.015
1	228.864
1	141.168
1	189.784
1	157.512
1	219.956
1	158.519
1	194.686
1	184.776
1	246.087
1	255.949
1	170.693
1	159.546
1	177.623
1	164.092
0	16.5504
1	231.087
1	159.89
1	273.592
1	134.544
1	149.724
1	173.876
1	203.681
1	149.814
1	304.435
1	134.366
1	222.523
1	219.222
1	200.886
1	161.005
1	234.613
1	176.326
1	173.919
1	252.138
1	154.863
1	237.572
1	176.746
1	138.563
1	228.965
1	154.713
1	174.213
1	287
1	170.628
1	219.401
1	279.484
1	187.767
1	167.171
1	252.61
1	182.187
1	214.323
1	224.06
1	182.873
1	156.747
1	134.584
1	243.348
1	198.407
1	216.405
1	167.253
1	201.257
1	175.655
1	201.452
1	146.747
1	257.596
1	292.847
1	136.093
1	143.446
1	181.694
1	256.593
1	168.013
1	173.067
1	223.227
1	249.348
1	196.108
1	161.325
1	198.236
1	220.499
1	270.538
1	259.584
1	181.072
1	190.061
1	199.708
0	26.664
1	201.515
1	210.793
1	236.644
1	167.282
1	148.47
1	223.089
1	217.391
1	201.285
1	289.736
1	312.97
1	263.205
1	230.632
1	215.127
1	186.807
1	193.708
1	170.511
1	172.218
1	146.693
1	162.064
1	139.752
1	234.618
1	157.575
1	308.374
1	239.547
1	142.734
1	210.943
1	239.27
1	186.08
1	160.536
1	216.432
1	181.058
1	210.372
1	176.251
1	199.422
1	229.641
1	243.512
1	217.003
1	217.865
1	217.643
1	248.913
1	198.886
1	221.798
1	140.179
1	216.607
1	288.253
1	188.565
1	165.237
1	220.714
1	233.908
1	194.71
1	141.851
1	277.602
1	238.696
1	248.72
1	130.651
1	234.348
1	347.999
1	215.36
1	209.469
1	239.893
1	187.056
1	179.439
1	139.537
1	149.431
1	246.239
1	216.439
1	250.618
1	223.653
1	141.767
1	163.754
1	204.685
1	150.051
1	231.357
1	207.031
1	161.304
1	305.604
1	146.716
1	178.402
1	172.945
1	201.505
1	269.164
1	149.636
1	189.388
1	213.184
1	131.412
1	157.72
1	241.121
1	156.313
1	174.253
1	206.274
1	204.427
1	213.541
1	286.614
1	151.665
1	217.376
1	230.744
1	229.245
1	143.695
1	251.76
1	236.264
1	176.867
1	149.322
1	194.503
1	222.934
1	205.272
1	265.845
1	177.265
1	173.813
1	243.691
1	122.803
1	237.525
1	203.575
1	287.4
1	154.443
1	214.714
1	159.929
1	161.768
1	176.74
1	211.445
1	205.839
1	214.97
1	204.423
1	194.841
1	181.493
1	190.072
1	138.038
1	201.795
1	165.912
1	125.58
1	135.834
1	244.849
1	140.041
1	147.659
1	229.054
1	184.651
1	186.826
1	123.658
1	173.204
1	183.959
1	193.726
1	257.443
1	209.81
1	181.016
1	219.45
1	129.713
1	141.976
1	138.843
1	195.51
1	125.172
1	157.601
1	150.682
1	248.492
1	192.121
1	246.088
1	311.845
1	230.499
1	156.261
1	140.181
1	176.608
1	225.632
1	187.454
1	208.241
1	209.952
1	193.938
1	168.479
1	147.987
1	217.311
1	258.688
1	291.806
1	154.058
1	241.187
1	186.673
1	253.125
1	159.379
1	165.826
1	210.252
1	266.133
1	299.545
1	332.07
1	158.316
1	173.971
1	273.255
1	159.885
1	175.131
1	241.138
1	209.317
1	208.996
1	229.184
1	162.309
1	268.345
1	141.615
1	187.348
1	173.625
1	214.443
1	160.415
1	258.571
1	383.497
1	129.584
1	218.375
1	161.24
1	188.036
1	234.484
1	112.618
1	165.832
1	151.95
1	164.149
1	217.592
1	350.062
1	223.908
1	182.428
1	241.237
1	210.822
1	179.209
1	243.378
1	189.185
1	187.1
1	165.899
1	170.038
1	183.507
1	149.99
1	246.788
1	207.434
1	154.833
1	180.443
1	129.562
0	13.5429
1	151.078
1	183.573
1	248.33
1	330.576
1	134.674
1	184.814
1	181.625
1	188.651
1	152.883
1	162.797
1	145.141
1	260.719
1	190.156
1	226.982
1	199.935
1	170.645
1	232.603
1	217.026
1	102.232
1	282.773
1	184.271
1	247.743
1	207.887
1	225.964
1	169.682
1	142.56
1	285.118
1	199.94
1	227.154
1	148.455
1	181.926
1	142.299
1	356.366
1	152.983
1	224.696
1	139.481
1	174.713
1	249.443
1	219.816
1	189.501
1	245.118
1	171.429
1	117.236
1	134.226
1	175.97
1	160.182
1	159.748
1	156.354
1	198.396
1	207.002
1	387.696
1	165.323
1	217.222
1	179.02
1	217.782
1	158.866
1	191.473
1	203.299
1	176.479
1	200.723
1	145.52
1	183.719
1	268.409
1	175.618
1	195.497
1	184.048
1	173.832
1	301.907
1	334.693
1	238.556
1	156.445
1	237.017
1	204.11
1	256.127
1	171.549
1	215.002
1	177.673
1	193.272
1	146.087
1	205.389
1	302.635
1	270.001
1	213.939
1	216.686
1	206.096
1	209.701
1	186.917
1	191.489
1	191.626
1	334.521
1	180.493
1	242.685
1	376.082
1	217.581
1	185.774
1	212.878
1	174.541
1	295.346
1	171.183
1	174.51
1	175.519
1	224.866
1	331.89
1	210.116
1	197.428
1	277.496
1	195.879
1	179.49
1	224.673
1	257.89
1	186.189
1	270.882
1	141.33
1	209.798
1	149.065
1	243.256
1	240.144
1	216.805
1	255.193
1	160.523
1	261.011
1	173.288
1	151.774
1	181.324
0	172.208
1	209.325
1	161.196
1	230.782
1	294.667
1	256.174
1	179.7
1	206.161
1	215.304
1	212.37
1	280.446
1	180.3
1	199.848
1	184.615
1	161.117
1	146.605
1	289.837
1	189.92
1	145.428
1	153.711
1	153.672
1	133.743
1	167.426
1	173.367
1	147.214
1	189.898
1	161.182
1	228.084
1	256.296
1	172.91
1	110.826
1	207.3
1	139.215
1	143.799
1	126.648
1	226.61
1	155.661
1	186.075
1	416.037
1	210.871
1	178.851
1	279.61
1	142.985
1	224.591
1	189.723
1	230.266
1	155.375
1	133.286
1	183.306
1	308.14
1	201.561
1	139.356
1	183.048
1	149.322
1	325.81
1	171.511
1	237.319
1	248.687
1	145.139
1	168.729
1	171.738
1	289.277
1	218.873
1	193.099
1	196.885
1	147.898
1	119.55
1	138.424
1	129.163
1	178.596
1	278.112
1	211.426
1	226.216
1	197.569
1	166.514
1	179.897
1	205.555
1	214.214
1	187.97
1	162.111
1	238.985
1	214.801
1	174.457
0	14.5618
0	6.22759
1	147.032
1	191.609
1	249.199
1	206.724
1	185.694
1	365.374
1	204.141
1	223.185
1	190.926
1	257.865
1	209.833
1	154.115
1	215.64
1	201.687
1	179.176
1	304.168
1	171.69
1	180.284
1	164.597
1	211.283
1	187.628
1	150.112
1	206.963
1	196.639
1	254.94
1	184.497
1	338.546
1	303.306
1	249.827
1	175.152
1	177.535
1	273.688
1	179.266
1	221.826
1	283.85
1	243.933
1	181.812
1	185.116
1	219.522
1	210.855
1	191.496
1	163.694
1	184.532
1	197.14
1	219.68
1	184.334
1	299.719
1	253.053
1	293.003
1	224.787
1	247.661
1	259.104
1	159.216
1	185.035
1	162.229
1	235.585
1	173.108
1	247.282
1	219.31
1	235.933
1	180.968
1	185.006
1	220.09
1	252.797
1	124.49
1	192.384
0	38.1049
1	188.296
1	166.465
1	238.223
1	197.285
1	195.501
1	194.134
1	160.375
1	217.892
1	136.526
1	232.238
1	261.791
1	277.332
1	181.73
1	121.166
1	169.67
1	225.052
1	177.922
1	238.497
1	155.4
1	259.692
1	195.586
1	230.064
1	195.278
1	191.534
1	189.187
1	191.979
1	181.494
1	285.416
1	298.251
1	237.427
1	173.053
1	195.027
1	186.927
1	158.298
1	185.146
1	250.524
1	334.934
1	220.42
1	216.916
1	125.619
1	187.206
1	114.364
1	144.899
1	239.51
1	237.228
0	59.555
1	174.55
1	151.055
1	211.572
1	223.783
1	148.778
1	151.757
1	199.154
1	171.51
1	177.49
1	176.501
1	253.82
1	216.936
1	207.911
1	189.727
1	177.594
1	179.302
1	183.805
1	270.604
1	236.352
1	215.217
1	292.508
1	224.152
1	184.437
1	247.041
1	215.812
1	139.186
1	242.22
1	202.271
1	187.563
1	214.229
1	220.928
1	180.062
1	208.774
1	145.336
1	186.727
1	226.125
1	212.952
1	223.579
1	148.489
1	261.902
1	190.829
1	171.873
1	187.558
1	209.702
1	233.357
1	286.703
1	214.296
1	147.632
1	170.262
1	215.302
1	203.099
1	191.11
1	177.7
1	154.811
1	139.878
1	134.842
1	183.577
1	259.638
1	186.079
1	189.066
1	213.429
1	277.25
1	152.508
1	192.153
1	231.686
1	220.977
1	130.757
1	226.61
1	278.784
1	159.493
1	164.255
1	161.007
1	245.299
1	201.021
1	232.398
1	221.892
1	194.736
1	244.043
1	156.373
1	150.513
1	182.827
1	192.923
1	217.666
1	162.716
1	159.837
1	250.015
1	295.223
1	184.715
1	308.464
1	247.086
1	134.034
1	165.339
1	177.427
1	201.378
1	180.535
1	119.321
1	238.2
1	162.069
1	198.545
1	195.356
1	231.543
1	236.178
1	288.791
1	193.151
1	202.831
1	218.938
1	185.548
1	215.439
1	162.869
1	142.448
1	176.729
1	255.563
1	199.578
1	165.596
1	188.806
1	149.826
1	218.734
1	208.63
1	239.632
1	261.046
1	263.206
1	174.907
1	154.993
1	180.958
1	204.746
1	223.032
1	188.903
1	207.295
1	192.54
1	219.649
1	115.579
1	157.219
1	267.216
1	218.662
1	241.957
1	234.752
1	279.27
1	229.906
1	173.545
1	270.011
1	179.609
1	442.368
1	205.682
1	258.101
1	199.486
1	189.532
1	198.438
1	276.137
1	211.484
1	260.894
1	183.269
1	206.999
1	193.082
1	232.579
1	189.84
1	164.448
1	186.254
1	233.85
1	164.927
1	243.452
1	252.326
1	174.767
1	273.382
1	167.62
1	270.488
1	233.969
1	151.68
1	251.119
1	135.703
0	38.7578
1	192.813
1	186.996
1	276.267
1	138.532
1	180.562
1	194.902
1	285.251
1	213.338
1	333.277
1	163.084
1	181.54
1	211.945
1	180.564
1	169.37
1	239.79
1	174.81
1	174.609
1	137.479
1	193.971
1	230.891
1	185.514
1	140.75
1	295.473
1	218.63
1	168.194
1	206.3
1	213.876
1	304.314
1	204.547
1	153.054
1	174.598
1	230.323
1	183.304
1	199.151
1	169.621
1	224.366
1	225.569
1	227.529
1	259.047
1	182.396
1	156.193
1	202.863
1	175.374
1	188.398
1	332.452
1	214.905
1	305.082
1	204.911
1	234.753
1	251.547
1	238.016
1	160.584
1	140.876
1	196.761
1	208.786
1	164.775
1	149.995
1	229.206
1	155.892
1	150.77
1	138.398
1	201.4
1	173.699
1	241.163
1	168.564
1	180.55
1	249.336
1	205.606
1	169.274
1	154.699
1	223.044
1	268.532
1	169.865
1	222.482
1	195.78
1	190.392
1	184.994
1	205.265
1	147.899
1	197.383
1	216.129
1	197.416
1	160.721
1	196.803
1	260.819
1	177.078
1	238.446
1	266.14
1	186.309
1	207.087
1	162.695
1	195.659
1	173.236
1	303.557
1	184.324
1	202.288
1	308.733
1	228.588
1	187.653
1	210.41
1	174.176
1	203.558
1	162.532
1	136.559
1	188.552
1	230.178
1	183.209
1	157.262
1	164.354
1	193.268
1	288.271
1	174.394
1	187.132
1	190.223
1	197.076
1	255.617
1	255.73
1	166.736
1	322.306
1	265.417
1	167.724
1	239.214
1	260.016
1	197.131
1	143.1
1	177.609
1	165.507
1	164.513
0	41.5559
1	196.782
1	183.485
1	162.927
1	164.428
1	187.587
1	277.345
1	312.199
1	188.183
1	236.337
1	143.656
1	170.871
1	350.215
1	208.488
1	211.779
1	297.07
1	208.031
1	200.526
1	301.072
0	42.3922
1	186.955
1	204.803
1	196.044
1	127.222
1	265.205
1	168.199
1	156.552
1	161.206
1	200.219
1	143.786
1	134.2
1	196.466
1	297.28
1	157.434
1	198.445
1	149.659
1	130.793
1	249.352
1	246.199
1	308.383
1	143.648
1	192.41
1	178.098
1	196.89
1	198.43
1	196.691
1	179.951
1	215.032
1	183.713
1	229.117
1	157.718
1	296.178
1	266.045
1	224.713
1	266.923
1	212.573
1	197.549
1	206.069
1	245.245
1	161.608
1	226.298
1	121.372
1	164.94
1	159.365
1	198.201
1	192.1
1	234.318
1	232.145
1	252.386
1	120.472
1	189.667
1	206.405
1	117.622
1	147.025
1	164.366
1	168.791
1	248.146
1	211.933
1	167.622
1	233.836
1	170.87
1	215.01
1	217.21
1	173.433
1	314.702
1	238.092
1	165.092
1	125.11
1	186.258
1	210.502
1	221.101
1	154.122
1	196.647
1	270.56
1	184.676
1	257.26
1	215.923
1	173.68
1	168.574
1	458.118
1	329.998
1	141.659
1	240.326
1	243.561
1	140.108
1	166.516
1	218.2
1	166.046
1	364.745
1	171.752
1	143.878
1	249.214
1	154.676
1	208.648
1	288.56
1	309.596
1	303.279
1	208.693
1	211.097
1	316.017
1	172.18
1	178.834
1	214.509
1	190.205
1	226.192
1	186.35
1	321.307
1	162.164
1	169.931
1	217.578
1	170.006
1	192.646
1	203.81
1	280.089
1	203.777
1	214.51
1	200.206
1	297.408
1	257.756
1	229.029
1	176.393
1	172.636
1	221.799
1	150.23
1	144.568
1	358.468
1	170.709
1	160.811
1	182.104
1	197.212
1	206.279
1	174.461
1	140.713
1	223.13
1	271.094
1	148.653
1	226.12
1	386.059
1	242.306
1	169.672
1	203.231
1	197.589
1	279.591
1	165.244
1	207.14
1	218.822
1	248.748
1	239.278
1	186.445
1	177.784
1	158.308
1	294.697
1	305.805
1	279.645
1	229.608
1	219.859
1	390.376
1	263.789
1	178.918
1	202.44
1	179.368
1	254.533
1	204.753
1	225.007
1	174.622
1	197.225
1	217.109
1	172.107
1	144.475
1	165.053
1	202.761
1	222.799
1	231.657
1	146.988
1	306.747
1	173.979
1	178.961
1	220.282
1	149.267
1	194.785
1	181.974
1	167.738
1	224.071
1	175.855
1	309.249
1	177.225
1	177.45
1	234.113
1	249.275
1	292.84
1	216.371
1	149.894
1	208.621
1	128.694
1	152.2
1	347.792
1	255.622
1	126.423
1	210.751
1	167.327
1	172.876
1	244.497
1	213.962
1	162.863
1	243.846
1	190.178
1	215.778
1	419.641
1	154.12
1	192.666
1	306.71
1	177.473
1	215.036
1	211.525
1	155.974
1	234.823
1	250.881
1	225.717
1	186.651
1	210.435
1	224.956
1	235.981
1	195.327
1	265.472
1	215.425
1	228.889
1	187.925
1	144.858
1	221.513
1	101.805
1	164.589
1	164.177
1	240.765
1	227.442
1	193.971
1	145.567
1	145.018
1	201.869
1	175.843
1	226.712
1	246.926
1	156.584
1	224.43
1	186.211
1	180.249
1	196.598
1	231.822
1	163.219
1	125.898
1	225.751
1	223.32
1	268.818
1	161.041
1	161.895
1	107.653
1	243.199
1	203.142
1	213.701
1	157.47
1	232.215
1	218.158
1	154.387
1	228.289
1	204.043
1	209.064
1	134.792
1	208.806
1	181.095
1	254.911
1	261.824
1	210.019
1	179.591
1	145.761
1	204.457
1	184.683
0	84.1574
1	177.135
1	156.386
1	147.418
0	0.544669
1	167.702
1	442.277
1	201.756
1	220.835
1	218.279
0	27.5197
1	201.625
1	159.597
1	246.545
1	229.494
1	171.98
1	241.08
1	174.181
1	219.866
1	197.022
1	223.292
1	174.458
1	205.652
1	318.159
1	190.079
1	186.337
1	176.519
1	200.648
1	156.372
1	229.717
1	247.718
1	140.059
1	237.399
1	242.592
1	159.381
1	165.768
1	145.417
1	189.365
1	168.754
1	157.603
1	153.634
1	194.786
1	166.742
1	228.879
1	250.87
1	169.664
1	259.809
1	210.104
1	217.568
1	186.486
1	181.713
1	272.226
1	177.875
1	296.548
1	235.729
1	191.572
1	153.435
1	163.424
1	239.094
1	198.067
1	313.765
1	216.421
1	199.001
1	158.378
1	219.05
1	218.831
1	145.288
1	226.866
1	174.179
1	227.406
1	125.783
1	212.926
1	120.424
1	197.035
1	207.321
1	193.767
1	211.335
1	152.852
1	170.106
1	167.617
1	144.366
1	141.226
1	174.134
1	183.888
1	221.694
1	176.575
1	294.541
1	222.1
1	288.672
1	212.2
1	224.356
1	161.806
1	232.312
1	288.338
0	17.5665
1	142.78
1	266.591
1	167.376
1	218.701
1	173.565
1	148.941
1	184.83
1	178.929
1	179.564
1	236.813
1	176.428
1	157.714
1	224.679
1	187.762
1	207.856
1	225.642
1	181.394
1	139.995
1	185.316
1	354.176
1	145.129
1	195.773
1	137.213
1	181.346
1	151.586
1	161.616
1	306.247
1	183.319
1	254.886
1	279.178
1	182.188
1	156.127
1	142.652
1	182.177
1	174.438
1	224.224
1	192.816
1	276.804
1	176.34
1	189.513
1	147.912
1	121.035
1	226.825
1	196.525
1	203.153
1	189.135
1	167.107
1	198.251
1	326.018
1	165.978
1	204.355
1	143.825
1	189.356
1	166.001
1	184.029
1	259.755
1	203.655
1	164.061
1	160.722
1	232.516
1	166.55
1	182.683
1	249.896
1	204.458
1	172.273
1	155.942
1	183.514
1	170.941
1	171.514
1	147.566
1	219.054
1	231.499
1	188.175
1	311.807
1	207.373
1	157.134
1	259.9
1	278.482
1	249.551
1	177.101
1	228.383
1	281.372
1	159.819
1	254.152
1	190.67
1	175.092
1	223.879
1	302.834
1	212.96
1	186.547
1	172.307
1	201.363
1	150.801
1	151.502
1	213.724
1	237.214
1	193.125
1	209.475
1	202.527
1	156.509
1	207.543
1	162.028
1	197.941
1	250.488
1	204.578
1	170.298
1	167.619
1	152.7
1	154.057
1	251.508
1	166.312
1	156.864
1	153.16
1	218.723
1	265.717
1	261.846
1	179.607
1	214.84
1	106.038
1	208.103
1	169.525
1	173.549
1	209.017
1	292.79
1	131.327
1	182.83
1	179.789
1	189.268
1	235.953
1	198.641
1	237.616
1	258.703
1	213.321
1	218.635
1	261.614
1	193.389
1	289.867
1	178.57
1	166.236
1	218.096
1	208.837
1	152.883
1	188.738
1	185.836
1	199.613
1	332.776
1	151.82
1	266.438
1	286.951
1	141.8
1	196.585
1	160.797
1	147.787
1	157.082
1	264.97
1	126.064
1	227.162
0	0.700194
1	153.997
1	136.693
1	192.317
1	230.279
1	182.855
1	261.349
1	182.914
1	123.478
1	169.106
1	213.961
1	192.996
1	225.589
1	255.337
1	180.477
1	185.427
1	190.914
1	199.823
1	162.502
1	162.799
1	260.937
1	191.408
1	184.902
1	182.567
1	197.167
1	206.635
1	178.446
1	137.845
1	196.953
1	143.777
1	144.296
1	130.435
1	422.345
1	323.074
1	132.789
1	154.226
1	224.127
1	187.071
1	196.023
1	181.817
1	157.941
1	222.452
1	188.679
1	206.101
1	211.237
1	176.604
1	275.19
1	177.801
1	168.552
1	127.936
1	160.823
1	153.722
1	162.737
1	166.14
1	161.278
1	135.475
1	162.688
1	251.695
1	192.459
1	166.914
1	163.518
1	224.896
1	149.882
0	56.6621
1	186.504
1	156.047
1	127.441
1	180.367
1	169.506
1	211.059
1	174.634
1	345.878
1	193.504
1	179.833
1	177.281
1	181.24
1	211.899
1	163.85
1	130.24
1	328.707
1	195.342
1	280.608
1	186.661
1	165.164
1	137.787
1	163.149
1	181.166
1	229.844
1	218.845
1	202.997
1	154.636
1	261.653
1	137.723
1	149.446
1	205.736
1	256.945
1	147.817
1	239.394
1	177.926
1	240.724
1	187.087
1	244.556
1	203.469
1	215.936
1	241.461
1	172.64
1	236.548
1	215.458
1	296.189
1	314.429
1	197.017
1	299.938
1	181.926
1	217.842
1	203.692
1	141.382
1	123.335
1	274.205
1	245.934
1	148.588
1	203.546
1	248.759
1	255.354
1	235.939
1	174.927
1	197.745
1	230.945
1	307.357
1	275.475
1	166.005
1	154.466
1	146.903
1	115.796
1	199.811
1	273.926
1	178.214
1	270.392
1	179.985
1	195.589
1	155.543
1	224.492
1	187.208
1	134.62
1	290.319
1	313.093
1	154.988
1	228.603
1	165.392
1	201.517
1	192.366
1	202.616
1	294.06
1	179.889
1	184.094
1	219.522
1	253.711
1	224.872
1	195.524
1	157.799
1	160.003
1	311.075
1	174.334
1	156.198
1	350.91
1	155.214
1	147.783
1	199.614
1	173.457
1	269.582
1	196.142
1	266.072
1	169.903
1	187.332
1	147.715
1	172.114
1	196.878
1	193.997
1	164.201
1	326.836
1	201.973
1	157.509
0	31.5366
1	171.748
1	236.459
1	169.486
1	256.237
1	217.665
1	282.632
1	166.284
1	269.769
1	289.161
1	189.132
1	174.219
1	180.815
1	308.542
1	192.059
1	552.238
1	181.601
1	367.176
1	178.936
1	196.865
1	177.095
1	161.902
1	190.956
1	219.144
1	251.829
1	203.646
1	144.987
1	159.99
1	147.937
1	261.059
1	335.751
1	244.643
1	180.511
1	247.348
1	169.66
1	229.313
1	207.965
1	327.633
1	178.8
1	207.507
1	153.21
1	217.552
1	170.389
1	198.553
1	275.867
1	149.245
1	242.257
1	121.957
1	226.646
1	216.377
1	232.824
1	222.862
1	215.99
1	175.316
1	170.343
1	199.158
1	168.038
1	233.959
1	147.699
1	178.121
1	196.854
1	238.374
1	204.205
1	199.165
1	180.038
1	186.63
1	216.301
1	192.404
1	185.28
1	186.888
1	188.746
1	193.798
1	241.867
1	200.081
1	199.896
1	144.59
1	216.615
1	237.692
1	193.144
1	126.916
1	223.643
1	182.059
1	362.836
1	126.04
1	228.23
1	191.274
1	200.747
1	164.773
1	184.101
1	235.581
1	164.362
1	201.539
1	222.66
1	201.251
1	158.507
1	166.013
1	191.136
1	177.103
1	321.942
1	199.151
1	170.094
1	343.732
1	135.923
1	149.453
1	233.559
1	179.929
1	180.524
1	255.44
1	151.557
1	178.327
1	186.885
1	173.541
1	264.246
1	226.19
1	368.3
1	179.224
1	159.076
1	245.525
1	174.558
1	231.244
1	143.853
1	199.383
1	159.199
1	206.25
1	221.929
1	127.999
1	217.8
1	192.212
1	198.525
1	147.466
1	152.21
1	179.169
1	176.721
1	185.497
1	207.421
1	259.094
1	178.845
1	280.109
1	238.777
1	160.791
1	176.381
1	269.704
1	235.343
1	267.54
0	22.1737
1	163.998
1	140.27
1	204.441
1	170.687
1	265.939
1	237.248
1	243.458
1	200.142
1	215.331
1	147.64
1	184.493
1	203.935
1	200.502
0	30.7173
1	141.28
1	202.543
1	118.55
1	147.311
1	166.81
1	270.794
1	209.659
1	156.526
1	256.345
0	41.4975
1	289.3
1	206.285
1	218.208
1	180.937
1	203.293
1	290.093
1	320.187
1	175.768
1	262.835
1	168.018
1	229.015
1	185.775
1	152.58
1	140.237
1	145.201
1	204.36
1	250.118
1	306.104
1	173.126
1	179.986
1	282.902
1	232.28
1	332.516
1	298.976
1	160.797
1	170.364
1	147.277
1	204.072
1	188.77
1	185.186
1	168.461
1	204.411
1	183.694
1	205.472
1	133.876
1	174.505
1	210.235
1	178.222
1	144.106
1	175.227
1	207.876
1	141.497
1	164.714
1	170.446
1	141.373
1	189.42
1	184.866
1	173.849
1	128.267
1	202.751
1	146.677
1	216.764
1	217.969
1	151.272
1	188.133
1	256.253
1	212.823
1	157.198
1	159.525
1	229.532
1	253.843
1	126.427
1	168.91
1	133.584
1	201.401
1	531.838
1	269.256
1	271.823
1	189.685
1	144.984
1	204.977
1	287.741
1	172.994
1	215.779
1	248.787
1	209.946
1	131.531
1	163.32
1	179.431
1	273.591
1	148
1	156.956
1	208.733
1	173.85
1	211.594
1	185.426
1	212.467
1	196.56
1	190.559
1	176.91
1	140.235
1	220.017
1	182.877
1	207.109
1	151.62
1	128.664
1	197.027
1	222.545
1	159.706
1	183.172
1	177.033
1	191.161
1	185.765
1	169.404
1	203.304
1	292.792
1	163.264
1	191.097
1	173.505
1	205.974
1	195.315
1	166.171
1	138.02
1	212.367
1	190.566
1	177.197
1	146.288
1	308.5
1	155.747
1	221.087
1	285.678
1	194.285
1	201.768
1	253.772
1	282.393
1	241.594
1	323.725
1	298.263
1	169.165
1	349.215
1	193.626
1	214.268
1	212.533
1	191.152
1	270.44
1	264.839
1	167.885
1	159.464
1	224.754
1	186.285
1	142.935
1	192.819
1	167.657
1	182.081
1	170.783
1	158.722
1	127.127
1	240.626
1	169.972
1	233.262
1	228.952
1	143.63
1	214.948
1	220.421
1	165.049
1	239.437
1	171.89
1	159.289
1	216.118
1	182.023
1	173.272
1	177.682
1	210.07
1	188.732
1	200.302
1	243.527
1	162.257
1	156.308
1	164.855
1	168.549
1	251.847
1	153.253
1	139.768
1	146.187
1	209.916
1	321.538
1	198.404
1	192.889
1	190.157
1	207.591
1	208.088
1	174.933
1	230.116
1	132.294
1	183.935
1	177.324
1	273.008
1	145.361
1	251.978
1	240.526
1	157.203
1	213.711
1	150.544
1	183.766
1	177.798
1	166.133
1	237.264
1	243.102
1	225.552
1	202.377
1	211.264
1	206.776
1	182.665
1	297.844
1	186.418
1	265.566
1	164.193
1	234.183
1	326.086
1	160.198
1	183.583
1	164.593
1	173.603
1	207.106
1	267.028
1	189.413
1	165.888
1	185.313
1	212.654
1	175.165
1	133.485
1	149.48
1	118.774
1	264.768
1	180.309
1	178.9
1	214.224
1	250.879
1	250.683
1	214.235
1	174.726
1	213.446
1	208.838
1	212.012
1	162.786
1	205.394
1	162.058
1	164.074
1	188.545
1	150.123
1	209.743
1	247.478
1	164.28
1	175.351
1	165.001
1	151.718
1	166.348
0	9.03229
1	189.297
1	276.717
1	132.668
1	196.914
1	182.063
1	299.639
1	117.868
1	170.804
1	362.548
1	166.066
1	284.237
1	290.711
1	165.541
1	233.792
1	186.038
1	185.879
0	84.34
1	163.784
1	215.392
1	174.49
1	242.229
1	184.971
1	163.264
1	157.613
1	172.041
1	215.714
1	224.813
1	187.82
1	168.754
1	179.843
1	242.954
1	304.599
1	151.696
1	173.858
1	179.067
1	170.869
1	187.695
1	218.376
1	137.577
1	235.734
1	207.238
1	191.397
1	193.597
1	206.518
1	162.969
1	151.515
1	192.176
1	206.66
1	137.465
1	228.577
1	184.111
1	182.206
1	151.202
1	191.176
1	163.728
0	104.089
1	232.18
1	267.099
1	188.468
1	156.736
1	169.885
1	210.029
1	164.333
1	261.437
1	212.202
1	187.737
1	328.854
1	273.203
1	243.762
1	159.617
1	185.328
1	196.639
1	134.512
1	143.702
1	272.909
1	126.295
1	221.606
1	160.187
1	247.828
1	212.612
1	235.35
1	315.426
1	173.128
1	216.821
1	172.771
1	211.514
1	204.114
1	152.353
1	165.852
1	187.052
1	185.356
1	148.742
1	250.381
1	336.469
1	203.478
1	234.432
1	209.185
1	232.462
1	253.781
1	169.178
1	193.868
1	187.723
1	215.871
1	199.606
1	232.845
1	198.196
1	197.412
1	127.99
1	212.905
1	244.683
1	161.197
1	249.246
1	132.11
1	263.79
1	278.013
1	166.899
1	238.248
1	153.772
1	214.276
1	137.228
1	131.113
1	172.52
1	223.843
1	149.892
1	155.517
1	140.73
1	186.799
1	258.64
1	193.137
1	229.68
1	146.799
1	385.126
1	178.929
1	115.498
1	179.11
1	221.87
1	251.823
1	192.243
1	226.398
1	252.857
1	163.953
1	204.43
1	218.121
1	250.086
1	176.421
1	224.019
1	162.249
1	216.313
1	223.226
1	143.394
1	157.403
1	181.167
1	244.569
1	131.574
1	216.203
1	144.426
1	213.374
1	183.319
1	164.887
1	154.783
1	211.514
1	221.291
1	182.928
1	274.149
1	189.328
1	145.582
1	222.946
1	201.317
1	265.276
0	30.7402
1	295.499
1	136.536
1	221.65
1	223.205
1	201.44
1	199.425
1	219.15
1	301.647
1	233.355
1	125.512
1	210.113
1	269.827
1	248.157
1	223.03
1	133.289
1	235.215
1	217.307
1	228.712
1	331.113
1	207.503
1	151.517
1	183.806
1	154.37
1	214.934
1	164.433
1	203.509
1	311.962
1	187.514
1	224.13
1	133.671
1	145.579
1	223.458
1	209.266
1	214.675
1	171.739
1	217.037
1	242.586
1	182.982
1	203.459
1	172.311
1	142.307
1	201.722
1	150.735
1	270.396
1	188.6
1	259.608
1	326.339
1	243.455
1	179.106
1	179.196
1	263.746
1	322.683
1	234.277
1	164.934
0	63.8237
1	207.06
1	227.69
1	193.337
0	14.4369
1	195.927
1	190.648
1	227.033
1	129.619
1	217.091
1	223.322
1	138.399
1	166.036
1	177.381
1	300.374
1	140.83
1	147.931
1	231.675
1	279.022
1	192.357
1	197.828
1	284.589
1	196.523
1	158.038
1	143.18
1	320.234
1	164.919
1	287.94
1	191.472
1	219.438
1	155.818
1	187.401
1	161.13
1	176.957
1	155.173
1	240.591
1	255.671
1	270.393
0	258.266
1	210.382
1	179.141
1	182.431
1	142.298
1	185.248
1	286.611
1	184.649
1	179.322
1	166.126
1	131.292
1	188.841
1	188.997
1	227.441
1	223.733
1	228.988
1	235.232
1	186.998
1	162.735
1	247.688
1	301.4
1	185.51
1	171.406
1	221.821
1	185.156
1	135.139
1	223.12
1	208.992
1	166.226
1	140.434
1	201.076
1	161.673
1	226.931
1	240.802
1	199.856
1	248.594
1	217.901
1	220.916
1	156.36
1	189.733
1	189.57
1	277.338
1	168.255
1	268.314
1	142.909
1	158.741
1	245.654
1	160.554
1	178.412
1	207.001
1	194.795
1	296.422
1	189.501
1	190.523
1	192.521
1	168.598
1	216.75
1	184.294
1	256.11
1	236.299
1	114.24
1	213.975
1	154.953
1	157.915
1	176.534
1	179.455
1	171.415
1	184.295
1	179.17
1	200.955
1	206.646
1	236.073
1	197.328
1	154.574
1	201.709
1	233.939
1	218.363
1	226.605
1	187.221
1	222.14
1	253.463
1	133.89
1	166.035
1	155.584
1	241.102
1	193.067
1	150.542
1	280.674
1	161.208
1	156.574
1	200.739
1	187.821
1	162.266
1	147.986
1	229.386
1	175.336
1	281.226
1	189.772
1	135.812
1	227.613
1	210.082
1	182.843
1	189.386
1	205.605
1	242.177
1	242.85
1	181.437
1	172.499
1	241.464
1	157.151
1	174.686
1	231.972
1	177.29
1	197.797
1	140.156
1	145.79
1	165.097
1	226.856
1	192.3
1	153.856
1	166.829
1	182.586
1	283.7
1	232.219
1	166.64
1	169.907
1	184.68
1	235.251
1	266.073
1	206.526
1	197.895
1	136.512
1	236.951
1	125.204
1	220.164
1	243.269
1	181.062
1	189.479
1	194.144
1	194.717
1	173.436
1	150.99
1	229.906
1	212.78
1	159.186
1	191.824
1	144.208
1	170.95
1	305.847
1	150.973
1	274.846
1	143.54
1	193.114
1	200.313
1	159.786
1	263.296
1	170.919
1	111.772
1	219.622
1	202.002
1	206.892
1	272.586
1	157.298
1	202.584
1	164.895
1	259.087
1	257.397
1	288.644
1	212.668
1	266.896
1	174.3
1	200.153
1	120.975
1	197.242
1	210.03
1	146.755
1	221.307
1	240.47
1	156.348
1	152.084
1	212.596
1	294.3
1	174.005
1	222.042
1	177.257
1	202.661
1	273.77
1	201.914
1	285.31
1	236.253
1	252.713
1	151.614
1	131.991
1	198.209
1	212.311
1	195.592
1	219.455
1	159.762
1	253.961
1	184.74
1	181.4
1	165.259
1	216.762
1	301.56
1	142.274
1	197.718
1	160.364
1	121.04
1	148.05
1	196.575
1	163.804
1	159.066
1	181.044
1	179.375
1	127.877
1	296.112
1	232.767
1	171.677
1	284.184
1	199.905
1	158.411
1	212.486
1	343.484
1	237.651
1	219.119
0	18.6785
1	219.706
1	137.139
1	140.543
1	184.584
1	212.853
1	225.248
1	191.344
1	122.289
1	162.336
1	230.994
1	253.541
1	142.266
1	186.252
1	291.271
1	211.744
1	216.411
1	197.843
1	173.258
1	142.955
1	195.218
1	240.911
1	229.662
1	287.628
1	220.398
1	201.642
1	240.29
1	165.858
1	259.052
1	198.542
1	205.892
1	167.024
1	195.513
1	195.06
1	144.536
1	204.124
1	144.582
1	198.511
1	176.41
1	175.407
1	210.507
1	262.329
1	150.836
1	184.416
1	181.327
1	181.319
1	167.48
1	229.148
1	214.92
1	191.513
1	200.97
1	242.029
1	131.862
1	211.86
1	194.255
1	175.479
1	240.87
1	247.466
1	227.116
1	138.742
1	173.541
1	183.371
1	137.193
1	231.527
1	191.457
1	156.398
1	164.158
1	129.01
1	203.352
1	167.832
1	135.105
1	183.983
1	164.111
1	190.08
1	161.038
1	228.023
1	197.494
1	206.524
1	167.258
1	258.356
1	258.582
1	135.374
1	194.422
1	251.847
1	171.018
1	262.186
1	183.116
1	161.723
1	166.197
1	236.132
1	201.502
1	209.018
1	217.497
1	243.472
1	251.484
1	236.99
1	326.199
1	225.016
1	202.201
1	231.775
1	161.873
1	371.265
1	141.164
1	167.655
1	199.091
1	243.174
1	215.962
1	177.529
1	171.407
1	175.01
1	140.319
1	167.757
1	281.293
1	181.132
1	165.362
1	215.955
1	221.394
1	201.819
1	203.513
1	179.838
1	258.57
1	174.058
1	263.33
1	112.862
1	268.349
1	182.945
1	194.482
1	163.437
1	175.456
1	184.844
1	156.02
1	235.093
1	252.473
1	307.097
1	175.686
1	265.947
1	124.914
1	215.576
0	24.0932
1	168.623
1	178.869
1	226.945
1	150.952
1	159.544
1	239.974
1	160.743
1	192.671
1	262.203
1	254.518
1	187.401
1	253.393
1	163.657
1	181.49
1	195.349
1	153.201
1	147.492
1	216.939
1	181.305
1	286.23
1	209.997
1	195.729
1	207.66
1	225.406
1	200.674
1	167.651
1	183.325
1	193.969
1	298.455
1	127.227
1	187.142
1	206.426
1	207.044
1	214.054
1	155.719
1	172.706
1	168.785
1	221.9
1	294.3
1	220.09
1	212.1
1	186.786
1	171.804
1	224.808
1	299.46
1	216.703
1	226.5
1	270.354
1	128.44
1	302.71
1	261.364
1	157.271
1	276.715
1	174.991
1	225.004
1	209.525
1	169.095
1	174.615
1	163.512
1	223.574
1	155.949
1	187.672
1	132.599
1	176.086
1	200.557
1	234.668
1	229.147
1	215.121
1	235.204
1	156.06
1	146.141
1	165.451
1	196.427
1	257.53
1	209.939
1	209.696
1	257.957
1	403.909
1	203.297
1	243.193
1	174.668
1	223.191
1	170.131
1	208.805
1	249.503
1	287.734
1	159.823
1	252.211
1	139.705
1	196.023
1	286.994
1	222.652
1	214.722
1	169.853
1	199.723
1	326.64
1	345.868
1	167.705
1	145.817
1	138.339
1	227.493
1	166.779
1	179.852
1	160.451
1	206.095
1	236.196
1	190.223
1	234.688
1	205.656
1	251.568
1	167.863
1	242.547
1	174.522
1	209.244
1	232.088
1	265.537
1	160.796
1	148.376
1	282.81
1	171.842
1	195.564
1	235.895
1	227.472
1	134.799
1	205.31
1	151.455
1	187.003
1	206.284
1	159.081
1	196.952
1	153.616
1	207.457
1	247.108
1	194.011
1	178.786
1	182.4
1	197.69
1	198.628
1	226.898
1	131.44
1	248.149
1	171.758
1	217.316
1	174.921
1	250.422
1	209.364
1	372.716
1	267.739
1	229.089
1	196.549
1	158.762
1	163.492
1	187.65
1	193.797
1	180.658
1	144.673
1	222.153
1	196.485
1	137.966
1	232.941
1	319.104
1	263.168
1	286.844
1	208
1	182.899
1	210.1
1	244.225
1	182.595
1	184.766
1	242.078
1	213.08
0	15.5422
1	203.322
1	268.203
1	200.809
1	184.249
1	195.813
1	202.037
1	119.344
1	183.953
1	201.681
1	232.23
1	203.333
1	206.522
1	238.685
1	167.477
1	144.245
1	143.344
1	223.458
1	202.972
1	185.926
1	181.722
1	191.59
1	204.352
1	200.772
1	198.519
1	167.519
1	200.523
1	218.536
1	141.636
1	249.898
1	156.706
1	144.42
1	186.235
1	279.124
1	212.088
1	235.201
1	256.676
1	152.37
1	241.167
1	205.414
1	247.788
1	183.183
1	171.089
1	176.19
1	186.052
1	186.849
1	160.522
1	177.463
1	314.725
1	213.597
1	191.982
1	286.812
1	352.978
1	117.504
1	245.988
1	181.763
1	274.652
1	218.953
1	201.152
1	239.833
1	225.928
1	137.761
1	296.267
1	159.665
1	197.325
1	276.567
1	150.731
1	238.438
1	192.547
1	237.819
1	128.433
1	236.983
1	162.646
1	253.497
1	203.937
1	153.978
1	162.431
1	153.128
1	160.224
1	202.868
1	210.525
1	181.974
1	193.642
1	176.298
1	134.332
1	177.114
1	288.543
1	168.612
1	166.744
1	226.105
1	139.808
1	271.782
1	149.588
1	151.086
1	192.806
1	135.508
1	160.733
1	205.025
1	284.283
1	171.448
1	167.92
1	119.563
1	183.436
1	201.191
1	151.944
1	198.615
1	186.581
1	209.613
1	364.666
1	160.129
1	235.443
1	181.433
1	183.962
1	173.507
1	239.801
1	235.752
1	156.436
1	268.738
1	163.413
1	169.167
1	159.075
1	142.97
1	149.779
1	285.558
1	164.218
1	203.142
1	199.466
1	159.915
1	139.447
1	209.209
1	222.198
1	211.57
1	240.115
1	246.259
1	174.752
1	218.592
1	223.701
1	194.222
1	206.521
1	186.892
1	254.338
1	273.893
1	158.665
1	155.78
1	244.468
1	244.86
1	218.99
1	180.028
1	291.547
1	203.157
1	280.713
1	176.706
1	215.984
1	204.878
1	220.786
1	152.993
1	213.667
1	281.924
1	206.183
1	193.298
1	165.152
1	294.335
1	190.08
1	229.392
1	201.172
1	173.893
1	214.029
1	186.559
1	215.011
1	246.953
1	128.144
1	167.311
1	151.531
1	194.488
1	218.889
1	189.32
1	163.877
1	272.277
1	234.733
1	243.873
1	219.833
1	250.257
1	251.604
1	163.316
1	206.683
1	227.971
1	160.607
1	236.479
1	265.545
1	188.94
1	202.727
1	139.479
1	172.618
1	193.109
1	182.257
1	203.27
1	197.618
1	211.804
1	150.501
1	206.924
1	132.537
1	321.648
1	225.402
1	140.693
1	181.415
1	163.89
1	132.195
1	135.686
1	182.652
1	174.256
1	142.25
1	217.492
1	266.422
1	216.782
1	224.278
1	170.044
1	236.915
1	185.982
1	249.038
1	118.323
1	233.497
1	200.989
1	172.407
1	264.242
1	286.823
1	161.979
1	276.874
1	146.017
1	244.771
1	137.94
1	148.603
1	136.969
1	255.392
1	225.292
1	207.592
1	166.642
1	164.264
1	235.437
1	204.959
1	210.155
1	186.336
1	206.281
1	214.496
1	296.144
1	260.659
1	247.893
1	259.645
1	172.892
1	173.085
1	257.01
1	231.745
1	295.171
1	200.975
1	176.06
1	196.23
1	179.511
1	208.689
1	199.334
1	141.659
1	261.459
1	205.717
1	213.626
1	210.719
1	171.877
1	244.451
1	199.953
1	262.299
1	243.735
1	169.476
1	237.689
1	169.522
1	168.059
1	172.016
1	211.247
1	145.863
1	218.086
1	125.467
1	208.237
1	333.755
1	277.709
1	192.859
1	199.601
0	10.4855
1	222.093
1	153.334
1	140.891
1	185.241
1	318.498
1	241.17
1	237.988
1	179.614
1	271.316
1	154.582
1	221.618
1	411.453
1	214.914
1	253.088
1	257.604
1	241.045
1	176.228
1	267.59
1	236.377
1	261.94
1	233.25
1	216.138
1	196.939
1	246.958
1	164.23
1	176.895
1	197.796
1	215.179
1	177.289
1	134.532
1	281.962
1	226.853
1	175.636
1	157.355
1	177.876
1	184.054
1	216.399
1	395.598
1	269.857
1	281.442
1	171.741
1	207.749
1	298.182
1	186.46
1	197.385
1	163.248
1	178.528
1	151.711
1	201.034
1	127.392
1	261.991
1	217.587
1	306.5
1	252.623
1	193.181
1	151.487
1	238.185
1	225.807
1	172.224
1	300.342
1	188.165
1	161.496
1	205.789
1	217.336
1	218.617
1	136.632
1	182.361
1	192.683
1	210.472
1	147.11
1	225.313
1	167.859
1	180.153
1	154.23
1	212.958
1	164.578
1	190.024
1	170.501
1	252.15
1	327.939
1	182.624
1	176.603
1	228.621
1	274.832
1	173.606
1	169.719
1	158.216
1	219.264
1	144.944
1	208.673
1	148.726
1	200.469
1	290.195
1	198.484
1	150.27
1	191.544
1	197.517
1	211.831
1	238.249
1	274.208
1	202.181
1	146.527
1	150.673
1	285.747
1	192.143
1	171.777
1	203.992
1	201.262
1	162.856
1	310.109
1	159.559
1	185.397
1	254.987
1	148.495
1	242.138
1	158.273
1	140.729
1	192.134
1	212.296
1	158.855
1	206.436
1	242.056
1	203.337
1	197.022
1	156.086
1	226.155
1	177.16
1	169.713
1	130.073
1	193.478
1	180.166
1	164.919
1	292.097
1	164.997
1	212.343
1	230.181
1	243.732
1	196.803
1	203.589
1	214.745
1	164.888
1	186.571
1	185.971
1	168.275
1	275.503
1	187.619
0	33.7411
1	124.816
1	220.887
1	331.946
1	241.141
1	205.457
1	193.964
1	167.672
1	265.361
1	223.126
1	179.491
1	223.553
1	287.687
1	220.769
1	199.866
1	279.856
1	265.838
1	143.963
1	208.445
1	231.619
1	166.329
1	150.046
1	173.937
1	146.583
1	206.633
1	201.2
1	152.441
1	232.248
1	182.298
1	188.018
1	282.725
1	195.155
1	167.964
1	180.46
1	235.266
1	167.982
1	227.584
1	215.401
1	194.059
1	154.808
1	234.306
1	205.354
1	192.789
1	185.634
1	189.266
1	193.125
1	248.576
1	170.558
1	284.4
1	235.399
1	144.045
1	218.765
1	144.79
1	252.006
1	305.412
1	305.934
1	229.545
1	259.187
0	29.6645
1	214.391
1	277.511
1	207.052
1	270.582
1	154.644
1	230.159
1	182.047
1	149.353
1	146.063
1	367.724
1	181.997
1	170.211
1	186.208
1	232.924
1	212.551
1	302.518
1	387.488
1	160.423
1	241.482
1	170.516
1	177.596
1	197.182
1	204.682
1	163.537
1	217.854
1	200.505
1	283.121
1	260.252
1	175.047
1	217.634
1	206.115
1	181.583
1	189.052
1	139.035
1	231.718
1	164.883
1	161.908
1	197.368
1	180.94
1	167.54
1	155.222
1	198.37
1	252.274
1	184.962
1	167.508
1	188.163
1	154.99
1	199.366
1	222.817
1	313.849
1	182.442
1	205.934
1	223.519
1	150.842
1	213.501
1	226.535
1	240.607
1	172.049
1	274.604
1	179.968
1	253.074
1	163.957
1	233.156
1	288.562
1	226.753
1	187.359
1	179.857
1	223.628
1	149.061
1	158.7
1	267.808
1	257
1	187.838
1	175.9
0	10.4041
1	227.979
1	190.666
1	178.326
1	184.388
1	149.867
1	203.516
1	173.824
1	200.983
1	262.959
1	264.983
1	192.918
1	210.598
1	195.814
1	139.871
1	173.619
1	186.411
1	151.211
1	171.857
1	254.453
1	326.066
1	206.572
1	228.176
1	148.828
1	175.378
1	202.278
1	177.324
1	160.01
1	229.095
1	158.099
1	190.627
1	192.09
1	239.949
1	246.536
1	177.739
1	149.43
1	175.162
1	238.029
1	234.871
1	220.081
1	187.288
1	196.186
1	224.419
1	164.193
1	170.884
1	179.909
1	169.065
1	121.453
1	179.562
1	171.82
1	194.183
1	203.148
1	187.23
1	201.282
1	194.88
1	170.106
1	210.744
1	205.549
1	230.682
1	348.711
1	168.736
1	288.553
1	177.311
1	219.417
1	240.173
1	205.07
1	218.745
1	216.145
1	170.218
1	269.623
1	202.228
1	165.737
1	218.474
1	157.493
1	188.061
1	208.806
1	166.136
1	182.054
1	330.773
1	196.722
1	263.299
1	359.984
1	213.909
1	229.688
1	271.649
1	316.201
1	233.772
1	195.883
1	215.945
1	176.267
1	356.218
0	94.7181
1	167.371
1	265.798
1	217.515
1	186.198
1	269.142
1	186.008
1	228.731
1	210.614
1	148.276
1	223.294
1	170.02
1	304.784
1	147.487
1	175.815
1	315.012
1	207.807
1	220.334
1	194.913
1	196.307
1	160.235
1	316.139
1	188.361
1	166.385
1	248.541
1	214.566
1	193.127
1	180.68
1	222.229
1	326.074
1	193.367
1	207.708
1	187.125
1	239.785
1	233.054
1	148.353
1	199.986
1	157.169
1	199.742
1	282.32
1	164.227
1	191.335
1	143.923
1	181.462
1	259.238
1	175.911
1	323.011
1	232.021
1	209.146
1	225.377
1	348.696
1	200.464
1	225.789
1	209.352
1	180.76
1	167.264
1	146.797
1	186.885
1	170.667
1	182.959
1	140.804
1	177.72
1	146.374
1	181.57
1	228.947
1	310.809
1	215.123
1	249.038
1	143.273
1	153.513
1	206.945
1	221.589
1	212.92
1	296.743
1	222.106
1	218.469
1	171.934
1	225.545
1	149.534
1	171.923
1	157.41
1	248.626
1	194.885
1	146.024
1	206.109
1	143.873
1	152.15
1	218.701
1	371.299
1	221.674
1	224.667
1	192.087
1	204.089
1	118.548
1	177.87
1	228.84
1	157.867
1	183.919
1	226.222
1	169.522
1	167.096
1	243.986
1	243.049
1	238.382
1	328.706
1	145.686
1	178.583
1	239.396
1	202.282
1	223.688
1	240.662
1	255.639
1	163.436
1	232.133
1	218.869
1	185.956
1	216.779
1	160.914
1	152.081
1	185.034
1	135.935
1	186.105
1	182.392
1	179.715
1	239.747
1	228.288
1	178.862
1	186.515
1	455.116
1	248.888
1	151.026
1	148.364
1	193.77
1	138.356
1	221.12
1	240.976
1	166.908
1	173.201
1	178.649
1	275.17
1	235.697
1	151.802
1	196.078
1	289.49
1	153.81
1	150.802
1	200.348
1	196.265
1	192.186
1	195.813
1	287.725
1	227.727
1	165.258
1	133.415
1	221.927
1	204.154
1	228.798
1	145.522
1	192.746
1	268.645
1	219.863
1	171.799
1	182.497
1	203.881
1	347.843
1	180.842
1	191.509
1	159.46
1	205.152
1	151.384
1	172.186
1	195.294
1	263.497
1	156.867
1	227.994
1	239.096
1	208.52
1	232.04
1	152.059
1	201.296
1	198.66
1	264.481
1	176.147
1	236.177
1	244.103
1	119.934
1	272.624
1	178.523
1	177.321
1	230.579
1	230.354
1	160.721
1	212.632
1	131.897
1	188.203
1	309.281
1	285.122
1	197.851
1	239.475
1	232.786
1	155.282
1	253.024
1	167.418
1	193.31
1	158.686
1	197.474
1	240.514
1	196.064
1	209.613
1	252.497
1	171.913
1	142.515
1	187.902
1	214.023
1	209.237
1	181.495
1	353.737
1	180.148
1	152.503
1	199.27
1	202.484
1	155.019
1	266.449
1	209.363
1	227.285
1	190.123
1	176.547
1	191.537
1	207.592
1	169.38
1	149.878
1	202.659
1	189.222
1	174.759
1	198.692
1	184.883
1	142.172
1	241.296
1	228.168
1	138.67
1	136.129
1	230.787
1	385.824
1	160.331
1	309.15
1	225.556
1	176.092
1	195.896
1	182.065
1	271.809
1	159.25
1	255.798
1	168.073
1	177.798
1	173.811
1	301.992
1	228.032
1	221.375
1	135.221
1	230.832
1	194.834
1	165.29
1	169.021
1	291.418
1	187.37
1	377.497
1	227.579
1	178.053
1	177.667
1	157.051
1	246.405
1	186.27
1	189.054
1	212.883
1	179.735
1	254.897
1	150.824
1	186.56
1	166.396
1	214.308
1	327.138
1	160.387
1	219.093
1	151.443
1	184.134
1	207.24
1	167.647
1	235.502
1	230.416
1	158.373
1	243.036
1	211.086
1	238.517
1	196.703
1	221.84
1	208.861
1	198.358
1	142.478
1	156.513
1	148.476
1	231.572
1	204.003
1	252.909
1	244.871
0	0.435132
1	239.165
1	197.672
0	5.69259
1	154.17
1	166.234
1	126.006
1	163.22
1	280.505
1	156.161
1	269.226
1	139.962
1	183.616
1	146.341
1	237.169
1	200.472
1	141.326
1	239.277
1	277.008
1	234.807
1	284.681
1	218.595
1	228.637
1	290.146
1	156.461
1	151.032
1	182.611
1	279.784
1	195.644
1	166.423
1	176.177
1	180.95
1	238.568
1	327.252
1	279.179
1	142.524
1	380.631
1	147.591
1	157.849
1	197.101
1	198.041
1	146.621
1	168.177
1	181.358
1	192.936
1	127.963
1	181.418
1	217.701
1	179.859
1	181.514
1	176.521
1	187.078
1	163.152
1	217.904
1	236.692
1	121.915
1	218.413
1	160.355
1	183.752
1	171.414
1	177.495
1	254.285
1	232.342
1	180.516
1	262.817
1	202.656
1	155.293
1	242.298
1	330.843
1	210.102
1	142.286
1	163.971
1	192.951
1	165.09
0	21.4808
1	178.661
1	283.139
1	459.139
1	211.366
0	32.2225
1	223.896
1	194.05
1	128.964
1	154.528
1	206.556
1	219.325
1	142.382
1	201.951
1	276.742
1	379.903
1	197.43
1	154.571
1	229.619
1	265.393
1	211.294
1	229.641
1	133.903
1	223.047
1	237.736
1	219.758
1	155.499
1	158.927
1	156.196
1	173.024
1	295.355
1	181.318
1	143.249
1	178.179
1	258.551
1	227.686
1	158.518
1	170.064
1	235.337
1	147.661
1	176.598
1	282.686
1	165.59
1	203.769
1	247.344
1	198.171
1	185.926
1	241.371
1	187.054
1	148.87
1	192.886
1	242.424
1	206.034
1	145.373
1	172.84
1	174.744
1	262.944
1	156.941
1	165.74
1	160.433
1	293.292
1	270.45
1	241.407
1	232.63
1	202.038
1	189.691
1	218.104
1	221.924
1	277.101
1	197.189
1	163.351
1	163.863
1	120.84
1	148.834
1	181.355
1	191.903
1	217.945
1	190.687
1	148.425
1	157.689
1	190.18
1	154.367
1	231.218
1	220.901
1	231.717
1	181.37
1	361.438
1	199.812
1	107.981
1	214.062
1	204.851
1	154.051
1	158.815
1	188.97
1	239.049
1	176.856
1	252.031
1	150.037
1	360.396
1	225.843
1	218.483
1	169.916
1	181.204
1	279.03
1	230.386
1	166.256
1	188.631
1	209.379
1	273.886
1	314.677
1	215.514
1	217.298
1	175.309
1	198.104
1	268.473
1	195.102
1	148.564
1	260.891
1	230.822
1	171.996
1	217.815
1	164.523
1	191.144
1	143.101
1	165.149
1	169.873
1	232.488
1	159.944
1	173.684
1	215.839
1	204.404
1	202.556
1	164.377
1	137.129
1	290.265
1	157.603
1	146.438
1	227.562
1	222.057
1	323.182
1	197.826
1	174.349
1	174.307
1	237.638
1	235.029
1	186.688
1	141.845
1	199.275
1	228.412
1	177.702
1	139.493
1	147.966
1	332.833
1	152.138
1	154.039
1	199.008
1	163.371
1	240.954
1	248.731
1	240.852
1	144.519
1	193.543
1	224.119
1	160.541
1	200.836
1	255.632
1	289.865
1	289.706
1	253.846
1	175.057
1	223.961
1	189.035
1	157.842
1	158.818
1	238.683
1	179.133
1	162.682
1	171.275
1	151.04
1	247.946
1	136.86
1	203.829
1	193.393
1	188.867
1	209.739
1	313.587
1	206.17
1	232.292
1	212.777
1	211.098
1	189.06
1	183.834
1	356.361
1	179.71
0	36.1753
1	155.182
1	196.246
0	202.419
1	227.668
1	200.73
1	202.362
1	170.661
1	382.911
1	166.058
1	161.85
1	296.286
1	209.837
1	169.711
1	170.665
1	245.093
1	234.664
1	193.466
1	210.114
1	148.809
1	142.619
1	217.535
1	197.078
1	134.535
1	145.09
1	168.512
1	240.709
1	229.182
1	182.944
1	176.875
1	141.842
1	236.37
1	263.305
1	220.814
1	168.121
1	185.07
1	270.485
1	182.143
1	213.135
1	220.913
1	149.626
1	171.87
1	154.394
1	178.959
1	158.557
1	170.924
1	131.833
1	272.408
1	304.123
1	245.268
1	162.969
1	227.842
1	163.596
1	161.069
1	268.751
1	155.684
1	156.284
1	248.945
1	178.909
1	224.461
1	188.783
1	179.627
1	222.608
1	189.303
1	180.062
1	205.347
1	229.283
1	152.933
1	199.43
1	245.15
1	223.102
1	287.634
1	209.494
1	163.298
1	188.975
1	172.726
1	169.636
1	153.641
1	195.5
1	210.186
1	225.36
1	190.428
1	183.927
1	224.319
1	161.528
1	307.364
1	176.875
1	156.83
1	231.09
1	225.86
1	264.016
1	167.626
1	185.068
1	149.327
1	300.976
1	211.942
1	148.181
1	333.474
1	199.268
1	209.647
1	248.783
1	162.212
1	209.499
1	200.107
1	181.298
1	196.548
1	219.213
1	138.893
1	216.52
1	213.074
1	189.557
1	249.196
1	169.785
1	219.404
1	187.519
1	190.527
1	226.336
1	155.342
1	181.043
1	263.176
1	297.469
1	204.548
1	172.624
1	231.078
1	292.703
1	161.59
1	218.378
1	211.048
1	287.16
1	273.776
1	245.874
1	321.077
1	183.737
1	205.008
1	182.559
1	229.456
1	149.438
1	255.996
1	277.275
1	165.193
1	264.918
1	328.156
1	184.668
1	170.116
1	150.262
1	216.598
1	243.907
1	230.33
1	179.853
1	219.04
1	209.623
1	311.401
1	163.664
1	183.943
1	307.042
1	232.393
0	7.09712
1	201.362
1	212.772
1	169.822
1	170.79
1	234.038
1	278.225
1	205.577
1	172.005
1	266.934
1	189.619
1	207.124
1	199.469
1	186.161
1	230.374
1	184.907
1	199.417
1	149.588
1	277.036
1	189.29
1	181.328
1	168.713
1	272.426
1	184.283
1	206.776
1	134.441
1	192.113
1	159.469
1	206.927
1	219.569
1	168.998
1	139.474
1	204.512
1	203.586
1	165.382
1	280.618
1	199.151
1	147.812
1	223.068
1	200.11
1	213.727
1	227.431
1	153.086
1	281.052
1	181.491
1	149.588
1	205.667
1	190.795
1	148.675
1	198.687
1	249.401
1	165.969
1	116.12
1	177.323
1	216.429
1	171.248
1	183.902
1	103.957
1	174.628
1	202.957
1	248.301
1	157.942
1	199.164
1	181.307
1	189.961
1	394.552
1	213.7
1	107.535
1	144.457
1	168.713
1	196.964
1	167.141
1	202.732
1	189.737
1	248.642
1	312.18
1	173.231
1	203.041
1	195.728
1	164.689
1	346.453
1	118.969
1	133.782
1	169.441
1	180.955
1	155.619
1	177.578
1	191.041
1	299.762
1	172.684
1	160.333
1	197.5
1	158.127
1	167.256
1	165.476
1	191.695
1	233.779
1	231.979
1	159.269
1	172.09
1	132.644
1	213.061
1	158.358
1	229.048
1	189.497
1	176.095
1	333.095
1	232.342
1	222.767
1	222.628
1	167.106
1	155.383
1	234.662
1	167.577
1	226.567
1	163.104
1	454.162
1	131.538
1	198.383
1	206.049
1	203.836
1	250.23
1	150.805
1	179.341
1	211.877
1	240.589
1	286.052
1	189.211
1	190.944
1	205.663
1	150.46
1	243.578
1	237.444
1	190.742
1	160.078
1	258.785
1	196.978
1	209.742
1	155.599
1	286.401
1	175.951
1	188.234
1	191.322
1	235.651
1	218.273
1	137.494
1	281.82
1	162.795
1	254.847
1	138.948
1	181.358
1	232.105
0	3.64009
1	175.007
1	172.989
1	218.362
1	219.068
1	194.178
1	268.888
1	342.701
1	175.879
1	193.122
1	127.085
1	156.538
1	200.238
1	142.853
1	315.608
1	134.478
1	167.576
1	192.561
1	224.19
1	167.246
1	219.369
1	209.212
1	208.837
1	212.721
1	184.099
1	129.111
1	259.3
1	183.075
1	168.483
1	116.736
1	147.611
1	189.574
1	239.197
1	220.628
1	188.895
1	164.547
1	212.401
1	180.243
1	179.117
1	221.966
1	144.544
1	151.807
1	234.053
1	257.535
1	190.051
1	264.535
1	180.449
1	288.635
1	180.222
1	186.769
1	222.771
1	245.808
1	205.239
1	145.435
1	270.898
1	161.293
1	161.282
1	287.392
1	176.017
1	149.49
1	211.26
1	184.317
1	248.392
1	205.02
1	231.762
1	178.019
1	221.647
1	188.452
1	372.088
1	211.65
1	175.726
1	234.812
1	199.524
1	228.485
1	237.174
1	158.181
1	293.578
1	191.173
1	208.687
1	234.168
1	189.915
1	218.447
1	273.15
1	159.69
1	184.102
1	288.337
1	214.059
1	177.354
1	229.691
1	170.082
1	235.326
1	244.769
1	234.46
1	224.855
1	223.594
1	148.282
1	185.891
1	150.182
1	191.636
1	155.528
1	187.394
1	224.617
1	246.676
1	231.683
1	249.561
1	239.493
1	178.161
1	291.724
1	187.852
1	201.54
1	125.175
1	171.894
1	231.047
1	172.946
1	179.371
1	252.147
1	132.625
1	147.193
1	187.219
1	160.27
1	198.637
1	170.341
1	273.219
1	212.132
1	194.185
1	176.416
1	160.675
1	151.607
1	227.181
1	193.964
1	230.34
1	191.776
1	169.81
1	216.306
1	153.47
1	220.753
1	227.987
1	143.555
1	183.447
1	198.351
1	150.472
1	185.225
1	173.685
1	198.397
1	153.896
1	177.743
1	206.519
1	199.723
1	180.934
1	151.772
1	196.747
1	151.439
1	174.19
1	204.037
1	156.219
1	190.854
0	67.3259
1	176.703
1	216.219
1	171.284
1	207.625
1	324.92
1	170.555
1	232.609
1	155.733
1	156.471
1	211.565
1	145.867
1	143.622
1	226.831
1	257.874
1	156.908
1	221.359
1	162.988
1	125.152
1	170.883
1	214.984
1	217.146
1	196.101
1	204.364
1	156.99
1	245.649
1	162.252
1	216.363
1	292.514
1	157.126
1	220.627
1	211.484
1	225.168
1	169.021
1	146.727
1	198.108
1	344.862
1	193.986
1	143.384
1	279.8
1	139.193
1	158.193
1	138.184
1	165.876
1	211.179
1	183.897
1	184.376
1	167.448
1	267.76
1	186.932
1	206.131
1	199.342
1	304.433
1	189.811
1	250.546
1	201.946
1	171.617
1	189.778
1	207.11
1	156.284
1	216.232
1	189.302
1	173.027
1	138.95
1	199.65
1	153.408
1	279.96
1	188.996
1	177.169
1	151.308
1	164.472
1	263.572
1	255.412
1	154.404
1	201.283
1	370.33
1	129.317
1	170.014
1	188.999
0	33.7544
1	235.453
1	226.129
1	230.225
1	202.326
1	270.179
1	263.245
1	175.829
1	234.299
1	192.456
1	186.951
1	215.787
0	11.0385
1	272.851
1	206.736
1	140.278
1	231.187
1	280.432
1	221.143
1	176.381
1	294.849
1	184.715
1	250.781
1	240.679
1	158.724
1	257.562
1	364.139
1	261.312
1	193.017
1	177.722
1	198.732
1	225.802
1	224.382
1	197.707
1	121.265
1	253.844
1	189.681
1	142.926
1	253.404
1	159.468
1	158.814
1	188.946
1	160.648
1	248.636
1	265.604
1	267.548
1	174.325
1	136.843
1	246.818
1	210.201
1	155.519
1	189.208
1	304.633
1	197.832
1	304.057
1	287.65
1	166.408
1	175.832
1	298.875
1	226.999
1	151.222
1	218.454
1	136.104
1	256.184
1	248.397
1	175.108
1	199.225
1	179.811
1	177.564
1	210.37
1	166.707
1	285.384
1	171.463
1	147.564
1	152.466
1	186.071
1	162.223
0	18.5511
1	346.483
1	195.81
1	244.942
1	209.098
1	178.533
1	156.079
1	178.515
1	152.388
1	221.685
1	177.08
1	186.972
1	225.978
1	214.757
1	214.723
1	227.594
1	162.292
1	136.332
1	195.562
1	139.82
1	316.924
1	218.741
1	173.611
1	186.695
1	187.324
1	171.826
1	208.912
1	298.348
1	178.722
1	263.898
1	240.42
1	250.997
1	182.044
1	210.143
1	216.054
1	223.533
1	177.901
1	193.401
1	219.28
0	3.00266
1	192.586
1	130.394
1	278.077
1	154.779
1	369.747
1	189.397
1	350.524
1	247.441
1	127.59
1	220.837
1	268.032
1	189.788
1	155.985
1	201.64
1	227.51
1	190.113
1	159.187
1	293.171
1	258.691
1	258.902
1	166.093
1	234.6
1	178.649
1	213.729
1	163.882
1	163.948
1	244.928
1	218.234
1	185.12
1	203.068
1	175.853
1	297.133
1	193.873
1	234.521
1	248.463
1	273.055
1	245.127
1	226.009
1	236.109
1	301.63
1	177.186
1	198.53
1	259.066
1	180.683
1	145.379
1	201.483
1	157.034
1	151.973
1	137.339
1	262.165
1	124.843
1	143.768
1	310.841
1	195.401
1	360.524
1	204.532
1	286.442
1	214.785
1	217.512
1	179.05
1	198.168
1	188.035
1	205.968
1	134.601
1	190.543
1	146.886
1	160.291
1	215.914
1	131.96
1	137.181
1	235.405
1	181.693
1	151.998
1	145.061
1	207.025
1	257.775
1	388.678
1	284.394
1	220.438
1	177.362
1	241.602
1	219.99
1	200.107
1	390.993
1	262.461
1	237.379
1	199.771
1	249.716
1	197.865
1	159.546
1	172.945
1	136.686
1	158.121
1	186.223
1	167.648
1	176.206
1	218.062
1	168.753
1	364.154
1	194.457
1	172.804
1	220.61
1	222.012
1	264.807
1	267.646
1	146.402
1	110.927
1	158.138
1	227.393
1	157.966
1	168.148
1	217.846
1	191.074
1	142.854
1	259.663
1	157.314
1	204.717
1	296.594
1	192.437
1	132.528
1	346.601
1	175.51
1	229.988
1	167.431
1	283.946
1	207.965
1	181.508
1	264.109
1	175.42
1	226.999
1	164.228
1	173.218
1	209.854
1	133.913
1	205.839
1	257.533
1	207.7
1	238.926
1	186.685
1	187.388
1	174.4
1	209.186
1	175.188
1	108.08
1	154.242
1	205.291
1	171.135
1	236.385
1	224.116
1	174.227
1	155.755
1	255.987
1	200.206
1	236.348
1	198.396
1	241.12
1	227.949
1	147.72
1	225.743
1	180.403
1	168.349
1	283.044
1	364.526
1	177.544
1	252.611
1	246.707
1	309.699
1	213.43
1	183.875
1	353.916
1	208.146
1	182.907
1	214.642
1	164.58
1	203.293
1	203.681
1	192.021
1	220.631
1	219.909
1	149.012
1	477.614
1	170.181
1	178.42
1	148.274
1	163.31
1	226.38
1	245.59
1	317.495
1	243.87
1	228.926
1	188.633
1	155.504
1	207.533
1	164.151
1	213.974
1	233.331
1	166.993
1	234.967
1	211.055
1	153.89
1	217.227
1	226.739
1	188.803
1	170.466
1	184.303
1	183.81
1	157.11
1	148.541
1	216.381
1	294.276
1	186.554
1	217.343
1	198.719
1	161.62
1	170.999
1	230.912
1	275.588
1	205.398
1	153.425
1	203.322
1	328.691
1	204.628
1	203.797
1	153.999
1	343.868
1	228.986
1	208.178
1	122.935
1	154.407
1	166.409
1	176.21
1	194.337
1	468.596
1	241.42
1	176.759
1	203.996
1	168.531
1	213.217
1	158.757
1	291.963
1	195.884
1	261.764
1	211.823
1	387.917
1	153.329
1	192.313
1	128.014
1	176.395
1	280.772
1	202.493
1	135.389
