10000	10	9900	0.00208333
0.025641	0.253846	47974.6	0.459207	0.1
0	5.56368
0	3.859
0	19.8993
0	5.67702
0	3.92176
0	450.43
0	4.08649
0	42.3699
0	41.9407
0	95.2394
0	11.8574
0	168.177
0	84.4873
0	34.9459
0	0.967774
0	2.97211
0	1.47779
0	50.7967
0	189.489
0	9.32106
0	50.6241
0	19.7571
0	39.0011
0	54.012
0	5.18911
0	17.0945
0	12.3102
0	161.934
0	60.4448
0	25.6096
0	6.29697
0	31.8713
0	108.285
0	10.9032
0	22.1973
0	22.4341
0	314.548
0	103.512
0	3.94213
0	0.299639
0	208.917
0	21.4259
0	2015.68
0	46.7656
0	811.196
0	21.897
0	2.20242
0	14.0654
0	138.521
1	2227.66
0	2.53528
0	80.1037
0	1.43861
0	62.2214
0	4.94518
0	377.133
0	86.1143
0	14.061
0	31.9887
0	14.3303
0	2.40713
0	48.1141
0	2797.49
0	917.392
1	2699.62
0	1141.53
0	8.79453
0	15.4469
0	219.893
0	347.803
0	11.4666
0	0.751333
0	33.5689
0	21.6307
0	8.26179
0	8.45632
0	70.0303
0	105.919
0	2.83716
0	30.2455
0	72.3121
0	106.813
0	28.7421
0	1020.42
0	96.5128
0	27.3042
0	34.9367
0	34.3762
1	2890.14
0	5.61161
0	0.37152
0	23.9877
0	31.4866
0	3.7757
0	24.4438
0	32.8115
0	30.1524
0	3.39735
0	52.1671
0	16.245
0	204.995
0	56.3119
0	30.9349
0	95.3324
0	14.3274
0	37.0465
0	15.6097
0	49.9868
0	353.082
0	65.7729
0	82.1078
0	3.52074
1	1321.72
0	4.70451
0	8.83228
0	10.6115
0	117.026
0	94.8508
0	8.27253
0	91.8952
0	222.061
0	3.94639
0	41.4166
0	66.505
0	21.8408
0	82.83
0	55.4652
0	36.2172
0	6.59541
0	66.708
0	1.19059
0	375.832
0	31.0116
0	1120.61
0	274.311
0	1483
0	3.87968
0	21.8023
0	157.716
0	5.12793
0	2.46548
0	62.2265
0	12.8698
0	45.0027
0	1.44064
0	294.67
0	14.6299
0	195.859
0	15.0789
0	1.21675
0	13.896
0	67.3042
0	32.1788
0	246.939
0	38.7831
0	83.6455
1	1004.64
0	1756.96
0	1042.36
0	13.5581
0	71.4052
0	130.359
0	6.02016
0	77.2503
0	48.7802
0	73.0538
0	77.8014
0	35.3537
0	60.4002
0	6.75549
0	24.2661
0	47.5604
0	8.97143
0	2.86456
0	72.5177
0	142.795
0	5.97601
0	17.7093
0	36.4018
0	4.4732
0	8.0186
0	23.6771
0	4.76546
0	12.052
0	13.0706
0	171.415
0	4.51396
0	1.04482
0	2.07581
0	4923.68
0	12.0397
0	6.40129
0	91.8066
1	7193.54
0	230.323
0	0.202827
0	58.0761
0	6.50256
0	72.5471
0	125.726
0	22.738
0	36.4047
0	61.2605
0	3.17723
0	55.225
0	10.711
0	20.2156
0	27.8242
0	1.99635
0	58.9718
0	178.749
0	622.655
0	60.6359
0	23.096
0	1436.56
0	124.337
0	62.2153
0	68.4931
0	6.31283
0	18.8194
0	77.5436
0	154.688
0	11.8989
0	62.5706
0	13.533
0	21.7895
0	112.259
0	217.242
0	18.8085
0	15.586
0	27.1596
1	3905.73
0	2.50498
0	1396.25
0	5.34484
0	15.7398
1	1667.1
0	231.099
0	17.6118
0	26.1324
0	18.3555
0	3.56349
0	147.844
0	23.7847
0	15.5781
0	5.32103
0	81.389
0	28.4615
0	367.733
0	3.15814
0	130.36
0	9.67985
0	144.853
0	352.146
0	955.535
0	113.077
0	88.6485
1	5264.3
0	4.15115
0	82.7255
0	127.045
0	41.0131
0	21.8126
0	87.398
0	175.703
0	6.04837
0	17.7036
0	3.35846
0	306.245
0	102.044
0	150.39
0	32.7564
0	16.3043
0	25.2067
0	25.426
0	252.445
0	39.1317
0	7.11906
0	41.6508
0	155.038
0	32.7748
0	17.3968
0	440.167
0	43.5026
0	9.67151
0	10.0795
0	12.8663
0	18.958
0	12.1296
0	83.7286
0	46.9461
0	5.43371
0	965.757
0	23.035
0	51.4668
0	455.65
0	73.1689
0	1.4157
0	10.6763
0	232.575
0	390.524
0	68.7566
0	139.457
0	1.79392
0	17.1489
0	166.385
0	39.9971
0	530.472
0	1538.03
0	93.5412
0	1.90492
0	7.11327
0	47.9426
0	2206.56
0	1.40117
0	54.5707
0	0.554868
0	2.62809
0	4.42225
0	183.163
0	41.7147
0	18.3045
0	65.5316
0	172.688
0	282.852
0	16.1841
0	6.04067
0	401.11
0	123.306
0	13.548
0	0.250273
0	104.754
0	514.95
0	33.1046
0	110.071
0	92.0872
0	986.528
0	6.67664
0	81.7858
0	195.562
0	2790.63
0	15.2682
0	175.023
0	6.06779
0	73.478
0	1.5605
0	245.585
0	78.2706
0	17.445
0	34.2777
0	90.9066
0	77.9022
0	115.094
0	6.44625
0	1.46568
0	7.51906
0	153.811
0	153.366
0	64.0846
0	81.0864
0	39.3557
1	1472.62
0	18.4736
0	202.799
0	33.4067
0	25.9861
0	223.394
0	5.28324
0	1.76243
0	6.3638
0	1566.09
0	137.158
0	5.23879
0	199.832
0	44.94
0	35.92
0	384.405
0	22.8105
0	40.9099
0	32.0633
0	297.809
0	98.5492
0	5.90754
0	14.023
0	34.4598
0	275.248
0	400.971
0	68.3614
0	244.673
0	100.493
0	54.546
0	193.536
0	207.933
0	7.76587
0	376.474
0	183.738
0	66.6519
0	274.914
0	35.4205
0	76.6809
0	0.0516869
0	132.484
0	371.946
0	8.7573
0	46.5418
0	27.5321
0	20.9698
0	55.176
0	394.21
0	3.26897
1	739.528
0	21.2952
0	24.5025
0	148.355
0	749.47
0	59.0335
0	1109.95
0	158.221
0	89.3587
0	23.2103
0	34.1928
0	19.9491
0	20.3552
0	88.5401
0	126.564
0	601.54
0	369.431
0	28.0168
0	177.071
0	22.143
0	92.3004
0	12.7527
0	18.727
0	789.326
0	15.7073
0	0.310043
0	203.238
0	20.6564
0	32.8962
0	27.146
0	131.899
0	91.8357
0	3.8843
0	130.096
0	33.9786
0	367.195
0	60.8328
0	1.79437
0	40.4103
0	30.2285
0	11.9322
0	2.39453
0	470.159
0	1600.27
0	12.1817
0	13.9233
0	391.499
0	50.022
0	48.6312
0	2.47082
0	28.4446
0	212.449
0	67.7808
0	22.5869
0	41.5082
0	246.622
0	13.5954
0	267.847
0	79.9952
0	2.09716
0	19.5276
0	15.1643
0	20.7013
0	22.7402
1	5037.48
0	7.7505
0	74.4929
0	12.499
0	0.786755
0	19.6237
0	29.6596
0	1.96368
0	17.934
0	1425.35
0	3.06776
0	64.7851
0	39.3817
0	1030.53
0	323.889
0	4.15112
0	1.16362
0	5.03288
0	18.6202
0	158.339
0	39.1095
0	14.9065
0	0.283908
0	31.775
0	5.0862
0	505.007
0	3.94826
0	554.849
0	2.57151
0	16.2012
0	12.4942
0	60.3526
0	45.1249
0	2.00274
0	51.3155
0	79.4372
0	45.5729
0	48.0308
0	5.28152
0	24.9042
0	1609.6
0	33.7416
0	2.57278
0	102.405
0	28.5225
0	12.522
0	3.21399
0	54.6737
0	36.7869
0	19.7352
0	110.323
0	1494.05
0	67.801
0	7.73099
0	63.0309
0	1137.92
0	94.0447
0	30.2853
0	7.49989
0	243.151
0	7.82585
0	74.1484
0	44.8363
0	5.04102
0	145.536
0	18.6868
0	579.644
0	87.3552
0	26.6315
0	66.8047
0	249.245
0	4.35423
0	10.6292
0	10.9137
0	25.0004
0	18.8593
0	34.1998
0	90.3213
0	50.2114
0	18.151
0	227.836
0	609.483
0	109.159
0	61.4127
0	1205.03
0	790.054
0	61.5744
0	21.2085
0	33.9887
0	220.734
0	1022.3
0	15.1806
0	29.9485
0	38.4099
0	245.075
0	28.8573
0	18.414
0	68.9406
0	6.1824
0	166.58
0	1.70782
0	90.6491
0	187.178
1	1363.9
0	9.61697
0	337.679
0	306.508
0	2.52591
0	114.962
0	7.53025
0	167.362
0	2.977
0	33.5254
0	582.405
0	139.366
0	17.0702
0	4034.12
0	28.9285
1	904.474
0	1.21185
0	110.692
0	78.7733
0	19.9481
0	0.952618
0	9.54483
0	7.81806
0	17.6614
0	4.89002
0	145.165
0	24.981
0	37.1388
0	33.79
0	17.4273
0	2.33721
0	4.61154
0	2.79287
0	15.4767
0	31.3019
0	394.855
0	64.1813
0	391.123
0	58.1804
0	87.1859
0	13.1833
0	23.1448
0	34.6617
1	2074.61
0	43.1823
0	48.5584
0	41.5387
0	36.1196
0	19.3355
0	46.5473
0	16.5918
0	8.94069
0	59.8118
0	246.053
0	425.704
0	2.88401
0	50.7651
0	24.2295
0	4.20436
0	20.4989
0	27.9168
0	31.2422
0	35.0134
0	19.9321
0	68.5568
0	0.0552939
0	1.48093
0	46.5703
0	26.656
0	24.7436
0	30.1163
0	79.5208
0	29.4617
0	41.527
0	119.567
0	1.41947
0	115.679
0	2.79875
0	1.18274
0	4589.15
0	217.594
0	159.578
0	4.25005
0	853.668
0	1.68551
0	10.5005
0	103.036
0	68.4251
0	3.03501
0	18.1864
0	62.9839
0	18.5642
0	26.2237
0	122.117
0	20.0616
0	8.28796
0	60.0566
0	33.9809
0	11.027
0	38.7678
0	10.375
0	50.5427
0	76.2048
0	157.158
0	795.62
0	10.2291
0	50.177
0	9.99632
0	8.44459
0	51.1163
0	49.566
0	136.712
0	92.397
0	3.07965
0	250.052
0	153.601
0	0.429504
0	378.099
0	159.212
0	169.787
0	30.16
0	139.627
0	4.67296
0	516.837
0	10.734
0	121.79
0	34.2534
0	56.6868
0	21.4646
0	25.0167
0	540.317
0	215.653
0	117.103
0	57.3705
0	54.5429
0	123.747
0	28.2811
0	47.3168
0	18.251
1	1055.94
0	4.36305
0	204.904
0	79.327
0	46.2138
0	3272.4
0	15.8562
0	0.72218
0	8.00573
0	7.02663
0	81.9749
0	50.2025
0	8.21089
0	116.49
0	17.7212
0	49.2445
0	144.815
0	87.9164
0	204.617
0	7.02357
0	848.375
0	78.8604
0	188.794
0	58.822
0	97.7196
0	13.3345
0	0.622383
0	100.868
0	1320.29
0	7.90116
0	972.58
0	126.26
0	0.399776
0	0.58718
0	53.381
0	84.7991
0	53.4718
0	88.7989
0	15.8514
0	3611.86
0	56.6845
0	37.4502
0	55.0692
0	14.7552
0	287.847
0	6.61491
0	144.081
0	48.324
0	48.2316
0	1422.4
0	101.646
0	8.08092
0	0.635732
0	2.53936
0	28.604
0	8.99422
0	57.6384
0	89.6402
0	112.95
0	53.5451
0	232.731
0	9.74963
0	28.6757
0	30.9293
0	149.826
0	23.3196
0	4.05443
0	8.80568
0	16.834
0	2.11415
0	123.295
0	77.508
0	438.159
0	84.2003
0	5.92948
0	27.9516
0	258.631
0	24.082
1	652.883
0	293.645
0	46.8296
0	54.5189
0	1.56432
0	2.18383
0	21.0242
0	14.3245
0	6.04225
0	7.95324
0	1744.34
0	9.53122
0	46.1385
0	4.35265
0	32.4584
0	148.434
0	40.5345
0	125.38
0	32.4145
0	19.4016
0	115.664
0	37.863
0	143.592
0	3.69767
0	104.289
0	458.532
0	122.808
0	282.344
0	77.2446
0	93.245
0	653.647
0	108.037
0	30.7318
0	234.575
0	259.002
0	42.0078
0	15.1132
0	3.07572
0	11.3228
0	3.03679
0	914.484
0	7.73742
0	8.17972
0	37.828
0	17.8498
0	180.328
0	42.5268
0	13.0157
0	77.7267
0	35.1308
0	22.1167
0	23.4275
0	33.045
0	195.589
0	572.606
0	391.484
0	22.6835
0	30.0169
0	52.4588
0	39.3422
1	1279.61
0	11.7951
0	291.311
0	1210.59
0	410.612
0	53.6544
0	4.97866
0	19.5395
0	54.1311
0	169.407
0	2.51601
0	18.9204
0	766.588
0	44.5672
0	306.292
0	30.234
0	34.9971
0	230.068
0	6.71053
0	0.209485
0	830.729
0	340.725
0	10.4081
0	21.7677
0	688.772
0	54.6469
0	27.5104
0	50.181
0	155.905
0	58.1822
0	145.838
0	172.634
0	17.9746
0	3.47116
0	9.13885
0	17.8541
0	8.56619
0	5.66969
0	62.8657
0	297.067
0	8.45477
0	148.018
0	3.72365
0	23.2025
1	928.465
0	37.9597
0	35.6571
0	739.442
0	111.724
0	53.6703
0	5.82313
0	0.992479
0	18.8109
0	120.612
0	131.81
0	249.851
0	54.1151
0	243.141
0	20.7926
0	2.93491
0	2443.25
0	69.5231
0	178.89
0	472.562
0	153.431
0	193.303
0	211.874
0	2.22037
0	20.8941
0	13.8732
0	94.8319
0	68.6645
0	9.78473
0	17.487
0	134.076
0	3.28972
0	4.06042
0	141.688
0	1.91713
0	21.8974
0	1.59483
0	22.4102
0	150.368
0	11.6404
0	22.1894
0	8.42187
0	74.4276
0	73.2036
0	7.86081
0	83.7234
0	183.428
1	2233.01
0	5.85834
0	145.025
0	11.9275
0	32.4237
0	287.679
0	2431.4
0	92.6222
0	38.9476
0	1.31812
0	38.3366
0	4.28237
0	194.46
0	15.7389
0	93.4035
0	10.4422
0	16.8358
0	247.351
0	70.0614
0	11.4329
0	18.231
0	1.30934
0	143.781
0	30.6468
0	1.83248
0	7.60187
0	29.9977
0	131.027
0	128.406
0	328.865
0	103.734
0	1.11737
0	37.2407
0	63.8102
0	45.3835
0	22.2839
0	33.5883
0	97.0297
0	60.7421
0	19.6696
0	1.04928
0	54.4341
0	604.56
0	48.4172
0	27.0629
0	4.26502
0	24.6475
0	126.409
0	91.0672
0	29.0661
0	57.1348
0	22.8307
0	463.894
0	62.3298
0	98.3201
0	6.79985
0	13.4069
0	6.09153
0	0.204886
0	13.7139
0	475.446
0	121.761
0	471.738
0	9.09927
0	23.489
0	194.229
0	4.26716
0	171.214
0	20.7402
0	6.16928
0	24.3196
0	6.19799
1	675.102
0	40.5794
0	21.3396
0	47.9841
0	49.5848
0	1.42017
0	388.027
0	30.2742
0	203.272
0	177.007
0	275.226
0	17.9368
0	27.359
0	28.0295
0	14.7445
0	134.599
0	51.1692
0	60.4814
0	102.869
0	148.427
0	4.51014
0	3.1697
0	4.29427
0	18.6917
0	69.6288
0	12.8504
0	155.225
0	160.007
0	8.99948
0	15.9811
0	41.9993
0	211.921
0	119.349
0	1.53425
0	18.3981
0	7.25728
0	523.989
0	43.9729
0	28.9193
0	36.08
0	22.8484
0	197.332
0	6.37093
0	52.0256
0	35.7849
0	106.935
0	203.013
0	3.06158
0	2.95619
0	13.2364
0	326.28
0	307.726
0	816.419
0	5.31222
0	59.1695
0	34.5649
0	18.7327
0	10.4661
0	50.3072
0	83.8904
0	121.545
0	31.4092
0	13.2514
0	5.99029
0	25.145
0	337.435
0	67.6942
0	33.729
0	8.6221
0	45.5287
0	40.315
0	0.644658
0	55.3769
0	266.701
0	16.1572
0	14.7988
0	23.73
0	23.2443
0	18.6971
0	195.348
0	1597.54
0	394.376
0	27.9149
0	308.298
0	28.7496
0	3.08845
0	539.225
0	33.7444
0	40.0801
0	70.2711
0	1.66778
0	623.442
0	40.5297
0	4.89823
0	88.8796
0	35.4623
0	109.731
0	3024.86
0	335.211
0	47.4443
0	95.1907
0	47.3815
0	69.1179
0	319.972
0	9.69734
0	2.48236
0	103.368
0	4.76264
0	59.7251
0	133.704
0	32.0782
0	19.9956
0	23.6314
0	29.8717
0	187.049
0	45.9937
0	1.35769
0	136.739
0	429.612
0	338.803
0	37.3852
0	15.1603
0	44.2432
0	6.56566
0	18.3583
0	17.8192
0	1.49682
0	33.3547
0	71.0456
0	12.4307
0	156.742
0	6.65755
0	349.749
0	8.71158
0	176.832
0	5.42692
0	62.4923
0	7.50534
0	32.2278
0	439.806
0	718.16
0	23.4011
0	103.816
0	5.92676
0	455.657
0	148.735
0	6.68079
0	169.267
0	16.8219
0	18.5564
0	124.807
0	103.163
0	57.2879
0	15.0933
0	6.94913
0	135.522
0	97.834
0	21.0201
0	52.6336
0	125.888
0	270.914
0	15.018
0	3693.49
0	13.6557
0	45.2814
0	795.883
0	48.9876
0	730.857
0	109.005
0	28.3296
0	12.6154
0	65.1501
0	16.6852
0	182.314
0	55.8588
0	15.1566
0	116.766
0	30.1116
0	20.4671
0	430.439
0	133.644
0	116.452
0	38.9848
0	389.57
0	107.061
0	70.6981
0	33.4627
0	41.9037
0	60.7729
0	11.6455
0	12.6279
0	2.27811
0	3.04425
0	53.0977
0	3.44652
0	88.1399
0	4.04857
0	94.6319
0	14.7467
0	84.7078
0	0.639132
0	4.83608
0	6.85943
0	113.501
0	19.9035
0	51.7609
0	64.5485
0	103.24
0	14.4372
0	21.6057
0	90.9377
0	9.08234
0	6.43788
0	55.0331
0	26.4879
0	53.8747
0	196.379
0	27.6205
0	266.926
0	157.456
0	321.152
0	88.5284
0	21.3746
0	33.107
0	64.7325
0	130.671
0	419.198
0	117.07
0	3.26409
0	9.052
0	26.2827
0	2.46659
0	27.2728
0	77.4943
0	56.6036
0	30.6638
0	33.0425
0	23.4097
0	23.2507
0	77.4928
0	197.026
0	37.6637
0	2.0778
0	39.9842
0	14.5077
0	1.18962
0	82.7608
0	174.772
0	19.5184
0	100.331
0	79.3298
0	74.0858
0	6.4083
0	44.7246
0	184.858
0	178.974
0	1.66835
0	29.5648
0	17.1405
0	90.5445
0	84.1409
0	1.81002
0	199.923
1	3111.14
0	75.7438
0	217.774
0	21.7958
0	6.53395
0	44.4238
0	14.6975
0	27.7559
0	85.0578
0	280.898
0	5.53272
0	152.852
0	162.249
0	1.57032
0	99.8746
0	48.3984
0	59.4029
0	157.734
0	3.01649
0	276.94
0	7.62397
0	15.2331
0	110.953
0	80.5874
0	7.41041
0	247.44
0	10.0955
0	3.09605
0	18.9509
0	98.3574
0	61.837
1	1343.43
0	3.33895
0	46.6653
0	208.019
0	56.5425
0	11.9679
0	8.50216
0	15.1939
0	9.4062
0	14.5906
0	75.9552
0	21.0366
0	35.0787
0	9.88228
0	35.1065
0	118.111
0	85.1994
0	8.76125
0	62.2118
0	46.1967
0	32.2112
0	22.7672
0	27.8387
0	24.6827
0	5.20501
0	114.774
0	1.53361
0	106.276
0	19.6741
0	2.4685
0	1433.57
0	20.0371
0	236.184
0	378.465
0	28.491
0	49.9023
0	56.2607
0	32.544
0	61.6269
0	249.424
0	127.886
0	9.9609
0	43.9711
0	16.6761
0	302.147
0	14.8148
0	7.31426
0	31.0738
0	36.088
0	185.48
0	12.391
0	82.9986
0	4.02736
0	272.478
0	32.6284
0	318.622
0	16.0301
0	105.852
0	42.1485
0	6.84196
0	117.268
0	2093.87
0	7.52071
0	2.43471
0	11.583
0	42.7466
0	63.7774
0	302.167
0	156.628
0	47.8369
0	198.203
0	86.6156
0	39.003
0	143.011
0	24.7574
0	28.0072
0	122.823
0	41.0545
0	5.8049
0	1.77306
0	1039.45
0	172.624
0	1.06324
0	122.86
0	17.0593
0	8.90546
0	28.3681
0	19.967
0	96.5632
0	36.9083
0	16.398
1	2756.83
0	127.17
0	1198.92
0	10.3399
0	117.885
0	1.05689
0	23.3297
0	2.49097
0	917.106
0	17.3823
0	8.64117
0	22.3035
0	31.0998
0	502
0	98.1137
0	9.16203
0	2.87663
0	233.962
0	19.0495
0	4.44119
0	0.819246
0	5.2063
0	81.9422
0	2.86638
0	120.471
0	61.3177
0	21.7721
0	3.24251
0	45.324
0	12.4482
0	6.49936
0	1.14681
0	460.78
0	8.71703
0	1.07622
0	18.5769
0	43.2677
0	30.129
0	4409.92
0	18.6637
0	82.6801
0	33.6538
0	212.985
0	34.118
0	43.1454
0	32.8395
0	19.8212
0	108.556
0	40.5417
0	5.94826
0	658.674
0	126.444
0	27.1763
0	253.32
0	51.848
0	33.6373
0	41.4186
0	69.6404
0	53.1732
0	17.5073
0	93.0866
0	2.09601
0	22.4129
0	17.5877
0	4.9218
0	4.01783
0	0.453701
0	1288.29
0	101.269
0	134.864
0	207.257
1	1211.08
0	1469.19
0	610.686
0	173.557
0	29.9546
0	25.2247
0	39.5635
0	296.625
0	2222
0	8.53579
0	319.23
0	284.926
0	0.983303
0	15.5917
0	150.285
1	4242.96
0	6.46773
1	2859.74
0	9.7339
0	9.59769
0	34.3485
0	406.262
0	0.439101
0	132.799
0	9.46957
0	42.9869
0	68.9891
0	62.4739
0	0.930634
0	83.151
0	390.928
0	59.8399
0	37.3853
0	1771.63
0	87.1753
0	95.3056
0	71.5607
0	57.634
0	40.0037
0	16.3387
0	158.474
0	37.5562
0	80.3709
0	135.303
0	161.838
0	9.02807
0	6.21671
0	11.726
0	10.5078
0	17.2534
0	91.4654
0	13.8168
0	71.0148
0	96.6381
0	22.6165
0	69.9699
0	157.939
0	264.17
0	42.5645
0	13.7152
0	224.816
0	30.3847
0	6.12123
0	56.4124
0	95.1897
0	67.3729
0	30.7726
0	30.914
0	56.3373
0	236.001
0	109.563
0	67.7325
0	47.4284
0	18.1758
0	26.791
0	17.9445
0	5.90053
0	1073.53
0	95.0453
0	154.026
0	28.0952
0	27.2806
0	176.753
0	121.88
0	38.7633
0	18.4046
0	1.87886
0	39.9594
0	31.0847
0	14.6634
0	260.395
0	13.3026
0	5.59055
0	16.8103
0	57.0212
0	11.8011
0	181.345
0	239.63
0	125.52
0	64.0302
0	34.2573
0	30.7833
0	24.6314
0	18.0378
0	12.0535
0	78.1529
0	25.6683
0	14.1324
0	118.106
0	13.9038
0	32.5528
0	1985.26
0	46.165
0	198.191
0	6.91474
0	58.8764
0	494.273
0	12.9238
0	14.7589
0	77.9653
0	6.50548
0	3.50006
0	3.7748
0	97.081
0	32.4182
0	456.132
0	39.0719
0	42.9214
0	3.31474
0	44.3376
0	646.088
0	9.80869
0	12.8598
0	26.6413
0	46.4862
0	194.447
0	25.7798
0	214.417
0	16.2304
0	23.4242
0	26.9154
0	17.2864
0	9.53937
0	60.037
0	22.8616
0	14.2332
0	31.1326
0	66.3754
0	67.3746
0	59.779
0	43.5559
0	9.84196
0	7.67933
0	28.8078
0	108.979
0	2.12572
0	21.6976
0	64.9448
0	72.12
0	1.1337
0	82.9176
0	258.925
0	34.6844
0	213.137
0	91.5964
0	68.9415
0	2.58392
0	268.451
0	193.694
0	15.1986
0	24.0286
0	8.23688
0	76.1061
0	6.18817
0	51.5946
0	32.1062
0	12.1536
0	6.36146
0	113.868
0	267.815
0	91.4839
0	225.357
0	17.4124
0	14.7414
0	26.678
0	43.0881
0	1837.62
0	25.4615
0	378.783
0	225.636
0	15.1706
0	1.76141
0	9.69078
0	63.646
0	7.13299
0	9.84774
0	298.799
0	5.54332
0	48.0036
0	27.4372
0	12.0031
0	229.493
0	224.316
0	4.95484
0	200.745
0	9.82137
0	17.4562
0	274.751
0	1528.28
0	68.916
0	60.6079
0	113.845
0	54.2554
0	77.2343
0	26.8609
0	30.1175
0	9.5852
0	972.558
0	85.0395
0	61.0646
0	44.5292
0	92.7715
0	82.8922
0	15.4554
0	48.9623
0	1.92835
0	386.844
0	211.924
0	31.5046
0	6.24966
0	5.31079
0	104.96
0	72.7433
0	16.9087
0	16.3344
0	9.10528
0	72.6887
0	52.5363
0	2.17596
0	64.6517
0	1298.33
0	61.1047
0	2.47047
0	72.9712
0	900.661
0	262.092
0	50.9246
0	44.0009
0	50.172
0	19.5731
0	55.9085
0	264.283
0	5.32767
0	28.616
0	0.965581
0	40.7681
0	2.74961
0	66.6109
0	42.8036
0	58.3323
0	10.7166
0	11.0574
0	98.5926
0	85.568
0	67.6409
0	294.553
0	0.216086
0	14.1174
0	161.795
0	19.4085
0	16.8699
0	8.10893
0	129.412
0	0.60681
0	9.30756
1	3546.06
0	112.851
0	15.2415
0	3050.04
0	15.4562
0	148.229
0	8.2706
0	176.622
0	33.8775
0	101.42
0	49.2946
0	2.32248
0	15.4378
0	212.106
0	4495.91
0	41.186
0	29.5729
0	586.428
0	1.7692
0	2573.99
0	268.024
0	7.87272
0	50.6224
0	114.653
0	5.60299
0	1.63139
0	119.82
0	69.2932
0	10.6221
0	64.6071
0	62.8798
0	39.049
0	44.9425
0	91.9394
0	29.8195
0	339.308
0	6.62386
0	14.8052
0	1.18353
0	56.7082
0	181.107
0	64.8736
0	59.2551
0	921.936
0	133.787
0	3.54331
0	8.46611
0	21.2201
0	56.3246
0	35.7685
0	860.813
0	2.99189
0	18.0203
0	39.4905
0	29.582
0	107.252
0	37.8663
0	33.7922
0	115.492
0	40.7602
0	5.44981
0	75.5753
0	105.917
0	36.3732
0	434.999
0	318.563
0	26.3231
0	83.3911
0	30.0278
0	15.1971
0	62.8323
0	117.008
0	43.9704
0	292.891
0	51.4732
0	425.284
0	515.438
0	943.069
0	778.346
0	280.532
0	1274.66
0	8.23899
0	28.9535
0	23.5052
0	70.6552
0	30.1734
0	164.724
0	14.1057
0	64.1485
0	6.00452
0	257.195
0	2.5996
0	36.2113
0	81.4957
0	250.205
0	30.902
0	26.7432
0	4.64268
0	49.0259
0	4.39602
0	79.616
0	237.278
0	20.8466
0	8.94412
0	171.126
0	22.1662
0	182.095
0	178.383
0	703.325
0	79.6984
0	27.2658
0	124.148
0	47.6813
0	38.6046
0	0.118994
0	31.0676
0	1.91056
0	213.093
0	33.6238
0	29.6803
0	30.9044
0	295.244
0	23.9861
0	234.297
0	19.6358
0	34.6853
0	99.3704
0	187.811
0	557.972
0	96.1621
0	1.03652
0	19.6133
0	34.7567
0	201.699
0	4.95632
0	354.142
0	2.0731
0	51.5267
0	195.734
0	28.0818
0	29.0451
0	17.3505
1	1090.15
0	9.43783
0	15.8239
0	7.30606
0	1.96965
0	558.391
0	305.84
0	106.728
0	23.3009
0	3.34288
0	19.719
0	0.840286
0	59.8022
0	47.776
0	1.42907
0	17.7997
0	5.15531
0	74.7855
0	7.45098
0	1340.58
0	82.8334
0	18.623
0	28.4201
0	193.107
0	3.67874
0	4.71993
0	2.70281
0	97.007
0	2.08518
0	46.5351
0	204.146
0	11.2799
0	41.4423
0	37.6596
0	6.64057
0	62.8713
0	26.9029
0	45.5128
0	84.2836
0	22.4318
0	108.932
0	1137.52
0	87.2591
0	23.6905
0	6.2499
0	26.0662
0	8.51688
0	23.9112
0	7.44504
0	1.2005
0	11.3972
0	2.29378
0	20.3181
0	1535.28
0	131.705
0	313.549
0	350.549
0	29.2871
0	0.137493
0	33.2118
0	11.0754
0	773.02
0	258.551
0	80.3378
0	9.23152
0	1320.12
0	32.4698
0	13.3705
0	332.087
1	2471.67
0	14.6848
0	30.4214
0	4.58774
0	152.538
0	1108.62
0	3.08074
0	7.90857
0	134.941
0	910.115
0	14.3733
0	86.9564
0	56.0614
0	282.093
0	1039.57
0	383.48
0	35.0577
0	20.6638
0	36.6354
0	45.7404
0	14.185
0	9.17344
0	644.852
0	393.728
0	2.20257
0	147.06
0	65.4507
0	135.303
0	9.72616
0	23.3125
0	3.3093
0	7.81407
0	29.3711
0	2.75477
0	227.07
0	1.38242
0	499.807
0	54.0854
0	59.7756
0	14.2056
0	16.5321
0	35.0422
1	656.543
0	0.318361
0	50.3341
0	21.8843
0	731.341
0	92.3134
0	21.1992
0	96.5486
0	79.7784
0	68.5786
0	9.41493
0	564.543
0	2.296
0	12.7648
0	204.941
0	95.4574
0	5.13437
0	182.397
0	6.10571
0	36.8217
1	817.631
0	97.6199
0	3.59948
0	353.171
0	37.3357
0	1.29045
0	19.7808
0	292.595
0	78.8185
0	63.2453
0	71.9252
0	67.6806
0	24.3137
0	38.3244
0	67.0643
0	22.37
0	1.75185
0	255.231
0	240.817
0	266.715
0	32.8446
0	3.67348
0	311.167
0	56.2439
0	147.71
0	4.15184
0	5.62231
0	50.402
0	24.957
0	0.116593
0	142.891
0	405.084
0	17.5218
0	1173.7
0	11.9705
0	107.375
0	2.4445
0	6.25902
0	1.14317
0	152.3
0	81.1504
0	1577.89
0	8.04117
0	6.27174
0	13.0602
0	580.186
0	83.307
0	2.94899
0	16.6667
0	257.205
0	19.896
0	33.1811
0	4.20548
0	185.691
0	25.1493
0	326.65
0	103.769
0	46.5245
1	1263.37
0	13.4284
0	44.8198
0	7.62595
0	4.75094
0	37.3849
0	70.2732
0	3.6766
0	21.7584
0	12.8077
0	10.7452
0	13.1014
0	25.8238
0	73.611
0	1.87055
0	7.21262
1	1376.56
0	30.9856
0	56.7832
0	44.3095
0	146.776
0	1.8554
0	8.18394
0	76.6511
0	27.8799
0	38.4786
0	156.516
0	55.3733
1	1662.79
0	36.7089
0	5.36879
0	34.7041
0	226.672
0	8.07962
0	176.686
0	5.35857
0	17.667
0	22.021
0	11.1124
0	469.732
0	11.2917
0	83.9797
0	13.1477
0	7.55699
0	3060.15
0	34.2511
0	1.1517
0	20.5705
0	15.3041
0	51.156
0	19.0665
0	23.8837
0	9.30718
0	24.4657
0	107.587
0	322.366
0	11.9249
0	43.9567
0	28.9245
0	32.7376
0	44.8709
0	110.555
0	14.7639
0	33.3178
0	26.6328
0	395.001
0	17.1527
0	42.0125
0	798.717
0	0.01409
0	10.978
0	97.839
0	195.5
0	40.1181
0	3.67469
0	212.969
0	43.2205
0	250.038
0	52.839
0	54.6196
0	14.8483
0	124.906
0	1005.53
0	579.592
0	9.36195
0	27.0479
0	54.3452
0	8.23834
0	79.8527
0	79.6157
0	4.99389
0	397.922
0	173.685
0	11.9613
0	66.0484
0	249.582
0	11.3116
0	6.1931
0	80.3767
0	419.367
0	18.1972
0	58.3701
0	114.889
0	15.5581
0	22.4098
0	179.327
0	2.97556
0	190.407
0	2173.15
0	27.8399
0	18.1937
0	11.6997
0	53.2859
0	146.559
0	9.11021
0	36.0312
0	14.9978
0	43.1514
0	48.5773
0	301.149
0	19.4972
0	19.3435
0	9.40988
0	21.2807
0	580.413
0	15.0574
0	46.9281
0	1322.24
0	8.62011
0	34.0304
0	1462.47
1	1921.98
0	29.4375
0	26.9108
0	23.0421
0	3.33075
0	155.649
0	2.10274
0	302.875
0	80.0226
0	150.198
0	85.0135
0	2.086
0	11.4009
0	43.9173
0	66.5184
0	598.276
0	9.01094
0	2.14809
0	1.38809
0	49.9478
0	420.151
0	61.5381
0	42.2711
0	75.2663
0	5.79049
0	11.0689
0	105.237
0	24.0399
0	145.61
0	0.387488
0	41.3138
0	67.7786
0	100.281
0	30.7085
0	0.987181
0	213.847
0	1.77452
0	15.5623
0	111.876
0	192.65
0	7.22033
0	115.712
0	2.19278
0	496.277
0	6.61559
0	87.4217
0	88.6413
0	40.6597
0	212.178
0	7.08688
0	169.062
1	719.449
0	48.3242
0	46.2595
0	133.395
0	96.5848
0	286.221
0	433.73
0	251.675
0	213.942
0	10.8057
0	62.0363
0	12.2144
0	1.46713
0	168.922
0	28.4702
0	266.161
0	539.284
0	31.2837
0	77.6652
0	90.3919
0	256.177
0	110.222
0	15.1741
0	20.8838
0	15.2105
0	10.4367
0	1.58774
0	15.6345
0	177.363
0	174.118
0	25.0273
0	19.2728
0	600.409
0	79.2565
0	14.6397
0	57.2768
0	33.6614
0	878.658
0	7.27538
0	14.379
0	63.2082
0	22.5313
0	45.255
0	199.36
0	0.655386
0	491.122
0	26.6465
0	105.383
0	0.191171
0	21.5853
0	664.715
0	877.713
0	115.238
1	1545.28
0	254.872
0	215.49
0	15.6992
0	153.485
0	31.6193
0	406.016
0	45.349
0	38.0643
0	0.866157
0	2.73453
0	69.2047
0	1.30655
0	14.2056
0	27.7503
0	2.57289
0	159.165
0	57.7156
0	15.3281
0	1072.28
0	16.9469
0	748.459
0	65.4082
0	26.8905
0	64.6909
0	116.141
0	123.074
0	2.49753
0	363.506
0	8.17895
0	364.372
0	3.74858
0	6.23938
0	140.59
0	135.3
0	3257.26
0	19.4712
0	15.4934
0	33.935
0	8.77036
0	1.10624
0	14.4566
0	309.754
0	111.32
0	26.7579
0	31.5376
0	20.5361
0	93.6223
0	23.5067
0	1.3674
0	232.415
0	200.293
0	32.3787
0	26.3582
0	962.291
0	214.982
0	20.0328
0	79.2445
0	3.1227
0	34.337
0	1.75216
1	486.748
0	94.4563
0	132.131
0	162.355
0	5.35654
0	25.992
0	27.9383
0	93.7468
0	39.2715
0	13.5567
0	7.68569
0	3171.55
0	0.871912
0	16.8039
0	135.778
0	5.11027
0	62.7669
0	63.399
0	95.9756
0	13.8581
0	0.380932
0	14.9839
0	34.565
0	124.445
0	52.6615
0	25.1469
0	18.8807
0	4.76531
0	123.81
0	43.533
0	8.25835
0	0.926586
0	140.178
0	278.976
0	3.98006
0	118.405
0	106.864
0	80.9459
0	23.505
0	59.3356
0	94.6559
0	27.0841
0	10.1761
0	476.158
0	987.572
0	154.568
0	102.587
1	5177.63
0	2206.64
0	37.9716
0	26.0223
0	114.504
0	16.3683
0	47.4434
0	0.0807227
0	4.92927
0	3.30468
0	12.4438
0	42.2874
0	115.017
0	1470.71
0	39.3777
0	4471.42
0	5.87992
0	240.707
0	109.372
0	114.43
0	16.274
0	142.865
0	11.1452
0	59.6489
0	7.02072
0	248.166
0	88.7181
0	7.65302
0	40.8391
0	20.3169
0	95.3425
0	25.2552
0	36.2505
0	52.7411
0	13.9433
0	12.2723
0	7.41928
0	269.071
0	1.43056
0	60.3121
0	45.1644
0	355.805
0	23.0075
0	30.29
0	122.209
1	924.633
0	2.89723
0	29.4279
0	4.58727
0	500.484
0	72.9104
0	325.172
0	23.9482
0	0.141815
0	42.3637
0	171.834
0	73.2807
0	297.576
0	1958.42
0	35.5144
0	376.114
0	2131.74
0	2.58151
0	38.4291
0	93.6932
0	15.5205
0	85.8616
0	45.4858
0	1323.41
0	41.0965
0	34.0273
0	8.0579
0	46.3521
0	15.3414
0	6.88255
0	3.0884
0	8.9673
0	1.53496
0	110.194
0	5.21782
0	48.2488
0	30.2833
0	25.0076
0	60.4259
0	31.4636
0	40.4049
0	380.701
0	134.614
0	46.3426
0	29.3396
0	82.7773
0	6.62751
0	2.50282
0	2.36587
0	49.9139
0	0.935793
0	166.094
0	10.6714
0	10.0937
0	52.6429
0	366.255
0	28.1566
0	19.0787
0	1033.18
0	274.017
0	1.94367
0	69.0157
0	5.51138
0	13.2012
0	6.8806
0	18.0113
0	32.6887
0	51.9592
0	5.9329
0	166.353
0	7.65446
0	103.447
0	6.79802
0	12.1202
0	18.9573
0	85.9925
0	39.1086
0	476.921
0	1.22101
0	36.6935
0	44.7488
0	47.8212
0	128.02
0	12.229
0	39.9466
0	14.5715
0	499.066
0	109.846
0	6119.16
0	22.336
0	82.1325
0	237.45
0	19.5975
0	1.89278
0	10.6599
0	219.409
0	52.7504
0	29.9264
0	4.0388
0	9.42219
0	133.654
0	205.775
0	1610.54
0	74.7849
0	147.84
0	19.056
0	29.9917
0	2.51552
0	42.6608
0	208.328
0	22.5815
0	12.4646
0	54.8751
0	5.71667
0	35.262
0	14.0127
0	8.13075
0	90.0816
0	248.801
0	1596.21
0	12.1206
0	145.628
0	2.25059
0	123.557
0	17.8823
0	66.8548
0	863.041
0	3.09785
0	26.6781
0	2.04097
0	111.806
0	234.503
0	277.882
0	2942.1
0	13.3097
0	1.10984
0	12.4994
0	46.338
0	7.28171
0	3.24864
0	38.1468
0	30.1698
0	48.7798
0	24.0633
0	510.505
0	91.9068
0	5.26162
0	76.4118
0	0.171661
0	26.3382
0	11.0795
0	6.39824
0	99.1526
0	847.64
0	6.89665
0	43.066
0	55.3872
0	99.2427
0	27.7883
0	110.295
0	5.15471
0	364.233
0	13.4176
0	15.3328
0	58.2789
0	4.3655
0	453.499
0	2.64013
0	31.9139
0	39.9369
0	43.1659
0	72.9993
0	24.4931
0	78.0742
0	25.759
0	97.9728
0	32.5576
0	18.301
0	168.336
0	13.8671
0	255.174
0	1.08954
0	37.4353
0	71.9954
0	40.3683
0	13.6489
0	4.99802
0	16.0162
0	9.42727
0	17.5008
0	17.7067
0	665.209
0	295.555
0	92.3009
0	11.6419
0	49.4379
0	6.33127
0	288.449
0	2.13089
1	2497.04
0	6.91224
0	50.2422
0	28.0533
0	6.87746
0	32.7458
0	39.0908
0	47.5931
0	33.1359
0	31.3199
0	246.563
0	25.7623
0	1022.77
1	2854.32
0	84.6504
0	117.098
0	442.281
0	3.98899
0	2598.91
0	51.1454
0	3.82944
0	31.4079
0	23.3177
0	41.4571
0	14.7648
0	44.1263
0	14.3183
0	215.191
1	1178.02
0	0.391396
0	113.035
0	91.2364
0	244.49
0	115.991
0	688.891
0	322.849
0	7.28597
0	0.118199
0	1250.14
0	29.6349
0	100.712
0	101.908
0	97.4412
0	1.56842
0	3.84974
0	222.951
0	7.93752
0	43.0582
0	36.4231
0	72.2847
0	117.631
0	133.933
0	1.29281
0	11.6026
0	30.1703
0	374.518
0	503.887
0	32.4983
0	463.486
0	52.2123
0	13.7547
0	5.55252
0	1.40618
0	75.3862
0	168.683
0	15.2262
0	82.2709
0	5.99937
0	132.775
0	22.5869
0	30.8119
0	12.8114
0	535.159
0	99.9056
0	25.1957
0	157.486
0	9.2899
0	51.6393
0	89.7153
0	690.073
0	127.173
0	94.964
0	14.6689
0	387.404
0	207.527
0	167.514
0	51.5433
0	50.185
0	37.7788
0	270.393
0	200.171
0	0.194673
0	15.5575
0	976.917
0	34.9139
0	1.14469
0	72.3034
0	22.4872
0	51.5842
0	1.74226
0	68.613
0	47.29
0	49.4124
0	34.1624
0	12.3363
0	10.8892
0	32.0662
0	2.36906
0	26.9487
0	28.0894
0	4.41764
0	18.718
0	161.269
0	33.948
0	18.7194
0	130.046
0	42.629
0	12.5459
0	352.593
0	40.8886
0	1.93055
0	50.1187
0	1.39835
0	34.2168
0	2302.34
0	194.214
0	8.97815
0	16.8321
0	21.5106
0	0.174438
0	71.1826
0	45.9832
0	24.147
0	285.091
0	12.6441
0	237.978
0	19.5479
0	13.1308
0	55.7512
0	39.0625
0	3.00619
0	8.80203
0	22.347
0	3.24907
0	16.4114
0	16.1918
0	26.735
0	210.422
0	9.97861
0	4.4368
0	156.476
0	42.8899
0	37.3618
0	6.27456
0	13.6097
0	21.4331
0	135.579
0	141.933
0	55.7696
0	33.6904
0	90.9285
0	28.0766
0	302.242
0	3.36025
0	1.4663
0	5.36807
0	37.2497
0	15.3967
0	7.65137
0	66.6981
0	13.4695
0	6.20188
0	114.337
0	1555.36
0	2159.49
0	79.49
0	727.673
0	36.2166
0	966.9
0	23.1183
0	2396.61
0	10.8638
0	468.536
0	3.69932
0	14.1344
0	222.512
0	27.0345
0	26.4422
0	0.553568
0	15.7015
0	17.8291
0	22.5386
0	295.411
0	81.6459
0	76.0866
0	1.18486
0	1.44364
0	47.5687
0	5.17716
0	822.206
0	42.9006
0	139.307
0	160.489
0	802.956
0	110.338
0	238.787
0	474.056
0	398.376
0	26.8832
0	465.208
0	368.142
0	23.3775
0	29.8407
0	98.3611
0	57.97
0	66.1521
0	20.5607
0	7.81492
0	145.299
0	88.431
0	580.863
0	13.25
0	9.1143
0	0.326735
0	26.1145
0	0.13837
0	185.057
0	103.441
0	15.6122
0	52.7568
0	9.2607
0	34.2324
0	317.392
0	27.6904
0	214.534
0	7.25835
0	13.0514
0	47.386
0	105.184
0	3.4075
0	117.295
0	24.0331
0	240.625
0	5992.69
0	131.239
0	148.601
0	32.8166
0	15.1853
0	3.78967
0	2.4811
0	8.29263
0	18.7178
0	1683.86
0	2.75041
0	0.37448
0	1.5561
0	14.0884
0	12.0911
0	12.1624
0	3.35787
0	52.1114
0	56.3044
0	23.6781
0	17.6441
0	11.4686
0	28.4656
0	19.2055
0	244.15
0	48.863
0	18.0581
0	10.8542
0	159.948
0	2.12497
0	20.371
0	73.1518
0	12.7169
0	7.37677
0	230.652
0	100.984
0	144.945
0	312.624
0	13.1688
0	74.4458
0	3.81262
0	28.1116
0	71.4499
0	238.914
0	3.21388
0	2467.1
0	134.657
0	977.624
0	31.2848
0	30.6403
0	5.26976
0	70.9008
1	2022.96
0	3.71212
0	232.304
0	117.929
0	0.536716
0	38.7301
0	434.003
0	1256.45
0	12.9192
0	37.7683
0	41.2704
0	2.04634
0	7.22596
0	128.325
0	45.0895
0	6.76363
0	4.49257
0	2.93357
0	33.004
0	16.2873
0	73.8517
0	22.3206
0	70.6448
0	323.713
0	78.909
0	673.131
0	35.8757
0	79.1293
0	0.646587
0	48.0722
0	2.20676
0	0.968553
0	21.0757
0	15.737
0	14.6067
0	523.015
0	11.6317
0	309.653
0	0.982203
0	2.30753
0	13.5981
0	2200.3
0	327.408
0	44.6747
0	33.684
0	129.727
0	7.23698
0	5.96452
0	25.5956
0	321.952
0	8.28288
0	26.8245
0	361.605
0	53.3667
0	99.4413
0	45.2571
0	52.3354
0	3.155
0	40.2961
0	221.166
0	272.844
0	36.6254
0	81.4075
0	514.69
0	102.696
0	59.6676
0	666.802
0	13.3791
0	11.088
0	0.562062
0	404.405
0	107.575
0	59.3711
0	488.041
0	781.654
0	15.1954
0	56.0342
0	6.93078
0	99.0739
0	23.4364
0	80.5288
0	5.28537
0	434.435
0	7.06107
0	65.6806
0	67.2984
0	1.59234
0	1898.54
0	36.4005
0	82.0904
0	7.49477
0	18.744
0	115.944
0	20.5216
0	60.6239
0	134.328
0	175.277
0	10.5522
0	2.00319
0	105.645
0	95.7185
0	25.4504
0	333.197
0	244.018
0	7.46877
0	150.761
1	1103.02
0	23.9873
0	72.2387
0	31.3148
0	56.7211
0	20.2591
0	43.4789
0	0.844125
0	61.3321
0	95.2855
0	51.4674
0	240.826
0	52.4961
0	133.271
0	73.892
0	51.0075
0	86.5444
0	28.0452
1	591.532
0	56.2226
0	26.7951
0	169.948
0	100.471
0	92.859
0	223.827
0	159.151
0	171.857
0	47.1697
0	40.2435
0	182.715
0	45.2527
0	16.0706
1	949.062
0	102.077
0	215.265
0	22.0754
0	0.597131
0	36.275
0	118.387
0	23.1262
0	26.5486
0	45.0262
0	0.571491
0	135.851
0	374.398
0	13.7354
0	33.4541
0	34.797
0	73.1563
0	765.5
0	11.2736
0	1395.33
0	12.2134
0	142.446
0	125.26
0	25.5205
0	225.332
0	53.6771
0	22.4496
0	277.566
0	2.02206
0	2.4101
0	128.944
0	27.6387
0	250.956
0	189.335
0	187.298
0	31.7188
0	8.685
0	778.62
0	121.852
0	173.147
0	188.208
0	46.9012
0	20.9968
0	68.3791
0	67.1434
0	28.2279
0	156.676
0	23.9347
0	1128.25
0	8.09059
0	111.534
0	27.3731
0	422.304
0	1.1917
0	482.646
0	11.2162
0	24.0003
0	143.278
0	47.4222
0	7.0743
0	435.447
0	156.092
0	110.595
0	224.017
0	3.61442
0	4.67049
0	9.16324
0	221.797
0	22.6392
0	2.7868
0	536.762
0	71.3849
0	4.28085
0	11.5571
0	7.62923
0	42.4741
0	19.1777
0	49.5747
0	76.6032
0	3.13981
0	10.0913
0	107.22
0	403.854
0	835.275
0	5.15325
0	249.663
0	43.1243
0	203.149
0	4.60719
0	59.1925
0	73.9783
0	16.8347
0	485.582
0	53.5344
0	17.4199
0	24.8544
0	49.0891
0	316.811
0	30.5141
0	73.4185
0	70.4995
0	1801.71
0	19.411
0	46.6688
0	15.8271
0	30.9123
1	1363.07
0	3700.87
0	31.8253
0	8.98357
0	38.1635
0	42.0407
0	5.60602
0	10.806
0	23.0795
0	49.2559
0	3.8596
0	556.893
0	38.2144
0	26.3112
0	102.629
0	1.46126
0	118.943
0	656.919
0	36.7203
0	149.332
0	100.16
0	107.062
0	44.623
0	21.607
0	4.77156
0	1.83281
0	31.969
0	72.0519
0	238.399
0	188.665
0	17.7888
0	140.937
0	2.37837
0	50.6898
0	38.4347
0	3.20115
0	26.584
0	72.0706
0	92.1556
0	693.22
0	9.32999
0	17.586
0	505.132
0	73.1415
0	23.1723
0	244.742
0	7.43562
0	1.43039
0	48.5343
0	2.01121
0	908.497
0	15.6079
0	1058.11
0	57.256
0	14.5072
0	16.2517
0	1267.25
0	78.767
0	26.399
0	9.85485
0	141.05
0	35.6961
0	222.423
0	781.865
0	61.8204
0	146.882
0	123.327
0	307.852
0	320.658
1	767.468
0	202.295
0	29.0348
0	21.1846
0	130.114
1	902.509
0	29.9367
0	89.5212
0	3.38903
0	17.522
0	0.437003
0	3.83825
0	101.297
0	28.8674
0	576.025
0	65.4331
0	5.75177
0	21.809
0	8.31059
0	48.1958
0	141.378
0	2.56676
0	29.7026
0	7.74767
0	4.79877
0	122.405
0	27.2714
0	6.23606
0	97.0374
0	4.93727
0	26.0758
0	63.1587
0	72.4679
0	1.33355
0	42.6867
0	68.1162
0	5.84208
0	52.715
0	29.7056
0	28.2175
0	69.3859
0	72.2184
0	109.04
0	27.3628
0	118.75
0	10.3085
0	143.001
0	25.8163
0	19.9773
0	42.3034
0	159.637
0	1.33318
0	0.56551
0	35.3956
0	12.9854
0	62.009
0	103.515
0	48.8155
0	9.30997
0	94.1721
0	24.2907
0	23.6605
0	40.9878
0	1.91313
0	85.4205
0	14.0106
0	185.636
0	13.8019
0	13.554
0	5.70151
0	1438.76
0	25.5193
0	20.5594
0	43.9385
0	145.193
0	12.6788
0	9.72844
0	0.780352
0	21.8533
0	20.2679
0	5.78041
0	134.379
0	97.3908
0	406.206
1	2162.64
0	180.275
0	46.9821
0	275.694
0	83.1359
0	8.42637
0	105.306
0	69.5766
0	13.8389
0	1008.07
0	2.25502
0	1.70405
0	37.9157
0	65.2037
0	19.0316
0	26.1083
0	58.654
0	7.80867
0	7.02093
0	5.03821
0	256.529
0	21.9532
0	10.653
0	1.52775
0	134.725
0	48.0424
0	23.4912
0	6.67343
0	46.8304
0	58.8773
0	202.796
0	51.3274
0	8.3755
0	111.605
0	13.0545
0	30.9776
0	139.851
0	167.917
0	44.912
0	65.7427
0	159.865
0	179.074
0	89.0789
1	1775.1
0	81.7435
0	46.2733
0	37.417
0	36.6637
0	31.0112
0	72.2075
0	3.3693
0	238.414
0	17.5584
0	9.2726
0	1434.58
0	14.8287
0	2.51164
0	7.29285
0	40.2816
0	15.8521
0	2.09665
0	183.038
0	463.396
0	116.413
0	27.6896
0	6.73148
0	19.1248
0	6.65442
0	252.669
0	34.3993
0	66.8673
0	664.892
0	0.83994
0	26.7818
0	8.91931
0	30.7005
0	116.715
0	77.6127
0	82.6555
0	367.713
0	258.513
0	832.527
0	12.3177
0	0.793683
0	4.79108
0	5.85363
0	0.357008
1	849.017
0	554.78
0	6.34173
0	12.4132
0	23.167
0	21.6359
0	6.84336
0	881.253
0	14.0153
0	25.6997
0	13.2909
0	318.741
0	201.172
0	13.4304
0	104.255
0	21.6956
0	2.00233
0	9.3448
0	4.2132
0	140.853
0	288.467
0	80.74
0	136.673
0	43.4391
0	79.5959
0	37.3168
0	157.089
0	6.43364
0	168.85
0	26.3557
0	25.848
0	1658.12
0	1.71957
0	102.128
0	9.3862
0	51.2711
0	2.08992
0	383.839
0	0.792638
0	177.52
0	200.918
0	134.639
0	40.7855
0	18.3569
0	7.16127
0	29.6771
0	114.62
0	46.7008
0	37.4768
0	27.5002
1	1385.35
0	2.3934
0	178.347
0	47.6696
0	43.2372
0	108.257
0	58.2862
0	12.4865
0	50.3645
0	3.33699
0	10.0777
0	0.240947
0	384.671
0	9.4601
0	28.9262
0	23.7217
0	13.4676
0	360.383
0	50.9158
0	162.982
0	323.375
0	29.1225
0	35.3452
0	1.89205
0	18.8535
0	43.5873
0	111.453
0	1.55398
0	30.418
0	7.94818
0	40.4318
0	5.84362
0	24.4856
0	99.5361
0	50.0481
0	27.0184
0	6.47683
0	0.783481
0	7.30455
0	270.156
0	190.745
0	544.551
0	59.6179
0	9.39847
0	1.47312
0	61.8084
0	428.118
0	41.2401
0	85.5706
0	4.02888
0	193.083
0	1919.37
0	53.4688
0	147.58
0	149.075
0	54.2376
0	103.565
0	50.5347
0	24.2317
0	12.2026
0	33.8514
0	293.357
0	8.25305
0	6.5272
0	58.5346
0	375.164
0	925.497
0	109.664
0	11.03
0	0.636582
0	28.7216
0	11.4837
0	13.9454
0	23.4352
0	0.525191
1	822.682
0	11.142
0	126.15
0	99.3694
0	26.0631
0	18.1089
0	177.518
0	56.9281
0	16.4857
0	142.678
0	18.5419
0	10.9296
0	64.2503
0	218.623
0	26.891
0	174.549
0	15.9889
0	35.6537
0	893.99
0	0.974831
0	3.29757
0	25.5721
0	33.6725
0	37.7505
1	4315.09
0	87.873
0	15.7636
0	182.085
0	7.53322
0	9.22116
0	65.1037
0	50.3617
0	221.89
0	1425.05
0	124.129
0	45.9241
0	8.12078
0	55.2111
0	1356.91
0	21.0093
0	44.089
0	6.24623
0	605.091
0	187.771
0	20.2872
0	112.918
0	3.89597
0	40.4181
0	38.2546
0	21.0744
0	52.9847
0	45.1106
0	14.6907
0	73.3728
0	183.313
0	1.95667
0	36.9161
0	114.106
0	8.23253
0	418.229
0	4.67477
0	29.4239
0	83.879
0	9.03587
0	83.3556
0	56.2115
0	100.898
0	191.6
0	84.0666
0	2.12844
0	48.9068
0	110.179
0	140.947
0	8.3163
0	17.4073
0	1110.74
0	13.6945
0	59.9542
0	492.425
0	20.7037
0	121.538
0	150.728
0	1705.33
0	24.9012
0	60.0933
0	13.8747
0	36.819
0	7.29617
0	13.948
0	2138.84
0	16.2183
0	115.605
0	12.2574
0	53.7084
0	24.8664
0	7.48508
0	15.0438
0	25.402
0	66.8558
0	0.354957
0	12.1864
0	0.814625
0	14.9498
0	22.2184
0	36.0157
0	5.57789
0	28.6882
0	136.198
0	20.3022
0	47.3583
0	94.3408
0	4.04001
0	150.369
0	32.9224
0	56.5281
0	554.094
0	89.3873
0	65.5493
0	4.21019
0	8.11575
0	6.81455
0	26.8829
0	12.805
0	198.903
0	61.9681
0	66.8991
0	152.585
0	3.27749
0	213.003
0	109.991
0	9.76338
0	35.0543
0	1690.02
0	452.842
0	6.69191
0	188.648
0	63.7443
0	130.924
0	5.48741
0	16.6102
0	81.1258
1	1400.72
0	0.897726
0	84.154
0	667.217
0	5.17394
0	81.2623
0	266.625
0	7.68213
0	17.3737
0	17.9999
0	12.4917
0	215.162
0	308.533
0	32.5735
0	157.039
0	141.387
0	35.8124
0	12.1585
0	13.9836
0	4.85309
0	69.3306
0	0.58493
0	70.0003
0	951.278
0	57.1303
0	63.8731
0	304.636
0	44.8774
0	216.235
0	29.8002
0	192.649
0	2.12734
0	37.2919
0	170.287
0	16.0905
0	62.5704
0	6.81677
0	6.69487
0	5.44154
0	3.66738
0	13.3739
0	347.735
0	17.9986
0	70.2824
0	93.7057
0	2387.56
0	37.4916
0	4.74016
0	151.9
0	120.864
0	22.7028
0	105.092
0	55.703
0	6.33134
0	27.5002
0	41.6105
0	976.082
0	8.00854
0	292.072
0	427.834
0	0.639382
0	34.5222
0	574.958
0	26.8861
0	22.459
0	50.4692
0	6.47918
0	105.466
0	29.9449
0	161.101
0	8.26568
0	51.4485
0	8.6998
0	4.54298
0	81.5152
0	8.09914
0	2.26329
0	6.95578
0	78.6768
0	441.887
0	43.0637
0	24.773
0	3.07622
0	4.42249
0	16.0674
0	326.738
0	142.416
0	5.02112
0	26.7958
0	170.21
0	14.1381
0	112.274
0	36.4013
0	13.2837
0	19.5174
0	5085.06
0	10.3625
0	14.8135
0	385.519
0	363.691
0	467.536
0	26.5489
0	8.09593
0	5.61811
0	3.32375
0	2.34666
0	154.711
0	126.52
0	1.46932
0	50.787
0	35.9822
0	51.581
0	82.5918
0	13.0364
0	169.556
0	54.7603
0	45.5617
0	12.9545
0	20.8919
0	124.07
0	94.2769
0	2.8722
0	0.109558
0	378.13
0	46.2624
0	0.93636
0	32.738
0	92.7333
1	1333.71
0	43.9302
0	6.02292
0	10.9819
0	30.781
0	9.60302
0	10.1234
0	1.32725
0	204.471
0	19.2397
0	15.2909
1	1519.17
0	734.063
0	139.533
0	20.6429
0	47.5908
0	63.986
0	209.292
0	810.094
0	46.6081
0	116.24
0	447.464
0	3.65373
0	2.7165
0	9.08289
0	18.4197
0	3.37875
0	84.026
0	33.7175
0	1186.22
0	22.8312
0	73.5654
0	64.7969
0	3552.44
0	63.7039
0	324.226
0	0.276322
0	4.52791
0	29.1747
0	1.44564
0	13.8923
0	12.3721
0	49.4496
0	66.221
0	8.06324
0	5.51099
0	73.2421
0	22.4254
0	32.8161
0	84.2513
0	8.35788
0	0.779074
0	4.16226
0	29.8565
0	261.287
0	121.048
0	1.76292
0	48.3906
0	3438.25
0	802.007
0	2411.79
0	45.9381
0	30.5782
0	25.0737
0	487.162
0	1.03222
0	164.852
0	46.7339
0	6.72313
0	92.3639
0	7.91075
0	536.622
0	147.638
0	53.8663
0	11.7478
0	36.4027
0	9.59911
0	215.272
0	217.587
0	455.179
0	82.9236
0	398.968
0	2.58243
0	25.3601
0	0.821737
0	1296.9
0	1825.15
0	123.285
0	36.9061
0	79.4516
0	12.0636
0	10.2836
0	47.183
0	5.82723
0	25.3407
0	186.245
0	6.8707
0	78.1567
0	1138.7
0	150.33
0	4.77725
0	278.335
0	257.907
0	33.3518
0	4.14047
0	22.825
0	160.415
0	38.7488
0	283.934
0	3647.73
0	26.4185
0	237.906
0	31.4115
0	10.0655
0	2672.2
0	76.438
0	716.514
0	99.5661
0	68.4027
0	782.796
0	1.22511
0	462.036
0	121.35
0	9.78918
0	47.7787
0	298.306
0	47.5958
0	0.649892
0	28.815
0	13.6497
0	54.1691
0	2.86379
0	42.4839
0	14.6235
0	8.03301
0	4.91102
0	20.8741
0	151.191
0	193.221
1	952.423
0	44.7813
0	3.6794
0	20.1886
0	7.57881
0	7.498
0	942.377
0	27.4244
0	12.5458
0	57.3304
0	123.919
0	167.904
0	19.4235
0	87.4762
0	26.6907
0	2.41613
0	0.00995232
0	17.5884
0	2.5051
0	37.1402
0	83.6376
0	15.5937
0	71.5486
0	15.5584
0	11.2387
0	108.547
0	11.2486
0	0.519728
0	48.4407
0	31.1841
0	324.87
0	2.91924
0	13.8043
0	509.633
0	10.7684
0	162.733
0	1.32754
0	126.844
0	82.5149
1	1024.21
0	66.7577
0	20.4342
1	1612
0	319.376
0	485.588
0	0.551868
0	46.1367
0	8.20984
0	27.3269
0	24.5261
0	29.3069
0	19.5208
0	195.721
0	15.7158
0	1.26379
0	5.02539
0	60.1975
0	46.5592
0	0.345025
0	2.7848
0	18.2519
0	17.0644
0	1.54724
0	88.0653
0	5.87752
0	0.965171
0	4.21741
0	92.4589
0	4.86374
0	23.049
0	5.40378
0	20.8703
0	2.99729
0	14.1162
0	100.065
0	27.6557
0	237.019
0	99.485
0	5.55655
1	518.893
0	3.42485
0	897.935
0	348.099
0	56.9043
0	37.0552
0	11.6299
0	27.2149
0	86.5118
0	4.80671
0	12.0121
0	4.67823
0	108.572
0	176.601
0	4.89099
0	13.4633
0	8.45832
0	9.33785
0	1.34571
0	4.6459
0	189.436
0	13.1435
1	712.988
0	22.8559
0	350.302
0	34.4142
0	316.875
0	52.1546
0	11.4497
0	7.7303
0	15.2645
0	388.546
0	160.816
0	66.9962
0	13.7474
0	23.0431
0	63.5031
0	28.8505
0	19.6433
0	46.7114
0	66.3313
0	42.5676
0	34.9362
0	185.926
0	76.2992
0	162.122
0	124.786
0	6.28896
0	112.713
0	3.63872
0	1.69939
0	162.515
0	56.2908
0	61.1463
0	89.3266
0	132.921
0	1.98272
0	1.48419
0	185.077
0	111.533
0	25.0431
0	20.7217
0	26.4798
0	1.64753
0	48.4298
0	3.30341
0	78.3966
0	97.7741
0	6.4517
0	1.88222
0	71.972
0	23.5738
0	137.824
0	118.028
0	13.4763
0	1.68423
0	81.8901
0	309.23
0	26.2907
0	84.7351
0	511.581
0	54.5302
0	61.6029
0	3.39189
0	191.372
0	4.92263
0	47.9601
0	35.5869
0	247.431
0	39.4587
0	63.5031
0	19.4445
0	23.9854
0	27.245
0	84.8795
0	12.3277
0	90.5535
0	39.4028
0	50.3324
0	15.1243
0	136.559
0	6.77995
0	438.191
0	1.55571
0	89.5759
0	7.11223
0	2.59312
0	64.9124
0	179.304
0	305.499
0	2.64304
0	810.433
0	34.4103
0	144.641
0	303.995
0	64.3744
0	10.1962
0	314.448
0	52.4502
0	14.7317
0	7.48686
0	20.514
0	185.831
0	63.6349
0	42.4614
0	0.880073
0	246.505
0	78.3329
0	249.564
0	29.1888
0	67.4253
0	26.1179
0	38.5716
0	353.911
0	59.4417
0	46.115
0	195.175
0	484.218
0	379.631
1	1959.69
0	18.6562
0	7.04433
0	1823.22
0	47.2719
0	1730.37
0	31.6066
0	2.79894
0	9.69296
0	32.8447
0	15.5515
0	200.581
0	29.9987
0	7.49656
0	1782.48
0	150.199
0	20.2182
0	37.4127
0	22.7086
0	727.768
0	3.66185
0	192.88
0	71.8352
0	36.3752
0	8.47542
0	58.4531
0	16.0592
0	2.79922
0	732.179
0	2.83095
0	42.6704
0	26.6146
0	212.288
0	9.87482
0	92.8153
0	23.2311
0	38.5648
0	77.2197
0	111.163
0	25.9593
0	54.8004
1	905.679
0	107.77
0	150.727
0	128.444
0	51.063
0	20.1083
0	40.9299
0	613.614
0	538.247
0	17.2123
0	165.655
0	192.517
0	276.988
0	26.8312
0	2.21897
0	68.0324
0	170.536
0	4.61862
0	14.6909
0	515.788
0	74.1459
0	189.761
0	41.9634
0	28.7178
0	30.7427
0	242.556
0	1.27299
0	174.835
0	26.0904
0	415.687
0	107.594
0	19.1451
0	17.5663
0	90.8897
0	59.0635
0	26.0465
0	1021.64
0	70.424
0	201.787
0	148.413
0	81.8219
0	1462.27
0	3.24744
0	177.345
0	635.608
0	75.6414
0	561.179
0	1036.29
0	15.6715
0	21.5142
0	127.555
0	9.22193
0	58.9882
0	139.826
0	22.2513
0	15.7459
0	60.7762
0	66.8917
0	41.3895
0	203.511
0	6.43754
0	1.1313
0	338.483
0	20.3806
0	29.6871
0	11.3997
0	58.6079
0	6.38245
0	2.52078
0	434.95
1	1115.06
0	133.221
0	24.6227
0	0.685929
0	1651.79
0	22.2802
0	1357.33
0	78.6307
0	4.46287
0	110.237
0	681.185
0	42.7456
0	33.2448
0	1.57697
0	70.2159
0	29.8285
0	4.86357
0	401.173
0	5.87212
0	35.8635
0	248.256
0	67.1632
0	352.915
0	123.239
0	183.365
0	14.0544
0	3.25916
0	90.882
0	12.1157
0	185.37
0	90.3662
0	56.1593
0	27.401
0	46.8823
0	1247.51
0	30.3039
0	142.055
0	2237.96
0	40.967
0	12.8034
0	300.84
0	4.40703
0	13.075
0	334.859
0	104.864
0	5.86088
0	9.83157
0	13.9237
0	20.7325
0	26.1844
0	87.1296
0	25.5477
0	11.1783
0	75.3175
0	16.2047
0	36.8176
0	6.82654
0	68.5877
0	185.972
0	8.22618
0	4.05673
0	7.5523
0	133.872
0	625.072
0	3.46568
0	4.79817
0	72.3656
0	101.51
0	66.2605
0	28.8854
0	3.27352
0	12.243
0	65.8638
0	19.2521
0	45.8854
0	10.8192
0	260.096
0	1.75727
0	20.7328
0	142.295
0	41.7033
0	94.0112
0	13.2342
0	36.4163
0	147.536
0	163.332
0	23.2274
0	6.85449
0	23.0275
0	18.4462
0	22.492
0	0.0647364
0	377.58
0	0.795021
0	111.349
0	20.8982
0	33.4899
0	6.54197
0	525.224
0	19.7509
0	2.90377
0	101.641
0	11.205
0	95.5172
0	72.533
0	210.681
0	108.141
0	247.363
0	155.237
0	0.101013
0	66.4195
0	823.425
0	151.901
0	0.834286
0	16.5134
0	28.3024
0	7.31208
0	18.6646
0	49.225
0	25.243
0	91.3961
0	59.8892
0	13.9775
0	27.8635
0	6.66802
0	21.0024
0	42.8507
0	79.0993
0	4.41938
0	41.2786
0	0.620979
0	19.5693
0	32.7018
0	11.7948
0	45.7582
0	314.669
0	54.1956
0	14.1194
0	9.60412
0	241.955
0	75.1825
0	21.1522
0	85.0294
0	42.3012
0	15.067
0	1.35184
0	15.8627
0	7.57299
0	23.1926
0	26.7081
0	33.8483
0	6.9249
0	278.129
0	489.308
0	5.53152
0	39.3989
0	179.926
0	509.269
0	31.1416
0	110.041
0	164.828
0	20.6881
0	8.0358
0	0.618226
0	32.0464
0	64.3696
0	40.4077
0	33.2032
0	107.501
0	72.1998
0	6.49316
0	7.00879
0	96.2274
0	22.3776
0	8.26766
0	0.0603379
0	0.892447
0	80.1346
0	700.861
0	98.9594
0	21.6533
0	76.9843
0	1.83997
0	1.34151
0	84.3871
0	252.081
0	10.78
0	20.7062
0	51.414
0	854.349
0	798.413
0	128.549
0	6.49148
0	165.914
0	5.45945
0	7.3179
0	21.9454
0	93.0034
0	12.186
0	17.9194
0	9.94816
0	124.308
0	4.50239
0	365.577
0	117.663
0	10.3344
0	0.728849
0	6.25956
0	94.1953
0	24.1784
0	94.1944
0	21.3064
0	122.346
0	23.8907
0	5.78737
0	9.16297
0	10.9774
0	189.894
0	54.6217
0	70.1544
0	47.2191
0	194.608
0	2.32207
0	49.3324
0	147.19
0	6.03557
0	9.38574
0	29.627
0	16.2674
0	210.825
0	290.274
0	201.258
0	32.5467
0	48.8583
0	57.177
0	253.096
0	16.4976
0	5.46262
0	23.8729
0	125.235
0	58.7641
0	23.2487
0	161.664
0	668.193
0	2.85929
0	8.03977
0	12.6692
0	68.2859
0	26.8509
0	1356.87
0	25.8614
0	614.047
0	1.40527
0	6.42294
0	3.50944
0	3.79206
0	11.93
0	251.364
0	11.3812
0	4.97754
0	1190.2
0	18.1378
0	172.474
0	59.0201
0	74.9684
0	38.265
0	3.40103
0	7.6906
0	82.2335
0	12.8378
0	2.4975
0	72.4842
0	18.3494
0	76.885
0	1.23137
0	120.839
1	1809.48
0	9.24541
0	16.0699
0	37.4904
0	1168.66
0	21.4567
0	204.448
0	95.3732
0	7.47048
0	92.3101
0	4.62062
0	40.5158
0	36.8633
0	176.829
0	1.7841
0	42.3797
0	7.85782
0	2.82329
0	20.3199
0	1.36452
0	6.70037
0	110.953
0	480.759
0	6.88839
0	5.6182
0	109.995
0	235.434
0	282.987
0	56.3453
0	43.1644
0	6.84412
0	10.7272
0	18.4224
0	0.273881
0	33.9125
0	24.9836
0	3.68329
0	13.0757
0	12.4175
0	61.3436
0	199.556
0	0.184999
0	27.7793
0	45.0306
0	19.0333
0	77.559
0	439.805
0	1.09985
0	8.67064
0	1.72523
0	57.2803
0	51.0161
0	3.96912
0	7.31126
0	2.71746
0	35.9293
0	150.959
0	528.565
0	13.2622
0	7.39833
0	12.0028
0	19.8306
0	11.8897
0	33.2953
0	268.273
0	47.6917
0	10.2421
0	28.3207
0	55.798
0	87.6393
0	185.063
0	475.885
0	48.0587
0	6.99739
0	15.8849
0	33.6669
0	49.4525
0	68.4446
0	649.521
0	8.24987
0	65.3579
0	657.984
0	29.0152
0	232.355
0	38.2554
0	33.1796
0	25.2981
0	869.296
0	0.630911
0	12.0757
0	28.7761
0	281.628
0	124.618
0	20.63
0	252.766
0	30.5958
0	7.63592
0	109.099
0	44.0126
0	3.71525
0	87.1978
0	3.49781
0	40.6325
0	895.588
0	24.4103
0	9.49763
0	29.7733
0	68.5012
0	0.446641
0	18.3997
0	18.5609
0	6.18485
0	2.32065
0	16.7516
0	113.567
0	39.5817
0	15.6468
0	73.6467
0	1.45538
0	40.2924
0	548.597
0	3.4414
0	22.4139
0	24.2783
0	0.0379412
0	59.3047
0	154.972
0	6.28848
0	44.8152
0	5.44245
1	1444.4
0	180.454
0	2.54172
0	91.154
0	15.9407
0	5.99714
0	1660.67
0	1.89177
0	50.5847
0	4.00978
0	49.0144
1	1591.58
0	3.64505
0	1.02343
0	92.7955
0	101.007
0	23.9517
0	78.5305
0	170.441
0	13.8197
0	4.71448
0	22.4881
0	339.496
0	419.74
0	29.2635
0	69.5901
0	58.5505
0	11.4054
0	22.1827
0	6.52835
0	386.207
0	42.341
0	294.965
0	21.1177
0	55.5814
0	33.7629
0	58.8781
0	63.4525
0	7.7706
0	7.06832
0	33.321
0	225.058
0	17.0331
0	7.85607
0	112.482
0	56.1033
0	19.1045
0	21.0152
0	62.4834
0	26.4153
0	5.02664
0	121.647
0	0.0510154
0	33.2043
0	68.9813
0	32.4794
0	99.9572
0	2053.21
0	13.0679
0	9.12395
0	24.8886
0	93.7926
0	120.868
0	8.094
1	2571.17
0	544.411
0	5.72684
0	0.50483
0	6.76244
0	18.7158
0	615.473
0	49.4011
0	22.0219
0	53.6328
0	4.55743
0	18.9417
0	60.1381
0	248.847
0	90.1321
0	2.76987
0	140.554
0	256.053
0	38.9733
0	8.90103
0	24.5182
0	47.3263
0	7.52219
0	55.8975
0	68.8819
0	381.745
0	1953.22
0	21.1769
0	39.2325
0	30.9825
0	96.2541
0	11.7356
0	76.1362
0	135.774
0	84.7151
0	32.2294
0	8.30768
0	4.50984
0	0.727517
0	182.27
0	0.434587
0	1.95637
0	248.156
0	38.7154
0	62.486
0	29.2242
0	44.1122
0	157.608
0	42.7973
0	60.5937
0	1860.79
0	1465.78
0	32.8154
0	231.293
0	235.231
0	67.7912
0	35.2784
0	197.683
0	251.166
0	46.2369
0	31.521
0	44.8267
0	135.104
0	1.23155
0	624.241
0	6.83518
0	32.1139
0	217.081
0	369.976
0	50.6103
0	29.5319
0	12.4453
0	16.2972
0	0.442794
0	31.8954
0	153.003
0	67.1811
0	15.6281
0	14.8625
0	0.549328
0	6.80986
0	179.659
0	5.1666
0	769.222
0	12.3923
0	0.00110885
0	18.9417
0	75.4807
0	36.2565
0	231.583
0	60.074
0	129.77
0	25.3456
0	58.9672
0	4.69448
0	25.6894
0	166.942
0	20.4471
0	64.474
0	8.4169
0	42.1908
0	87.9042
0	4.4014
0	12.7565
0	33.3135
0	2252.3
0	72.6579
0	81.1849
0	63.0205
0	168.172
0	159.287
0	81.2994
0	157.047
0	159.19
0	14.9124
0	0.920371
0	78.4375
0	220.012
0	5.51572
0	25.3116
0	283.838
0	140.652
1	3375.12
0	413.973
0	1.52017
0	5.76934
0	30.6286
0	14.5618
0	56.445
0	160.752
0	28.6043
0	142.108
0	386.695
0	10.039
0	1.33541
0	44.7513
0	31.4169
0	10.1475
0	7.14708
0	35.194
0	18.9473
0	90.6148
0	26.9969
0	39.0175
0	114.836
0	5.34524
0	119.474
0	47.9148
0	60.7383
0	22.4069
0	57.9219
0	195.312
0	96.4518
0	28.1345
0	2.36694
0	14.5396
0	131.866
1	2145.47
0	51.8231
0	789.539
0	122.594
0	4.14092
0	36.9754
0	94.4047
0	252.232
0	96.4321
0	50.5905
0	16.3589
0	81.3307
0	6.77961
0	53.6677
0	216.801
0	38.216
0	172.807
0	27.8439
0	179.208
0	4.77285
0	15.8095
0	15.6476
0	52.2979
0	50.4579
0	15.0721
1	1500.83
0	932.913
0	21.0476
0	42.5127
0	247.439
0	19.4241
0	102.41
0	330.563
1	4733.41
0	11.128
0	22.1377
0	14.1234
0	34.3996
0	3.60513
0	16.5637
0	4.71014
0	10.807
0	5.70448
0	525.921
0	61.6384
0	2.27829
0	0.65739
0	300.76
0	61.0493
0	545.628
0	11.9423
0	98.3836
0	398.126
0	392.749
0	15.9825
0	6.71657
0	8.9304
0	4.66987
0	3.55813
0	9.72614
0	26.7666
0	3.76133
0	52.8997
0	98.1467
0	16.8854
0	52.0513
0	220.014
0	1.49228
0	44.7881
0	360.394
0	88.4332
1	1525.01
0	21.4939
0	19.7812
0	229.968
0	5.60758
0	59.6343
0	124.585
0	25.6642
0	11.8985
0	4.40186
0	270.155
0	2.62002
0	11.412
0	42.3674
0	222.451
0	568.132
0	3.48979
0	97.9043
0	46.0164
0	170.952
0	83.7244
0	28.7668
0	0.564561
0	198.372
0	202.379
0	15.631
0	5.37432
0	176.833
0	22.0994
0	1308.95
0	54.5724
0	173.23
0	9.61704
0	6.46024
0	17.3347
0	201.349
0	3.66207
0	21.4452
0	2.66731
0	10.8741
0	114.909
0	53.0621
0	3.69905
0	1.46921
0	147.597
0	1230.51
0	47.4449
0	12.7469
0	236.546
0	2.1707
0	26.8114
0	188.072
0	0.638615
0	2.92844
0	65.3374
0	1199.06
0	11.9795
0	18.6644
0	74.6712
0	98.954
0	46.5469
0	3.15515
0	3.80878
0	152.646
0	1.60929
0	1.52204
0	4.07247
0	105.792
0	156.918
0	72.6366
0	4.14122
0	880.72
0	56.1563
0	43.3192
0	199.88
0	44.2527
0	28.8495
0	189.194
0	9.16338
0	18.4858
0	19.5008
0	138.605
0	12.4744
0	220.469
0	113.229
0	57.9458
0	5.48729
0	104.26
0	209.468
0	29.0562
0	612.839
0	337.778
0	19.5884
0	19.282
0	69.6812
0	867.084
0	1.43656
0	5.49918
0	468.459
0	104.28
0	908.011
0	0.0165003
0	163.974
0	14.463
0	15.1117
0	39.6114
0	230.828
0	136.177
0	42.9088
0	8.60404
0	20.0155
0	1.24875
0	45.4812
0	175.341
0	201.844
0	34.8626
0	82.9829
0	1.44089
0	651.553
0	712.094
0	14.3292
0	28.2215
0	77.2476
0	17.231
0	14.3704
0	7.44505
0	0.940202
0	117.063
0	1680.7
0	47.4892
0	53.3577
0	19.8089
0	111.683
0	12.4436
0	4.12114
0	35.5175
0	149.79
0	6.70858
0	150.899
0	963.332
0	14.2438
0	20.4697
0	6.50525
0	78.9653
0	22.8821
1	1580.44
0	15.8446
0	18.5601
0	48.0304
0	113.096
0	33.3392
0	24.9585
0	37.8392
0	10.4825
0	17.3007
0	33.3083
0	48.877
0	47.0576
0	37.7601
0	0.287148
0	49.0062
0	41.4168
0	14.8523
0	129.796
0	0.37081
0	46.6894
0	43.8831
0	14.8006
0	14.084
0	8.1888
0	173.256
0	1.80182
0	70.9521
0	42.8468
0	74.4546
0	3.05631
0	98.8855
0	79.4769
0	38.4357
0	17.8111
0	26.5485
0	25.547
0	40.9289
0	48.5875
0	43.4863
0	93.2146
0	13.0103
0	134.401
0	75.4763
0	241.92
0	2397.21
0	174.387
0	57.7629
0	14.3046
0	38.1016
0	48.7062
0	172.574
0	14.1064
0	397.739
0	43.4686
0	12.3359
0	25.2015
0	3.54186
0	27.0207
0	11.5742
0	45.3589
0	277.663
0	12.6592
0	210.271
0	17.4318
0	78.856
0	118.493
0	13.5958
0	48.5207
0	25.7361
0	38.0744
0	115.505
0	148.363
0	904.015
0	4.67776
0	10.9394
0	293.922
0	1.66754
0	75.5312
0	25.5542
0	24.2487
0	2.05048
0	26.4785
0	5.56848
0	37.3927
0	1124.95
0	1.45382
0	56.446
0	4.12557
0	43.8978
0	50.1812
0	13.6053
0	10.8275
0	0.744853
0	5.76309
0	19.3882
0	31.8252
0	48.1693
0	5.09675
0	90.5195
0	2841.65
0	136.478
0	6.03818
0	99.8407
0	383.568
0	240.925
0	6.15839
0	7.46684
0	7.3632
0	29.3278
0	20.3362
0	531.952
0	114.203
0	2.4994
0	4.51969
0	27.1511
0	76.9008
0	0.625705
0	16.8269
0	3.69232
0	3.18755
0	21.5932
0	4.40369
0	203.415
0	334.636
0	33.0227
0	825.014
0	3.71048
0	43.5843
0	16.7394
0	135.357
0	4.37918
0	21.0393
0	6.04776
0	6.56482
0	161.506
0	11.172
0	28.3279
0	69.5268
0	79.068
0	33.2473
0	92.1526
0	135.758
0	56.0097
0	0.693923
0	17.7909
0	110.082
0	34.9573
0	48.0844
0	29.8523
0	198.806
0	62.0983
0	2640.84
0	41.9244
0	116.712
0	92.2522
0	4.71244
0	37.5865
0	441.439
0	28.7731
0	305.054
0	22.5299
0	1337.41
0	2.53359
0	4.38549
0	7.53229
0	38.8567
0	274.39
0	74.9942
0	9.38693
0	23.5254
0	26.4368
0	56.0325
0	0.426687
0	98.9765
0	176.438
0	4.23598
0	44.7233
0	42.3824
0	1101.7
0	51.9163
0	159.341
0	3.62252
0	167.283
0	329.115
0	172.973
0	42.0472
0	4.42659
1	1087.15
0	43.0464
0	920.815
0	476.162
0	43.7924
0	7.20149
0	321.818
0	28.282
0	32.3457
0	52.4618
0	7.99695
0	175.34
0	33.6302
0	26.9326
0	31.7935
0	584.892
0	13.292
0	1118.86
0	14.0585
0	88.2911
0	201.164
0	23.9935
0	409.232
0	13.3936
0	30.8291
0	35.6009
0	45.2406
0	9.84329
0	28.4736
0	23.9003
0	3.96481
0	626.569
0	11.1808
0	5.29063
0	112.844
0	9.48338
0	57.9062
0	107.46
0	273.657
0	64.4064
0	880.993
0	705.574
0	127.799
0	3508.81
0	46.0167
0	1.79563
0	18.0639
0	18.5677
0	16.3719
0	305.154
0	3.30653
0	11.5046
0	27.64
0	630.778
0	990.07
0	9.01127
0	480.744
0	35.8818
0	30.0695
0	0.39451
0	5.94439
0	83.8694
0	48.089
0	4.97585
0	649.689
0	27.0844
0	28.5872
0	91.8754
0	16.2824
0	9.66566
0	513.432
0	91.2266
0	59.8486
0	14.5746
0	37.619
0	182.682
0	364.523
0	5.29977
0	59.8656
0	0.297672
0	15.9042
0	30.0949
0	5.86542
0	155.221
0	48.1503
0	81.357
0	127.15
0	60.8616
0	103.947
0	29.2448
0	588.103
0	52.263
0	31.103
0	28.4597
0	87.0439
0	7.02838
1	1790.46
0	1.35999
0	21.2917
0	71.0336
0	4.37888
0	23.3203
0	303.489
0	87.3645
0	36.9942
0	1.48428
0	31.2574
0	732.22
0	9.78653
0	29.5411
0	29.5776
0	84.7359
0	1.02726
0	34.2402
0	78.768
0	2.24417
0	875.522
0	143.28
0	76.5042
0	44.4647
0	823.034
0	156.496
0	21.4454
0	199.51
0	92.3718
0	5.75519
0	12.6606
0	36.4673
0	40.5671
0	23.6578
0	67.992
0	27.0175
0	0.488917
0	141.191
0	6.6501
0	10.5508
0	187.656
0	155.808
0	42.1197
0	18.1097
0	69.2815
0	33.9427
0	49.9332
0	55.508
0	189.237
0	352.605
0	1.46915
0	89.6183
0	36.4019
0	49.4614
0	861.198
0	0.594294
0	127.486
0	709.251
0	8.96247
0	84.6648
0	453.682
0	12.6818
0	86.2272
0	459.695
0	19.5031
0	75.5132
0	52.6394
0	573.695
0	286.624
0	21.4073
0	38.674
0	31.9683
0	1.6542
0	7.97049
0	42.9169
0	3.83616
0	23.7887
0	6.08282
0	38.34
0	13.2646
0	56.9133
0	37.2099
0	280.066
0	36.9198
0	7.78014
0	23.9398
0	86.5696
0	8.26236
0	6.71215
0	6.54885
0	33.1019
0	35.271
0	439.849
0	126.126
0	3.27504
0	34.8041
0	79.154
0	37.1522
0	93.0309
0	72.7349
0	10.377
0	28.7108
0	9.72592
0	220.181
0	173.835
0	301.504
0	16.0898
0	43.244
0	10.6091
0	26.0935
0	108.682
0	1944.17
0	305.547
0	78.0617
0	264.359
0	252.598
0	29.398
0	22.8606
0	4.2662
0	31.6168
0	9.52545
0	249.115
0	314.828
0	100.952
0	24.1722
1	3280.82
0	2.81568
0	58.0719
0	1.2223
0	23.8575
0	5.35935
0	24.2507
0	1.40104
0	221.118
0	130.563
0	115.371
0	104.379
0	11.9649
0	63.145
0	499.419
0	2.93992
0	26.8569
0	686.676
0	1093.54
0	16.7816
0	15.3688
0	6.15329
0	63.4207
0	35.4178
0	46.6933
0	55.8938
0	28.7685
0	25.8437
0	30.4734
0	26.7539
0	29.1666
0	21.7399
0	2.10738
0	43.1501
0	187.021
0	141.724
0	21.3581
0	18.626
0	138.89
0	49.3065
0	63.902
0	90.2919
0	21.2602
0	32.7609
0	10.832
0	924.086
0	24.4678
0	0.000168288
0	2382.02
0	144.59
0	153.576
0	8.70675
0	27.0967
0	191.116
0	14.3011
0	292.081
0	50.4988
0	368.535
0	98.0159
0	8.98361
0	124.246
0	1169.36
0	472.552
0	42.3393
0	8.90314
0	29.1674
0	76.5969
0	81.095
0	4.97403
0	14.9787
0	240.783
0	119.236
0	55.8461
0	1.85826
0	81.9336
0	18.7528
0	166.865
0	36.9128
0	115.024
0	2.5068
0	195.011
0	44.6848
0	257.99
0	14.9103
0	13.9939
0	46.5633
0	17.917
0	340.288
0	187.453
0	22.3468
0	0.0989042
0	23.0636
0	113.599
0	1050.86
0	17.2166
0	133.77
0	74.0034
0	3.71949
0	124.034
0	138.965
0	10.8193
0	75.7872
0	5.71327
0	115.467
0	50.8016
0	42.382
0	103.013
0	129.779
0	96.4858
0	143.152
0	30.7055
0	2014.34
0	18.5943
0	2.61206
0	2.28967
0	6.46782
0	1.88401
0	209.678
0	7.30956
0	32.6773
0	5.28106
0	12.9223
0	39.3332
0	8.11935
0	30.0823
0	117.883
0	10.1181
0	163.014
0	17.8826
0	2.69222
0	2244.79
0	29.4035
0	39.1335
1	2618.09
0	113.49
0	40.445
0	63.7055
0	1.73423
0	52.1224
0	41.3943
0	29.4613
0	19.6714
0	42.0632
0	42.1662
0	8.87681
0	114.291
0	29.6849
0	138.257
0	21.146
0	12.8847
0	161.698
0	27.0752
0	41.566
0	2548.12
0	34.3251
0	114.377
1	2660.84
0	7.76139
0	372.994
0	84.7732
0	38.3301
0	15.8888
1	1008.24
0	16.9752
0	20.8232
0	2396.09
0	9.49336
0	0.218634
0	8.73475
0	20.4443
0	288.94
0	362.701
0	7.13758
0	431.21
0	38.3263
0	21.811
0	6.49074
0	16.9041
0	1219.9
0	21.2105
0	31.541
0	57.2886
0	93.4433
0	1.81547
0	156.843
0	24.55
0	8.78516
0	140.974
0	60.9189
0	8.32474
0	24.5384
0	34.4491
0	36.8795
0	235.141
0	13.0089
0	128.483
0	113.329
0	29.2354
0	59.6118
0	46.6915
0	20.6139
0	24.0848
0	1.12607
0	9.67944
0	113.225
0	355.923
0	0.708759
0	247.803
0	1.98372
0	6.26332
0	24.1888
0	18.2957
0	35.5801
0	785.52
0	290.591
0	1.55507
0	2.78248
0	12.8713
0	24.0037
0	6.39601
0	193.908
0	292.859
0	9.49865
0	346.556
0	37.6248
0	77.3447
0	88.1447
0	39.6023
0	1.44627
0	5.65534
0	3.01311
0	26.8235
0	54.3198
0	62.9301
0	22.4186
0	5.81792
0	213.103
0	2.19732
0	32.4076
0	35.7619
0	17.8859
0	79.6908
0	35.6417
0	3.99035
0	9.85457
0	6.43869
0	42.3578
0	362.329
0	10.6568
0	0.194095
0	78.0136
0	66.151
0	5.73301
0	1200.77
0	164.905
0	39.9409
0	0.685102
1	2272.79
0	5.13427
0	29.3584
1	1236.83
0	28.7757
0	14.0653
0	4.15664
0	1882.35
0	25.018
0	572.529
0	78.8924
0	16.5289
0	86.8623
0	0.969384
0	93.4442
0	167.302
0	10.4634
0	167.906
0	21.2003
0	2.21283
0	6.54847
0	253.072
0	138.519
0	89.6116
0	17.2058
0	35.3797
0	12.3698
0	12.4564
0	20.6642
0	42.4691
0	127.882
0	30.3646
0	2741.74
0	15.6618
0	13.4148
0	27.2891
0	11.5817
0	111.445
0	146.087
0	34.9921
0	56.097
0	486.305
0	1733.82
0	62.6787
0	870.698
0	3.702
0	80.9007
0	58.176
0	18.498
0	225.601
0	2.01358
0	710.511
0	45.2127
0	27.8988
0	44.8009
0	125.95
0	22.4025
0	10.4318
0	51.3176
0	9.46874
0	0.78809
0	27.8925
0	24.5412
0	118.841
0	537.276
0	17.3992
0	51.9883
0	64.6982
0	0.832794
0	2.58307
0	68.0994
0	583.337
1	1184.84
0	2.85907
0	3702.2
0	123.314
0	40.8295
0	827.91
0	80.7263
0	150.144
0	172.731
0	96.6943
0	619.087
0	4.55156
0	527.642
0	10.7816
0	108.359
0	401.284
0	18.4053
0	11.1643
0	94.4965
0	10.3899
0	1.91068
0	95.167
0	15.8728
0	26.5595
0	801.315
0	45.2364
0	109.254
0	0.224036
0	1658.78
0	8.71261
0	122.888
0	4.85653
0	2709.22
0	416.027
0	30.7486
0	0.620579
0	72.0323
0	4498.13
0	2263.23
0	185.286
0	3.27066
0	2.89273
0	0.270668
0	85.1597
0	64.1737
0	9.35127
0	7.76957
0	53.1867
0	8.28486
0	303.19
0	124.166
0	624.053
0	59.5731
1	352.32
0	129.933
0	65.6538
0	26.5322
0	283.057
0	1197.89
0	187.841
0	995.93
0	14.9806
0	2.21904
0	29.9757
0	507.118
0	29.1023
0	0.992389
0	4.16467
0	24.5698
0	1471.52
0	41.7394
0	46.2586
0	54.3101
0	14.0401
0	41.5127
0	6.8792
0	7.10923
0	90.1879
0	5.3403
0	11.1774
0	250.269
0	67.5853
0	17.438
0	50.5152
0	52.3098
0	7.54645
0	24.174
0	115.223
0	9.81979
0	1413.85
0	15.2602
0	26.1411
0	7.49672
0	20.6473
0	12.7061
0	0.293921
0	32.9764
0	39.0563
0	7.25513
0	26.3742
0	12.8043
0	41.1899
0	64.3729
0	35.33
0	20.7053
0	4.44798
0	68.853
0	95.7417
0	370.759
0	67.7805
0	6.48849
0	26.4343
0	23.4724
0	153.937
0	39.9573
0	11.7769
0	14.8694
0	30.9849
0	43.7407
0	376.213
0	50.3793
0	229.912
0	72.0099
0	92.8207
0	1.95393
0	26.2497
0	714.894
0	10.1164
0	974.95
0	13.4577
0	14.4109
0	3.48292
0	47.7138
0	23.8093
0	6.58917
0	10.5202
0	201.962
0	47.3705
0	6.66535
0	12.047
0	0.879703
0	15.0364
0	11.8248
0	0.0374598
0	395.761
0	21.6818
0	650.955
0	56.1725
0	155.093
0	14.0144
0	1.53222
0	87.2805
0	24.8588
0	156.072
0	99.0418
0	37.9
0	512.586
0	17.8061
0	7.7175
0	1.4034
0	101.465
0	10.8089
0	25.518
0	49.4815
0	98.2167
0	11.1263
0	3.31422
0	0.623636
0	87.2765
0	642.587
0	94.895
0	15.1192
0	200.505
0	193.416
0	0.04778
0	13.2824
0	4.58396
0	5.26612
0	0.675809
0	291.921
0	115.663
0	37.7191
0	11.6566
0	161.834
0	16.7902
0	15.8429
0	1.03657
0	13.7244
0	7.50056
0	161.021
0	189.941
0	284.413
0	34.7503
0	93.6666
0	1.48639
0	56.5387
0	7.10936
0	11.5922
0	9.93896
0	3.45142
0	171.518
0	562.811
1	1073.32
0	36.8584
0	1407.42
0	8.10545
0	21.5592
0	37.4448
0	47.0314
0	143.13
0	34.5376
0	249.103
0	4.35936
0	475.472
0	85.5781
0	27.5745
0	13.4181
0	258.77
0	6.06107
0	13.1209
0	123.071
0	108.585
0	7.17802
0	16.0554
0	41.5338
0	150.17
0	16.54
0	8.97653
0	38.2881
0	113.886
0	122.08
0	9.86914
0	24.5761
0	8.18379
0	22.6409
0	93.9891
0	173.743
0	4.91252
0	193.554
0	23.399
0	19.4221
0	8.98986
0	191.937
0	87.7476
0	33.8571
0	137.534
0	21.2455
0	0.258998
0	3.02172
0	73.7344
0	46.0544
0	1233.09
0	76.3938
0	2.36062
0	113.741
0	132.024
0	11.7978
0	53.9363
0	59.257
0	120.353
0	182.658
0	176.487
0	23.5485
0	48.3516
0	27.7544
0	29.1311
0	27.6786
0	20.8616
0	80.6735
0	844.876
0	203.593
0	9.16102
0	42.6184
0	22.0344
0	134.569
0	122.35
0	19.5023
0	2.6101
0	22.8003
0	19.8676
0	73.9708
0	1.29691
0	16.5561
0	16.1976
0	48.0667
0	32.9601
0	28.4068
0	23.4045
0	9.87165
0	110.256
0	4.13453
0	28.6243
0	171.187
0	53.5165
0	150.779
0	13.4071
0	42.9232
0	22.9804
0	6.78343
0	1.25503
0	1.49073
0	175.996
0	96.0282
0	322.493
0	17.7252
0	3.20258
0	26.2734
0	6.58233
0	1.06795
0	31.2926
0	50.5387
0	44.5349
0	10.9258
0	521.397
0	14.2658
0	88.8598
0	365.29
0	16.7095
0	396.133
0	35.7694
0	1.78352
0	101.565
0	89.767
0	10.4242
0	1.58962
0	12.575
0	5.21966
0	135.044
0	1344.48
0	29.3367
0	180.539
1	2752.09
0	141.021
0	89.0064
0	18.3754
0	362.107
0	39.3938
0	61.099
0	55.9223
0	31.0529
0	13.3262
0	158.338
0	226.007
0	20.2658
0	19.9689
0	182.402
0	1.80623
0	7.94387
0	28.0858
0	1.77248
0	50.5306
0	125.152
0	36.3725
0	82.6965
0	121.325
0	42.5009
0	609.472
0	118.362
0	59.3011
0	7.99932
0	137.256
0	4.06878
0	16.071
0	41.1919
1	2114.63
0	29.163
0	48.8149
0	13.8571
0	85.4738
0	132.123
0	214.307
0	901.819
0	59.7269
0	140.317
0	20.8111
0	67.7372
0	74.583
0	28.8753
0	89.4247
0	105.909
0	5.16762
0	13.62
0	87.1405
0	41.0831
0	40.2413
0	2.9592
0	31.8782
0	29.7382
0	134.556
0	73.9012
0	656.673
0	5.26781
0	208.938
0	60.5551
0	192.925
0	61.3102
0	7.05074
0	84.6512
0	511.599
0	2.27577
0	132.655
0	113.996
0	20.6438
0	5.20208
0	4.68145
0	1694.67
0	91.2398
0	59.0642
0	766.779
0	39.3506
0	16.4451
0	2.30092
0	16.7087
0	13.4493
0	7.6647
0	37.7782
0	9.42661
0	91.571
0	198.48
0	0.425598
0	825.671
0	2330.15
0	929.699
0	0.297839
0	41.5901
0	25.6188
0	1.10009
0	3422.62
0	233.202
0	89.4887
0	669.9
0	24.9533
0	5.14673
0	47.446
0	28.9442
0	116.904
0	25.6359
0	81.7454
0	17.7774
0	106.146
0	15.8591
0	56.0665
0	8.22896
0	1.1539
0	94.8545
0	74.092
0	73.205
0	2.17111
0	2.09438
0	158.673
0	24.1764
0	150.071
0	1051.49
0	879.163
0	269.433
0	14.8469
0	13.3732
0	2736.39
0	82.2854
0	43.2987
0	14.8091
0	58.9189
0	55.102
0	3.4549
0	42.3156
0	115.777
0	606.452
0	97.9368
0	283.658
0	2.4066
0	28.128
0	29.8258
0	10.4094
0	9.52468
0	5.84339
0	108.96
0	15.2924
0	16.0123
0	2.14417
0	32.5632
0	14.6403
0	1.61008
0	16.5783
0	50.9228
0	228.93
0	10.3929
0	17.3853
0	531.269
0	4.96227
0	8.43323
0	233.693
0	108.96
0	5.83249
0	53.9936
0	108.243
0	74.7371
0	30.1666
0	852.891
0	170.024
0	35.6547
0	49.3477
0	3.57043
0	44.1408
0	24.6076
0	64.2763
0	32.8812
0	4.79377
0	53.7605
0	28.0054
0	28.1552
0	65.7989
0	48.4467
0	779.57
0	14.3808
0	11.3631
0	453.061
0	90.0372
0	43.9424
0	5.84049
0	82.3443
0	14.5736
0	10.4942
0	165.598
0	121.198
0	7.44485
0	98.9686
0	29.5252
0	21.9904
0	52.3506
0	68.4202
0	18.2733
0	403.347
0	479.489
0	459.59
0	47.6953
0	13.0073
0	1256.83
0	4.05557
0	54.0432
0	34.603
0	5.62254
0	8.45958
0	24.3837
0	24.8988
0	114.834
0	286.162
0	47.3365
0	43.0879
0	62.1554
0	259.649
0	358.741
0	51.4791
0	167.483
0	44.8648
0	13.7872
0	87.9362
0	74.1398
0	43.3719
0	6.73647
0	816.134
0	81.367
0	168.968
0	21.5538
0	2.8593
0	268.442
0	12.6052
0	102.092
0	53.5189
0	172.099
0	12.356
0	19.8354
0	1529.93
0	58.4733
0	10.8996
0	141.159
0	215.742
0	994.881
0	709.658
0	475.281
0	4.7891
0	23.8835
0	296.94
0	28.0517
0	68.5219
0	9.8697
0	44.0286
0	64.2267
0	13.7247
0	135.391
0	4.84753
0	226.824
0	166.808
0	626.687
0	12.9502
0	616.646
0	43.2186
0	321.449
0	66.1914
0	72.1626
0	12.9113
0	124.527
0	39.1895
0	9.10355
0	743.633
0	12.6245
0	47.2434
0	20.8933
0	5.29942
0	17.3234
0	64.0768
0	42.441
0	3.51943
0	26.9464
0	76.8437
0	139.173
0	17.8944
0	23.0147
0	186.943
0	107.197
0	0.728416
0	169.989
0	24.1256
0	90.0671
0	94.0391
0	33.3971
0	185.077
0	55.1102
0	59.0042
1	2040.31
0	161.922
0	16.3864
0	0.742447
0	0.0475889
0	442.59
0	997.34
0	55.7868
0	623.279
0	102.874
0	18.2993
0	45.0652
0	10.8299
0	14.6184
0	23.2604
0	27.3263
0	56.8527
0	17.971
0	146.127
0	367.564
0	44.717
0	47.7266
0	0.253622
0	6.07258
0	293.395
0	46.9691
0	23.1035
0	2.09168
0	93.5534
0	82.5906
0	144.325
1	1500.91
0	9.42195
1	1858.35
0	2.32524
0	3.5932
0	9.50901
0	141.296
0	32.004
0	6.96183
0	37.8993
0	36.8409
0	3.96406
0	426.857
0	21.9731
0	33.274
0	20.4875
0	5.25778
0	28.5052
0	39.1729
0	77.0351
0	47.0036
0	2.16074
0	9.8577
0	309.972
0	45.5112
0	19.5301
0	25.3348
0	0.81548
0	30.0092
0	59.0118
0	52.129
0	54.9781
0	24.2663
0	0.0638473
0	60.8102
0	22.9152
0	4.0227
0	1.26862
0	8.69728
0	98.9578
0	10.0163
0	29.3427
0	1.06776
0	56.5363
0	166.692
0	56.0379
0	53.3469
0	836.452
0	6.76305
0	1710.24
0	87.9071
0	119.498
0	10.1347
0	17.3905
0	8.94247
0	221.248
0	6.84079
0	6.37936
0	3.1441
0	607.232
0	38.0955
0	6.21203
0	4.77167
0	3.42774
0	26.0787
0	68.2841
0	6.08522
0	4.77297
0	6.1591
0	1.23584
0	0.352483
0	26.0586
0	313.696
0	24.8129
0	1511.16
0	43.7622
0	34.5781
0	412.112
1	1435.11
0	136.024
0	187.103
0	117.114
0	0.718463
0	8.68367
0	28.3627
0	121.356
0	45.6454
0	20.0189
0	4.90009
0	68.915
0	105.224
0	11.3986
0	256.552
0	20.4715
0	2.16693
0	508.59
0	244.939
0	71.4876
0	66.9056
0	22.4745
0	155.217
0	23.8398
0	4.82631
0	65.4543
0	65.5058
0	1010.53
0	10.8737
0	69.0051
0	4.00965
0	75.8471
0	3.26291
0	19.1247
0	87.7178
0	11.2224
0	480.626
0	0.412612
0	49.4702
0	0.197327
0	45.8893
0	36.8255
0	272.007
0	1341.7
0	100.917
0	43.565
0	12.5889
0	250.625
0	21.9781
0	108.828
0	12.9034
0	2.61875
0	21.6619
0	300.278
0	50.8936
0	3.75847
0	129.666
0	186.63
0	248.484
0	89.1922
0	76.7119
0	11.0893
0	3.49828
0	111.645
0	11.7702
1	996.234
0	37.8271
0	69.5226
0	193.391
0	70.2466
0	35.3914
0	1034.54
0	20.7753
0	101.146
0	39.7289
0	938.766
0	77.6158
0	45.2347
0	1.77482
0	1.06428
0	481.242
0	23.6933
0	19.5113
0	144.585
0	3.07952
0	7.13658
0	66.9554
0	57.0294
0	288.301
0	11.8741
0	57.382
0	87.1849
0	241.553
0	1606.55
0	30.8708
0	46.3985
0	26.0001
0	8.74748
0	17.9758
0	97.6424
0	34.4854
0	37.7395
0	11.3484
0	13.4873
0	150.216
0	59.541
0	3.35486
1	969.307
0	34.8575
0	112.314
0	9.31054
0	18.5657
0	23.3666
0	0.0859886
0	110.106
0	100.975
0	42.3891
0	33.2342
0	12.7132
0	15.9805
0	250.143
0	30.7933
0	27.4783
0	7.77072
0	122.948
0	63.8822
0	149.612
0	15.6238
0	2.29844
0	22.6395
0	106.066
0	62.1366
0	31.5571
0	60.9134
0	0.39032
0	60.7503
0	39.3002
0	20.0588
0	6.63946
0	50.8982
0	13.4257
0	106.804
0	34.8296
0	7.96855
0	0.211102
0	39.1
0	72.8712
0	69.449
0	192.488
0	240.655
0	69.125
0	2425.42
0	188.309
0	42.2829
0	129.526
0	39.3439
0	128.7
0	309.378
0	14.5516
0	101.465
1	1342.38
0	0.544318
0	113.5
0	112.977
0	25.1644
0	5.78414
0	37.6319
0	30.4805
0	24.0135
0	177.827
0	107.229
0	44.2655
0	68.9264
0	972.641
0	1253.61
0	10.2812
0	2.31733
0	12.173
0	24.2552
0	10.9993
0	1285.23
0	42.1537
0	21.8632
0	7.71946
0	100.853
0	17.5832
0	225.945
0	44.9142
0	40.255
0	43.0627
0	48.5991
0	173.796
0	114.286
0	29.5601
0	202.539
0	0.174287
0	42.4332
0	57.0203
0	192.658
0	97.6436
0	17.0975
0	16.4091
0	159.685
0	332.648
0	29.4233
0	25.0623
0	159.477
0	626.231
0	254.283
0	411.959
0	8.39391
0	59.1939
0	561.177
0	50.0363
0	56.9991
0	6.83205
0	60.0756
0	34.4867
0	11.9113
0	11.5541
0	12.4828
0	4.58872
0	229.459
0	332.555
0	49.969
0	34.7237
0	5.85978
0	4.35568
0	7.30229
0	0.569593
0	55.3859
0	24.7226
0	23.8406
0	36.913
0	147.212
0	28.9428
0	95.1041
0	645.913
0	248.53
0	63.8478
0	2950.35
0	4.94213
0	62.4377
0	10.3243
0	0.754167
0	1.31377
0	0.861874
1	1145.07
0	67.9629
0	233.353
0	22.0284
0	122.53
0	0.134214
0	305.679
0	3.10363
0	94.4304
0	0.792256
0	363.242
0	29.1537
0	115.487
0	218.884
0	14.8203
0	27.5957
0	42.7848
0	35.981
0	122.144
0	6.05759
0	2.97736
0	156.533
0	8.00005
0	61.0952
0	125.922
0	6.10336
0	0.367306
0	291.48
0	60.0613
0	422.544
0	400.555
1	2085.95
0	90.996
0	2.23791
0	17.5316
0	876.712
0	57.7304
0	32.2951
0	55.5537
0	2884.54
0	20.0787
0	17.6089
0	1.59734
0	102.804
0	2.38404
0	38.1558
0	12.0591
0	15.534
0	25.9264
0	12.6628
0	162.523
0	202.522
0	409.998
0	5.03467
0	492.573
0	376.526
0	19.664
0	113.487
0	3.54201
0	20.6027
0	79.6329
0	15.4106
0	12.6494
0	8.39327
0	37.3634
0	133.363
0	27.1861
0	83.721
0	27.07
0	40.6855
0	84.3508
0	168.568
0	31.6561
0	197.434
0	62.3458
0	70.0511
0	34.8927
0	32.1779
0	49.67
0	21.0004
0	11.6349
0	702.991
0	43.8076
0	34.4438
0	150.243
0	17.2696
0	53.7597
0	6.09898
0	175.381
0	55.2702
0	9.87865
0	147.566
0	94.3341
0	179.614
0	191.506
0	56.61
0	146.031
0	900.064
0	28.1964
0	6.83972
0	125.321
1	1001.62
0	362.323
0	311.776
0	60.6433
0	72.9172
0	142.316
0	5.90973
0	45.2716
0	2.40333
0	1.25811
0	7.44162
0	142.05
0	6.43512
0	12.2655
0	61.8508
0	858.118
0	30.7582
0	54.4378
0	39.7189
0	31.6776
0	118.009
0	1.68229
0	177.343
0	34.4699
0	330.142
0	24.3402
0	43.5115
0	107.524
0	27.7324
0	29.97
0	53.439
0	36.0312
0	61.8986
0	88.4096
0	4.68405
0	43.4897
0	80.3402
0	16.1025
0	95.21
0	8.77545
0	346.184
0	1138.33
0	26.4335
0	159.415
0	19.0608
0	65.3177
0	22.1574
0	60.4131
0	16.7042
0	9.82686
1	1704.96
0	29.2885
0	137.974
0	96.9483
0	1247.34
0	0.773056
0	181.844
0	233.685
0	24.9489
0	9.37586
0	48.6784
0	26.3005
0	271.781
0	2.99991
0	366.87
0	55.4009
0	56.2641
0	38.6291
0	30.6755
0	4.10009
0	17.8317
0	31.0471
0	12.8818
0	17.231
1	2585.09
0	389.68
0	108.241
0	264.735
0	25.2533
0	140.18
0	1.54294
0	10.1578
0	2.16423
0	49.5816
0	19.547
0	12.9066
0	24.7108
0	1.01436
0	2083.93
0	85.414
0	0.0816137
0	58.5893
0	109.784
0	332.007
0	35.7373
0	83.3062
0	24.3453
0	11.7546
0	0.944123
0	118.19
0	475.27
0	28.021
0	40.7521
0	74.454
0	5.00891
0	7.87209
0	50.7721
0	343.209
0	60.1435
0	110.507
0	18.422
0	32.3892
0	308.257
0	146.156
0	1025.89
0	8.40451
0	6.99244
0	71.2737
0	2.79203
0	39.7674
0	431.698
0	3.35147
0	138.948
0	25.708
0	86.6186
0	5.29112
0	8.51714
0	6.87517
0	659.786
0	63.4137
0	45.3522
1	2323.03
1	1256.03
0	145.634
0	6.56581
0	134.126
0	6.23128
0	267.567
0	40.265
0	29.8728
0	12.6011
0	2.08907
0	42.0153
0	45.3559
0	22.6111
0	32.8212
0	13.1036
0	61.9777
0	47.0843
0	5.56986
0	6.70471
0	7.96821
0	8.86077
0	21.1737
0	63.6209
0	108.405
0	77.37
0	3.73753
0	21.8694
0	15.1988
0	3.86439
0	3.18447
0	127.605
0	480.332
0	2.19998
0	13.2889
0	39.376
0	4.98329
0	9.22473
0	0.889864
0	10.5532
0	22.6924
0	104.742
0	2.25495
0	3.50558
0	147.508
0	24.4053
0	4.55523
0	15.3784
0	84.3481
0	16.9573
0	26.6032
0	21.6692
0	9.25556
0	104.605
0	16.574
0	227.955
0	199.384
0	3.50629
0	18.2418
0	37.1099
0	262.506
0	80.2388
0	3.73886
0	6.22748
0	12.6261
0	24.9881
0	584.663
0	39.5605
0	57.704
0	35.1464
0	28.6011
0	124.43
0	112.407
0	55.7616
0	30.0249
0	334.537
0	24.2759
0	48.6831
0	102.078
0	3.15162
0	105.101
0	8.854
0	4.41547
0	2.31084
0	4.20416
0	11.1472
0	23.12
0	139.221
0	89.3954
0	28.4106
0	83.1965
0	56.4621
0	84.1311
0	779.516
0	8.54883
0	23.8429
0	63.9549
0	10.3885
0	106.823
0	84.6991
0	10.1955
0	109.871
0	9.72459
0	36.729
0	4.46308
0	11.1129
0	83.7467
0	74.0863
0	5.15074
0	94.4926
0	225.371
0	2.74005
0	592.287
0	823.618
0	867.937
0	115.781
0	51.0691
0	243.15
0	12.3497
0	3.0665
0	21.502
0	22.4766
0	13.8533
0	1406.19
0	29.24
0	4.09472
0	71.9072
0	226.311
0	19.0037
0	355.07
0	116.358
0	262.475
0	6.006
0	15.6081
0	37.5301
0	67.6889
0	105.677
0	43.4001
0	45.2866
0	212.41
0	69.2466
0	12.2068
0	4.44007
0	269.486
0	15.5909
0	326.817
0	210.785
0	177.185
0	14.427
0	27.9367
0	61.8344
0	12.3155
0	10.4025
0	116.007
1	2000.8
0	42.6966
0	95.9793
0	208.005
0	163.998
0	195.441
0	38.3146
0	4.63234
0	31.9954
0	15.2061
0	2.74247
0	6.67189
0	143.575
0	21.1453
0	6.90103
0	2.85011
0	27.0204
0	12.9555
0	67.7484
0	19.0396
0	1.91846
0	13.8091
0	9.66353
0	85.7563
0	10.1741
0	25.1331
1	1431.18
0	155.328
0	237.689
0	118.82
0	367.405
0	1.95135
0	132.927
0	29.238
0	4.177
0	12.9872
0	7.08716
0	35.2092
0	68.7411
0	9.95741
0	14.0018
0	0.507448
0	188.202
0	10.6394
0	32.5269
0	24.1947
0	54.6004
0	387.888
0	0.512132
0	17.9963
0	33.085
0	1.55327
0	79.5013
0	12.2374
0	12.8077
0	2.90673
0	79.5381
0	469.297
0	623.214
0	337.198
0	460.333
0	10.1454
0	20.0565
0	444.406
0	94.2414
0	339.933
0	131.94
0	641.047
0	2567.64
0	143.562
0	551.498
0	24.7306
0	139.414
0	86.4197
0	36.7803
0	209.779
0	17.8139
0	92.3835
0	302.068
0	139.888
0	234.667
0	2.89961
0	183.46
0	21.6003
0	25.1082
0	24.7109
0	100.019
0	446.311
0	26.6023
0	3.83135
0	118.368
0	32.7654
0	30.9591
0	26.3921
0	24.6816
0	24.5169
0	14.0686
0	34.1998
0	5.38511
0	6.36303
0	104.631
0	59.8849
0	6.21801
0	42.3463
0	11.115
0	32.0165
0	47.014
0	138.958
0	144.533
0	8.76809
0	20.8762
0	80.4576
0	3.54914
0	57.3786
0	6.10675
0	0.631371
0	1.38122
0	5.43146
0	16.5106
0	43.9467
0	421.758
0	109.678
0	60.7486
0	4.28565
0	218.38
0	47.607
0	51.6724
0	35.0297
0	10.9121
0	10.0539
0	193.591
0	4.16592
0	102.434
0	2.92412
0	282.068
0	11.6997
0	43.3275
0	16.7955
0	9.78366
0	250.378
0	70.8729
0	55.1806
0	14.6305
0	7.60678
0	45.8211
0	1.27587
0	43.2719
0	14.8465
0	39.6514
0	49.4891
0	0.501322
0	121.139
0	0.603475
0	1564.68
0	5.45607
0	28.8203
0	19.3961
0	10.0949
0	75.1678
0	20.4152
0	481.87
0	6.44255
0	18.6011
0	8.39338
0	146.317
0	13.9173
0	40.8478
0	13.562
0	284.539
0	31.3118
0	6.41609
0	42.8991
0	353.304
0	41.6504
0	12.73
0	15.4948
0	14.5591
0	457.381
0	27.982
0	12.9097
1	652.268
0	33.7995
0	29.3533
0	0.138553
0	79.9821
0	236.972
0	30.3746
0	5.54038
0	5.35853
0	0.138839
0	43.056
0	12.097
0	35.3972
0	1522.65
0	21.1348
0	69.2934
0	25.5176
0	346.413
0	13.495
0	73.5681
0	71.6361
0	23.3484
0	18.9981
0	102.651
0	2.53389
0	14.1925
0	12.9543
0	591.335
0	38.6299
0	72.9074
0	154.695
0	21.7249
0	27.2394
0	41.618
0	895.888
0	7.32818
0	28.9864
0	81.0969
0	4.3292
0	140.301
0	11.1182
0	35.9866
0	43.7425
0	533.469
0	22.3012
0	74.8163
0	14.398
0	24.8943
0	53.4211
0	89.948
0	0.0562023
0	18.3878
0	54.6551
0	44.8108
0	48.0813
0	14.9761
0	0.0912598
0	223.371
0	5.0745
0	9.19528
0	25.5451
0	39.1845
1	1622.75
0	1324.6
0	8.76468
0	21.932
0	15.8016
0	12.2705
0	14.6167
0	62.0198
0	167.617
1	752.176
0	26.8736
0	10.0571
0	158.062
0	18.8389
0	6.82747
0	1755.3
0	22.6573
0	10.511
1	3336.27
0	46.3479
0	10.927
0	85.0602
0	16.78
0	13.3333
0	58.7258
0	184.539
0	0.886589
0	140.525
0	28.2466
0	9.11657
0	2.07168
0	11.7658
0	85.0651
0	40.5537
0	131.981
0	93.4649
0	145.967
0	2689.68
0	258.723
0	66.8966
0	3.20975
0	12.0301
0	120.92
0	13.0327
0	149.687
0	462.07
0	32.1143
0	5.85779
0	9.3588
0	40.0902
0	6.69639
0	5.27318
0	415.181
0	3.82854
0	10.6445
0	72.8678
0	545.997
0	1607.81
0	3.25811
0	55.5638
0	98.9703
0	132.791
0	31.0298
0	7.13952
0	25.0814
0	66.7523
0	1.40438
0	1.24839
0	7.13314
0	19.1751
0	1.08589
0	431.911
0	20.7551
0	26.5043
0	15.4269
0	228.415
0	356.87
0	14.2943
0	78.0296
0	77.7333
0	24.1654
0	64.5157
0	1192.4
0	156.379
0	14.293
0	142.114
0	422.424
0	1.89289
0	8.53615
0	0.777296
0	34.8845
0	5.24752
0	263.644
0	214.542
0	117.24
0	32.9362
0	6.7164
0	102.766
1	998.033
0	103.705
0	5.20861
0	51.9482
0	49.1567
0	14.6818
0	132.923
0	306.905
0	1.91847
0	2515.49
0	28.7813
0	16.1317
0	94.072
0	7.30303
0	166.22
0	28.9208
0	323.21
0	0.860975
0	34.3477
0	28.3563
0	155.712
0	5.21631
0	131.151
0	21.1277
0	52.5435
0	253.982
0	72.7403
1	1143.68
0	247.99
0	5.62558
0	69.0474
0	49.4035
0	25.4233
0	9.01496
0	639.635
0	37.3754
0	19.28
0	18.9074
0	1.00529
0	97.4629
0	71.6013
0	247.281
0	35.2927
0	73.9988
0	237.536
0	9.39554
0	19.8257
0	33.1166
0	47.7349
0	112.91
0	70.0303
0	9.75474
0	646.941
0	37.6894
0	9.92192
0	18.584
0	383.151
0	26.0042
0	7.64528
0	2.52591
0	197.261
0	2818.81
0	2.58763
0	9.74068
0	5.4727
0	24.4396
0	473.208
0	8.38913
0	48.3793
0	6.27433
0	7.15604
0	73.3175
0	70.0529
0	44.1745
0	198.166
0	13.1802
0	109.707
0	23.1872
0	26.1878
0	3.46783
0	16.9798
0	2.73218
0	96.9017
0	52.7045
0	27.3182
0	9.96305
0	111.46
0	88.7525
0	0.886768
0	6.56814
0	10.597
0	32.891
0	110.694
0	0.131547
0	27.3138
0	37.0738
0	57.8885
0	49.0272
0	25.7784
0	50.0137
0	340.699
0	264.111
0	176.349
0	15.759
0	25.376
0	71.5652
0	30.1905
0	10.5449
0	6.20036
0	3.0941
0	165.737
0	553.265
0	470.457
0	2.80251
0	86.234
0	241.686
0	125.221
0	250.818
0	6.49166
0	4464.95
0	89.9777
0	4.49099
0	3.45375
0	4.54509
0	16.5165
0	155.887
0	211.242
0	18.3459
0	138.31
0	151.381
0	3.25282
0	158.312
0	116.365
0	7.61248
0	25.5433
0	45.0445
0	431.558
0	81.3784
0	16.7382
0	43.0146
0	0.0781333
0	9.62594
0	340.923
0	16.6023
0	263.567
0	40.7634
0	1.30837
0	6.9462
1	3797.44
0	45.8555
0	36.9738
0	57.9226
0	850.922
0	215.87
0	128.952
0	59.943
0	196.452
0	8.09624
0	7.33206
0	7.19756
0	43.1544
0	61.6809
0	9.47365
0	6.19399
0	15.5098
0	9.30306
0	199.524
0	38.1031
0	143.67
0	35.9188
0	373.157
0	79.9317
0	21.7719
0	382.336
0	176.134
0	95.0352
0	1.8945
0	87.7667
0	38.9318
0	680.204
0	1.16888
0	259.419
0	25.9925
0	7.67142
0	4.87482
0	149.865
0	0.141047
0	2.84645
0	42.7545
0	352.581
0	3.64055
0	8.04967
0	44.9761
0	33.3379
0	10.0264
0	66.5133
0	10.2004
0	432.859
0	1115.86
0	7.07709
0	30.5912
0	0.232426
0	18.6187
0	70.7586
0	84.0474
0	18.7714
0	43.619
0	4.2588
0	20.4447
0	79.7631
0	87.6297
0	270.167
0	1556.35
0	173.39
0	436.618
0	96.7948
0	70.4727
0	36.5452
0	42.4632
0	186.957
0	9.8339
0	241.242
0	45.0448
0	73.7971
0	1.54095
0	11.8099
0	46.7015
0	14.8169
0	2.05436
0	25.204
0	9.67625
0	598.674
0	31.8194
0	14.7196
0	25.9637
0	77.5676
0	8.24252
0	114.023
0	4.58769
0	18.4716
0	335.446
0	50.6072
0	8.3956
0	1453.22
0	8.37293
0	81.2042
0	92.6715
0	36.831
0	7.71216
0	9.94185
0	221.104
0	113.52
0	11.7563
0	9.91469
0	10.9427
0	184.327
0	9.02399
0	1744.08
0	98.1033
0	17.2733
0	23.323
0	121.099
0	306.985
0	104.644
0	18.6773
0	29.7276
0	198.511
0	22.2001
1	3179.77
0	20.2212
0	41.5096
0	9.38008
0	168.821
0	1132.53
0	781.473
0	330.283
0	234.436
0	3.84022
0	6.22964
0	25.793
0	234.625
0	10.5229
0	7.12942
0	2.63299
0	41.2627
0	22.7181
0	28.1736
0	582.32
0	8.0168
0	9.46549
0	13.4663
0	36.5758
0	69.1113
0	597.237
0	249.681
0	63.6477
0	4.47887
0	1.50589
0	30.316
0	21.7289
0	56.9527
0	124.527
0	424.573
0	75.65
0	38.4496
0	1464.6
0	88.51
0	31.7037
0	32.1555
0	7.34858
0	486.355
0	79.031
0	393.047
0	146.676
0	5.41384
0	7.57751
0	16.9035
0	35.0576
0	2.94335
0	39.5135
0	36.0539
0	2.63948
0	0.556874
0	69.0335
0	8.78755
0	6.95639
0	22.1556
0	20.1481
0	12.9849
0	199.752
0	5.43617
0	30.6846
0	2.58898
0	135.145
0	10.8023
0	7.47787
0	20.8438
0	1015.3
0	6.20785
0	5.37408
0	4.56702
0	9.13933
0	2.24645
0	31.4025
0	15.0495
0	541.397
0	41.4446
0	310.893
0	105.707
0	192.205
0	106.268
0	235.104
0	66.1688
0	2401.69
0	179.522
0	14.242
0	32.4949
0	5.03135
0	218.034
0	46.2378
0	50.7865
0	1.04461
0	6.53625
0	24.869
0	14.9153
0	33.2407
0	432.299
0	4.30995
0	20.419
0	137.218
0	61.5311
0	797.317
0	75.9316
0	6.5819
0	37.9149
0	111.129
0	120.785
0	45.7682
0	14.4452
0	1.65603
0	43.472
0	1.09236
0	2.6971
0	2.99319
0	0.071003
0	3.95941
0	50.0268
0	59.3585
0	7.68333
0	154.933
0	46.9263
0	70.1758
0	208.395
0	10.2077
0	16.563
0	42.7681
0	16.2441
0	23.3297
0	49.1131
0	234.366
0	43.9636
0	10.3689
0	3.28055
0	21.5351
0	82.5914
0	9.36244
0	8.27993
0	352.529
0	25.0312
0	9.424
0	40.8485
0	10.9042
0	17.0702
0	0.0683212
0	176.836
0	3.97156
0	42.4922
0	15.3423
0	40.3828
0	48.4025
0	70.5632
0	16.4683
0	935.312
0	21.0719
0	22.9072
0	48.2125
1	675.945
0	58.5229
0	72.8278
0	30.9399
0	103.006
0	334.685
0	164.856
0	135.763
0	43.0634
0	319.07
0	19.6306
0	191.603
0	6.8809
0	13.1919
0	86.188
0	11.27
0	4.39291
0	62.5696
0	159.486
0	44.8772
0	63.4188
0	2.35798
0	74.5367
0	14.1487
0	13.5643
0	13.7921
0	3.34341
0	27.2614
0	29.3468
0	29.7204
0	50.8173
0	1.14798
0	493.107
0	8.24497
0	20.7809
0	867.821
0	28.0024
0	19.8395
0	7.20442
0	215.567
0	66.6703
0	186.384
0	1.23302
0	123.095
0	38.0998
0	5.57813
0	80.3875
0	23.685
0	49.6304
0	30.0826
1	948.884
0	1.77145
0	277.545
0	16.0987
0	106.077
0	704.395
0	61.7694
0	3.96932
0	340.853
0	106.454
0	344.617
0	0.573918
0	10.952
0	11.2495
0	3.54515
0	30.0626
0	1585.86
0	20.3703
0	484.332
0	408.92
0	34.6121
0	4.70124
0	404.253
0	10.9557
0	4.33868
0	59.7808
0	200.809
0	5.09846
0	61.9066
0	211.594
0	3.30856
0	52.9365
0	239.238
0	3.09861
0	5.68781
0	318.342
0	29.5632
0	3.22646
0	7.65244
0	895.79
0	28.3799
0	653.868
0	157.26
0	106.857
0	433.538
0	114.362
0	42.8859
0	51.8768
0	56.6381
0	8.78401
0	6.63462
0	18.6884
0	75.5676
0	22.7431
0	458.326
0	15.4073
0	21.7247
0	121.252
0	76.8239
0	90.6283
0	13.2467
0	19.8857
0	37.1756
0	497.228
0	10.824
0	19.6795
0	13.8114
0	33.2357
0	120.219
0	544.68
0	12.4145
0	9.41964
0	44.4256
0	31.9441
0	27.4329
0	163.519
0	90.2037
0	69.943
0	17.9863
0	186.328
0	39.7975
0	26.9197
0	92.9057
0	36.0111
0	20.0528
0	40.3807
0	65.5269
0	7.32269
0	4.68356
0	5.00018
0	20.4586
0	1274.31
0	38.0288
0	64.0677
0	13.2125
0	50.9089
0	20.4691
0	8.35843
1	2505.07
0	0.631786
0	205.801
0	33.3072
0	2.21962
0	22.15
0	30.6142
0	97.8304
0	35.0079
0	37.9558
0	107.966
0	16.5053
0	9.69521
0	409.006
0	23.354
0	86.8708
0	50.7095
0	66.4593
0	1.99962
0	14.1973
0	95.3446
0	2250.9
0	6.78122
0	83.0642
0	43.1726
0	39.6029
0	26.9259
0	64.5927
0	67.7177
0	156.127
0	11.473
0	139.012
0	0.483539
0	18.6936
0	47.0974
0	39.1678
0	75.6384
0	61.406
0	37.4584
0	10.7507
0	14.1732
0	161.518
0	243.394
0	0.59008
0	19.1665
0	37.9259
0	131.749
0	7.78585
0	169.251
0	33.296
0	98.5351
0	2.92892
0	19.9729
0	24.1621
0	267.841
0	2653.93
0	0.160578
0	56.5575
0	42.9359
0	15.0166
0	7.95401
0	1587.09
0	39.9702
1	1962.84
0	27.7654
0	19.9515
0	8.55423
0	0.272878
0	4.00158
0	1253.71
0	70.2983
0	7.1763
0	38.3622
0	21.3483
0	110.014
0	311.745
0	21.4338
0	15.7635
0	1058.88
0	23.6737
0	9.84528
0	1567.99
0	0.032356
0	44.3398
0	12.6031
0	14.7051
0	168.59
0	160.56
0	8.6282
0	23.2129
0	99.1169
0	1127.53
0	114.146
0	5.59814
0	1032.19
0	39.0362
0	7.21593
0	10.7597
0	54.6333
0	176.604
0	9.93318
0	63.4184
0	6.4245
0	221.014
0	48.7516
0	4.38443
0	1.53631
0	14.1147
0	45.9587
0	55.8855
0	16.3706
0	34.3356
0	93.4857
0	47.0279
0	62.9256
0	1.39493
0	25.1387
0	1.3886
0	8.59804
0	3805.7
0	3405.34
0	102.47
0	4.2739
0	66.3197
0	97.3003
1	970.698
0	21.5164
0	7.74796
0	63.5823
0	139.755
0	409.607
0	60.1689
0	186.429
0	45.6797
0	478.331
0	18.6781
0	33.6157
0	1.25712
0	127.498
0	201.963
0	31.9926
0	271.527
0	12.099
0	7.23036
0	45.4211
0	42.3223
0	317.492
0	47.1387
0	20.3187
0	93.4063
0	1060.21
0	11.5137
0	49.7085
0	3.78084
0	1.39599
0	3.31955
0	50.6036
0	172.109
0	16.9702
0	198.569
0	921.126
0	390.244
0	117.382
0	15.8071
0	11.4786
0	540.885
0	18.062
1	2022.47
0	36.0122
0	1.10607
0	594.989
0	5.07108
0	45.9804
0	78.5436
0	30.8986
0	123.127
0	41.1242
0	66.7569
0	5.72804
0	88.6519
0	19.8167
0	10.6592
0	13.4289
0	20.9814
0	23.5511
0	13.2621
0	13.6861
0	67.1937
0	37.6693
0	299.585
0	32.7953
0	8.98033
0	206.094
0	3.24958
0	1199.49
0	330.118
0	91.6868
0	1.73832
0	9.11681
0	41.1523
0	21.1515
0	79.3088
0	12.8585
0	17.8963
0	92.3686
0	70.2137
0	30.6609
0	17.5637
0	68.1829
0	71.7446
0	25.0275
0	89.2389
0	56.6526
0	15.5597
0	22.309
0	3.12524
0	24.7883
0	12.0877
0	13.4778
0	0.706409
0	67.9498
0	17.5987
0	43.329
0	20.599
0	49.4706
0	5.43056
0	55.7806
0	24.8824
0	98.7751
0	306.117
0	29.0044
0	441.578
0	71.2063
0	83.932
0	0.719221
0	13.0533
0	0.204068
0	152.02
0	29.7306
0	25.1027
0	44.6585
0	512.271
1	447.339
0	33.1721
0	436.207
0	46.5359
0	26.7936
0	26.0013
0	279.575
0	292.945
0	15.6072
0	25.4455
0	139.557
0	22.032
0	7.14995
0	10.4204
0	102.338
0	69.2754
0	94.0624
0	95.613
0	11.8402
0	85.9251
0	5.71816
0	138.938
0	10.5562
0	36.5331
0	908.306
0	11.6708
0	45.8785
0	31.1858
0	35.4542
0	51.7709
0	8.64767
0	45.7658
0	1278.28
0	1487.66
0	41.6724
0	33.2141
0	68.2473
0	36.0221
0	84.9755
0	28.3135
0	50.124
0	60.1276
0	21.5787
0	60.7508
0	15.0734
0	1384.96
0	37.0036
0	6.91138
0	2.08977
0	17.2717
0	68.6711
0	1.92401
0	2.1113
0	291.976
0	157.172
0	17.9791
0	53.9671
0	275.655
0	31.9721
0	629.227
0	45.1896
0	313.398
0	50.3152
0	514.026
0	2.34291
0	20.2393
0	118.006
0	160.521
0	59.4405
0	62.4324
0	41.3233
0	9.39844
0	45.9903
0	75.2117
0	28.7511
0	18.01
0	21.2807
0	17.9962
0	82.7625
0	22.4961
0	55.5285
0	132.939
0	57.2753
0	886.272
0	17.8329
0	276.813
0	59.494
1	1070.93
0	4.81178
0	35.162
0	3.46335
0	29.6129
0	3.81386
0	107.881
0	376.837
0	128.236
0	4.57136
0	0.44571
0	11.334
0	112.901
0	1.5825
0	85.1798
0	20.5164
0	223.597
0	35.1509
0	76.1526
0	120.286
0	33.9489
0	810.624
0	2453.63
0	1215.41
0	12.8742
0	10.6396
0	76.5463
0	16.9203
0	81.3961
0	3.37694
0	1.31486
0	28.2649
0	48.8361
0	52.4823
0	3.15078
0	234.345
0	210.665
0	2192.63
0	40.5398
0	21.0399
0	142.048
0	129.357
0	37.6611
0	166.587
0	16.0361
0	64.8945
0	42.9203
0	278.25
0	11.1192
0	199.903
0	4.39877
0	1.42948
1	2179.52
0	1284.91
0	365.966
0	20.0561
0	29.2399
0	2.75268
0	5.46816
0	45.7052
0	24.4694
0	35.3742
0	9.52993
0	2101.27
0	33.0093
0	71.344
0	29.8803
0	58.6221
0	48.1125
0	31.0579
0	4.43629
0	39.3448
0	5.35443
0	30.7375
0	21.365
0	714.064
0	59.4954
0	2.51844
0	28.9847
0	17.952
0	22.5231
0	565.632
0	6.3885
0	123.939
0	24.0551
0	1.58669
0	54.8091
0	181.109
0	39.1923
0	286.075
0	422.242
0	16.6856
0	37.9857
0	3.42885
0	17.8232
0	72.5289
0	17.5856
0	146.432
0	8.3235
0	8.45605
0	4.82881
0	18.5655
0	29.463
0	503.812
0	9.58414
0	10.2365
0	21.9956
0	25.0705
0	69.684
0	4.36633
0	4.72327
0	19.4403
0	435.319
0	52.3978
0	1462.4
0	0.44478
0	455.375
0	9.83804
0	6.97178
0	41.4145
0	242.516
0	23.7893
0	5.50207
0	30.7191
0	5.11485
0	541.337
0	107.519
0	50.7642
0	16.9492
0	98.6304
0	3.08355
0	8.12743
0	51.5794
0	45.9848
0	101.99
0	182.514
0	127.342
0	21.3131
0	234.236
0	13.5235
0	68.3995
0	47.7364
0	3.14073
0	36.4269
0	92.7172
0	4.68502
0	0.803567
0	243.49
0	14.43
0	51.4776
0	10.1169
0	70.4866
0	69.0521
0	9.80062
0	73.9928
0	0.352036
0	45.6006
0	9.71312
0	25.1156
0	14.5366
0	18.6376
0	22.5496
0	5.61165
0	41.7744
0	188.092
0	2696.74
0	4.10948
0	10.6077
0	184.999
0	75.7786
0	3.79269
0	50.4693
0	61.0731
0	12.6051
0	0.0170183
0	68.5757
0	61.4969
0	62.9756
0	4.24958
0	63.4382
0	58.2535
0	92.2119
0	77.2543
0	67.2925
0	3.73431
0	10.6745
0	2.36538
0	30.9184
0	365.662
0	321.32
0	227.251
0	24.3475
0	10.2331
0	43.1495
1	2749.21
0	42.3765
0	1.18443
0	9.1078
0	144.425
0	143.959
0	7.07254
0	3.48102
0	1048.05
0	38.8752
0	358.541
0	446.332
0	36.101
0	624.47
0	2.20798
0	26.5913
0	4.77642
0	1.5069
0	7.87114
0	43.2961
1	1281.03
0	42.8081
0	4.52503
0	503.377
0	26.6173
0	17.2136
0	272.173
0	523.835
0	138.148
0	16.2334
0	0.398633
0	14.5186
0	395.31
0	1.35175
0	12.9136
0	24.124
0	99.455
0	266.74
0	6.77974
0	916.786
0	0.934279
0	5.27276
0	1.7413
0	152.901
0	595.239
0	252.428
0	278.288
0	20.3276
0	2.35069
0	163.862
0	0.4017
0	103.045
0	2.94486
0	17.2227
0	5.36916
0	21.9912
0	387.831
0	13.1865
0	4.87957
0	67.1778
0	19.966
0	324.037
0	6.3567
0	19.5342
0	20.5111
0	39.3692
0	68.4027
0	176.236
0	86.1508
0	9.63805
0	48.7827
0	269.304
0	19.1533
0	296.279
0	59.629
0	83.7841
0	85.8169
0	14.0871
0	3.13486
0	54.4263
0	41.4684
0	24.3052
0	18.5642
0	47.3864
0	1.70941
0	3.34179
0	47.391
0	7.71602
0	11.9587
1	1219.59
0	140.012
0	14.4793
0	47.9149
0	223.311
0	12.2997
0	76.034
0	538.608
0	10.5439
0	7.4587
0	8.30943
0	103.394
0	43.1376
0	173.595
0	0.842942
0	33.9589
0	58.4252
0	7.48498
0	74.905
0	44.949
0	19.5602
0	1.76513
0	10.0719
0	59.668
0	199.691
0	5.37434
0	93.0764
0	9.47915
0	382.064
0	14.5265
0	2180.13
0	2.66586
0	58.6191
0	25.0999
0	61.5684
0	30.7972
0	49.6351
0	417.609
0	46.5499
0	42.4203
0	20.7959
0	90.9153
0	29.7731
0	14.4212
0	2.7399
0	4.97
0	55.5724
0	181.75
0	1.67236
0	35.7479
0	60.718
0	40.5778
0	40.7952
0	113.79
0	89.5059
0	32.3849
0	39.3272
0	10.5626
1	1365.05
0	113.941
0	36.5905
0	16.7361
0	322.964
0	3.28307
0	100.64
0	53.2987
0	9.22863
0	36.3149
0	5.42411
0	269.776
0	101.599
0	3.14099
0	21.1742
0	54.9507
0	19.4413
0	131.66
0	489.42
0	3105.37
0	21.1979
0	854.306
0	13.3437
0	41.0558
0	3.23643
0	665.145
0	62.3684
0	43.4862
0	15.5937
0	31.573
0	34.3649
0	60.4659
0	6.58666
0	9.91304
0	2.70865
0	208.026
0	361.483
0	1940.35
0	121.338
0	73.6357
0	11.0368
0	6.67027
0	301.259
0	18.4009
0	19.9827
0	59.5373
0	12.9454
0	265.317
0	5.90172
0	58.273
0	135.325
0	14.9741
0	17.5635
0	42.0752
0	281.566
0	228.587
0	103.869
0	0.0263517
0	57.5065
0	28.2231
0	931.362
0	60.9497
0	34.3063
0	219.75
0	23.6509
0	37.8476
0	902.114
0	356.933
0	41.8462
0	113.954
0	52.1105
0	20.7304
0	47.933
0	16.3
0	48.8929
0	18.8177
0	21.1594
0	92.1969
0	1398.32
0	23.5784
0	16.094
0	329.077
0	55.7712
0	307.012
0	47.6021
0	1005.09
0	16.1352
0	0.344119
0	11.0412
0	66.3933
0	45.1853
0	0.319591
0	11.8406
0	43.7524
0	2.38836
0	62.606
0	550.562
0	57.701
0	8.40947
0	127.062
0	1.77877
0	17.764
0	6.35353
0	6.40338
0	250.327
0	68.6932
0	0.320586
0	5.91398
0	21.6106
0	10.2527
0	140.871
0	28.3537
0	210.236
0	35.2006
0	153.713
0	1783.26
0	75.2438
0	72.0234
0	23.7773
0	3.84692
0	78.7467
0	2.91135
0	22.2332
0	12.1016
0	5.46649
0	83.9831
0	158.926
0	11.4912
0	259.268
0	111.496
0	5.70983
0	13.7438
0	54.9668
0	339.073
0	42.0685
0	77.1143
0	35.338
0	31.6822
0	1.26303
0	113.068
0	15.407
0	6.34448
0	139.948
0	63.2463
0	21.8224
0	7.88542
0	1.49385
0	58.8166
0	29.0365
0	100.32
0	31.2679
0	36.3632
0	22.0249
0	915.266
0	21.669
0	0.503031
0	13.1913
0	22.7974
0	12.2197
0	36.8053
0	28.8188
0	491.225
0	13.6874
0	11.5548
0	3.28297
0	15.9526
0	6.23143
0	48.1947
0	36.8944
0	277.568
0	1.39195
0	2.90415
0	16.1303
0	483.316
0	174.854
0	60.301
0	205.437
0	84.403
0	66.5112
0	84.9734
0	33.0371
0	7.10594
0	15.3982
0	133.625
0	72.8745
0	54.5605
0	108.845
0	8.40872
0	501.257
0	11.5638
0	71.6051
0	893.761
0	48.0039
0	18.4209
0	33.957
0	10.4903
0	29.3808
0	3.47073
0	42.1639
0	56.9834
0	2188.39
0	108.67
0	19.7183
0	291.023
0	27.0017
0	131.402
0	91.094
0	103.497
0	60.877
0	176.116
0	63.4094
0	23.5032
0	61.3221
0	180.295
0	162.199
0	35.6896
0	0.0175548
0	347.561
0	1113.29
1	1707.51
0	649.375
0	76.7585
0	20.9478
1	2621.73
0	44.8016
0	6.10583
0	6.04883
0	47.463
0	19.556
0	169.992
0	334.26
0	18.3676
0	62.3467
0	8.06794
1	1028.86
0	57.4901
0	122.628
0	900.181
0	138.998
0	104.175
0	8.44833
0	12.173
0	2.53788
0	9.63672
0	56.9162
0	696.204
0	30.4389
0	27.1655
0	24.0787
0	6.14344
0	524.317
0	159.441
0	99.0866
0	70.2252
0	94.0618
0	88.7372
0	28.7308
0	81.7046
0	5.81457
0	20.4561
0	71.7544
0	47.4869
0	887.351
0	49.5809
0	20.8561
0	23.3992
0	20.6874
1	2248.71
0	5.14117
0	73.4574
0	40.9868
0	199.579
1	1078
0	0.232005
0	219.747
0	3.48936
0	96.4139
0	8.92477
0	137.662
0	293.397
0	69.4816
0	6.51358
0	69.9193
0	761.475
0	5.16318
0	537.089
0	53.0697
0	13.8919
0	64.84
0	73.8171
0	53.7286
0	13.4337
0	4.0854
0	108.062
0	2727.31
0	406.729
0	237.701
0	556.204
0	13.7698
0	141.028
0	19.436
0	0.662177
0	414.851
0	147.804
0	56.9269
0	961.253
0	17.2067
0	3.58984
0	115.446
0	20.438
0	4.98333
0	54.2855
0	29.5298
0	0.33587
0	50.1184
0	3.39819
0	13.4618
0	26.0875
0	26.8914
0	79.2533
0	1581.66
0	23.5763
0	45.3144
0	6.34262
0	31.4827
0	1.85273
0	123.962
0	15.0193
0	21.7594
0	1099.84
0	61.7021
0	367.328
0	114.286
0	2.54982
0	4.18574
0	0.951112
0	96.7098
0	0.651828
0	220.925
0	52.7905
0	41.7325
0	451.03
0	51.5383
0	84.3377
0	423.954
0	72.6107
0	44.0242
0	138.338
0	9.73898
0	304.851
0	3.58993
0	9.85638
0	269.135
0	3.33686
0	27.0917
0	617.939
0	14.01
0	181.198
0	86.5451
0	408.304
0	42.3907
0	98.2827
0	681.467
0	2.87461
0	6.91278
0	47.5823
0	58.6933
0	1079.99
0	30.3825
0	6.43763
0	18.6091
0	21.8239
0	31.0809
0	179.648
0	15.6938
0	128.805
0	836.968
0	100.833
0	69.3495
0	7.76057
0	85.2896
0	13.1411
0	292.724
0	145.813
0	21.9664
0	157.104
0	14.2498
0	1.40979
0	90.2422
0	28.3754
0	163.039
0	78.8849
0	702.363
1	2008.49
0	40.3443
0	37.938
0	8.96985
0	103.587
0	17.8815
0	2.69174
0	54.3111
0	6.20838
0	182.054
0	7.35558
0	56.0883
0	1.65724
0	76.4583
1	722.8
0	1.53088
0	12.3328
0	32.0116
0	21.1476
0	10.4158
0	0.841163
0	5.09254
0	142.353
0	212.545
0	4.66614
0	182.342
0	128.788
0	152.044
0	19.7154
0	15.0231
0	20.8687
0	53.5796
0	68.6277
0	6.04202
0	402.63
0	202.402
0	611.815
0	96.6669
0	18.3225
0	625.557
0	613.2
0	59.9992
0	47.4653
0	56.0433
0	67.3138
0	1271.32
0	11.5439
0	20.6349
0	71.2186
0	233.976
0	152.939
0	385.859
0	10.1583
0	233.612
0	22.7256
0	254.898
0	62.1982
0	113.396
0	59.6333
0	108.714
0	8.64471
0	412.451
0	10.1522
0	46.0844
0	155.757
0	836.033
0	18.4826
0	183.934
0	7.60401
0	2.4884
0	226.413
0	17.5112
0	18.9552
0	13.6677
0	19.6704
0	138.878
0	137.749
0	6.17945
0	68.1198
0	21.9281
0	343.724
0	552.448
0	54.8157
0	6.61542
0	1021.18
0	1293.88
0	42.2433
0	37.6857
0	3.40446
1	1034.05
0	62.225
0	831.086
0	85.5204
0	4.01255
0	10.6886
0	310.901
0	23.5449
0	270.867
0	112.524
0	0.815626
0	1460.07
0	15.2276
0	105.267
0	10.0197
0	36.4139
0	14.6022
0	133.546
0	10.397
0	397.979
0	9.94289
0	36.0479
0	28.6824
0	51.6571
0	7.60478
0	27.2936
0	444.309
0	0.0680251
0	32.9287
0	35.1293
0	4.57647
0	7.22187
0	4.56984
0	2.35926
0	28.097
0	35.5687
0	5.48214
0	237.703
0	76.4891
0	8.40258
0	38.3427
0	5.4212
0	6.58022
0	63.5694
0	130.093
0	479.02
0	337.425
0	20.6218
0	115.115
0	35.6575
0	32.8922
0	4.94193
0	254.763
0	110.32
0	99.2447
0	6.87833
0	105.078
0	6.49601
0	314.307
0	3.62766
0	82.0862
0	193.337
0	40.1876
0	54.9277
0	0.0122595
0	1.01185
0	46.1468
0	98.1216
0	247.059
0	189.777
0	15.551
0	80.511
0	11.709
0	259.037
0	35.3221
0	3.13634
0	5.93552
1	1193.44
0	47.3311
0	7.02144
0	22.9062
0	48.3728
0	21.3878
0	26.9437
0	5.24849
0	2.17289
0	243.423
0	44.3878
0	1476.11
0	45.3759
0	57.1021
0	158.876
0	617.123
0	153.105
0	50.5977
0	10.6714
0	35.2369
0	22.8281
0	370.809
0	109.075
0	142.784
0	2.57729
0	85.515
0	59.0945
0	3.39098
0	40.7249
0	201.171
0	194.211
0	23.2528
0	6.49045
0	72.006
0	20.3296
0	36.0366
0	19.3243
0	31.896
0	261.094
0	4.25952
0	782.946
0	6.2381
0	1.91215
0	51.7581
0	165.448
0	1.19996
0	25.5364
0	28.3112
0	5.56003
1	870.166
0	56.0432
0	73.2803
0	90.8034
0	35.6212
0	121.456
0	841.915
0	44.3164
0	243.05
0	0.945085
0	32.1773
0	74.1285
0	2975.95
0	28.2566
0	1.3413
0	205.934
0	40.5773
0	21.0722
0	102.234
0	25.7676
0	15.5855
0	86.0881
0	19.1139
0	961.705
0	68.0148
0	28.6384
0	21.3515
0	141.245
0	326.369
0	40.5468
0	11.4962
0	34.012
0	1.11745
0	22.4519
0	3.37188
0	75.2729
0	420.954
0	5.92569
0	1.42633
0	9.54813
0	687.898
0	231.509
1	1083.66
0	12.6268
0	13.6542
0	93.4451
0	53.0635
0	93.4466
0	94.7715
0	5.4005
0	31.586
0	51.6079
0	28.4485
0	249.243
0	17.597
0	7.2244
0	66.8711
0	18.5876
0	839.054
0	430.512
0	2.37528
0	13.8322
0	253.879
0	218.124
0	6.62216
0	8.49559
0	37.7949
0	97.7183
0	9.34723
0	56.4352
0	24.9309
0	87.9953
0	1.94381
0	3084.67
0	331.941
0	11.0901
0	11.9169
0	30.3567
0	10.4182
0	81.1411
0	22.9811
0	22.0108
0	52.3192
0	66.2727
0	120.249
0	13.2616
0	263.149
0	238.874
0	36.1213
0	22.5461
0	21.5673
0	11.9987
0	3.29554
0	43.3393
0	41.1989
0	437.814
0	11.4307
0	36.4537
0	5.7329
0	19.9194
0	17.5052
0	40.6619
0	113.812
0	52.4311
0	49.8223
1	1394.89
0	639.083
0	9.64068
0	12.2388
0	49.5165
0	69.6304
0	473.603
0	5.14584
0	47.5365
0	37.9574
1	948.503
0	47.649
0	4.68836
0	20.2274
0	39.8377
0	62.5972
0	1.44716
0	9.30588
0	86.0317
0	53.7889
0	267.65
0	49.8669
0	20.7782
0	1137.38
0	50.7117
0	12.298
0	204.545
0	9.746
0	48.6647
0	98.9747
0	153.694
0	82.1314
0	19.3601
0	15.1077
0	33.1604
0	27.6384
0	8.05534
0	3.06541
0	28.1271
0	302.091
0	91.9296
0	113.16
0	39.4912
0	23.4325
0	0.578505
0	8.47911
0	210.822
0	532.133
0	769.338
0	22.132
0	20.4874
0	14.1344
0	11.9886
0	12.4063
0	98.5085
0	141.768
0	359.866
0	20.7733
0	60.3073
0	64.4257
0	2211.45
0	9.15846
0	146.249
0	31.3067
0	19.116
0	29.0654
0	21.2132
0	13.8133
0	37.1473
0	73.796
0	157.511
0	4.43719
0	44.5082
0	0.719263
0	61.415
0	85.5602
0	25.91
0	7.79111
0	180.478
0	239.436
0	12.5601
0	8.85059
0	181.068
0	85.0529
0	22.4547
0	48.2879
0	685.881
0	0.906038
0	17.1942
0	149.977
0	4.63268
0	366.483
0	40.7692
0	2.28249
0	244.117
0	68.547
0	29.9359
0	14.9202
0	35.294
0	8.02435
0	8.47051
0	18.4492
0	66.2917
0	5.41953
0	33.6923
0	15.3371
0	392.655
0	10.4756
0	229.279
0	37.3652
0	3322.91
0	124.241
0	780.151
0	129.428
0	84.9151
0	61.234
0	4.31746
0	1088.07
0	31.8358
0	18.8382
0	20.1189
0	26.0993
0	0.0483548
0	13.9721
0	1.74546
0	13.7482
0	32.1007
0	302.412
0	18.4778
0	96.5815
0	59.4059
0	41.4012
0	66.0558
0	13.7094
0	31.3124
0	18.559
0	202.135
0	5.41346
0	1.91891
0	32.5877
0	6.99673
0	28.2432
0	32.2295
0	35.4133
0	170.855
0	112.741
0	38.3421
0	622.788
0	19.6365
0	292.695
0	4.18413
0	2.50814
0	81.8189
0	45.5247
0	8.03888
0	21.2194
1	667.711
0	51.7249
0	162.856
0	65.9694
0	1.9201
0	2.39821
0	14.5414
0	20.1389
0	10.3027
0	845.16
0	8.61014
0	24.5682
0	51.1722
0	43.4672
0	3.52651
0	9.87891
0	2.92643
0	3.08334
0	26.0304
0	42.5921
0	37.6805
0	75.6463
0	42.2219
0	23.5687
0	10.3284
0	299.771
0	329.932
0	39.0262
0	83.4476
0	1796.97
0	114.135
0	2252.11
0	317.028
0	25.555
0	74.7433
0	1.20441
0	37.4366
0	323.763
0	45.0043
0	98.5854
0	8.16319
0	64.0504
0	22.8847
0	91.5283
0	80.7927
0	47.3165
0	7.16718
0	312.15
0	8.80732
0	410.633
0	9.71465
0	31.8458
0	0.181906
0	280.603
0	8.59344
0	18.3937
0	78.384
0	109.157
0	0.634483
0	1052.28
0	47.0197
0	67.0726
0	117.636
0	48.7589
0	252.128
0	36.0142
0	85.8719
0	0.258679
0	49.7252
0	137.157
0	86.8146
0	2.85199
0	79.9015
0	389.639
0	44.7562
0	34.9646
0	167.847
0	105.326
0	563.09
0	38.9414
0	1378.64
0	43.7692
0	189.016
0	63.7453
1	1528.19
0	44.1935
0	109.227
0	2.59126
0	236.724
0	62.7071
0	832.59
0	79.2844
0	73.4532
0	745.707
0	2069.51
0	2.50806
0	64.2975
0	85.3811
0	37.6015
0	431.61
0	37.5607
0	1094.53
0	15.9115
0	103.713
0	85.616
0	107.725
0	19.1561
0	6.607
0	141.108
0	27.5249
0	100.453
0	39.6866
0	39.5592
0	50.5026
0	4.01432
0	13.0637
0	53.1594
0	25.8634
0	10.2706
0	4.61855
0	1.46332
0	33.6183
0	200.147
0	11.231
0	16.5819
0	45.5805
0	17.004
0	115.382
0	10.3779
0	7.9238
0	10.2892
0	24.5903
0	5.55742
0	52.6038
0	150.946
0	28.0538
0	132.835
0	56.2386
0	25.3237
0	11.1388
0	50.7581
0	71.855
0	35.0988
0	54.2503
0	74.4796
0	16.3569
0	309.447
0	977.862
0	5.48771
0	4.09048
0	119.188
0	7.37535
0	3.16422
0	59.7234
0	417.303
0	2079.21
0	9.11345
0	24.3748
0	9.29538
0	865.997
0	49.7966
0	41.2948
0	5.35969
0	113.124
0	4.87944
0	10.6375
0	330.616
0	23.9878
0	472.453
0	30.0528
0	86.7319
0	120.289
0	3.24538
0	23.9162
0	157.115
0	101.899
1	1765.08
0	48.85
0	94.8145
0	10.1216
0	109.57
0	88.2727
0	548.035
0	18.413
0	329.415
0	35.6369
0	21.0938
0	23.5533
0	138.617
0	3.12079
0	1286.83
0	145.615
0	2348.99
0	84.6281
1	1473.97
0	1529.27
0	10.1553
0	104.514
0	250.733
0	14.4842
0	0.87251
0	253.089
0	9.01535
0	0.249406
0	9.61227
0	75.6065
0	4.23578
0	6.82569
0	58.4779
0	51.9497
0	15.9082
0	16.2538
0	31.3449
0	53.2281
0	698.696
0	10.6566
0	847.808
0	255.285
0	8.70334
0	104.26
0	20.6212
0	19.6631
0	48.2946
0	1273.91
0	16.7643
0	203.591
0	21.1031
0	10.2475
0	10.2429
0	460.385
0	13.5081
0	11.1442
0	1180.06
0	148.66
0	27.9633
0	24.349
0	480.387
0	91.6254
0	11.1393
0	203.807
0	1.65637
0	42.4642
0	23.2065
0	32.4076
0	4.05026
0	2.27965
0	50.8237
0	60.6446
0	153.194
0	827.087
0	8.44343
0	11.7431
0	67.448
0	61.8784
0	15.5151
0	12.5571
0	12.4681
0	24.4157
0	20.5288
0	33.3432
0	20.2084
0	24.9338
0	43.1502
0	3353.64
0	10.3285
0	2.49727
0	69.6765
0	27.5337
0	360.51
0	144.569
0	31.5666
0	71.8966
0	64.4047
0	74.722
0	1.49835
0	0.639569
0	101.199
0	82.7919
0	92.8983
0	1.62819
0	14.6893
0	205.519
0	156.606
0	1413.16
0	13.6412
0	3.21452
0	457.325
0	76.7212
0	12.4905
