10000	100	9900	0.00208333
0.025641	0.0253846	47997.5	4.82284	1
0	101.442
0	3.75198
0	67.3796
0	31.8756
1	83.9329
0	328.039
0	6.03886
0	25.8576
0	48.5124
0	98.8394
0	25.7318
0	10.4588
0	30.9856
0	56.6518
0	35.4891
0	14.1286
0	24.8163
0	259.78
0	15.4587
0	15.8522
0	49.7369
0	199.645
1	246.283
0	72.6138
0	3.91906
0	13.4316
0	48.8085
0	9.11553
0	122.58
0	21.9639
0	38.6075
0	44.4246
0	11.3531
0	36.4352
0	23.1887
0	89.8788
0	24.7786
0	51.4737
0	26.8795
0	17.6502
0	58.8536
0	123.51
0	26.6531
0	24.0432
1	135.675
0	149.557
0	26.4877
0	62.7695
0	43.9418
0	159.837
0	145.536
0	18.8248
0	171.855
0	93.4074
0	219.406
1	165.314
0	72.3501
0	14.6804
0	32.7828
0	5.52808
0	90.9633
0	79.6393
0	15.8902
0	44.5939
0	166.197
0	30.6538
1	53.2408
0	88.3965
0	50.6943
0	43.7356
0	4.99445
0	15.4876
0	164.216
0	33.5724
1	28.6425
0	21.3958
0	31.8369
0	45.7788
0	46.6506
0	38.1787
1	185.913
0	93.6342
0	90.9292
0	89.9215
0	3.55728
0	401.407
0	94.4999
0	52.5518
0	34.5784
0	1.16742
0	54.0933
1	106.812
0	20.3928
1	120.219
0	92.6321
0	33.4058
0	33.6058
0	61.2087
0	17.9202
0	13.5484
0	0.150462
0	17.6642
0	63.3955
1	159.266
0	7.84522
0	34.453
1	563.867
0	23.2088
0	54.1108
0	21.8903
0	140.857
0	37.7058
0	121.08
0	1.72016
0	21.7505
0	19.6726
0	17.0639
0	105.914
0	318.04
0	41.481
0	259.914
0	55.6887
0	18.0974
0	17.7047
0	1.55778
0	1.05868
0	70.4614
0	12.3085
0	240.869
0	48.298
0	2.51781
0	27.8115
0	8.05218
0	6.04035
0	26.7621
0	7.56825
1	127.01
0	1.48837
0	19.4917
0	81.6452
1	158.82
0	31.7798
0	4.60851
0	20.5428
0	116.989
0	106.775
0	23.9976
1	112.833
1	69.7569
0	11.6519
0	108.278
0	28.4904
0	53.1686
0	9.69241
0	83.351
0	27.3471
0	22.6033
0	177.602
0	31.5431
0	9.98102
1	102.341
0	33.5197
0	8.65038
0	45.3645
0	8.83146
0	63.724
0	4.56126
0	8.56219
0	173.206
0	38.1739
0	99.1063
0	37.1013
0	172.365
0	3.38177
0	19.5409
0	6.83753
0	27.6442
0	23.076
0	35.4136
0	3.63449
1	129.434
0	111.469
0	202.418
0	283.3
0	17.0443
0	216.116
1	241.342
0	30.0155
0	14.8241
0	4.35798
1	122.088
0	8.3454
0	81.7996
0	167.199
1	453.944
0	363.891
0	28.1127
0	4.06498
0	15.2991
0	31.0309
1	88.276
0	40.7073
1	81.8567
0	91.5337
0	79.6506
0	103.942
0	126.277
0	5.26388
0	89.8159
1	266.926
0	3.83795
0	18.0635
0	15.1045
0	27.8123
0	8.81643
1	239.624
0	1.47286
0	43.3631
0	3.85967
0	125.746
0	10.5133
0	13.8494
0	14.0798
0	24.0515
0	87.7457
0	34.8888
0	6.98791
0	95.1346
0	45.7442
0	98.7293
0	116.988
0	16.8126
0	25.59
0	0.595335
0	137.585
0	24.2858
0	36.229
0	4.99499
0	15.0868
0	73.3973
0	25.1124
0	28.3119
0	72.7885
0	317.251
1	308.281
0	3.17854
1	53.124
0	12.8301
1	853.29
0	36.3789
0	16.6873
0	200.207
0	14.7867
0	10.5774
0	8.00681
0	143.006
0	8.57628
0	0.148785
0	31.7114
0	8.76165
0	0.549223
0	468.063
0	1.84635
0	10.2328
0	10.0217
0	200.649
0	45.4205
0	5.95061
0	47.5685
0	212.56
0	22.7686
1	303.688
0	18.6948
0	39.3456
0	152.395
0	78.4539
0	114.532
0	30.515
0	36.0527
0	64.7469
0	99.7104
0	11.6384
0	39.1017
0	14.0466
0	15.1276
0	14.3554
1	93.7997
0	25.632
1	306.43
0	3.28327
1	140.23
0	7.04207
0	132.208
0	323.34
0	7.15216
0	300.001
0	173.786
0	130.222
0	32.4286
0	8.066
0	183.068
0	4.34498
0	33.1493
0	12.3619
0	10.3095
0	51.5633
0	31.8996
0	10.0006
0	11.5045
0	5.81993
0	3.22667
0	9.87322
1	217.857
0	27.9075
0	4.12531
0	112.162
0	75.1586
0	0.488257
0	51.8743
0	10.4948
0	42.2036
0	2.29328
0	33.0687
0	290.848
0	128.65
0	82.8089
0	39.1065
0	3.13585
0	195.985
0	35.9033
0	24.6539
0	213.457
0	501.888
0	34.4297
0	9.26882
1	182.093
0	134.839
0	15.7603
0	47.6912
0	34.8673
0	93.6008
0	8.41251
0	27.1021
0	38.3969
0	4.94692
0	0.0750296
0	6.61855
0	87.2735
1	81.3567
0	59.0582
0	7.58372
0	17.9868
0	98.2386
1	258.979
0	7.72457
1	105.092
0	64.8176
0	129.525
0	9.49343
0	4.29107
0	25.5026
0	1.73242
0	22.2037
0	0.925827
0	55.4929
0	11.2243
0	86.5323
0	13.677
0	93.6495
1	206.524
0	23.4526
0	10.2524
0	7.65478
0	7.2538
0	22.5215
0	223.247
0	150.57
0	16.4062
0	60.8444
0	19.5446
0	15.0658
0	16.1902
0	8.08439
0	316.327
0	36.8722
0	26.248
0	121.812
0	21.5557
0	4.49213
0	150.753
1	72.7593
0	6.39426
0	46.1036
0	145.642
1	186.126
0	6.24901
0	68.927
0	339.207
0	35.7283
0	59.7354
0	20.4387
0	13.1155
0	9.25077
0	261.934
0	41.07
0	333.097
0	1.14955
0	5.14956
0	261.845
0	33.0962
1	68.9996
1	46.4864
0	18.3797
0	125.171
0	34.415
0	264.308
0	17.6364
0	4.41895
0	13.9212
1	42.0521
0	8.28255
0	4.17396
0	16.0831
1	67.5913
0	3.26556
0	34.3584
0	188.316
0	214.149
0	16.3983
0	3.42376
0	32.4232
0	6.60171
0	5.55533
0	31.6948
0	103.418
1	139.56
0	14.0732
1	147.771
0	33.2042
0	34.7226
0	64.4366
0	134.741
0	34.2485
0	106.312
1	73.421
0	21.9487
0	11.641
0	204.984
0	15.2333
0	46.4832
0	11.426
0	36.8994
0	11.6888
0	17.2501
1	177.559
0	99.4029
0	19.7819
0	15.7369
0	5.73668
0	73.4451
0	206.583
0	109.859
0	23.3549
0	0.0975307
0	17.7002
0	34.6361
1	461.827
0	61.6476
0	5.01188
0	0.60185
1	79.8637
0	6.2874
0	5.00838
0	50.8053
0	2.72138
0	16.6806
0	13.0177
0	213.09
0	18.2432
1	111.453
0	33.63
0	25.9339
1	97.8501
1	100.428
1	143.975
1	245.818
0	3.84483
0	620.768
0	111.748
0	98.3341
0	180.543
0	3.49189
0	13.424
1	297.203
0	3.6441
0	52.3772
0	142.777
1	228.083
0	27.3673
0	25.6728
0	4.86595
0	243.115
0	55.9973
1	276.169
0	263.089
0	19.1645
0	20.5924
0	69.1069
0	51.6908
0	25.4315
0	24.6475
0	211.977
0	20.7562
0	57.9211
0	72.5451
0	191.108
0	145.647
0	33.5901
0	212.011
0	147.66
0	13.2515
0	3.62518
0	103.734
0	17.6906
0	172.134
0	51.0397
0	40.9272
0	86.1393
1	52.2391
0	10.9459
0	4.0068
0	86.8322
0	12.5685
0	0.988936
0	4.21911
0	14.3826
0	15.9719
0	190.48
0	2.64028
0	8.47654
0	21.0084
0	262.017
1	244.003
0	91.5038
0	49.4379
0	77.3319
0	45.3096
0	15.4538
0	91.1526
0	74.9317
0	52.7157
0	22.5143
0	266.212
0	11.5303
0	100.221
0	20.6263
0	1.5001
0	149.609
0	34.1603
1	36.4974
0	54.9443
0	29.6783
1	102.607
1	548.857
0	17.3038
1	374.876
0	0.931165
0	53.523
0	27.2395
0	108.645
0	16.3638
0	7.7634
0	0.118201
0	81.3322
0	175.862
0	13.1687
1	242.325
0	134.535
0	52.9208
0	66.3928
0	98.9812
0	77.2385
0	62.5569
0	1.79202
0	53.6187
0	142.341
0	86.13
0	84.6056
0	74.679
0	152.107
0	42.9675
0	21.9199
0	42.9192
1	183.372
0	39.9212
0	112.995
0	101.037
0	234.141
1	222.825
0	20.8966
0	103.853
0	28.6242
0	9.0418
0	110.025
0	43.4549
0	82.191
0	66.491
0	313.407
0	9.33875
0	67.0748
0	49.6906
0	44.8663
0	7.25486
0	148.964
0	22.5657
0	72.0261
0	439.43
0	127.795
0	10.9267
0	289.863
0	72.774
0	32.3046
0	95.1509
0	58.3738
0	18.322
1	70.5463
0	17.1274
0	78.7184
0	111.617
0	272.991
0	3.9183
0	27.6305
0	0.742421
1	353.111
0	9.28682
0	26.9404
0	25.7546
0	104.557
0	12.3764
1	464.388
0	161.767
0	28.0407
0	264.356
0	1.10571
0	9.98247
0	28.4048
1	114.358
0	3.76469
0	124.513
0	153.04
0	51.7913
0	55.3485
0	43.2899
0	40.1069
0	0.854489
0	75.5038
0	181.145
0	37.3895
0	18.2385
0	78.4095
1	41.6875
0	8.65383
0	12.3395
0	10.4305
0	15.1852
1	252.852
0	44.429
1	360.49
0	0.445878
0	84.3601
0	25.1979
0	4.90304
0	19.4293
0	10.9377
0	106.681
0	6.57643
0	339.548
0	33.6585
0	55.7106
0	36.9866
0	91.5049
0	7.76678
0	65.9481
0	23.1694
0	5.10248
0	66.0251
0	3.49855
0	6.10519
0	26.9532
1	73.7467
0	616.64
0	157.223
0	42.701
0	19.5432
0	0.579109
0	105.042
0	14.0759
0	72.0899
0	160.916
0	26.8982
0	15.78
1	348.001
0	155.971
0	12.1458
0	15.2656
0	260.744
0	0.546612
0	151.706
1	89.5867
0	18.2127
0	7.21379
0	12.8956
0	114.953
0	4.14734
0	13.0625
0	33.4966
0	199.509
0	36.3121
0	40.7682
0	128.838
0	363.743
0	145.86
0	56.1207
0	17.0408
0	42.1929
1	74.0503
1	149.868
0	36.2331
0	372.067
0	0.538402
1	440.018
0	226.926
0	2.27887
0	14.6207
0	62.0383
0	12.3437
0	3.68593
0	2.12393
0	63.2445
0	156.455
0	46.9382
0	239.921
0	63.1486
0	13.1274
0	11.5276
1	141.822
0	13.7412
1	401.169
0	5.65263
0	31.6801
0	191.931
0	158.621
0	45.8711
0	244.493
0	1.98075
0	22.557
1	38.4164
0	3.49261
1	810.689
0	154.596
0	7.56383
0	42.9972
0	31.5945
0	43.7156
0	1.31937
0	37.3618
0	88.0671
0	138.422
0	41.3475
0	66.5428
0	76.7541
0	52.1518
0	52.6862
0	6.07292
0	150.162
1	50.5235
0	13.698
0	291.294
0	119.085
0	32.0202
0	53.92
0	25.7262
0	44.3516
0	27.4442
0	73.3405
0	37.5691
0	52.6564
0	1.86472
0	19.3152
0	110.305
0	11.1874
0	9.91048
1	358.191
0	9.08593
0	27.2463
0	67.5027
1	154.724
0	173.486
0	46.145
0	358.852
0	3.75336
0	23.5004
0	11.8246
0	20.2151
1	131.776
0	103.612
0	12.9933
0	24.2226
0	15.2628
0	252.258
0	173.202
0	9.68875
1	197.949
0	32.6705
1	208.286
0	14.4265
0	16.7756
0	9.86224
0	101.927
0	91.5317
0	17.5554
0	10.3807
0	37.4185
0	2.3617
0	105.351
0	38.7965
0	74.4637
0	63.2325
0	56.3444
0	5.27634
0	2.43781
0	55.7547
1	172.074
0	55.2634
0	62.2587
0	12.9327
0	6.72697
0	20.8554
1	92.6444
0	174.539
0	47.5367
0	258.507
0	5.37622
0	132.057
0	51.275
0	273.656
1	99.7151
0	118.329
0	4.53457
0	28.2608
0	0.517928
0	0.691281
0	73.2466
0	418.049
0	119.627
0	30.4714
0	13.6616
0	79.8371
1	200.655
0	230.955
0	38.8765
0	64.9036
0	63.3304
0	6.26031
0	1.44319
1	131.655
0	72.2108
0	134.227
0	153.807
0	34.1242
0	69.4368
0	5.24218
1	119.967
0	60.9406
0	24.69
0	36.0336
0	6.59154
0	8.41657
0	24.8634
0	195.974
1	74.5316
0	20.0318
0	3.03546
0	187.466
0	83.8358
1	210.943
0	0.852813
0	222.17
0	7.80863
0	13.0346
0	68.3781
1	136.181
0	27.7453
0	47.7445
0	1.01968
0	58.3536
1	103.691
0	3.41047
0	228.654
0	178.855
0	291.217
0	11.7365
0	34.0979
0	3.53744
0	15.6447
0	5.08308
0	7.22581
0	11.8747
0	15.7899
0	18.632
0	120.081
0	94.5982
0	5.05596
0	130.185
0	24.4541
0	8.49832
0	17.3805
0	67.7235
0	1.08186
0	19.4355
0	54.9536
0	9.72381
0	328.794
0	6.57704
0	19.0839
0	23.5365
0	20.5493
0	11.5433
1	203.053
1	289.945
0	77.9967
0	87.4195
0	2.26362
0	40.0364
0	17.0751
0	134.126
0	191.997
0	37.3675
0	14.5655
0	2.57896
0	41.2537
0	18.1453
1	49.002
0	5.12746
0	3.45799
0	83.8274
0	39.2278
0	4.05067
1	115.724
0	31.3294
1	124.866
0	7.79334
0	2.37123
1	130.119
0	6.87608
0	10.0076
0	253.838
0	10.7672
0	48.2557
0	59.3372
0	221.446
0	189.571
0	14.8943
0	27.1812
0	1.27361
0	0.333617
1	492.832
1	225.672
0	298.853
0	46.8024
0	40.8229
1	156.847
0	101.384
0	0.0847728
0	60.2981
1	275.999
0	18.2355
0	305.596
1	129.536
0	1.02272
0	1.12056
0	28.9284
0	7.09277
0	15.0742
0	16.7083
0	78.5803
0	29.6908
0	3.36797
0	117.288
0	173.547
0	57.4609
0	239.114
0	267.752
1	163.899
0	99.6301
0	15.969
0	55.3748
0	43.3281
0	46.0398
0	171.992
0	175.797
0	0.028546
1	74.8813
0	4.57578
0	136.385
0	9.02218
0	118.927
0	591.15
0	19.0324
0	4.09666
0	45.0977
0	6.87208
0	286.947
0	63.2319
0	4.05969
0	46.7286
0	282.516
0	146.393
0	49.0989
0	11.3659
0	120.988
0	4.44214
0	21.9748
0	93.3702
0	197.089
0	28.3692
0	11.1597
1	522.215
0	21.8651
0	1.3093
0	87.3731
0	135.788
0	33.0148
0	60.5539
0	348.255
0	0.885411
0	8.23507
0	6.69819
0	12.2516
1	234.153
0	4.16219
0	113.879
0	7.00555
0	37.3088
0	2.8858
0	25.5165
0	9.22227
0	135.445
0	6.08695
1	105.707
0	707.408
1	149.904
0	66.796
0	20.4426
0	6.40537
0	1.72917
0	108.515
0	56.4639
1	395.166
0	271.727
1	186.736
0	29.2894
0	38.5288
0	45.0859
1	109.444
0	63.5891
0	69.2104
0	67.7654
0	52.8702
0	10.4293
0	91.196
0	524.625
0	145.152
0	52.6375
0	225.526
0	37.6774
0	24.6641
1	126.498
0	75.0483
0	237.493
0	67.5
0	50.2585
0	28.2027
0	77.526
0	53.9916
0	14.4564
0	24.059
0	8.1925
1	345.144
0	5.37463
0	196.229
0	47.9224
0	563.279
0	157.601
1	195.808
0	26.6891
0	10.5516
0	46.6057
0	61.3956
0	201.884
0	20.4382
1	128.631
0	137.384
0	29.1639
0	21.9043
0	343.048
0	389.316
1	152.165
0	4.29425
0	60.129
1	127.059
0	0.152494
0	188.247
1	156.974
1	95.4611
1	292.244
0	0.412493
0	68.0437
0	5.02607
0	17.361
0	24.6783
0	82.5312
0	19.3543
0	39.7397
0	33.3228
0	23.813
0	19.3173
1	135.735
0	100.163
0	69.5272
0	191.227
1	112.21
0	73.1201
0	50.5149
0	270.783
0	34.1263
0	190.768
0	9.42514
0	6.49308
1	56.2242
0	173.964
0	4.70621
0	5.09955
0	9.24629
0	75.7976
0	270.827
0	119.628
0	17.7684
0	24.859
0	0.544545
0	345.524
1	176.475
0	28.4281
0	2.64089
0	13.8933
0	68.1538
0	21.2959
1	173.516
0	125.373
0	49.2472
0	1.65385
0	5.56384
0	5.17636
0	10.0096
0	209.785
0	41.8151
0	29.8486
0	87.199
0	8.02331
0	40.0461
0	131.39
0	139.366
1	259.048
0	37.0622
0	15.7379
0	51.4256
0	15.8399
1	156.167
0	47.3964
1	147.164
1	46.6883
0	4.58278
0	20.063
0	53.7004
1	196.139
0	45.5013
0	11.9781
0	0.820513
0	7.58564
0	345.883
0	10.0775
0	30.467
0	41.2999
0	19.4194
0	412.441
0	24.6868
0	2.21214
0	1.90802
0	6.70222
0	147.306
0	101.172
0	214.021
0	42.2532
0	15.5481
0	15.6373
1	128.959
0	6.62601
0	22.6915
0	6.63727
0	202.419
0	45.6467
0	9.43227
0	9.24454
0	5.89596
1	130.976
0	24.9035
0	7.46284
0	4.15506
1	37.8761
0	2.24
0	52.1515
0	473.164
0	11.4872
0	285.061
0	11.0004
0	93.8909
0	90.693
0	0.0586075
0	365.984
0	29.6465
0	30.7311
0	13.0862
0	78.9881
0	21.1427
0	10.6688
0	23.6702
0	358.35
0	54.3818
0	0.847935
1	60.6856
0	11.9658
0	48.7025
0	155.63
0	110.832
0	379.919
0	241.906
0	22.9056
0	589.072
1	134.171
0	1.08874
0	63.8218
0	40.6259
0	119.608
0	302.493
0	49.5486
0	25.7559
0	10.0388
0	8.1051
0	4.43314
0	104.17
0	103.33
0	34.8255
0	4.80856
0	1.45548
0	184.987
0	66.2506
0	65.2377
1	148.906
0	5.8549
1	118.717
0	35.0256
0	8.06865
0	5.50461
1	68.5828
1	185.256
0	131.256
0	119.497
1	149.986
0	20.7586
1	310.496
0	6.72956
0	32.7752
0	15.7597
0	16.6563
0	9.25659
0	3.01725
0	88.0903
0	116.063
0	22.8284
0	246.989
1	120.877
0	39.7647
1	113.583
0	3.63407
0	3.86455
0	20.2292
0	16.6146
0	69.1831
0	21.9579
0	26.8198
1	113.235
0	14.3418
0	119.289
0	72.5881
0	35.6578
0	96.692
0	104.101
0	157.84
0	3.9599
0	37.1071
0	5.13131
0	12.478
0	35.3591
0	30.8697
1	267.797
0	18.7873
0	40.1806
0	23.6056
0	0.197887
0	4.47752
0	27.0464
0	11.4218
0	166.008
0	204.579
0	28.7448
0	97.5383
0	223.467
0	21.3296
0	43.7523
0	86.2157
0	56.877
0	2.88516
1	197.71
0	77.8551
0	31.9413
1	319.813
0	0.355168
0	10.2903
0	41.5156
0	4.23013
0	21.8244
0	2.97615
0	7.40793
0	5.60092
0	80.0426
0	10.2576
0	6.49432
1	78.7044
0	16.7204
0	63.7772
0	15.289
0	4.1285
0	91.6402
0	35.3798
0	30.7573
0	39.3541
0	52.3654
0	180.365
0	351.516
0	12.8998
0	143.005
0	4.44856
0	200.11
0	13.9865
0	32.3188
0	0.37782
1	66.1037
1	67.6352
0	25.7169
0	6.16741
0	23.9148
0	68.9589
0	70.0959
0	126.759
0	6.03656
0	53.9231
0	51.8168
0	20.8514
0	23.3539
0	70.2064
0	7.54418
0	167.722
0	6.93577
0	10.3876
0	2.85983
0	30.0237
1	118.915
0	2.56012
0	37.2202
0	56.8499
0	130.069
0	4.31478
0	12.487
0	9.37081
1	131.007
0	153.2
1	151.658
0	36.9137
1	284.179
1	292.996
1	100.915
0	186.342
0	147.818
0	316.649
1	61.2195
0	84.8566
0	347.277
0	372.054
0	11.5543
0	65.8582
0	21.9351
0	38.4723
1	281.698
0	172.709
0	218.768
0	136.103
0	20.7627
0	112.421
0	12.9843
0	6.13915
0	27.5539
0	257.495
0	12.3434
0	16.3463
0	61.7177
0	49.1839
0	22.0027
0	136.396
0	9.30426
0	1.72676
0	295.569
0	44.6851
0	86.844
0	1.49674
0	89.4592
0	1.58328
0	0.268563
0	55.3456
0	51.808
0	27.3462
0	31.4545
0	48.2224
0	15.7596
0	35.1459
1	89.8346
0	59.7769
0	37.0071
0	12.9094
0	135.481
0	7.24169
0	429.772
0	168.213
0	4.59115
0	3.80357
0	6.82655
0	31.3938
0	39.2599
0	70.0682
0	93.765
0	259.615
0	6.52099
0	17.0404
1	183.809
0	8.56468
0	0.150171
0	63.5687
0	32.1573
0	25.0847
0	1.67744
0	31.9707
0	40.1724
0	144.549
0	2.17642
0	47.918
0	32.1961
0	14.131
0	19.5758
0	216.145
0	1.5425
0	7.20232
0	12.3457
0	10.8038
0	185.556
1	421.966
0	6.88419
1	297.023
0	38.7293
1	502.685
0	0.389154
0	588.587
0	10.1623
0	17.4356
1	53.1425
0	3.92685
1	103.314
0	38.2245
0	16.7623
0	177.583
0	31.0574
0	15.1885
0	14.2937
0	16.3577
0	1.70059
0	14.9116
0	99.54
0	122.803
0	25.1878
0	69.8079
0	40.3438
0	383.242
0	123.575
0	57.7896
1	131.082
1	282.404
0	86.9379
0	3.6302
0	26.5728
0	4.50712
0	28.9616
0	1.28034
0	36.7897
0	2.78407
0	81.9306
0	65.0473
0	97.1864
0	22.9407
0	0.129706
0	80.6279
0	8.92835
0	83.8543
0	40.0839
0	4.98531
0	267.81
0	29.6856
0	12.8756
0	129.695
0	3.69071
0	9.43348
0	51.6805
0	13.5247
0	53.4754
0	7.59579
0	19.3159
0	299.722
0	6.48375
0	53.004
0	257.98
1	165.331
0	107.632
0	10.9447
0	12.4835
0	223.262
0	7.79521
0	20.8213
0	4.76916
0	5.33719
0	1.11441
1	142.77
0	68.8745
0	66.2429
0	12.6307
0	78.3986
0	13.6435
0	327.437
0	67.7975
0	0.355688
0	17.9661
1	517.791
1	306.421
0	2.38853
0	18.3553
0	97.1316
0	20.6736
0	7.01578
0	6.96335
0	139.715
0	47.2611
0	174.211
0	177.058
0	103.088
0	13.6679
0	25.0158
0	10.8786
0	3.14946
0	5.24718
0	52.9419
0	0.39838
0	68.3245
0	78.1021
0	2.44203
1	398.057
0	60.8599
0	51.5436
0	6.09586
0	18.5514
0	8.97826
0	207.558
0	9.03571
0	29.0202
0	134.378
0	12.9256
0	2.04492
0	8.05953
0	193.115
0	10.2198
0	0.257114
0	28.5439
0	38.1996
0	4.32867
0	193.24
0	0.0145902
0	13.4498
0	0.365719
0	38.4403
1	274.697
0	64.7856
0	39.9892
0	12.5603
0	4.3197
1	139.08
0	8.78154
0	17.4135
1	134.848
1	86.2174
0	85.6792
0	30.4146
1	98.6643
0	40.8298
0	21.9519
0	4.94803
0	12.7332
0	26.5493
1	75.4289
0	7.75942
0	36.7812
0	1.93907
1	229.63
0	82.0427
0	21.6789
0	1.26378
0	1.185
0	57.0316
0	41.518
0	247.575
0	65.6594
0	68.637
0	14.5326
0	14.0599
0	118.365
1	123.189
0	341.118
0	153.215
0	101.647
0	13.7108
0	39.2463
0	119.165
0	41.5653
0	277.498
0	10.551
0	20.2575
0	57.2145
0	236.002
0	0.0491491
0	2.10858
0	147.063
0	176.32
0	57.3393
0	6.34633
0	24.8872
0	107.832
0	213.243
0	351.731
0	1.40936
0	23.6226
0	46.3845
0	9.94206
0	34.6956
0	84.4695
0	371.194
0	13.1039
0	248.495
0	41.859
0	11.4979
0	15.9491
1	110.965
0	4.44985
0	7.49342
0	5.00761
0	38.0316
0	62.5401
0	1.43857
1	264.867
0	2.97754
0	3.43488
1	145.784
0	16.519
0	11.035
0	59.1821
0	136.842
0	175.415
0	96.015
0	68.1667
1	123.478
0	37.1299
0	53.1462
0	74.5523
0	60.5733
0	81.1566
0	68.6633
0	13.711
0	71.0977
1	108.236
0	173.099
0	34.941
0	24.1348
1	195.294
0	354.681
0	293.37
0	180.723
0	16.7438
0	37.8278
0	7.40497
0	0.759169
1	229.627
0	15.1896
0	8.50154
0	32.79
0	14.8529
0	38.2053
0	57.5966
1	360.662
0	147.32
1	116.657
0	8.87907
0	22.0057
0	66.3714
0	15.0806
0	21.8976
1	171.057
0	100.45
0	16.3879
0	1.50422
0	213.906
0	7.84482
0	90.9816
1	401.251
0	27.9288
0	199.578
0	13.3341
0	24.6553
0	7.32086
1	162.642
0	49.6203
0	205.916
0	7.80714
0	176.279
0	2.13548
0	29.0686
0	68.3231
0	90.7554
0	32.1027
0	191.832
0	89.9562
0	100.938
0	17.2823
0	18.2301
1	98.4347
0	81.212
0	50.0713
0	11.9293
0	25.7979
0	11.63
0	108.22
0	1.89478
0	171.488
0	38.2938
0	22.616
0	8.36372
0	17.5119
0	24.8801
0	388.594
0	126.518
0	32.3445
1	217.218
0	246.799
0	11.2325
0	4.0179
0	100.189
0	47.2138
0	92.2417
0	4.99347
0	34.3423
0	27.3604
1	121.113
0	35.056
1	228.942
0	65.4316
0	14.7899
0	13.9492
0	136.034
0	19.0887
0	131.713
0	1.47433
0	0.609884
1	156.44
0	10.2592
0	68.9402
0	12.3013
1	236.238
0	46.9804
0	304.442
0	14.6103
1	89.4641
0	22.3594
0	84.0033
0	109.038
0	76.4839
0	541.626
0	36.7521
0	107.435
1	127.731
0	59.3702
0	200.084
0	36.0202
0	13.0051
0	27.2715
0	33.9176
1	328.984
0	13.9778
0	79.027
1	69.6814
0	130.892
0	43.195
0	86.689
0	11.6166
0	0.284417
0	17.6822
0	13.6594
0	29.6023
0	43.2235
0	66.4203
1	231.572
0	14.3307
0	15.7402
0	3.05675
0	68.492
0	345.86
0	22.1574
0	0.559464
0	40.3958
0	340.196
1	51.2937
0	59.7554
0	31.0636
0	47.0503
0	61.2631
1	55.9654
0	278.989
0	50.1503
1	347.152
0	50.677
0	131.126
0	43.9787
0	15.8497
0	309.101
0	19.8525
0	38.4302
0	103.561
0	63.2052
0	93.2674
1	154.974
0	10.0301
1	170.864
0	448.831
0	121.889
0	161.154
0	28.4996
0	24.3112
0	63.1291
0	73.0881
0	138.957
0	8.67427
0	167.266
0	85.3472
0	106.969
0	2.25506
0	271.317
0	141.584
0	101.004
0	367.682
0	5.19782
1	89.0908
0	5.47262
0	186.262
0	29.8498
0	8.14899
0	29.1531
0	246.741
0	6.64551
0	103.456
0	7.35441
0	121.461
0	7.22907
0	15.1239
0	44.1738
1	162.016
0	26.4069
0	4.73084
0	227.071
0	7.35917
0	11.8226
0	8.88379
0	46.8685
0	8.55071
0	17.1847
0	28.0818
0	6.7724
0	81.6684
0	12.0663
0	5.89572
0	15.6606
1	251.531
0	42.9919
0	22.4905
1	72.4567
0	3.56215
0	10.998
0	110.618
0	147.648
0	52.2414
0	25.1578
0	81.7089
0	2.49856
0	6.69565
0	52.0844
0	6.95983
0	49.2637
0	10.6942
0	281.189
0	50.7792
0	9.39241
0	66.2624
0	11.1709
0	69.498
0	28.209
0	126.235
0	95.6934
0	14.8947
0	143.91
0	4.46
0	112.868
0	28.0005
0	370.134
0	21.5598
1	241.182
1	118.277
0	107.713
0	50.875
0	17.7811
0	80.1268
0	99.8306
0	5.12678
0	8.69025
0	128.543
0	7.57373
0	1.09585
0	6.78406
0	62.7193
1	69.4171
1	283.642
0	129.323
0	42.9497
1	240.261
0	126.887
0	55.1069
1	57.9277
0	4.63158
0	525.655
0	21.9225
0	296.96
0	61.5165
0	5.54805
0	68.529
0	58.4393
0	7.55497
0	7.974
1	116.274
0	15.4929
0	0.117582
0	82.3824
0	150.293
0	33.5716
0	509.053
0	8.89609
0	30.846
0	2.13851
0	240.172
0	9.98992
0	215.819
0	143.283
0	16.7174
0	68.5837
0	13.7728
0	8.31482
0	42.1782
0	51.6339
0	5.96656
0	41.924
0	68.9145
0	15.8066
0	131.452
0	0.797376
0	196.215
1	58.2159
0	125.038
0	29.0319
0	15.3308
0	62.8963
0	170.064
0	39.6249
0	76.6798
0	26.2685
0	99.7133
0	178.127
0	238.554
0	213.632
0	550.615
0	493.912
0	19.4073
0	121.501
0	6.51018
0	32.4592
0	84.8419
0	1.8688
0	38.8956
0	6.06447
0	13.8252
0	11.5172
0	129.505
0	29.8564
0	25.2782
0	22.9534
0	40.6279
0	87.7439
0	150.747
0	56.5462
0	47.7805
0	45.5094
1	117.305
1	96.9575
0	55.8189
0	51.8398
0	21.049
0	253.121
0	96.2385
0	24.9801
0	18.8033
0	230.95
0	27.5094
0	71.6575
0	87.633
0	8.83583
0	189.654
0	25.3615
0	6.68763
0	13.2007
0	53.5424
0	3.27964
0	24.2889
0	83.4375
1	191.69
1	161.705
0	33.9638
0	77.066
0	5.49133
0	40.4977
0	10.2557
0	8.31918
0	12.9103
0	47.9699
1	104.774
0	23.9746
0	21.687
0	20.2475
0	283.865
0	48.5873
0	94.3988
1	169.792
0	44.3278
0	14.4462
0	157.136
0	127.521
0	42.4673
0	6.58251
0	305.927
0	514.523
0	20.5734
0	23.5404
0	14.6931
0	24.2139
0	3.84643
0	3.26566
0	64.4729
0	30.057
1	62.5327
0	11.5139
0	16.7587
0	85.7407
1	176.746
0	34.7651
0	77.4397
0	52.1863
0	37.9012
0	168.428
0	159.556
0	269.59
0	4.99846
0	77.0591
0	52.3575
0	8.96003
0	2.16628
0	16.3907
0	16.7183
0	29.2179
1	306.884
0	119.902
0	49.9591
0	5.65902
0	75.1665
0	2.14569
0	56.477
0	29.291
0	4.61872
0	79.0363
1	47.3131
0	164.381
0	42.4554
0	17.1505
0	22.4588
0	32.9487
0	17.4732
1	200.322
0	3.02539
0	9.81707
0	33.6024
0	25.0473
0	4.44596
0	22.3558
0	127.462
0	20.469
0	17.0942
0	137.415
0	29.1151
0	66.5623
0	5.75466
0	5.0344
0	54.562
0	45.4406
0	3.9503
0	22.9441
0	42.4871
1	185.897
0	0.579165
0	15.4353
0	26.7124
0	86.4864
0	26.2562
0	31.3095
0	44.7804
0	37.7102
0	83.146
0	164.46
0	34.7097
0	45.5654
0	46.2727
0	40.4948
0	328.786
0	25.1722
0	76.932
0	45.8843
0	6.5586
0	22.793
0	73.5688
0	8.29585
0	91.3957
0	31.1329
0	6.05928
0	18.1762
0	13.296
1	48.0795
0	5.25174
0	5.47254
0	44.0115
0	20.07
0	15.5523
0	39.281
0	0.525318
1	198.27
0	109.933
0	5.51013
0	16.758
1	153.186
0	35.0042
0	12.2097
0	14.5971
0	17.1712
0	82.5676
0	15.6514
0	544.322
0	17.0057
0	109.998
0	1.80665
0	6.95503
0	104.619
0	83.0641
0	24.1741
0	11.8431
0	78.4814
0	59.1321
0	37.4268
0	37.622
0	241.986
0	69.2728
0	147.679
0	475.544
0	26.7546
0	49.7716
0	22.9083
0	139.255
0	279.997
0	13.0262
0	68.3913
0	35.1599
0	96.2762
0	3.12562
0	20.8117
0	0.583547
0	109.692
0	60.8814
0	31.8931
0	100.264
0	3.98875
0	64.1244
0	55.641
0	5.68389
0	8.83534
0	10.2739
0	60.8836
0	0.902851
0	113.115
0	30.0445
0	39.201
0	15.6535
0	36.6235
0	196.089
0	3.55719
0	19.9742
0	49.7871
0	72.9673
0	193.614
1	246.513
0	0.866427
0	42.4603
0	60.8978
0	74.9
0	2.59875
0	15.0757
1	184.373
1	98.4047
0	51.312
0	7.00603
0	267.374
0	4.03844
0	2.25895
0	23.884
0	17.4769
0	30.4376
0	29.4338
0	20.103
0	444.296
0	514.05
0	173.462
0	357.437
0	15.4217
0	6.20558
0	166.887
0	71.141
0	55.3535
0	29.5245
0	63.0062
0	36.5077
0	1.62234
0	120.48
0	131.773
0	143.124
0	103.702
0	149.273
0	48.0642
1	87.6365
0	65.5165
0	18.776
0	4.52722
0	88.5881
0	2.38002
0	59.5384
0	46.1537
0	82.4185
0	73.4481
0	41.0103
0	48.4862
0	7.43451
0	113.205
0	75.0422
0	71.2222
0	154.659
0	30.4753
0	113.767
1	76.5401
0	36.6173
0	3.37414
0	72.7436
0	12.7934
0	7.1088
0	177.843
0	8.91197
0	6.18246
0	374.415
0	31.9515
1	110.552
0	72.8504
0	631.888
0	9.20763
1	180.781
0	14.2446
1	203.679
0	291.58
0	27.6491
0	36.7113
1	215.754
0	18.3248
0	5.55121
0	22.6211
1	99.3235
0	63.806
0	4.22905
0	43.1548
0	46.4887
0	172.597
0	5.81693
0	10.4849
0	2.28787
0	79.8481
0	67.8498
0	95.6884
0	45.5503
0	206.841
0	54.2652
0	59.7281
0	6.0368
0	0.151238
1	112.501
0	401.084
0	92.5814
0	14.7539
0	99.7966
0	222.641
0	41.7666
0	3.13894
0	111.307
0	19.879
0	12.4328
0	8.82545
0	87.5376
0	99.6353
0	4.19384
0	31.5843
0	108.996
0	20.8476
0	12.7292
0	33.7575
0	13.3985
0	6.13476
0	15.7481
0	109.636
0	9.35169
0	43.8212
0	20.7229
0	40.2718
0	26.0567
0	231.789
0	20.0959
0	17.8959
0	8.71607
0	72.1122
0	98.0232
0	5.97043
1	144.102
0	28.0106
0	11.6626
0	8.65118
0	64.4082
1	238.709
0	45.8934
0	44.2894
0	2.42225
0	24.4146
1	325.175
0	102.784
0	21.1076
0	6.56731
0	264.987
0	0.981265
0	11.6454
0	160.6
0	1.90753
0	43.4373
0	40.2523
0	89.6006
0	15.4203
0	53.0842
0	26.3904
0	62.7212
0	43.6306
0	75.3429
0	10.4342
0	207.995
0	49.1414
0	1.31475
0	21.2501
0	1.79816
0	180.482
0	296.668
0	18.28
0	34.9515
0	12.4212
0	54.3209
0	202.141
0	82.7087
0	243.693
0	12.012
0	14.7229
0	39.6481
0	165.49
1	516.451
0	38.2341
0	184.277
0	28.6037
0	3.25891
0	2.77564
0	1.12375
0	20.8347
0	14.2202
0	60.1926
0	10.9606
1	229.035
0	4.11871
0	8.03211
0	126.016
0	5.45358
0	2.77841
0	8.49031
0	30.0598
1	94.685
0	86.7956
0	7.35608
0	13.0152
0	20.2767
0	151.405
0	19.1771
0	166.079
0	18.5454
1	120.916
0	123.273
0	10.7941
0	36.6883
1	179.907
0	37.1625
0	2.52451
0	75.4788
0	1.80865
0	112.018
0	8.48993
0	55.697
0	1.80204
0	84.7538
0	9.02197
0	105.631
0	3.19056
0	6.27375
0	9.32284
0	38.0887
0	377.295
0	4.29563
0	19.7066
0	48.5049
0	307.061
0	3.20928
0	0.649821
0	138.874
0	1.77594
0	26.6739
0	52.1595
0	337.399
0	0.551984
1	246.357
0	351.893
0	15.5079
0	97.8597
0	77.046
0	20.3808
1	140.142
0	49.583
0	5.14458
0	7.5685
0	24.4088
0	26.749
0	24.6916
1	127.527
1	147.615
0	32.4426
0	351.433
0	146.047
0	27.5328
0	60.1787
0	87.3768
0	35.5466
0	65.8431
0	64.1661
0	41.6452
1	126.05
0	16.8397
0	23.0343
0	2.79049
0	26.4705
0	145.465
0	0.389933
0	5.10222
0	62.9349
0	29.1946
0	33.5331
0	4.91213
0	67.7667
0	71.2463
0	14.5216
0	36.1258
0	48.0374
0	45.1007
0	12.0847
0	222.776
0	56.6055
1	139.024
0	3.53829
0	43.9378
0	3.58305
0	32.3617
0	5.69751
0	100.65
0	0.498178
0	232.038
0	45.8039
0	39.034
0	19.2405
0	9.63199
0	24.7334
0	2.8963
0	16.085
0	77.2476
0	33.7478
0	94.8761
0	96.0834
0	27.1136
0	0.567461
0	11.2734
0	32.3476
0	2.54299
0	5.79977
0	4.43884
0	218.572
0	133.813
0	20.7548
0	74.4351
0	49.6973
0	259.105
0	3.41529
0	23.1918
0	99.1559
0	1.41497
0	12.0823
0	0.146418
0	23.4709
0	1.12058
0	37.7112
0	95.451
0	23.9855
0	25.1997
0	6.79957
0	5.37947
0	34.1597
0	99.9093
0	2.68802
0	5.73342
0	19.7317
1	130.154
0	7.56601
0	42.6665
0	147.263
0	29.9618
0	132.84
0	3.61921
1	29.4037
0	17.4679
0	261.717
0	152.545
0	151.923
0	225.427
0	21.6324
0	33.6147
0	53.3469
0	147.944
0	81.2909
0	4.34733
0	21.6037
0	191.76
0	56.0742
0	4.88672
0	194.8
0	2.87805
0	73.3195
0	16.4567
1	77.5613
1	97.3054
0	50.621
0	157.387
0	3.3236
0	21.1071
0	242.418
0	18.5383
1	117.218
0	188.073
0	55.4917
0	8.00738
0	69.9374
0	86.4497
0	47.5757
1	158.604
0	162.986
0	77.4315
0	21.3
0	11.7524
0	7.40226
0	220.009
1	42.8096
0	258.208
0	416.341
0	9.02171
0	1.12895
0	258.215
0	172.69
0	12.6241
0	9.03844
0	237.856
1	71.9204
0	18.0892
0	10.6556
0	5.00266
0	214.76
0	105.361
0	2.46796
1	301.262
0	13.2968
1	140.404
1	392.819
0	61.4277
0	144.732
0	33.1726
1	267.316
0	111.612
0	3.40222
0	0.0230709
0	14.3842
0	6.64876
0	111.216
0	12.2465
0	108.902
1	133.199
0	55.4021
0	5.94043
0	19.6828
0	8.52393
0	82.7746
0	26.3744
0	6.79431
0	43.8192
0	17.0469
0	29.3889
0	30.7497
1	32.4349
1	76.7257
1	66.6087
0	1.16877
0	146.678
0	83.3956
0	32.8648
0	160.271
0	21.0341
0	14.2607
0	26.9628
0	45.1677
0	144.982
0	77.6537
1	159.172
0	33.4846
0	68.3996
0	13.4642
0	108.104
0	271.551
0	23.6457
0	306.93
0	35.9537
1	159.575
0	22.7918
0	27.7598
0	0.535229
0	11.6476
0	9.63276
0	129.24
0	27.3455
0	34.4927
0	136.565
0	18.4558
0	17.628
0	240.173
0	28.481
0	0.229409
0	7.24341
0	47.1939
0	79.0008
0	69.7463
0	17.9694
0	40.4789
0	27.3193
0	13.9741
0	0.737231
0	7.57189
1	276.709
0	189.949
0	122.239
0	86.5934
0	37.4105
0	26.3855
0	155.679
0	4.56902
0	15.5892
1	109.427
0	2.01677
0	27.3548
0	14.662
0	24.1124
0	11.7351
0	31.2517
0	1.04745
0	81.3079
0	4.61303
0	59.8756
0	36.9
0	81.0237
1	163.892
0	19.6581
0	138.732
0	299.143
0	313.216
0	35.4155
0	302.231
0	10.6007
0	17.5216
1	205.744
0	8.37344
0	0.253437
0	261.818
0	38.0782
0	28.1484
0	31.1493
0	6.52009
0	29.9426
0	21.1978
0	1.35751
0	3.23503
0	231.444
0	78.5831
0	77.6137
0	23.9991
0	176.625
0	28.9466
0	237.653
0	54.1293
0	3.26379
0	24.4598
0	52.6733
0	22.3575
0	1.3131
0	40.5529
0	13.314
0	7.83427
0	39.4825
0	8.41422
0	55.6401
0	1.00186
0	34.2951
0	15.286
0	10.0582
0	10.6678
1	376.654
0	31.6023
0	100.912
0	128.361
0	27.6137
0	20.8068
0	189.688
1	91.6308
1	86.1956
0	97.2547
1	156.985
0	55.04
0	9.48883
0	11.1899
0	9.92968
0	16.3794
0	237.932
0	6.97314
1	42.0155
0	108.541
0	31.3439
0	69.2211
0	163.868
0	21.6126
0	159.692
0	71.5807
0	108.281
0	85.6303
0	9.53674
0	0.180343
0	31.2399
0	75.8687
0	4.69855
0	22.1641
1	140.601
0	47.916
1	414.434
0	107.903
0	60.5175
0	73.4563
0	90.963
0	94.9196
0	55.8365
0	182.031
0	1.33506
0	93.187
0	6.72577
0	38.8566
0	291.024
0	5.25465
0	8.70016
0	56.6215
0	122.146
0	318.795
0	46.3097
0	21.6166
0	35.4935
0	4.23294
0	24.2739
0	12.5514
0	35.4389
0	389.174
0	41.4192
0	43.7695
0	76.2301
0	4.4424
0	308.798
0	57.4835
0	125.119
1	372.339
1	70.0855
1	164.849
0	84.8725
0	150.049
0	29.0544
1	54.358
0	23.8449
0	1.73699
0	354.564
0	4.55239
0	18.8317
1	90.5651
0	61.2947
0	154.164
0	40.5159
1	175.642
0	1.19298
0	378.65
0	66.5008
1	132.15
0	12.1867
0	168.503
0	61.9662
0	21.791
1	112.109
0	71.8734
0	18.8512
0	11.791
0	498.555
0	124.607
0	43.746
1	33.9366
0	169.409
0	21.9408
0	9.0907
0	41.2458
0	178.254
0	1.59026
0	1.41884
0	40.2017
0	20.4518
0	2.19069
1	217.379
1	213.635
0	37.7437
0	27.3661
0	5.23486
0	121.667
0	75.5135
0	9.75481
0	166.412
0	47.0468
0	61.2883
0	5.05013
0	105.097
0	227.869
1	223.638
0	16.5723
0	422.405
0	21.5933
0	56.249
0	5.52698
0	30.8581
0	6.62624
0	3.22501
0	89.6761
0	9.14448
0	220.026
0	16.9877
0	463.033
0	1.62247
0	0.668588
0	173.044
0	79.7854
0	15.4028
0	2.93815
0	127.375
0	133.012
0	13.7316
0	38.6399
0	285.096
0	153.489
0	44.3419
0	38.0809
0	4.03593
0	133.87
0	12.4765
0	4.40011
0	111.32
1	335.01
0	35.1634
0	86.7252
0	17.8804
1	133.062
1	323.443
0	8.42202
0	20.1453
0	5.24389
1	72.8653
0	32.8985
0	19.8492
0	79.5
1	295.591
1	191.174
0	3.96555
0	92.4897
0	37.3985
0	41.6542
0	24.4377
0	23.7155
1	362.439
0	9.35348
0	13.5356
0	1.1919
0	15.1716
0	8.5758
0	184.687
0	9.41342
0	204.432
1	241.961
0	1.69664
0	12.3399
0	11.5522
0	49.2354
0	36.4869
1	147.162
0	46.5797
0	124.998
0	10.6837
0	57.0257
0	24.3855
0	22.2126
0	0.902072
0	190.37
0	149.952
1	216.213
1	120.335
0	7.20839
0	200.988
0	0.232968
0	88.4966
0	20.698
0	31.9338
0	6.48699
0	7.08759
1	94.2819
0	0.663276
1	349.692
0	274.246
0	64.4326
1	78.4123
0	43.5059
0	47.9023
0	21.4839
0	3.03842
0	2.60513
0	166.477
0	64.0542
0	80.4843
0	3.88167
0	6.07155
0	6.8537
0	87.1838
0	239.802
0	20.095
0	82.6044
0	87.0623
0	5.87312
0	0.151822
0	43.5804
0	13.7931
0	52.703
0	142.476
0	37.9142
0	30.9958
1	161.28
0	278.585
0	190.334
0	107.942
1	242.499
0	18.7816
0	45.7065
0	132.879
0	35.2712
0	9.81046
0	29.2706
0	10.3312
0	257.558
0	1.73984
0	49.7946
0	149.323
0	102.967
0	219.976
0	28.9055
0	11.3051
0	32.3542
0	23.1543
0	270.062
1	127.949
0	46.0639
0	66.347
0	190.621
0	76.1522
0	22.6874
0	202.013
0	47.9412
0	0.89009
0	15.1564
0	63.5481
0	2.76179
0	139.725
1	271.869
1	302.256
0	4.15662
0	1.48244
0	29.638
0	284.188
0	2.36783
0	28.1037
1	384.979
0	44.6278
0	65.3483
1	122.879
0	11.8487
0	69.0705
0	94.922
1	455.262
0	7.17505
0	32.4061
0	190.011
0	74.609
0	71.5253
0	8.3496
0	15.9516
0	58.8955
0	10.7959
1	116.86
0	46.8201
0	34.4097
0	7.23441
0	38.7356
0	20.8543
0	21.7341
0	149.443
0	198.605
0	116.056
0	6.64171
0	301.499
0	70.7052
0	160.968
1	164.042
0	22.7456
0	41.4249
1	215.1
0	4.0268
0	53.2417
0	1.20645
0	4.41439
0	9.28142
0	338.085
0	23.9022
0	454.71
0	24.3952
0	95.7079
0	27.1221
0	82.199
0	62.74
0	14.3969
0	132.673
1	83.1488
0	7.83418
0	8.57399
0	169.359
0	22.2123
0	26.6419
0	3.11608
0	19.4035
0	1.03054
0	164.061
0	3.67483
0	92.1505
0	29.4043
1	249.144
0	1.2445
0	17.0997
0	18.985
0	73.3404
0	179.304
0	55.4015
1	209.98
0	30.043
0	2.98167
0	4.99941
0	212.852
0	2.5451
0	58.5774
0	8.78555
0	304.246
0	31.889
0	3.54508
0	36.0763
0	94.5034
0	71.5902
0	25.7338
0	50.5541
0	92.8275
1	141.472
0	37.9991
0	130.453
0	163.206
0	13.3652
0	67.4486
1	44.9759
0	43.9785
1	230.361
0	184.395
0	0.99513
0	32.8216
0	10.0935
0	134.119
0	4.14966
0	21.8219
0	177.657
0	4.25742
0	5.20289
0	2.66012
0	18.3882
0	15.2498
0	2.92661
0	2.36241
0	0.182279
0	63.2167
0	48.1481
0	19.791
0	45.9423
1	117.158
1	218.065
0	22.748
1	343.401
0	29.3765
0	152.09
0	260.642
0	247.487
0	244.452
0	40.7122
0	64.0001
0	111.16
0	131.354
0	4.3615
0	25.2103
0	145.355
0	117.499
0	71.5046
1	63.3809
0	13.1796
0	55.0289
0	12.6663
0	315.083
1	167.193
0	13.8782
0	123.633
0	30.2418
0	24.1107
0	180.547
1	93.8135
0	76.8401
0	30.415
0	28.7362
1	105.234
0	118.949
0	26.2074
0	12.2867
0	13.004
1	102.467
0	73.8273
1	304.667
0	165.139
0	74.3621
1	222.344
0	3.4916
0	2.34606
0	52.5833
0	39.7893
0	121.891
0	292.462
0	89.3433
0	22.0317
0	5.4922
0	74.3661
0	84.0451
0	9.81564
1	111.162
0	2.20883
0	50.4881
0	20.4641
0	49.1474
0	138.211
1	82.2622
1	117.308
0	262.962
0	72.2262
1	39.7972
0	47.6562
0	341.825
0	21.7367
0	18.9444
0	129.994
1	229.827
0	44.4583
0	19.4106
0	38.436
0	19.5781
0	2.46353
0	5.09333
0	66.9748
1	113.223
0	40.9448
0	8.78439
0	6.38243
0	116.483
0	63.7724
0	4.59453
0	98.9758
0	68.0693
0	28.6732
1	105.038
0	99.3906
0	59.1285
0	137.026
0	10.6168
0	22.0213
0	13.1586
0	21.6386
0	31.6786
0	77.4999
0	4.33871
0	9.0385
0	1.64077
0	41.0889
0	29.7649
0	33.6999
1	96.8259
0	17.4865
0	184.675
1	221.41
0	24.1953
0	33.915
0	37.2755
1	202.255
0	8.28892
0	149.212
0	99.5871
0	8.50122
0	50.3256
0	66.0148
0	4.01621
0	30.4435
0	2.01418
0	6.12535
1	706.375
0	107.426
1	134.6
0	27.4756
0	53.3465
0	14.4992
0	4.89169
0	5.08271
0	35.3238
0	111.779
0	0.194204
0	146.573
0	481.369
1	115.678
0	14.4428
0	1.9398
0	1.21233
1	159.446
0	59.8558
0	7.05702
0	7.71667
0	2.88955
0	29.8677
0	59.7483
1	645.9
1	79.8529
0	11.9598
0	10.0999
0	20.732
0	7.59708
0	56.3011
0	3.77387
1	209.017
0	10.8175
1	102.162
0	11.3062
1	66.1414
0	29.6327
0	69.8482
1	252.253
1	244.618
0	151.846
0	10.8077
0	217.238
0	119.165
0	24.2003
0	35.6416
0	6.70106
0	12.698
0	11.1114
0	30.2639
0	36.0446
0	67.9353
1	77.2072
0	117.558
0	53.2017
1	101.035
0	117.187
1	117.792
0	153.559
1	359.304
0	1.99478
0	30.6702
1	120.783
0	130.352
0	35.2465
0	16.2791
0	164.94
0	327.069
0	28.3527
1	81.4406
1	68.5886
0	19.3963
1	137.854
1	202.387
0	7.6691
0	14.5661
0	18.7374
0	11.3167
0	210.105
1	111.186
0	46.3705
0	2.54341
1	126.797
1	168.163
0	155.919
0	283.522
0	46.6837
0	23.7355
0	231.822
0	29.3268
1	182.389
0	2.54123
0	14.3991
0	160.997
0	58.7193
0	24.0752
0	113.526
0	8.40384
0	85.1163
0	97.5683
0	246.671
0	4.18904
0	11.5275
0	167.278
0	32.0193
0	48.3991
0	21.2445
0	1.05103
0	12.7516
0	1.18286
0	42.2576
0	0.595172
0	226.087
0	4.1058
0	26.744
0	8.4242
0	10.6244
0	85.9709
0	7.36591
0	1.39174
0	14.2437
0	23.2841
0	69.4391
0	4.32421
0	3.68244
0	7.05286
0	16.5323
0	7.13403
0	114.559
0	11.9536
1	139.797
0	46.3356
1	60.0185
0	51.5893
0	52.883
0	103.701
0	13.5676
0	50.2625
0	7.09341
0	9.21801
0	0.165371
0	31.1373
0	79.6306
0	130.237
0	133.235
0	14.9209
0	273.584
0	135.496
0	35.6996
0	39.3863
0	8.68369
0	282.842
0	9.76947
0	68.1202
0	58.3876
0	0.484934
0	405.084
0	25.0465
0	25.3988
0	113.422
0	391.293
0	38.8484
0	18.7209
0	22.2938
0	25.704
0	88.2836
0	19.0965
0	31.5771
0	2.80073
0	96.6498
0	48.8154
1	514.882
0	25.6562
0	8.20049
0	7.25353
1	105.741
0	134.381
1	396.382
0	119.983
0	139.175
0	26.33
0	4.11255
0	327.418
0	3.21252
0	23.7282
0	4.23362
0	225.62
0	4.27578
1	99.0065
0	7.53711
0	7.84738
0	0.576553
0	15.3723
1	168.886
0	9.33206
1	47.9588
0	345.465
0	2.1332
0	15.8649
0	86.9403
0	31.1591
0	6.42957
1	111.39
0	9.87069
1	241.454
0	189.33
0	0.518481
0	15.0821
1	303.335
0	29.1498
1	290.439
0	246.397
0	103.512
1	125.856
0	21.0599
0	44.7425
0	17.9451
0	24.3425
0	19.5406
0	15.104
0	729.232
0	41.969
0	43.7932
0	108.83
0	89.4706
1	155.915
0	89.5688
0	415.405
0	49.3822
0	188.916
0	567.968
0	0.358434
0	4.93203
1	141.147
0	32.7365
0	11.7912
0	60.5339
0	60.5221
1	138.495
0	5.16663
1	222.316
0	1.65733
0	58.0065
0	12.871
1	182.674
0	21.6894
1	301.755
1	123.073
0	279.869
0	148.707
0	39.8066
0	84.201
0	7.78344
0	24.3144
0	267.154
0	119.336
0	0.566748
0	8.88825
0	3.33364
1	245.531
0	135.315
1	112.4
0	0.0664567
0	50.9031
0	9.16869
0	5.229
0	73.1406
0	79.1006
0	40.0888
0	48.8717
0	6.18637
0	143.851
0	50.3196
0	135.724
0	50.9944
0	261.522
0	3.79377
0	90.0694
1	159.685
0	4.86783
0	10.6617
0	76.5811
0	223.886
0	48.0732
0	2.7077
0	14.5399
0	32.0962
0	0.313273
0	20.7528
1	77.1462
0	66.6565
0	198.97
0	431.247
0	15.8704
0	17.1713
0	5.80436
0	125.367
0	116.227
0	50.1771
0	7.86935
0	22.6483
0	4.45348
1	94.296
0	279.851
0	0.0420117
0	8.23884
0	34.8064
0	5.20846
0	7.19473
0	45.9109
0	58.8337
0	81.1312
0	329.081
0	16.9215
0	13.9651
0	5.82771
0	7.93599
1	117.675
0	31.029
1	110.917
0	80.251
1	405.081
0	2.79314
0	21.6636
0	4.31034
0	2.4772
0	154.504
0	27.9787
0	12.7991
0	32.6985
0	49.796
0	1.00206
0	84.6518
0	39.9305
0	4.73394
1	165.398
0	2.47237
0	84.8303
0	93.3468
0	17.883
0	11.9045
0	6.78056
0	1.18007
0	22.0271
1	135.26
0	17.7422
0	14.8134
0	33.2213
0	41.6432
0	141.467
1	259.709
0	67.9749
0	37.281
0	5.15735
0	72.0615
0	18.872
0	61.9599
0	22.8505
0	1.80469
1	80.882
0	45.4804
1	262.799
0	25.891
0	142.076
0	114.076
0	2.22578
0	8.44918
0	135.638
0	30.6881
1	97.9017
0	0.335912
0	9.8694
0	21.3214
0	9.64396
0	488.307
0	10.1113
0	103.208
0	100.919
0	9.99561
0	354.976
1	67.2946
0	12.3594
0	181.408
0	2.885
0	69.6045
0	8.35595
0	187.83
0	4.6605
0	84.7807
0	17.1867
0	75.009
0	52.9065
0	100.618
0	117.727
0	10.1782
1	137.935
1	127.605
0	276.103
0	53.6888
0	132.635
0	124.16
0	116.988
0	7.13635
0	21.2523
0	303.416
0	6.91955
0	77.4459
0	115.549
0	108.337
0	202.469
0	42.7076
0	32.3712
0	66.6328
1	203.251
1	130.257
0	3.24377
0	54.6321
0	8.15649
0	84.4868
0	293.419
0	140.934
0	4.7217
0	11.2745
0	23.4721
0	18.7254
0	301.513
0	0.365027
0	530.023
0	43.4756
0	57.3994
0	4.14453
1	239.112
0	75.8916
0	3.43492
0	43.5804
0	20.5393
0	31.3569
0	78.8267
0	140.365
0	22.6772
0	22.4325
0	35.3091
0	127.592
1	178.809
0	59.4392
1	120.122
0	2.54957
0	94.5969
0	11.1215
0	75.1629
0	94.8058
0	23.5694
0	0.811446
0	42.1085
0	8.08277
0	70.0247
0	16.5439
0	26.8794
0	5.10003
0	48.4544
1	87.0625
0	10.144
0	286.989
0	32.6601
1	109.022
0	111.973
0	2.36224
0	0.291605
0	31.8381
0	88.9392
1	152.882
0	9.77057
1	142.869
0	30.3005
0	12.5713
0	11.9093
0	40.7165
0	84.014
0	103.808
0	13.9413
0	130.278
0	1.89845
0	4.29547
0	7.40149
0	11.7302
0	254.355
0	114.474
1	128.772
0	17.0914
0	24.3702
0	43.8752
0	0.221768
0	45.14
0	4.06408
0	23.5429
0	9.38805
0	75.3756
0	37.48
0	36.9747
0	4.16417
0	7.87709
0	5.83116
0	62.8131
0	40.1729
1	149.577
0	1.89574
1	233.829
0	104.273
0	11.3481
0	10.6102
0	25.2516
0	20.3279
0	50.0851
0	44.4967
0	6.73906
0	22.5735
0	55.1773
0	14.8505
0	73.8397
0	31.8443
1	140.29
0	330.58
0	14.3281
0	26.3524
0	257.624
0	134.189
0	213.153
0	8.14612
0	7.34319
0	28.5962
0	0.865105
0	3.69423
0	119.256
0	15.6
0	4.52318
0	6.35985
0	1.09516
0	13.555
0	81.499
0	50.5351
0	95.1266
1	198.818
1	384.126
0	0.18894
1	147.191
0	0.286732
0	33.1341
0	15.6093
0	8.51466
0	25.8649
0	15.9709
0	0.737067
0	131.137
0	113.139
0	22.4628
0	46.5868
1	157.004
0	9.93102
0	44.4756
0	6.6927
0	246.145
0	285.838
0	13.7561
0	3.31705
0	53.453
1	212.292
0	59.3216
0	49.8933
0	49.7825
0	98.9198
1	34.8843
0	143.801
0	70.3982
0	94.2282
0	54.5808
0	26.8184
0	63.4284
0	24.5236
0	106.718
0	13.7561
0	13.9903
0	4.06496
0	29.0256
0	107.407
0	49.6152
0	75.6745
0	81.7883
0	37.853
0	18.0986
0	17.0737
0	40.1861
0	9.91486
1	315.372
0	158.179
0	59.1823
0	39.2744
0	44.4751
0	44.2872
0	0.999919
0	123.22
0	27.0242
0	28.7931
0	40.2437
0	49.4432
0	0.801709
0	67.8121
0	60.693
0	22.8962
1	45.3264
0	56.5855
0	32.08
0	5.29123
0	2.02574
0	84.0371
0	37.6799
0	59.1497
0	47.28
0	98.0245
0	278.546
1	225.444
0	33.3373
0	15.7103
0	20.3046
0	20.353
0	34.7862
0	52.8461
0	12.8667
0	4.03571
0	62.6725
1	107.117
0	102.115
0	14.739
0	26.5531
1	42.7156
0	142.831
0	2.15461
0	15.2588
0	56.2454
1	298.249
0	119.546
0	25.6119
0	13.5259
0	9.83301
0	19.8864
1	66.4411
0	18.9523
0	0.493794
1	340.445
0	62.8612
0	3.92261
1	151.751
1	221.206
0	3.02806
0	33.2322
0	20.1548
0	10.087
1	168.89
0	1.6611
0	69.7686
0	81.1125
0	82.8756
0	15.945
0	450.083
0	14.2572
0	95.8535
0	16.1918
0	13.7828
0	36.2555
0	48.7389
0	104.113
0	22.8208
0	133.321
0	14.566
1	363.456
0	19.753
0	134.725
1	165.751
0	22.9436
0	33.7066
0	19.0613
0	26.2677
0	102.644
0	1.13852
0	2.91513
0	10.4963
0	223.345
0	35.3721
0	116.375
0	13.7277
1	76.4109
0	6.41478
1	114.315
0	20.9102
0	93.4434
0	71.9655
0	58.229
1	66.5855
0	71.3225
0	4.94004
0	6.58729
1	252.535
0	7.53183
0	30.2963
0	23.2681
0	150.216
0	2.5617
0	31.4353
1	104.597
0	83.7445
0	103.612
0	117.402
1	301.417
0	84.3162
1	187.875
0	32.5735
0	45.1094
0	58.9531
0	21.7112
0	3.09606
0	37.4685
0	50.4201
0	5.16543
0	21.2071
0	46.004
0	78.4492
0	48.7414
0	16.9748
0	107.029
0	39.5018
0	631.794
1	101.371
0	16.3378
0	98.426
0	168.022
0	2.46092
0	385.142
0	58.1608
1	237.399
0	69.9392
0	157.35
0	126.282
1	44.3895
0	337.6
1	103.035
0	38.4934
0	75.135
0	103.738
0	0.373588
0	45.2383
0	2.13473
0	9.80009
0	10.9833
0	66.5649
0	11.9475
0	238.773
0	38.1812
0	72.1929
0	10.4493
0	6.9647
0	115.905
0	218.038
0	106.536
0	6.09171
1	127.952
0	113.884
0	52.4321
0	11.4474
0	62.1814
0	267.343
0	25.403
0	1.42874
0	18.4755
0	37.1768
0	1.74422
0	37.6912
0	72.785
0	28.7404
0	9.60539
0	4.23621
0	24.4849
0	280.449
0	62.7492
0	46.736
0	12.7044
0	2.7013
0	63.3264
0	38.6744
0	3.43239
0	51.3979
0	66.3595
0	43.5913
0	9.41153
1	93.6097
0	13.1326
0	78.8706
0	20.8035
0	0.875649
1	208.676
0	52.4596
0	175.303
0	220.219
0	2.34568
0	27.7279
0	0.180118
0	15.6506
0	43.1296
0	5.18918
0	9.61998
0	15.333
0	27.6594
0	115.142
0	15.1165
0	56.7494
0	39.6219
0	14.5997
1	96.2977
1	89.0893
0	24.9298
0	77.5289
0	84.6722
0	7.60097
0	14.6332
0	113.482
0	5.79107
0	203.93
0	23.354
0	53.5154
0	32.7888
0	18.5483
0	84.1781
1	627.635
0	6.35401
0	81.5931
0	38.516
0	7.75772
0	53.1131
0	13.4546
0	100.407
0	6.01262
1	131.042
0	63.6578
0	12.7047
0	3.25276
0	12.9746
0	55.1821
0	33.6668
0	132.221
0	22.2243
0	7.18691
0	15.9919
0	41.0169
0	5.20775
0	20.87
0	5.93598
0	0.683783
0	2.2771
0	152.383
1	158.767
0	7.88056
0	1.52291
0	369.781
1	152.943
0	12.3838
0	4.8692
0	14.7313
1	154.324
0	1.64958
0	24.7564
0	13.227
0	57.6095
0	26.5245
0	14.5361
0	51.6277
0	19.9122
0	6.09116
0	2.0359
0	107.322
0	6.05935
0	26.8395
0	18.4009
1	156.881
0	13.669
0	5.63169
0	238.145
0	28.3526
0	79.7861
0	21.5445
0	0.505944
0	21.417
0	6.44734
0	20.008
0	95.9779
0	22.1307
0	120.769
0	77.8166
1	304.689
0	19.4283
1	274.169
0	65.5916
1	129.643
0	9.0594
0	5.54455
0	135.282
0	565.281
0	159.961
0	72.2525
0	21.0693
0	3.08625
0	29.8617
1	114.471
1	168.854
0	8.19211
0	94.9451
0	65.4632
0	44.6304
0	7.56718
0	9.20733
0	18.3257
0	48.3037
0	35.6403
0	87.1791
0	25.517
0	1.94447
0	0.31242
0	14.4259
0	33.0969
0	177.506
0	7.34037
0	131.054
0	52.6742
0	208.827
0	45.4299
0	43.9337
0	79.5996
0	90.0661
0	14.8045
0	70.7708
0	4.01029
0	2.28745
0	2.11187
0	94.8013
0	104.093
0	67.3272
0	22.1448
0	92.0522
0	1.58589
0	4.3718
1	160
0	43.9635
0	28.7439
0	13.1626
0	114.929
0	51.3233
0	40.2905
0	299.262
0	111.011
1	186.556
0	4.57215
0	1.79183
0	4.33014
0	8.44184
0	1.91703
0	5.87991
0	123.741
0	5.72215
0	77.4543
0	8.91194
0	36.1475
0	33.6429
0	103.347
0	44.083
0	84.4587
0	94.9028
1	125.922
0	49.6621
0	11.2894
1	313.836
0	330.351
1	25.0215
0	146.336
0	138.834
0	25.3356
0	43.6076
0	33.2914
0	66.7329
0	39.4986
0	355.876
0	47.8406
0	68.4527
1	134.03
0	59.9
1	117.007
0	47.2623
0	48.9102
0	71.5244
0	3.45799
1	338.691
0	3.72119
0	1.42312
0	40.6373
0	20.4941
0	17.3438
0	143.047
0	42.0454
1	37.3821
0	93.9094
0	82.4437
0	19.5355
1	41.2236
0	4.35317
0	23.3134
0	12.0785
0	65.0468
1	133.361
0	70.3249
0	25.0167
0	3.04522
0	18.6426
0	168.014
0	3.35741
0	112.881
0	17.0238
0	166.68
0	135.53
0	48.1716
0	240.806
0	18.9556
0	36.1824
0	17.0968
0	6.657
0	13.2751
0	107.086
0	36.0457
0	33.9536
0	36.9089
0	102.577
0	192.407
0	35.4725
0	105.19
0	16.1217
0	36.4992
0	11.9113
0	59.3408
0	12.9354
0	20.39
1	61.5066
1	335.801
0	73.9952
0	28.8971
0	18.1395
0	249.99
0	49.568
0	12.5499
0	51.1999
0	30.8862
0	98.4239
0	15.0488
0	137.922
0	132.737
0	2.08111
0	13.7156
0	0.197611
0	13.806
0	62.5184
0	46.1822
0	45.1586
0	120.508
0	89.266
0	3.20054
0	0.119305
0	213.878
0	15.351
0	89.9318
0	22.1524
0	28.511
0	40.1222
0	86.7606
0	177.163
0	82.164
0	3.28101
0	8.77784
0	51.0137
0	52.9282
0	28.2511
0	35.4936
0	23.979
0	0.50679
1	54.3486
0	109.604
1	159.706
1	177.351
0	26.2717
0	33.3675
0	31.0662
0	495.149
0	24.2365
0	9.32293
0	5.79276
0	167.532
0	25.6908
0	1.20393
0	0.191507
0	125.405
0	75.1741
0	5.71321
0	163.3
0	10.1935
0	95.5451
0	15.4145
1	48.5089
0	131.715
0	3.22985
0	107.6
0	51.504
0	31.9744
0	0.0971609
0	356.888
0	15.1553
0	8.37856
0	301.859
0	110.877
0	5.39315
0	38.6095
0	6.69535
0	17.6438
1	152.862
0	146.849
0	14.487
1	151.058
0	13.2585
0	11.6453
0	9.44903
0	11.7516
0	62.9173
0	144.995
0	206.228
0	36.6315
0	82.1629
0	127.93
0	10.7806
0	22.7539
0	61.8609
0	43.5579
0	51.3603
1	127.548
0	8.49271
0	37.7211
0	22.0429
0	59.8367
0	21.6266
0	42.3819
0	23.0242
0	1.42368
0	88.6792
0	4.72548
0	57.2345
0	0.29836
0	45.0393
0	67.7995
0	1.48126
0	206.168
0	11.5181
1	128.125
0	7.62407
1	58.4402
0	16.5163
0	6.17349
0	101.284
0	34.9815
0	2.74794
1	133.248
1	89.003
0	9.32434
0	30.6143
0	32.7553
0	42.0106
0	2.31441
1	178.447
0	62.3875
0	31.122
0	190.14
0	2.5975
0	44.7552
0	31.0009
0	2.29067
0	12.2174
0	66.9406
0	24.5766
0	17.841
0	23.4385
0	180.013
1	97.8128
0	47.2612
0	170.34
0	99.009
0	53.6704
0	21.5357
0	8.6582
0	29.3558
0	51.3255
0	9.17373
0	3.46524
0	139.632
0	220.42
0	408.417
0	36.2442
0	160.993
0	113.11
0	19.0221
0	15.4238
0	6.75228
0	15.4117
0	7.79556
0	124.762
0	24.3571
0	1.2222
0	22.8893
0	11.4706
0	88.5207
0	71.0792
0	45.0141
0	10.3766
0	64.8436
0	13.8913
1	420.496
0	529.098
0	76.1982
0	21.5269
0	17.8977
0	39.2525
0	85.5034
0	48.8429
0	0.963564
0	24.3826
1	76.7446
0	77.955
0	103.879
0	3.50084
0	31.6163
0	6.01792
1	312.711
0	23.8083
0	81.1487
0	44.8388
0	334.3
0	2.23145
0	14.9797
0	29.1707
0	39.4308
0	19.3077
1	179.434
0	23.7934
0	67.5178
0	58.8642
0	108.268
0	1.97357
0	6.29197
0	16.6291
0	33.1159
0	55.3553
0	67.1271
0	55.8397
0	4.5133
0	3.3292
0	23.9305
0	70.561
0	71.6349
0	439.619
0	45.2459
0	34.8047
0	34.7592
1	119.169
0	54.9535
0	65.8197
0	15.3202
1	161.133
0	69.7176
0	81.9065
0	117.136
0	42.0349
0	62.9292
0	8.02028
0	0.845391
0	91.5525
0	89.6011
0	20.8123
1	267.042
0	79.306
0	143.661
0	23.1821
0	215.953
0	5.8882
0	122.522
0	2.59063
0	7.28863
0	129.751
0	15.8441
0	133.692
0	65.6272
0	112.012
0	136.553
0	224.075
0	77.1589
0	229.478
1	126.518
0	139.078
0	92.549
0	9.44779
0	207.517
0	4.95009
0	81.9856
0	47.6267
0	0.543014
0	4.91723
0	9.85482
0	18.0061
0	15.4737
0	9.15901
0	0.73614
0	9.08928
1	348.428
0	3.27561
0	208.463
0	71.0266
0	113.895
0	14.6608
0	36.0848
0	190.47
0	17.7955
0	28.0731
0	6.47
0	315.255
0	130.344
0	20.6138
0	17.3182
0	12.4198
0	32.2496
0	5.22877
1	98.3943
0	351.904
0	67.2857
0	141.433
0	33.2959
1	130.703
0	63.6125
0	119.87
0	49.4602
0	183.287
0	55.8351
0	12.4644
0	77.9504
0	13.2395
0	417.348
0	46.5643
0	114.167
0	35.6717
0	12.2123
0	11.2645
0	34.4785
0	564.572
1	143.019
0	58.2959
0	180.254
0	40.9025
0	2.7849
0	36.3718
0	174.895
0	1.52042
0	14.5357
0	24.3742
0	88.2086
0	47.9375
0	77.8537
0	72.7892
0	41.5926
0	43.8594
0	41.0565
0	269.327
0	1.23014
0	6.73384
0	149.986
0	16.2044
0	390.312
0	98.0906
0	0.431632
0	54.3656
0	51.7197
1	67.4109
0	71.5105
0	230.164
0	42.7831
0	19.6456
0	70.171
0	36.8176
0	219.581
0	98.6884
0	51.626
0	43.0545
1	411.653
0	20.895
0	53.0382
0	7.92474
0	47.3998
1	306.811
0	6.74645
0	41.4706
1	84.4566
0	44.9233
0	1.47499
0	30.2807
0	25.1938
0	222.276
0	76.8128
0	169.93
0	18.9114
1	254.407
0	28.6375
0	142.919
0	238.447
1	372.009
1	120.611
0	15.7808
0	29.9208
0	12.3002
0	59.6741
0	104.523
0	9.9929
0	251.304
0	151.692
0	3.86008
0	52.6335
0	71.5028
0	10.8788
0	46.2176
0	85.2979
0	46.7708
0	67.3132
1	147.524
0	8.2561
0	250.119
1	101.914
1	192.948
0	3.63938
1	290.746
0	70.5338
0	31.3538
0	153.784
0	15.3609
0	22.8295
0	245.12
0	0.0522793
0	93.3976
0	194.648
0	175.486
0	30.8465
0	7.79969
0	2.98264
0	27.0868
0	66.2546
0	80.4943
0	211.024
0	1.91911
0	184.612
0	5.19576
0	27.2174
0	23.9525
0	13.7773
0	29.8814
0	85.3413
0	273.694
0	4.2343
0	33.4893
0	11.7959
0	93.8566
0	53.8889
0	6.65541
0	10.4943
0	22.4967
0	136.263
0	107.453
0	40.5982
0	200.871
0	62.8118
0	282.482
0	118.756
0	374.78
0	46.3342
1	75.2099
0	40.9262
0	6.65307
0	112.12
0	19.8053
0	34.1198
0	40.1547
1	84.658
0	23.8403
0	107.983
0	48.8267
0	9.01149
0	43.082
0	18.5339
0	7.151
0	13.7965
0	89.4484
0	91.5581
0	2.25767
0	70.0985
0	20.7876
0	72.9611
0	266.694
1	258.643
0	22.7501
0	143.182
0	19.0595
0	5.33132
0	5.32857
0	51.0771
0	187.718
1	121.618
0	93.5057
0	2.23707
0	19.7495
0	107.788
0	28.0993
0	38.5472
0	23.3586
0	10.7821
0	13.0029
1	329.32
1	302.099
0	14.8476
1	382.598
0	1.99669
1	122.549
0	3.54318
0	5.90363
0	7.93329
0	60.8718
0	123.029
0	9.75157
0	32.152
1	67.6227
0	2.24553
0	7.94642
0	65.6008
0	39.3585
0	8.09435
0	63.0329
0	309.84
0	322.833
0	8.47886
0	43.1843
1	90.221
0	522.634
0	208.114
0	23.5632
0	7.56511
0	537.251
0	19.6922
0	14.8477
0	368.467
0	10.6763
0	14.7372
0	32.9639
0	34.9886
0	145.161
0	45.3104
0	25.0293
0	2.08898
0	8.36519
0	45.4739
0	146.927
0	151.801
1	274.44
0	15.389
0	32.5087
0	21.8476
0	47.2678
0	36.8447
0	10.2194
0	2.58718
0	2.37179
0	33.901
1	358.374
0	56.7202
0	42.9753
0	20.3094
0	44.5695
0	91.7739
0	638.459
0	42.7271
0	41.4863
0	13.0743
0	6.20286
1	180.832
0	39.531
0	37.7916
0	1.46323
0	43.6975
0	41.3885
0	1.55666
0	1.32485
0	81.4726
0	2.79638
1	249.795
0	1.6544
0	57.7096
0	3.5711
1	263.408
0	139.713
0	69.248
0	3.92906
0	14.9716
0	69.3504
0	3.08447
0	46.8986
0	60.5003
0	5.68287
0	496.175
0	54.7083
0	11.8515
0	249.835
0	29.118
0	8.20891
0	6.13451
1	100.53
0	17.5515
0	1.63432
0	3.2124
0	9.15793
0	47.0608
0	133.697
0	59.3081
0	33.4925
0	40.701
0	43.6728
0	61.6089
0	22.4349
0	188.008
0	33.0986
0	78.5479
0	3.27807
0	427.937
0	33.1286
0	6.89935
1	99.6782
0	202.011
0	1.51084
0	52.1354
0	5.40486
0	28.8917
0	40.6213
0	32.681
0	2.10759
0	14.3651
0	128.344
0	5.95062
0	32.5728
0	28.1502
0	261.747
0	395.801
0	39.3159
0	45.3642
0	71.9173
0	91.2512
0	3.81983
0	19.175
0	23.3723
0	2.68331
0	17.904
0	6.11712
0	7.65625
0	52.8937
0	277.84
0	5.33691
0	208.734
1	155.615
0	127.809
0	10.6114
0	4.82069
0	14.1627
0	5.41607
0	198.84
1	468.463
0	2.7183
0	0.51839
0	246.676
0	4.71286
0	238.57
0	341.385
0	3.82816
0	12.7123
0	68.439
0	7.13796
0	1.68405
0	3.68807
0	12.8631
0	4.35523
0	52.7433
0	57.0497
1	125.229
0	44.1797
0	67.1678
0	7.8001
0	4.11689
0	22.0483
0	42.5129
0	19.7322
0	76.8713
1	43.1992
1	94.8123
0	10.2455
0	15.6653
0	61.4664
0	18.6113
0	4.54719
0	15.4617
0	12.6217
0	10.0548
0	26.997
0	145.208
0	0.689624
0	128.794
0	41.8647
0	103.421
0	9.36242
1	307.362
0	70.2466
0	21.7853
0	31.6688
0	79.2407
0	3.15098
0	8.56202
0	12.0714
0	59.269
1	95.0242
0	3.43408
0	17.293
0	30.0253
0	95.6081
0	114.187
0	10.612
0	4.50995
0	400.094
0	27.9075
0	206.725
0	100.711
1	127.498
0	33.5347
0	493.947
0	142.578
0	19.7078
0	254.836
0	68.6308
0	6.84702
0	111.492
0	3.81149
1	118.847
0	110.452
0	55.069
0	21.3352
0	23.4816
1	100.224
0	9.33357
0	8.39746
0	1.89956
0	3.58474
0	21.9608
0	5.47241
0	128.507
0	12.1994
0	15.5999
1	128.222
0	77.1147
0	97.7321
1	111.59
1	99.3778
0	16.3292
0	317.14
0	33.0922
0	3.90722
0	347.312
0	21.4045
0	13.093
0	8.20721
0	35.3368
0	31.4036
0	49.9015
0	0.336593
0	38.9882
0	42.7425
0	123.003
1	49.9047
0	127.707
0	54.2967
1	98.6295
0	275.801
0	1.54088
0	15.6141
0	81.7264
0	32.5719
0	346.228
0	135.476
0	26.528
0	12.5044
0	15.5291
0	116.001
0	58.7929
0	52.8273
0	4.38071
0	339.479
0	72.6006
0	18.1235
0	14.5386
0	114.505
0	455.773
0	213.661
0	2.83712
1	140.761
0	19.7767
0	105.044
0	8.89743
0	8.61279
0	100.482
0	23.7407
0	2.21127
0	69.2031
0	64.7761
0	0.590692
0	20.4271
0	25.9782
0	128.904
0	1.30085
0	3.42886
0	191.199
0	270.068
0	7.71104
0	3.13404
0	13.7353
0	77.3001
0	50.9733
0	73.147
1	152.722
0	31.4721
0	20.3442
0	39.1224
0	27.5649
0	376.848
0	4.23535
1	115.111
0	70.0749
1	76.9283
0	12.016
0	12.5666
0	88.1406
0	3.29846
0	17.2768
0	192.819
0	245.029
0	94.8638
0	11.1929
0	105.973
0	109.672
0	35.2378
0	30.6898
0	28.2203
0	16.4099
1	235.869
0	20.7211
0	299.254
0	87.0362
1	198.579
1	348.792
0	42.5113
0	1.35967
0	111.622
0	57.168
0	35.2443
0	80.1551
0	165.243
1	111.188
0	26.2993
0	308.044
0	3.40984
1	251.662
0	40.5993
0	7.62211
0	15.5921
0	124.981
0	4.87875
0	55.2987
0	8.30687
0	70.9387
0	32.5985
0	102.353
0	103.25
0	7.31804
1	78.1174
0	51.451
0	2.91543
0	2.69433
0	80.733
0	25.8327
0	27.4104
0	24.0252
0	33.5277
0	280.662
0	21.6911
0	9.07375
0	22.87
0	506.552
0	32.6764
0	4.74478
0	79.202
0	18.7524
0	51.024
0	23.6804
0	191.452
0	2.18571
0	15.8088
0	100.401
0	26.6402
1	75.7837
0	19.633
0	43.0141
0	1.64188
0	9.96198
0	12.7909
0	24.6796
0	15.1649
0	13.3127
0	12.3267
1	121.477
0	21.7083
1	108.737
0	6.34431
0	25.8918
0	2.35677
0	46.358
1	132.263
0	24.2376
0	50.9184
0	22.1011
0	20.8956
1	78.8094
1	297.082
0	3.1176
0	157.561
0	20.1349
0	21.7548
0	79.9929
0	79.5712
0	12.7237
1	212.418
0	34.2366
1	199.432
0	22.9362
0	92.5927
0	5.62834
0	12.6331
0	32.7848
1	141.056
1	184.13
0	8.16158
0	185.242
0	30.6178
0	3.94155
0	566.031
0	23.563
0	18.4687
0	10.4913
0	201.446
0	69.7362
0	134.574
0	31.7182
0	48.1069
0	37.0819
0	5.01117
0	75.0129
0	56.5802
0	64.7493
0	7.24705
1	194.073
0	13.2886
0	20.6822
1	102.645
0	37.1428
0	4.0419
0	27.3373
0	33.1628
0	8.06882
0	68.8964
1	195.925
0	10.01
0	14.6866
0	7.59726
1	65.2083
0	255.195
0	85.458
1	100.958
0	33.1013
0	147.255
0	27.2713
0	3.15867
0	18.9263
1	159.836
0	116.302
0	13.5932
0	37.3058
1	187.114
0	4.79894
1	39.5219
0	70.2476
0	27.126
0	10.7101
0	42.6627
0	26.8732
0	45.3568
0	58.7713
0	84.0049
0	29.7399
0	26.3487
0	7.97896
0	154.898
0	1.58192
0	12.2765
0	169.242
0	49.5278
0	9.5579
0	12.9691
0	21.9525
0	90.0166
0	3.56221
0	27.3618
0	25.8711
0	80.9075
0	50.3777
0	441.03
0	16.0642
0	5.77763
0	120.343
0	6.71084
0	58.8106
1	80.2841
0	0.124846
0	16.2167
1	330.386
0	88.6319
0	165.239
0	7.65864
0	38.5939
1	294.77
0	165.514
0	8.96838
0	6.94587
0	70.6071
0	1.26707
1	152.935
0	11.7648
0	193.633
0	11.5866
0	55.7296
0	305.535
0	7.9672
0	158.404
0	36.8194
0	74.6341
1	128.418
0	7.86132
0	41.4367
0	65.0867
0	4.04568
0	12.1761
1	46.8095
0	16.787
0	0.288359
1	154.377
0	9.53876
0	99.5405
0	242.378
0	3.53496
0	31.419
1	366.424
0	50.2196
1	84.3915
0	375.657
0	20.2218
0	8.75106
0	41.9991
0	15.2696
0	56.1916
1	286.364
1	228.943
0	28.5866
0	3.37868
0	263.209
0	4.3909
0	75.6363
0	43.4386
0	98.3366
0	11.0145
0	278.649
0	2.55165
0	9.23272
0	12.4182
0	5.61598
0	0.137304
0	23.1798
1	129.527
0	222.471
0	44.4872
1	173.779
0	16.5059
0	4.88721
0	5.39563
0	203.562
1	494.868
0	72.9482
0	24.1147
0	94.8707
0	46.8155
0	13.0191
0	365.548
0	1.31069
0	11.2945
0	87.8726
0	74.2691
0	79.9382
0	106.154
0	22.6676
0	36.7342
0	7.86125
0	5.9576
0	80.9845
0	14.6966
1	204.626
0	14.4614
0	22.3006
0	96.6129
1	114.657
0	75.9605
0	7.31647
0	22.8114
0	7.63157
0	2.39089
0	42.4829
0	14.5882
0	97.7716
0	0.706865
0	140.893
0	30.261
0	64.8401
0	28.1204
0	69.8754
0	2.7318
0	90.4227
0	63.2048
0	38.032
0	75.1068
0	32.9936
0	64.9852
0	120.873
0	54.3246
0	28.4363
0	114.992
0	75.4145
0	70.3442
0	185.721
1	221.296
0	157.203
0	192.083
0	41.7442
0	8.84213
0	42.2658
0	155.168
0	40.0744
0	13.5691
0	13.374
0	26.0312
0	68.8313
0	17.9577
0	157.97
0	94.0188
0	35.0497
0	3.61917
0	109.991
0	158.065
0	13.9798
0	110.024
0	150.117
1	182.414
0	32.7343
0	382.787
0	6.66962
0	64.8951
0	87.4961
0	4.648
0	34.4238
0	67.0849
0	298.446
0	8.72651
1	118.69
0	101.845
0	57.7812
0	11.4382
0	10.3589
1	162.824
0	74.3404
0	132.972
0	21.6085
0	66.3317
0	30.3709
0	22.4195
0	2.78507
1	44.894
0	221.479
0	84.4453
0	18.2985
0	41.7042
0	7.2056
0	276.165
0	109.459
0	10.4832
1	69.5165
0	41.0355
1	56.5292
1	95.51
0	69.3246
0	55.8792
0	82.1604
0	23.7719
0	107.316
0	160.135
1	221.977
0	21.2478
0	24.2173
0	64.145
0	4.74413
0	77.4933
0	19.7785
1	103.288
0	20.0337
0	264.409
0	32.1521
0	12.5665
0	84.4296
0	20.2809
0	2.32985
0	29.9054
0	3.78442
0	50.5911
0	187.123
0	7.07242
0	28.1944
0	253.209
0	270.055
0	8.19941
0	138.46
1	45.538
0	24.8115
0	42.7383
0	203.986
0	3.12501
0	34.0983
0	325.412
0	9.29677
0	80.8336
0	2.4089
0	31.3943
0	1.89151
0	24.9283
0	25.671
0	0.860783
0	37.0839
0	0.700518
0	4.44018
0	23.0136
0	7.28636
1	232.046
0	96.9323
0	3.18021
0	135.783
0	40.1055
0	46.2807
0	2.72994
0	0.984169
0	1.87171
0	16.2438
0	103.653
0	33.4097
0	46.9334
0	27.74
0	14.2832
0	63.6479
0	71.7238
0	17.1904
0	72.6118
0	5.94466
0	178.631
0	87.753
0	47.2601
0	55.4469
0	24.822
0	25.9259
0	10.524
0	170.099
0	18.2539
0	30.1776
1	111.466
0	36.8177
0	14.0952
0	9.62882
0	2.00241
0	75.5708
0	50.7121
0	15.9458
0	5.93286
0	15.3963
0	39.4547
0	9.98411
0	64.5598
0	53.0685
0	103.441
0	4.68608
0	142.566
0	72.799
0	21.5233
0	296.591
0	17.2219
0	36.242
1	260.101
0	1.55722
0	84.3073
0	3.69808
0	192.158
0	35.6605
0	77.0219
0	45.5888
0	8.42738
0	119.993
0	44.7061
0	283.909
0	20.8462
0	89.1397
0	119.531
1	185.119
0	4.1688
0	3.71674
0	4.40816
0	0.287753
0	9.16686
0	63.3049
0	36.5228
0	7.81339
0	7.97662
0	1.18444
0	15.1448
0	34.7066
0	54.4834
0	61.462
0	14.3852
0	8.33089
0	13.5695
0	163.743
0	42.7533
0	42.1301
0	57.6386
0	38.0641
0	15.4063
0	634.827
0	124.559
0	397.817
0	102.396
0	33.0993
0	63.0696
0	38.9915
0	302.526
0	334.846
0	4.57744
0	318.596
0	89.7833
0	57.7701
0	3.03055
0	6.36394
0	2.82645
1	189.64
1	252.457
0	28.9389
0	8.2819
0	4.04349
0	47.075
1	100.924
0	77.9722
0	61.0778
0	24.0823
0	15.025
0	4.68248
0	47.5652
0	17.1952
0	7.12794
0	8.19771
0	63.132
0	12.9611
0	60.4685
0	6.02729
0	235.317
0	211.063
0	34.7722
0	2.65754
0	3.46975
0	10.1379
0	16.0351
0	10.8068
0	7.15649
0	175.227
0	209.966
1	179.662
0	74.3125
0	16.4721
0	14.9743
0	27.2406
0	6.60373
0	110.452
0	57.9339
0	116.867
0	88.6673
0	17.274
0	21.8749
0	34.5848
0	26.9095
0	4.95662
0	11.1724
0	57.4941
0	54.121
0	8.06825
0	224.636
0	71.0232
0	14.3016
0	68.0718
1	185.07
1	63.1135
0	15.6462
1	282.174
0	39.2986
0	16.204
0	27.8846
0	137.168
0	7.35081
0	7.96288
0	5.79313
0	21.6566
1	46.9271
0	10.3543
0	6.96429
0	270.251
0	88.0575
0	58.487
0	58.2056
0	50.9862
0	40.5446
0	1.06009
0	18.7009
0	17.0991
0	23.9447
0	34.6217
0	30.6171
0	222.769
0	84.3557
0	101.367
0	55.2344
0	88.8736
0	99.2825
0	66.7623
0	47.5777
0	61.267
1	54.8636
0	14.4473
0	38.4355
0	51.7923
1	125.266
0	5.04916
0	119.048
0	21.1277
0	48.7798
0	38.6373
0	85.7481
0	108.013
0	252.283
0	106.988
0	86.3523
0	143.942
0	0.96294
0	109.388
0	127.523
0	43.0223
1	90.4114
0	56.5904
0	114.434
1	58.1202
0	1.42944
0	197.418
0	41.3674
0	8.07264
1	245.812
0	50.4206
0	4.29383
0	95.3016
0	43.5552
0	20.0874
1	123.673
0	83.1289
0	69.7323
0	6.70903
0	82.298
0	56.931
0	5.68293
0	110.069
0	26.4343
0	25.3249
0	8.9851
0	266.154
0	4.97869
0	25.5764
0	69.727
0	1.50172
0	19.5168
0	232.252
0	60.7466
0	1.79834
0	78.9185
0	184.402
0	2.7646
0	90.3178
0	150.77
0	35.7443
0	10.3941
0	413.236
0	14.0867
0	61.6471
0	186.639
0	7.85754
0	50.4605
0	83.247
0	11.6395
0	154.542
0	122.075
0	47.2684
0	35.8526
1	169.429
1	67.7429
0	22.756
0	15.1687
0	37.6465
0	4.13353
0	8.93555
0	43.0168
0	12.1129
0	14.1144
0	0.131657
0	61.8505
0	153.667
1	114.863
0	440.119
0	5.4456
0	261.609
0	339.421
1	288.465
0	12.4238
0	31.6125
0	92.3663
0	33.6489
0	327.156
0	7.20924
0	84.3854
0	5.68728
0	31.5614
0	60.2908
0	16.1205
0	56.4948
0	7.98709
0	20.5693
0	24.3293
0	20.2606
0	26.3707
0	6.90493
0	0.516605
0	3.29647
1	142.823
0	38.6539
0	56.5433
0	20.4761
0	0.0310361
0	87.6376
0	104.688
0	94.9749
0	7.75116
0	174.863
0	2.36691
0	94.5813
1	326.191
0	223.211
0	4.00766
0	108.155
0	8.22204
0	252.003
0	1.13489
0	32.3309
0	36.9311
1	172.925
0	1.41169
0	30.8581
1	208.59
0	3.32145
0	21.4873
0	11.0128
0	71.6027
0	59.4305
0	96.6682
0	38.2967
0	18.173
0	184.174
0	48.4513
0	51.2544
0	29.577
0	4.37008
0	27.8508
0	24.6567
0	21.3117
0	31.8131
0	6.75766
0	16.2504
0	10.0671
0	24.5542
0	3.9789
0	35.1711
0	73.7176
0	1.64561
0	62.6008
0	86.8322
0	81.837
0	38.5154
0	220.3
0	10.2827
0	14.3878
0	124.635
0	47.4774
0	44.1955
0	11.3076
0	3.46936
0	218.568
1	276.489
0	24.9421
0	33.5376
0	195.742
0	115.384
0	156.301
0	29.3252
0	0.11267
0	7.40759
0	2.18844
1	127.693
0	219.013
0	10.6963
0	6.98889
0	16.2104
0	130.966
0	27.9549
0	54.8929
0	18.1559
0	84.6646
0	56.0845
0	55.465
0	200.191
0	236.618
0	67.6105
0	76.0239
0	4.8937
0	245.616
0	10.8377
0	6.01305
0	25.4236
0	93.1363
0	19.2565
0	22.6238
0	43.6296
0	63.6831
0	58.7438
0	162.769
0	37.9992
0	27.719
0	25.624
0	87.3667
0	10.7324
0	35.2036
1	149.042
0	53.4993
1	56.933
0	213.015
0	48.2171
0	64.6902
0	63.8818
1	299.006
0	3.85114
0	11.4474
1	129.682
0	29.579
0	3.05694
1	101.461
0	171.356
0	5.6281
0	21.9146
1	271.838
0	28.2505
0	32.6558
0	279.388
0	34.677
0	41.0671
1	70.6112
0	35.5042
0	0.436619
0	31.1455
0	70.5051
0	18.8461
0	10.4757
0	1.94396
0	71.0563
0	16.8827
0	0.145109
0	7.59245
0	28.2274
0	20.07
0	120.71
1	44.3985
0	16.9616
0	9.78747
0	59.9273
0	29.9573
0	1.45805
1	44.7786
1	350.747
0	40.3714
0	10.3536
0	4.54652
0	2.51093
0	106.116
0	15.6359
0	14.2223
0	46.328
1	118.61
0	133.724
0	22.0674
0	36.7085
0	87.7996
0	215.939
1	76.4243
0	17.3414
0	120.503
0	217.176
0	48.9497
0	19.3736
0	141.144
1	201.003
0	7.60373
0	9.27567
0	394.101
0	7.4306
0	28.5742
0	116.435
0	14.3664
0	12.9209
0	134.557
0	8.41151
0	47.8297
0	7.99729
0	8.28225
1	114.953
0	116.22
0	1.03759
0	37.7063
0	12.8021
0	14.1353
0	17.2374
0	19.1818
0	36.7222
0	85.0886
0	20.4104
0	11.9303
0	15.6065
0	18.6012
0	32.191
0	4.84544
0	11.2775
0	82.1791
0	23.0822
0	3.77899
0	39.9173
0	7.70784
0	28.7891
0	18.4187
1	186.305
0	77.0033
1	171.67
0	56.5543
0	45.8613
1	390.351
0	15.4979
0	26.1882
0	339.172
0	23.3027
0	39.1725
0	7.78852
0	7.47018
0	118.476
0	7.50717
0	0.804934
0	24.48
0	2.32322
0	45.0811
0	49.8317
0	5.18369
0	17.063
0	59.1959
0	192.477
0	15.7889
0	13.3025
0	5.38008
0	0.26503
0	10.9703
0	23.9717
0	34.8482
0	17.8516
0	53.0798
0	15.6795
0	34.0189
0	104.292
0	9.82056
1	320.824
0	101.31
0	60.6168
0	11.0495
0	5.69526
0	90.6946
0	75.3585
0	17.5135
0	49.7421
1	342.686
0	132.73
0	178.203
0	95.6021
0	49.3534
0	75.7707
0	18.0715
0	159.588
0	18.5101
1	84.3773
0	101.851
0	8.67679
0	3.20122
0	47.7115
0	0.986901
0	3.56894
0	147.383
0	4.29382
1	220.367
0	40.6821
0	285.353
1	140.108
1	136.433
0	34.9276
0	22.1027
0	16.6443
0	6.94032
0	25.2816
0	16.9527
0	20.5687
0	235.876
0	232.946
0	5.1353
0	34.1039
0	169.35
0	82.579
0	1.59573
1	132.88
0	97.0514
0	1.40704
0	92.2608
0	120.432
0	38.1568
0	33.3218
0	23.8764
1	143.854
0	397.847
0	5.31537
0	21.2162
0	4.88761
0	5.15758
0	264.83
0	369.135
0	3.49888
0	12.7241
0	2.6877
0	81.3084
0	52.9438
0	21.2218
0	25.9356
1	104.304
0	137.079
0	8.28674
0	66.8392
0	106.538
0	4.76338
0	46.1904
0	5.14387
1	136.553
0	95.9117
0	3.69585
0	78.418
0	103.277
0	15.058
0	153.051
0	145.181
0	20.1559
0	7.63342
0	239.339
0	0.396947
0	67.1238
1	143.481
0	20.3902
0	42.0794
0	23.8629
0	48.1145
0	275.444
0	28.979
0	12.8669
0	18.7987
0	290.069
0	177.244
0	28.7075
0	206.119
0	14.8495
1	285.812
0	5.58555
0	14.8308
0	18.2799
0	13.1573
0	314.41
0	241.312
0	9.16547
0	8.9836
0	36.9282
0	98.0728
1	117.53
0	285.958
0	2.73623
0	34.3802
0	23.8389
0	414.337
0	2.55109
0	0.180219
0	124.73
0	20.4655
0	19.8799
1	243.811
0	16.3551
0	1.15779
0	56.8454
0	202.906
0	12.8799
0	18.9312
0	1.93898
1	95.2577
0	41.4598
0	47.6066
0	7.08139
0	26.4636
0	15.4042
0	37.0109
0	113.421
0	81.7049
1	209.249
0	9.77927
0	100.6
0	140.724
0	14.8319
0	8.6802
0	70.2099
0	61.3129
1	152.313
0	9.49286
0	63.1965
0	13.1664
0	0.0722855
0	165.063
0	31.272
0	44.3924
0	76.7287
0	104.521
0	18.8037
0	241.512
1	98.1732
0	20.4184
0	59.4831
1	427.523
0	390.659
0	48.4373
0	551.661
0	31.2706
0	63.4628
0	2.50456
1	212.369
0	12.7016
0	13.0182
0	308.888
0	28.5599
0	83.9891
0	160.29
1	143.218
0	36.9302
0	53.5013
0	44.5061
0	48.5977
0	29.6735
0	92.2325
0	2.90357
0	39.2539
0	17.7931
0	3.9719
0	206.347
1	135.425
0	29.539
0	16.8771
0	1.32776
0	20.1109
0	13.3392
0	40.4492
0	105.019
0	282.859
0	4.64353
0	24.8533
0	32.0821
0	77.0421
0	15.3921
0	10.3579
1	59.1201
0	55.2879
0	123.694
0	19.47
0	34.8876
0	9.7441
1	174.996
0	16.7842
0	34.3481
0	140.916
0	76.4368
0	22.3977
1	243.743
1	120.3
0	8.86438
0	422.333
1	133.275
0	50.4078
0	16.7627
0	1.53819
0	41.5319
0	99.4402
0	22.8818
0	200.342
0	30.646
0	2.46634
0	56.5096
0	63.9118
0	25.9085
0	95.4265
0	23.0441
0	31.57
0	61.1417
0	156.362
0	38.8372
0	12.639
0	45.8821
0	8.76671
0	36.9405
1	70.1444
0	2.18633
0	161.446
0	41.34
0	33.2381
0	6.81504
0	36.2476
0	15.1103
0	6.90723
0	1.45303
0	17.0056
0	119.202
1	263.878
0	11.3409
0	6.02764
0	2.19756
1	196.253
0	12.4496
0	12.5965
0	2.25676
0	70.1375
0	55.7306
0	6.15154
0	305.878
0	48.4609
0	17.3374
0	11.8709
0	42.3153
0	6.87941
0	41.0689
0	5.31349
0	48.045
0	36.7725
0	50.0578
0	111.972
0	26.3078
0	104.787
0	39.1088
0	42.1877
0	81.1493
0	32.8358
0	8.41563
0	0.510972
0	4.9601
0	35.8603
0	32.2995
0	14.9001
0	7.03888
0	352.778
0	10.3635
0	14.4431
0	175.256
0	6.80492
1	165.434
1	108.291
0	48.0711
0	82.2722
0	3.02629
0	22.904
0	246.382
0	1.5633
0	232.089
0	82.1476
1	373.116
0	10.1807
1	134.911
1	59.892
0	180.926
0	30.5327
0	32.4998
0	36.9508
1	80.1481
0	224.25
0	7.38714
0	24.5732
0	22.3783
0	173.368
0	45.8205
0	304.529
0	0.552063
1	269.363
0	20.693
1	42.8654
0	265.836
0	88.1318
0	457.333
0	57.7494
0	21.3179
0	6.87906
0	24.2804
0	34.7789
0	5.94907
1	249.35
0	42.2817
0	1.33054
0	155.451
0	18.7636
0	31.1255
0	33.5068
0	181.105
0	174.11
0	137.007
0	59.1436
0	12.246
0	104.082
0	12.1855
0	24.8744
0	12.4718
0	3.03001
0	0.0905737
0	96.1954
0	16.557
0	4.79015
0	61.7372
0	234.201
0	93.4736
0	105.037
0	0.86264
0	9.07307
0	29.8159
1	71.2315
0	25.1387
0	38.8107
0	50.1328
0	8.31978
0	57.5757
0	139.787
1	133.585
0	30.9584
0	32.2899
0	24.9891
1	76.2325
1	78.4966
1	439.207
0	0.382504
0	24.5409
0	32.5127
0	32.2262
0	117.113
0	18.7093
0	4.15784
0	73.0297
0	61.9815
0	112.502
0	7.4779
0	73.6054
0	64.0303
0	78.8185
0	1.62552
1	66.2634
0	31.3815
1	151.355
0	3.53429
0	18.9755
0	31.8392
0	112.132
0	175.438
0	25.2349
0	0.606655
0	42.9334
0	77.1357
0	10.5554
0	135.985
0	17.1744
0	80.7179
0	217.633
0	13.4385
0	31.7214
0	53.5737
0	1.42973
0	152.84
1	45.2444
0	15.942
0	6.15173
0	0.2469
0	23.3469
0	9.26298
0	302.08
0	66.7307
0	124.672
1	151.115
0	6.9548
0	110.878
1	307.846
0	45.3081
0	134.855
0	57.6626
0	5.46595
0	26.0296
0	84.3056
0	23.5013
0	51.4366
0	55.1748
1	212.518
0	8.77243
0	22.2966
0	222.807
0	219.116
0	44.6059
0	27.6788
0	9.05264
1	103.129
0	61.2144
0	254.314
0	23.4038
0	111.286
0	103.515
0	212.471
0	99.6716
0	18.2421
1	213.665
0	77.5735
0	7.64165
1	99.7404
0	70.8991
0	3.56593
0	59.6446
0	53.1766
0	54.9712
0	41.1951
0	4.79937
0	2.76716
0	406.559
0	49.2889
0	20.5902
0	12.8332
0	23.8878
0	13.5409
0	162.619
1	349.427
0	106.997
0	48.6179
0	50.5481
0	8.34371
0	28.2875
0	34.4542
0	3.57788
0	2.1202
0	37.7703
0	52.5757
0	16.2536
0	20.8279
0	17.4625
0	359.777
0	37.0031
0	7.35517
1	283.105
1	173.959
0	57.2871
0	0.0372467
0	173.965
0	108.322
0	18.1686
1	66.6694
0	17.7346
0	69.5795
0	17.6568
0	15.2397
0	10.2751
0	51.0366
0	31.2823
0	18.27
0	51.8881
0	1.67948
0	29.6704
0	39.7636
0	17.7239
0	33.5909
1	325.266
0	51.5857
0	195.108
0	5.08011
0	0.630412
0	48.2051
0	17.2651
0	21.7229
0	38.9317
0	92.6664
0	369.947
0	11.9066
0	110.232
0	1.70526
0	12.1003
0	27.1797
1	65.4423
0	187.969
0	113.868
0	43.4899
0	31.6291
0	39.7074
0	163.519
0	55.8722
0	88.4111
1	53.1026
0	45.7594
0	73.8905
0	24.2205
0	3.73275
0	5.43201
0	116.257
0	0.636115
0	58.0931
0	74.8973
0	121.63
0	39.055
0	30.6581
0	26.121
0	28.0889
0	10.4424
0	50.8672
1	106.941
0	29.5426
1	78.7508
0	11.987
0	108.609
0	60.9882
0	73.202
1	102.778
0	1.99746
0	19.6558
0	27.7805
0	91.227
0	203.32
0	9.17044
0	94.0773
1	184.161
1	231.323
0	38.5161
0	19.057
1	103.654
0	131.721
0	247.477
0	183.579
0	6.89257
0	9.78271
0	154.447
0	23.6266
0	9.53161
1	416.003
0	8.94531
0	53.1183
1	391.693
0	11.1893
0	45.9447
0	144.157
0	10.354
0	11.2314
1	85.7258
0	2.73388
0	23.97
1	54.379
0	6.78779
0	3.12996
0	354.689
0	186.19
0	161.127
0	63.6611
0	32.0573
0	1.08681
0	58.037
0	135.244
0	315.168
0	11.1427
0	44.8928
0	61.2609
0	17.0502
1	77.2816
0	14.5069
0	15.9361
0	224.529
0	34.4635
0	6.0198
0	6.69704
0	10.5318
0	9.99322
0	37.5227
1	158.015
0	1.72921
0	90.2197
0	83.3138
0	3.28165
0	21.4213
0	57.6714
0	13.2141
1	196.384
0	13.5312
0	14.4939
0	54.482
0	26.7962
0	5.31438
0	35.5299
0	5.25555
0	9.69197
1	105.068
0	66.022
0	398.614
0	5.80118
0	26.4151
0	11.5035
0	6.05797
0	23.0326
0	143.102
0	85.9838
0	27.73
0	347.271
0	23.0125
0	172.745
0	0.932904
0	40.1171
0	257.254
0	15.0659
0	47.5666
0	23.8008
0	4.80482
0	46.501
0	158.053
0	14.4674
1	117.97
0	78.578
0	55.2585
0	97.1068
0	0.794524
0	108.856
0	0.918565
0	20.1856
0	24.7367
0	62.1145
0	20.8381
1	106.428
0	48.935
0	26.5182
0	4.31584
1	118.753
0	2.44314
0	81.126
0	37.2111
0	7.47163
0	41.782
0	78.6081
0	53.2727
0	22.4461
0	59.5229
0	78.0231
0	7.49911
0	35.1217
0	40.9445
0	147.782
0	34.0335
0	17.1884
0	19.3305
0	118.515
0	4.95001
0	10.3261
1	93.3548
0	14.2235
0	23.0813
0	226.626
0	142.084
0	96.8833
0	71.9337
0	40.1211
1	51.6463
0	52.3801
0	17.1295
0	4.42687
0	51.7887
0	263.518
0	57.6706
0	2.15288
0	59.1032
0	27.5941
0	5.55773
0	26.571
0	4.47024
0	315.094
0	92.2054
0	28.9965
1	161.792
0	9.52747
0	60.5913
0	7.98139
1	103.178
0	98.4243
0	30.7333
0	6.91364
1	110.106
0	85.1546
1	218.846
0	8.54318
0	14.0829
0	15.0658
0	61.9436
1	140.501
0	49.8574
0	33.6351
0	48.8078
0	55.1013
0	0.944875
0	45.0909
0	1.05748
0	6.50291
0	46.7853
0	35.0998
1	123.293
0	42.3977
0	11.6506
0	163.42
0	8.89916
1	111.123
0	211.971
0	21.4181
1	256.245
0	10.1859
0	17.2902
0	169.115
0	26.5677
0	63.1315
1	735.757
0	294.443
0	132.061
0	35.8788
0	28.6175
1	99.7527
0	13.2709
0	31.833
1	82.3198
0	15.9313
0	10.7336
0	80.8314
0	122.54
0	19.9902
0	16.2332
0	3.15693
0	4.43253
0	120.658
1	82.2823
0	11.5793
0	114.504
0	43.3214
0	16.7752
0	126.23
0	372.381
1	231.71
0	31.1109
0	28.3971
0	27.7687
0	13.5515
0	22.7541
0	57.2891
0	0.201312
1	114.068
0	0.172741
0	273.23
0	14.1558
0	15.474
1	255.544
1	261.41
0	15.277
0	1.30965
0	3.06372
0	99.3182
0	3.24451
0	187.885
1	82.5014
0	50.7852
0	29.8683
0	32.607
0	40.614
0	478.145
0	37.1764
0	98.0216
0	18.0773
0	2.92299
0	9.98266
0	141.212
0	118.874
0	0.544991
1	26.0948
0	35.5047
0	10.0074
0	26.5678
0	19.1946
0	67.5454
0	20.9841
0	41.6454
1	350.22
0	6.83337
0	83.7655
0	0.67546
0	10.9285
0	26.5771
0	1.72095
1	311.414
0	6.73936
0	37.0379
0	92.491
1	89.7482
0	91.4928
0	6.3329
0	184.214
0	23.1382
0	105.598
0	103.205
1	78.0924
0	59.343
0	63.6776
0	63.5461
0	118.298
0	223.786
0	263.571
0	0.329811
0	1.53232
0	10.0727
0	36.6204
0	105.307
0	0.18118
0	67.4665
0	8.11415
1	130.666
0	13.8339
1	55.2839
0	14.3469
0	39.1379
0	130.848
0	282.839
0	43.708
0	17.875
1	178.634
0	75.677
0	23.9296
0	76.2889
0	47.1815
1	91.2271
0	15.3312
0	22.771
0	134.04
0	18.8937
0	199.688
0	5.98031
0	65.4185
0	46.5363
0	68.866
0	200.401
0	217.501
0	9.62149
0	318.155
0	93.6686
0	27.1249
0	47.2473
1	115.099
0	62.7566
0	22.5713
0	135.338
1	85.1647
0	5.46393
0	25.4118
0	0.166092
0	129.369
0	2.87288
1	30.0525
0	20.6024
0	8.14895
0	28.7157
1	282.321
0	14.6642
0	6.99168
0	284.269
0	19.8879
0	17.9213
0	142.937
0	0.84158
0	74.3769
0	0.314055
0	5.52979
0	51.0627
0	0.47629
0	0.983007
0	10.6035
0	79.0225
0	261.613
0	140.024
0	12.3725
0	87.9771
0	3.49203
0	109.946
0	0.0589621
0	14.2274
0	163.438
0	7.79589
0	71.3677
0	115.703
0	117.278
0	20.8366
0	1.66115
0	13.9353
0	73.5237
0	2.51122
0	101.577
0	32.6711
0	33.0935
0	172.02
0	1.60266
1	62.1525
1	178.824
0	250.89
0	456.922
1	260.554
0	108.434
0	102.936
1	62.0984
0	0.414236
0	22.2811
0	7.61252
0	16.0388
0	9.16167
0	32.2
0	19.7901
0	94.5384
0	7.82914
0	239.119
0	43.7367
0	432.504
0	91.7072
0	1.12198
0	20.0419
0	4.72591
0	3.17242
0	86.7097
0	36.4641
0	125.956
0	120.1
0	18.1253
1	168.642
0	472.161
0	10.1095
0	1.19852
0	10.3639
0	63.7568
0	158.258
0	47.5124
1	124.909
0	46.5814
0	12.0947
0	20.9073
0	20.7619
0	40.9227
0	92.875
0	164.689
0	101.724
0	135.431
0	6.2369
0	92.4673
0	22.4949
0	6.05812
0	29.102
0	1.89392
0	2.69762
0	35.7666
1	271.456
0	3.16312
0	18.418
0	11.228
0	187.152
0	30.0369
0	4.4791
1	104.088
0	23.5499
0	7.25698
0	0.902429
0	34.3852
0	42.2046
0	21.2203
0	17.085
0	20.1889
0	32.6559
0	12.4519
0	17.4843
0	37.7567
0	7.28854
0	98.4609
0	52.9776
0	85.5352
1	71.1692
0	14.3438
0	13.5559
1	181.243
0	0.00783176
0	27.619
0	59.6937
0	6.58082
0	89.2944
0	17.5464
1	115.661
0	18.5882
0	60.192
0	19.77
0	0.967472
0	456.286
0	88.7414
0	9.82469
0	22.3351
0	0.973601
0	35.5599
1	26.4875
0	32.8688
0	4.01796
0	9.80516
0	0.983977
0	132.397
0	23.3001
0	46.7234
0	14.8759
0	31.043
0	163.783
0	34.9845
0	155.954
0	204.697
0	67.5539
0	29.7016
0	17.8816
0	6.56741
0	120.883
0	21.9539
1	62.1022
0	55.3825
0	309.882
0	41.1951
0	274.532
0	307.76
0	97.504
0	51.1596
0	28.2248
0	35.0634
0	9.36165
1	451.719
0	162.355
0	646.598
0	48.1891
0	7.89863
1	191.602
0	18.9683
0	173.014
0	44.9936
0	119.119
0	66.9861
0	7.44074
1	45.9628
1	71.1606
0	340.051
0	13.4111
0	14.4417
0	8.12037
0	53.1582
0	65.3056
0	15.4296
0	41.5376
0	49.6275
0	50.0302
0	59.0682
0	24.0763
0	199.602
1	207.478
0	5.64059
0	32.3879
0	19.7035
0	81.7136
0	243.763
0	14.9247
0	85.0298
0	163.226
0	18.2147
0	11.308
0	4.52455
0	11.5396
0	39.6832
0	94.6485
0	563.646
0	0.591924
0	8.28324
0	20.4868
1	102.643
0	120.117
0	11.464
0	21.5595
0	0.692234
0	12.9858
0	12.8358
0	29.5107
0	43.3159
0	43.2869
0	8.61132
0	98.5034
0	47.134
0	8.18784
1	139.964
1	122.355
0	47.7921
1	84.8014
0	23.7295
0	12.4861
0	27.4666
0	32.3771
0	79.059
0	86.0531
0	10.3644
0	143.406
0	68.1287
0	92.7446
0	24.0305
0	31.2658
0	95.2503
0	21.7856
0	127.572
0	166.322
0	46.2726
0	11.748
0	81.5309
0	165.432
0	28.5266
0	139.422
0	0.878115
1	38.1937
1	41.2776
0	36.4099
0	2.73824
0	13.7479
0	45.2843
0	28.3849
0	13.0847
0	112.053
0	298.858
0	58.7661
0	11.1014
0	43.3254
0	33.2894
0	181.837
0	190.919
1	121.265
0	11.385
0	67.1853
0	25.5455
0	264.698
0	23.1555
0	33.3791
0	10.0753
0	30.3829
1	49.919
0	52.3881
0	23.5619
0	11.1284
0	6.98691
0	7.93355
0	11.9774
0	7.5966
0	30.8678
0	21.8426
0	84.5907
0	0.449997
0	14.5735
0	100.399
1	254.227
0	6.24808
1	63.7357
0	149.872
0	132.08
0	81.1123
1	52.5162
0	6.42568
0	460.579
0	73.395
0	189.642
1	72.9601
0	33.7519
0	107.019
0	4.66038
0	129.844
0	88.8268
0	57.7753
0	4.9648
0	214.873
0	92.2143
0	11.2412
0	122.898
0	50.0954
0	22.2172
0	26.4863
0	2.57656
0	62.6267
0	117.165
0	3.52888
0	146.875
0	210.524
0	113.503
0	276.078
0	129.488
0	53.3468
0	0.457998
0	11.2598
0	4.0212
0	196.693
0	88.9563
1	168.805
0	1.87239
0	11.4381
0	147.848
0	9.73078
0	4.14558
0	21.3731
0	115.224
0	33.4025
0	36.43
0	18.2713
0	44.2744
0	382.543
0	5.29812
0	3.45743
0	6.15312
0	36.7038
0	4.72029
0	6.61164
0	16.7383
1	46.9267
0	58.6885
0	1.1993
0	36.5469
0	8.70677
0	60.0386
0	177.074
0	25.7381
0	57.665
0	49.084
0	25.8399
0	5.57746
0	3.37495
0	277.961
0	7.88273
0	6.45638
0	1.97378
0	95.4607
0	13.1464
1	97.5351
1	460.845
0	21.1316
0	45.6697
0	113.565
0	5.94885
0	2.02631
0	360.991
0	173.991
0	10.9089
0	141.126
1	194.941
0	4.38844
0	124.39
0	3.39239
0	6.97697
0	131.474
0	11.4025
0	2.7221
0	20.1289
0	62.8647
0	32.1009
0	13.733
1	140.094
0	8.36159
0	6.73154
0	13.0952
0	41.7178
0	29.2443
1	137.354
0	2.79669
0	4.90694
0	18.4172
0	36.5367
0	6.47296
0	187.844
0	15.1691
0	12.8875
0	8.17319
0	0.638747
0	130.807
0	67.7308
0	80.9708
0	7.15068
0	9.27684
0	39.5308
1	134.351
0	18.1515
0	27.8877
0	20.1838
0	1.43087
0	27.2756
0	150.442
0	2.31397
0	30.1314
0	98.7843
0	7.46562
0	47.3847
1	222.803
0	0.712295
0	2.1206
0	16.7101
0	34.3214
0	90.5899
1	79.2763
0	1.86738
0	117.859
1	82.2067
0	40.5783
0	25.7511
0	268.523
0	114.563
0	17.7527
0	48.971
0	4.71088
0	5.49217
0	51.9419
1	69.307
0	5.32445
0	195.006
0	64.8843
0	18.4158
0	8.25493
1	407.143
0	282.224
0	93.9907
0	18.4651
0	73.5069
0	34.7124
0	103.037
0	16.1549
0	50.3269
0	3.17269
0	50.3085
0	129.98
0	12.9138
0	24.4057
0	22.1357
0	29.235
0	19.795
0	188.908
1	87.5186
0	184.519
0	318.87
0	94.889
0	35.6895
0	122.733
0	4.58858
0	29.9387
0	266.674
0	202.376
0	339.911
0	44.1797
0	57.8364
0	167.031
0	19.5956
0	1.96483
0	5.45813
1	291.763
1	110.846
0	7.91975
0	61.8487
1	103.481
0	50.0659
0	96.0421
0	48.218
0	44.7101
0	0.143392
0	8.1399
0	6.64705
0	97.1981
1	127.474
0	68.7513
0	92.099
0	14.7403
0	14.4912
0	56.4579
1	130.1
0	83.3078
0	25.2221
0	261.195
0	8.03081
0	22.9506
1	130.091
0	76.4346
0	1.30268
0	3.27892
0	27.5898
0	28.2084
0	9.17756
0	53.7785
0	132.202
0	2.49696
0	393.678
0	156.146
0	83.5814
0	68.119
0	7.71631
0	44.7969
0	161.089
0	58.7343
0	188.375
0	89.9392
0	11.2171
0	27.2103
0	3.94717
0	30.7837
0	58.5774
0	65.5404
0	27.3909
0	105.961
0	3.08071
0	4.39177
0	10.8425
1	161.641
0	5.86231
0	23.6415
0	8.0818
0	67.5692
0	15.2861
0	12.186
0	17.7674
0	27.5066
0	43.3897
0	7.53977
0	8.05197
1	47.6226
0	172.076
0	281.63
0	2.30496
0	133.196
0	31.0746
0	84.8979
0	249.483
0	56.681
0	8.29214
0	10.8826
0	8.54831
0	1.32253
0	211.668
0	186.729
0	153.982
0	2.57177
1	36.7648
0	81.4085
0	115.81
0	109.838
0	17.8177
0	25.7513
1	255.241
0	5.71941
0	56.8495
0	99.9264
0	23.4465
1	219.11
0	424.039
0	42.5038
0	209.962
0	39.0174
0	116.152
0	20.3825
0	89.1573
0	13.2538
0	25.5719
0	38.3207
0	25.7536
0	74.9831
0	245.772
0	21.2188
0	413.441
1	105.875
0	40.4555
0	270.46
0	2.68416
0	132.225
0	103.422
0	52.2727
1	113.67
0	2.54499
1	171.195
1	259.83
0	67.738
0	0.706579
0	13.0682
0	2.23806
1	166.385
0	2.17288
0	4.22497
0	33.3666
0	8.8182
0	73.8442
0	53.4714
0	107.988
0	43.4445
1	179.861
0	422.842
0	32.1573
0	44.8231
0	72.9279
0	219.443
0	29.7124
0	31.7283
0	5.23879
0	141.385
0	88.6075
0	79.6233
0	182.462
0	459.622
0	0.31826
0	316.176
0	9.16265
0	18.8723
0	6.22056
0	18.4514
0	109.452
0	105.797
0	7.98418
0	22.5959
0	104.521
0	21.0776
0	16.9079
1	118.732
0	114.274
0	11.9055
0	9.59282
0	12.2577
0	25.6619
0	51.0849
0	5.37633
0	32.372
0	121.213
0	35.2641
0	3.8196
0	14.5482
0	99.188
0	58.9985
0	87.8709
0	40.884
0	4.35593
0	16.8577
0	37.4861
0	88.4187
0	57.4929
0	28.6599
0	4.02699
0	50.4838
0	84.8466
0	3.11551
0	38.606
0	2.91987
0	19.6174
0	26.153
0	1.45244
0	8.15665
1	222.421
0	15.8754
0	54.5586
1	204.044
0	239.338
0	21.7033
0	34.8697
0	11.7679
0	256.02
0	206.875
1	208.353
0	11.9933
1	81.4235
0	18.0989
0	20.9162
0	99.4205
0	17.4443
0	59.299
1	66.1484
0	5.21595
0	45.0084
0	7.94814
0	117.598
1	203.24
0	4.36615
1	72.7008
0	5.73324
0	68.1728
0	399.428
0	17.6186
0	1.55071
1	101.98
0	6.00092
0	49.427
0	162.566
0	381.399
0	295.09
0	3.15943
0	27.9051
0	166.436
0	51.9877
0	178.117
0	7.34547
1	55.6102
0	495.12
0	14.5633
0	85.6585
0	1.61331
1	184.302
0	73.6396
0	38.1303
0	133.433
0	16.3088
0	9.36822
1	105.755
0	1.30008
0	19.5503
1	628.287
0	130.621
0	28.2598
0	402.471
0	6.89751
0	22.4763
0	31.8754
0	52.6181
0	274.65
0	19.0084
0	2.47894
1	245.191
0	11.0541
0	3.31281
0	14.4091
0	24.6278
0	563.65
0	7.78967
0	22.6588
0	73.4821
0	46.9455
0	62.3634
0	87.6937
0	79.6012
0	246.271
0	31.4227
1	809.497
1	203.988
0	10.5929
0	17.8184
0	94.2894
0	168.045
0	4.25223
0	9.06171
0	128.663
0	1.97426
0	209.076
0	146.866
0	8.4982
0	39.4888
0	4.39567
0	3.20776
0	267.047
0	28.4046
0	135.08
0	17.772
0	50.2452
1	342.192
0	38.95
0	28.8874
0	50.9883
0	5.7462
0	47.72
0	15.7736
0	123.01
0	55.8153
0	199.905
0	20.005
0	40.4027
0	7.47082
0	51.3994
0	12.538
0	22.9694
0	207.713
0	27.2857
0	89.7055
0	5.19022
0	98.8957
1	92.6859
0	125.57
0	2.61457
0	21.712
0	0.207999
0	4.34445
0	120.491
0	67.0994
1	159.728
0	140.08
1	143.435
0	81.1123
1	247.111
1	791.563
0	138.093
0	2.27674
0	17.1921
0	99.1654
0	166.979
0	1.03899
0	9.13709
0	117.365
0	110.854
0	24.33
1	159.914
0	128.805
0	66.2444
0	41.8198
0	10.4372
0	206.719
0	42.3545
0	1.07755
0	13.738
0	108.528
0	13.8955
0	37.9698
0	21.4367
0	16.9833
1	219.633
0	4.97194
0	88.2252
0	33.5262
0	63.3816
0	9.87998
0	3.19828
0	9.86354
0	14.1442
0	59.1686
0	20.0538
0	23.4253
0	0.670008
0	23.3155
0	2.49183
0	159.328
0	187.588
0	18.3004
0	8.62161
0	137.581
0	39.4247
0	32.9756
0	2.68019
0	23.2621
0	1.71603
1	327.243
0	23.2456
1	107.16
1	87.5773
0	16.6858
1	185.022
0	30.0859
1	117.713
0	247.393
0	1.65297
0	108.91
0	42.2977
0	79.9212
0	3.15148
0	10.2107
1	109.123
0	13.2434
0	22.5581
0	1.05424
0	27.9767
0	15.8681
0	0.225235
0	46.112
0	58.327
0	0.66018
0	195.707
0	13.456
0	17.4854
0	209.355
0	31.0725
0	39.6809
0	30.4996
1	234.312
0	9.37804
0	6.67222
0	5.55858
0	3.1168
0	133.293
0	94.7792
0	145.843
0	1.46315
0	43.3388
0	10.6758
0	546.013
1	407.839
0	83.9293
0	8.0247
0	70.5013
0	0.894967
0	55.3494
0	22.1489
0	91.8925
0	0.918037
0	7.82677
1	335.386
1	141.225
0	1.28631
0	10.8832
0	20.8738
0	6.90117
0	63.2235
0	33.0531
0	18.2293
0	7.96199
0	72.9371
0	229.223
0	18.7788
0	67.0673
0	133.538
0	1.77804
0	17.4112
0	81.9797
0	53.1669
0	132.674
0	88.5722
0	46.5428
0	52.8139
0	6.01641
0	11.439
0	19.1697
0	9.33527
0	35.5364
0	13.8622
1	307.901
0	196.997
0	8.01538
0	2.63593
0	65.0252
0	56.0182
0	27.0919
0	75.2372
0	135.314
0	35.7416
0	4.07139
0	209.003
1	195.571
1	95.023
0	106.79
0	7.82078
0	11.2703
0	29.2572
0	31.4622
1	58.886
0	43.4314
0	1.48844
0	10.4327
0	205.845
0	33.5343
0	3.32963
0	81.5351
0	90.8384
1	52.85
0	3.68779
0	8.81516
1	87.0993
0	116.128
0	23.626
0	0.689114
0	124.674
0	5.18244
0	10.8069
0	166.705
1	276.03
0	440.116
1	153.684
0	6.19446
0	48.9256
0	52.9386
0	14.1425
0	9.33016
0	80.3213
0	117.667
0	63.163
0	30.507
0	2.47974
0	94.1933
0	11.4841
0	12.4588
0	0.0752882
0	30.0516
0	3.27781
0	1.13434
0	57.3979
0	37.8236
0	33.6358
0	22.8087
0	21.6174
0	37.9368
0	38.2944
0	115.81
0	4.58241
0	8.85039
0	19.5113
0	18.945
0	15.9393
0	1.50688
0	23.978
0	5.77373
0	157.27
0	100.75
0	6.8651
0	2.3374
0	27.9989
0	342.934
0	82.3468
0	94.0661
0	18.3228
0	0.623325
0	10.299
1	386.872
0	193.446
0	7.26526
0	14.647
0	6.50709
0	103.122
1	138.986
0	51.2852
1	35.1384
0	34.3988
1	252.778
0	98.7501
0	12.7578
0	18.8404
1	98.0209
1	32.4509
0	114.361
0	170.174
0	38.5311
0	68.8123
1	79.6141
0	400.71
0	16.4005
0	14.0815
0	43.3594
1	120.849
0	20.383
0	55.9871
0	149.306
0	7.35358
0	28.345
0	12.2504
0	29.1728
0	70.9889
0	24.4629
0	29.2996
0	11.1416
0	162.862
0	1.08458
0	64.5318
1	260.927
0	2.35664
0	188.266
0	10.3469
0	35.8108
1	36.6813
0	84.9637
0	45.2561
0	2.4986
0	82.8981
1	211.27
0	29.4832
0	22.9786
1	123.759
0	40.5646
0	12.5217
0	24.7702
0	140.909
0	12.7202
0	125.233
0	337.718
0	19.9452
0	9.06392
0	97.3474
0	13.4603
0	45.1878
1	64.7396
0	22.4145
0	157.512
0	16.007
1	70.5682
1	169.712
0	38.2556
0	14.544
0	68.5348
0	48.9634
0	101.167
0	31.5809
0	8.86643
0	24.118
0	14.8552
0	268.747
0	43.9843
0	371.38
0	5.56222
0	48.4189
0	129.499
0	195.506
0	10.766
0	6.60755
1	133.883
0	18.9926
0	20.3034
0	215.649
0	70.984
0	40.0408
0	51.4771
0	185.564
0	16.6047
0	11.2133
0	120.211
0	38.6565
0	11.868
0	7.81062
0	76.8209
0	81.8403
0	129.126
0	1.07253
0	165.579
0	8.51361
1	94.9763
0	22.5205
0	47.2987
0	16.31
0	255.925
1	165.682
0	86.5732
1	195.889
0	76.8096
0	21.7474
0	5.49151
0	25.2911
0	115.514
0	11.4803
0	41.879
0	56.5739
0	309.452
0	125.512
0	52.8053
0	0.700958
0	326.315
0	36.5926
1	92.4533
0	15.8618
0	20.1741
0	61.5627
0	5.36307
0	3.68878
0	7.82591
0	29.9035
0	35.1809
0	1.10862
0	6.54286
0	63.0088
0	29.1651
0	81.0794
1	246.529
0	8.42895
0	143.282
0	134.669
0	12.1693
1	131.747
0	145.705
0	18.7755
0	71.4939
0	10.3913
1	391.744
0	251.501
0	46.8518
0	338.834
0	32.7437
0	40.9537
0	36.726
0	34.3478
0	124.429
0	43.1898
0	42.18
0	453.77
1	187.638
0	3.66848
0	283.269
0	15.892
0	38.1652
0	12.4329
0	61.1431
1	216.045
0	52.8463
0	106.059
0	122.062
1	248.471
0	1.90862
0	18.3682
0	85.304
0	32.2774
0	36.2644
0	287.53
0	429.296
1	84.9046
0	41.6268
0	0.0642454
0	35.766
0	11.8512
0	233.116
0	68.2948
1	133.672
0	11.8397
0	77.6315
0	18.165
0	106.626
0	19.2846
0	37.5761
0	48.9603
0	41.7795
0	133.457
0	7.01341
0	2.89175
0	34.2748
0	82.0923
0	28.5512
0	25.1366
0	16.7922
0	111.182
0	7.32939
0	146.149
0	153.596
0	131.785
0	25.3681
0	0.980147
0	6.02339
0	7.52048
0	8.20642
0	100.732
0	4.10084
0	42.7261
0	62.3181
0	105.112
1	68.0682
0	5.32321
0	32.2007
0	6.70842
1	249.264
1	117.595
0	37.3015
0	52.9018
0	25.0607
0	143.402
0	330.533
0	33.6172
0	16.2736
0	8.96029
0	17.2261
0	0.0976261
0	13.4053
0	19.1219
1	149.858
1	256.39
0	137.447
0	61.9942
0	49.2599
0	11.7254
0	2.36816
0	12.5403
0	19.3073
0	76.7758
0	53.1112
0	83.6013
0	62.1045
0	49.8398
0	25.0989
0	193.895
0	2.98315
0	2.82015
0	38.8907
0	91.9151
0	20.1342
0	35.1486
0	21.4199
0	281.593
0	61.2212
0	17.6033
0	4.01562
0	16.9944
0	576.713
0	2.47737
0	22.1626
0	3.4222
0	34.2157
0	6.20593
0	974.988
0	77.7073
0	40.5749
0	14.952
0	3.8396
0	302.264
0	7.92623
0	4.10024
0	11.4665
0	35.6064
0	270.653
0	7.17411
1	124.406
0	7.58453
0	19.6226
1	64.5427
0	132.044
0	3.21996
0	12.057
0	222.33
0	19.0489
0	69.3965
0	8.08864
0	7.35738
0	38.6914
0	448.097
0	6.33038
0	8.67719
0	27.7846
0	2.77465
1	300.306
0	37.4179
0	41.9588
0	147.035
1	133.337
0	325.064
1	118.008
0	193.558
0	6.04801
0	51.3364
0	29.5436
0	51.9115
0	80.5276
0	8.68615
0	2.218
0	59.7394
0	217.889
1	74.1807
0	39.7843
1	97.1841
0	72.2419
0	36.7548
0	133.957
1	107.504
0	335.741
0	0.829735
0	19.3536
0	34.0044
0	17.098
0	19.2582
0	112.282
0	104.401
0	2.13646
1	329.181
0	66.6377
0	0.31766
0	38.6911
0	83.9039
0	1.68705
1	157.009
1	114.591
0	51.9018
0	153.513
0	97.2744
0	17.1821
0	45.3692
0	35.7561
0	316.97
0	28.0149
0	23.9206
0	63.6677
0	248.448
0	66.7591
1	205.123
1	235.035
0	11.617
0	26.7949
0	111.727
0	9.98374
0	6.35843
1	199.788
0	97.6585
0	5.24693
0	29.7944
0	31.7377
0	7.00664
0	85.6889
0	3.9597
0	29.5278
1	393.404
0	67.7983
0	16.459
0	46.4164
0	1.8539
0	73.1755
0	339.7
0	20.5168
0	207.812
0	23.9185
1	215.363
0	293.28
0	2.17716
1	175.507
0	39.2812
0	4.42182
0	10.1777
0	6.92555
0	80.6487
0	18.0355
0	28.9783
0	18.4754
0	126.567
0	124.583
1	162.086
0	68.0716
1	97.4511
0	97.9113
0	110.505
0	135.749
0	4.148
0	145.654
0	94.4506
0	1.75498
0	55.2274
0	175.756
1	163.006
0	1.63264
0	0.237508
0	2.08465
0	205.166
0	12.2611
0	33.8259
0	25.339
1	240.248
0	530.592
0	43.1163
0	57.48
0	15.6928
0	96.4258
1	280.499
0	79.0145
0	11.0028
0	50.5911
0	45.3837
0	49.543
0	6.08002
0	51.4707
0	2.68487
0	27.2423
0	41.5659
0	17.7802
1	387.849
0	8.29918
0	6.55376
0	92.377
0	46.4622
0	149.383
0	196.315
0	64.8001
0	14.6672
0	22.2407
0	180.933
0	15.3513
0	7.4754
1	186.646
0	78.5401
0	30.8766
0	151.698
0	44.0478
0	11.4505
0	86.8095
0	1.10443
0	230.867
1	66.5859
0	13.5907
0	0.147826
0	43.9463
0	58.6065
0	96.3566
0	12.8896
0	41.0374
0	18.2129
0	105.84
0	75.2161
0	21.0314
0	83.6557
0	9.83117
0	1.13026
0	19.4373
0	1.09148
0	8.45319
1	464.217
0	159.131
1	193.83
0	19.2602
0	1.70805
0	94.6416
0	115.907
0	34.4315
0	0.157006
0	166.898
0	86.4703
0	15.4553
0	137.404
0	102.216
0	218.308
0	151.949
0	323.425
0	15.7752
0	4.77941
0	67.4073
1	111.724
0	24.9362
1	96.5943
0	352.278
0	18.6558
0	158.764
0	150.624
0	48.8481
0	19.8255
0	12.7259
0	2.23054
0	15.6356
0	52.8913
0	8.94671
0	220.916
1	129.795
0	3.07677
1	380.571
0	156.543
0	55.9581
0	127.252
0	51.0725
0	6.13904
1	61.1611
0	97.1024
1	194.089
0	1.31926
0	39.7054
0	22.7213
0	143.463
0	22.3426
0	34.9665
0	247.006
0	9.05619
1	249.886
0	164.055
0	4.74856
0	6.32462
0	180.502
0	47.7642
0	23.6165
1	183.635
1	218.739
1	228.929
0	14.0937
0	128.839
0	63.6227
0	38.8916
0	67.584
0	17.6143
0	25.1732
0	38.328
0	146.555
0	26.2579
0	286.668
0	275.834
0	2.0302
0	143.396
0	13.4039
0	16.3386
0	18.2035
0	75.7481
0	159.697
0	21.385
0	3.54123
0	1.52404
0	213.64
0	26.8453
0	29.4885
0	18.5803
1	233.817
1	75.6529
1	146.729
0	34.2316
0	11.7121
1	126.609
0	37.1718
0	28.811
0	12.9603
0	14.3059
0	10.1462
0	48.0384
0	151.879
0	3.38957
0	18.9051
0	79.4893
0	38.977
0	141.874
0	40.7609
0	3.7766
1	297.487
0	18.1072
0	65.7498
0	43.4578
0	273.936
0	77.6163
0	34.0143
0	7.462
0	150.431
0	56.6165
0	154.159
0	90.3731
1	107.904
0	6.70867
0	55.7807
1	76.9093
0	80.7275
0	4.26399
0	64.9431
1	52.9672
0	325.093
0	16.8759
0	14.6237
0	2.07907
1	139.582
0	12.5832
1	654.847
0	8.14023
0	46.3934
0	22.2219
0	14.0907
0	12.6962
0	48.6347
0	8.81334
0	61.2132
0	10.0644
0	177.075
0	355.097
0	41.8375
0	424.83
0	70.7852
0	0.292338
1	330.432
0	199.798
1	136.851
0	151.45
0	7.82831
0	14.9711
0	33.5468
1	144.622
0	12.9811
0	35.9579
0	27.1315
0	88.6514
0	26.0737
0	168.567
0	40.5108
0	198.899
1	97.5107
1	223.628
0	13.605
0	1.44226
0	50.9981
0	28.9835
0	78.0325
0	5.89826
1	91.708
0	0.480266
0	455.596
0	6.93904
0	36.1667
0	8.02433
1	237.329
0	62.7759
0	119.957
0	10.1476
0	50.6473
0	98.3383
0	7.71073
0	6.99242
0	28.7072
0	92.7682
0	2.04542
0	110.643
0	59.3919
0	116.78
0	7.14828
0	23.3924
0	4.17506
0	6.67728
0	92.2129
0	10.0911
0	284.244
0	76.9924
0	131.029
0	356.712
1	94.1601
0	98.9408
0	17.9107
0	0.369205
0	65.8899
0	67.4733
0	63.6473
0	17.9549
1	445.503
1	134.058
0	4.06701
0	40.9192
0	267.62
0	1.73706
1	64.9968
0	64.4346
0	51.8638
0	199.669
0	8.24615
0	20.4048
0	5.74941
0	222.161
0	5.54186
0	57.7665
0	11.428
0	6.75191
0	31.878
0	255.57
0	247.195
0	69.2547
0	44.0659
0	26.8597
0	117.661
0	66.127
0	142.272
0	680.528
0	27.5218
0	2.66596
0	53.1891
0	25.7448
0	57.8163
0	208.06
0	93.4474
0	41.2962
0	30.2686
0	147.792
0	6.15168
0	142.846
0	47.4606
0	55.4068
1	182.958
0	196.987
0	90.0067
0	265.051
0	16.5065
0	8.5157
1	497.1
0	55.2829
0	2.09936
0	149.906
1	123.433
0	2.2956
1	302.139
0	11.0098
0	17.1869
0	234.393
0	74.423
0	27.196
1	134.113
0	16.994
0	30.7137
0	47.5181
0	33.7061
0	136.104
0	12.3255
0	3.51436
0	8.0653
0	20.9443
0	56.0002
0	106.473
0	2.32729
0	0.905745
0	30.2707
0	228.917
0	113.103
0	3.7484
0	1.67728
0	11.2102
0	140.869
0	3.36703
0	23.995
0	100.471
0	22.9601
0	81.7787
0	35.2148
0	300.935
1	114.308
0	68.5181
0	30.6875
0	233.795
0	56.4109
0	1.45619
0	250.361
0	23.3538
0	111.025
0	18.7142
0	83.9738
0	93.4063
0	15.9184
0	3.12505
0	480.968
0	25.4426
1	138.244
0	2.07856
0	51.0218
0	12.7332
0	63.2818
0	36.9613
0	7.20198
0	53.9986
0	12.4802
1	86.1733
0	26.8413
1	188.409
0	106.397
0	106.135
0	49.1729
0	8.57754
0	15.7694
0	428.373
0	35.2007
0	0.798383
1	313.411
0	18.0441
1	83.0343
0	4.42004
1	152.211
0	2.12743
1	178.228
0	6.2566
0	4.91177
0	68.5583
0	88.5473
0	1.30784
0	514.387
0	53.3547
0	172.523
0	125.578
0	11.8017
0	4.38147
0	60.9166
0	3.8315
0	54.5648
0	166.033
0	190.599
0	136.649
0	41.7209
1	171.981
0	23.0382
0	1.33545
0	140.9
0	80.4245
0	85.0832
0	93.9862
0	178.157
0	50.6821
1	216.87
0	122.58
0	25.3264
0	267.702
0	0.471621
0	7.76323
0	0.381855
0	1.44861
0	9.75765
0	0.65215
0	71.0964
0	88.6823
0	68.299
1	500.4
0	1.34269
0	73.4068
0	45.2148
0	5.30248
0	3.39574
0	65.6696
1	82.0126
0	30.0353
1	61.6449
0	76.6695
0	216.651
0	7.67371
1	55.4521
0	24.5268
0	11.0035
0	227.021
0	545.815
0	42.6281
0	13.142
0	41.238
0	64.3371
0	0.26521
1	89.7562
0	123.629
0	112.835
0	15.6526
0	12.9236
0	128.777
0	11.1617
1	54.7422
0	10.8717
0	6.57726
0	14.3224
0	115.709
1	95.4319
0	8.95084
0	12.2289
0	19.6618
0	23.147
0	28.3825
0	79.6678
0	424.886
0	18.7303
0	65.1874
0	158.1
0	27.3188
0	86.9184
0	422.179
0	0.284743
0	2.43858
0	19.3686
0	278.142
0	7.29681
0	3.64201
0	14.7921
0	13.4544
0	19.6248
0	6.92308
0	91.4421
0	1.13581
0	15.7444
0	151.25
0	89.8992
0	0.586638
0	41.5686
0	8.53147
0	6.16083
0	58.1916
1	443.359
0	33.7272
0	37.6229
0	6.38926
0	28.2149
1	572.73
0	46.678
1	33.2114
0	19.6131
0	18.7048
0	2.75355
0	1.6113
1	320.408
0	14.8036
0	8.45339
0	58.0346
0	107.526
0	17.3007
0	227.609
0	126.476
0	28.1743
0	11.7004
0	6.67806
0	88.8915
0	107.018
0	42.4723
0	194.759
0	16.1664
0	24.139
0	62.945
0	35.6937
0	53.1778
0	5.7799
0	60.2782
0	0.10045
0	64.4013
0	65.4398
0	134.289
0	7.29592
1	24.9879
0	17.1495
0	13.0245
0	279.077
0	52.3746
0	306.048
0	37.935
0	14.9125
0	161.773
0	24.3181
0	18.9484
0	218.672
1	44.3513
0	10.6358
0	23.3883
0	127.004
0	29.6437
0	49.7835
0	2.40966
0	103.919
1	346.09
0	31.1937
0	26.8296
0	17.2121
0	45.6584
0	1.99809
0	13.4834
0	76.9807
0	143.365
0	66.8885
0	42.0643
1	219.603
0	0.128167
0	22.8199
0	46.0007
0	11.1866
0	3.74017
0	107.602
1	127.58
0	29.0807
0	9.95203
0	36.8893
0	15.7433
0	98.0194
1	180.906
0	34.5122
0	35.1963
0	10.2341
0	306.35
0	16.3814
0	15.3975
0	109.375
0	4.45974
0	13.6013
0	33.6853
0	20.1739
0	3.40214
1	99.4009
0	46.2455
0	15.5339
1	513.969
0	6.41131
0	358.439
0	14.1104
0	38.4278
0	1.32913
0	83.9748
0	23.2902
0	14.218
0	101.538
0	13.0863
0	2.84309
0	312.766
0	5.89378
0	60.3876
0	31.866
1	230.249
0	9.73384
0	24.2706
1	121.78
0	15.2376
0	2.75436
0	76.8599
0	62.8005
0	22.734
0	22.729
0	85.0868
0	37.9355
0	20.9667
1	126.966
0	56.1209
1	167.378
0	2.06973
0	1.44022
0	112.183
0	56.1654
0	373.973
0	3.67909
0	9.68477
0	0.906342
0	64.0737
0	21.5851
0	9.38608
0	109.847
0	20.8556
0	15.9774
0	13.1162
0	308.418
1	80.608
0	0.565307
0	15.2972
0	74.971
0	15.4074
0	40.8366
0	5.24888
0	8.20188
0	79.9606
0	32.8212
0	3.67326
0	54.4807
0	39.0767
0	6.82703
0	34.6149
0	21.4278
0	317.044
0	89.7353
0	54.6375
0	8.25079
0	3.53694
0	22.9524
0	60.114
0	32.3754
0	23.2236
0	72.8994
0	55.5507
0	17.0656
0	284.346
0	11.3245
0	47.6045
0	4.27163
0	47.6245
0	222.493
0	7.777
0	23.4963
0	20.7185
0	126.393
0	164.466
0	32.9859
0	132.372
0	64.8763
0	9.34362
0	67.2606
0	0.495678
0	13.9226
1	138.485
1	133.652
0	1.42731
0	70.7395
0	11.6992
0	4.56388
0	10.1927
0	30.9737
1	223.916
0	453.854
0	22.0981
0	24.5483
0	81.6554
0	73.5564
0	291.905
0	76.7353
0	12.1744
0	167.478
0	44.4029
0	26.411
1	296.882
0	36.8445
0	1.51418
0	13.7087
0	72.9926
0	105.058
0	155.554
0	11.5128
0	106.742
0	182.008
0	50.6873
0	68.6134
0	18.0216
0	8.22312
0	64.0887
0	15.7803
0	3.01952
0	25.1538
1	89.4941
0	120.931
0	45.0091
0	4.01824
0	105.694
0	9.64435
0	291.517
0	63.6668
0	31.6948
0	15.7605
0	20.8099
0	15.8438
0	150.072
0	29.5617
0	18.4035
0	11.1399
0	46.8182
1	144.682
0	122.704
0	28.2415
1	88.6161
0	94.9274
0	13.813
0	11.408
0	13.0843
0	15.7204
0	1.00601
0	143.505
0	1.02844
0	21.7347
0	136.477
0	17.7056
0	14.0042
1	136.437
0	29.6312
0	66.6926
0	81.0515
0	3.05479
0	1.00479
0	46.1038
0	87.1992
0	7.71839
0	53.6555
0	8.65456
0	7.14926
0	39.3063
0	55.1887
0	33.5383
0	34.919
0	25.9323
0	1.36852
0	28.4714
1	372.733
0	274.979
0	8.64022
0	35.8907
0	163.267
0	34.5899
1	212.323
0	22.5253
0	10.0611
0	5.03566
0	125.738
0	36.7194
0	81.2178
0	40.9537
0	113.115
0	13.6844
0	27.6183
0	75.8461
0	34.1513
0	3.35292
0	40.8792
0	29.7448
1	28.9007
0	83.3041
0	254.394
0	34.5438
0	33.4712
0	1.09559
0	36.3875
0	122.293
0	37.8254
0	3.58474
0	2.81979
0	239.457
1	222.562
0	186.454
0	50.344
0	122.338
0	55.7117
0	65.107
0	44.7206
0	22.4018
0	18.13
0	1.88802
0	33.6609
0	331.155
0	55.079
0	120.936
0	72.3528
0	13.6421
0	16.1274
1	52.1418
0	57.6619
1	307.379
0	2.92016
0	281.867
0	139.459
0	49.8952
0	234.723
0	12.6933
0	7.26246
0	92.3099
0	311.478
0	5.7741
0	28.1949
0	10.2748
0	47.9493
0	1.4348
0	6.88512
1	193.976
0	2.25634
0	36.0804
0	106.679
0	209.991
0	41.2943
0	167.179
0	15.7584
0	7.95096
0	55.7258
0	352.559
1	54.2389
0	40.0934
0	9.7826
0	6.48614
0	157.383
0	8.04582
0	71.2529
0	249.292
0	87.6515
0	66.2534
0	25.022
0	7.63632
0	47.7893
0	23.3896
0	38.2144
0	9.64757
0	69.3667
0	50.8191
0	31.0793
1	175.359
0	17.861
0	31.3024
0	1.07729
0	12.6059
0	24.6805
0	122.309
0	204.739
0	0.781967
0	305.166
0	406.893
0	243.856
0	5.70695
0	172.612
0	24.4784
0	19.3333
0	87.7122
0	115.192
0	17.7852
0	22.7214
0	50.8435
0	402.501
0	18.8737
0	144.446
0	9.28112
0	40.5773
0	22.2798
0	30.0944
0	114.873
0	21.827
0	2.14309
0	23.471
0	130.399
0	184.555
0	407.656
0	131.109
0	34.0739
0	5.96877
0	119.474
0	8.041
0	25.6694
0	116.08
0	228.984
0	56.0967
1	68.7684
0	47.8125
1	114.07
0	13.4429
0	23.0299
0	39.7689
0	75.8647
0	23.2615
0	175.278
0	8.93867
0	16.7602
0	47.8688
0	20.2981
0	82.011
0	7.01708
0	20.0511
0	15.8629
0	17.0033
0	55.4094
0	95.9515
0	4.21971
0	10.7087
0	58.3081
0	136.635
0	17.2239
0	66.94
0	13.1876
1	116.038
0	2.25741
0	161.118
0	69.5399
0	25.4796
0	34.936
0	12.0976
0	0.622303
0	52.7014
0	60.3313
0	18.5959
0	33.237
0	24.6274
0	57.1257
0	11.05
0	431.523
0	9.37873
0	39.0727
0	46.6539
0	144.384
0	88.8027
0	74.0934
0	56.2368
1	199.389
0	51.8732
0	5.2531
0	57.903
0	43.3031
0	133.142
0	3.43481
0	2.95542
0	23.3742
0	65.5151
0	222.068
0	20.603
1	255.682
1	79.478
0	61.6028
0	15.7745
0	28.9573
0	85.6369
0	8.74904
0	72.3015
0	34.8103
0	76.1706
0	17.6634
0	8.3094
0	42.9095
0	27.1719
0	54.8936
0	84.7953
0	6.93084
0	14.157
1	272.241
0	381.395
0	54.6932
0	7.17822
0	2.9107
0	85.2902
0	6.96209
0	28.4671
0	5.24778
0	31.4558
0	28.941
0	73.057
0	21.7976
0	90.0731
1	158.319
0	7.72276
0	301.914
0	116.737
0	14.1437
0	41.5491
0	27.291
0	24.4202
0	7.57455
1	104.403
0	4.55287
0	121.513
1	231.251
0	137.266
0	48.0414
0	80.8099
0	2.02715
0	4.82328
0	28.8782
0	1.39986
0	2.89141
0	274.902
1	40.0918
1	86.8657
0	0.0661279
0	21.8434
1	146.179
0	87.6669
0	245.811
0	2.68963
0	46.0587
0	877.862
0	29.265
0	8.518
0	16.4799
0	60.8426
0	134.434
0	42.9252
1	187.71
0	45.9099
0	0.401144
1	322.182
0	58.9147
0	34.8195
0	7.55225
0	27.5135
0	12.357
0	43.7178
0	2.03957
0	32.9758
0	200.939
0	49.3073
1	72.0398
0	189.063
0	111.998
0	0.0843553
0	24.134
0	40.6724
0	225.41
0	12.1704
0	2.26878
0	85.456
0	76.532
0	2.13894
0	157.664
0	10.297
0	64.9382
0	114.386
0	43.1259
0	8.78423
0	226.128
0	36.9008
1	140.235
0	4.69896
0	60.2801
0	11.8995
0	12.4733
0	48.5122
0	14.3066
0	295.894
0	28.3994
0	68.7678
0	8.2091
0	32.4517
0	67.9513
0	16.8671
0	8.13198
0	58.0765
0	22.8681
0	3.64075
0	0.975502
0	27.5619
0	4.63876
0	6.20695
0	21.8302
0	11.8071
0	148.034
0	7.5336
0	23.3194
0	17.6039
0	26.5898
0	108.102
0	17.9105
0	15.0516
0	52.6022
0	32.9854
0	23.3153
1	186.318
1	36.8469
0	24.4952
1	111.928
0	7.0457
0	14.1354
0	64.0824
0	311.907
0	231.467
0	31.6874
0	12.5806
0	44.4169
0	31.5106
1	136.431
0	9.88953
0	12.5234
0	47.2727
0	12.6307
0	24.9915
0	154.848
0	9.47896
0	19.5005
0	524.554
0	94.6606
0	22.6329
0	1.60214
0	13.5505
0	71.3314
0	0.031684
0	48.1139
0	48.4612
1	129.772
0	180.229
0	50.4504
0	20.0223
0	120.509
0	31.0191
0	0.222335
0	7.74747
0	67.6092
0	12.9572
0	6.55226
0	51.8246
0	10.553
0	22.0848
0	50.5401
0	82.0394
0	62.9767
0	0.592499
0	9.6197
0	27.3643
0	7.17646
0	15.2007
0	137.368
0	17.6177
1	67.7886
0	54.8694
0	14.9899
0	5.50347
0	268.981
0	167.418
0	53.4716
0	0.841199
0	9.46432
0	83.5462
0	54.8659
0	240.484
0	74.3787
0	67.5225
0	88.3437
0	9.41944
0	36.7888
0	29.9129
0	11.8622
1	139.976
0	1.3792
1	94.3482
0	52.7291
0	9.02724
0	58.4013
0	2.56251
1	189.051
0	2.29428
0	13.1033
0	1.3252
0	12.2847
0	64.7304
0	20.9013
0	207.441
0	42.5125
0	1.43483
0	7.00514
0	12.6201
0	27.5792
0	125.133
0	14.5958
0	59.0384
0	121.877
0	5.81559
0	80.3208
0	0.770902
0	26.6977
0	8.73202
1	461.768
0	112.519
0	48.0098
0	33.1428
0	59.8128
0	346.864
0	20.7019
0	1.23698
0	128.175
0	121.992
1	138.63
0	127.904
0	175.158
0	25.6571
0	196.577
0	66.3957
0	7.23617
0	24.2556
0	27.5439
0	35.4221
0	16.0669
0	33.2618
0	22.7075
0	14.2591
0	16.0165
0	79.1723
0	1.94702
0	221.805
1	230.136
0	29.8761
0	35.1195
0	34.5521
0	182.728
0	68.2831
0	4.98602
0	56.5509
0	88.1226
1	278.854
0	86.6378
0	53.4132
0	89.7745
0	119.093
0	54.324
0	51.816
0	22.0368
0	43.1579
0	18.0822
0	13.2083
0	18.2116
0	49.4324
0	23.4314
0	257.429
0	58.6946
0	123.547
0	5.56481
1	150.337
0	2.11478
1	69.4348
0	185.158
0	35.1892
0	37.4408
0	10.3099
1	347.539
0	38.9167
0	6.89712
0	148.267
0	52.1835
0	78.7516
0	11.955
0	15.2761
0	0.689167
0	30.6031
1	82.8806
0	1.16062
0	21.4036
0	57.1027
0	30.9168
0	14.4051
1	195.316
0	183.014
0	80.2011
0	3.09791
0	118.13
1	94.2969
0	22.1904
0	7.43341
0	48.2394
0	59.2988
0	21.9178
1	64.0835
0	30.8066
0	46.3851
0	32.9538
0	156.892
0	2.78582
0	176.351
0	4.06641
0	162.698
0	22.2674
0	4.49426
0	130.64
0	88.1443
0	11.3128
0	27.8988
0	15.313
0	6.12901
0	37.0341
0	21.0772
0	19.4958
0	36.1484
1	187.082
1	232.835
0	3.73758
0	179.717
0	171.964
0	40.2112
0	3.51317
0	0.967522
0	450.375
0	137.479
0	0.742053
0	40.0225
0	6.13205
0	18.3766
0	147.913
0	35.4196
0	492.655
0	79.2679
0	63.3941
0	73.85
0	8.73476
0	12.457
0	12.4075
0	3.49067
0	176.523
0	59.2736
0	33.0803
0	56.6461
0	62.4733
0	30.3369
0	313.606
0	3.25456
0	17.0318
1	207.513
0	40.1826
0	79.3533
0	24.6746
0	55.8499
0	123.543
0	66.5439
1	123.315
0	13.579
0	91.6122
0	60.4213
0	401.166
0	9.11028
0	86.1467
0	79.1642
0	20.8381
0	4.17501
0	117.438
0	325.43
0	8.04154
0	4.74601
0	11.6847
0	50.2609
0	32.6602
0	274.558
0	9.54854
0	102.526
0	45.3386
0	63.6002
0	30.5502
0	33.7845
0	5.14594
0	47.1426
0	320.619
1	492.843
0	20.0495
0	57.5459
0	327.395
0	293.59
1	48.273
0	213.944
0	3.72059
0	50.8596
0	34.6291
0	28.6005
0	8.45473
1	348.272
0	59.6269
0	16.9552
0	169.494
0	51.4224
0	89.0724
0	28.7
0	28.8703
0	20.0891
0	165.536
0	424.635
0	45.835
0	60.2182
1	84.0022
