10000	10	9900	0.00208333
0.025641	24.614	45538.6	0.459207	3.16228e-05
1	202.691
1	154.802
1	182.311
1	132.181
1	239.996
1	49.4363
1	90.8475
0	13.6109
1	120.219
1	93.7721
1	94.7726
1	68.1889
1	107.603
0	1.85359
1	153.004
1	131.92
1	146.926
1	84.4984
1	99.0238
1	149.542
1	110.372
1	65.2272
1	154.733
1	82.4094
1	75.2649
1	127.022
1	119.688
1	147.58
0	30.7673
1	108.271
1	85.5412
1	224.426
1	77.9511
1	126.892
1	121.684
1	144.266
1	142.081
1	105.884
1	104.699
1	76.4327
1	111.137
1	85.1406
1	120.554
0	6.02344
1	199.613
0	32.5464
0	47.2149
1	117.819
1	96.9903
1	173.359
1	84.5573
1	71.4365
1	114.078
1	140.649
1	202.055
1	154.429
1	122.735
1	64.5884
1	161.362
1	264.982
1	92.5179
1	63.3942
1	61.3293
1	104.235
1	130.008
1	115.365
1	62.017
0	18.8949
1	110.246
1	77.7727
1	64.2743
1	73.088
1	169.042
1	114.14
1	96.8005
1	125.147
1	155.35
1	97.8448
1	94.6921
1	119.76
1	105.493
1	53.438
1	60.8081
0	5.98412
1	116.568
1	86.2135
1	101.881
1	99.4986
1	120.093
1	83.7958
1	215.856
1	84.9958
1	117.554
1	58.4894
1	82.2124
1	138.208
1	83.5616
0	29.1715
1	43.8288
1	199.494
1	70.2529
1	98.7596
0	126.254
1	66.4758
1	121.292
1	102.985
1	161.309
1	246.453
1	89.2033
1	66.7947
0	29.3975
1	87.7227
1	224.895
1	93.1116
1	97.5552
1	177.267
1	146.816
1	116.295
1	99.7271
1	111.26
1	111.355
0	13.2864
1	178.389
1	69.1933
1	163.812
1	83.3046
1	102.709
1	118.136
1	74.4266
1	82.9737
1	42.4425
1	157.508
1	105.426
1	58.0931
1	78.6814
1	138.129
1	193.909
1	214.521
1	139.931
1	62.4807
1	112.258
1	103.414
1	107.796
1	124.959
1	88.2436
1	80.1759
1	40.6591
1	148.769
1	149.529
1	107.863
1	188.514
1	65.9205
1	110.587
1	154.666
1	74.4346
1	91.3879
0	5.86412
1	127.84
1	116.227
1	113.099
1	154.463
1	78.2643
1	53.5659
1	97.1589
1	182.771
1	121.76
1	202.442
1	70.211
1	158.622
1	92.269
1	49.7877
1	83.9014
1	127.037
1	139.822
1	101.399
1	77.1299
1	164.669
1	74.7214
1	126.259
1	79.1915
0	25.3147
1	165.741
1	158.707
1	84.1225
1	79.432
1	115.048
1	130.167
1	65.9098
1	88.9795
1	61.8879
1	78.6376
1	198.017
1	143.759
1	79.9335
1	130.832
1	141.324
1	137.796
1	137.742
1	52.0715
1	181.953
1	114.966
1	64.6562
1	138.543
1	30.1211
1	228.371
1	164.261
1	64.9178
1	71.7363
1	74.4298
1	103.644
1	100.539
1	90.1539
1	171.357
1	62.3634
1	84.8526
1	141.074
1	123.919
1	75.1166
1	94.6493
1	135.238
1	215.597
1	169.442
1	120.424
1	86.4592
1	67.5903
1	55.0567
1	104.439
1	110.559
1	78.062
0	16.8551
1	77.2479
1	80.1018
1	76.5989
0	28.5206
1	94.8479
1	96.161
1	90.3222
1	59.7553
1	83.8974
1	157.691
0	29.6978
1	80.7497
1	63.7218
1	67.9593
1	123.86
1	138.314
1	96.6052
1	183.478
1	106.861
1	84.2656
1	160.491
1	85.9269
1	123.519
1	76.7528
1	70.5617
1	274.593
1	73.2936
1	79.2824
1	119.002
1	112.004
1	93.0902
1	62.213
1	73.6757
1	46.7588
1	70.3128
1	215.594
1	58.277
1	103.142
1	81.3772
1	120.053
1	112.119
1	94.485
1	82.7877
1	80.5459
1	67.8553
1	112.876
1	158.099
1	150.692
0	10.5458
1	85.6169
1	60.5883
1	77.1346
1	103.518
1	129.29
0	16.9654
1	85.1847
1	132.121
1	206.568
1	65.1173
1	56.1369
1	140.966
1	78.3908
1	183.442
1	149.492
1	136.806
1	66.4868
1	54.3555
1	103.04
1	271.092
1	219.677
1	78.9129
1	98.8998
1	91.9127
1	99.573
1	124.186
1	100.18
1	135.44
1	166.828
1	85.1962
1	82.86
1	152.725
1	135.669
1	173.158
0	35.8437
1	69.8877
1	47.5248
1	181.743
1	89.2262
1	74.3586
1	56.2182
1	107.477
1	231.222
1	85.6469
0	0.678053
1	57.9007
1	114.906
1	54.3943
1	135.576
1	96.5658
1	87.3655
1	104.032
1	75.1731
1	250.733
1	149.724
1	113.551
1	133.766
1	73.8868
1	108.747
1	109.108
1	75.4257
1	214.563
1	176.928
1	126.931
1	246.139
1	106.35
1	150.574
1	91.3599
0	20.8965
1	159.584
1	169.239
1	104.129
1	92.5854
1	49.3253
1	220.05
1	113.016
1	122.046
1	88.9694
1	178.548
1	42.9118
1	89.2889
1	56.9187
1	104.977
1	176.8
1	92.4427
1	93.5995
0	18.033
1	56.3728
1	99.8925
1	57.2879
1	113.976
1	53.7995
1	99.5742
1	49.3599
1	103.058
1	78.35
1	76.2388
1	68.2426
1	195.493
1	55.0202
1	94.9694
1	119.78
1	141.433
1	134.422
1	123.438
1	138.186
1	101.463
1	83.2379
1	115.019
1	59.3715
1	109.706
1	77.8714
1	112.545
1	70.394
1	79.2768
1	105.401
1	101.932
1	98.7633
1	65.1107
1	86.9732
0	18.9167
1	97.5712
1	61.7631
1	161.656
1	107.874
1	52.8772
1	103.665
1	106.19
1	161.772
1	96.7121
1	147.134
1	255.097
1	171.732
1	190.916
1	112.144
1	104.492
1	146.568
1	96.4507
1	166.332
1	83.0645
1	111.577
1	95.7501
1	176.11
1	90.2491
0	11.4243
1	107.713
1	102.652
1	84.9376
1	96.3459
1	91.1784
1	133.982
1	129.146
1	145.517
1	83.6714
1	49.222
1	132.666
1	94.7917
1	114.271
1	101.111
1	185.235
1	122.486
1	121.625
1	81.1446
0	6.26656
1	100.294
1	45.0814
1	88.0472
1	133.814
1	116.475
1	120.804
1	168.761
1	73.178
1	210.427
1	54.3262
1	93.1998
1	98.6409
1	98.6977
1	155.429
1	66.6346
1	128.079
1	55.0007
1	168.31
1	212.121
1	111.571
1	118.897
1	149.5
1	66.9384
1	86.6369
1	130.185
1	147.472
1	76.7562
1	150.96
1	68.9125
1	92.6308
1	103.669
1	93.9201
1	81.6375
1	85.4738
1	103.952
1	85.1263
1	72.3811
1	116.425
1	83.031
1	57.7767
1	135.906
1	77.0036
1	88.5033
0	12.2068
1	83.1787
1	78.724
1	69.3801
1	70.544
1	74.0195
1	93.4931
1	70.8284
1	53.3654
1	171.329
1	147.889
1	61.8809
1	85.6989
1	98.852
1	101.594
1	80.1801
1	228.071
1	293.913
1	114.646
0	88.1317
1	324.751
1	129.442
1	165.547
1	95.3351
1	104.482
1	145.227
1	137.451
1	57.7621
1	60.6657
1	79.1026
0	34.7576
1	81.9159
1	124.532
1	114.688
1	93.8257
1	148.766
1	84.9317
1	140.194
1	73.1509
1	65.7001
0	1.94202
1	146.266
1	61.281
1	69.1913
1	45.6791
1	70.6678
1	67.0723
1	75.5729
1	61.23
1	165.1
1	40.1493
0	37.9241
1	72.1764
1	52.2647
1	108.315
1	91.73
0	104.058
0	49.7447
1	110.149
1	76.929
1	100.712
1	118.557
1	97.8664
1	140.733
1	156.41
1	103.055
1	170.139
1	135.646
1	90.8064
1	430.204
1	187.795
1	81.1571
1	100.802
1	177.846
1	154.796
1	86.7794
1	80.5951
1	112.335
1	159.428
0	64.634
1	51.6306
1	47.9144
1	117.445
1	194.493
1	68.6216
1	79.007
1	151.472
1	93.2696
1	147.178
1	164.319
1	105.723
1	171.908
1	65.0924
1	192.928
1	199.983
1	128.995
1	95.6559
1	86.9979
1	64.8915
1	175.942
1	141.134
1	98.2875
1	63.2766
1	230.98
1	49.725
1	160.674
1	114.568
1	92.6904
1	123.522
1	91.3265
1	55.1268
1	29.3749
1	138.727
1	118.228
1	76.7096
1	137.632
1	126.54
0	5.30205
1	74.4758
1	131.19
1	47.9224
1	92.0725
0	132.539
1	131.698
1	111.621
1	147.343
1	119.827
1	75.8526
1	75.3222
1	122.435
1	169.873
1	31.4516
1	209.783
1	85.5289
1	85.2656
1	102.802
1	96.2984
1	301.112
1	116.786
1	97.2256
1	256.669
1	89.9679
1	128.24
1	110.24
1	97.2559
1	108.042
1	234.087
1	61.5155
1	113.512
1	132.723
1	93.1942
1	169.096
1	136.57
1	114.124
1	56.1192
1	62.4405
1	145.891
1	60.3433
1	190.837
1	52.1092
1	77.0746
1	181.339
1	65.9845
1	142.806
1	53.7001
1	263.582
1	156.012
1	84.3949
1	87.648
1	101.044
1	55.7225
1	88.811
1	104.948
1	61.514
1	80.6343
1	93.7638
1	121.121
1	136.174
1	57.7333
1	81.093
1	103.196
1	118.939
1	95.3233
1	133.878
1	90.8298
1	99.7939
1	72.2946
1	102.451
1	85.4816
1	99.6318
1	53.8976
1	61.1146
1	93.4705
1	72.5965
1	94.3826
1	79.6855
1	108.106
1	85.275
1	65.1254
1	96.6926
1	127.156
0	0.500464
1	89.2488
1	148.861
1	52.2637
1	73.9074
1	140.117
1	118.206
1	45.8184
0	5.31797
0	14.1494
1	56.9266
1	96.261
1	132.065
1	146.571
1	54.7114
1	122.597
1	95.6806
1	156.262
1	58.0081
1	201.271
1	138.18
1	64.777
1	78.121
1	147.805
1	117.053
1	65.6951
0	0.208338
1	44.9368
1	222.893
1	197.684
1	92.2949
1	78.8362
1	60.8554
1	95.5333
1	213.212
1	80.1563
1	46.2747
1	131.114
1	76.3047
1	181.297
1	102.336
1	87.2724
1	178.236
1	99.4783
1	230.921
1	73.779
1	80.9303
1	124.475
1	63.7383
1	45.684
1	120.999
0	278.267
1	136.387
1	172.75
1	143.144
1	125.972
1	63.133
1	83.1324
1	115.933
1	66.3969
1	106.833
1	84.2185
1	71.6248
1	47.2783
1	52.7033
1	116.577
1	119.691
1	141.997
0	23.7828
1	79.0367
1	111.53
1	22.8072
1	173.646
1	78.2347
1	135.566
1	159.819
1	104.761
1	255.574
1	99.536
1	165.099
1	156.025
1	101.597
1	78.5617
0	12.9665
1	57.1534
1	43.7571
1	140.498
1	148.494
1	55.4462
1	78.0739
1	69.9606
1	200.039
1	190.51
1	169.378
1	68.6497
1	123.289
1	124.85
1	135.228
1	88.0905
1	88.1681
1	163.559
1	45.5318
1	105.04
1	49.5807
1	115.428
1	121.918
1	128.547
1	116.105
1	115.48
1	49.2578
1	79.4396
1	181.212
1	179.524
1	116.446
1	79.4272
0	32.9746
1	53.6493
1	198.209
1	89.3194
1	61.7138
1	137.077
1	166.187
1	129.434
1	75.5483
1	61.8981
1	40.1309
1	105.787
1	140.275
1	86.8726
1	83.0478
1	53.9045
1	97.3302
0	63.7136
1	89.9172
1	82.1685
1	118.856
1	94.2906
1	82.6115
1	149.406
1	178.425
1	78.037
1	114.721
1	114.687
1	106.733
1	78.1505
1	90.4855
1	220.11
1	75.0331
1	143.622
1	165.078
1	129.718
1	204.413
1	95.6245
1	66.8813
1	135.938
1	70.4755
1	184.298
1	38.1965
1	105.277
1	109.193
1	58.8482
1	126.24
1	106.604
1	133.788
1	141.995
1	53.875
1	113.122
1	78.5782
1	41.6804
1	171.39
1	134.081
1	154.506
1	96.8901
1	157.554
1	379.953
1	83.7873
1	110.388
1	89.9981
1	32.4537
0	57.5748
1	53.1928
1	76.8135
0	65.4745
1	80.4533
1	34.1227
1	130.986
1	100.172
1	154.323
1	67.1503
1	72.0166
1	72.6023
1	52.4721
1	127.739
1	135.243
1	47.902
1	62.3186
1	133.3
1	204.2
1	191.523
1	86.0217
1	83.9563
1	221.691
1	82.2296
1	70.0124
1	109.358
1	81.2121
1	106.277
1	99.7377
1	80.6274
1	121.322
1	126.141
1	253.44
1	112.454
1	46.1376
0	20.4357
1	74.1233
1	116.711
1	113.826
1	162.378
0	51.0836
1	52.9298
1	162.254
1	108.061
1	95.8302
1	67.6961
1	163.549
1	66.5033
1	128.927
1	163.106
1	124.646
1	122.408
1	55.7648
1	91.6178
1	147.173
1	677.574
1	172.363
1	67.7593
1	62.4769
1	119.217
1	185.475
0	14.2281
1	75.4787
1	196.343
1	136.879
1	93.2295
0	9.15796
1	126.577
1	89.6566
1	77.0524
0	67.2655
1	138.381
1	110.456
1	77.8881
1	72.6748
1	147.823
1	152.192
1	163.54
1	51.0258
1	154.999
1	106.33
1	88.015
1	87.0401
1	117.169
1	270.395
1	65.1554
1	195.539
1	201.99
1	63.8586
1	211.636
1	116.872
1	216.709
1	92.8568
1	114.909
1	133.609
1	149.791
1	157.557
1	95.3
1	140.097
1	49.6033
1	55.999
1	71.8199
1	67.1575
1	91.191
1	130.367
1	150.635
1	105.993
1	169.745
1	96.6677
1	151.966
1	32.3694
1	57.831
1	119.153
1	75.8538
1	97.6821
1	68.5394
1	207.719
1	69.9816
1	88.8702
1	108.162
1	122.66
1	161.81
1	112.061
1	135.956
1	117.002
1	76.2224
1	78.942
1	87.2228
1	118.653
1	116.902
1	45.6688
1	67.894
1	264.435
1	214.764
1	118.366
1	112.489
1	94.2322
1	123.789
1	114.156
1	138.888
1	70.7418
1	66.7669
1	79.3984
0	5.89238
1	87.3179
0	15.6818
1	133.469
1	99.6826
1	109.303
1	84.3929
1	63.1714
1	119.223
1	87.6069
1	62.0682
1	120.501
1	118.148
1	128.742
1	102.951
1	61.6439
1	117.657
1	103.426
1	148.049
1	117.096
0	49.0146
1	142.512
1	65.7806
1	104.22
1	174.795
1	109.365
1	127.442
1	122.533
1	127.387
1	146.148
1	87.6755
1	131.211
1	160.333
1	84.7987
1	157.926
1	172.98
1	148.453
1	26.4802
1	99.1144
1	33.2088
1	118.334
1	13.051
1	119.299
1	119.405
1	140.063
1	171.137
1	31.7834
1	61.9757
1	120.459
1	58.6193
1	126.973
1	136.827
1	190.024
1	126.848
1	76.8429
1	162.373
0	2.14619
1	80.4169
1	41.0417
1	140.045
1	64.544
1	83.2846
1	125.836
1	130.54
1	111.136
1	67.3506
1	133.701
1	67.7694
1	202.799
1	103.15
1	42.123
1	123.413
1	81.3055
1	173.892
1	63.2431
1	65.4719
1	63.4745
1	53.1661
1	240.558
1	77.5
1	210.736
1	184.246
1	89.9105
0	95.4914
1	256.591
1	71.0192
1	71.8126
1	137.692
1	55.7543
1	55.3398
1	117.191
1	156.891
1	96.4713
1	188.773
1	133.721
1	107.723
1	58.1977
1	78.7999
1	73.017
1	154.347
1	101.683
1	181.558
1	86.6713
1	126.812
0	24.0113
1	100.178
1	73.0403
1	73.5908
1	146.007
1	97.0719
1	145.692
1	98.795
1	97.5214
1	76.9586
1	153.274
1	98.0288
1	115.669
1	121.469
1	58.7575
1	142.252
1	265.556
1	83.4412
1	142.855
1	101.275
1	167.714
1	151.125
1	78.2442
1	136.276
1	155.934
1	126.474
1	161.945
1	111.733
1	193.664
1	74.043
1	179.148
1	146.046
1	101.642
1	102.566
1	31.3057
1	119.114
1	185.48
1	140.6
1	190.244
0	27.6323
1	93.8297
1	94.1533
1	160.902
1	73.8128
1	36.6973
1	50.5053
1	95.5897
1	70.542
1	55.8141
1	122.929
1	168.129
1	47.3383
1	238.302
1	73.0437
1	105.415
1	283.802
1	72.8963
1	78.1773
1	159.758
1	78.3109
1	80.3128
1	89.0758
1	64.4304
1	134.249
1	149.634
1	118.904
1	163.648
1	190.599
1	100.563
1	70.5149
1	134.045
1	81.5297
1	70.5172
1	64.4591
1	130.827
1	117.281
1	116.152
1	158.601
1	133.8
1	73.9928
1	150.538
1	104.385
1	111.658
1	194.391
1	36.6042
1	92.6011
1	122.011
1	114.972
1	134.647
1	85.7467
1	101.859
1	139.359
1	43.5213
0	5.66059
1	42.5419
1	61.2658
0	9.55255
1	131.553
1	110.62
1	90.4892
1	91.1248
1	90.3778
1	56.8404
1	104.783
1	102.874
1	93.9997
1	100.696
1	91.2648
1	101.257
1	160.451
1	179.387
1	76.4604
1	158.619
1	75.4019
1	177.908
1	139.044
1	67.5062
1	49.2782
1	117.536
1	69.8238
1	100.818
1	107.451
1	41.1161
1	136.937
1	141.377
1	81.6821
1	110.731
1	81.9038
1	78.2174
0	85.1148
1	66.0353
1	125.775
1	234.816
1	108.314
1	159.985
1	71.1673
1	72.5252
1	123.567
1	114.979
1	121.541
1	82.6704
1	73.7215
1	118.355
1	68.7703
1	46.5707
1	46.5064
1	303.608
1	63.8276
1	59.9306
1	62.0918
1	158.809
1	74.8036
1	110.847
1	74.6731
1	26.5309
1	124.497
1	134.242
1	138.922
1	107.239
1	129.764
1	133.897
1	88.054
1	79.6648
1	164.774
1	108.535
1	52.9114
1	77.7763
1	117.931
1	267.814
1	54.7404
1	129.684
1	33.1702
1	56.0509
1	168.496
1	92.5717
1	185.431
1	186.274
1	72.1417
1	120.992
1	99.376
1	143.383
1	175.314
1	58.7165
1	113.087
1	184.286
1	82.4572
1	128.347
1	189.91
1	111.765
1	34.9774
0	10.3149
1	109.132
1	134.138
1	73.3617
1	109.922
1	115.238
1	141.828
1	79.5041
1	204.922
1	63.3924
1	106.894
1	114.176
1	85.4295
1	116.779
1	63.5289
1	233.95
1	101.472
1	166.744
0	1.76056e-06
1	123.148
1	39.6429
1	53.9713
1	113.731
1	94.4262
1	73.1081
1	84.217
1	94.2462
1	167.098
1	189.317
1	90.9588
1	156.455
1	172.094
1	143.704
1	69.0586
1	39.5563
1	86.3236
1	136.212
1	76.0745
1	114.494
1	66.9575
1	96.8049
1	37.5752
1	115.963
1	224.324
1	105.091
1	87.75
1	39.6031
1	122.188
1	84.6822
0	2.40919
1	62.5172
1	37.1546
1	99.0559
1	94.5105
1	190.872
1	64.8075
1	60.2893
0	7.41244
1	116.45
1	54.4584
1	85.1835
1	119.244
1	117.367
1	127.281
1	234.117
0	31.628
1	152.488
1	78.906
1	73.7125
1	96.3325
1	110.156
1	246.424
1	28.5653
1	98.5068
1	88.1976
1	106.051
1	120.53
1	90.3285
1	66.2967
1	131.694
1	66.2815
1	68.5264
1	56.7333
1	146.54
1	97.3232
1	116.556
1	141.836
1	164.427
1	119.903
1	109.209
1	84.5967
1	199.429
1	183.691
1	99.4716
1	128.517
1	82.2538
1	107.238
1	52.9192
1	128.834
1	86.3884
1	66.4306
1	134.693
1	89.4661
1	73.7874
1	128.568
1	166.828
1	129.513
1	79.7354
1	123.199
1	139.437
1	169.849
0	72.4413
1	87.649
1	122.199
0	36.9774
1	91.2119
1	90.9154
1	129.928
1	98.2333
1	202.979
1	79.39
1	130.273
1	87.5161
1	125.785
1	47.25
1	113.345
1	78.4861
1	57.4187
1	172.736
1	113.062
1	89.2298
1	134.051
1	113.599
1	72.6012
1	102.722
1	76.761
1	81.5746
1	26.6739
1	59.2362
1	129.199
1	92.0253
1	98.2318
1	40.7339
1	147.121
1	113.762
1	69.9926
0	8.18493
1	65.8605
1	173.692
1	273.312
1	121.597
1	157.715
1	162.503
1	54.6576
1	101.99
1	250.183
1	222.193
1	154.844
1	99.5542
1	108.317
1	136.99
1	201.051
1	74.4104
1	102.016
1	120.237
1	176.382
1	96.8783
1	126.407
1	136.666
1	89.0458
1	121.7
1	138.955
1	125.392
1	87.3219
1	103.449
1	176.239
1	55.7116
1	175.516
1	75.5345
1	93.0334
1	77.6803
1	95.1021
1	70.0191
1	160.129
1	108.419
1	156.768
1	135.911
1	164.948
1	166.332
1	153.319
1	63.6945
1	190.581
1	92.7298
1	86.2703
1	109.314
1	107.317
1	142.504
1	120.556
1	171.98
1	140.512
0	163.204
1	71.769
1	157.097
1	158.383
1	168.833
1	169.334
1	146.176
1	208.874
1	69.4854
1	73.333
1	141.964
1	187.824
1	134.203
1	64.83
1	61.6361
1	173.03
1	186.196
1	171.146
0	21.6492
1	48.0028
1	127.219
1	135.871
1	179.297
1	115.893
1	85.732
1	144.418
1	184.317
1	111.797
1	91.3994
1	85.0883
1	133.99
1	127.11
1	85.1014
1	123.041
0	0.780675
1	65.5304
0	18.0197
1	71.3775
1	213.628
1	58.0661
1	96.61
1	82.2469
1	113.03
1	102.713
1	117.363
1	150.83
1	73.2111
1	167.702
1	67.4479
0	13.4375
1	106.288
1	115.865
1	107.547
1	91.0005
1	75.0096
1	160.295
1	152.615
1	64.4859
1	52.5503
1	171.253
1	77.469
1	94.7252
1	158.205
1	140.431
1	162.263
1	46.9697
1	95.2489
1	35.925
1	117.277
1	69.7823
1	124.014
1	91.4291
1	141.531
1	91.2075
1	70.1898
1	130.084
1	67.3919
1	109.075
1	116.349
1	49.3271
1	133.416
1	104.482
1	96.1392
1	175.721
1	204.611
1	47.551
1	109.559
1	94.8647
1	101.798
1	149.695
1	119.403
1	121.785
1	265.785
1	62.4524
1	76.2516
1	157.85
1	134.489
1	97.5274
1	50.4609
1	101.999
1	105.479
1	99.8522
1	110.401
1	132.926
1	43.0028
1	193.285
1	55.4409
1	86.0987
0	121.494
1	176.845
1	80.1137
1	73.9651
1	41.8051
1	77.8553
1	97.7078
1	72.7128
1	58.7453
1	85.451
1	81.204
1	128.765
1	84.6892
1	134.693
1	117.381
1	89.0204
0	8.482
1	106.048
0	34.7764
1	91.8526
1	91.2662
1	328.192
1	55.923
1	95.2202
1	105.927
1	124.214
1	131.059
1	109.898
1	128.787
1	65.7633
1	80.7983
1	74.1511
1	132.302
1	167.99
1	87.3776
1	146.649
1	137.436
1	56.3822
1	75.0524
0	95.0333
1	114.462
1	59.7967
1	108.691
1	79.089
1	74.4505
1	121.467
1	75.502
1	58.6748
1	124.934
1	386.309
1	103.242
1	41.9547
1	170.986
1	39.5026
1	65.1868
1	43.1142
1	96.5545
1	147.873
1	92.4404
1	116.253
0	6.84933
1	141.012
1	174.536
1	98.2337
1	170.03
1	72.5313
1	48.0696
1	54.1905
1	96.0684
1	124.073
1	104.055
1	161.405
1	78.5474
1	252.811
1	67.689
0	161.544
1	86.6377
1	89.2809
1	117.298
1	114.942
1	138.574
1	90.9214
1	62.5899
1	87.8301
1	58.6375
1	381.228
1	154.026
1	161.527
1	104.016
0	13.2304
1	44.5779
1	133.96
1	65.6099
1	86.4744
1	139.867
1	60.9281
1	126.879
1	71.4932
1	119.275
1	45.9821
1	95.9501
1	72.115
1	107.169
1	155.689
1	108.701
1	105.91
1	131.266
1	71.6312
1	81.4543
1	73.5618
1	111.692
1	44.7656
1	208.801
1	134.75
1	65.0082
1	183.794
1	83.1905
1	53.1932
1	123.392
1	143.405
1	147.807
1	219.974
1	83.2726
1	31.0266
1	72.0383
1	201.425
1	221.437
1	35.0247
1	184.899
1	96.4732
1	293.119
1	102.712
1	220.826
1	87.927
1	197.712
1	106.078
1	172.541
1	92.9698
1	90.7404
1	94.8619
1	85.0847
1	128.163
1	71.1822
1	56.9242
1	95.26
1	93.421
1	176.199
1	99.7499
1	166.306
1	185.663
1	97.0819
1	91.9706
1	198.098
1	106.016
1	190.542
1	104.812
1	101.782
1	152.94
1	133.264
1	175.012
1	79.8821
1	107.829
1	101.024
1	70.9428
1	230.397
1	139.218
1	148.017
1	87.6152
1	145.205
1	94.1188
1	83.7169
1	112.674
1	87.5449
1	98.9243
1	64.5051
1	111.475
1	90.0894
1	265.344
1	169.019
1	86.8027
1	88.5813
1	140.697
1	86.5058
1	123.06
1	99.0005
1	53.2242
1	110.859
1	251.8
1	268.34
1	132.372
1	56.8624
1	89.9088
1	148.279
1	169.366
1	72.8908
1	213.379
1	77.2504
1	68.615
1	107.603
1	85.8085
1	85.5355
1	53.7361
0	137.67
1	72.5292
1	88.9462
1	72.5656
1	182.532
1	117.982
1	107.375
1	115.132
1	97.3804
1	157.581
1	100.973
1	42.579
1	38.1353
0	34.5088
1	85.8152
1	180.922
1	165.687
1	97.7935
1	161.809
1	111.925
1	117.902
1	50.1774
1	192.898
1	244.508
1	175.111
0	96.7435
1	125.215
1	90.9944
1	108.674
1	207.486
1	83.0072
1	94.3413
1	106.194
1	140.136
1	99.8769
1	258.463
1	159.046
1	174.265
1	170.348
1	56.4101
1	79.1931
1	116.108
1	60.7718
1	108.682
0	6.38952e-06
1	134.383
1	244.508
1	91.8806
0	68.6118
1	81.4642
1	101.573
1	112.351
1	128.131
1	179.459
1	143.48
1	73.342
1	86.9588
1	148.222
1	88.1036
1	267.271
1	95.6795
1	92.3481
1	68.2656
1	134.625
1	105.864
1	52.5582
1	49.7418
0	91.1471
1	130.735
1	70.4049
1	186.518
1	125.681
1	51.8608
1	183.924
1	56.3025
1	129.395
1	130.08
1	143.528
1	58.6553
1	305.482
1	112.48
1	99.984
1	108.875
1	42.7866
1	64.3305
1	104.317
1	112.526
1	122.556
1	120.909
1	61.8079
1	102.701
1	78.3754
1	57.9346
1	169.361
1	108.756
1	77.1426
1	75.7524
1	170.99
1	129.138
1	67.879
1	91.675
1	120.591
1	45.2138
1	184.054
1	177.788
1	92.3002
1	158.137
1	186.265
1	199.175
1	105.834
1	318.22
1	57.5608
1	115.076
1	60.924
1	65.5109
1	50.9076
1	119.122
1	116.787
1	107.116
1	235.277
1	124.526
1	108.939
1	159.599
1	112.112
1	231.171
1	53.7437
1	78.9297
1	87.7237
1	127.479
1	169.175
1	91.8883
1	60.9638
1	82.0749
1	67.4731
1	83.0418
1	191.072
1	42.4528
1	97.5021
1	116.292
1	61.3943
1	75.182
1	70.2214
1	77.6235
1	148.655
1	141.948
1	118.964
1	69.9933
1	138.069
1	92.3889
1	87.1285
1	58.8609
1	64.4599
1	78.9277
1	175.431
1	237.066
1	63.1166
1	32.0388
1	72.7749
1	163.283
1	94.0683
1	110.023
1	70.802
1	94.8924
1	132.717
1	50.7402
1	118.491
1	87.675
1	78.3016
1	82.6982
1	69.2626
1	86.4116
1	103.673
1	63.6002
1	131.731
0	14.2809
1	67.0892
1	116.146
1	63.7595
1	102.264
1	59.7336
1	120.534
1	73.1517
1	83.7308
1	111.571
1	162.534
1	65.0105
1	109.062
1	155.534
1	161.586
1	112.612
1	93.4053
1	99.8302
1	45.3108
1	134.814
1	54.3795
1	117.766
1	66.446
1	49.6437
0	32.0917
1	63.952
1	79.2356
1	119.627
1	150.987
1	239.78
1	79.7876
1	161.583
1	109.999
1	171.365
1	73.1853
1	186.291
1	210.049
1	69.724
1	60.0693
0	92.2368
1	126.526
1	37.1666
1	117.547
1	66.999
1	129.792
1	77.6348
1	30.2842
1	331.545
1	195.652
1	81.8472
1	58.1793
1	72.238
1	39.7182
1	94.5907
1	110.969
1	64.929
1	195.768
1	67.7449
1	86.1798
1	149.881
0	2.31131
1	55.027
1	116.007
1	88.3187
1	143.097
1	160.766
1	165.252
1	76.6319
1	186.791
1	99.8365
1	114.246
1	190.399
1	90.8465
1	110.121
1	125.679
1	297.735
1	82.156
1	93.5264
1	123.03
1	120.577
1	195.127
1	78.0557
1	60.7991
1	104.479
1	114.653
1	109.085
1	126.218
0	20.4865
1	157.392
1	119.661
1	83.8307
1	69.4723
1	157.97
1	84.1351
1	56.3768
1	84.421
1	104.8
1	121.541
1	101.611
0	20.4154
1	140.383
1	61.1523
1	227.293
1	128.342
1	152.102
1	54.423
0	9.44844
1	55.2574
1	54.7371
1	60.0832
1	142.443
1	105.56
1	96.4418
1	131.725
1	122.606
1	227.746
1	210.624
1	133.262
1	71.8687
1	149.107
1	101.28
1	114.461
1	147.569
1	47.4082
1	118.981
1	152.676
1	62.0807
1	79.5555
1	138.395
1	102.328
1	110.017
1	86.6501
1	71.5272
1	100.522
1	164.391
1	44.1924
1	94.853
1	89.0618
1	131.795
1	184.648
1	123.65
1	153.803
1	136.661
1	105.066
0	13.5066
1	56.8683
1	101.355
1	89.9327
1	123.132
0	35.3563
1	137.928
1	60.8118
1	200.72
0	104.448
1	203.62
1	42.7224
1	69.7529
1	76.1863
1	102.99
1	129.521
1	96.2506
1	144.39
1	112.031
1	231.38
1	52.798
1	76.0193
1	61.3075
1	145.254
1	105.842
1	43.7543
1	136.243
1	153.201
1	141.647
1	67.2957
1	91.5618
1	111.99
1	79.4438
1	132.567
1	150.869
1	87.3947
1	109.871
1	59.6242
1	120.495
1	198.827
1	103.802
1	143.34
0	23.4743
1	103.081
1	119.527
0	52.6862
1	112.647
1	96.5755
1	91.1227
1	71.1373
1	135.809
1	161.522
1	64.353
1	108.824
0	65.7063
1	199.929
1	184.583
0	8.80271
1	133.497
1	85.8879
1	63.5486
1	65.2328
1	66.4597
1	129.499
1	169.242
1	44.9071
1	63.197
1	188.763
1	140.836
1	174.404
1	75.4103
1	49.4679
1	76.03
1	47.5977
1	62.3726
1	116.983
1	99.7176
1	125.652
1	163.209
1	201.442
1	160.32
0	38.8314
1	53.5449
1	150.05
1	111.02
1	148.61
1	96.5365
1	93.473
1	145.179
1	71.0745
1	114.14
1	126.235
1	173.764
0	16.8188
1	65.825
1	127.799
1	116.618
1	72.524
1	133.619
1	120.772
1	138.838
1	166.383
1	59.5249
1	108.715
1	85.7015
1	221.04
1	107.322
1	83.0821
1	64.966
1	116.217
1	105.717
1	54.1292
1	88.6906
1	164.6
1	219.727
1	76.8036
1	78.1141
1	69.5424
1	188.619
1	131.598
1	77.9479
1	113.441
1	166.337
1	79.8198
1	74.8463
0	2.52496
1	78.2605
1	187.358
0	7.10206
1	124.142
1	136.937
1	199.582
0	105.901
1	121.467
1	96.7178
1	85.1861
1	120.163
1	103.124
1	135.931
1	56.8174
1	27.0724
1	72.8698
1	165.02
1	134.852
1	136.267
1	161.547
1	127.561
1	154.613
1	117.864
1	147.59
1	83.4668
1	69.1648
1	112.89
1	50.2042
1	159.216
1	62.9859
1	126.622
1	67.1332
1	78.7407
1	59.9365
1	96.7359
1	118.551
1	211.97
1	196.903
1	72.2207
1	137.393
1	65.2574
1	91.3589
1	166.249
1	157.023
1	367.744
1	80.7292
1	109.75
1	143.565
1	130.661
1	69.8068
1	153.48
1	83.1153
1	61.6375
1	181.299
1	101.416
1	81.1238
1	79.2871
1	166.453
1	154.035
1	100.383
1	187.783
1	49.3043
1	77.6416
1	68.5924
1	138.517
0	33.1389
1	121.801
1	174.929
1	72.0828
1	105.07
1	52.0259
0	9.26804
1	87.3931
1	81.1745
1	187.164
1	187.046
1	133.749
1	107.743
1	68.5238
1	59.5533
1	51.575
1	127.988
1	85.9874
0	41.1516
1	159.984
1	170.105
1	80.5841
1	106.746
1	122.006
1	111.156
1	111.839
1	50.3674
1	109.796
1	91.9125
1	151.908
1	106.527
1	67.8229
1	99.1052
1	184.319
1	87.8105
1	173.018
1	302.858
1	178.725
1	86.5512
1	117.852
1	71.3438
0	0.705913
1	133.235
1	63.8346
1	107.064
1	130.85
1	132.612
1	96.9073
1	58.2431
1	281.193
1	139.995
1	174.972
1	119.346
1	156.072
1	47.4525
1	169.653
1	89.9122
1	122.139
1	91.6281
1	159.568
1	63.0971
1	87.9156
1	138.761
1	100.124
1	55.1081
1	233.895
1	165.658
1	160.549
0	4.16019
1	125.888
1	104.203
1	143.171
1	104.126
1	118.772
0	30.7429
1	148.434
1	179.325
1	179.254
1	75.1009
1	152.12
1	167.141
0	43.1816
1	28.5133
1	133.609
1	94.0272
1	129.336
1	208.675
1	261.073
1	117.248
1	234.648
1	204.963
1	162.674
1	109.177
1	98.9076
1	153.513
1	387.795
1	65.2732
1	90.9351
1	147.096
1	109.672
1	201.409
1	181.745
1	103.987
1	64.5663
1	217.776
1	32.2198
1	36.0048
1	191.697
0	68.4666
1	90.4904
1	65.8428
1	90.8554
1	95.609
1	118.12
1	238.516
1	129.702
1	349.067
1	94.7414
1	36.8061
1	86.6389
1	189.128
1	218.838
1	112.717
1	63.5862
1	58.6491
1	167.697
1	92.473
1	99.4644
1	63.9278
0	43.2059
1	107.99
1	255.537
1	91.5835
1	86.4318
1	133.029
1	125.448
1	166.751
1	66.7053
1	113.012
1	86.1847
1	171.457
1	165.71
1	91.7202
1	70.5871
1	245.863
1	77.8599
1	63.4066
1	217.161
1	97.3767
1	96.1721
1	196.911
1	93.1982
1	194.117
1	136.973
1	110.191
1	70.8543
1	168.421
1	83.9116
1	65.3839
1	68.5877
1	137.398
1	172.763
1	96.733
1	109.17
1	140.472
1	118.28
1	108.493
1	102.122
1	109.205
1	163.465
1	64.0657
1	146.774
1	135.653
1	81.4257
1	94.2763
1	114.255
0	96.0533
1	56.3767
1	124.865
1	104.607
0	42.6546
1	58.6697
0	3.34899
1	73.3347
1	100.784
1	90.4639
1	93.2085
1	119.272
1	129.206
1	78.9349
1	157.902
1	109.404
1	70.7391
1	133.684
1	161.587
1	60.6351
1	196.039
1	128.277
1	66.5555
1	65.5992
1	77.3865
1	115.884
1	91.6965
1	81.099
1	154.027
1	94.1252
1	61.2877
1	93.1872
1	117.871
1	94.0946
0	25.2169
1	103.863
1	68.5209
1	114.164
1	105.538
1	58.4475
1	97.7432
1	97.1382
1	201.279
1	152.447
1	100.978
1	71.2849
1	77.8003
1	88.0902
1	119.478
1	171.282
1	138.947
1	105.258
1	194.455
1	160.571
1	41.8049
1	125.132
1	95.352
1	149.549
1	127.566
0	146.674
0	78.7991
1	188.9
1	83.1048
1	220.154
1	114.404
1	176.341
1	66.8913
1	122.91
0	24.289
1	50.3399
1	114.945
1	159.222
1	217.722
1	86.5027
1	69.624
1	112.126
1	46.2817
1	191.347
1	150.899
1	138.355
1	121.004
1	184.275
1	159.402
1	317.684
1	130.583
1	329.84
1	81.3956
1	147.521
1	110.064
1	96.5355
1	114.299
1	51.6911
1	80.0796
1	61.7804
1	83.0204
1	185.582
1	208.444
1	56.5973
1	46.812
1	103.631
1	96.7906
1	42.2294
0	16.8677
1	102.802
0	14.678
1	75.1164
1	149.282
1	100.424
1	59.9532
1	73.4844
1	80.2428
1	180.281
1	55.8015
1	101.807
1	169.225
1	188.2
1	165.282
1	112.948
1	98.6984
1	214.62
1	94.3886
1	54.6743
1	56.6894
1	211.849
1	93.5808
1	71.5942
1	182.213
1	68.331
1	254.984
1	146.912
1	275.559
1	42.9509
1	114.426
1	56.4048
1	75.3117
1	64.3281
1	80.5378
1	93.1755
1	91.4128
1	88.1777
1	210.304
1	140.594
1	46.2518
1	81.0934
1	108.048
1	64.6672
1	67.6323
1	73.6872
1	138.554
1	75.3797
1	79.161
1	101.3
1	70.55
1	180.98
1	117.556
1	101.725
1	96.6819
1	126.921
1	142.062
1	134.73
1	126.424
1	158.517
1	110.818
1	123.866
1	129.134
1	55.7214
1	125.302
1	94.1545
1	82.6495
1	81.3989
1	115.864
1	77.084
1	234.834
1	150.031
1	48.8351
1	145.452
1	109.922
1	55.8669
1	84.518
1	103.71
1	75.0442
1	67.9065
1	135.701
1	134.253
1	86.3359
1	163.986
1	138.091
1	61.3078
1	65.0986
1	145.583
1	88.9052
1	92.2756
1	51.1679
1	74.1873
1	274.45
1	115.759
1	44.7514
1	64.2142
1	77.5894
1	107.158
1	133.652
1	129.075
1	50.357
1	77.3763
1	130.508
1	279.311
1	151.765
1	88.1466
1	121.095
1	69.0392
1	136.289
1	184.313
1	67.7968
1	79.8307
1	168.869
1	124.083
1	96.5588
1	135.643
1	90.8921
1	184.95
1	120.927
1	91.1462
1	136.991
1	149.44
1	103.843
1	166.109
1	100.214
1	138.614
1	146.449
1	230.672
1	83.0379
1	113.604
0	10.9924
1	107.271
1	185.705
1	64.7545
1	102.102
1	108.385
1	295.006
0	78.0889
1	114.763
1	213.479
1	172.774
1	116.455
1	188.423
1	158.499
1	91.3672
1	140.836
1	44.3049
1	84.8664
1	280.035
1	99.7924
1	86.8127
1	140.997
1	200.768
0	11.5119
1	73.7892
1	159.461
1	66.229
1	62.3384
1	91.5678
1	90.6185
1	78.3141
1	244.679
1	278.438
1	72.8653
1	146.952
1	136.468
1	129.032
1	123.698
1	86.1757
1	97.8722
1	121.593
1	116.738
1	130.793
1	268.99
1	61.6323
1	210.582
1	52.2232
1	87.5312
1	138.19
1	66.4497
0	3.67323
1	31.195
1	132.87
1	127.678
1	127.921
1	134.075
1	68.0577
1	96.3759
1	113.365
1	127.603
1	44.4799
1	124.638
1	119.572
1	258.514
1	214.508
1	164.231
1	80.6485
1	82.3846
1	78.9617
1	72.1283
1	113.418
1	92.8979
1	111.395
1	142.681
1	81.2401
1	49.3352
1	111.287
1	89.9998
1	203.84
1	132.213
1	202.648
0	32.7214
1	134.693
1	83.8547
1	97.8001
1	44.426
1	174.294
1	169.206
1	152.13
1	112.796
1	113.305
1	108.531
1	68.7436
1	137.102
1	272.54
1	168.934
1	99.2629
1	60.4843
1	42.385
1	199.114
1	122.028
1	48.7671
1	97.4076
1	126.626
1	73.1949
1	124.923
1	64.0718
1	75.917
1	76.0223
1	78.1131
1	197.684
1	101.322
1	94.1947
1	71.2604
1	141.215
1	127.587
1	96.2106
1	128.596
1	113.061
1	128.877
1	142.896
1	122.757
0	11.5075
1	151.983
1	246.548
1	81.1934
1	148.782
1	75.4195
1	57.0763
1	86.1045
1	173.879
1	248.973
1	82.4766
1	83.3102
1	168.597
1	97.9858
0	27.9433
1	56.0075
1	96.9139
1	83.279
1	61.808
1	113.658
1	73.7887
1	203.412
1	141.451
1	312.892
1	215.521
1	132.254
1	72.9846
1	66.9911
0	32.8091
1	90.1326
1	135.51
1	126.672
1	113.697
1	76.3785
1	110.581
1	72.7133
1	118.063
1	80.698
1	54.7194
1	58.7983
1	110.289
1	87.2774
1	158.353
1	67.2322
1	102.933
1	65.4464
0	16.7303
1	153.964
1	126.873
1	90.7486
1	112.595
1	85.2432
1	147.536
1	61.5665
1	49.5778
1	119.654
1	69.0776
1	154.271
1	45.3701
1	30.9878
1	169.226
1	223.309
1	36.6852
1	301.002
1	72.277
1	40.9554
1	74.796
1	145.409
1	52.0122
1	68.3214
1	99.2912
1	54.0077
1	133.551
0	74.4841
1	111.678
0	31.369
0	38.9594
1	37.4276
1	65.933
1	87.4883
1	135.283
1	78.9052
1	78.3528
1	68.3547
1	37.7362
1	85.9143
1	160.151
1	61.5451
1	122.769
0	77.4098
1	224.004
1	126.307
1	58.1834
1	78.4343
1	154.207
1	108.556
1	117.743
1	117.595
1	82.4415
1	112.961
1	109.642
1	80.5122
1	131.248
1	106.72
1	224.76
1	123.976
1	108.599
1	91.4861
1	113.498
1	70.1853
1	130.321
1	96.6013
1	145.204
0	47.576
1	81.8532
0	36.4968
1	94.7367
1	106.276
1	95.0301
1	63.5291
1	60.9053
1	108.763
1	78.4959
1	179.302
1	36.6326
1	96.2076
1	75.6061
1	108.528
1	149.249
1	75.8857
0	26.8002
1	112.785
0	43.1409
0	17.5021
1	226.608
1	173.613
1	145.983
1	35.6458
1	57.8758
1	85.8894
1	114.859
1	245.137
1	145.306
1	143.209
1	81.5245
1	103.135
1	67.3185
1	50.4099
1	130.12
1	78.1545
1	48.9981
1	76.3662
1	152.755
1	139.148
0	51.0383
1	75.8779
1	255.649
1	101.134
1	49.3899
1	89.9139
1	143.8
1	158.16
1	156.707
1	127.863
1	118.181
1	76.7867
1	91.7412
1	122.489
1	154.06
1	74.7848
1	156.146
1	133.65
1	143.024
1	108.442
1	125.293
1	57.1757
1	50.2724
1	77.9872
1	67.5528
0	58.9555
1	157.867
1	102.947
1	204.065
1	95.3183
1	242.497
1	148.478
1	104.865
1	182.361
1	87.5202
1	140.617
1	121.546
1	125.047
0	26.6205
1	65.8455
1	78.5289
1	41.3001
1	112.289
1	66.2661
1	129.444
1	87.3533
1	97.0804
1	33.1798
1	103.508
1	85.1056
1	111.701
1	61.6916
1	93.9053
1	169.478
1	99.7581
1	174.553
1	192.284
1	41.2534
1	104.797
0	51.4322
1	417.061
1	101.033
1	177.372
0	1.07568e-05
1	258.83
1	62.9552
1	275.191
1	115.266
1	96.7774
1	100.042
1	83.208
1	47.6377
1	136.704
1	86.9564
1	52.4258
1	141.604
1	105.893
1	127.507
1	74.7484
1	106.154
1	91.9686
1	163.857
1	25.0581
0	66.2377
0	45.5961
1	85.4413
1	189.307
1	102.663
1	53.0111
1	105.706
1	46.5233
1	65.6091
1	69.9389
1	76.3388
1	126.308
1	145.6
1	105.441
1	119.123
1	65.0729
1	200.423
1	116.39
1	139.683
1	142.701
1	52.2949
1	97.4972
1	45.5922
1	98.8195
1	64.3255
1	175.15
0	18.7166
1	186.553
1	88.8026
1	163.667
1	116.502
1	80.8613
1	47.7404
1	161.776
1	101.776
1	76.6573
1	106.289
1	123.534
1	108.026
0	11.7263
1	97.9321
1	64.1207
1	72.8268
1	142.721
1	186.784
1	127.86
1	65.5205
1	100.718
1	120.855
1	134.635
1	71.7645
1	66.6581
1	203.12
1	74.8625
1	149.538
1	75.3971
1	108.635
1	167.204
1	216.81
1	117.049
1	122.997
1	88.2133
1	124.535
1	132.994
1	209.743
1	351.145
1	47.0684
1	112.211
1	69.6843
1	112.905
1	106.479
1	157.578
1	57.2055
0	2.72884
1	206.966
1	154.001
1	155.45
1	77.8978
1	132.322
1	92.6376
1	62.5673
1	107.796
1	102.333
1	127.483
1	109.374
1	105.234
1	55.4498
1	164.568
1	226.037
1	147.537
0	4.84056
1	39.9444
1	129.991
1	178.753
1	84.9802
1	129.316
1	88.595
1	112.175
1	104.09
1	159.633
1	109.214
1	144.846
1	144.333
0	24.6543
1	108.3
1	73.3028
1	85.8482
1	65.5593
1	309.247
1	154.612
1	111.506
0	69.4135
1	58.1189
1	62.9123
0	4.0423
1	117.825
1	115.909
0	39.0597
1	98.5613
1	91.7716
1	82.1743
1	116.299
1	73.1611
1	79.3312
1	108.149
1	317.69
1	79.5086
1	98.1113
1	146.968
1	118.201
1	70.9217
1	166.166
1	132.288
1	106.629
1	122.956
1	106.444
1	196.16
1	88.8107
1	141.128
1	125.303
1	162.974
1	134.594
1	168.353
1	127.539
1	210.096
1	76.1209
1	120.483
1	288.751
1	49.1312
1	106.665
1	95.1235
1	80.7831
1	75.4119
1	109.571
1	101.639
1	37.7118
1	49.7756
1	117.36
1	144.897
1	80.9219
1	99.687
1	93.572
1	36.1925
1	74.0167
1	61.0849
1	57.9416
1	109.169
1	160.226
1	140.539
1	116.419
1	80.2594
1	79.6687
1	108.478
1	131.881
1	292.239
1	236.214
1	49.2813
1	130.242
1	151.789
1	89.1341
1	141.318
1	126.008
1	114.093
1	42.4933
0	44.3931
1	98.0369
1	73.2819
1	33.6284
1	102.266
1	105.555
1	78.9018
1	122.118
1	41.2215
1	100.068
1	42.6596
1	122.643
1	100.567
1	105.821
1	150.899
1	63.7042
0	7.42135
1	95.1135
1	109.676
1	157.189
1	90.0341
1	58.5579
1	126.362
1	110.881
1	130.96
1	58.9329
1	44.0797
1	86.8129
1	87.8167
1	133.908
1	120.374
1	67.9377
1	116.204
1	157.84
1	71.8096
1	150.641
1	101.59
1	77.8485
0	51.7591
1	78.8241
1	87.5922
0	54.5518
1	183.356
1	150.075
1	101.027
1	285.564
0	129.199
1	77.1098
1	217.968
1	117.542
1	91.6187
1	87.252
1	130.325
1	193.414
1	89.8653
1	96.0942
1	35.354
1	71.4721
1	103.992
1	59.8312
1	115.701
1	66.9982
1	91.6967
1	135.843
1	81.6162
1	104.192
1	86.205
1	87.03
1	150.695
0	94.3668
1	145.022
1	174.137
1	86.9867
1	63.7295
1	50.2778
1	58.1762
1	68.5744
1	105.672
1	37.1798
1	147.645
1	140.657
1	71.653
1	121.587
1	87.9228
1	284.402
1	113.674
1	71.6727
1	137.84
1	99.0449
1	83.0658
1	107.833
1	64.131
1	43.7923
0	16.8624
1	71.2161
1	214.722
1	144.223
1	94.2595
1	80.5202
0	23.2361
1	259.354
1	100.037
1	131.913
1	77.3719
1	87.9473
1	86.9187
1	141.147
1	276.553
1	101.392
1	193.784
1	135.111
1	68.2628
1	81.3815
1	52.6785
1	99.5779
1	171.849
1	99.8921
1	116.683
1	127.877
1	81.8367
1	148.58
1	94.8647
1	69.6103
1	151.299
1	37.4918
1	100.182
1	76.157
1	76.2006
1	84.344
1	159.941
1	113.481
1	76.1896
1	96.9072
1	126.344
1	108.215
1	97.7817
1	138.829
1	96.2598
1	44.0515
0	64.832
1	106.007
1	52.4181
1	79.7839
1	144.34
1	241.048
1	54.5188
1	66.8877
1	103.354
1	52.8085
1	126.809
1	91.7768
1	47.2726
1	111.577
1	64.1647
0	78.3725
1	88.232
1	105.969
1	167.093
1	164.867
1	81.3711
1	152.373
1	128.628
1	68.1608
1	108.585
1	171.03
1	82.4018
1	105.708
1	107.862
1	96.6253
1	140.273
1	154.756
1	96.5753
0	71.3995
1	82.7627
1	120.086
1	315.725
1	226.243
1	108.351
1	82.4305
1	107.642
1	170.23
1	124.416
1	232.256
1	111.035
1	141.268
1	67.707
1	81.0248
1	188.837
1	127.818
1	98.569
1	85.3627
1	97.131
1	149.063
1	96.4171
1	161.117
1	173.498
1	74.3007
1	67.6105
1	95.703
1	74.6352
1	55.942
1	63.7765
1	59.132
1	97.9264
1	78.2354
1	106.253
1	119.18
1	120.212
1	62.5766
1	81.8489
1	74.4724
1	109.598
1	140.044
1	92.7751
1	158.184
1	95.9199
1	111.702
1	55.2403
1	73.2361
1	120.934
1	99.5566
1	107.66
1	120.038
1	117.984
1	159.355
1	206.595
1	108.554
1	70.5283
1	69.5548
0	2.97174
1	122.171
1	168.599
1	94.4394
1	65.3565
1	100.827
1	88.2794
1	53.4127
1	49.4035
1	84.6698
1	232.907
1	118.379
1	107.071
1	92.614
1	52.9519
1	112.134
1	104.195
1	160.084
1	94.1723
1	61.4028
1	93.5618
1	91.4898
1	110.88
1	68.995
1	125.634
1	100.459
1	65.0734
1	113.18
1	153.54
1	141.457
1	50.9238
1	280.867
1	101.05
1	37.778
1	115.893
1	106.383
1	83.8757
1	160.879
1	108.183
1	108.501
1	129.683
1	123.052
1	62.8735
1	53.7404
1	96.569
1	157.8
1	92.4625
1	86.9436
1	101.063
1	149.328
1	126.929
1	135.058
1	55.1683
1	134.724
1	147.151
1	165.141
1	107.918
1	171.085
1	56.6627
1	102.248
1	199.004
1	68.0878
1	65.5574
1	105.783
1	52.9867
1	91.4556
1	126.577
1	112.395
1	140.835
1	61.2388
1	130.552
1	91.6349
1	60.2392
1	86.6065
1	200.513
1	73.2684
1	72.8437
1	159.657
1	153.544
1	182.951
1	295.554
1	123.827
1	95.0664
1	241.556
1	194.416
1	100.437
0	23.001
1	95.308
1	112.536
1	143.169
1	88.0088
1	52.2684
1	108.023
1	115.201
1	145.506
1	60.7551
1	59.604
1	301.052
1	221.697
1	118.171
1	93.4667
1	87.3469
1	52.8984
1	181.154
1	158.433
1	68.1375
1	223.682
1	161.38
1	54.5231
1	111.55
1	90.145
0	25.6622
1	82.7841
1	171.475
1	41.0743
1	142.355
1	128.049
1	220.513
1	120.008
1	84.0466
1	106.008
1	86.6508
1	82.2954
1	112.675
1	115.257
1	129.846
1	92.0392
1	109.885
1	64.274
1	82.6731
1	171.078
1	93.3577
1	158.64
1	81.7158
1	130.415
1	128.732
1	44.7211
1	132.2
1	71.1006
0	59.4533
1	94.3668
1	51.8077
1	77.0016
1	173.763
1	77.8301
0	76.3571
1	75.9259
1	100.781
1	138.14
1	118.232
1	76.0497
1	107.646
1	45.0931
1	51.5571
1	96.3341
0	53.4846
1	99.6637
1	108.918
1	180.837
1	36.8892
1	131.441
1	96.7035
1	100.453
1	83.7334
1	100.966
1	109.128
1	82.7114
1	174.087
1	148.708
1	112.449
1	167.249
1	59.564
1	42.1362
1	69.1054
1	132.672
1	82.8415
1	86.9948
1	71.369
1	141.613
1	74.8872
1	69.8655
1	135.83
1	112.381
1	127.278
1	87.3104
1	105.154
1	129.461
1	171.068
1	101.813
1	56.5539
1	252.601
1	160.736
1	127.404
1	160.673
1	65.7578
1	92.4159
0	19.4511
1	107.154
1	109.977
1	74.9613
1	62.4184
1	109.017
1	55.8804
1	61.3032
1	39.9087
1	144.169
1	155.702
1	97.0564
1	80.2978
1	110.383
1	150.232
1	335.894
1	79.7241
1	61.3993
1	65.33
1	56.122
1	53.4071
1	121.963
1	98.5991
1	47.6247
1	164.656
1	71.5691
1	53.2143
1	154.094
1	51.5356
1	316.822
1	107.21
1	80.7246
1	190.423
1	149.071
1	178.332
1	95.0579
1	102.715
1	46.1347
1	76.4635
1	242.781
0	97.7977
1	124.725
1	92.4719
1	59.1943
1	98.8411
1	137.857
1	58.9026
1	65.0411
1	137.487
1	90.4788
1	101.511
1	89.4562
1	50.9736
1	55.8664
1	82.2888
1	142.139
1	107.209
1	97.7604
1	71.8602
1	121.459
1	66.5034
1	107.469
1	103.613
1	42.291
0	18.1092
1	168.147
1	74.1913
1	259.249
1	120.911
1	90.9241
1	155.743
1	109.074
1	95.4715
1	116.957
1	63.6983
1	96.4716
1	170.8
1	86.9175
1	190.572
1	130.323
1	98.7133
0	12.5928
1	149.14
0	12.5768
0	0.460829
1	107.853
1	147.94
1	110.356
0	66.4576
1	204.993
1	274.354
1	159.915
1	67.0854
1	99.4311
1	86.7613
1	94.0424
1	214.703
1	38.2896
1	94.8932
1	34.3812
1	61.7209
1	125.686
1	70.1618
1	163.224
1	106.052
1	149.116
1	128.849
1	49.7629
1	164.249
1	103.975
1	101.486
1	139.932
1	161.698
1	59.4912
1	77.7892
1	139.98
1	93.5624
1	120.192
1	74.1579
1	74.6116
1	116.245
1	91.7513
1	230.983
1	107.722
1	61.6753
0	63.1226
1	228.849
1	84.7401
1	64.09
1	89.8741
1	136.937
1	184.981
1	87.5571
1	64.7487
1	105.3
1	152.975
1	119.865
1	66.6796
1	70.2745
1	138.883
1	99.2232
1	72.3778
1	180.059
0	58.823
1	203.146
1	76.8623
1	109.472
1	106.547
1	119.496
1	147.592
1	135.17
1	104.012
1	143.472
1	98.7913
1	133.188
1	169.69
1	46.5965
1	93.5363
1	87.0253
1	115.917
1	52.0081
1	142.656
1	145.246
1	77.2481
1	139.199
1	132.106
1	119.546
1	71.9137
1	147.445
1	62.532
1	150.641
1	42.4205
1	117.317
1	110.119
1	189.079
1	243.625
1	153.139
1	180.287
1	94.3348
1	289.167
1	106.347
1	173.94
1	34.7871
1	135.473
1	131.437
1	121.534
1	161.74
1	97.5613
1	98.6687
1	81.0279
1	101.724
1	86.803
1	84.778
1	169.96
1	127.944
1	126.961
1	115.409
1	123.697
1	93.9362
1	108.341
1	77.0111
1	102.14
1	146.757
1	170.527
1	186.462
1	61.9463
1	150.685
1	115.192
1	104.001
1	124.79
1	127.12
1	36.9735
1	103.873
1	459.249
1	75.0754
1	52.7102
1	118.971
1	70.7533
1	89.8142
0	34.8089
1	36.2234
1	177.476
1	87.1397
1	154.123
1	138.729
1	131.515
1	134.822
1	58.2284
1	62.7859
1	102.601
1	119.534
1	48.2889
0	4.00387
1	136.578
1	95.7274
1	43.7313
1	127.445
1	67.5176
1	43.7368
1	90.7029
1	81.7229
1	77.4718
1	75.409
1	75.3283
1	88.9648
1	84.6027
1	137.527
0	19.2448
1	66.5369
1	55.7244
1	57.5495
1	103.796
1	162.631
1	115.101
1	155.822
1	67.3504
1	99.5973
1	120.255
1	108.949
1	84.2025
1	107.999
1	87.6942
1	62.7408
1	65.7008
1	42.6236
1	92.3181
1	125.217
1	114.623
1	197.035
1	143.064
1	107.251
1	57.3518
1	150.837
1	153.972
1	79.7008
1	66.6985
1	154.542
1	68.195
1	97.1095
1	71.8814
1	71.3054
1	72.5308
1	142.639
1	164.391
1	131.443
1	52.623
1	105.571
1	84.6685
1	157.511
1	152.666
1	81.8835
1	134.385
1	68.0815
1	126.686
1	70.6376
1	71.6842
1	74.0753
1	91.7432
1	182.102
1	53.754
1	67.334
1	207.186
1	129.119
1	113.177
1	112.948
1	118.894
1	57.5352
1	77.9125
1	56.9942
1	96.1858
1	116.224
0	131.231
1	45.5045
1	89.6847
1	169.333
1	70.8463
1	95.8692
1	68.9211
0	66.3411
1	234.329
1	40.0833
1	66.0519
1	93.0502
1	137.662
1	152.464
1	108.026
1	117.454
1	120.198
1	60.805
1	167.589
1	46.1174
1	171.031
1	76.7781
1	145.202
1	76.078
1	88.1808
1	87.7621
1	67.4514
1	69.3743
1	48.1295
1	65.4661
1	76.1332
1	203.105
1	222.102
1	208.544
1	157.146
1	97.0333
1	65.8298
1	38.4857
1	92.2975
1	90.5683
1	102.183
1	158.776
1	172.61
1	93.3447
1	140.214
1	113.698
1	112.028
1	186.287
1	86.1745
1	83.1389
1	194.492
1	106.668
1	137.522
1	68.52
1	111.767
1	35.7966
1	94.0395
1	79.2949
1	80.5214
1	220.986
1	199.398
1	61.581
1	162.643
1	97.3385
1	100.119
1	107.056
1	74.1594
1	130.434
1	90.4578
1	41.0699
1	110.794
1	89.8006
1	124.492
1	210.939
1	113.512
1	72.919
1	115.148
1	191.26
1	60.2913
1	132.917
1	82.2166
1	109.163
1	72.0147
1	47.4803
1	53.7561
1	65.2307
1	65.8765
1	142.679
1	59.5931
1	66.5863
1	54.46
0	58.8618
1	138.069
1	59.0776
1	59.3779
1	106.259
1	102.096
1	157.319
1	100.12
1	225.399
1	117.38
1	122.901
1	151.623
1	110.928
1	234.222
1	96.8118
1	75.1197
1	110.967
1	158.533
1	52.8122
1	62.3293
1	144.328
1	116.403
1	49.1701
1	105.947
1	146.564
1	70.2871
1	167.181
1	125.765
1	68.4099
1	143.336
1	151.97
1	73.9556
1	142.552
1	309.505
1	27.7908
1	83.4556
1	138.083
1	94.434
1	107.572
1	53.0488
1	51.4958
1	84.6372
1	49.1325
1	58.4779
1	171.581
1	130.99
1	288.391
1	113.222
1	190.21
1	68.7451
1	225.752
1	185.807
1	83.7562
1	114.938
1	72.7265
1	48.3609
1	39.0603
1	240.808
1	134.458
1	49.1452
1	47.0888
1	124.469
1	126.228
1	58.3782
1	179.873
1	28.9648
0	12.6092
1	128.899
1	140.367
1	42.1753
1	205.161
1	61.2932
1	203.646
1	116.52
1	131.912
0	2.18814
1	159.05
1	71.6992
1	130.702
1	80.3736
1	93.4985
1	36.4731
1	120.907
1	124.43
1	96.6793
1	143.887
1	235.834
1	110.302
1	91.7629
0	18.8511
1	154.373
1	192.369
1	96.2078
1	107.533
1	101.731
1	61.0668
1	48.2427
1	147.761
1	249.358
1	118.383
1	107.15
1	102.894
1	64.081
1	90.8505
1	81.5459
1	56.6936
1	154.4
1	80.7974
1	362.705
1	78.9185
1	112.925
1	92.0781
1	98.2522
1	84.7857
1	41.2012
0	49.7934
1	140.14
1	229.479
1	169.735
1	111.595
1	260.668
1	132.603
1	50.0185
1	79.8232
1	62.7437
1	316.71
1	205.558
1	117.37
1	152.12
1	75.9166
1	40.8677
1	103.794
1	73.7604
1	123.065
1	87.3773
1	121.866
1	120.07
1	112.8
0	49.9457
1	69.5806
1	136.671
1	327.746
1	66.7546
1	338.515
1	188.801
1	129.161
1	89.0082
1	92.1691
1	57.4205
1	196.326
1	85.399
1	63.5108
1	116.101
1	138.087
1	210.702
1	248.456
1	90.4844
1	61.7949
1	104.671
1	97.4526
1	108.115
1	73.1463
1	92.5981
1	189.054
1	257.909
1	101.11
1	85.4805
1	167.718
1	128.876
1	158.183
1	84.2386
1	97.4049
1	50.9867
1	91.3285
1	131.795
1	130.948
1	144.042
1	64.0668
1	122.623
1	118.278
1	121.235
1	104.783
1	180.521
1	110.591
1	332.369
0	34.3711
1	127.683
1	208.13
1	74.3914
1	100.996
0	18.5829
1	51.604
1	82.4499
1	156.534
1	107.118
1	66.5131
1	77.3881
1	44.8453
1	121.713
1	123.373
1	84.3149
1	98.3115
1	115.229
1	190.85
1	87.069
1	88.686
1	87.4444
1	122.015
1	257.785
1	32.1769
1	78.8755
1	81.8962
1	97.4632
1	167.658
1	127.546
1	123.17
1	81.4257
1	37.5234
1	94.041
1	77.0544
1	124.509
1	175.098
1	40.5124
1	128.893
1	144.278
1	110.731
1	72.9317
1	164.78
1	104.953
1	56.2048
1	145.354
1	88.3216
1	270.619
1	138.665
1	85.0625
1	194.762
1	114.836
1	141.302
1	70.8689
1	120.943
1	75.5826
1	96.5485
1	141.63
1	186.847
1	75.3591
1	89.9987
1	164.32
1	56.095
1	142.366
1	146.574
1	73.8681
1	133.209
1	155.488
1	64.7806
1	245.159
1	106.791
1	85.6711
1	119.801
1	152.755
1	134.483
1	37.2202
1	94.1337
1	101.342
1	183.495
1	136.738
1	199.421
1	120.586
1	78.7613
1	57.8784
1	98.9507
1	321.714
1	177.527
1	161.194
1	142.417
1	68.3515
1	85.8837
0	17.3775
1	266.526
1	243.018
1	59.6588
1	80.2821
1	192.737
1	121.618
1	32.0646
1	85.5205
1	144.091
1	95.1444
1	50.5843
1	184.686
1	197.076
1	104.31
1	105.864
1	181.004
1	87.6176
1	27.2978
1	96.4997
1	74.6173
0	55.4829
1	39.4815
1	62.1851
1	49.6063
1	138.48
1	83.2704
0	2.96168
1	161.525
1	69.0632
1	134.865
1	133.748
1	145.028
1	117.26
1	102.641
1	217.948
1	127.474
1	166.639
1	218.996
1	111.08
1	99.7724
1	80.806
1	155.651
1	136.161
1	96.7804
1	66.7136
1	109.911
1	129.956
1	239.906
1	173.085
1	98.6712
1	181.478
1	97.4741
1	88.9723
1	53.4765
1	77.2838
1	38.9376
1	85.1266
1	167.197
0	2.75338
1	117.594
1	80.1873
1	60.0598
1	38.9935
1	145.808
1	92.1088
1	101.683
1	81.8529
1	304.307
1	209.307
1	154.008
1	122.579
1	112.228
1	82.8929
1	112.918
0	11.1443
1	142.585
1	79.5442
1	128.657
1	122.778
1	84.5589
1	54.4734
1	96.5916
1	140.353
1	197.766
1	80.1046
1	183.898
1	149.344
1	54.741
1	132.246
1	105.746
1	126.075
1	41.1157
1	81.1288
1	67.7189
1	88.821
1	80.9857
1	199.156
1	189.17
1	136.722
1	93.1014
1	66.6169
1	100.849
1	106.376
1	124.195
1	54.9669
1	106.998
1	158.022
1	63.3678
1	98.8281
1	79.5353
1	145.723
1	246.84
1	90.5992
1	140.172
1	140.336
1	339.325
1	86.7855
1	124.211
1	139.979
1	120.556
1	122.555
1	143.699
1	124.199
1	152.575
1	99.1133
1	154.718
1	75.7613
1	139.035
1	132.851
1	109.542
1	178.064
1	64.6255
1	75.6231
1	98.39
1	85.7332
1	107.193
1	83.7214
1	149.605
1	85.02
1	84.7146
1	72.9809
1	95.7784
1	52.9582
0	47.5617
1	56.879
1	98.4264
1	40.3946
1	87.6414
1	156.456
1	87.5301
1	164.758
1	223.058
1	169.755
1	77.8928
1	142.88
1	75.4262
1	78.1168
1	165.339
1	88.6523
1	173.293
1	164.931
1	136
1	58.6906
1	123.71
1	148.957
1	165.436
1	207.205
1	164.938
1	166.44
1	88.2885
1	81.8649
1	64.1645
1	119.787
1	24.5465
1	87.0484
1	124.327
1	146.625
1	148.376
1	104.22
0	21.0647
1	181.082
1	115.322
1	57.1345
1	108.606
1	97.6638
1	175.189
1	120.876
1	182.235
1	92.0874
1	91.3279
1	103.313
1	106.712
1	268.65
1	51.8585
1	161.232
1	107.739
1	145.366
1	91.9761
1	80.0982
1	59.7568
1	137.237
1	57.1214
1	174.011
1	157.171
1	162.737
1	103.349
1	89.1954
1	85.2505
1	219.071
1	95.8273
1	231.609
1	64.7308
1	65.6202
1	77.5297
1	118.472
1	82.5949
1	133.149
1	75.7576
1	198.634
1	56.8235
1	84.6828
1	133.96
1	76.5462
1	74.1763
1	84.4514
1	53.0469
1	156.611
1	77.9355
1	57.6186
1	289.237
1	139.974
1	97.7868
1	100.603
1	90.7929
0	58.8312
1	268.769
1	74.5886
1	168.313
1	66.6865
1	54.3825
1	94.8994
1	88.5153
1	127.834
1	106.281
1	130.837
1	178.304
1	51.449
1	111.357
1	86.6776
1	77.9798
1	100.764
1	151.849
1	133.462
1	122.847
1	94.6376
1	138.624
1	154.985
1	220.205
1	124.213
1	55.5271
1	105.708
1	150.142
1	83.2053
0	5.73085
1	191.756
1	106.286
1	57.8644
1	144.855
1	59.6509
1	61.0401
1	86.7311
1	103.926
1	126.79
1	66.2841
1	77.2803
1	97.7146
1	82.1548
1	121.786
1	114.886
1	100.976
1	75.5756
1	147.877
1	102.757
1	156.457
1	139.827
1	117.255
1	107.87
1	120.106
1	86.358
1	164.544
1	178.909
1	25.5429
1	85.6823
1	123.434
1	69.2386
1	163.867
1	104.073
1	158.148
1	95.7832
1	125.398
1	127.521
1	95.4002
1	133.842
1	40.2533
0	9.3166
1	188.949
1	110.441
1	138.153
1	174.633
1	106.813
1	91.6503
1	75.6547
1	60.2661
1	189.044
1	65.0493
1	94.2948
1	132.987
1	107.092
1	67.3466
1	292.109
1	87.878
1	138.906
1	131.245
1	111.755
1	65.0488
1	67.1427
1	97.3729
1	54.9646
1	75.4425
1	111.26
1	129.615
1	160.68
1	59.0475
1	113.8
1	88.3932
1	50.7189
1	147.848
1	146.768
1	187.308
1	171.673
1	148.193
1	58.9749
1	98.8733
1	58.946
0	12.7988
1	96.1231
1	118.608
1	82.1899
1	116.018
1	41.0606
1	88.4546
1	105.786
1	65.6443
1	91.4592
1	69.2247
1	78.2727
1	122.606
1	56.3531
1	100.478
1	100.457
1	67.2072
1	143.258
1	203.373
1	94.0709
1	158.919
1	52.0329
1	82.4477
1	38.2501
1	83.9858
1	77.9104
1	94.8347
1	166.789
1	117.767
1	134.836
1	59.2916
1	40.8922
1	127.359
1	198.786
1	95.5562
1	106.335
1	80.0186
1	166.268
1	84.163
1	266.927
1	172.348
1	133.18
1	207.377
1	140.909
1	171.94
1	120.086
1	209.452
1	57.9877
1	201.875
0	28.0881
1	120.225
1	142.998
1	84.1254
1	96.883
0	75.9711
1	81.302
1	52.7707
1	46.4653
0	19.1134
1	59.7852
1	69.7236
1	83.0116
1	139.955
1	60.416
1	101.465
1	156.105
1	89.8463
0	55.2295
1	43.9057
1	81.2766
0	28.2174
1	116.418
1	69.2437
1	164.195
1	31.935
1	146.547
1	156.313
0	151.056
1	82.691
1	112.133
1	89.2969
1	65.3119
1	143.814
1	66.4384
1	90.7744
1	150.127
1	140.139
1	124.107
1	71.0617
1	60.5814
1	179.709
1	164.556
1	80.5341
1	103.39
1	102.689
1	87.0879
1	53.3353
1	84.2115
1	122.908
1	168.175
1	129.673
1	94.7465
1	98.6729
1	69.9416
1	138.57
1	47.101
1	107.436
1	132.128
1	83.7045
1	196.209
1	183.294
1	55.9221
1	152.088
1	80.0403
1	126.819
1	66.0106
1	65.568
1	67.7288
1	188.24
1	158.536
1	109.234
1	60.8712
1	67.8326
1	190.536
1	59.9695
1	58.1502
1	70.0221
1	32.6161
1	86.904
1	166.945
1	91.6536
1	77.6421
1	56.6449
1	60.5817
1	143.164
1	124.559
1	60.7488
1	178.733
1	158.462
0	2.52295
1	189.426
1	177.818
1	118.765
1	58.1597
1	51.6647
1	83.1599
1	101.332
0	10.1388
1	54.9293
1	109.276
1	107.947
1	107.803
1	170.794
1	66.2873
1	104.045
1	214.3
1	112.284
1	66.9182
1	50.5939
1	134.063
1	149.868
1	62.049
1	55.3838
1	217.309
1	76.3786
1	68.7229
1	111.1
1	101.837
1	82.9514
1	178.804
1	160.5
1	157.657
1	145.85
1	53.2622
1	119.872
1	89.1396
1	71.9086
1	133.275
1	57.5066
1	74.9259
1	73.4654
1	55.1865
1	82.4732
1	106.926
1	93.8083
1	157.014
1	70.2543
1	125.265
1	76.5552
1	115.81
1	141.229
1	122.968
1	63.0084
1	108.843
1	109.563
1	94.4131
1	118.713
1	174.998
1	65.7334
1	59.8824
1	109.161
1	54.6827
1	181.7
1	269.383
1	73.5934
1	171.039
1	121.312
1	142.705
1	102.101
0	5.10999
1	134.534
1	143.059
1	144.37
1	76.5274
1	61.7654
1	169.149
1	48.7356
1	118.728
1	68.205
1	82.0888
1	34.1759
0	4.45045
0	89.0144
1	122.088
1	111.392
1	160.476
1	83.4691
1	128.717
1	57.4051
1	95.1627
1	58.2166
1	216.347
1	98.6526
1	62.3611
1	83.1186
1	27.2253
1	153.318
1	185.252
1	74.8688
1	162.216
1	50.7391
1	47.7554
1	79.3342
1	128.852
1	183.557
1	207.881
1	112.761
1	235.271
1	139.533
1	275.969
1	116.687
1	67.0586
1	112.259
1	63.101
1	135.595
1	77.2541
1	173.122
1	106.383
1	83.1722
1	104.586
1	66.884
1	83.6811
1	74.5734
1	185.401
1	122.979
1	238.482
1	86.6858
0	0.275531
1	106.097
1	143.005
1	164.553
1	106.233
1	39.3325
1	171.35
1	60.8559
1	121.061
1	58.7756
1	248.129
1	68.9418
1	79.6042
1	93.3205
1	105.449
1	140.918
1	56.3811
1	244.09
1	181.945
1	67.5559
1	116.899
1	78.9966
1	204.375
1	98.23
1	364.486
1	74.4675
1	155.222
1	71.4535
1	80.2068
1	49.7847
1	104.329
1	51.7266
1	181.126
1	71.3988
1	118.046
1	65.6425
1	89.1268
1	99.5269
1	136.959
1	93.0036
1	73.8597
1	173.401
1	152.349
1	111.984
1	181.13
1	113.228
1	161.878
1	56.9715
1	168.775
1	117.082
1	96.8277
1	109.863
1	85.9106
1	131.107
1	69.4766
1	101.403
1	170.933
1	115.327
1	79.6202
1	183.132
1	70.227
1	97.3329
1	78.3928
1	40.0522
1	148.16
1	71.1388
1	126.883
1	72.3378
1	94.6586
1	61.0271
1	109.913
1	133.642
1	190.207
1	32.0228
1	74.8457
1	63.5888
1	85.2452
0	34.9229
1	64.406
0	21.4732
1	58.823
1	248.327
1	82.3598
1	128.013
1	90.3978
1	96.3513
1	139.851
1	169.461
1	78.0722
1	106.155
0	31.888
1	91.3841
1	32.7181
1	76.0634
1	69.5895
1	138.678
1	118.761
1	108.956
1	59.1826
1	182.748
1	83.9245
1	169.785
1	119.218
1	52.0334
1	102.977
1	117.56
1	173.671
1	86.5804
1	98.9123
1	97.0052
1	90.5056
1	73.618
1	65.3129
0	1.74959
1	144.413
1	102.201
1	111.638
1	93.7128
1	44.2528
1	29.5799
1	57.7957
1	233.628
1	128.004
1	135.67
1	79.8565
1	112.936
1	177.499
0	13.8903
1	167.265
1	142.996
1	79.4692
1	234.665
1	93.6495
1	171.322
1	94.0026
1	239.018
0	59.3043
1	135.909
0	3.86672
1	88.4135
1	160.186
1	125.863
1	132.874
1	119.193
1	82.4324
1	86.0074
1	151.141
1	58.8364
0	9.09625
1	132.421
1	94.0082
1	47.2839
1	155.785
1	75.1941
1	69.1098
1	104.027
1	204.077
1	94.0681
1	118.754
1	132.089
1	87.0792
0	154.015
1	138.847
1	171.242
1	47.5928
1	86.4448
1	130.091
1	161.289
1	105.865
1	41.1757
1	101.456
1	79.1066
1	213.343
1	89.9512
1	151.395
1	107.573
1	117.574
1	316.008
1	109.54
1	136.402
1	81.7982
1	94.0686
1	83.4103
1	98.0334
1	148.52
1	232.56
1	111.978
0	12.1005
1	138.972
1	75.3043
1	110.593
1	104.349
1	164.704
1	102.379
1	114.084
1	71.107
1	95.2513
1	184.667
1	280.435
1	144.063
1	183.606
1	74.3618
1	80.8214
1	157.529
1	162.524
1	155.155
1	124.638
1	121.842
1	234.424
1	60.2273
1	180.862
1	116.118
1	103.881
1	43.0092
1	67.2219
1	32.8236
1	110.632
1	52.1072
1	96.0842
1	138.148
1	92.7951
1	61.1273
1	150.14
1	65.6916
1	32.5032
1	73.1855
1	86.2675
1	46.1447
1	101.76
1	67.8854
1	86.5461
1	210.457
1	183.08
1	102.671
1	118.499
1	89.569
1	77.7069
1	135.243
1	97.0861
1	101.947
1	171.512
1	157.484
1	60.9068
1	144.532
1	120.093
1	80.8344
1	131.227
1	35.698
1	92.891
1	112.135
1	115.068
1	84.7404
1	91.9061
1	137.331
1	72.2122
1	116.779
1	105.579
1	73.0439
1	72.8995
1	119.57
1	98.3889
1	63.8483
1	77.8251
1	78.666
1	96.1885
1	63.7627
1	176.061
1	99.1051
1	125.958
1	118.185
1	94.3434
1	78.2693
1	168.405
1	60.3077
1	127.516
1	101.109
0	3.98326
1	60.3382
1	128.191
1	136.264
1	196.808
1	149.42
1	108.277
1	148.163
1	108.238
1	94.3374
1	55.6359
1	255.186
1	129.829
1	53.911
1	135.253
1	71.5054
1	151.232
1	127.716
1	127.563
1	61.9483
1	75.5088
0	17.0468
1	168.814
1	93.4295
0	169.937
1	63.4807
1	69.1444
1	60.1707
1	156.594
1	112.997
1	157.409
1	61.1132
1	91.1623
1	122.266
1	58.7972
1	91.462
1	47.5941
1	60.2869
1	117.499
1	194.499
1	80.5727
1	117.799
1	92.7068
1	61.0351
1	87.2681
1	89.176
1	157.029
1	175.042
1	93.3089
1	153.463
1	81.4785
1	123.108
1	107.861
1	161.806
1	89.4226
1	122.218
1	102.409
1	73.3636
1	79.8881
1	161.212
1	82.7474
1	103.927
1	111.658
1	86.7248
1	194.462
1	89.0383
1	114.165
1	148.1
1	112.647
1	54.0695
1	72.4132
1	192.75
1	76.1482
1	98.2701
1	196.325
1	116.541
1	197.094
1	96.8255
1	34.3126
1	84.9367
1	136.133
1	81.5672
1	113.014
1	103.191
1	55.3007
1	45.9724
1	64.556
1	109.578
1	154.706
1	53.8628
1	93.6332
1	104.734
1	248.995
1	166.458
1	59.9978
1	22.5571
0	10.2546
1	65.8914
1	75.3097
1	63.4176
1	143.029
1	171.577
1	156.409
1	120.664
1	54.205
1	144.431
1	90.6447
0	48.0358
1	78.0123
1	68.2244
1	134.494
1	72.4742
1	118.431
1	185.611
1	95.0048
1	171.192
1	78.8787
1	96.023
1	55.0866
1	149.431
1	161.48
1	187.229
1	83.9569
1	70.9964
1	73.0932
1	127.905
0	15.9054
1	49.6865
1	52.9479
1	199.468
1	82.5236
0	167.937
1	47.6928
1	92.5664
1	116.867
1	143.082
1	59.5491
1	93.2862
1	113.083
1	95.851
0	11.3344
1	99.5262
1	101.078
1	106.156
1	84.9319
1	130.104
1	184.106
1	295.925
1	129.694
1	126.973
1	81.1243
1	156.027
1	140.491
1	76.0911
1	142.548
1	282.111
1	159.81
1	69.3242
1	199.529
1	166.258
1	158.248
1	75.2279
1	213.896
1	189.373
1	87.3511
1	76.1687
1	76.038
1	42.5896
1	142.909
1	177.288
1	209.941
1	70.5548
1	110.716
1	64.5093
1	63.4185
1	130.704
1	67.1702
1	183.725
1	99.4902
1	94.2842
1	53.9759
1	146.753
1	96.301
1	178.141
0	8.84796
1	46.0505
1	204.726
1	81.2761
1	69.6978
1	52.7327
1	77.6828
1	104.692
0	52.2891
1	156.908
1	138.287
1	160.765
1	127.22
1	68.2848
1	69.8039
1	187.493
1	104.413
1	158.926
1	40.1865
1	186.356
1	79.999
1	95.0583
1	177.083
1	89.072
1	120.301
1	145.1
1	68.7572
1	155.184
1	227.819
1	188.012
1	97.8195
1	78.6207
1	119.146
1	55.698
1	29.7934
1	95.3664
1	61.1549
1	114.492
1	71.676
1	47.0482
1	196.915
1	268.807
1	117.545
1	153.759
1	70.2441
1	93.1858
1	63.7587
1	97.2428
1	79.3176
1	164.608
1	147.254
0	70.8001
1	130.915
1	145.994
1	149.796
1	75.7755
1	88.4175
1	73.2128
1	165.481
1	108.114
1	63.1968
1	137.585
1	73.9889
1	99.4173
1	71.7374
1	142.475
1	137.705
1	63.2294
1	40.0876
0	15.2263
1	98.9742
1	51.4801
1	103.92
1	210.039
1	151.841
1	86.042
1	106.057
1	182.105
1	90.9272
1	175.703
1	105.183
1	91.5693
1	134.507
1	86.0652
1	192.797
1	57.3993
1	140.913
1	107.516
1	103.243
1	168.756
1	97.6049
1	105.653
1	59.824
1	77.7631
1	78.5603
1	135.113
1	57.0074
1	238.952
1	46.1657
1	77.9342
1	83.9234
1	61.1522
1	60.566
1	91.1602
1	100.727
1	65.7477
1	112.532
1	84.0652
1	88.2525
1	161.159
1	270.39
1	153.704
1	153.751
1	99.7274
1	83.7961
1	94.0935
1	112.476
1	66.4312
1	184.49
1	44.3208
1	123.244
1	64.4536
1	81.2199
1	134.08
1	104.135
1	81.6
1	101.874
1	113.558
1	75.0386
0	41.3676
1	105.77
1	140.229
1	116.618
1	95.0734
1	96.8287
1	85.8593
1	52.2264
1	127.312
1	57.0379
1	156.724
1	138.779
1	112.228
1	91.4644
1	50.8001
1	461.21
1	32.4134
1	109.95
1	104.246
1	57.1125
1	52.1136
1	101.549
0	71.6616
1	70.8838
1	80.5273
1	126.815
1	131.332
1	106.201
1	86.9476
1	134.409
1	65.5465
1	95.6892
1	76.8186
1	79.1226
1	106.341
1	148.468
1	83.0084
1	129.729
1	144.634
1	65.671
1	189.974
1	59.8537
1	116.124
1	101.569
1	155.932
1	107.058
1	78.1739
1	128.247
1	235.85
1	107.14
1	79.9848
1	92.2847
0	6.93463
1	156.762
1	28.6665
1	191.871
1	101.828
1	57.3205
1	109.955
1	296.897
1	196.359
1	72.5777
1	57.9825
1	136.991
1	58.2811
1	125.525
1	121.142
1	87.5466
1	177.365
1	89.0379
1	86.368
1	355.704
1	66.1348
1	132.511
1	132.658
1	130.59
1	118.08
1	161.213
1	110.632
1	159.994
1	145.132
1	64.58
1	53.1737
1	129.383
0	47.3077
1	53.9428
1	93.4493
0	16.8963
1	90.6619
1	45.7759
1	84.3467
1	112.843
1	84.7518
0	34.7045
1	65.8658
1	57.4936
1	176.188
1	78.9826
1	60.3339
1	115.498
1	80.4162
1	316.052
1	113.01
1	86.4013
1	108.383
1	62.0935
1	84.3432
1	55.8925
1	174.651
1	63.7614
1	114.505
1	134.506
1	55.9117
1	65.2484
1	132.379
1	87.599
1	26.2764
0	20.4216
1	119.789
1	161.538
1	187.274
1	96.5705
1	150.717
1	46.8073
1	88.2479
1	147.687
1	143.359
1	26.4126
1	100.381
0	23.3164
1	69.2215
1	66.4796
1	85.3447
1	96.1684
1	190.163
1	171.543
1	200.503
1	90.7353
1	94.1306
1	91.5225
1	72.3536
1	81.3748
1	86.5559
1	42.8868
1	98.3656
1	59.8955
1	82.5291
0	10.2708
1	127.326
1	99.1179
1	216.539
1	117.022
1	99.4169
1	37.5361
1	93.8918
1	152.761
1	67.0723
1	103.384
1	99.6606
1	116.558
1	75.0264
1	66.0047
1	74.238
1	68.7578
1	49.4305
1	124.291
1	116.834
1	86.1599
1	248.43
1	53.8298
1	60.5267
1	58.7873
1	89.9143
1	137.546
1	67.2778
1	83.3727
1	125.82
1	53.7479
1	194.946
1	67.6197
1	249.327
1	205.561
1	131.016
1	188.064
1	84.2346
1	62.5889
1	133.382
1	79.1634
1	66.3061
1	47.2295
1	160.382
1	61.1489
1	111.015
1	63.4463
1	105.358
1	133.805
1	110.114
1	68.4945
1	82.507
1	56.2855
1	98.9663
1	64.4633
1	110.866
1	118.323
1	125.787
1	158.926
1	112.301
1	144.399
1	114.808
1	83.383
1	106.512
1	171.171
1	70.1397
1	174.049
1	104.45
1	75.6536
1	109.944
1	162.78
1	91.7432
1	158.325
1	141.683
1	322.816
1	32.4828
1	187.814
1	75.0166
1	75.6873
1	68.397
1	47.8815
1	192.343
1	140.715
1	95.6817
1	127.077
1	73.6407
1	215.509
1	102.384
1	98.0306
1	112.689
1	92.3724
1	106.846
1	109.567
1	33.0572
1	79.7996
1	114.789
1	182.94
1	164.969
1	50.1193
1	128.514
1	78.9513
1	55.3149
1	156.614
1	41.8543
1	187.083
1	84.4245
1	100.845
1	108.944
1	100.236
1	102.514
1	39.5546
1	152.21
1	185.165
1	103.521
1	177.974
1	92.1425
1	166.694
1	145.21
1	108.006
1	182.139
1	219.304
1	162.065
1	122.985
1	60.1736
1	104.881
1	103.586
1	182.206
1	61.9107
1	64.0307
1	41.3165
1	85.2675
1	86.6594
1	141.569
1	72.9563
1	107.443
1	150.054
1	60.2792
1	48.5634
1	79.9036
1	162.189
1	204.867
1	172.29
1	135.762
1	73.4513
1	126.983
1	51.8253
1	197.088
1	120.868
1	108.596
1	101.971
1	169.681
0	113.87
1	62.6838
1	133.254
1	65.747
1	73.6862
1	389.654
1	107.008
1	63.4205
1	206.892
1	85.9573
1	52.5042
1	182.034
1	89.7989
1	95.7894
1	146.865
1	110.231
1	157.329
1	146.779
1	78.9406
1	78.9513
1	53.2753
1	136.873
1	91.9726
1	145.491
1	75.3242
1	75.0728
1	145.274
1	130.828
1	64.1096
1	170.101
1	113.18
1	47.0764
1	132.177
1	110.76
1	149.447
1	98.1211
1	153.806
0	22.915
1	129.991
1	86.8401
1	157.758
1	83.2039
1	143.913
1	57.0459
1	32.2691
1	110.142
0	32.5104
1	88.058
1	51.174
1	90.9066
1	111.325
1	191.161
1	74.4703
0	19.5917
1	188.033
1	211.162
1	82.58
1	113.999
1	158.957
1	90.3214
1	194.331
1	42.7651
1	83.7751
1	64.2045
1	57.6786
1	50.0101
1	44.4202
1	117.588
1	148.5
1	170.358
1	103.57
1	103.414
1	88.693
1	74.0963
1	128.541
1	100.856
1	116.478
1	160.111
1	89.5745
1	55.7208
1	89.2948
1	296.931
1	83.1729
1	173.987
1	88.1935
1	95.7761
1	253.622
1	136.914
1	71.823
1	124.396
1	145.897
1	170.283
1	73.7576
1	64.058
1	109.632
1	100.191
1	138.079
1	90.8471
1	160.125
1	140.776
1	76.1381
1	87.0694
1	66.2575
1	47.311
1	99.2213
1	120.241
1	72.9626
1	69.8335
1	52.7449
1	119.803
1	73.0283
1	91.8645
1	69.8602
1	71.7039
1	133.777
1	94.9018
1	101.363
1	55.106
1	55.8074
1	186.868
1	44.5253
1	94.8458
1	160.028
1	114.209
1	135.647
1	63.0928
1	107.113
1	142.061
1	102.233
1	110.464
1	75.1732
1	38.0417
1	121.356
1	178.478
0	20.6625
1	84.5229
1	131.316
1	89.785
1	85.5504
1	97.3371
1	45.0552
1	157.347
1	65.4237
1	86.4384
1	224.449
1	56.9058
1	119.589
1	89.4878
1	115.985
1	99.2608
1	74.959
1	63.1123
1	148.325
1	93.4058
1	232.243
1	64.7458
1	130.672
1	59.6276
1	85.6907
1	135.37
1	73.0242
1	159.738
1	99.1322
1	263.796
1	46.7797
0	5.55841
1	93.0585
1	109.812
1	125.929
1	252.137
1	114.722
1	109.12
1	81.8618
1	70.8045
1	89.301
1	73.9878
1	23.5042
0	11.1722
1	103.754
1	98.4483
1	222.486
1	179.236
1	174.982
1	71.4265
0	15.4852
1	80.2001
1	118.283
1	161.052
1	114.796
1	159.571
1	160.799
1	229.307
1	78.3991
1	105.752
1	127.054
1	129.633
1	100.571
1	67.5605
1	91.5887
1	105.478
0	12.8215
1	109.376
1	119.217
1	97.7335
1	58.591
1	87.4864
1	94.812
1	104.93
1	104.892
1	64.0056
1	67.5996
1	166.679
1	102.497
1	188.889
1	83.1045
1	125.939
1	183.94
1	116.057
0	45.2428
1	115.301
1	113.372
1	40.3443
1	80.862
1	114.322
1	79.9836
1	133.976
1	73.8205
1	191.424
1	108.734
1	73.6777
1	113.77
1	71.2898
1	98.7872
1	116.769
1	212.511
1	160.271
1	86.6821
1	107.012
0	34.321
1	127.476
1	103.781
1	139.314
1	147.415
1	194.381
1	95.2505
0	46.727
1	107.405
1	60.0254
1	150.829
1	101.248
1	87.962
1	117.09
1	85.9262
1	196.78
1	97.6432
1	82.2388
1	96.5661
1	51.1198
1	154.538
1	48.8314
1	259.372
1	84.285
1	83.354
1	103.012
1	69.2077
1	94.7747
1	87.1603
1	200.676
1	118.103
1	132.885
1	52.1837
0	17.2523
1	48.1218
1	132.528
1	53.7688
1	78.042
1	78.9979
1	143.332
1	43.0501
1	92.7349
1	141.736
1	105.308
1	93.369
1	122.018
1	115.472
0	96.9071
1	65.1508
1	104.226
1	116.659
1	64.1343
1	76.9222
1	50.5662
1	64.6356
1	112.998
1	142.689
1	158.73
1	161.971
1	75.5336
1	52.4218
1	120.747
1	132.663
1	151.857
1	110.528
1	103.467
1	122.75
1	72.1039
0	20.7904
1	119.569
1	159.816
1	159.261
1	54.1791
1	83.5567
1	86.3239
1	83.8269
1	224.475
1	204.071
1	305.146
1	92.2232
1	132.774
1	97.2335
1	59.2185
1	112.131
1	162.608
1	119.118
1	116.218
1	122.429
1	145.955
1	63.8995
1	196.518
1	56.0675
1	103.083
1	65.199
1	56.5477
1	48.244
1	112.437
1	65.3297
1	133.386
1	94.8841
1	99.8437
1	70.5699
1	84.1144
1	86.1705
1	70.9318
1	151.129
1	72.2723
1	60.1293
1	64.3081
1	89.6933
0	70.8013
1	124.487
1	83.8366
1	108.573
1	75.8693
1	211.586
1	122.187
1	124.259
1	56.8856
1	117.109
1	95.8573
1	227.88
1	94.0732
1	152.02
1	170.675
1	105.219
1	55.3452
1	100.461
1	158.326
1	120.19
1	119.253
1	84.8345
1	39.1527
1	174.706
1	123.583
1	126.272
1	156.235
1	166.519
1	114.84
1	93.2771
1	262.269
1	62.4896
1	68.026
1	44.3967
1	113.753
1	94.8899
1	130.965
1	89.3568
1	183.354
1	138.51
1	87.9484
1	62.9009
1	83.0512
1	148.669
1	98.0485
1	74.8927
1	125.36
1	84.1189
1	87.3007
1	155.637
1	59.6444
1	66.5266
1	132.365
1	43.4789
1	112.75
1	165.755
1	86.9082
1	80.0911
1	127.041
0	20.0064
1	127.072
1	228.03
1	120.276
1	87.2125
1	46.2858
1	102.883
1	81.7661
1	157.585
1	120.174
1	112.309
1	199.395
1	159.337
1	92.3054
1	132.069
1	82.5297
1	78.0499
1	153.014
1	68.1768
1	59.6304
1	233.502
1	87.2905
1	133.374
1	64.6322
1	286.917
1	84.3697
1	106.031
0	40.0594
1	233.696
1	52.9157
1	88.8863
1	26.8384
1	125.042
1	156.462
1	106.484
1	116.743
1	63.5023
1	100.956
1	140.521
1	57.7666
1	121.885
1	91.0375
1	186.532
1	181.934
1	67.2606
1	55.005
1	88.6714
1	154.103
1	167.029
1	117.003
1	95.6393
1	69.4645
1	118.595
1	106.227
1	225.849
1	161.736
1	72.8783
1	116.885
1	69.6661
1	132.812
1	134.365
1	227.596
1	75.7619
1	77.5313
1	43.7941
1	93.6662
1	199.118
1	213.088
1	74.4666
1	137.352
1	109.195
1	52.93
1	37.2376
1	120.941
1	144.499
1	52.079
1	88.2693
1	85.4592
1	98.3674
1	165.591
1	89.4325
1	86.2551
1	159.117
1	177.393
1	68.3208
1	164.047
1	85.1899
1	44.3756
1	78.5965
1	158.672
1	98.5457
1	140.691
1	97.7668
1	89.3528
1	87.5216
1	107.505
1	87.1988
1	82.233
1	88.907
0	62.8362
1	82.364
1	136.457
1	40.4428
1	234.202
1	122.69
1	114.806
1	206.877
1	148.041
1	77.3239
1	164.392
0	6.08956
0	167.051
1	96.4036
1	54.6074
1	176.848
1	197.547
0	2.98304
1	57.5363
1	61.9487
1	204.405
1	68.8331
1	121.169
1	110.397
1	148.426
1	94.5661
1	99.7579
1	166.067
1	163.962
1	52.079
1	59.1986
1	271.698
1	71.8102
1	59.1978
1	81.1557
1	200.999
1	105.778
1	62.767
1	59.0399
1	76.095
1	118.401
1	78.4529
1	166.058
1	137.844
1	148.524
1	98.1207
1	42.022
1	60.5613
1	123.57
1	121.394
1	219.128
1	98.0734
1	57.5065
1	82.703
1	131.393
1	123.008
1	52.2503
1	125.624
1	150.396
1	213.576
1	95.9093
1	88.6304
1	108.538
0	155.16
1	94.672
1	45.4231
1	73.422
1	294.533
1	82.2002
1	141.563
1	114.246
1	138.554
1	261.517
1	55.3672
1	188.13
1	70.847
1	94.4482
1	130.104
1	124.278
1	107.966
1	195.055
1	50.1487
1	104.079
1	166.357
1	119.973
1	33.5077
1	121.805
1	145.57
1	202.836
1	77.3718
1	104.78
1	66.9873
1	245.091
0	14.0205
1	187.172
1	116.6
1	82.9628
1	110.717
1	79.9524
0	5.45647
1	88.3964
1	121.366
1	61.8175
1	108.381
1	142.031
1	158.509
1	207.366
1	108.032
1	213.748
0	12.2212
1	122.767
1	125.915
1	121.49
1	219.956
1	108.523
0	75.4076
1	131.593
1	104.812
1	107.435
1	123.259
1	131.498
1	143.258
1	159.477
1	197.81
1	170.15
1	82.9721
1	88.7394
1	184.365
1	141.062
1	102.924
1	117.102
1	72.7886
1	143.133
1	71.9968
1	56.232
1	175.682
1	81.6734
1	117.393
1	112.862
1	110.834
1	94.0228
1	148.817
1	89.7921
0	30.667
1	62.319
1	128.854
1	63.8642
1	167.626
0	30.6896
1	132.875
1	58.2265
1	204.802
1	85.4604
1	113.725
1	135.786
1	195.085
1	138.334
1	238.421
1	108.858
1	97.258
1	108.254
1	169.335
1	81.0615
1	185.482
1	113.921
1	292.586
1	89.4732
1	69.224
1	154.046
1	83.7852
1	54.8085
1	98.3251
1	84.5807
1	111.979
1	45.9529
1	58.7037
1	199.594
1	75.1103
1	187.535
1	119.384
1	140.624
1	89.3084
1	93.0671
1	86.095
0	16.3172
1	125.239
1	52.3135
1	124.461
1	253.786
1	69.2182
1	158.412
1	73.4797
1	125.031
1	153.318
1	47.494
1	40.7442
1	99.0741
1	162.288
1	121.653
1	150.398
1	109.305
1	69.4691
1	61.1752
0	98.4399
1	64.5628
1	97.0647
1	103.351
1	199.7
1	112.555
1	79.9457
1	107.458
1	133.586
1	179.398
0	14.1937
1	127.389
1	158.488
1	58.9883
1	90.9415
1	139.815
1	59.6387
1	187.471
1	132.702
0	76.7598
1	58.4383
1	96.1341
1	196.999
1	89.6802
1	217.465
1	92.4146
1	104.345
1	197.244
1	128.754
1	138.373
1	125.562
1	188.481
1	122.695
1	135.648
1	65.2165
0	15.5978
1	104.83
1	102.759
1	117.51
1	101.951
1	184.324
1	135.094
1	124.864
1	139.297
1	130.81
1	75.9995
1	99.2661
1	100.724
1	95.5713
1	65.8622
1	55.4191
1	161.478
1	161.824
1	88.634
1	52.7237
1	138.278
0	34.0914
1	76.6656
1	68.2825
1	89.3232
1	111.016
1	108.472
1	215.396
1	189.83
1	160.381
1	101.707
1	90.0688
1	121.802
1	88.7909
1	125.535
1	139.297
1	61.5794
1	82.9753
1	74.5174
1	82.1961
1	171.133
1	99.5594
1	126.748
1	64.0936
1	109.229
1	50.3842
0	10.6196
1	72.8877
1	107.914
1	147.369
1	184.081
1	116.536
1	119.351
1	85.2191
1	58.4357
1	74.2681
0	1.40445
1	108.217
1	322.12
1	136.041
1	108.783
1	54.3267
1	105.797
1	168.754
1	84.8741
1	196.574
0	176.942
1	39.2715
1	96.9929
1	119.947
1	118.657
1	62.6406
1	55.8843
1	117.424
1	55.3103
1	118.831
1	123.384
1	75.2563
1	76.3827
1	91.891
1	142.304
1	133.507
1	48.0871
1	216.044
1	54.1394
1	105.853
1	114.953
0	76.8831
1	124.084
1	58.6833
1	117.007
1	49.5479
1	120.713
1	174.069
1	71.9907
1	104.142
1	118.925
1	149.16
1	63.9025
1	91.7977
1	193.335
1	87.8321
1	149.611
1	96.4152
1	88.9895
1	50.8791
1	214.402
1	111.433
1	155.675
1	131.78
1	84.7275
1	96.0908
1	96.3442
1	76.5345
1	217.615
1	76.7961
1	81.0242
1	52.2121
1	161.681
1	38.2455
0	31.4234
1	85.2081
1	151.548
1	130.362
1	111.97
1	71.4602
1	106.058
1	76.6754
1	106.342
1	48.991
0	61.995
1	130.578
1	120.612
1	118.136
1	74.3158
1	193.679
1	126.111
1	116.111
1	144.585
1	106.953
1	376.63
1	111.712
1	100.474
1	49.5442
1	76.4476
1	72.5614
1	194.559
1	77.1932
1	95.1742
1	88.0323
1	184.336
1	186.606
1	115.021
1	108.02
1	126.059
1	105.159
1	120.035
1	116.941
1	73.725
1	62.7281
1	73.5871
1	120.638
1	83.8203
1	81.4909
1	188.266
1	94.9511
1	71.9732
0	84.7589
1	114.9
1	102.02
1	110.069
1	89.4619
1	58.6339
1	91.1993
1	93.9744
1	111.431
1	41.7264
1	77.7206
1	258.773
1	359.181
1	231.034
1	90.5178
1	109.132
1	71.7149
1	177.449
1	146.578
1	35.1767
1	122.956
1	254.316
1	243.263
1	161.693
1	98.0652
1	137.968
1	90.872
1	86.0672
0	11.6493
1	87.9014
1	98.8923
1	212.387
1	128.615
1	51.2711
1	47.7452
1	61.6231
1	92.7305
1	81.7791
1	106.664
1	85.7108
1	108.422
1	172.239
1	95.4057
1	46.3439
1	107.962
1	239.275
1	163.451
1	141.681
1	110.119
1	50.5942
1	108.012
1	184.437
1	149.024
1	97.6205
1	113.273
1	109.308
1	146.506
1	258.232
1	152.923
1	24.289
1	120.545
1	90.5254
1	209.407
0	42.2121
1	79.296
1	59.8204
1	100.306
1	188.634
1	59.4424
1	64.9098
1	180.639
1	141.985
1	88.4037
1	148.878
1	118.813
1	67.1352
1	61.3344
1	177.758
0	4.3239
1	82.2993
1	50.4828
1	156.108
1	145.704
1	124.008
1	58.7122
1	134.315
1	104.388
1	168.701
1	146.115
1	58.3755
1	124.803
1	117.336
1	56.2067
1	281.377
1	230.981
1	117.053
1	82.1397
1	57.5496
1	84.9692
1	92.0619
1	122.961
1	35.1202
1	198.542
1	189.756
1	238.158
1	98.117
1	69.4655
1	136.551
1	99.7333
1	122.86
1	219.683
1	119.273
1	112.803
1	78.8623
1	166.453
1	104.607
1	129.965
1	49.3923
1	48.0595
1	74.8678
1	69.682
1	161.51
0	24.7876
1	144.558
1	61.4523
1	71.4924
1	135.836
1	82.9527
1	96.0097
0	32.0243
1	140.074
1	119.572
1	99.2041
1	39.4348
1	149.604
1	53.265
1	89.6423
0	29.6545
1	141.189
1	140.691
1	123.716
1	195.823
1	108.611
1	183.797
1	63.7494
1	212.828
1	155.939
1	118.667
1	89.8418
1	76.5944
1	85.0147
1	72.5667
1	87.3799
1	244.503
1	199.098
1	120.911
1	93.8563
1	88.4901
1	153.444
1	97.1993
1	117.669
1	79.5205
1	105.942
1	179.273
1	113.031
1	138.233
1	65.0625
1	57.5163
1	112.341
1	82.129
1	95.5931
1	86.333
1	111.108
1	85.6874
1	125.587
1	129.434
1	167.262
1	126.201
1	71.4302
1	180.197
1	301.317
1	158.531
1	154.631
1	126.072
1	300.429
1	176.745
1	120.334
1	109.878
1	58.9442
0	110.68
1	92.6642
1	97.0159
1	94.327
1	145.57
1	41.9972
1	136.402
1	134.59
1	55.5405
1	104.775
1	144.329
1	84.8596
1	112.546
1	145.118
1	118.943
1	131.717
1	128.619
1	74.9638
1	310.418
1	125.685
1	78.184
1	83.635
1	199.625
1	148.179
1	102.95
1	65.6262
1	146.213
1	97.9655
1	142.179
1	89.9965
1	138.18
1	81.5496
1	102.677
1	161.731
1	103.786
1	80.683
1	115.349
1	65.2478
1	118.27
1	40.7973
1	87.4862
1	104.665
1	116.386
1	94.4256
1	133.639
1	52.0667
1	102.573
1	76.4017
1	113.298
1	128.048
1	128.089
1	156.49
1	112.688
1	79.6145
1	63.2219
0	0.870145
1	160.001
1	124.09
1	97.9781
1	53.3782
1	87.2212
1	86.2075
1	47.8718
1	97.8427
1	229.443
1	67.508
1	107.438
1	89.225
1	75.7107
1	129.804
1	107.455
1	227.009
1	113.708
1	116.803
1	197.02
1	87.7486
1	172.207
0	21.2548
1	61.2023
1	101.009
1	46.5857
1	88.2934
1	134.968
1	118.997
1	79.1701
1	65.6192
1	46.6702
1	132.551
1	66.5446
1	87.3791
1	72.8766
1	251.204
1	102.912
1	136.611
1	80.3281
1	127.379
1	98.9551
1	57.6391
1	86.8535
1	55.114
1	68.2876
1	58.2971
1	92.528
1	62.6688
1	65.4488
1	101.649
1	205.762
1	216.968
1	123.615
1	90.8772
1	68.9556
1	217.119
1	209.108
1	89.7576
1	135.238
1	108.29
1	67.2973
1	165.483
1	84.2954
1	114.465
1	60.4432
1	112.073
1	113.725
1	149.713
1	268.481
1	123.419
1	50.0933
1	86.942
1	175.393
1	85.2629
1	74.5748
1	121.884
0	46.1765
1	64.4879
1	93.4136
1	73.7339
1	40.6962
1	60.2686
1	80.4588
1	70.1786
1	115.795
0	3.04979
1	151.459
1	223.421
1	160.395
1	126.203
1	174.602
1	139.985
1	91.5737
1	156.521
1	195.502
1	96.7374
1	66.0807
0	77.6167
1	87.0798
1	104.582
1	58.7892
1	76.7684
1	126.899
1	119.534
1	70.5385
1	117.632
1	118.201
1	32.2369
1	67.0069
1	58.2913
1	164.408
1	54.7282
1	185.898
1	87.6735
1	126.647
1	102.624
1	99.1584
1	66.5381
1	197.124
1	100.623
1	156.923
1	135.909
1	128.37
1	99.4458
1	95.6887
1	102.135
1	59.5455
1	126.045
0	23.4293
1	117.803
1	92.7121
1	144.633
1	185.9
1	73.4184
1	69.9127
1	83.5134
1	170.373
1	86.3604
1	115.307
1	110.397
1	130.186
1	120.458
1	145.794
1	78.517
1	92.1496
1	90.1951
1	86.9154
1	107.965
1	171.421
1	111.08
1	185.044
1	151.626
1	55.0269
0	15.9665
1	69.8775
1	202.547
1	88.3255
1	124.725
1	48.3099
1	61.9274
1	143.145
0	14.4213
1	150.301
1	90.9413
1	111.659
1	134.907
1	47.2968
1	115.613
1	99.6879
1	114.943
1	134.904
1	99.9065
1	52.3434
1	129.288
1	98.9657
1	107.54
1	53.9493
1	105.855
1	100.735
1	65.1021
1	193.225
1	225.958
1	155.179
1	80.6139
1	220.552
1	110.618
1	110.841
1	68.1249
1	120.516
1	146.03
1	44.1676
1	110.903
1	120.833
1	109.523
1	93.2405
1	133.509
1	87.0494
1	153.924
1	101.108
1	115.138
1	128.822
1	102.595
1	138.997
1	251.221
1	74.4488
1	185.757
1	167.403
1	169.702
1	100.904
1	152.074
1	89.708
1	119.013
1	96.7583
1	227.965
1	334.645
1	133.936
1	47.3239
1	55.3778
1	127.769
1	258.018
1	90.4495
1	194.822
1	84.9901
1	35.6072
1	78.2013
1	205.309
1	84.2621
0	2.65903
1	109.856
1	186.191
1	91.6643
1	181.788
1	40.717
1	265.149
1	101.705
1	59.5032
1	71.2319
1	87.5588
1	57.2624
0	21.9738
1	51.7815
1	38.6449
1	165.71
1	133.897
1	103.491
1	96.4626
1	87.1331
1	184.678
1	157.58
1	82.6345
1	148.124
1	88.4443
1	52.2097
1	47.0849
1	70.297
1	103.921
1	105.778
1	154.166
1	96.5606
1	203.31
1	61.0721
1	87.3038
1	200.506
1	133.845
1	82.0101
1	140.556
1	79.5945
1	91.6326
1	56.3408
1	114.062
1	168.943
1	63.6243
1	101.721
1	120.43
1	242.197
1	52.6814
1	71.2891
1	172.09
1	234.349
1	180.249
1	132.048
1	45.0687
1	59.8532
1	82.4821
1	87.5746
1	82.4212
1	72.9748
1	83.6955
1	131.92
1	103.202
1	175.541
1	120.149
1	98.2637
1	268.944
1	64.1333
1	88.3671
1	162.189
1	57.1303
1	247.01
1	269.738
1	148.222
1	284.416
1	39.8843
1	94.5123
1	83.6168
1	133.548
1	50.3065
1	128.219
1	85.03
1	211.298
1	156.946
1	87.2053
1	98.3442
1	123.379
1	77.7799
1	143.02
1	114.858
1	188.301
1	177.479
1	85.8175
1	137.598
1	125.563
1	223.786
1	116.436
1	87.0479
1	63.1175
1	105.294
1	73.3063
1	67.2517
1	120.662
1	186.239
1	226.435
1	82.2315
1	110.237
1	125.781
1	34.9712
1	66.7184
1	80.3942
1	56.7417
1	53.7069
1	74.4197
1	93.898
1	68.2385
1	76.0205
1	112.812
1	74.551
1	100.986
1	86.8492
1	123.726
1	45.4559
1	107.329
1	68.0486
1	100.121
1	246.331
1	123.36
1	79.9697
1	77.4055
1	111.117
1	107.05
1	63.093
1	224.427
1	107.736
1	100.426
1	167.33
1	92.12
1	179.824
1	75.5936
1	138.295
1	107.364
1	132.079
1	166.696
1	81.9541
1	66.4156
1	82.7026
1	92.9142
1	54.729
1	129.603
1	66.3387
1	167.458
1	64.2007
1	141.278
1	134.051
1	95.0094
1	84.7113
1	106.698
1	81.6049
1	60.041
1	162.762
1	59.9572
1	99.8163
1	138.737
1	93.9185
1	111.652
0	42.447
1	162.915
1	90.7868
1	73.4891
1	114.008
1	97.4838
1	116.084
0	4.00367
1	210.751
1	111.721
1	132.517
1	164.047
1	209.27
1	128.162
1	40.6249
1	82.1807
0	43.1924
1	55.5524
1	92.0664
1	83.5867
1	174.146
1	102.139
1	148.91
1	116.169
1	140.44
1	158.003
1	102.305
1	143.717
1	72.4044
1	132.359
1	129.964
1	154.216
1	287.486
1	101.098
1	90.2872
1	139.467
1	49.3546
1	69.2669
1	100.672
1	125.719
1	137.85
1	115.676
0	162.684
1	107.533
1	170.05
1	69.0837
1	91.3889
1	87.4951
1	153.7
0	27.8219
1	159.788
1	101.594
1	207.653
0	47.6147
1	283.08
1	105.431
1	135.411
1	65.5796
1	86.8838
1	96.1922
1	104.151
1	166.644
1	174.992
1	118.034
1	64.6652
1	81.7563
1	149.112
1	127.461
1	143.902
1	96.4989
1	145.188
1	95.5757
1	228.579
1	91.3324
1	85.6614
1	133.49
1	122.094
1	175.161
1	82.1052
1	141.173
1	154.229
1	118.252
0	6.30582
1	102.36
1	169.501
1	108.036
1	108.706
1	147.7
1	81.19
1	100.76
1	78.276
1	82.2375
1	171.422
1	131.44
1	277.088
1	58.5525
1	87.34
1	48.9266
1	56.0042
1	84.3916
1	94.9372
1	138.508
1	108.157
1	176.216
1	150.312
1	74.0876
1	173.245
1	66.6892
1	56.0951
1	109.063
1	98.8953
1	206.512
1	178.829
1	239.66
1	78.816
1	83.7878
1	93.2741
1	183.193
1	232.379
1	82.1765
1	56.6418
1	113.682
1	102.993
1	92.3556
1	68.658
1	124.336
0	52.9577
1	56.6547
1	74.6091
1	106.11
1	144.25
1	163.603
1	54.1332
1	47.546
1	47.4224
1	59.6761
1	178.642
1	116.723
1	147.705
1	87.2148
1	168.99
1	62.3339
1	84.04
1	184.825
1	141.315
1	74.5781
1	239.558
1	124.873
1	108.104
1	116.095
1	79.8506
1	85.6764
1	110.106
1	255.123
1	102.735
1	53.2497
1	88.7697
1	103.549
1	106.859
1	90.9295
1	101.798
1	145.971
1	96.0041
1	103.062
1	65.5757
1	191.87
1	167.157
1	58.7853
1	90.1452
1	90.8924
1	73.7428
1	87.8148
1	53.2035
0	137.161
1	201.103
1	87.1098
1	77.2422
1	137.706
1	68.2645
1	66.1361
1	105.979
1	69.8854
1	84.125
1	53.6156
1	80.9892
1	62.625
1	197.131
1	119.745
1	129.971
1	99.1914
1	120.36
1	57.7547
1	108.178
1	61.5299
1	62.8526
1	171.582
1	110.236
1	84.812
1	123.1
1	39.8002
1	66.4747
1	63.898
0	78.3009
1	68.8079
1	89.335
1	84.6274
0	87.3422
1	45.912
0	28.0148
1	110.448
1	200.304
1	57.2636
1	102.1
1	131.994
1	79.244
1	88.3293
1	114.673
1	67.2742
1	77.2294
1	77.7235
1	74.3554
1	55.9673
1	95.5378
0	40.1449
1	120.184
1	95.2393
1	131.796
1	162.076
1	65.3008
1	156.594
1	168.112
1	61.1972
1	52.2323
1	54.4148
1	85.6366
1	163.974
1	83.9814
1	83.5511
1	73.8551
1	55.5967
1	125.479
1	83.6926
1	126.979
1	109.414
1	73.4594
1	102.636
1	153.759
1	83.6921
1	71.9709
1	134.403
1	70.9284
1	65.4036
1	148.218
0	33.3249
1	102.477
1	113.111
1	73.1337
1	56.9733
1	52.8518
1	108.575
1	124.195
1	126.199
1	38.3337
1	81.9329
1	145.906
1	218.864
1	216.593
1	74.5196
1	69.073
1	54.2769
1	159.777
1	144.109
1	138.464
1	81.9135
1	74.9804
1	107.65
1	120.968
1	124.617
1	71.7699
1	135.504
1	92.3858
1	82.454
1	89.9804
1	132.913
1	113.382
1	52.6384
1	82.5313
1	68.7581
1	75.9434
1	31.1466
1	100.432
1	98.6863
1	94.0609
1	107.311
1	101.386
0	79.9599
1	47.8252
1	43.0845
1	86.3007
1	77.5402
1	98.9702
1	245.387
1	106.037
1	93.7627
1	84.0912
1	298.156
1	115.359
1	71.8506
1	191.377
1	187.579
1	111.804
1	251.735
1	99.0936
1	171.737
1	42.3135
1	85.5706
1	40.9413
1	134.796
1	134.643
1	204.522
1	199.077
1	96.255
1	52.4473
1	186.239
1	90.2931
1	109.592
1	94.8636
1	156.101
1	106.977
1	233.729
1	94.9418
1	94.0353
1	91.8165
1	47.1877
1	119.787
1	62.0523
1	143.102
1	246.581
1	142.248
1	109.168
1	220.814
1	50.0851
0	60.6103
1	113.027
1	46.1159
1	119.909
1	104.318
1	84.9992
1	74.626
1	88.1982
1	108.059
1	51.3055
1	182.958
1	90.301
1	212.296
1	138.043
1	119.978
1	126.257
1	278.516
1	114.438
1	121.457
1	136.013
1	80.3597
1	130.306
1	180.818
0	30.4278
1	104.755
1	126.598
1	146.491
1	78.4649
1	84.2547
1	178.83
1	168.461
1	60.6498
1	73.3349
1	91.2682
0	107.079
1	150.587
0	8.07964
1	69.2515
1	24.1424
1	197.998
1	150.843
1	32.8349
1	78.9995
1	135.847
1	166.417
1	186.914
1	52.5348
1	160.547
1	79.7737
1	114.073
1	51.1009
1	118.385
1	61.915
1	144.77
1	94.8918
1	149.554
1	152.583
1	44.453
1	65.1341
1	127.151
1	64.5851
1	64.4526
1	222.302
1	40.9191
1	81.3895
1	78.3401
1	74.7506
0	11.7438
1	114.025
1	354.552
1	110.422
1	183.634
1	150.538
1	167.063
1	73.0149
1	131.993
1	139.456
1	171.036
1	56.6194
1	112.206
1	115.445
1	61.0183
1	148.541
1	81.56
1	105.02
1	68.3392
1	109.403
1	123.247
1	120.822
1	163.471
1	258.225
1	111.498
1	218.465
1	74.4173
1	70.8554
1	82.6471
1	64.0885
1	48.8556
1	219.66
1	72.2785
1	33.758
1	114.415
1	99.6241
0	124.224
0	10.593
1	64.6571
1	281.707
1	62.2209
1	121.006
1	85.5426
1	139.883
1	128.334
1	103.278
1	87.37
1	151.404
0	10.3247
1	149.24
1	71.9663
1	122.15
1	59.3776
1	122.562
1	90.9066
1	138.268
1	52.9425
1	122.002
1	80.5603
1	65.1185
1	180.316
1	103.747
1	90.9151
1	63.2141
1	294.336
1	119.516
1	69.0519
1	69.0128
1	105.128
1	87.89
1	93.3104
1	145.845
1	84.3496
1	131.556
1	85.2285
1	102.449
1	94.4229
1	234.433
1	123.37
1	84.3982
1	71.2763
1	215.452
1	243.297
1	52.1785
1	80.3633
1	32.2362
1	163.486
1	64.3623
1	52.5253
1	172.016
1	89.6725
1	84.4871
1	62.0197
1	88.2718
1	139.033
1	52.1977
1	77.4138
1	50.6252
1	208.668
1	126.042
1	112.992
1	76.0932
1	83.021
1	69.107
1	56.6526
1	99.7704
1	105.963
1	96.6183
1	131.064
1	186.17
1	210.529
1	168.252
1	48.5336
1	184.36
1	107.068
1	246.647
1	116.486
1	114.462
1	41.4178
1	103.773
1	58.4242
1	103.161
1	208.57
1	72.0091
1	94.0918
1	122.111
1	91.5559
1	40.4064
1	154.644
1	45.9716
1	73.3932
1	77.0628
1	123.451
1	139.541
1	120.868
1	75.8038
0	6.40221
1	59.7693
1	80.9029
1	72.2093
1	137.211
1	122.506
1	118.637
1	147.303
1	60.2942
1	112.368
1	86.7536
1	81.1926
1	106.979
1	167.4
1	81.0212
1	115.217
1	81.0716
1	238.295
1	116.321
1	119.342
1	105.204
1	85.7631
1	54.8738
1	56.6836
1	295.552
1	106.049
1	53.3345
1	57.1213
1	119.322
1	79.9578
1	130.021
1	159.444
1	69.2509
1	96.0596
1	162.888
1	47.7538
1	167.272
1	228.181
1	187.791
1	242.235
1	80.2819
1	124.772
1	107.586
1	167.25
1	90.6979
1	100.163
1	78.2118
1	63.7857
0	39.3364
1	53.4375
1	103.337
1	65.9454
1	83.3799
1	64.2261
1	57.6879
1	237.609
1	108.726
1	108.623
1	56.8943
1	156.238
1	139.962
1	201.583
1	139.845
1	333.942
0	16.2707
1	66.7074
1	69.5154
1	148.118
1	56.1354
1	95.8477
1	74.7843
1	190.078
1	66.9964
1	156.882
1	154.854
1	66.2765
1	98.3699
1	113.803
1	63.5725
1	124.437
1	54.53
1	67.508
1	34.4267
1	216.474
1	71.6585
1	115.74
1	110.314
1	107.959
1	93.671
1	51.4345
1	104.618
1	59.0613
1	87.7042
1	62.0941
1	101.473
1	44.6282
1	149.577
1	163.142
1	37.3675
1	116.025
1	120.313
1	86.3416
1	111.076
1	173.84
1	71.148
1	210.688
0	9.50583
1	102.534
1	151.449
1	76.1664
1	81.7672
1	85.4559
1	46.0019
1	77.8732
1	79.3767
1	134.677
1	164.458
1	101.289
1	260.71
1	135.789
1	159.057
1	30.957
1	62.4755
1	157.564
1	159.288
1	29.3553
1	92.5471
1	158.864
1	98.4051
1	124.426
1	89.2516
1	80.236
1	132.191
1	158.614
1	128.972
1	193.232
1	107.092
1	100.448
1	95.4798
1	193.617
1	80.401
1	88.7194
1	96.6346
1	67.1635
1	79.7695
1	191.265
1	35.9061
1	50.7994
1	97.5477
1	112.362
1	41.5963
1	107.624
1	58.821
1	90.3414
1	96.2005
1	85.4944
1	123.838
1	116.033
1	85.0452
1	72.8565
1	134.028
1	159.887
1	120.552
1	329.077
1	127.083
1	67.2518
0	2.18561
1	162.969
1	70.9965
1	73.3237
1	118.185
1	63.6649
1	41.6499
1	185.327
1	93.5352
1	60.8134
1	101.225
1	106.044
1	75.9631
1	87.9318
1	75.8156
1	113.898
1	82.4752
1	71.8985
1	118.52
1	98.3611
1	47.6
1	116.127
1	138.148
1	66.5401
1	59.169
1	180.769
1	81.752
1	45.1093
1	101.74
1	110.372
1	55.9109
1	50.3873
0	16.5288
1	90.4581
1	59.5709
1	107.076
0	8.66075
1	80.8276
1	149.667
1	109.712
1	77.5763
1	80.6399
1	166.475
1	233.347
1	133.119
1	127.392
1	102.691
1	82.2535
1	124.134
1	88.6763
1	117.062
1	53.4881
1	95.189
1	95.0969
1	297.855
1	84.6248
1	63.5964
1	56.8887
1	93.647
1	88.9468
1	186.49
1	110.131
1	122.602
1	100.583
1	128.867
1	36.1981
1	124.548
1	91.155
1	115.393
1	111.091
1	145.839
1	105.474
1	95.6204
1	165.616
1	110.412
1	53.1678
1	108.402
1	149.829
1	108.915
1	86.6069
1	237.469
1	151.726
1	83.3185
1	114.132
1	121.983
1	105.108
1	132.641
1	137.091
1	99.2444
1	103.771
1	112.809
1	30.5842
1	99.8978
1	139.964
1	200.26
1	145.466
1	168.188
1	179.613
1	28.3572
1	92.8297
1	97.4595
1	96.5059
1	128.38
1	79.1271
1	124.127
1	150.18
1	242.376
1	176.434
1	122.208
1	191.171
1	181.874
1	44.2621
1	181.339
1	67.873
0	35.3999
1	69.1216
1	47.3634
1	181.8
1	72.8103
1	68.8643
1	168.235
1	92.2246
1	79.6753
1	127.025
1	67.3335
1	59.9036
1	95.7422
1	82.3762
1	131.861
1	66.1359
1	91.153
1	119.783
1	113.87
1	203.951
1	51.2813
1	88.691
1	99.387
1	116.712
1	277.839
1	138.352
1	136.945
1	128.732
1	58.3983
1	189.136
1	332.413
1	54.99
1	81.789
1	121.336
1	68.5285
0	189.465
1	136.282
0	44.5881
1	124.038
1	76.2911
1	161.952
1	62.5725
1	120.983
1	48.0163
0	35.4946
1	90.2254
1	47.741
1	128.313
1	72.7562
1	62.2762
1	104.193
1	139.695
1	183.453
1	77.6824
1	71.7355
1	171.713
1	64.5632
1	84.4487
1	61.534
1	69.7354
1	160.858
1	75.6049
1	59.4963
1	139.937
1	93.2988
0	202.962
1	140.117
1	95.9068
1	220.419
1	49.0784
1	82.5565
1	58.6674
1	89.649
1	182.699
1	89.0778
1	81.1321
1	80.1246
0	76.1505
1	125.347
1	91.1689
1	64.7111
1	119.998
1	228.963
1	111.313
1	83.5066
1	72.186
1	101.184
1	171.479
1	84.6921
1	68.6577
1	81.4586
1	92.8507
1	106.795
0	6.94077
1	100.388
1	101.339
1	213.554
1	120.142
1	176.711
1	92.2756
1	120.665
1	193.95
1	147.734
1	102.129
1	80.0327
1	97.2531
1	110.151
1	173.298
1	173.766
1	122.403
1	100.771
1	104.604
1	64.1065
1	159.655
1	174.189
1	142.8
1	179.643
1	48.409
1	83.7157
1	96.7008
1	159.35
1	158.358
1	64.0825
1	161.863
0	3.66781
1	152.239
1	121.548
1	43.4531
1	120.429
1	188.474
1	126.675
1	60.9857
1	242.278
1	113.333
1	54.5205
1	74.16
1	161.596
1	128.33
1	108.634
1	94.4333
1	66.0477
1	86.8711
1	133.999
1	102.599
1	169.196
1	45.4371
1	116.97
1	157.036
1	182.969
1	54.2652
1	94.7566
1	94.4206
1	43.9171
0	3.34495
1	148.11
1	125.136
1	215.475
1	76.8873
1	106.59
1	83.2111
1	67.1749
1	143.09
1	186.818
1	137.42
1	112.138
1	72.5131
1	58.0887
1	85.2316
1	109.479
1	79.0025
1	93.1377
1	77.7329
1	100.269
1	47.456
1	46.0971
1	142.218
1	180.01
1	151.44
1	102.699
1	98.1819
1	127.583
1	93.0597
1	74.9719
1	273.57
1	90.7355
0	53.1685
1	152.328
1	141.359
1	163.675
1	213.389
1	126.268
1	105.402
1	79.1059
1	96.5957
1	65.1401
1	126.886
1	195.973
1	90.9248
1	203.365
1	117.116
1	59.731
1	153.055
1	196.798
1	109.095
1	96.642
1	70.1803
1	251.714
1	98.7936
1	102.256
1	55.351
1	149.157
1	204.345
1	81.2489
1	180.014
1	131.053
0	20.9955
1	95.2883
1	209.228
1	190.47
1	85.6251
1	52.1218
1	142.368
1	58.8924
1	139.996
1	91.0108
1	208.434
1	87.7537
1	104.885
1	55.5271
1	152.383
1	150.106
1	90.7718
1	134.659
1	43.8507
0	9.87145
1	172.535
1	68.4673
1	78.5397
1	87.6742
1	104.913
1	52.9136
1	104.612
1	202.098
1	104.162
1	86.2764
1	93.9632
1	60.4458
1	69.0213
1	86.6742
1	72.2255
1	130.001
1	87.151
1	75.4001
1	66.8839
1	147.619
1	40.1488
1	166.866
1	167.17
1	82.6593
1	156.603
1	205.372
1	95.1876
1	96.4632
1	67.0422
1	103.927
1	204.519
1	65.8565
1	118.349
1	190.445
1	94.6975
1	35.8698
1	142.121
1	54.4832
1	86.8386
1	139.261
1	61.5362
1	131.454
1	49.7692
1	99.9968
1	107.89
1	148.853
1	137.284
1	150.557
1	84.7433
1	64.7839
1	89.817
1	92.3743
1	97.1071
1	127.76
1	125.206
1	60.4513
0	11.1001
1	98.0732
1	70.9358
0	3.62383
1	111.987
1	175.802
1	104.115
1	112.311
1	81.841
1	70.7108
1	88.1602
1	89.7794
1	126.701
1	155.717
1	89.1936
1	157.75
1	212.592
1	142.478
1	54.8836
1	57.2415
1	181.038
1	100.692
1	170.792
1	64.6683
1	141.639
1	51.1954
1	77.719
1	181.599
1	91.206
1	123.3
1	112.796
1	74.7918
1	81.4288
1	118.956
1	33.7318
1	97.9312
1	88.2032
1	142.921
1	119.574
1	126.883
1	125.696
1	86.8112
1	119.087
1	67.5797
1	146.999
1	52.5094
1	116.029
1	155.653
1	61.7073
1	139.383
1	99.5886
1	82.6135
1	131.431
1	92.2309
0	51.1597
1	140.309
1	105.295
1	80.9535
1	120.04
1	103.641
1	118.165
1	105.73
1	149.567
1	128.615
1	54.2561
1	144.243
1	68.2722
1	166.124
0	188.541
1	104.134
1	48.7101
1	59.6379
1	48.8374
1	139.421
1	89.1419
1	66.6804
1	92.3236
1	107.246
1	179.061
1	48.9868
1	73.7625
1	200.55
1	131.275
1	122.005
1	192.093
1	81.9739
1	64.4461
1	195.702
1	106.662
1	157.706
1	152.167
1	61.9644
1	153.122
1	111.402
1	90.5243
1	108.317
1	121.329
1	156.059
1	115.104
1	64.1367
1	57.194
1	67.088
1	128.853
1	291.511
1	56.4754
1	124.307
1	121.971
1	88.9607
1	138.841
1	69.2229
1	60.1048
1	200.72
1	132.504
1	62.4386
1	59.1434
1	132.245
1	105.557
1	62.957
0	135.37
1	115.794
1	135.6
1	136.825
1	80.9389
1	50.634
1	145.575
1	142.552
1	136.873
1	97.392
1	169.9
1	54.2259
1	110.951
1	82.2289
1	168.714
1	174.107
1	65.1023
1	42.2923
1	91.6277
1	75.9867
1	132.526
1	236.637
1	137.182
1	99.4688
1	45.3233
1	96.7248
1	41.329
1	44.2977
1	140.243
1	109.219
1	91.1474
1	134.15
1	77.6939
1	116.753
1	100.93
1	35.1342
1	45.9022
1	112.577
1	101.296
1	75.7721
1	135.675
1	77.1635
1	103.556
1	155.683
1	141.71
1	80.5122
1	77.129
0	15.2857
1	41.0049
1	112.779
1	83.0095
1	178.61
1	267.929
1	128.566
1	56.8784
1	159.442
1	106.228
0	56.9086
1	52.474
1	172.697
1	129.3
1	115.816
1	65.1221
1	89.0461
1	89.3701
1	70.2246
1	39.1834
1	134.639
1	61.2783
1	95.3596
1	69.9112
1	233.732
1	119.301
1	57.7021
1	53.4675
1	64.2874
1	123.285
1	49.4294
1	51.9166
1	135.765
1	128.405
1	96.3888
1	89.6996
1	100.805
1	37.8846
1	228.634
1	148.436
1	98.0988
1	101.233
0	52.3837
1	56.2358
1	124.678
1	93.0433
1	83.7141
1	122.001
1	280.558
1	122.915
1	58.1811
1	90.8481
1	81.6407
1	96.0411
1	92.5201
1	80.2601
1	147.603
0	15.3338
1	60.0119
1	77.7711
1	74.9699
1	72.2309
1	157.76
1	119.465
1	147.768
1	108.214
1	51.254
1	104.633
1	76.1613
1	118.763
1	93.2208
1	165.597
1	59.3238
1	75.8984
1	43.9115
1	78.9949
1	61.2182
1	73.2326
1	90.3748
1	112.145
1	135.322
1	105.803
1	93.8907
1	229.689
1	35.486
1	73.1258
1	156.69
1	59.8983
0	93.9616
1	95.4959
1	88.2019
1	118.516
1	142.799
1	101.354
1	156.414
1	196.513
1	68.3116
1	68.6876
1	229.055
1	195.183
1	124.233
1	114.638
1	77.4881
1	173.456
1	112.366
1	90.9445
1	89.8134
1	162.364
1	125.454
1	89.0708
1	58.2652
1	120.478
1	72.0347
1	137.425
1	90.5522
1	83.3251
1	211.136
1	94.0377
1	161.302
1	56.7023
1	162.761
0	17.2542
1	131.829
1	103.649
1	84.5809
1	190.395
1	115.138
1	58.3737
1	100.596
1	84.9416
1	122.303
1	57.9433
1	66.1828
1	143.671
1	127.418
1	125.882
1	58.6485
1	177.768
1	74.852
1	77.904
1	104.854
1	90.6872
1	114.979
1	81.6193
1	84.0402
0	61.5011
1	71.1972
1	88.2965
1	80.5844
1	129.024
1	98.6568
1	179.466
1	70.5883
1	128.765
1	94.8127
1	149.188
1	79.8957
1	56.929
1	105.258
1	95.2761
1	60.4607
1	44.7414
1	175.287
1	113.325
1	111.797
1	124.356
1	69.0143
1	74.7497
1	93.6613
1	148.361
1	185.385
1	115.87
1	101.946
1	115.84
1	82.2955
1	111.778
1	79.691
1	97.8245
1	79.9423
1	103.276
1	85.6552
1	158.72
1	187.277
1	157.327
1	36.714
1	84.2402
1	78.7548
1	96.7678
1	177.837
1	145.353
1	110.304
1	174.417
1	83.1654
1	207.775
1	101.487
1	89.4249
1	57.3834
1	95.8251
1	89.1834
1	111.496
1	58.5358
1	107.604
1	96.0525
1	74.1948
1	86.0837
1	119.434
1	162.696
1	148.147
1	87.2519
1	136.921
0	83.766
1	53.9992
1	146.981
1	150.107
1	170.718
1	44.4091
1	183.604
1	199.253
1	130.659
1	167.352
1	146.181
1	99.0767
1	76.3704
1	87.7569
1	72.8391
1	120.284
1	76.3841
1	81.5107
1	69.59
1	70.5673
1	110.8
1	85.5071
1	112.204
1	32.5249
0	6.37206
1	198.21
1	26.4065
1	151.402
1	150.531
1	161.542
1	127.083
1	52.4858
1	210.723
1	39.0638
1	78.1041
1	136.399
1	121.694
1	62.5249
1	76.0046
1	143.563
1	110.029
1	78.3325
1	96.5342
1	62.6431
1	123.532
1	85.1715
1	116.002
1	104.766
1	108.256
0	9.40615
1	97.3456
1	92.2756
0	6.64833e-05
1	41.1195
1	50.4776
1	75.6441
1	128.767
1	82.5835
1	100.486
1	300.155
1	119.71
1	93.6485
1	178.22
1	85.9675
1	146.982
1	94.1857
1	46.3443
1	159.521
1	130.441
1	99.8737
1	157.54
0	15.7697
1	87.1948
1	52.7514
1	33.3996
1	79.6704
1	87.1931
1	130.056
1	75.2436
1	38.1898
1	83.3121
1	49.6868
1	87.3656
1	58.7258
1	100.107
1	37.1396
1	99.2895
1	127.137
1	101.49
1	52.5841
1	78.7703
1	173.932
1	111.039
1	112.779
0	26.602
1	105.737
1	99.9699
1	139.31
1	79.2005
1	128.195
1	82.5493
1	64.8449
1	129.363
0	17.9866
1	87.0103
1	106.279
0	3.84164
1	117.025
1	60.5722
1	91.696
1	79.8
1	217.864
1	74.5793
1	117.725
1	130.859
1	54.3273
1	99.3395
1	109.13
1	267.239
1	101.483
1	41.2941
1	85.7058
0	26.3558
0	130.573
1	276.696
1	118.086
1	55.5356
1	51.5361
1	119.881
1	123.889
1	86.2555
1	91.54
1	86.432
1	61.0116
1	122.672
1	233.239
1	159.385
1	140.533
1	107.437
1	80.0758
1	59.7504
1	219.112
1	107.721
1	204.081
1	143.829
1	64.7048
1	101.272
1	184.569
1	164.818
1	113.26
1	40.8077
0	31.1815
1	75.2858
1	102.779
1	87.8751
1	65.0598
1	112.897
1	79.3381
1	83.2075
1	183.397
1	58.7903
1	278.134
1	88.0581
1	366.955
1	107.174
1	80.3129
1	131.256
1	92.7004
1	91.9671
1	56.1646
1	74.3262
1	100.917
1	116.099
1	95.7424
1	99.4806
1	124.33
1	112.4
1	171.012
1	72.0577
1	73.0304
1	80.7571
1	119.66
1	154.839
1	104.101
1	53.0062
1	119.336
1	70.118
1	71.3338
1	117.656
1	219.177
1	199.573
1	59.5376
1	62.4271
1	59.2092
1	143.157
1	167.166
1	95.6721
1	135.619
1	71.6849
1	141.094
0	31.5433
1	85.1711
1	93.8196
1	108.78
1	121.735
1	95.9114
1	100.445
1	53.8815
1	114.354
1	52.5552
1	97.3588
1	83.1608
1	106.986
1	243.63
1	96.8754
1	134.192
1	71.4724
1	112.337
1	191.041
1	76.5886
0	13.5426
1	127.958
1	195.837
1	62.089
1	69.0658
1	149.673
1	145.366
1	114.792
1	112.149
1	74.2432
1	110.911
1	80.1675
1	230.981
1	83.25
1	49.2084
1	221.603
1	147.488
1	136.256
1	148.743
1	106.94
1	205.199
1	110.647
1	85.1085
1	179.34
1	157.015
1	94.8838
1	107.947
1	49.9093
1	103.563
1	170.057
1	36.0008
1	78.1552
1	149.207
1	86.1132
1	140.937
1	53.6938
1	220.265
1	134.213
1	99.465
1	91.2115
1	97.6162
1	120.433
1	258.432
1	77.0938
1	39.7871
1	99.4916
1	85.7755
1	173.809
1	69.4395
1	113.617
1	169.2
1	48.1096
1	199.764
1	59.8568
1	86.0737
1	52.0512
1	200.221
1	111.839
1	85.6159
1	238.719
1	122.081
0	6.61262
1	78.9638
1	108.457
1	175.947
1	107.89
1	78.4304
1	42.0871
1	92.2776
1	45.7101
1	142.411
1	136.469
1	120.111
1	71.4137
1	160.278
1	155.782
1	201.438
1	143.409
1	148.099
1	130.934
1	231.573
1	140.22
1	85.0464
1	68.7236
1	66.0113
1	156.12
1	144.264
1	179.681
1	230.109
1	99.5223
1	154.477
1	75.2078
1	46.3979
1	109.25
1	186.887
1	129.489
1	34.352
1	144.743
1	83.62
1	96.0437
1	111.304
1	161.279
1	152.456
1	154.699
1	196.293
1	90.1919
1	92.529
1	66.4082
1	101.126
1	107.272
1	115.602
1	138.024
1	43.0369
1	82.0956
1	117.2
1	81.6598
1	53.5999
1	120.229
1	100.378
1	204.143
1	133.797
1	137.707
1	169.612
1	150.077
1	82.6617
1	166.172
1	76.4093
0	9.16338
1	94.9748
1	146.95
1	147.082
1	274.814
1	56.1539
1	77.4212
1	197.718
1	86.4092
1	129.624
1	138.235
1	72.9402
1	49.8702
1	77.1572
1	123.571
1	228.341
0	72.0372
1	83.5778
1	104.136
1	186.448
1	83.6939
1	79.3779
1	124.043
1	77.1223
1	95.4795
1	90.1569
1	81.8615
1	70.9874
1	132.255
1	59.6159
1	163.357
1	32.0214
1	129.785
1	69.3535
1	154.156
1	90.0932
1	95.4282
1	107.258
1	111.471
1	85.324
1	49.0537
1	112.879
1	73.986
1	64.9139
1	95.6725
1	35.8791
1	72.2217
1	107.021
1	85.3388
1	92.9209
1	110.789
1	87.6323
1	234.365
1	137.163
1	181.138
1	117
1	106.534
1	205.891
1	138.414
1	113.226
1	100.614
1	142.03
0	12.1382
1	116.477
1	94.4244
1	106.321
1	182.497
1	91.9449
1	73.6734
1	85.6363
1	67.5445
1	83.6141
1	148.228
1	195.277
1	98.8342
1	52.469
1	142.563
1	111.532
1	224.62
1	44.1553
1	82.9619
1	101.482
1	96.7091
1	77.0119
1	31.4468
1	49.0824
1	133.731
1	67.8779
1	199.58
0	22.2909
1	52.4527
1	151.592
1	103.693
1	219.836
1	67.4425
1	90.4334
1	138.372
1	66.0012
1	165.712
1	143.144
1	71.5929
1	119.227
1	177.316
0	2.87002
1	95.3022
1	103.345
1	194.177
1	66.6563
1	167.93
1	99.3004
1	116.586
1	163.776
1	84.093
1	109.66
1	103.452
1	96.4539
1	61.3066
0	58.6071
1	93.2449
0	27.1424
1	54.178
1	126.513
1	99.9398
1	130.544
1	94.0085
1	57.0033
1	53.1512
1	45.6043
1	103.878
1	112.099
1	137.126
1	70.9989
1	148.036
1	42.0353
1	124.833
1	130.966
1	123.985
1	68.0186
1	55.6581
1	141.948
1	272.389
1	83.8456
1	117.684
1	68.4168
1	159.757
0	35.226
1	129.079
1	131.66
1	72.1473
1	119.509
1	176.76
1	140.129
1	102.933
1	118.804
1	120.213
1	92.9727
1	48.7771
1	108.841
1	99.3033
1	58.2144
1	177.213
1	80.544
1	99.4064
1	154.29
1	73.5423
1	191.915
1	53.8919
1	104.527
1	143.008
1	49.733
1	63.2979
1	84.6156
1	20.7683
1	112.258
1	120.329
1	56.097
1	218.446
1	123.439
1	60.9165
1	18.3812
1	92.8661
1	70.1525
1	107.561
1	104.825
1	115.472
1	108.186
1	154.443
1	164.884
1	105.955
1	101.265
1	128.833
1	71.6914
1	117.813
1	176.024
1	74.2428
1	72.9992
1	180.57
1	116.361
1	141.14
1	113.172
1	34.8245
1	89.8824
0	22.6401
1	53.2602
1	144.279
1	121.477
1	99.9596
1	138.534
1	117.247
1	129.017
1	129.324
1	106.507
1	191.957
1	279.015
1	84.7638
1	108.884
1	151.038
1	328.508
1	76.0305
1	169.11
1	81.4224
1	42.007
1	67.4684
1	144.884
1	98.6945
1	110.229
1	108.795
1	113.994
1	164.71
1	100.641
1	90.3037
1	81.548
1	46.1631
1	66.9958
0	17.034
1	277.544
1	68.0063
1	73.9485
1	112.584
1	113.668
1	51.8937
1	61.8899
1	27.1274
1	94.1393
1	53.4866
1	71.641
1	237.675
1	92.9134
0	70.2119
1	148.428
1	120.142
1	73.0787
1	113.773
1	90.7115
1	58.2045
1	129.515
1	105.819
1	276.378
0	25.9537
1	158.875
1	57.929
1	88.8651
1	105.717
1	105.828
0	65.1589
1	91.4986
1	63.3218
1	78.9315
1	91.7745
1	59.2552
0	35.0564
1	111.459
1	105.524
1	89.4913
0	14.2948
1	76.7049
1	237.402
1	90.8645
1	104.638
1	103.776
1	140.805
1	40.84
1	43.4917
1	65.5637
1	85.8222
1	67.5789
1	137.642
1	136.93
1	126.896
1	149.133
1	111.133
1	126.996
1	145.136
1	71.5043
1	116.388
1	95.8542
1	49.186
1	65.6661
1	70.5468
1	35.847
1	132.767
1	148.882
1	57.0527
0	113.415
1	128.401
1	66.0727
1	161.756
1	119.165
1	166.413
1	56.2853
1	83.8531
1	127.124
1	134.616
1	158.757
1	64.5686
1	101.638
1	153.915
1	131.073
1	84.7947
1	119.694
1	122.257
1	113.907
1	95.6205
1	112.219
1	132.262
1	116.155
1	107.074
1	123.447
1	50.1113
0	57.0122
1	122.721
0	5.47867
1	91.5937
1	115.551
1	47.9908
1	124.673
1	110.41
1	88.4716
0	29.2494
1	114.19
1	166.092
1	66.2636
1	53.0122
1	216.715
1	134.27
0	17.0138
1	239.148
1	94.0787
1	89.1082
1	52.3572
1	65.5359
1	110.388
1	69.2763
1	104.559
1	69.8109
1	94.1265
1	142.523
1	138.66
1	240.446
1	103.792
1	129.053
1	112.097
1	101.423
1	134.472
1	156.472
1	89.614
1	110.795
1	93.6464
0	25.8511
1	160.168
1	111.183
1	251.922
1	84.1077
1	61.1927
1	77.088
1	141.424
1	76.8601
1	151.266
1	60.324
1	152.912
1	93.8703
1	94.5527
1	78.8695
1	164.475
1	118.29
1	115.173
1	62.4797
1	128.369
1	56.106
1	112.018
1	141.153
1	127.956
1	75.1344
1	155.856
1	75.8921
1	119.096
1	136.749
1	90.9619
1	175.791
1	125.872
1	130.009
1	199.346
1	143.032
1	104.194
1	111.229
1	67.6084
1	107.327
1	148.793
1	103.43
1	162.093
1	127.017
1	108.907
1	39.4445
1	124.432
1	230.482
1	51.9632
1	109.941
1	84.2154
1	191.551
1	147.509
1	113.992
1	108.402
1	115.149
1	81.0296
1	151.657
1	149.557
1	183.38
1	93.9351
1	66.317
1	87.7604
1	123.88
1	117.568
1	127.359
1	128.977
1	50.9125
1	141.613
1	89.0847
1	90.6273
1	193.038
1	77.2267
1	70.363
1	175.502
1	127.377
1	98.2816
1	75.7903
0	9.57716
1	93.2519
1	89.1715
1	143.438
1	62.8455
1	88.6483
1	166.297
1	73.3269
1	145.03
1	117.499
1	146.907
1	54.0987
1	55.0174
1	148.228
1	103.241
1	103.309
1	140.184
1	73.1772
1	63.5591
1	111.999
1	89.6694
1	96.2197
1	163.631
1	112.398
1	111.463
1	71.3487
1	108.42
1	197.037
1	91.4543
1	69.3567
1	102.145
1	171.743
1	64.3149
1	53.3206
1	107.587
1	109.512
1	63.8
1	87.6863
1	121.918
1	122.266
1	82.6604
1	95.3674
1	132.216
1	67.5611
1	140.92
1	99.7566
1	54.5669
1	242.804
1	58.5681
1	101.621
1	103.609
1	89.1477
1	137.887
1	161.993
1	75.7863
1	129.36
1	59.6665
1	129.439
1	100.496
1	124.228
1	95.9777
1	110.114
1	130.151
1	166.769
1	59.5488
1	78.376
1	70.7008
1	366.771
1	121.341
1	148.204
1	114.861
1	93.457
1	141.962
1	67.2692
1	186.263
1	197.919
1	66.685
1	52.111
1	79.2766
1	65.1321
1	161.929
0	48.7706
1	114.316
1	58.5642
1	131.493
1	91.2909
0	9.89796
1	76.5765
1	82.2685
1	83.4742
1	89.0519
0	3.41849
1	73.3232
1	137.041
1	283.284
1	128.475
1	82.7114
1	104.97
1	304.721
1	121.298
1	69.0367
1	85.2761
1	186.186
1	98.5904
1	129.422
1	227.332
1	120.729
1	216.105
1	74.5043
1	157.156
1	83.4014
1	201.861
1	124.133
1	159.2
1	143.473
1	205.684
1	116.546
1	228.871
1	170.161
1	100.022
1	227.182
1	121.612
1	59.4477
1	141.325
1	85.795
1	67.8898
1	70.388
1	92.1712
1	114.534
1	46.5089
1	150.287
1	139.625
1	211.838
1	69.5449
1	100.118
1	109.577
0	10.6072
1	82.7607
1	62.3225
1	62.5019
1	77.3752
1	139.7
1	117.174
1	112.941
1	149.594
1	125.802
1	161.632
1	112.69
1	49.2853
1	196.549
1	77.2018
1	116.906
1	194.337
1	70.1696
0	10.6957
1	155.926
1	128.596
1	94.6708
1	91.2984
1	66.6895
1	91.1779
1	92.1865
1	65.8069
0	25.3825
1	256.802
1	122.523
1	115.232
1	112.891
1	115.833
1	61.5899
1	90.9042
1	160.399
1	176.334
1	146.108
1	63.7951
1	56.0472
1	74.4804
0	40.1282
1	124.568
1	130.452
1	85.2273
1	53.2731
1	71.8371
1	170.905
1	41.0718
1	132.609
1	96.8239
1	81.9008
1	74.492
1	146.933
1	66.8037
1	265.438
1	77.5304
1	93.78
0	110.325
1	68.6219
1	94.5608
1	107.66
1	77.6418
1	105.302
1	74.7405
1	102.017
1	107.535
1	214.142
1	78.3901
1	108.913
1	211.288
1	95.9616
1	108.876
1	80.5833
1	135.001
1	66.1808
1	169.418
1	101.307
1	145.013
1	95.1998
1	220.982
1	140.822
0	31.0393
1	49.185
1	115.627
1	196.01
1	156.844
1	99.7206
1	77.1663
1	220.21
1	163.707
1	166.032
1	279.689
1	180.206
1	119.06
1	113.979
1	72.6105
0	1.16736
1	70.9361
1	133.894
1	153.122
1	323.181
1	128.288
1	141.184
1	67.2658
1	128.671
1	149.061
1	67.5732
1	57.2055
1	99.5201
1	96.0585
1	61.1651
1	67.5402
1	86.5843
1	179.874
1	184.596
1	81.0374
1	97.2362
1	96.6545
1	118.102
1	158.785
1	72.0724
1	127.526
1	132.445
1	60.5016
1	105.6
1	81.4608
1	142.137
1	122.866
1	107.717
1	36.467
1	140.092
1	72.6224
1	62.8011
1	91.7407
1	60.7791
1	97.0398
1	64.3724
1	111.059
1	74.9317
1	129.388
1	200.778
1	68.9012
1	154.53
1	57.8382
1	89.3453
1	183.073
1	104.981
1	123.412
1	115.729
1	93.528
1	149.347
1	50.9861
1	45.5903
1	66.8622
1	116.669
1	116.495
