10000	100	9900	0.00208333
0.025641	2.30979	47769	4.82284	0.001
1	240.039
1	134.54
1	165.693
1	175.13
1	151.955
1	155.98
1	232.962
1	232.683
1	201.41
0	59.9507
1	277.232
1	149.459
1	244.152
0	109.618
1	204.481
1	265.459
1	315.22
1	145.282
1	281.95
1	277.526
1	188.898
1	154.373
1	247.62
1	157.989
1	223.87
1	205.443
1	174.852
1	202.856
1	185.028
1	252.13
1	156.154
1	250.394
1	234.281
0	63.012
1	251.211
1	145.816
1	323.53
1	183.916
1	214.515
1	194.759
1	294.319
1	214.823
1	171.7
1	196.496
1	195.832
1	237.79
0	121.375
0	31.6691
0	3.941
1	160.579
1	191.827
1	233.729
1	123.891
1	153.341
1	224.331
1	240.313
1	173.405
1	252.688
1	184.644
1	205.679
0	34.281
1	134.525
0	25.2603
0	22.7396
0	9.20378
1	204.276
1	187.703
1	212.716
1	177.73
1	238.327
1	173.805
1	205.803
1	170.249
1	222.948
1	234.629
1	206.56
1	127.616
1	221.224
1	140.404
1	194.681
1	255.292
1	268.033
1	180.594
1	264.472
1	183.767
1	254.533
0	250.108
1	238.458
1	259.67
1	223.666
1	284.455
1	174.158
1	110.037
1	163.813
1	196.82
1	129.56
0	181.636
1	179.864
1	218.08
1	307.018
1	182.805
1	478.202
1	202.256
1	252.817
1	277.053
1	164.338
0	18.4231
1	167.081
1	237.843
1	277.002
1	196.33
1	239.548
1	264.851
1	289.175
1	183.788
1	253.244
0	51.0176
1	214.731
1	281.288
1	165.678
1	223.855
1	282.019
1	433.944
1	232.585
1	252.981
1	189.858
1	223.626
0	62.8694
1	313.801
0	4.4927
1	142.211
0	11.9117
1	401.83
1	187.281
1	204.18
1	150.293
1	160.643
1	177.758
1	188.415
1	235.477
1	169.034
1	204.256
1	177.882
1	232.44
1	185.959
1	171.218
1	188.414
1	197.803
1	187.267
1	292.351
1	178.553
1	324.587
1	177.963
0	69.9239
1	230.756
1	178.773
1	303.869
1	277
1	178.388
1	184.353
0	22.6126
1	154.028
1	600.431
0	8.01202
0	15.4166
1	212.554
1	327.9
1	193.834
1	241.89
1	248.946
1	306.921
1	227.345
1	233.85
1	167.514
1	182.375
1	209.315
1	186.369
1	219.346
1	243.769
1	215.459
1	225.77
1	208.717
1	245.541
1	167.708
1	332.142
1	192.066
0	5.39304
1	202.067
1	376.471
1	206.632
1	199.376
1	202.201
1	389.734
1	300.771
1	142.415
1	298.83
1	220.112
1	238.125
1	222.301
1	243.122
1	163.768
1	161.727
1	133.264
0	44.6131
1	254.037
1	208.249
1	249.951
0	4.19376
1	252.381
1	233.654
0	26.8173
1	294.07
1	428.114
1	183.292
1	188.371
0	40.4809
0	76.265
1	237.212
1	234.383
1	237.276
1	217.124
1	211.451
1	182.562
1	337.706
1	175.02
1	247.168
1	220.277
1	302.9
1	363.887
1	252.348
1	299.446
1	328.28
1	297.492
1	169.477
1	225.074
1	201.036
1	196.971
1	211.008
1	209.375
1	266.994
1	128.916
1	156.771
1	234.048
0	21.4815
1	219.022
1	282.466
1	211.674
1	176.21
1	200.057
0	113.215
1	232.01
1	268.466
1	151.751
1	163.019
1	182.629
1	212.543
1	290.978
1	218.602
1	189.036
1	179.018
1	173.335
1	144.972
1	151.039
1	182.015
1	144.902
1	171.355
1	301.878
1	188.927
1	261.536
0	10.6728
1	298.227
0	3.13509
1	224.466
1	190.96
0	256.062
1	149.571
1	268.12
1	202.207
1	146.091
0	44.8161
0	30.1535
1	159.568
1	151.912
1	174.491
1	217.689
1	204.902
1	230.026
0	41.1506
1	224.881
1	183.905
1	189.19
1	190.671
1	157.161
1	367.924
1	260.404
1	225.203
1	293.6
1	164.385
1	156.203
1	221.226
1	228.821
1	192.793
1	322.275
1	185.012
1	164.775
1	221.562
1	211.564
0	51.6968
1	190.47
1	228.741
1	227.631
1	176.227
1	230.196
1	164.112
1	245.478
0	38.6186
1	149.354
0	70.2299
1	187.238
1	174.335
1	207.904
1	188.704
1	199.245
1	131.13
1	283.708
1	228.262
1	269.817
1	303.903
1	143.35
1	317.995
1	179.626
1	240.598
1	232.028
1	271.53
1	199.815
1	186.296
1	167.733
1	296.014
1	271.893
1	180.644
1	137.581
1	294.694
1	143.094
1	212.505
1	283.812
0	18.9639
1	135.255
1	230.125
1	186.611
0	56.6091
1	265.801
1	120.613
1	157.871
1	216.889
1	203.809
1	192.317
1	184.402
1	183.006
1	166.485
1	257.611
1	214.876
1	203.669
1	290.861
1	213.734
1	263.229
1	157.577
0	45.8381
1	214.688
1	164.752
0	59.904
1	201.553
1	178.211
1	196.248
1	164.899
1	242.396
1	142.287
0	0.566604
1	291.737
1	218.36
1	199.114
1	166.653
1	205.367
1	188.577
1	226.066
1	213.755
0	92.8141
1	137.834
1	137.987
1	284.773
0	12.9427
0	33.034
1	250.979
1	266.149
1	234.202
1	228.69
1	211.706
1	206.152
1	219.399
1	162.581
1	195.842
0	162.685
1	152.609
1	195.058
1	197.073
1	168.515
1	255.074
1	252.455
1	168.319
1	159.888
1	245.23
1	239.682
1	325.515
1	183.199
0	2.59847
1	282.26
1	212.181
1	261.347
1	208.472
1	197.758
1	239.966
1	199.317
1	216.062
1	314.534
1	258.405
0	82.8474
1	171.447
1	263.907
1	232.112
1	181.397
1	244.284
1	120.549
1	182.15
0	24.1105
1	263.993
1	159.562
1	178.876
1	139.744
1	178.896
1	275.106
1	166.154
1	276.875
1	149.475
1	206.152
1	205.398
1	253.552
1	213.98
1	213.389
1	186.364
1	216.138
1	192.976
1	221.383
1	214.522
1	255.238
1	190.288
1	190.75
1	133.744
0	3.60221
1	332.268
1	174.973
1	185.345
1	278.459
1	174.979
1	397.998
1	186.763
1	350.304
1	212.141
1	146.387
1	208.967
1	196.458
1	202.916
1	270.788
1	184.761
1	211.092
1	209.191
1	156.891
1	167.214
1	232.782
0	34.5305
1	167.366
1	156.486
1	263.484
1	326.547
1	251.583
1	203.007
0	82.7894
1	231.134
1	206.498
0	48.39
1	230.578
1	174.989
1	175.973
1	381.269
1	180.772
1	207.353
1	221.894
1	239.198
1	227.514
0	76.7663
1	227.301
1	237.671
1	233.223
1	177.43
1	178.894
1	271.989
1	236.684
1	179.652
1	205.782
1	202.337
0	27.283
1	178.953
1	172.862
1	344.373
1	155.23
1	195.374
1	215.2
1	220.712
1	166.049
1	212.362
1	211.089
1	171.288
1	200.189
0	1.56041
1	220.542
1	240.916
1	258.464
1	204.726
1	347.892
1	553.953
1	153.314
1	197.644
1	153.727
1	271.214
1	309.858
1	225.022
1	240.369
1	221.339
0	33.1633
1	204.758
0	184.995
1	339.606
1	261.503
1	184.834
0	102.401
1	182.615
0	57.4552
1	161.572
1	257.217
1	165.918
1	159.964
1	129.856
1	137.128
1	185.925
1	270.471
1	261.274
1	137.379
1	207.289
1	159.056
1	187.219
0	51.3361
1	186.051
1	238.496
0	73.0238
1	365.94
1	160.161
1	195.623
1	261.943
0	60.8527
1	197.92
1	335.98
1	286.632
1	172.543
1	176.507
0	4.37946
1	216.239
1	146.211
1	145.918
1	231.138
1	191.864
1	179.131
1	175.008
1	140.657
1	204.573
1	192.555
0	5.49032
1	172.737
1	234.027
1	188.375
1	193.432
1	283.091
1	221.478
1	237.672
1	301.991
1	183.676
1	283.3
0	74.8215
1	236.271
1	167.063
1	170.831
1	205.545
1	268.997
1	348.904
1	206.213
1	245.992
1	247.026
1	161.405
1	168.881
1	172.329
1	199.493
1	206.884
1	295.504
1	235.34
1	174.323
1	226.121
1	245.765
1	174.561
1	220.875
1	309.489
1	179.039
1	200.131
0	29.8729
0	13.6364
1	163.734
1	229.903
1	299.935
1	207.321
1	225.676
1	197.873
1	287.953
1	247.032
1	221.953
0	44.7548
1	215.651
1	174.611
1	291.012
1	160.198
1	162.026
1	389.151
1	230.667
1	486.065
1	216.181
1	155.282
1	238.208
1	264.467
1	185.591
0	8.7574
1	186.642
1	438.387
1	150.901
1	242.95
1	204.391
1	211.385
1	244.5
1	263.517
1	272.561
1	138.586
1	222.474
1	286.801
1	270.55
1	271.295
1	204.555
1	172.248
1	238.777
1	142.278
1	382.021
1	173.967
1	255.302
1	190.111
1	177.44
1	187.947
1	145.849
1	269.126
1	190.833
1	259.312
1	316.119
1	215.175
0	50.4639
1	301.818
1	201.717
1	268.987
0	12.3283
1	256.658
1	231.495
1	178.594
1	208.166
1	243.217
1	187.324
1	171.367
1	180.714
1	132.814
1	222.77
0	46.8518
1	234.998
1	215.7
1	251.097
1	265.205
1	203.041
1	167.25
1	225.278
1	154.827
1	172.793
1	154.725
1	229.276
1	241.417
1	228.308
1	297.104
1	176.483
1	280.54
0	29.1586
1	228.633
1	155.932
1	154.735
1	198.224
1	142.082
0	1.59998
1	274.133
1	270.557
1	209.679
1	340.336
1	319.903
0	16.5086
1	283.195
1	221.339
1	230.851
1	177.01
1	216.307
1	205.045
1	168.496
1	223.735
1	263.796
1	266.159
1	219.532
1	215.466
1	259.914
1	181.841
1	150.321
1	116.079
1	164.354
1	147.681
1	153.706
1	212.409
1	193.57
1	213.686
1	260.066
1	218.382
1	257.549
1	149.155
1	181.652
1	260.025
1	270.161
1	267.101
1	178.309
1	234.221
1	142.734
1	141.286
1	250.852
1	191.034
1	195.645
1	168.871
1	260.2
1	198.133
1	217.415
0	11.2773
1	162.132
1	222.019
1	164.183
1	298.069
1	218.755
1	213.5
1	185.95
1	217.5
1	268.256
1	208.172
1	210.039
1	227.668
0	7.61279
1	257.067
0	100.717
1	210.604
1	209.207
1	216.986
1	262.675
1	226.417
1	137.632
1	139.273
1	240.199
1	143.584
0	226.443
1	230.542
1	205.562
1	182.83
1	214.09
1	164.587
1	174.474
1	252.755
1	248.922
1	241.656
1	156.648
1	248.244
1	153.476
1	186.999
1	233.365
1	177.397
1	273.334
1	129.125
1	249.789
1	224.284
0	36.771
1	166.949
1	291.581
1	152.047
1	317.858
1	309.076
1	187.572
0	10.4103
1	174.807
1	209.263
1	224.467
1	167.68
1	208.252
1	128.599
1	193.323
1	149.575
1	216.394
1	186.258
1	215
0	2.4396
0	60.2496
1	213.502
0	24.1313
1	202.282
1	216.69
1	172.898
1	170.49
1	242.434
1	361.467
1	163.44
1	172.548
0	120.07
1	191.371
1	187.748
1	199.292
0	125.324
1	183.921
1	219.036
1	151.204
1	259.976
1	171.707
1	216.745
1	203.636
1	171.106
1	358.601
0	24.4611
1	262.188
1	186.712
1	196.611
1	375.944
1	158.232
0	8.85028
1	194.442
1	185.648
1	189.106
1	288.066
1	178.604
1	293.894
1	294.802
1	173.918
1	312.075
1	206.028
1	211.995
0	23.507
1	185.23
1	228.184
0	25.0214
1	209.13
1	285.298
1	218.538
1	150.995
1	200.58
1	195.303
1	153.001
1	215.627
1	102.256
1	176.892
0	1.95735
1	174.106
1	188.631
1	139.597
1	287.05
1	188.584
1	219.554
1	286.024
1	149.444
0	14.9911
1	323.308
1	380.885
1	253.631
1	205.112
1	207.769
1	229.186
1	171.5
1	232.953
1	145.693
1	248.975
1	152.596
1	282.446
0	9.40279
1	210.508
1	244.33
1	272.115
1	265.002
0	13.0143
1	313.903
0	32.4553
1	220.062
1	252.866
1	310.739
1	235.03
1	261.194
1	156.05
1	159.943
1	180.808
1	168.926
1	211.165
1	207.76
1	141.935
1	320.36
1	160.547
1	244.923
1	158.533
1	251.641
1	149.566
1	149.597
0	132.912
1	176.94
1	296.013
1	182.259
0	42.8497
1	210.787
1	261.363
1	143.437
1	269.28
1	311.694
1	232.052
0	35.9888
1	195.771
1	252.441
1	189.705
1	228.544
1	203.503
1	317.218
1	169.379
1	196.452
1	434.293
1	170.603
1	155.612
1	152.131
1	267.204
0	11.2046
1	145.351
1	176.14
1	199.634
1	243.94
0	37.5888
1	177.551
1	186.032
1	208.77
0	54.5091
1	180.673
1	191.158
1	197.966
0	23.0692
1	291.721
1	211.099
0	68.1818
1	221.523
1	227.883
1	202.383
1	174.59
1	228.03
1	185.212
0	17.0468
1	193.369
1	404.903
1	126.476
1	311.118
1	186.003
1	161.673
1	203.911
1	196.32
1	128.096
0	8.89259
1	159.684
1	206.309
1	147.488
1	156.688
0	6.84466
0	83.9354
1	236.43
1	303.478
1	205.621
1	136.437
1	303.331
1	193.518
1	176.437
1	172.317
1	282.746
1	176.473
1	173.784
1	264.272
1	301.089
0	41.6634
0	76.2799
1	179.908
0	16.9661
1	150.934
1	256.661
1	180.514
1	175.237
1	256.453
1	213.951
1	272.199
0	59.5325
1	182.97
1	183.862
1	261.497
1	190.725
1	150.627
1	241.506
1	203.909
1	187.188
1	200.134
1	215.768
0	48.5693
1	181.339
1	221.832
1	300.37
1	198.248
1	372.147
1	176.187
1	239.272
1	263.647
1	149.498
1	208.253
1	201.553
1	207.017
1	213.676
1	181.555
0	78.4117
1	251.204
1	153.005
1	335.661
1	267.495
1	167.754
1	258.1
1	164.453
1	221.71
1	256.959
1	248.539
1	244.392
0	25.0113
1	177.014
1	219.857
1	236.068
1	172.415
1	147.234
0	101.501
1	215.566
1	264.361
1	233.335
1	183.592
1	199.474
1	211.598
1	404.05
1	306.177
1	209.589
1	378.747
1	212.915
1	255.769
1	155.262
1	176.104
1	176.359
1	220.26
1	199.4
1	177.771
1	213.142
1	148.826
1	231.576
0	10.5938
1	177.373
1	165.36
1	232.976
1	213.704
1	180.586
1	236.663
1	176.695
0	6.72802
1	275.118
1	216.021
1	225.736
0	87.775
1	129.898
1	147.509
1	170.169
1	290.251
1	232.088
1	167.163
1	220.194
1	215.46
1	216.862
1	168.683
0	12.6071
1	216.848
1	255.519
1	255.483
1	249.85
1	221.345
1	160.612
1	266.9
0	9.9942
1	263.996
1	383.909
1	290.967
1	187.616
1	233.483
1	156.091
1	317.09
1	113.561
1	226.026
1	158.074
1	170.539
1	232.696
1	246.914
0	40.4188
1	171.194
1	170.042
1	197.86
1	289.811
1	340.335
1	229.458
1	306.264
1	279.844
1	183.007
1	225.958
1	196.093
1	262.288
1	197.707
1	267.947
1	193.874
1	240.817
0	67.0978
1	171.208
1	238.256
1	244.796
1	266.372
1	252.717
1	313.794
1	165.931
1	387.332
1	267.938
1	212.708
1	212.492
1	212.941
1	229.91
1	166.724
1	166.159
1	200.563
1	208.195
1	238.828
1	192.73
1	242.73
1	167.962
1	224.3
1	256.596
1	163.375
0	16.9954
1	273.697
1	273.537
1	416.449
1	214.929
1	168.802
1	255.553
1	217.379
1	199.304
1	183.519
0	14.7297
1	242.792
1	184.693
1	200.813
1	155.968
1	256.953
1	252.164
1	139.331
1	150.45
1	149.686
1	182.128
1	230.131
0	13.9611
1	184.76
1	280.263
1	118.061
1	165.75
0	9.2149
1	178.636
1	187.858
1	206.159
1	221.199
1	200.655
1	273.477
0	16.3664
1	205.036
0	26.5198
1	345.3
1	129.74
1	332.774
1	163.467
1	152.203
0	5.4647
1	143.256
1	246.889
1	171.22
1	186.145
1	267.147
1	141.816
1	184.675
1	248.406
0	128.748
1	203.079
1	160.457
1	240.565
1	176.137
1	241.444
1	162.632
1	194.618
1	184.92
1	148.94
1	197.085
1	170.713
1	198.335
1	283.546
1	166.23
1	236.217
1	197.625
1	283.52
1	175.205
0	1.34143
1	172.949
0	0.849493
1	185.384
0	183.466
1	205.519
1	211.736
1	310.272
1	206.381
1	266.183
1	336.574
1	180.928
0	19.3713
1	274.977
1	274.761
1	171.425
1	245.638
1	154.037
1	187.656
1	189.084
1	154.875
1	162.525
1	378.811
0	20.9003
1	216.191
1	187.949
1	219.992
1	244.935
1	154.162
1	201.594
0	125.55
1	228.9
1	232.104
1	168.511
1	291.422
1	206.457
1	190.881
1	259.157
1	243.213
1	284.918
1	165.369
1	248.382
1	218.484
1	172.038
1	295.281
1	204.418
1	257.772
0	105.881
1	202.018
0	18.8262
1	175.351
1	258.662
1	176.928
1	309.631
0	52.3445
1	158.136
1	200.139
1	176.1
1	183.635
1	224.268
1	141.164
1	185.479
1	173.888
1	304.631
1	295.398
1	202.899
1	161.119
1	184.9
1	163.506
1	181.298
1	214.395
1	202.269
1	253.348
1	174.962
1	180.683
1	154.063
1	153.549
1	223.771
1	267.898
1	143.383
1	348.631
0	24.8336
0	11.8119
1	232.545
1	260.007
1	183.12
1	187.53
1	318.36
1	243.173
1	246.946
1	298.69
1	172.894
1	169.965
1	289.147
1	238.647
1	230.149
1	237.403
1	175.49
1	447.345
1	454.637
1	185.257
1	214.363
1	149.181
1	207.807
1	134.758
1	224.995
1	129.268
1	164.458
1	192.727
0	13.2838
0	14.6449
1	368.967
1	164.698
1	188.743
1	145.91
1	249.397
1	238.089
1	257.876
1	313.97
1	159.49
1	186.604
1	288.064
1	296.603
1	245.884
0	2.81396
1	175.113
1	191.975
1	200.057
1	166.828
1	194.918
1	201.183
1	222.967
1	232.233
1	231.642
1	157.578
1	246.548
1	201.088
1	194.986
1	248.342
1	260.344
1	190.317
1	166.53
1	266.561
1	237.826
1	219.621
1	264.681
1	335.762
1	313.166
1	232.539
1	187.88
1	258.97
1	176.083
1	225.923
1	275.683
1	191.33
1	196.853
1	239.765
1	240.125
0	4.99498
1	236.867
1	271.228
1	188.433
1	287.937
1	155.232
1	237.637
1	267.726
1	295.225
1	260.936
1	200.671
0	12.6888
1	174.363
1	169.67
1	215.439
1	225.256
1	464.126
1	252.228
1	184.358
1	190.236
1	267.73
1	375.968
0	45.9178
1	187.043
1	144.496
1	186.809
1	169.057
1	220.885
1	257.109
1	208.873
1	263.542
1	187.675
1	188.855
1	204.237
1	241.696
1	157.818
0	17.8741
1	242.941
1	159.983
1	263.208
1	197.629
1	184.891
0	31.8183
1	161.075
0	0.803805
1	209.386
1	255.619
1	208.758
1	182.657
0	11.4961
0	25.5923
1	257.815
1	146.894
1	185.575
1	147.355
1	174.82
1	210.946
1	338.248
1	186.018
1	185.31
1	161.843
1	233.59
1	238.969
1	296.727
1	234.206
1	226.751
1	177.484
1	174.751
1	208.766
1	229.814
1	196.194
1	153.019
1	207.096
1	274.926
1	485.552
1	258.664
1	189.081
1	204.143
1	165.733
1	157.649
1	232.789
1	175.609
1	257.146
1	252.318
1	136.295
1	200.829
1	255.177
1	243.385
1	267.13
1	142.799
1	175.103
1	195.65
1	235.144
1	228.631
1	349.203
1	258.615
0	23.9327
0	39.2065
1	209.88
0	79.2294
0	44.3602
1	303.6
1	150.461
1	248.093
1	231.975
0	32.462
1	194.512
1	212.795
1	210.782
1	177.622
1	184.158
1	163.249
1	191.682
1	227.527
1	255.698
1	274.115
1	200.137
0	6.15095
1	187.922
1	241.864
1	320.389
1	338.685
1	155.456
1	248.018
1	150.426
1	150.809
1	179.038
1	266.589
1	280.676
1	147.001
1	255.93
1	193.538
1	235.921
0	20.1581
1	249.818
1	327.302
1	225.925
1	181.622
0	8.48924
1	333.437
1	323.415
1	253.498
0	1.64001
1	186.128
1	202.109
0	7.3659
1	274.118
1	194.344
1	230.977
1	157.094
1	247.093
1	199.416
1	239.782
1	227.083
1	145.288
1	275.795
1	249.994
1	146.774
1	236.322
1	287.583
1	303.754
1	272.852
1	202.067
1	200.974
1	188.175
1	162.214
1	186.312
1	248.858
1	212.27
1	150.383
0	20.0152
1	222.93
1	303.343
1	243.135
1	234.999
1	189.987
1	186.991
1	280.019
1	188.594
1	227.512
1	221.994
1	169.216
1	214.469
1	222.39
1	218.075
1	174.6
1	184.031
0	26.2899
0	4.19457
1	153.246
1	322.023
0	13.3057
1	194.438
1	193.599
1	237.856
1	216.181
0	74.627
1	174.663
1	179.979
1	151.612
1	237.609
1	188.527
1	173.119
1	168.643
1	191.948
1	204.053
1	163.377
0	8.28891
1	250.705
0	16.2705
1	167.075
1	147.345
1	150.349
1	209.498
1	198.275
1	178.16
1	200.639
1	188.549
1	181.225
1	214.842
1	197.169
0	8.58226
1	199.01
1	311.418
1	167.581
1	289.658
1	128.624
1	243.978
1	339.014
1	255.667
1	215.229
1	177.855
1	203.683
1	158.254
1	233.728
1	191.386
1	271.611
0	87.2471
1	185.37
1	201.948
1	173.548
1	197.403
1	244.716
1	230.928
1	250.502
1	224.537
1	203.683
1	181.677
1	177.55
0	88.3311
1	290.26
1	307.164
1	173.677
1	288.501
1	214.35
1	212.827
1	176.299
1	208.057
1	249.193
1	468.15
1	142.638
1	205.702
0	116.486
1	222.549
1	184.898
1	203.022
1	189.161
0	8.28096
1	228.971
1	207.308
0	50.7701
1	205.158
0	54.6048
1	124.508
1	190.428
1	218.343
1	162.438
1	220.983
1	238.325
1	151.992
1	246.194
0	103.758
1	243.667
1	162.629
1	205.196
1	177.35
1	215.159
1	169.673
0	15.3733
1	164.912
1	158.294
1	187.231
1	196.726
1	279.296
1	229.285
1	118.972
1	225.919
1	206.941
1	171.956
0	11.5716
1	228.3
1	190.877
1	227.163
1	195.497
1	199.179
1	195.506
1	180.205
1	149.536
0	16.8672
1	172.304
1	238.313
1	229.596
1	173.886
1	174.813
1	160.598
1	160.008
1	147.11
1	191.969
1	315.317
1	287.883
1	207.378
1	177.15
1	201.053
1	155.554
1	239.268
1	242.797
1	259.832
1	188.507
1	326.157
1	265.841
1	181.045
0	25.7995
1	191.504
1	154.377
1	261.018
1	275.547
1	121.087
1	222.771
0	52.7811
0	9.74138
0	135.795
1	230.077
1	161.5
1	185.926
0	75.6438
1	277.08
1	283.612
1	255.157
1	188.145
0	14.884
1	217.214
1	172.983
1	161.105
1	148.493
1	261.954
1	178.833
1	210.338
0	49.2965
1	221.305
1	234.183
1	172.737
1	195.765
1	296.742
1	211.447
0	28.9337
1	175.808
1	200.902
1	304.845
1	154.322
1	285.107
1	201.155
1	222.586
1	177.994
1	162.004
1	160.27
1	216.153
1	170.075
1	193.444
1	292.798
1	261.172
1	214.414
0	11.9815
1	186.21
0	35.4489
1	197.575
1	145.42
1	143.954
1	185.853
1	162.104
1	188.427
1	181.917
1	182.715
1	260.252
1	248.241
1	298.794
1	192.59
1	279.349
1	197.721
1	329.166
1	149.193
1	186.307
1	243.316
0	5.322
0	141.406
1	289.807
1	207.011
1	148.147
1	194.177
0	15.3998
1	166.373
1	409.731
1	257.193
1	159.516
1	156.199
1	271.504
1	185.424
1	169.072
1	328.373
1	249.577
1	172.882
1	152.069
1	225.439
1	196.145
1	209.814
1	280.182
1	237.84
1	236.556
1	206.29
1	197.921
0	89.7892
1	213.826
1	180.425
1	192.966
1	339.415
1	216.601
1	251.047
1	209.963
1	307.783
1	281.78
1	181.727
1	303.264
1	225.927
1	185.162
1	208.982
1	206.552
1	265.362
1	241.793
1	202.583
1	214.309
1	247.305
1	166.532
0	26.1166
1	222.065
1	308.974
0	1.57678
1	302.162
0	31.6953
1	230.561
1	230.028
0	84.7546
1	227.67
1	180.371
1	241.784
1	216.76
1	194.611
1	266.348
1	286.943
1	164.151
1	172.599
1	215.884
1	225.181
1	137.548
1	185.898
1	188.109
1	257.48
0	56.7488
1	267.563
1	145.363
1	234.441
1	248.401
1	205.812
1	119.566
0	16.0466
1	172.359
1	144.718
1	289.872
1	187.739
1	187.13
1	275.142
1	215.378
1	272.881
1	193.537
1	167.737
1	157.787
1	182.67
1	171.855
1	209.213
1	236.553
1	197.593
0	19.5535
1	232.364
1	168.324
0	5.3756
1	200.414
1	189.117
0	6.74676
1	222.949
1	214.15
1	254.344
1	213.302
1	189.982
1	255.653
1	271.28
1	191.035
0	106.784
1	229.522
1	195.653
1	198.16
1	147.522
0	15.2111
1	186.003
0	22.6914
0	4.54675
1	210.104
1	356.229
1	387.592
1	343.376
1	209.891
1	269.731
1	218.285
1	265.373
1	174.59
0	2.49395
1	216.05
0	9.67768
1	218.112
1	200.782
1	244.817
1	353.277
1	177.689
1	150.514
1	231.925
1	269.266
1	163.77
1	482.552
1	354.006
1	205.189
1	161.943
0	99.2932
1	141.927
1	177.454
1	274.785
1	189.593
1	189.306
1	221.557
1	239.206
1	318.249
0	5.24742
1	150.765
1	277.968
1	169.999
1	234.092
1	264.314
1	211.324
1	205.355
1	314.936
1	148.724
1	270.356
1	346.897
1	324.903
1	151.728
1	233.961
1	211.805
1	195.608
1	294.335
1	170.592
1	226.547
1	190.154
1	275.765
1	220.024
1	161.034
1	253.679
1	208.347
0	26.8858
1	189.961
1	227.232
1	241.592
0	45.9046
1	225.594
1	270.923
1	184.675
0	42.9002
1	136.694
1	248.115
1	321.137
1	185.672
0	2.11785
1	330.798
1	240.937
1	210.663
1	202.53
1	142.131
1	191.833
1	225.133
1	334.489
1	148.98
1	153.907
1	218.141
1	316.782
1	173.943
1	130.986
1	188.255
1	172.753
1	209.604
1	186.168
1	168.602
1	179.962
1	152.176
1	236.487
1	155.841
1	262.904
1	303.321
0	27.8313
1	250.852
1	203.977
1	140.205
1	189.739
1	203.966
1	155.433
0	47.6906
1	174.231
1	209.729
1	176.206
1	200.857
1	197.241
1	275.954
1	191.669
1	222.055
1	254.583
1	209.065
1	171.452
1	232.263
1	159.821
1	202.391
1	168.621
1	169.293
1	218.097
1	210.522
1	266.17
1	166.336
1	233.323
1	175.256
1	175.919
1	271.7
0	0.586096
0	18.2641
1	169.507
1	277.22
1	189.45
1	193.891
1	247.423
1	233.766
1	244.79
1	182.337
1	148.369
0	47.4837
1	222.947
1	273.374
1	188.398
1	370.566
1	227.093
1	144.775
1	168.266
1	306.67
1	236.613
1	274.335
1	240.883
1	126.759
1	193.851
1	199.849
1	205.223
1	244.107
1	322.167
1	168.446
1	188.074
1	173.208
1	221.819
1	200.558
1	280.718
1	190.688
1	241.255
1	190.903
1	168.8
1	315.887
1	514.823
1	194.28
1	210.336
1	156.684
1	202.835
1	219.353
0	41.1997
1	166.651
1	326.385
1	206.173
1	209.189
1	240.477
1	162.043
1	179.817
1	201.859
1	348.598
1	153.357
1	242.722
1	268.388
1	207.61
1	210.691
1	230.682
1	217.393
1	151.312
1	160.067
0	126.436
1	411.573
1	260.457
0	163.714
1	151.048
1	210.942
1	203.452
1	196.906
1	282.005
1	199.428
1	247.984
1	217.94
1	243.338
1	191.135
1	247.822
1	235.049
1	200.279
1	264.489
1	192.383
1	299.887
1	255.835
1	242.949
1	221.193
1	232.231
1	331.24
1	265.687
1	264.205
1	210.851
1	189.059
1	158.442
1	203.137
1	176.934
1	215.138
1	234.012
0	3.12898
1	215.105
1	373.06
1	208.911
1	363.23
0	45.8445
0	66.455
1	174.684
1	170.83
1	393.641
1	171.838
1	199.738
0	34.9265
1	187.57
1	163.276
0	38.7348
1	231.281
1	198.167
1	201.391
1	195.496
0	88.6714
1	205.644
1	348.341
1	211.292
0	41.589
1	201.749
1	285.292
1	227.528
1	183.746
1	167.676
1	212.824
1	195.733
1	109.286
1	159.787
1	282.533
1	246.437
1	336.071
1	162.427
1	245.133
1	169.759
1	169.878
1	284.01
1	162.382
1	236.206
1	301.173
1	195.897
1	193.938
1	240.666
1	239.183
0	40.1038
1	169.951
1	211.787
1	408.815
1	186.94
1	197.194
1	234.477
1	166.719
1	219.647
1	237.762
1	221.332
1	132.652
0	5.16929
1	212.052
1	213.583
1	260.24
1	393.124
0	30.8977
1	213.488
1	246.199
1	165.057
1	246.875
1	170.281
1	221.518
1	227.356
1	214.055
1	133.909
1	194.495
1	224.657
1	366.397
1	199.583
1	292.141
1	224.938
0	44.8157
1	160.435
1	222.061
1	184.695
1	285.94
1	242.903
1	444.817
1	204.92
1	158.184
1	185.812
0	11.8513
1	182.595
0	42.1054
1	282.033
1	303.805
1	167.954
1	178.738
1	186.215
0	2.42426
1	315.838
1	198.002
1	178.526
1	189.777
1	189.954
1	142.408
1	171.882
1	234.818
1	294.418
1	201.087
1	245.391
1	160.271
1	212.585
1	325.121
1	390.296
1	274.708
1	177.686
1	219.255
1	212.185
1	211.99
1	196.337
1	160.441
1	292.637
1	232.021
1	206.238
1	205.668
1	139.023
1	164.276
1	193.898
1	196.632
1	362.961
0	67.8182
1	173.813
1	227.687
1	162.753
1	205.949
0	1.16962
1	199.226
1	225.901
0	23.0425
1	149.899
1	166.021
1	203.292
0	54.3016
1	196.737
1	187.849
0	7.55548
0	18.6377
1	194.862
1	255.751
1	311.518
0	34.5221
1	246.485
1	221.081
1	311.768
1	154.518
1	323.883
1	226.946
1	156.04
0	37.2396
1	176.728
1	148.612
1	179.963
1	283.335
1	207.185
0	44.5926
1	248.779
1	383.85
1	149.338
1	175.105
0	31.2829
1	256.663
1	164.122
0	169.487
1	176.367
1	240.18
1	183.449
1	134.296
1	173.664
0	53.3309
1	168.516
1	215.51
1	364.722
1	251.599
1	188.849
1	170.103
1	267.829
1	173.702
1	290.775
1	142.971
1	232.818
1	189.442
1	120.099
1	242.534
1	224.825
1	200.202
1	144.763
1	268.051
1	236.15
0	0.678316
1	144.803
0	116.993
0	17.7667
1	167.979
1	185.707
1	145.563
1	203.621
1	327.783
1	191.324
1	179.165
1	310.843
0	15.5966
1	169.135
1	172.214
0	81.8823
1	281.061
1	165.507
1	216.243
1	156.504
1	205.301
1	184.661
0	227.712
1	445.688
0	31.7092
1	295.372
1	206.01
1	292.44
1	150.573
1	175.839
0	41.4957
1	216.53
1	153.011
1	227.481
1	174.618
1	255.917
1	235.587
1	210.173
1	334.955
1	227.266
1	159.041
1	193.982
1	282.319
1	183.958
1	206.209
1	253.591
0	27.668
1	196.311
1	158.269
0	16.8561
1	148.618
1	288.219
1	204.604
1	261.095
1	217.594
1	242.16
1	293.084
1	184.056
1	283.716
1	289.866
1	144
1	176.319
1	172.937
1	180.303
1	318.868
1	174.861
1	241.301
0	21.023
1	170.097
1	163.939
1	358.824
1	183.023
1	248.562
1	255.165
1	249.02
1	223.165
1	193.652
1	154.889
0	58.4849
1	290.693
1	262.141
0	94.5711
1	192.851
1	248.434
1	241.264
1	154.975
1	253.046
1	378.882
0	33.7282
1	212.964
1	162.846
1	237.407
1	217.609
1	188.692
1	151.299
1	271.074
1	218.541
1	188.29
1	210.024
1	273.795
1	230.789
1	179.409
1	211.776
1	165.193
1	238.177
1	206.953
1	241.967
1	208.861
0	61.0708
1	213.888
1	221.953
1	192.024
1	168.383
1	151.486
0	81.9524
1	176.386
1	264.297
1	260.962
1	202.057
1	232.064
1	191.324
1	201.864
1	198.613
1	185.851
1	243.668
0	73.6257
1	227.717
1	200.639
1	169.369
1	220.226
1	144.791
1	180.042
1	153.7
0	107.087
1	137.223
1	254.103
1	239.888
1	358.215
1	198.363
1	226.437
1	146.496
1	272.074
1	197.853
1	262.733
1	227.533
1	195.785
1	170.349
0	5.63721
1	151.913
1	284.884
1	193.689
1	275.931
0	22.1818
1	217.626
1	258.877
0	2.51088
1	263.378
0	15.6643
1	216.662
0	21.9199
1	219.174
1	211.584
1	219.587
1	277.365
1	144.08
1	277.149
1	192.183
1	231.228
1	204.875
1	186.896
1	283.436
0	2.66246
1	247.596
0	6.96621
1	222.487
1	238.894
1	119.693
1	275.623
1	327.044
1	207.816
1	259.46
1	251.143
1	159.378
1	265.659
1	280.712
1	222.691
1	210.007
1	228.553
1	277.047
1	172.454
1	137.701
1	171.639
1	323.662
1	327.171
1	216.188
1	245.396
1	123.567
1	227.171
1	187.444
1	253.875
1	195.356
1	338.087
1	270.103
1	173.402
0	17.9022
1	191.59
1	215.368
1	255.709
1	160.039
1	179.149
1	198.513
1	217.808
1	186.966
0	4.03611
1	186.502
1	190.425
1	235.886
1	306.13
1	223.999
1	272.061
1	233.833
1	228.929
1	186.806
1	229.966
0	54.6185
1	173.61
1	219.504
1	227.188
1	206.04
1	161.791
1	186.867
1	214.757
1	342.254
1	193.523
1	197.454
1	363.317
0	73.3673
1	236.275
0	11.7831
1	251.598
1	460.744
1	187.718
1	221.536
1	154.804
1	165.439
1	194.524
1	207.952
1	230.618
1	209.155
1	228.504
0	8.96975
1	134.937
1	148.925
1	188.122
1	290.361
1	182.983
1	280.964
1	193.718
1	156.961
0	31.2019
1	190.726
1	187.106
1	204.539
1	151.377
1	170.393
1	225.206
1	228.855
1	304.421
1	324.587
1	191.884
1	163.945
1	221.416
1	190.203
1	214.708
1	257.484
1	197.174
0	183.523
1	228.123
1	203.947
1	225.511
1	232.099
1	229.272
1	233.574
1	331.219
1	251.887
1	290.359
1	154.989
1	246.827
1	211.222
0	30.2275
1	171.003
1	278.274
0	9.85261
1	240.033
1	183.051
1	206.258
1	198.698
1	250.605
1	171.023
1	189.785
1	193.391
1	267.238
1	237.131
1	303.12
1	283.039
1	134.632
1	276.545
1	341.585
1	192.039
1	161.994
1	325.553
1	253.76
1	220.561
0	53.3138
1	238.197
1	171.554
1	157.322
0	123.748
0	104.721
1	153.389
1	194.997
1	179.413
1	170.132
1	241.229
1	162.858
1	226.996
0	38.8185
1	339.46
1	182.989
1	191.782
1	239.877
1	277.603
1	178.591
1	333.017
1	200.679
0	27.4093
1	211.117
1	160.397
1	187.872
1	237.597
1	202.327
1	297.039
1	231.586
0	22.7292
1	168.014
1	170.817
1	229.038
1	179.022
1	280.087
1	209.62
1	230.729
1	249.832
1	200.803
1	206.888
1	231.982
1	198.217
1	224.834
1	187.867
1	269.685
1	287.014
1	386.097
1	215.193
1	257.868
1	275.824
1	183.78
1	308.466
1	282.901
1	195.559
1	178.205
0	8.32933
0	36.6643
1	183.794
1	125.861
1	170.048
1	202.583
1	177.53
1	193.714
1	212.935
1	187.885
1	243.596
1	181.691
0	17.7716
0	6.58353
1	179.287
1	290.551
0	11.5741
1	306.011
1	188.954
1	360.083
1	243.888
1	190.952
1	168.305
1	196.116
1	143.262
1	292.647
1	173.7
1	236.305
1	284.832
1	184.992
1	281.139
1	166.148
1	206.709
1	179.302
1	196.591
0	30.0703
1	203.111
1	272.6
1	172.18
1	229.837
1	201.37
1	220.539
1	285.251
1	235.28
1	263.997
1	389.016
1	201.687
1	213.01
0	24.6992
1	172.545
1	180.274
1	261.869
1	184.722
1	248.802
0	198.546
1	229.92
1	178.792
0	6.3398
0	124.905
1	248.292
1	221.76
1	187.745
1	141.927
1	213.656
1	165.982
1	300.396
1	207.189
1	224.177
1	110.089
0	29.7654
1	188.775
1	136.772
0	89.1606
1	227.219
1	178.867
1	140.606
1	187.318
1	257.309
1	170.108
1	168.371
1	151.143
1	151.095
1	187.28
1	244.765
0	97.3017
1	218.632
1	226.687
1	198.061
0	0.893322
1	160.14
1	179.016
0	5.19524
1	198.706
1	247.503
0	48.4573
1	267.838
1	178.239
1	361.43
1	196.509
1	350.281
1	210.994
1	238.551
1	225.639
0	61.6747
1	243.338
1	323.85
1	168.443
1	216.586
1	182.711
1	220.84
1	185.444
1	201.984
1	116.697
1	201.123
1	423.055
1	200.347
0	92.4112
1	180.835
0	50.3623
1	289.793
1	210.985
1	155.935
1	234.473
1	436.044
1	383.834
1	168.138
1	264.229
1	322.26
0	28.8532
1	285.489
1	188.095
1	283.438
1	110.53
1	218.254
1	155.314
1	231.896
1	176.011
1	166.897
1	308.474
1	242.12
1	155.558
1	176.469
1	162.679
1	242.664
1	269.848
1	247.96
1	165.307
1	181.331
1	212.144
1	202.573
1	316.834
1	218.212
0	27.6031
1	170.779
1	167.642
1	212.418
1	174.864
0	3.68909
1	180.402
1	226.872
1	293.94
1	144.297
0	47.6911
1	196.984
0	61.7091
1	196.629
1	186.837
1	207.527
1	143.704
1	198.495
1	271.406
1	207.552
1	160.441
1	183.938
1	330.493
1	266.849
1	179.27
1	199.594
1	144.327
1	339.927
1	206.036
0	9.99733
1	286.495
1	237.14
0	2.1172
1	224.267
1	326.38
1	214.918
0	119.537
1	257.553
1	193.711
1	324.324
1	244.606
1	198.664
0	9.47473
1	243.446
0	6.97302
1	267.353
1	153.808
1	312.933
1	330.168
1	155.915
0	75.3936
1	188.989
1	175.763
1	188.59
1	215.212
0	1.56279
1	332.163
0	252.467
1	143.461
1	208.132
1	159.389
1	228.258
1	143.589
1	335.03
1	201.713
1	264.766
1	158.914
1	209.717
1	202.539
1	177.467
1	204.768
1	287.419
0	9.44097
1	165.089
1	256.995
1	215.242
0	23.084
1	245.452
1	214.175
1	208.326
1	148.023
1	246.431
1	206.927
1	230.429
1	229.841
1	207.185
1	235.21
1	275.318
1	411.723
1	253.682
1	147.034
1	114.368
0	30.2749
1	278.439
1	190.147
1	236.257
1	327.794
1	220.394
1	183.918
1	229.448
1	167.629
1	259.89
1	117.674
1	208.949
1	217.643
1	177.927
1	147.866
1	245.856
0	59.5962
0	41.7034
1	219.756
1	249.289
1	333.334
0	174.822
1	159.066
0	93.9481
1	164.44
1	232.195
1	188.864
1	253.194
1	253.992
1	148.34
1	204.189
1	141.017
1	231.869
1	227.769
1	222.548
1	337.247
1	238.487
1	267.035
1	211.472
1	165.698
1	174.209
1	227.126
1	223.564
1	217.799
1	314.717
1	204.112
1	138.907
1	225.623
1	166.261
1	203.726
1	268.999
1	161.116
1	164.185
1	361.06
1	205.157
1	269.414
1	161.693
1	188.743
0	1.63247
1	145.026
1	243.116
1	271.085
1	378.131
1	207.463
1	168.669
0	98.4545
1	175.817
1	191.898
1	230.22
1	254.906
1	174.195
1	177.171
1	180.036
0	0.900257
1	163.085
1	221.902
1	251.05
1	143.455
1	209.931
1	212.477
1	194.138
1	172.456
1	310.706
1	202.985
1	216.617
1	162.773
1	218.375
0	9.35991
1	214.038
1	330.395
1	130.487
0	37.1869
1	175.499
1	178.851
1	135.456
1	171.299
1	252.901
1	209.064
1	215.693
1	156.688
1	206.358
1	263.664
1	234.064
1	205.73
1	217.296
1	317.486
1	226.427
0	76.6116
1	228.488
1	148.737
1	218.054
0	12.545
1	168.443
0	27.1699
1	166.658
1	164.06
1	290.155
1	242.776
1	267.667
1	262.77
1	263.398
1	447.183
0	11.5375
1	240.23
1	243.119
1	137.761
1	198.63
1	329.851
1	289.77
1	240.443
1	165.752
1	239.889
1	199.056
1	198.044
1	210.869
1	441.681
1	323.948
1	185.944
1	182.736
1	256.472
1	228.607
1	160.311
1	365.246
1	189.479
1	197.948
1	187.779
1	294.805
1	208.414
1	297.748
1	277.474
1	207.314
1	243.976
1	232.163
1	252.245
0	70.2839
1	252.038
1	141.271
0	55.7517
1	168.95
1	252.61
1	253.862
1	304.244
1	169.759
1	173.587
1	218.927
1	211.974
1	211.664
1	187.21
1	214.848
1	143.636
1	173.019
1	164.566
1	377.879
1	183.571
0	6.6062
1	144.352
1	174.854
1	263.354
1	223.112
1	173.862
1	199.3
1	211.712
1	421.821
1	205.357
1	154.107
1	175.547
1	181.417
1	199.054
1	221.975
1	235.755
1	177.986
1	333.408
1	207.489
1	219.327
1	183.737
0	14.4461
0	23.8852
1	238.649
1	216.318
1	209.39
1	184.748
1	241.55
1	243.801
1	249.046
0	34.2095
1	287.798
1	229.656
1	298.05
1	149.652
1	179.609
1	231.871
1	237.39
1	320.858
1	191.63
1	171.025
1	236.211
1	217.108
0	103.922
0	2.99504
1	174.594
1	167.542
1	244.578
1	223.564
1	306.703
0	108.802
1	267.29
1	244.242
1	226.751
1	172.425
1	281.424
1	145.105
1	353.668
1	225.959
1	181.208
1	171.609
1	280.209
1	242.254
0	36.2917
1	195.14
0	1.39659
0	38.4813
0	42.8758
1	226.477
0	34.2014
1	175.558
1	253.018
0	52.8467
1	207.151
1	184.798
1	174.473
1	221.605
1	145.764
0	7.42589
1	151.032
1	201.274
1	170.488
1	162.125
1	176.946
1	210.765
1	171.327
1	289.243
1	197.256
1	215.75
1	197.405
1	166.443
1	213.289
1	201.065
0	30.9906
1	143.216
1	209.133
1	240.351
1	229.38
1	221.026
1	229.014
1	196.018
1	179.94
1	231.086
1	178.336
1	193.629
0	4.95113
1	193.221
1	228.806
1	193.949
1	303.718
1	241.107
1	243.898
1	155.368
1	237.911
1	231.355
1	240.053
1	177.811
1	203.209
1	149.089
1	304.766
1	318.153
1	216.05
1	250.167
0	5.12233
1	156.673
1	243.955
1	168.102
1	156.97
1	207.472
1	227.921
1	177.886
1	322.104
1	252.275
1	185.54
1	277.958
1	190.611
1	175.396
1	192.421
1	175.558
1	139.127
1	352.108
1	174.223
1	139.512
0	5.09496
1	228.025
1	178.054
1	187.262
1	240.617
1	218.859
0	88.2024
1	237.874
1	172.93
1	199.048
1	189.104
1	214.608
0	112.922
1	257.22
1	262.665
1	265.798
1	177.838
1	287.825
0	66.8166
1	190.676
1	205.331
1	186.587
1	171.91
1	216.952
1	228.725
1	275.587
1	205.867
1	192.803
1	173.791
1	211.399
1	407.18
1	243.303
1	199.213
1	301.257
0	12.9484
1	181.247
1	229.166
1	170.362
1	211.404
1	213.963
1	205.168
1	247.104
1	358.647
1	163.362
1	202.792
1	241.434
1	297.231
1	189.533
1	318.981
1	238.358
1	214.481
1	280.757
1	165.647
1	183.577
1	205.02
1	196.134
1	196.724
1	163.277
1	165.537
0	50.0956
1	162.857
1	334.398
1	185.328
1	141.359
1	166.004
0	8.80042
1	262.702
1	267.072
1	298.199
0	16.9447
0	21.7728
1	208.566
1	237.334
1	266.929
1	351.142
1	147.101
1	232.375
1	171.15
1	194.832
1	410.411
1	284.037
1	168.751
0	7.86003
1	157.565
1	160.942
1	144.016
1	282.551
1	173.232
1	190.17
1	264.364
1	326.596
1	205.007
1	210.786
1	173.196
1	196.854
1	242.011
1	117.658
1	197.936
1	214.96
1	164.847
0	70.6405
1	166.808
1	180.112
1	153.141
1	304.877
1	156.811
1	228.063
1	195.169
1	178.894
1	213.399
1	195.874
1	194.374
1	222.693
1	139.949
1	167.862
1	175.364
1	183.399
1	299.448
1	260.262
1	187.328
1	186.447
1	188.283
1	186.203
1	199.682
1	131.194
1	178.015
1	310.004
1	200.125
1	201.251
1	216.499
1	215.237
1	257.883
1	170.471
0	47.7073
1	186.892
1	282.388
0	45.9573
1	206.241
1	221.987
1	183.029
1	439.815
1	153.356
1	162.979
1	239.944
1	225.632
1	300.586
1	305.421
1	178.911
1	132.255
1	263.399
1	261.413
1	199.367
1	264.134
1	169.703
1	130.576
1	228.109
1	239.851
1	224.546
1	224.846
1	160.22
1	164.13
1	442.407
1	406.159
1	197.779
1	179.824
1	221.654
1	193.339
1	208.582
1	226.002
1	244.763
1	169.391
1	187.807
1	249.838
1	176.523
1	171.135
1	163.382
1	190.109
1	204.445
1	228.528
1	171.674
1	261.515
1	181.089
1	274.503
1	197.272
1	152.648
1	163.231
1	261.556
1	219.143
1	134.005
0	9.99978
1	181.653
0	30.6321
1	270.306
1	184.746
1	157.847
1	257.86
1	206.255
1	181.597
0	67.3298
1	187.644
1	129.421
1	247.418
1	175.127
1	219.704
1	238.541
1	258.665
1	281.762
1	184.999
1	124.162
1	192.525
1	325.329
1	197.976
0	7.66884
1	152.11
1	183.565
1	266.345
1	243.655
1	90.1276
1	366.871
1	183.511
1	236.654
1	252.374
1	157.383
1	219.002
1	188.568
1	193.3
1	145.066
0	31.4855
1	150.75
0	37.0274
1	222.358
1	185.736
1	203.769
1	275.297
1	324.85
1	233.044
1	187.758
1	202.66
1	148.234
1	205.342
1	182.16
1	186.144
1	221.704
1	218.859
1	209.353
1	259.62
1	283.895
1	263.86
1	158.301
1	212.011
1	198.891
1	155.191
1	189.966
1	174.36
1	157.297
1	199.044
1	257.773
1	201.812
1	213.433
1	214.161
0	27.0665
1	222.605
1	120.582
1	138.297
1	239.719
1	156.099
1	243.603
0	61.6264
1	420.526
1	188.113
0	56.6647
1	168.257
1	207.965
1	270.103
1	213.473
1	157.84
1	185.578
1	293.834
1	220.829
1	207.295
1	142.333
1	179.503
1	261.694
1	264.576
0	127.122
1	206.592
1	198.256
1	226.407
1	189.2
1	140.566
1	201.436
1	255.571
1	333.03
1	201.782
1	269.197
1	170.675
1	194.432
1	258.287
1	198.35
1	245.413
1	146.195
1	214.316
1	189.834
1	182.188
1	209.931
1	257.725
0	100.219
0	25.1138
1	195.216
1	174.354
1	224.201
1	172.214
1	222.054
1	210.133
0	59.0824
1	165.243
0	92.1729
1	226.627
1	288.821
1	387.061
1	176.03
1	194.662
1	175.085
1	179.52
1	199.296
0	8.48035
1	287.878
1	205.481
1	286.439
1	205.429
1	312.596
1	207.344
1	171.369
1	164.404
1	278.618
1	176.018
1	201.507
1	160.634
0	3.41087
1	179.581
1	188.082
1	197.713
1	322.453
1	185.177
1	245.697
1	188.123
1	191.861
1	275.316
0	21.0258
1	163.29
1	163.95
1	179.606
1	245.655
1	193.3
1	161.959
1	210.789
1	142.236
1	119.984
1	182.866
1	182.193
1	161.642
1	192.846
1	194.102
0	119.946
0	6.86569
1	221.219
1	239.665
1	238.826
1	348.026
1	234.994
1	322.39
1	175.039
1	282.568
1	199.675
1	270.559
1	207.538
1	279.21
1	161.036
1	181.378
1	221.193
1	234.187
1	177.764
1	140.188
1	212.147
1	198.769
0	54.3159
1	307.164
1	199.013
1	228.888
1	138.723
1	136.973
1	224.588
1	266.121
1	190.081
1	247.184
1	167.576
1	200.025
1	188.348
1	196.34
1	352.069
1	175.645
1	229.74
1	258.281
1	190.602
0	22.0588
1	285.902
1	226.498
1	261.047
1	340.822
1	242.549
1	234.092
0	11.6005
1	194.443
1	293.854
1	252.273
1	176.53
1	263.482
1	205.551
1	198.186
1	186.186
1	188.782
1	188.737
1	330.946
1	150.504
1	241.865
1	253.721
1	245.819
1	229.139
1	271.216
1	158.974
1	227.661
1	248.555
1	192.268
0	16.8296
1	242.862
1	186.685
1	203.175
1	273.206
1	192.146
1	218.622
1	161.812
1	210.251
1	199.283
1	179.086
1	193.718
1	145.346
1	157.765
1	214.489
1	213.733
1	230.309
1	164.395
1	148.596
1	147.008
1	162.53
1	240.697
1	239.163
1	288.313
1	133.885
1	168.87
1	235.956
1	222.871
1	253.909
1	178.188
1	195.176
1	218.829
1	206.905
1	156.653
1	236.917
1	216.821
1	221.174
1	179.212
1	237.334
1	212.46
1	168.821
0	24.6463
1	230.945
1	179.853
0	32.0997
1	186.723
1	297.182
1	139.539
1	193.576
1	209.645
1	299.562
1	228.352
1	229.584
1	246.453
0	61.8905
1	257.698
1	289.507
1	182.469
1	174.722
1	168.276
1	353.052
1	276.631
1	158.736
1	185.12
1	177.035
1	286.864
1	176.933
1	334.867
1	182.409
1	221.202
1	233.394
1	270.098
0	76.2721
1	297.81
1	261.409
1	479.48
1	198.054
1	219.759
1	196.77
1	216.565
1	185.091
1	264.565
1	123.377
0	0.17663
0	74.7039
1	344.495
1	252.697
1	143.299
1	201.38
0	86.8735
1	146.105
1	164.774
1	197.2
1	298.941
1	205.225
1	132.156
1	234.229
1	174.408
1	188.893
1	282.449
1	174.301
1	253.441
1	176.983
0	50.1294
1	338.816
1	205.424
1	160.68
1	315.605
1	150.223
1	192.613
1	186.087
1	161.589
0	32.1404
1	184.494
1	309.835
1	238.256
0	72.0153
1	221.892
1	181.016
1	230.142
1	324.448
1	199.428
1	232.789
1	227.967
1	234.826
1	179.481
1	176.131
1	291.756
0	38.4429
1	265.543
1	230.074
1	178.126
1	227.572
1	178.842
1	236.045
1	186.227
1	164.929
1	234.927
1	315.334
1	324.454
1	335.696
1	163.914
1	331.123
1	212.64
1	148.468
1	240.527
1	227.265
1	208.67
1	277.285
1	207.616
1	300.305
1	184.321
1	220.96
1	211.899
1	160.047
1	151.76
1	226.63
1	325.108
1	257.889
1	202.301
1	274.595
1	282.389
1	273.327
1	142.971
1	213.437
0	13.2801
1	164.659
0	49.4293
1	273.432
1	207.163
1	238.942
1	209.588
1	241.555
1	208.813
0	46.447
1	240.643
1	182.707
1	222.247
1	290.777
1	202.696
0	67.4029
1	212.753
1	163.936
1	191.582
1	233.37
1	145.65
1	223.83
1	249.904
1	171.377
1	283.846
1	246.644
1	194.858
1	228.57
1	261.369
1	204.463
1	224.092
1	215.013
1	195.821
1	207.695
1	413.994
1	264.841
1	347.072
0	17.6417
1	144.727
1	168.985
1	167.956
1	133.752
1	248.512
1	173.676
1	243.223
0	36.3388
1	184.455
1	137.737
1	169.039
1	180.855
1	216.458
1	225.047
1	154.501
1	194.182
1	304.709
1	144.358
1	184.466
1	184.769
0	62.2821
1	220.83
1	153.242
1	251.849
1	232.622
0	4.73372
1	192.731
1	167.071
1	165.329
1	167.763
1	189.918
1	247.764
1	296.069
1	184.648
1	185.496
1	185.126
1	202.117
1	212.615
1	195.063
1	203.367
1	227.473
1	194.425
1	246.015
1	176.178
1	292.965
1	255.331
1	373.029
1	147.205
1	229.609
0	1.65089
1	212.031
1	285.643
1	269.161
1	240.886
1	216.366
1	175.785
1	290.234
1	304.662
0	0.786146
1	257.984
0	15.0782
1	263.816
1	281.112
1	150.589
1	191.893
1	177.172
1	213.922
1	197.064
1	255.842
1	235.015
1	170.627
1	230.894
1	194.345
1	178.219
1	209.202
1	222.582
1	223.78
1	246.375
1	218.032
1	170.87
1	286.346
1	145.441
1	162.072
1	392.879
1	279.121
1	184.525
1	147.535
1	256.497
1	178.806
1	259.186
1	216.475
1	204.009
1	238.078
1	198.476
1	279.461
1	291.03
1	432.663
1	224.163
1	261.781
1	143.869
1	234.536
1	250.447
1	137.529
1	273.846
1	217.002
1	240.862
0	79.1075
1	215.579
1	152.12
1	264.038
1	189.001
1	402.718
1	170.767
1	253.772
1	216.468
1	227.16
0	45.3142
1	242.296
1	335.096
1	199.322
1	178.912
1	242.899
0	23.8093
1	201.539
1	302.091
1	257.2
1	177.328
1	218.293
1	177.887
1	200.233
1	131.894
1	189.014
0	16.4465
1	300.046
1	326.467
1	119.057
1	290.297
1	236.152
1	173.923
1	164.512
1	188.701
0	13.8676
1	223.457
1	303.984
1	181.011
0	38.2956
1	209.744
1	239.922
1	153.668
1	198.03
1	206.854
1	186.348
1	214.021
1	183.979
0	42.9673
1	540.816
1	221.291
1	245.528
1	197.096
1	191.815
1	198.515
1	240.066
1	240.399
1	163.792
1	114.417
1	141.111
1	205.865
1	192.934
0	4.9563
1	188.81
1	170.009
1	257.861
1	212.191
1	250.768
1	237.708
1	406.944
1	260.679
1	160.313
1	187.124
0	1.62061
1	383.002
1	175.17
1	127.792
1	175.661
1	283.447
1	201.506
1	371.306
1	205.681
1	186.16
1	175.148
1	143.213
1	220.899
1	204.213
1	237.164
1	200.125
1	201.668
1	198.161
1	337.034
0	1.73624
1	175.519
1	279.915
1	287.053
1	198.507
1	161.51
1	287.927
0	37.0309
1	202.023
1	283.901
0	20.4473
1	217.009
1	201.784
1	221.62
1	238.79
1	265.603
1	201.435
1	200.598
1	205.514
0	123.41
1	250.732
1	210.538
1	218.841
1	329.195
0	5.38081
1	237.491
1	236.797
1	200.183
1	210.276
1	169.451
1	292.914
0	16.2178
1	288.206
1	173.669
1	328.462
1	214.956
1	178.226
0	3.1127
1	326.925
1	145.826
1	211.987
0	50.4199
1	205.943
1	139.773
0	29.2755
1	259.578
1	154.094
1	203.504
0	130.19
0	1.9203
1	211.019
1	172.07
1	210.598
1	127.159
1	180.103
1	180.008
1	180.904
1	246.076
1	128.153
1	284.49
0	7.93495
1	211.634
1	263.362
1	161.312
1	164.212
1	184.444
1	174.973
1	352.633
1	127.903
1	291.946
1	244.871
1	161.438
1	291.527
1	231.521
1	252.513
1	205.221
1	192.038
0	36.9667
1	208.505
1	201.352
0	32.5418
0	0.867563
1	195.258
1	203.4
1	190.155
1	267.245
1	210.384
0	22.1101
1	214.746
1	176.393
1	218.454
1	235.671
1	241.902
0	135.52
1	291.285
1	195.191
1	307.532
1	166.547
1	176.289
1	201.183
1	197.52
1	197.3
1	192.832
1	184.712
1	229.676
1	133.329
1	133.141
1	148.154
1	263.987
0	50.6619
1	247.622
1	214.202
1	176.403
1	218.683
0	14.3164
1	257.814
0	24.1775
1	196.287
1	277.751
1	309.246
1	176.802
1	189.662
1	485.073
1	171.766
1	254.159
1	241
1	306.898
1	195.073
1	204.869
1	260.719
0	42.894
1	273.805
1	225.626
0	77.4317
1	181.221
1	131.705
0	24.5929
1	179.753
1	201.426
1	216.92
1	305.113
1	168.805
1	220.22
1	157.887
1	218.267
1	292.647
1	227.868
1	288.9
1	142.16
1	193.493
1	154.016
1	221.472
1	263.241
1	325.55
1	231.558
1	193.18
1	197.322
1	175.623
1	190.389
1	162.861
1	187.848
1	222.237
1	246.668
1	164.017
1	202.767
1	217.98
1	172.123
0	24.772
1	161.062
1	240.571
1	170.641
1	215.972
1	378.251
1	215.618
1	210.975
1	213.003
1	218.91
1	230.216
1	199.455
1	190.668
0	258.534
1	230.98
1	225.134
1	260.991
1	148.155
1	315.403
1	190.284
1	266.951
1	199.401
1	269.246
0	5.21582
1	208.983
1	196.337
1	193.733
1	216.64
1	190.448
1	279.164
1	163.821
0	15.3765
1	230.365
1	186.533
1	172.091
1	190.92
1	240.728
1	263.172
1	227.219
1	256.733
1	183.153
1	229.505
1	142.989
1	358.799
1	172.288
1	158.986
1	209.663
1	170.436
1	179.031
1	241.286
1	274.616
1	195.66
1	238.555
1	190.413
1	268.581
0	24.7186
1	208.406
1	188.527
1	224.231
1	215.021
1	184.438
1	182.829
1	154.799
1	201.978
0	76.0423
0	9.87698
1	155.026
1	159.271
0	49.9761
0	1.72501
1	212.163
1	180.058
1	313.194
1	250.739
1	163.013
1	238.258
1	162.725
1	214.341
1	201.846
1	229.95
0	60.4022
1	167.206
1	257.767
1	220.494
0	30.7218
1	203.877
1	147.985
0	97.2211
1	211.647
1	281.586
1	115.383
0	48.9797
1	179.747
1	175.24
0	15.6548
1	219.041
1	197.891
1	237.645
1	149.52
1	186.974
1	249.799
1	239.328
1	202.839
1	172.857
1	262.552
0	88.4031
1	199.142
1	178.087
1	355.184
1	294.98
1	352.298
1	244.164
1	178.329
1	175.106
1	223.583
1	175.712
1	146.118
1	250.767
1	559.101
1	192.379
1	303.719
1	252.55
1	256.888
1	353.853
1	378.298
1	187.073
1	171.565
1	160.048
1	232.113
1	300.257
1	189.598
1	257.143
1	157.346
0	11.9551
1	220.813
1	244.219
1	178.173
1	175.159
1	288.854
1	210.025
1	253.679
1	228.492
1	275.611
1	291.991
1	192.641
1	274.618
1	205.889
1	213.76
1	219.67
0	42.2185
1	191.554
1	185.619
1	149.674
1	145.905
1	168.298
1	297.121
1	189.298
1	149.308
1	230.941
0	2.64669
0	23.0663
1	216.25
1	251.189
1	262.561
1	179.014
1	239.176
1	177.515
1	172.192
1	180.24
1	222.255
1	204.672
1	207.25
1	216.895
0	24.107
1	229.65
1	234.731
0	7.11452
1	303.545
1	353.246
1	331.97
1	206.967
1	183.071
1	375.458
1	228.097
1	142.072
1	213.095
1	207.67
1	165.365
1	157.458
1	136.005
0	1.41882
1	282.8
1	184.873
1	231.068
1	163.819
1	165.411
1	218.158
1	206.455
1	222.45
1	146.794
1	209.643
1	345.548
0	23.1519
1	194.652
1	225.963
1	155.091
0	44.5193
1	249.08
1	233.274
1	323.836
1	257.57
1	179.527
0	21.8895
1	218.754
1	201.23
1	142.928
1	246.286
1	239.627
1	190.752
1	342.395
1	205.576
1	226.752
1	193.383
0	9.84701
1	215.063
1	212.026
1	370.639
1	258.048
1	223.902
1	182.839
1	143.253
1	203.352
1	269.587
1	203.728
1	205.358
1	147.867
1	146.012
1	133.484
1	264.62
1	215.182
1	181.654
1	179.7
1	164.114
1	191.436
1	379.852
1	343.627
0	41.0313
1	321.532
1	293.731
1	177.695
1	134.31
1	255.303
1	193.76
0	15.8905
1	308.871
1	243.843
1	193.633
1	220.221
1	162.56
1	205.779
1	203.045
0	8.37131
1	182.059
1	271.739
1	196.467
1	276.703
1	200.914
1	231.176
1	181.481
1	196.601
1	189.478
1	348.112
1	178.305
1	177.47
1	179.995
1	196.401
1	299.689
1	187.376
1	254.984
0	31.3753
1	277.296
1	191.612
1	346.595
1	255.888
1	249.39
1	229.498
1	193.211
1	217.785
1	256.363
1	218.109
0	62.8288
1	217.824
1	192.257
1	193.769
1	309.198
1	262.054
1	197.109
1	159.116
1	229.082
1	228.152
1	435.427
1	242.963
0	11.5137
1	269.681
0	43.3576
1	183.483
1	183.391
1	200.851
1	236.911
0	33.3169
1	144.437
1	206.212
1	297.906
0	116.253
1	273.266
1	310.395
1	158.248
1	208.178
1	175.749
1	302.642
1	166.681
1	226.329
1	303.33
1	211.744
1	206.077
1	291.055
1	158.074
1	169.621
1	135.053
1	192.868
1	213.971
0	36.78
1	175.112
0	4.13876
1	134.885
1	197.223
1	293.054
1	256.34
1	234.191
1	154.436
1	206.841
1	202.271
1	187.254
1	238.707
0	5.48745
1	178.9
1	146.39
1	233.516
0	98.4001
0	45.123
1	241.859
1	176.294
1	240.357
1	270.619
1	321.544
1	144.729
1	138.407
1	234.092
1	278.059
1	247.431
1	180.23
1	255.445
1	137.068
1	248.315
1	137.704
1	186.927
1	195.979
1	233.738
1	208.321
1	218.637
1	179.632
1	287.358
1	148.392
1	267.522
1	147.316
1	243.064
1	208.13
1	214.189
1	307.147
1	235.031
1	203.235
1	138.642
0	20.5428
1	286.766
1	229.284
1	162.734
1	209.393
1	137.112
1	208.804
1	150.006
1	333.204
1	260.202
0	150.246
0	59.5611
1	265.133
1	212.593
1	166.42
1	161.594
1	213.626
0	23.6727
1	197.797
1	118.995
0	95.6139
1	214.936
1	178.207
1	202.246
1	218.93
1	246.499
0	49.8604
1	223.594
1	169.118
1	227.454
1	159.653
1	182.541
1	219.389
1	217.483
1	158.457
1	216.908
1	208.386
1	183.19
1	391.477
1	184.606
0	60.9482
0	56.3793
1	240.206
1	231
0	26.2788
1	202.218
1	207.617
1	208.019
0	58.4903
1	201.987
1	236.581
0	82.7496
1	320.352
0	29.8884
1	367.631
1	238.294
1	164.844
1	180.888
1	175.607
1	249.738
1	223.794
1	142.847
1	166.154
1	177.472
1	273.542
1	365.052
1	231.221
1	212.369
1	157.608
1	240.108
1	188.456
1	155.658
1	211.825
1	134.472
1	150.73
1	260.899
1	235.276
1	185.888
1	170.56
1	186.301
1	221.368
1	209.362
1	233.101
1	270.049
1	208.862
1	201.01
1	274.226
1	225.987
0	48.3761
1	207.727
0	12.285
1	164.783
1	177.135
1	160.016
1	220.213
1	174.621
1	177.456
1	486.378
1	133.696
1	318.973
0	26.3527
1	304.477
1	221.307
0	115.163
1	200.87
1	171.887
1	267.333
1	216.023
1	251.605
1	210.772
1	177.225
1	279.954
1	139.728
1	218.402
0	93.9024
1	138.33
1	151.142
1	195.405
0	177.755
0	0.70117
1	214.454
1	165.985
1	147.519
1	157.055
1	228.675
1	259.321
1	275.242
1	258.355
1	190.84
1	227.963
1	164.343
1	259.59
1	197.024
0	21.4719
1	245.402
1	175.779
1	450.798
1	171.275
1	217.024
1	319.152
0	12.1309
1	226.327
1	192.05
1	279.903
1	259.388
1	279.58
1	169.865
1	213.655
1	269.606
1	174.363
0	17.8086
1	179.865
1	300.425
1	269.815
1	262.607
1	238.973
1	235.947
1	248.095
0	162.065
1	212.099
1	179.666
1	303.717
1	164.212
1	277.42
1	152.705
1	205.497
1	164.399
1	497.249
0	17.9121
1	160.008
1	347.852
1	209.734
1	190.015
1	241.699
1	160.92
1	206.3
1	314.664
0	2.1204
1	203.743
1	162.067
1	160.363
1	224.696
1	269.168
1	148.142
1	261.643
1	305.309
1	171.943
1	217.332
1	268.655
1	141.922
1	190.381
1	434.622
1	258.966
1	247.116
1	172.581
1	181.757
0	12.5352
1	217.283
1	215.158
1	175.19
0	87.3787
1	296.283
1	256.431
1	197.376
1	208.693
1	178.315
1	164.118
1	230.246
1	269.542
1	198.877
1	170.387
1	164.654
1	155.395
1	153.138
1	219.109
1	228.499
1	297.169
1	261.859
1	211.061
1	189.465
0	16.7915
1	226.082
1	226.411
1	208.985
1	277.443
1	207.145
1	186.351
1	189.412
1	189.976
1	170.06
1	186.151
1	213.207
1	197.268
1	260.742
1	227.584
1	173.667
1	216.478
1	198.724
1	161.838
1	161.651
1	138.552
1	194.832
1	342.38
1	206.079
1	224.678
1	211.03
1	177.034
1	284.334
1	240.499
1	274.79
1	181.38
1	195.64
1	226.298
1	167.489
1	169.928
1	217.566
1	183.258
1	184.149
1	173.777
1	194.754
1	226.174
1	384.594
1	194.273
1	186.923
1	255.58
1	357.751
1	327.774
0	12.6184
1	169.395
0	36.5221
1	229.138
1	205.942
1	251.227
1	285.924
0	96.3931
1	168.433
0	137.916
1	302.432
1	177.134
1	147.082
0	59.1834
1	141.575
1	188.908
1	198.386
1	183.071
1	218.25
1	233.438
1	230.395
1	192.205
1	147.96
1	159.714
1	272.443
1	220.163
1	240.131
1	204.174
1	198.962
1	267.45
1	241.07
1	286.865
0	5.85245
1	144.347
1	205.93
1	188.464
1	229.454
1	214.912
1	214.801
1	145.966
1	183.444
1	170.508
1	204.91
0	9.93879
1	227.165
1	154.369
1	152.263
1	168.281
1	178.642
1	175.112
1	150.851
1	268.704
1	306.46
1	207.541
1	224.164
1	248.455
1	208.393
1	209.892
1	312.277
1	177.353
1	197.341
1	241.851
0	265.271
1	454.804
1	267.414
1	332.217
0	12.3393
1	218.008
1	301.888
1	146.413
0	129.369
1	153.885
1	182.745
1	242.604
1	233.557
1	317.221
1	203.182
1	187.758
0	96.6671
1	230.695
1	151.344
1	314.22
1	141.873
0	109.064
1	205.828
1	155.777
1	278.493
1	267.201
0	29.0526
1	183.546
1	196.258
0	3.18947
1	235.263
1	178.905
1	172.432
1	262.544
1	204.592
0	79.2897
1	182.222
1	209.347
1	159.136
1	259.961
0	50.877
1	174.244
1	273.055
1	289.53
1	197.47
1	215.626
1	424.123
1	236.853
1	233.016
1	189.697
1	196.183
1	204.506
1	354.391
1	258.507
1	173.69
1	231.719
1	190.669
1	236.3
1	192.674
1	245.039
1	212.007
1	161.572
1	374.356
1	305.772
1	177.51
1	211.901
1	224.984
1	253.025
1	193.889
1	143.447
1	174.021
1	215.723
1	230.777
1	205.182
1	294.138
1	170.207
1	153.013
1	201.297
1	193.181
0	3.86368
1	140.818
1	205.382
1	248.144
1	208.983
1	187.728
1	205.36
1	285.085
1	203.306
1	266.925
1	194.965
1	189.009
1	181.872
1	334.341
1	226.785
1	207.896
1	238.027
1	209.769
1	166.374
1	225.741
0	114.039
1	135.905
1	193.663
1	335.378
1	197.015
1	167.53
1	216.688
1	193.055
1	171.409
1	215.179
1	151.684
1	246.192
1	251.96
1	172.371
1	230.97
1	168.366
1	317.586
1	164.15
1	155.511
1	191.028
1	191.753
1	170.783
0	16.3629
1	148.258
1	154.692
1	229.718
1	347.145
1	223.217
1	179.663
1	252.177
1	224.12
1	224.711
1	131.209
1	148.445
1	171.309
1	241.531
1	329.385
1	183.772
1	220.94
1	220.482
0	4.03598
1	335.666
1	371.669
1	244.264
1	187.642
1	179.015
1	210.808
0	49.4398
1	219.128
1	209.091
1	205.314
1	198.18
1	191.721
0	30.469
1	152.034
0	6.83222
1	236.194
1	181.115
1	228.627
0	6.74864
1	180.413
1	164.136
1	232.024
1	272.533
0	63.037
1	164.577
1	187.707
1	182.711
1	161.094
1	297.528
1	267.454
0	35.0623
1	234.989
1	233.617
1	185.241
1	258.468
0	18.1784
1	222.267
1	169.206
1	187.219
1	279.862
1	291.698
1	186.857
1	251.462
1	202.358
1	166.399
1	209.145
1	221.23
0	185.728
1	261.326
1	249.52
1	153.149
1	174.75
1	218.859
1	281.861
1	235.214
1	224.958
1	246.79
1	205.541
1	209.503
0	219.302
1	275.154
1	294.668
1	246.184
1	211.39
1	154.159
1	141.055
1	211.548
1	296.659
1	168.849
1	182.596
1	240.16
1	247.058
1	207.23
1	186.092
1	201.035
1	325.536
1	176.241
1	225.165
1	245.822
1	190.791
1	219.58
1	350.113
1	372.797
0	18.2033
1	147.591
1	390.19
0	8.26767
0	3.55622
1	183.019
1	180.992
1	241.262
1	295.115
1	202.811
1	347.124
1	198.671
1	212.401
1	170.429
1	240.849
1	287.148
1	237.233
1	193.222
1	178.761
1	220.43
0	123.883
1	158.991
1	228.752
1	228.713
1	313.755
0	60.7074
1	191.978
1	310.42
1	266.52
1	193.026
1	325.858
1	133.983
1	275.888
1	161.59
0	32.2179
1	300.134
1	384.479
0	195.379
1	201.601
1	147.648
1	156.788
1	178.348
1	208.588
1	228.663
1	163.685
1	149.825
1	176.217
1	156.466
1	201.113
0	30.7537
0	64.9945
1	303.115
1	237.177
1	175.74
1	334.62
0	29.9972
1	130.822
1	166.283
0	32.1297
1	166.176
1	217.107
1	191.955
1	185.557
1	171.831
1	153.462
1	406.286
0	15.0838
1	213.833
1	206.22
0	8.25479
1	262.191
1	143.227
1	177.935
1	227.564
1	209.595
1	182.171
1	284.316
1	207.304
1	197.504
1	213.091
1	270.017
1	202.13
1	174.24
1	188.047
1	292.417
1	136.661
0	10.9613
0	24.7828
1	184.973
1	172.097
1	286.219
1	309.908
1	161.005
1	259.734
0	185.4
1	226.076
1	236.962
1	176.902
0	74.9283
1	227.186
1	203.346
0	22.027
1	238.131
1	211.248
1	282.637
1	158.643
1	159.075
1	225.159
1	189.132
1	222.167
1	152.757
1	162.588
0	27.9517
1	195.338
1	238.521
1	181.199
1	140.65
1	201.925
1	166.613
1	313.94
1	157.781
1	359.992
1	162.181
1	194.697
1	227.173
1	155.169
0	8.86716
1	189.755
0	85.4158
1	236.142
1	202.326
1	246.976
1	134.876
1	146.588
1	156.207
1	195.009
1	242.784
1	181.589
1	204.113
1	175.075
0	11.7176
0	15.812
1	359.017
1	198.513
1	210.183
1	217.138
1	296.736
1	234.643
1	202.357
1	232.619
1	204.436
1	173.449
1	206.644
1	255.615
1	207.706
1	239.041
1	218.443
1	224.786
1	341.235
1	254.737
1	259.631
0	16.3663
1	197.696
1	204.493
1	193.137
1	227.546
1	220.61
1	199.094
1	249.94
1	256.875
0	38.1878
0	88.2562
1	221.424
1	147.875
1	223.227
1	176.301
1	207.618
1	272.336
1	253.224
1	200.631
1	170.328
1	160.815
1	259.657
1	240.55
1	208.425
1	180.485
1	284.904
0	4.3162
1	276.879
1	274.545
0	3.42351
1	196.363
1	183.301
1	264.585
1	276.343
1	213.629
1	186.201
1	233.148
1	182.677
1	271.792
1	318.989
1	352.983
1	234.084
1	144.016
1	211.433
0	37.731
1	194.074
1	228.887
1	246.189
1	186.373
1	233.659
1	229.652
1	185.269
1	228.21
1	339.818
1	266.045
1	133.47
1	226.363
1	233.042
1	288.307
1	226.733
1	146.147
1	145.525
1	246.268
0	177.738
1	162.267
1	194.342
1	154.163
1	151.001
1	261.903
0	64.1581
1	200.595
0	5.64543
1	221.516
1	252.371
1	169.109
1	211.639
1	255.279
1	132.118
1	175.776
1	255.374
1	358.447
1	236.34
1	225.586
1	247.96
1	222.037
1	227.899
1	248.478
1	146.897
1	194.37
1	192.205
1	149.688
1	136.643
1	175.235
1	273.131
1	216.675
1	221.157
0	48.4296
1	151.039
0	63.0969
1	196.409
1	199.032
1	207.764
1	219.859
1	199.203
1	151.669
1	209.957
0	21.7928
0	62.8955
1	149.452
1	490.808
1	170.134
1	249.778
1	201.239
1	271.559
1	363.007
1	199.7
1	208.658
1	150.059
0	23.7656
1	192.995
1	414.528
1	163.72
1	252.238
0	17.9644
1	321.377
1	191.226
1	165.773
1	189.106
1	586.619
1	336.235
1	392.79
0	110.255
1	288.504
1	173.596
1	194.316
1	237.062
1	176.243
1	232.628
1	170.685
1	237.231
1	227.109
1	242.959
1	232.051
1	160.358
1	137.147
1	200.798
0	26.9569
1	328.877
1	181.71
1	212.517
1	241.91
1	218.05
1	155.149
1	204.745
1	229.517
1	215.999
1	137.552
1	165.273
0	91.8419
1	162.278
1	141.275
1	228.779
1	182.902
1	162.565
1	130.746
1	210.284
1	263.645
1	196.479
1	191.817
1	313.441
1	184.185
1	222.819
1	186.301
1	191.226
1	183.24
1	277.604
1	250.325
1	327.945
1	143.251
1	205.72
1	156.977
1	221.794
1	184.011
1	183.148
0	14.761
1	202.826
1	227.118
1	491.482
1	329.379
1	231.803
1	205.499
1	211.907
1	147.64
1	151.682
1	159.109
0	15.808
1	318.419
1	322.665
1	196.897
1	154.97
1	195.74
1	293.799
1	191.361
1	278.263
1	202.172
1	170.587
1	223.693
1	206.615
1	243.66
1	316.326
0	33.2143
1	275.171
1	176.263
1	248.395
1	239.951
1	187.106
1	208.908
1	221.97
1	391.717
0	34.4981
1	256.606
1	272.669
1	239.367
1	222.139
1	189.888
1	239.652
1	219.466
0	33.9098
1	175.213
1	305.74
1	187.194
1	133.525
1	225.308
1	152.294
1	254.259
1	212.459
1	187.463
1	157.14
1	146.089
1	279.549
1	179.609
0	1.56111
1	290.243
1	193.852
1	238.836
1	155.753
1	198.676
0	11.8904
0	42.854
1	149.115
1	188.32
1	184.105
1	257.802
1	205.761
0	35.1902
1	189.011
1	153.596
0	2.88127
1	412.584
1	216.132
1	248.293
1	303.414
1	211.422
1	269.854
1	234.22
1	245.384
0	69.698
1	150.994
1	194.068
1	236.737
1	242.079
1	229.352
1	243.199
1	244.144
1	156.4
1	331.596
1	191.05
1	165.905
1	233.661
1	205.479
1	150.464
1	229.921
1	232.572
1	247.631
1	290.712
1	170.805
1	173.162
1	184.831
1	218.04
1	160.944
1	241.595
1	286.676
1	153.538
1	174.913
1	211.621
1	165.234
1	160.804
1	240.328
1	220.958
1	223.413
1	206.3
1	229.8
0	19.1354
1	490.727
1	252.674
1	177.707
1	512.301
1	168.156
1	316.26
1	198.349
1	214.454
1	240.279
1	181.643
0	61.1061
1	211.315
1	167.542
1	159.044
1	170.464
1	225.909
1	274.782
1	281.512
1	159.984
1	161.795
1	218.591
1	268.709
1	165.565
0	19.9276
1	128.926
1	261.778
1	321.262
1	213.897
1	218.074
1	290.552
1	155.853
1	249.99
1	182.062
1	215.729
1	220.638
1	231.798
1	211.352
1	193.621
1	180.291
1	212.525
1	161.255
1	225.381
1	147.797
1	195.431
1	132.49
1	202.118
1	185.016
1	187.094
1	174.562
1	202.904
1	231.167
1	229.558
1	243.687
1	273.375
1	138.708
1	296.67
1	169.002
1	186.598
1	204.747
1	276.761
1	214.352
1	174.963
1	242.957
1	248.324
1	213.764
1	197.991
1	200.011
1	414.424
1	182.324
1	149.432
1	228.169
1	181.723
1	296.65
1	199.119
1	168.663
1	181.877
1	201.207
1	245.538
0	172.418
1	175.957
1	212.52
1	163.866
1	191.743
1	209.55
1	223.92
1	162.576
1	207.96
1	168.005
0	43.5145
1	243.936
1	185.122
1	229.082
1	230.622
1	248.802
1	214.96
1	242.497
1	245.769
1	233.032
1	239.502
1	151.826
1	188.894
1	235.898
1	246.129
0	95.3915
1	156.87
1	211.102
0	67.2249
1	251.418
1	267.367
1	321.367
1	168.265
1	234.219
1	177.481
1	432.635
1	138.508
1	165.751
1	251.474
1	248.499
0	12.2434
0	31.9873
1	175.829
0	143.455
1	207.507
1	220.011
1	210.055
1	232.977
1	162.31
1	168.425
1	181.372
1	145.203
1	183.271
1	225.334
1	260.424
1	227.444
1	167.139
1	209.348
1	265.176
1	180.18
1	142.603
1	245.666
1	191.184
1	166.784
1	207.897
1	173.062
1	226.422
1	175.575
1	271.84
1	255.477
1	229.134
1	320.973
1	250.111
1	353.743
1	203.428
1	263.453
1	223.459
1	274.354
1	217.699
1	246.095
1	188.283
1	222.622
1	179.118
1	140.96
1	203.241
1	195.185
1	138.81
1	177.68
1	226.164
1	177.096
1	226.687
1	228.663
1	146.979
1	270.622
1	201.883
1	202.022
1	137.655
1	225.911
1	155.373
1	156.275
0	15.5098
1	151.287
1	190.275
1	183.656
1	285.487
1	193.729
1	142.622
1	321.092
1	252.153
1	183.883
1	178.143
1	241.487
0	9.34423
0	10.7085
1	229.74
1	209.361
1	165.64
1	261.348
1	179.972
0	81.6987
0	63.8397
1	168.424
1	171.84
0	31.599
1	284.29
0	46.748
1	208.206
1	198.034
1	258.025
1	204.278
1	325.992
1	222.339
1	170.34
1	253.948
1	197.096
1	192.216
1	218.611
1	170.401
1	172.363
1	157.591
0	19.0961
1	233.438
1	230.952
1	196.368
1	368.739
1	173.965
1	242.723
0	4.38754
1	374.064
1	206.165
1	206.689
1	178.837
1	194.505
1	209.272
1	190.428
0	7.98003
0	15.1627
1	194.351
1	163.372
1	181.306
0	14.0296
1	284.534
1	223.637
0	2.31242
1	190.959
0	67.9402
1	180.239
1	141.91
1	285.743
0	29.36
0	15.811
1	176.428
1	300.662
1	211.174
1	301.996
1	199.959
1	149.315
0	13.4755
1	247.765
1	287.371
1	382.887
1	227.219
1	353.378
1	186.734
1	199.854
1	169.908
1	192.479
1	167.85
1	224.836
1	220.261
1	156.505
1	200.331
0	32.0993
1	288.375
1	151.643
1	188.602
1	241.819
1	337.56
1	241.216
0	0.781925
1	211.402
1	196.334
1	344.375
1	184.165
1	265.776
1	297.73
0	51.7338
1	143.215
1	182.439
1	158.686
1	249.167
1	165.004
1	178.69
1	193.699
1	186.493
1	176.245
1	177.836
1	185.252
0	4.40303
1	240.55
1	218.855
0	98.3539
1	119.656
1	264.073
1	220.165
1	229.32
1	227.475
1	184.119
1	249.442
1	194.886
1	170.27
1	304.813
1	337.775
0	6.32465
1	212.384
0	208.123
1	220.03
1	224.661
1	212.566
1	214.543
1	174.521
1	159.685
1	130.336
1	367.943
1	158.28
1	195.547
0	20.234
1	212.389
1	240.765
1	216.672
1	300.359
1	226.344
1	155.487
1	172.489
1	182.043
1	207.044
1	293.847
1	171.795
1	184.584
1	446.426
1	268.263
1	202.86
1	166.769
1	242.375
1	209.894
1	236.542
1	226.052
1	258.603
1	244.997
1	183.02
1	225.578
1	274.21
1	207.446
0	25.2713
1	184.606
1	121.892
1	202.969
1	177.733
1	143.557
1	181.881
0	2.11009
1	160.325
1	229.335
1	197.126
1	146.098
1	134.536
1	254.399
1	216.662
0	49.8394
1	207.725
1	248.753
0	112.909
1	179.132
1	147.096
1	148.366
1	230.466
1	130.272
1	163.873
1	213.517
1	185.553
1	286.084
1	236.229
1	199.372
1	270.648
1	203.893
1	187.751
1	185.19
1	349.495
1	237.255
1	211.165
1	237.863
1	157.465
1	137.825
1	178.472
1	129.451
1	317.145
1	226.376
1	275.915
1	263.046
1	219.536
1	251.013
1	235.249
1	281.529
1	183.197
0	26.2723
1	218.088
1	136.168
1	225.313
1	188.705
1	419.844
1	223.593
1	253.045
1	243.723
1	194.761
1	208.208
1	242.531
1	222.808
1	225.342
1	136.834
1	219.539
1	213.381
1	191.182
1	185.836
1	238.668
0	62.3788
1	186.49
1	181.622
0	4.38682
1	171.471
1	272.244
1	231.764
1	308.212
1	184.115
1	171.577
1	222.96
1	235.748
1	233.484
1	216.387
1	180.663
1	297.358
1	190.56
1	213.194
1	264.444
1	268.201
1	284.033
1	163.322
1	190.758
1	334.644
1	209.48
1	145.44
1	197.708
1	214.923
1	192.009
1	202.155
1	273.267
1	215.429
0	49.0507
1	189.964
1	168.146
1	239.858
1	157.059
1	180.099
1	180.495
1	249.01
1	178.55
1	186.745
1	145.474
1	154.585
1	145.885
0	25.4027
1	220.489
1	148.735
0	110.629
1	213.244
1	363.882
1	185.591
1	117.29
1	187.599
1	245.838
1	195.223
1	314.137
1	185.624
1	250.662
1	293.893
0	94.9657
1	189.349
1	162.514
1	162.803
1	192.416
1	266.236
1	212.917
1	201.309
1	214.48
1	185.662
0	17.467
1	183.147
1	241.082
1	291.99
1	253.308
1	169.072
1	153.749
1	200.809
1	235.022
0	17.6889
1	170.496
0	69.2782
1	177.409
1	191.273
1	190.117
1	203.746
1	182.936
1	197.801
1	327.012
1	169.523
1	173.189
1	264.27
1	243.58
1	132.177
1	133.737
1	239.073
1	311.144
1	274.808
1	218.431
1	331.788
1	221.117
1	203.419
1	179.323
1	189.671
1	285.475
1	232.61
1	162.146
1	199.473
1	220.181
1	222.217
1	162.318
1	224.356
1	227.712
1	243.104
1	177.168
1	158.6
1	217.816
0	11.9298
1	204.944
1	251.769
0	65.6778
1	247.688
0	58.6413
1	181.618
1	255.376
1	372.201
1	248.604
1	203.304
1	223.917
1	304.74
1	175.806
1	134.307
0	14.6282
1	247.586
1	169.765
0	9.85169
0	25.5015
1	201.04
1	302.116
1	246.885
1	296.059
1	216.424
1	117.123
1	312.005
1	267.892
1	188.981
1	215.398
1	262.725
1	180.212
1	168.155
1	239.482
1	195.224
1	327.027
1	238.348
1	327.469
1	184.119
1	274.353
1	245.178
1	233.961
1	190.142
1	176.319
1	189.944
1	420.929
1	269.552
1	194.813
1	127.494
1	303.764
1	146.25
1	259.713
1	222.409
1	180.768
1	233.349
1	221.315
1	227.582
1	226.421
1	184.292
1	177.899
1	145.36
1	234.485
1	170.59
1	331.543
1	158.226
1	272.253
1	318.338
1	198.831
0	38.9517
1	166.455
1	196.011
0	24.7622
1	306.96
1	178.449
1	177.253
1	342.76
1	214.634
1	179.152
1	334.776
1	316.021
1	171.275
1	234.846
0	68.0335
1	230.38
1	289.489
1	194.276
0	14.1244
1	204.93
1	315.124
1	176.009
1	231.98
1	192.694
1	285.583
1	201.08
1	257.909
1	216.615
1	176.184
1	215.688
1	207.075
1	217.043
1	243.016
1	169.866
0	151.141
0	78.177
1	151.723
1	187.109
1	199.902
1	218.648
1	270.888
1	414.46
1	173.557
1	197.471
1	187.795
1	289.882
1	122.154
1	180.928
1	185.804
1	153.299
1	271.656
0	244.884
1	148.911
1	227.185
1	228.413
1	306.351
1	219.658
1	193.935
1	239.723
1	205.63
1	217.269
1	247.124
1	186.099
1	187.764
1	210.336
1	237.618
1	249.94
0	8.23607
1	159.879
1	300.753
1	411.152
0	92.8616
1	186.309
1	186.852
1	225.588
1	244.38
1	173.804
1	213.356
1	251.631
1	188.966
1	192.945
1	177.543
0	3.79118
0	12.4204
1	351.279
1	332.869
1	183.564
0	49.7573
1	166.847
1	189.913
0	19.4231
1	305.805
1	393.837
1	179.504
1	241.189
1	233.81
1	185.041
1	223.075
1	271.19
1	282.701
1	225.771
1	166.183
1	255.652
1	257.448
1	178.838
1	354.136
1	279.305
1	188.842
1	217.27
1	192.541
1	243.651
1	218.275
1	237.551
1	306.951
1	177.446
1	187.002
0	51.1664
1	148.575
1	191.958
1	217.999
1	260.834
1	252.028
1	293.361
1	177.632
0	43.1205
1	245.989
1	319.264
1	247.295
1	157.664
1	174.48
1	147.183
1	236.41
1	198.268
1	185.629
1	175.55
1	170.263
1	192.757
1	187.784
0	3.95317
1	222.748
0	35.6886
1	224.631
1	276.059
1	181.785
1	215.158
1	177.525
1	133.064
1	215.799
0	82.886
1	231.886
1	185.122
0	14.0702
1	123.923
1	151.026
1	222.9
1	184.434
1	435.779
1	258.017
1	185.994
1	174.145
1	247.507
1	216.78
1	274.404
1	231.779
1	190.115
1	305.25
1	178.761
1	144.58
1	360.98
1	209.479
1	200.419
1	245.269
1	228.483
1	214.808
1	209.72
1	183.385
1	181.91
1	199.52
1	292.77
1	199.689
0	23.7073
1	170.328
1	217.553
1	176.899
1	198.34
1	207.05
1	191.697
1	179.452
1	209.436
1	253.193
1	233.135
1	277.308
1	204.912
1	123.608
1	205.434
0	49.1491
1	145.804
0	2.36003
1	160.555
0	51.4254
0	33.0387
1	213.986
1	208.028
1	270.807
1	199.731
1	184.532
1	209.274
1	169.518
1	140.291
0	18.5214
1	192.998
1	243.55
1	175.434
1	241.919
1	213.81
1	200.602
1	190.739
1	136.928
1	152.353
1	212.004
1	191.477
1	229.102
1	163.65
1	174.165
1	206.005
1	314.822
0	32.2299
1	333.157
0	37.4185
1	208.407
1	170.034
1	247.945
1	232.46
1	195.82
1	285.212
1	173.626
1	194.472
1	193.483
1	184.033
1	175.513
1	220.065
1	270.439
1	213.038
1	197.253
1	228.154
1	215.15
1	172.633
1	159.096
1	196.661
1	208.697
1	201.599
1	203.258
1	262.727
1	205.582
1	217.896
1	234.515
1	183.503
1	204.966
1	227.592
1	212.265
1	356.796
0	47.1258
1	231.853
1	169.998
1	203.377
1	157.394
1	545.891
1	197.254
1	254.416
1	221.442
1	224.053
1	214.103
1	231.765
1	144.956
1	182.984
0	52.4374
1	256.48
1	215.644
1	250.816
1	200.004
1	146.56
0	39.8331
1	182.341
1	222.371
1	263.107
1	154.42
1	222.384
1	304.582
1	303.395
1	229.45
1	187.769
1	254.84
1	243.638
1	221.795
1	270.094
0	12.1179
0	23.3525
1	281.056
1	285.728
1	153.777
1	172.264
1	174.748
1	244.512
0	182.731
1	245.607
1	172.749
1	229.634
1	259.191
1	164.961
0	14.0951
1	241.593
1	227.248
1	249.139
1	158.182
1	149.291
1	189.661
1	226.491
1	180.451
1	222.791
1	189.81
1	328.885
0	9.15896
1	215.927
0	7.12999
1	216.22
1	242.497
1	163.591
1	270.882
1	257.925
0	20.8319
1	151.559
1	203.298
1	168.36
1	155.965
1	231.444
1	177.107
1	203.042
1	141.757
0	26.7784
1	203.63
1	170.819
1	237.125
1	345.053
1	188.467
0	67.5278
1	211.716
1	200.703
1	187.412
1	185.745
1	196.558
1	269.804
1	311.553
1	178.106
1	184.64
0	17.6456
1	213.33
0	65.2171
1	249.397
0	7.12508
1	325.87
1	240.601
1	126.801
1	303.054
1	168.754
1	175.421
1	306.767
1	262.603
1	186.527
1	145.127
0	114.384
1	344.505
1	222.569
1	170.54
1	181.783
1	142.312
1	230.614
0	134.503
0	56.5231
1	260.644
1	339.251
1	179.071
1	227.523
1	167.351
1	206.013
1	221.341
1	176.306
1	183.001
1	217.934
1	240.891
1	167.071
1	203.783
1	251.906
1	294.787
1	288.911
1	233.24
1	177.059
1	297.4
1	253.086
1	379.933
0	68.3024
1	248.65
1	242.011
1	175.491
1	201.585
1	260.374
1	284.072
1	203.87
1	187.611
1	252.111
1	254.364
1	163.222
1	324.971
1	230.196
1	180.753
1	215.497
0	3.32379
0	55.9273
1	274.075
1	229.335
0	45.1002
1	248.893
1	178.326
1	168.588
1	183.829
1	297.755
1	127.826
1	281.385
1	249.924
1	161.848
1	383.063
1	202.079
1	211.667
1	262.443
1	231.365
1	209.536
1	176.223
1	210.392
1	202.4
1	237.895
1	154.147
1	268.873
1	155.526
1	253.971
1	225.181
0	71.2464
1	226.39
1	325.837
0	23.1263
1	192.608
0	28.7496
1	241.411
1	185.054
1	159.944
1	285.659
1	216.989
1	137.314
1	235.338
1	287.368
1	203.153
1	157.98
1	117.814
1	292.809
1	235.106
1	203.049
1	175.757
1	168.657
1	254.001
1	201.193
1	244.044
1	211.117
1	209.488
1	153.516
1	218.2
1	231.708
1	232.914
1	194.354
1	208.123
1	195.835
1	141.079
1	323.288
1	229.297
1	171.866
1	215.364
1	231.045
1	202.442
1	184.24
1	176.795
0	31.3147
1	301.979
1	222.088
1	195.063
1	215.669
1	244.272
1	165.741
1	165.21
0	194.064
1	208.413
1	152.359
1	149.012
1	174.968
1	211.646
1	175.204
1	248.798
0	89.2439
1	194.365
1	268.848
1	206.272
0	0.367004
1	192.111
1	175.822
1	203.35
1	201.43
1	263.4
1	203.349
1	229.578
1	176.633
1	188.856
1	343.812
1	184.324
1	304.939
1	231.207
1	229.027
0	96.1595
1	218.939
1	197.363
1	213.605
1	196.64
1	233.857
1	199.684
1	261.357
1	180.953
1	180.045
1	300.825
1	234.83
1	248.115
1	170.42
1	179.07
1	227.982
1	156.275
0	55.9393
1	190.805
1	252.362
1	167.664
1	198.852
1	142.65
0	29.4173
1	211.193
1	222.055
1	182.882
1	213.154
1	244.184
1	158.818
1	344.483
1	246.528
1	276.293
1	181.278
1	269.796
1	189.561
1	292.985
1	180.697
1	205.287
1	181.951
0	58.763
1	182.419
1	265.877
1	157.912
1	239.019
1	189.787
1	169.395
1	143.561
1	171.856
1	210.989
1	228.29
1	211.359
1	200.758
1	232.468
0	115.398
1	167.123
1	264.471
1	199.251
1	201.726
1	155.872
1	227.349
1	189.471
1	217.758
1	151.564
1	210.135
1	313.88
1	219.119
1	322.604
1	318.122
1	266.396
0	37.9295
1	158.575
1	203.348
1	240.9
1	187.086
0	21.499
1	142.418
1	192.347
1	136.468
1	210.478
1	201.641
1	290.184
1	205.288
1	184.414
1	226.65
1	192.163
1	250.746
1	184.119
1	177.091
1	182.382
1	180.694
1	190.656
1	266.834
1	167.92
1	168.839
1	224.876
1	478.871
1	191.408
1	230.288
1	213.291
1	283.289
1	148.462
1	272.605
0	7.77456
1	235.381
1	326.048
1	175.838
1	176.702
1	161.668
1	239.459
1	147.457
1	258.499
1	184.216
1	195.146
1	202.256
1	252.254
1	158.976
1	217.073
1	362.795
1	258.44
1	219.156
1	174.316
1	200.68
1	239.348
1	190.769
1	213.412
1	215.78
1	308.095
1	240.722
0	51.489
1	259.383
1	246.508
1	190.082
1	205.591
1	259.368
0	45.2882
1	199.684
1	169.829
1	150.365
1	162.62
0	10.5863
1	408.191
1	157.573
1	277.458
0	90.3566
1	187.774
1	188.929
1	152.992
1	185.128
1	155.14
1	211.612
1	138.267
1	159.09
1	241.288
1	202.378
1	201.836
1	199.73
1	194.238
1	199.569
1	227.186
1	157.45
1	172.081
1	203.014
1	148.422
1	390.433
1	195.094
1	238.241
1	429.375
1	110.397
1	128.036
1	142.852
1	264.818
0	64.1283
1	171.829
1	177.344
1	217.951
1	206.773
1	188.771
1	238.919
1	302.567
1	213.67
1	220.899
0	90.6983
1	238.381
1	149.35
1	180.286
1	167.914
1	170.253
1	187.542
1	171.695
1	167.029
1	359.194
0	55.2201
1	173.263
1	250.244
0	50.6462
1	329.871
1	167.909
1	226.313
1	204.362
1	181.054
1	177.712
0	11.6354
1	300.229
1	218.288
1	273.816
1	167.379
1	199.544
0	19.9806
1	164.514
1	295.894
1	273.431
1	225.209
1	142.322
1	213.79
1	270.984
0	14.412
1	236.693
0	3.56406
1	149.413
1	335.497
0	17.0993
1	161.979
1	133.02
1	167.061
1	231.14
1	332.942
1	256.464
1	133.46
1	163.31
1	204.459
1	197.106
1	225.321
1	226.457
1	356.209
1	206.043
1	260.079
1	191.232
1	239.34
1	267.998
1	209.496
1	162.054
1	252.175
1	230.805
0	19.2097
1	269.963
1	408.657
1	313.913
1	269.651
1	187.258
1	273.887
1	288.208
1	169.156
1	454.11
1	300.635
1	299.005
0	15.899
1	203.489
1	231.643
1	340.806
1	166.429
1	234.943
1	227.188
1	182.596
1	265.935
1	298.217
1	219.134
1	190.33
1	225.593
1	160.374
1	127.252
1	339.297
1	257.143
0	11.2465
1	182.661
1	207.698
0	4.07666
1	145.32
1	132.442
1	172.834
0	8.49683
1	189.277
1	137.817
1	212.828
1	192.193
1	215.441
1	231.945
1	264.528
1	180.635
1	241.909
1	209.409
0	4.95605
1	163.764
1	186.901
1	251.543
1	259.977
1	348.619
1	195.069
1	308.463
1	165.675
1	159.384
1	179.98
1	244.522
1	167.587
1	196.999
1	178.051
1	236.597
1	218.219
1	135.587
1	249.78
1	279.826
1	202.672
1	264.501
0	48.4773
1	136.412
1	177.779
1	175.127
1	234.921
1	256.118
1	308.803
1	185.792
1	342.766
0	35.0904
1	171.75
1	270.632
1	195.355
1	251.746
1	370.82
1	165.71
1	214.434
0	123.219
1	113.03
1	189.937
0	30.8404
1	211.4
1	182.076
0	42.8271
1	257.201
1	129.016
1	298.894
1	205.498
1	234.852
1	203.446
0	40.7729
1	340.055
1	234.453
1	173.662
1	243.465
1	343.161
1	183.17
1	302.351
1	572.347
1	186.258
1	240.567
1	220.984
1	264.628
1	188.44
1	271.411
1	260.486
1	212.793
1	190.134
1	180.565
0	172.997
1	291.494
0	51.2297
1	185.235
0	8.53516
1	259.269
1	222.089
1	179.895
1	142.697
1	174.624
1	254.785
1	141.846
1	415.571
1	206.669
1	283.949
1	198.481
1	149.794
1	165.625
1	209.174
1	154.154
1	333.314
1	245.547
1	168.524
1	183.436
1	175.464
1	254.53
1	226.231
1	316.01
1	229.498
1	147.345
1	258.608
1	293.632
1	167.049
1	297.255
1	186.869
1	197.782
1	196.462
1	148.381
1	275.456
1	281.299
1	197.903
1	206.764
1	152.169
1	298.037
1	232.9
1	197.4
0	4.45469
1	170.08
1	188.199
1	134.296
1	238.484
1	283.768
1	227.846
1	388.09
1	316.899
1	186.82
1	193.278
1	193.352
1	206.691
1	239.973
0	26.2371
1	325.636
1	185.867
1	192.867
1	161.049
1	209.495
1	334.262
1	124.384
1	200.346
1	218.068
0	64.4416
1	171.671
1	398.387
1	189.077
1	236.06
1	197.412
1	162.445
1	204
1	261.069
1	217.534
1	253.296
1	260.408
1	183.161
1	233.29
1	187.171
1	127.17
1	193.148
1	178.957
1	217.409
0	37.2933
1	325.88
1	295.986
1	188.172
1	237.473
1	186.517
1	176.033
0	13.3116
1	153.906
1	138.361
1	323.386
1	251.236
1	187.89
1	146.699
1	279.876
1	216.957
1	234.149
1	225.298
1	210.102
1	176.443
1	189.253
1	255.764
1	212.993
1	249.776
1	288.123
1	144.252
1	232.019
1	217.427
1	144.779
1	225.197
1	186.183
1	282.717
1	245.203
1	161.59
1	161.236
0	7.63431
1	261.807
1	203.084
1	208.905
1	158.858
1	192.917
1	232.18
1	139.837
0	20.7244
1	185.67
1	134.414
1	196.43
1	302.876
0	14.8028
1	194.515
1	365.333
1	270.013
1	318.804
1	207.703
1	226.499
1	198.275
1	178.191
1	208.136
1	205.608
1	223.837
1	296.488
1	153.188
1	143.261
1	184.483
1	252.485
1	181.143
1	238.373
1	398.655
1	210.14
1	298.191
0	42.1504
1	146.589
1	145.645
1	192.82
1	176.593
0	3.74667
1	292.928
1	133.108
1	150.426
1	209.864
1	307.474
1	178.71
1	251.214
1	164.196
1	262.914
1	149.289
1	218.738
1	193.522
1	169.322
1	189.389
0	13.5715
1	143.657
1	188.851
1	209.974
1	206.506
1	223.98
0	3.06627
1	363.318
1	273.458
1	295.79
1	191.319
1	246.876
1	200.916
1	245.451
1	153.124
1	205.068
1	205.473
1	110.611
1	173.772
1	187.717
0	22.7394
1	234.738
0	3.16498
1	232.484
1	204.594
1	204.462
0	6.53657
1	181.247
0	50.5282
1	260.537
1	173.763
1	252.831
1	176.107
1	244.443
1	267.875
1	242.333
1	252.129
1	198.498
1	218.823
1	379.42
1	214.616
1	269.179
1	158.65
1	199.75
1	187.391
1	222.921
1	160.646
1	259.173
1	262.77
0	0.586093
1	213.031
1	204.893
1	216.137
1	285.494
1	217.439
1	274.994
1	141.293
1	232.924
1	198.118
0	128.079
0	42.2574
1	139.959
1	170.022
1	156.799
1	256.202
1	179.773
0	93.8706
1	268.532
1	174.067
1	204.253
1	146.958
1	196.476
1	240.049
1	178.122
1	294.606
1	208.768
1	195.867
0	98.165
1	249.452
1	224.041
1	186.576
1	178.076
1	212.555
1	207.348
1	280.769
1	248.335
1	220.239
1	211.616
1	308.887
1	279.368
1	185.462
1	239.858
1	238.765
1	212.444
1	247.574
1	169.232
1	184.307
0	8.87404
1	194.027
1	256.766
1	191.113
1	191.663
1	218.158
1	224.111
1	201.305
1	292.89
1	180.18
1	194.416
0	14.4447
1	248.322
1	199.693
0	6.17507
1	181.587
1	235.792
1	331.916
1	173.492
1	201.316
1	224.277
1	247.39
1	209.134
1	168.918
1	197.922
1	195.271
1	145.678
1	131.036
1	218.093
1	134.439
0	70.9991
1	149.544
1	243.886
1	263.911
1	226.126
1	300.378
1	177.155
1	311.228
1	196.889
1	295.173
1	270.056
1	240.832
1	171.649
1	222.335
1	245.531
1	232.414
1	226.954
1	261.558
0	25.5191
1	217.329
1	255.355
1	192.251
1	207.461
1	197.245
1	216.664
1	290.031
1	259.787
1	231.044
1	303.821
0	55.8425
1	252.999
1	159.036
0	88.5275
1	170.713
1	197.319
1	184.289
0	31.3909
0	6.10318
1	183.601
1	176.339
1	206.408
1	308.19
0	5.97787
1	270.131
1	219.259
1	212.74
1	160.93
1	240.031
1	228.667
1	243.273
1	175.46
1	175.235
1	221.545
1	177.351
1	206.842
1	162.485
1	223.842
1	278.352
0	15.9294
1	184.976
1	167.761
1	141.875
1	190.634
1	218.868
1	247.261
1	186.843
1	451.868
1	144.891
1	361.183
1	186.535
1	178.54
1	128.656
1	319.068
1	198.178
1	152.278
1	231.829
1	161.257
1	178.578
1	147.498
1	159.288
1	199.532
0	181.537
1	188.35
1	265.928
1	158.621
1	216.303
1	229.65
1	172.874
1	258.698
1	169.599
1	187.751
0	101.112
1	206.749
1	421.3
1	283.513
1	286.051
1	253.965
1	154.999
1	272.812
1	212.99
1	238.096
1	219.241
1	206.148
0	82.0178
1	309.544
0	10.5224
1	209.678
1	254.939
1	357.709
1	142.763
1	225.108
1	145.636
1	315.128
1	252.35
1	222.457
1	258.74
1	309.659
1	212.114
1	203.882
1	401.076
1	198.445
1	184.32
1	197.797
1	328.608
1	313.619
1	219.621
1	252.317
1	166.988
1	184.323
0	17.1137
1	227.711
1	228.5
1	218.022
1	189.306
1	270.704
1	237.981
1	205.692
1	205.204
1	150.978
1	237.415
1	161.291
1	186.937
1	183.153
1	184.844
1	208.771
1	262.967
1	181.505
1	179.297
1	323.176
1	189.667
0	7.28516
1	223.282
1	185.578
1	231.62
1	253.208
0	45.5316
1	161.688
1	315.164
1	195.544
0	3.76273
1	184.615
1	231.16
1	292.155
1	179.512
1	173.288
1	315.833
1	215.832
1	159.564
1	198.922
1	310.235
1	382.946
1	210.573
1	218.621
1	230.431
1	210.806
1	187.13
1	185.625
1	200.161
1	156.351
1	213.703
0	23.4675
1	198.576
1	164.66
1	217.529
1	232.672
1	209.134
1	265.005
0	5.51708
1	217.585
1	215.032
0	126.552
1	204.972
1	281.786
1	227.475
1	361.151
1	434.534
1	233.361
1	225.088
1	185.64
1	125.466
1	210.079
1	314.87
1	228.509
1	194.896
1	224.942
1	213.338
1	159.073
1	198.646
1	153.334
1	168.473
1	234.303
1	177.115
1	166.01
1	184.28
1	281.49
1	172.593
1	161.096
0	53.1151
1	160.205
1	232.769
1	192.59
1	211.848
1	163.108
1	204.787
1	239.967
0	12.6449
1	225.068
1	222.092
1	183.876
1	304.463
1	188.765
1	158.11
1	350.86
1	195.838
1	218
1	200.347
1	229.001
1	195.395
1	222.466
0	30.0723
1	267.134
1	175.902
1	214.289
1	259.172
1	252.091
1	218.475
1	260.465
1	174.428
1	317.649
1	221.445
0	37.4561
0	136.181
1	224.5
1	145.294
1	221.379
1	148.404
1	212.291
1	188.886
1	143.607
1	241.473
1	253.802
1	194.275
1	196.868
1	286.59
0	3.7883
1	114.735
1	142.571
1	256.938
1	173.374
1	169.018
1	180.392
0	127.618
1	140.15
1	209.097
1	181.319
1	218.482
1	144.451
0	26.9079
1	134.465
1	177.602
1	297.28
1	226.517
1	251.633
1	192.524
1	276.663
1	212.242
1	220.751
1	267.994
1	153.048
1	248.686
1	251.353
1	190.803
1	183.667
1	274.239
1	197.252
1	412.755
1	176.343
1	304.888
1	149.762
1	192.294
1	208.186
1	160.753
1	219.028
1	201.974
1	158.781
0	201.213
1	165.585
1	172.429
1	223.784
1	215.467
1	140.353
1	159.827
1	180.292
1	163.856
1	187.263
1	236.439
1	267.895
1	223.907
1	198.324
1	134.237
0	73.6554
1	171.226
1	286.079
1	219.031
1	259.594
1	236.015
1	232.088
1	209.524
1	215.168
1	315.625
1	196.311
1	165.548
1	247.094
0	39.7808
1	217.657
1	178.857
1	325.887
1	178.591
0	8.43255
0	31.5564
1	216.547
1	258.128
1	151.54
0	62.9207
1	164.084
1	287.266
1	294.762
1	128.802
1	326.589
1	204.768
1	202.572
1	262.625
1	222.617
1	184.451
1	234.234
0	59.7471
1	250.916
1	213.855
1	281.339
1	187.569
1	262.923
1	192.958
1	305.259
1	215.949
1	196.446
1	237.228
1	309.002
1	246.035
1	181.188
1	202.431
0	105.202
1	232.186
1	227.504
1	193.443
1	205.653
1	214.006
1	303.424
1	253.397
1	341.752
1	168.025
1	230.335
1	229.962
1	199.94
1	232.775
1	234.148
1	189.225
1	190.24
1	192.527
1	154.316
0	19.195
0	1.16844
1	253.106
1	253.197
1	222.143
1	184.839
1	194.846
1	253.058
1	211.793
1	166.392
1	181.035
1	206.632
1	290.199
0	179.412
1	242.002
1	263.726
1	163.491
1	169.606
1	193.016
1	166.606
1	255.101
1	208.335
1	170.982
1	182.458
1	209.899
1	180.36
1	260.195
0	6.59249
1	275.919
1	253.707
1	212.932
1	201.028
1	228.141
1	247.991
1	129.106
1	248.675
1	245.104
1	181.375
1	206.773
1	224.94
0	32.7732
1	182.481
0	147.841
1	255.244
0	19.5054
0	20.12
1	176.598
1	198.118
1	193.012
1	133.845
1	182.974
1	127.873
1	186.636
1	199.967
1	211.616
1	404.214
1	234.392
1	166.223
0	26.6995
1	197.85
1	201.697
0	71.0369
1	201.721
1	190.278
1	169.151
1	266.52
0	22.5216
1	193.827
1	156.726
1	210.845
1	243.014
1	339.252
1	245.58
1	185.205
1	173.518
1	333.622
1	166.036
1	201.782
1	194.185
1	246.915
1	160.408
1	271.928
0	10.5221
1	225.159
1	212.745
1	204.133
1	217.914
0	68.19
1	251.189
1	128.649
1	291.801
1	279.506
1	223.041
0	15.8422
1	286.817
1	183.707
1	142.872
1	190.576
1	252.26
1	192.626
0	44.7305
1	208.303
0	18.1173
1	232.024
1	303.14
1	196.801
1	207.836
1	174.8
1	234.924
1	307.754
1	193.393
1	159.013
1	298.678
1	186.85
1	287.416
1	130.296
0	20.9417
1	241.347
1	392.718
1	358.199
1	224.273
0	28.3044
1	261.406
0	13.8514
1	189.517
1	245.323
1	205.865
1	250.92
1	141.351
1	128.41
1	283.269
1	189.629
1	362.648
1	239.876
1	164.81
1	243.847
1	175.118
1	315.748
1	209.23
1	208.922
1	129.839
0	5.20236
1	283.896
0	16.0464
1	219.099
1	162.134
1	214.863
1	189.633
1	165.343
1	273.486
1	184.607
1	180.296
1	148.735
1	218.029
1	210.168
1	272.718
1	247.307
0	48.7752
1	302.945
1	184.782
1	238.57
1	176.907
0	17.8382
1	149.806
1	193.418
1	237.67
1	226.91
1	163.751
1	337.481
1	285.195
1	164.136
1	204.13
1	137.903
1	270.914
0	19.0655
1	303.994
1	286.464
1	173.018
1	159.903
0	15.4563
1	189.705
1	138.146
1	232.444
0	98.6645
1	260.88
1	257.528
0	13.125
1	196.045
1	218.16
1	162.236
1	171.06
1	201.381
1	215.101
1	148.58
1	206.107
1	275.575
1	208.64
1	273.623
1	174.745
1	169.553
1	255.025
1	188.27
1	255.765
1	240.304
1	144.985
1	257.768
1	410.154
1	240.476
1	254.939
1	198.297
1	129.366
1	204.593
1	128.181
1	196.271
1	181.61
1	157.367
1	292.169
1	205.455
1	165.375
1	224.085
1	277.036
1	281.161
1	183.09
1	218.066
1	189.056
1	261.312
1	255.415
1	257.724
1	158.281
1	247.076
1	227.504
1	318.408
1	188.747
1	214.267
1	163.757
1	137.45
0	12.2372
1	255.629
1	214.042
1	280.765
1	216.332
1	267.006
1	275.734
1	368.229
1	210.927
1	244.478
1	351.48
1	330.594
1	184.563
1	156.746
1	195.797
1	298.99
1	136.085
1	247.399
1	379.382
1	168.753
1	189.713
1	151.646
1	249.276
1	172.339
1	194.553
1	210.6
1	166.771
1	195.404
1	179.226
1	202.89
1	246.562
1	230.411
0	9.47396
1	189.91
1	210.953
1	160.386
1	259.343
1	225.907
1	250.124
1	239.371
1	157.554
1	144.773
1	178.776
1	277.847
0	98.9008
1	167.039
1	185.674
1	232.631
1	179.301
1	193.923
0	7.4501
1	246.89
1	185.782
0	34.3211
1	220.736
0	71.4294
1	298.092
1	379.618
1	298.595
1	181.421
1	145.476
1	233.16
1	191.266
1	201.38
1	212.314
1	237.898
1	274.897
1	257.348
1	314.246
1	193.142
1	190.088
0	47.3649
1	210.392
0	1.50028
0	39.9039
1	188.947
1	336.109
1	157.002
1	313.237
1	224.226
1	214.906
1	529.429
1	177.563
1	284.969
1	231.358
1	228.001
1	160.048
1	184.758
1	185.319
1	190.934
1	226.344
0	37.0531
1	252.808
1	264.536
1	167.58
1	191.945
1	257.336
1	212.895
1	189.309
1	193.111
1	198.077
1	305.208
1	236.197
1	239.428
1	182.283
1	205.408
0	111.535
1	189.895
1	182.681
1	200.356
1	248.788
1	214.403
1	180.847
1	216.687
1	186.288
0	97.4047
1	325.595
1	191.007
1	155.362
1	273.581
1	159.227
1	197.69
0	162.949
1	284.538
1	219.637
1	148.876
1	201.186
1	127.688
1	209.383
1	196.606
1	228.065
1	319.068
1	170.421
1	192.238
1	237.369
1	168.929
0	22.6958
1	191.164
1	232.645
1	229.231
1	202.337
1	186.914
1	196.881
1	236.545
1	173.347
1	167.287
1	189.16
1	202.616
1	310.462
0	31.9009
1	181.462
1	219.531
1	218.841
1	247.481
0	41.5033
1	148.151
1	188.238
1	250.776
1	225.587
1	192.101
1	238.637
1	169.134
1	205.876
1	199.332
1	294.006
1	285.881
1	235.956
1	240.422
1	203.052
1	127.489
1	127.889
1	164.673
1	162.307
1	191.18
1	260.504
1	196.2
1	205.202
0	57.0665
1	194.489
1	219.406
0	29.4867
1	251.135
1	259.362
1	254.209
1	135.085
1	212.208
1	206.488
1	219.203
1	236.686
1	143.774
1	191.445
1	220.703
0	11.4186
1	235.815
1	233.664
1	238.062
0	32.3275
1	259.45
1	152.649
1	199.213
1	219.891
1	212.273
1	238.357
1	166.813
1	239.46
1	233.978
1	218.272
1	303.054
1	181.333
1	281.672
1	163.845
1	167.122
1	200.797
1	223.089
1	211.886
1	312.27
0	125.921
1	227.452
1	355.518
1	194.471
1	209.56
1	168.132
1	267.824
1	240.067
1	180.232
1	197.457
1	227.808
1	265.567
1	174.479
1	184.815
1	209.382
1	167.405
1	229.1
1	180.382
1	157.1
1	158.677
0	211.83
1	199.958
1	261.297
1	185.073
1	175.337
1	155.149
1	177.037
1	213.279
1	180.282
1	225.423
1	265.544
1	192.014
1	224.02
1	195.882
1	232.033
1	156.283
1	202.302
1	232.191
1	173.695
1	174.995
1	182.633
1	159.299
1	163.44
0	131.481
1	252.096
1	311.825
1	309.221
1	130.997
1	259.114
1	165.665
1	192.238
1	271.308
1	266.753
1	203.404
1	280.365
1	194.026
1	130.969
1	146.576
1	285.305
1	128.118
1	212.933
1	284.232
1	252.191
1	194.445
1	190.369
1	233.628
1	369.774
1	167.796
1	276.855
0	41.1053
1	272.424
1	179.42
1	124.849
1	267.482
1	240.367
1	295.724
0	83.9321
0	5.47961
1	213.369
0	47.6197
1	232.149
1	204.613
1	175.53
1	181.182
1	134.327
1	183.133
1	172.425
1	434.054
1	360.274
1	358.072
1	247.459
1	233.538
1	258.699
1	123.322
1	271.741
1	198.908
1	211.898
1	188.735
1	313.411
1	178.666
1	206.719
0	0.37072
1	245.943
0	11.9817
1	274.547
1	238.683
1	191.175
1	238.957
1	224.837
1	183.213
1	189.18
1	260.047
1	258.678
1	233.964
1	244.362
1	227.888
1	251.968
1	268.057
1	269.665
1	227.575
1	219.71
1	209.612
1	254.13
1	342.563
1	178.242
1	190.722
1	365.303
1	162.215
0	78.2112
1	185.218
1	223.505
0	4.91189
1	230.299
1	265.326
1	274.821
1	259.749
1	174.563
1	175.838
1	204.788
1	193.867
1	182.447
1	148.573
1	182.303
1	284.384
1	260.54
1	234.067
1	182.493
0	115.686
1	227.284
0	11.3131
1	174.065
1	127.768
1	165.976
1	179.784
1	235.388
0	53.4927
1	156.15
1	190.564
1	302.585
1	198.539
0	13.0792
1	274.567
1	141.165
1	227.699
1	188.338
1	183.521
1	354.685
0	19.9908
1	152.918
1	273.56
1	196.561
0	2.492
1	184.659
1	251.532
1	318.658
1	302.554
1	295.692
1	164.204
1	178.884
0	16.524
1	194.615
1	321.645
1	136.315
1	118.321
1	298.373
1	206.563
1	204.403
1	180.999
1	253.259
1	262.891
1	236.76
1	194.6
1	164.725
1	220.273
1	160.426
1	213.689
0	0.245694
1	163.085
1	226.949
1	197.068
1	254.114
1	254.283
1	186.956
1	137.299
1	281.092
1	201.066
1	141.419
1	182.373
1	272.743
1	214.879
1	204.452
1	209.054
1	164.005
1	150.647
1	263.694
1	162.827
1	183.027
1	242.893
1	291.101
1	379.192
0	9.95671
1	126.835
1	297.838
1	155.324
1	179.462
1	295.383
1	155.799
1	199.977
1	294.068
1	162.716
1	249.709
1	148.158
1	201.902
1	153.588
1	167.795
1	183.448
1	153.813
1	230.109
1	123.264
1	168.83
1	188.407
1	184.085
1	115.901
1	256.175
0	52.4539
1	155.931
1	167.374
1	172.74
1	228.24
1	233.62
1	177.891
1	218.18
1	276.636
1	245.243
1	327.483
1	260.256
1	222.854
1	190.203
1	250.166
1	186.826
1	188.791
0	52.6885
1	183.171
1	173.426
1	157.642
1	184.307
1	216.817
1	206.415
1	208.303
1	178.168
1	183.103
0	58.0481
1	152.317
1	205.216
1	169.651
1	220.121
0	118.846
1	177.995
1	213.617
0	57.6156
0	45.8003
1	148.842
1	194.045
1	185.534
1	215.223
1	310.696
1	178.711
1	205.636
1	365.446
1	245.939
1	230.257
1	144.783
0	113.795
1	223.252
0	16.4091
1	197.548
1	210.369
1	124.04
1	158.565
1	240.465
1	187.456
1	222.348
0	30.9426
1	255.066
1	292.737
1	179.78
0	41.3528
1	183.792
1	161.093
1	237.463
1	248.579
1	262.406
1	244.478
1	202.677
1	174.475
1	172.537
1	133.651
1	181.52
0	3.61379
1	156.934
1	203.926
1	196.599
1	270.419
1	240.482
1	149.209
1	217.381
1	218.88
1	175.923
1	191.055
1	151.431
0	51.5987
1	156.95
1	174.735
1	200.175
1	143.667
1	265.934
1	204.316
1	262.921
1	181.741
1	282.325
1	231.958
1	196.197
1	259.793
1	309.287
1	199.374
1	206.31
1	210.187
1	213.072
1	179.642
1	261.904
1	263.803
1	151.652
1	184.639
1	221.065
1	235.439
1	195.118
1	281.349
1	184.436
1	202.45
1	171.777
1	200.483
1	223.41
1	168.952
1	190.574
0	80.4174
1	177.061
1	214.315
1	331.309
1	152.751
1	171.382
0	22.0739
1	220.821
1	260.608
1	211.024
1	195.461
1	173.812
0	4.04984
1	184.253
1	154.929
1	176.714
1	130.96
1	246.455
1	176.296
1	382.071
1	182.095
1	211.635
1	205.828
1	292.566
1	238.401
1	208.49
1	295.52
1	209.673
1	237.419
1	207.634
1	322.57
1	265.999
1	210.521
1	183.01
1	202.493
1	273.254
1	184.437
1	235.199
1	263.53
1	319.86
1	218.113
1	252.303
1	151.551
1	208.36
1	351.954
1	249.049
1	261.999
1	122.489
1	163.216
1	192.062
1	252.746
1	262.214
1	203.586
1	321.308
1	203.309
1	272.845
1	250.256
1	213.79
1	218.982
1	216.98
1	316.865
1	337.833
1	186.947
1	173.285
1	281.024
1	291.249
1	147.734
1	275.699
1	182.057
0	7.7587
1	351.064
1	171.277
1	153.172
1	321.452
1	196.662
1	198.724
1	213.83
1	228.106
1	233.741
1	195.389
1	298.417
1	256.787
1	222.583
1	264.566
1	313.815
1	215.274
1	241.093
1	212.33
1	228.471
0	126.761
1	203.16
1	249.124
1	241.086
1	173.325
1	235.795
1	186.471
1	174.685
1	177.583
1	221.545
1	184.402
1	240.372
1	176.629
1	227.497
1	243.076
1	186.868
1	316.762
1	221.947
1	145.651
1	188.074
1	272.643
1	248.266
1	282.603
0	18.0331
1	169.145
1	233.036
1	178.968
0	10.6519
1	233.651
1	141.602
1	196.365
1	146.418
1	217.709
1	174.787
1	216.476
1	247.919
1	255.968
1	339.881
1	217.262
1	210.447
1	243.321
1	157.643
1	393.77
1	228.299
1	164.242
0	23.7396
1	188.368
1	111.136
1	202.791
1	396.238
1	202.284
1	366.585
1	205.961
1	256.265
1	148.807
1	160.186
1	170.472
1	205.349
1	224.04
1	286.142
1	201.17
1	253.807
1	157.141
1	165.831
1	249.457
1	212.307
1	220.849
1	155.392
1	369.425
1	215.912
1	210.429
1	144.179
1	163.992
1	201.684
1	176.991
1	239.014
1	147.062
1	271.299
1	246.248
1	204.524
1	192.698
1	225.927
0	12.7209
0	17.5642
1	277.314
1	280.754
1	189.287
1	266.877
1	247.114
1	156.724
1	221.994
1	257.617
1	213.946
1	137.962
1	235.435
1	216.915
1	405.873
1	152.826
1	311.504
1	368.341
0	64.7886
1	291.851
1	199.585
1	237.362
1	277.998
1	271.828
1	298.328
1	269.267
1	216.41
1	237.596
1	199.055
1	158.923
1	307.529
1	211.357
1	276.391
0	1.07133
1	244.323
1	314.15
0	49.3628
1	215.564
1	181.092
1	265.7
1	148.013
1	241.302
1	208.982
1	264.904
1	177.708
1	281.149
0	39.8138
1	175.738
1	215.556
1	224.71
1	213.602
1	209.77
1	310.559
1	225.613
1	220.818
1	257.623
1	440.658
1	111.51
1	201.366
1	138.572
0	117.848
1	224.279
1	272.454
1	211.855
1	258.044
1	292.011
1	189.627
1	344.712
1	172.78
1	261.251
1	192.01
1	168.563
1	334.239
1	314.963
1	184.103
1	306.209
1	150.611
1	230.586
1	194.086
1	226.518
1	345.713
1	251.081
1	191.153
1	254.006
1	174.124
1	177.159
1	271.568
1	131.48
1	295.078
0	19.6547
1	207.686
1	197.692
1	239.691
1	241.507
1	153.43
0	3.88784
1	159.155
1	195.886
1	432.398
1	202.154
1	161.345
1	364.377
1	182.261
1	242.603
1	161.21
0	13.774
1	177.279
1	226.25
1	173.632
1	264.632
1	179.745
1	158.263
1	376.686
1	212.976
1	177.429
1	209.368
1	165.617
1	288.91
1	252.371
1	189.226
1	144.328
1	202.339
1	230.993
0	44.5227
1	287.366
1	230.928
1	184.827
1	247.855
0	55.9339
1	179.986
1	267.921
1	164.421
1	398.778
1	231.325
1	225.345
1	165.682
1	180.909
1	212.744
1	202.839
1	308.338
1	180.958
1	213.513
1	180.841
1	235.51
1	168.873
0	30.4667
0	2.49389
1	191.838
1	239.441
1	207.727
1	186.252
1	395.755
1	133.096
1	158.208
1	189.893
1	404.642
1	294.862
1	233.21
0	18.5008
1	156.285
1	181.972
1	262.805
1	117.244
1	215.613
1	276.848
1	252.741
1	274.886
1	172.034
1	214.212
1	196.76
1	225.029
1	184.68
1	205.441
1	187.692
1	217.956
0	16.1931
1	259.729
1	216.054
1	169.901
1	145.338
1	218.797
1	306.971
1	171.563
1	135.777
1	168.326
1	189.115
1	220.173
1	276.778
1	130.06
1	196.341
0	68.8803
1	200.385
1	252.953
1	218.259
1	210.877
1	163.184
1	182.041
1	173.542
1	168.36
1	169.936
1	182.833
1	354.318
1	238.389
1	242.962
1	197.816
1	324.612
1	159.348
1	312.979
1	144.856
1	229.728
0	29.0891
1	207.055
0	10.0313
1	204.246
1	205.87
1	244.258
1	206.466
1	229.77
1	202.183
1	154.914
1	232.719
1	172.002
1	232.252
1	137.46
1	295.039
1	208.823
1	222.796
1	207.248
1	188.119
1	233.083
1	308.617
1	224.831
1	206.183
1	260.891
1	144.585
1	198.306
1	308.52
1	236.292
1	380.92
1	397.957
1	312.101
1	121.055
1	217.108
1	424.398
1	283.214
1	265.57
1	329.259
0	71.2569
0	167.267
1	245.774
1	212.637
1	257.65
1	207.373
1	203.721
1	250.104
1	217.562
1	259.482
0	56.7547
1	163.654
1	193.765
1	181.887
1	158.853
1	161.456
1	249.042
1	204.584
1	154.714
1	183.002
1	236.776
1	154.402
1	314.749
1	247.825
0	7.62736
1	153.775
1	185.595
0	55.2003
1	308.288
1	158.614
1	176.163
1	212.64
1	157.446
1	164.525
1	192.029
1	233.431
1	212.481
1	225.628
1	186.97
1	167.918
1	167.436
1	229.281
1	198.747
1	219.02
1	178.592
1	234.203
1	253.54
1	146.081
1	157.12
1	257.281
1	361.469
1	228.682
1	181.213
1	214.052
0	25.3692
1	268.782
0	7.85742
1	198.917
1	260.964
0	11.4478
1	209.331
1	238.695
1	193.03
1	130.289
1	228.324
1	209.555
1	175.54
1	198.291
1	277.671
1	174.111
1	195.587
1	186.481
1	197.113
1	326.577
1	309.249
1	209.375
1	181.953
1	148.615
1	136.801
1	257.665
1	177.986
1	206.545
1	242.899
1	342.811
1	339.615
1	225.27
1	233.349
1	225.53
1	294.219
1	226.909
1	203.822
1	148.477
1	321.849
1	148.739
1	245.926
1	210.804
1	206.696
1	137.289
1	215.292
1	210.99
1	244.442
0	71.4368
1	223.75
1	140.568
1	164.461
1	270.188
1	231.799
1	197.38
1	236.194
1	340.539
1	210.085
1	215.616
0	16.4077
1	273.851
1	207.793
1	188.35
1	219.258
1	353.242
1	238.804
1	233.031
1	251.046
1	175.695
1	163.889
1	252.273
1	184.854
1	216.896
1	207.562
1	144.835
1	197.169
1	223.355
1	190.416
1	213.031
1	311.215
0	19.1251
1	228.253
1	185.222
1	213.269
1	164.774
1	179.999
1	179.455
1	138.612
1	138.99
1	320.815
1	184.46
1	174.231
1	173.494
1	169.091
1	177.097
1	196.037
1	196.521
1	250.332
1	269.685
1	217.817
1	262.541
1	163.184
1	192.648
1	236.838
0	7.83716
1	370.284
1	237.591
1	177.791
1	237.087
1	223.095
0	18.0791
1	211.576
1	224.279
1	217.08
0	17.8629
1	163.161
1	198.358
1	297.107
1	254.497
1	135.113
1	270.314
1	252.383
1	209.035
0	7.95369
1	218.158
0	13.5536
1	196.96
0	10.7436
1	270.102
1	155.482
1	267.108
1	197.32
1	192.955
1	312.79
1	242.748
1	187.133
0	55.7164
1	165.222
0	22.2192
1	228.888
1	191.748
1	256.991
0	3.64288
1	142.274
1	194.765
1	225.216
1	229.219
1	233.415
1	169.982
1	147.624
1	264.362
1	235.672
1	246.393
1	209.841
1	262.274
1	198.078
0	28.5695
1	134.308
0	4.21087
1	165.172
1	219.2
1	237.418
1	247.402
1	179.38
1	122.161
1	153.441
1	192.907
1	237.956
1	176.332
1	145.793
1	170.631
1	270.037
1	140.441
1	173.996
1	229.08
0	7.34731
1	176.58
1	218.812
1	237.026
1	206.046
1	259.936
1	186.948
1	326.098
1	231.746
1	221.059
1	290.323
1	188.802
1	166.861
1	191.549
1	211.708
1	245.868
0	54.5763
1	178.339
1	194.443
1	208.018
1	247.276
1	192.874
1	243.597
1	199.962
1	162.106
0	11.4576
0	8.92281
1	228.96
1	214.308
1	169.58
1	281.406
1	402.887
1	198.364
0	24.4094
1	135.837
1	266.918
1	210.811
1	133.596
0	40.0799
1	195.529
1	268.167
1	323.508
1	185.971
1	178.007
1	229.968
1	195.978
0	11.8306
0	132.004
1	195.993
1	180.33
1	335.631
1	127.455
1	237.612
0	36.4734
1	248.031
1	237.428
1	271.982
1	191.257
0	62.3004
1	179.421
1	175.125
1	185.705
1	173.259
1	203.821
1	174.919
0	7.90951
1	181.366
1	188.778
1	156.526
1	207.93
1	362.091
1	171.148
1	185.177
0	117.345
1	297.092
1	322.225
1	187.927
1	225.916
1	280.397
1	241.359
1	135.331
0	16.5773
1	194.731
0	67.4087
1	324.279
0	45.7332
1	126.194
1	154.907
1	338.475
1	278.679
1	176.409
1	206.118
1	167.024
1	343.404
1	180.397
1	347.746
1	163.26
1	177.934
1	267.232
1	210.758
1	179.524
1	230.215
1	166.258
1	221.011
1	169.513
1	179.753
1	194.235
1	168.988
1	221.254
1	207.967
1	277.155
1	206.455
1	266.014
1	221.991
0	18.414
1	213.165
0	170.344
1	223.06
1	221.486
1	229.118
1	191.906
1	199.129
1	243.069
1	160.62
1	227.254
1	621.895
1	183.58
1	217.949
1	244.519
1	251.308
1	188.225
1	268.46
1	237.299
1	136.493
1	262.156
1	324.167
1	204.777
1	168.728
1	239.439
1	218.086
0	49.9803
1	229.019
1	208.606
1	128.957
0	58.6225
1	170.893
1	181.499
0	7.00184
1	258.142
1	461.286
1	172.42
1	230.426
1	210.7
1	183.87
1	248.96
0	21.2286
1	275.148
1	227.55
1	432.31
1	214.182
1	165.028
1	363.567
1	238.365
0	18.8736
1	275.782
1	224.275
1	375.827
1	216.205
1	146.477
1	218.947
0	10.6258
1	202.493
1	249.242
1	158.412
1	286.717
1	215.147
1	180.337
1	256.308
1	166.562
1	282.709
1	314.595
1	181.276
0	8.59364
1	254.837
1	173.01
1	144.619
1	259.074
1	173.861
1	204.116
1	262.957
1	298.08
1	293.339
1	184.463
1	283.588
1	198.453
0	57.5665
1	177.874
1	168.602
1	202.477
1	246.607
1	196.342
0	86.653
1	191.287
0	21.6247
1	259.679
1	311.676
1	156.952
1	173.863
1	159.038
0	62.3113
1	146.53
1	212.314
1	200.043
0	28.4278
1	176.709
1	308.989
1	176.76
1	209.444
1	161.765
0	35.4503
1	190.532
1	217.468
1	440.283
1	190.047
1	236.443
1	285.361
1	186.408
1	212.129
1	386.529
1	260.801
1	208.38
1	227.642
1	229.72
0	45.8574
1	201.585
0	60.6048
1	238.23
1	168.899
1	214.558
1	218.298
1	189.172
1	183.735
0	60.7973
1	232.916
1	157.994
1	351.723
1	166.273
1	168.655
1	215.897
1	206.708
1	221.049
1	197.328
0	178.931
1	238.31
1	134.775
1	159.259
1	343.3
0	28.6669
0	40.8119
1	195.66
1	191.679
0	41.4717
1	169.678
0	75.4666
1	267.275
1	190.431
1	169.482
1	328.234
1	194.722
1	176.48
1	197.074
1	280.411
0	40.8785
1	170.719
1	188.332
1	264.932
1	152.437
1	143.084
1	144.172
1	192.476
1	244.835
0	7.31205
1	310.997
1	151.808
1	239.513
1	319.243
1	310.033
1	147.144
1	222.892
1	181.761
1	388.475
0	174.566
1	129.857
1	249.556
1	246.774
1	211.784
1	160.005
1	246.825
1	154.842
1	393.685
1	215.055
1	195.362
1	214.529
0	38.5468
1	234.062
1	201.992
1	249.422
0	5.96333
1	152.87
1	308.193
1	175.871
1	216.566
1	207.297
1	262.68
1	172.694
1	297.45
1	273.927
1	201.287
1	238.835
1	217.448
1	189.071
1	233.865
1	270.211
1	265.418
1	212.192
1	191.852
1	235.278
1	259.672
1	191.558
0	33.253
1	324.861
1	261.745
1	217.869
1	224.462
1	250.626
1	213.247
0	12.6672
1	209.132
1	194.503
0	32.8512
1	176.004
1	216.08
1	268.155
1	487.864
1	261.269
1	171.396
1	229.546
1	304.506
1	139.416
1	277.991
0	13.2655
0	45.2953
1	261.632
1	214.907
1	209.546
1	156.314
1	240.593
0	34.8385
1	274.03
0	15.1487
1	188.249
0	25.8188
0	119.33
1	182.338
1	221.437
1	181.985
1	248.001
1	255.513
1	190.426
1	171.684
1	216.204
1	221.222
1	145.592
0	26.6362
0	231.866
1	195.529
1	182.148
1	225.751
1	238.016
1	209.679
0	70.4614
1	183.412
1	308.373
0	50.6778
1	162.944
1	145.718
1	186.103
1	219.316
1	151.919
1	192.902
1	115.506
1	149.207
1	194.88
1	162.542
1	214.906
1	140.269
1	173.627
1	216.707
1	287.323
1	309.049
1	170.535
1	242.323
1	174.246
1	173.151
1	220.622
1	172.217
1	225.349
1	209.537
1	164.239
1	216.005
0	34.3723
1	255.91
1	240.991
1	228.214
1	230.732
0	32.5164
1	272.892
1	192.976
1	218.681
0	10.1416
1	507.69
1	368.749
1	244.149
1	230.552
1	154.944
1	249.42
0	19.7067
1	262.732
1	155.142
1	217.489
1	322.977
0	10.1136
1	127.858
1	183.641
0	74.0413
0	40.6129
1	185.934
1	214.646
1	168.772
1	194.64
1	224.608
1	269.162
1	181.707
1	187.34
1	283.334
1	175.782
1	173.187
0	4.79408
1	215.199
1	238.147
1	279.703
1	204.203
0	48.2182
1	181.497
1	176.059
1	198.201
1	240.599
1	189.542
1	179.922
1	256.541
1	185.082
1	208.322
1	185.866
1	186.052
1	156.425
1	225.018
1	254.713
0	62.7118
1	209.225
0	19.1815
1	228.862
1	186.853
1	146.427
0	38.5352
1	266.234
1	141.026
1	139.997
1	228.019
1	246.112
1	209.752
1	217.246
1	210.059
1	206.982
1	213.318
1	224.843
1	183.146
1	363.075
1	159.496
1	209.239
1	200.944
1	194.087
1	215.453
1	150.627
1	162.534
1	195.931
1	180.205
1	240.318
1	303.367
1	176.121
1	173.201
1	181.866
1	239.877
1	258.221
1	187.246
0	19.7369
1	223.062
1	166.319
1	184.48
1	309.565
1	214.363
1	176.655
1	168.54
1	260.346
1	182.036
0	19.2165
1	189.257
1	204.721
1	224.235
0	10.9074
1	148.944
1	194.467
1	163.048
1	187.933
1	237.456
1	193.148
1	214.051
1	204.417
1	222.081
0	6.21432
0	13.6914
1	232.904
1	207.213
1	232.965
1	233.886
1	243.205
1	246.091
1	261.471
1	184.377
1	280.398
1	244.697
1	186.626
1	202.532
1	214.471
1	216.399
1	225.505
1	220.011
0	22.1348
1	151.575
1	196.417
1	224.319
1	175.319
0	30.0949
1	222.444
1	204.192
1	225.978
1	158.655
1	254.86
1	229.999
1	199.77
1	197.136
1	211.414
1	182.295
1	228.687
1	272.935
1	216.332
1	184.219
1	298.139
1	241.046
0	5.8375
1	208.947
1	290.749
1	286.304
1	160.898
1	187.007
1	214.679
1	184.321
1	310.559
1	246.156
1	196.735
0	39.4225
1	156.631
1	216.199
1	214.384
1	267.816
1	236.662
1	168.494
1	214.739
1	270.325
1	276.018
1	210.328
1	262.787
1	233.949
1	363.832
1	193.758
1	308.03
1	205.717
1	202.773
1	140.327
1	194.605
1	315.815
1	198.557
1	309.114
1	174.173
1	178.681
1	203.265
1	435.011
1	165.598
1	250.941
1	155.594
1	198.8
1	253.176
1	257.748
0	13.7519
0	15.8513
1	276.412
1	200.657
1	284.874
1	265.679
1	207.355
1	177.507
1	197.12
1	268.798
1	178.398
1	168.148
1	214.429
1	162.038
1	215.753
1	212.208
1	209.946
1	275.868
1	240.412
1	253.43
1	185.869
1	144.252
0	62.3273
1	148.083
1	167.374
1	205.019
1	173.723
1	198.889
1	247.909
1	157.573
1	251.316
1	205.462
1	177.205
1	151.405
1	157.69
1	179.082
1	192.931
1	227.829
1	246.018
0	30.9825
1	317.401
1	184.761
1	361.112
1	293.161
1	202.663
1	231.969
1	154.438
1	271.348
1	375.825
0	30.4686
1	160.559
1	309.604
1	380.927
1	227.261
1	344.485
0	21.1208
