10000	1	9900	0.00208333
0.025641	193.323	28667.7	0.0228438	3.16228e-05
0	140.427
1	99.5092
0	28.3173
1	117.296
1	165.547
1	132.838
1	104.67
1	109.76
1	64.961
1	108.166
1	190.539
1	158.876
1	188.719
1	165.831
1	61.518
1	104.199
1	113.982
0	75.0286
1	266.816
1	47.0495
1	83.9863
1	67.1392
1	197.141
0	9.81441
1	57.6554
1	153.283
1	345.024
0	6.61193
1	51.7407
1	146.768
1	77.1044
1	126.854
1	62.5586
1	224.74
1	70.5787
0	41.1944
1	91.9047
1	90.9897
1	102.455
1	156.785
0	27.9706
1	152.91
0	3.35855
1	108.85
1	168.61
0	88.5287
1	87.2207
1	333.785
1	150.753
0	7.94555
1	111.49
1	174.262
1	126.33
0	3.04987e-05
1	93.3703
1	99.7311
1	101.016
1	182.44
1	139.275
1	266.989
1	144.613
1	269.893
1	133.281
1	137.72
1	146.469
1	366.013
1	121.283
1	78.6382
1	123.621
1	78.7624
0	53.6932
1	153.482
0	24.704
1	101.991
1	106.518
1	116.243
1	63.0663
1	161.627
0	27.9885
0	11.6193
1	74.9079
1	233.337
1	140.182
1	154.008
0	11.0893
1	147.711
1	114.038
0	40.9683
1	154.395
0	33.3441
1	110.572
1	280.801
1	134.551
1	87.4623
0	2.86195
0	45.0923
1	63.937
1	130.534
1	133.35
0	68.3289
1	57.6868
0	26.9141
1	67.5638
1	66.0802
0	11.4998
1	157.248
1	105.474
0	7.52032
0	19.3338
1	184.631
0	27.371
1	122.132
1	120.878
0	44.5561
1	289.777
1	102.434
1	175.599
1	64.6908
1	149.145
0	7.38901
0	58.5915
1	207.777
1	65.917
1	105.445
0	24.2542
1	141.607
1	84.2673
1	309.735
1	96.4548
1	225.078
0	2.97871
1	118.674
1	107.169
1	205.023
0	87.9905
0	36.981
1	245.233
1	137.772
1	120.661
1	31.8009
1	67.7356
1	73.7017
0	10.9429
0	20.3792
1	115.383
1	74.3509
1	65.3658
1	124.829
1	62.0333
1	208.033
0	63.791
1	279.65
1	132.691
0	4.43152
1	209.382
1	47.5143
1	273.921
1	66.1844
1	130.412
0	3.07077
0	18.4954
1	169.147
1	104.876
1	131.396
0	72.2475
1	111.109
1	101.988
1	106.094
1	157.453
1	299.509
1	223.992
1	88.5959
1	208.525
1	143.585
1	67.4629
1	156.028
0	2.32532
1	101.687
1	73.0785
1	104.546
1	126.468
1	228.051
1	132.628
1	95.3997
1	100.816
1	101.466
0	21.1449
1	142.113
0	40.7208
0	34.3004
1	87.226
1	127.585
1	73.9977
1	137.056
1	117.151
0	107.634
1	110.046
1	137.299
1	64.2773
1	81.7456
1	224.627
1	186.731
0	101.847
1	70.3341
1	114.913
1	86.2713
0	1.95737
1	105.26
1	213.986
1	90.7545
1	52.9675
0	50.0242
1	104.395
0	42.7541
1	114.067
1	96.7751
1	104.441
1	56.8409
0	20.7893
1	194.269
1	190.269
1	93.8183
0	61.391
1	149.289
1	65.8557
0	4.90449
1	87.7928
1	419.338
1	161.74
0	100.536
0	33.5134
1	120.255
1	175.305
1	113.89
1	132.637
1	160.618
1	330.861
1	41.8044
1	101.579
1	109.166
1	202.135
0	40.855
1	87.7379
0	13.7333
1	156.823
1	89.539
1	229.515
0	22.937
1	244.858
0	159.072
0	161.379
1	88.0151
1	126.651
1	177.459
1	59.6053
1	78.467
1	113.502
1	62.2928
1	167.645
0	19.1079
1	170.481
1	81.3108
0	31.531
1	109.139
1	86.4469
1	60.4805
1	176.183
1	206.82
1	143.372
1	244.244
0	21.1146
1	117.422
1	172.713
0	3.79385
0	12.8946
0	82.4329
1	106.984
1	126.519
0	134.767
1	103.949
1	220.992
1	96.4655
1	125.87
1	76.0188
0	199.645
0	40.5897
1	347.94
1	145.725
0	59.5
0	60.1608
1	64.4686
0	25.1844
0	4.1827
0	25.3338
1	181.628
0	67.1567
1	55.2685
1	104.792
1	252.292
1	98.7013
1	367.23
1	118.029
1	48.7348
1	232.62
0	18.7128
1	143.53
1	260.742
1	78.0121
1	123.291
1	107.721
1	219.652
1	67.07
1	80.3024
1	202.876
1	87.852
1	173.792
0	4.8256
1	103.151
1	255.481
1	108.942
1	105.602
1	96.0595
1	103.155
0	0.985025
0	67.9363
1	129.9
1	112.257
1	93.059
1	148.747
1	94.0505
1	188.514
1	139.297
1	63.1995
1	100.554
1	210.355
1	88.8049
1	79.5444
1	92.8044
1	110.176
0	10.0221
0	24.0282
0	3.47415e-05
0	65.2597
1	150.733
1	202.299
1	154.91
1	112.164
0	66.5034
1	116.524
1	329.686
1	244.924
1	174.213
1	55.41
1	61.5284
0	1.00407
1	207.856
1	85.6805
1	120.049
0	1.07011e-05
1	115.912
1	31.2014
1	61.2118
0	164.889
1	194.452
1	179.272
0	40.4731
0	57.8193
1	253.521
0	5.96636
1	129.092
1	110.432
1	182.557
1	94.164
1	50.0978
1	83.8877
1	104.989
0	20.1059
1	87.8679
1	103.004
1	128.615
1	214.118
1	77.1381
0	9.35926
1	65.8273
0	43.7071
1	61.6462
1	85.7997
0	13.5059
1	81.641
0	70.2055
1	148.725
1	182.154
1	219.003
1	100.463
0	92.845
1	85.2834
0	18.3469
1	136.441
1	140.619
1	356.691
1	129.869
0	1.89248e-05
1	157.232
1	106.064
1	74.8003
0	121.529
1	101.248
1	80.6844
1	88.9769
0	309.949
1	74.4272
0	24.3996
0	29.1771
1	108.277
0	48.8645
1	154.065
1	125.856
1	57.4179
1	240.403
1	196.991
1	142.987
1	94.7109
1	117.785
1	97.6231
0	117.326
1	211.916
0	100.376
1	73.9946
1	79.6579
1	86.1888
1	77.972
1	67.4188
1	252.163
1	208.104
1	254.223
0	7.99769
1	74.5314
1	156.451
0	17.7646
1	51.1985
1	113.91
1	100.167
1	124.553
1	118.274
0	21.4163
1	192.287
0	17.985
1	170.223
1	103.418
1	213.858
1	124.899
1	244.029
1	46.7337
1	84.9225
1	127.787
1	111.679
1	188.475
1	65.6515
1	204.919
0	30.4813
1	110.101
0	30.6331
0	23.877
1	49.2482
0	3.26982
1	83.1977
1	100.785
0	12.8706
0	4.83881
0	84.1894
1	93.5606
1	95.614
1	161.676
0	33.8463
1	117.85
1	125.545
1	132.159
0	65.3887
1	183.603
1	139.287
0	2.92045
1	108.27
1	133.228
1	157.732
0	8.36558
1	148.307
1	80.3587
1	100.768
0	122.615
1	79.2657
1	206.266
1	67.6641
1	192.093
1	176.098
1	176.136
1	48.8682
1	181.412
1	204.858
0	39.6592
1	40.5102
1	133.546
0	98.3192
1	78.7848
1	256.504
1	357.173
1	139.705
1	84.1635
1	58.2561
1	147.163
1	92.9885
1	98.6048
1	79.7726
1	223.353
1	92.8127
1	73.4494
1	73.6248
1	244.656
1	60.193
0	4.87719e-05
0	22.57
1	75.5306
1	62.4399
1	181.055
1	98.5203
0	31.3631
1	83.6347
0	90.9378
0	100.742
1	210.721
1	72.0138
0	58.7882
1	173.733
0	35.7346
1	208.889
1	85.9698
1	81.2185
1	142.003
0	14.7001
1	94.5934
1	235.517
0	4.37571e-05
1	114.078
1	24.8355
1	275.529
1	121.522
1	110.068
1	192.347
1	96.5994
1	83.0016
1	81.9923
0	246.656
1	49.0876
1	68.8075
1	98.6402
0	40.711
1	134.584
1	120.958
1	78.5926
1	230.226
1	80.7759
1	116.799
1	97.1261
1	89.1887
1	178.332
1	120.198
1	162.091
1	126.933
0	36.0627
1	71.0326
1	178.928
1	57.8373
1	174.535
1	86.7464
1	206.902
1	75.1123
0	2.74764e-05
0	11.1534
1	86.6112
1	140.211
1	100.251
1	198.969
0	40.1927
0	23.2521
1	227.921
1	89.6108
1	181.093
1	108.296
1	97.536
0	19.2213
0	5.96891
0	90.3953
1	101.693
1	100.272
1	43.8625
1	133.032
1	83.1489
1	95.5666
1	109.715
0	60.0772
0	70.636
1	122.11
0	4.32468
1	137.721
1	87.7704
0	43.4036
1	87.7974
0	5.58943
0	4.2504
1	125.726
1	223.541
1	110.14
1	167.934
1	49.3533
1	173.457
1	49.4559
1	224.797
1	39.398
1	106.98
1	112.384
1	65.504
0	84.2772
0	69.0382
1	108.809
1	135.222
1	96.6873
1	115.713
1	130.489
0	4.15362
0	2.32192
1	173.605
1	104.286
1	139.835
1	86.8697
1	227.274
1	98.7905
1	112.601
0	18.4357
1	131.703
0	108.813
1	77.6889
1	260.978
1	224.055
1	134.375
1	75.766
1	100.151
1	89.7032
1	91.3675
1	123.465
1	132.641
0	34.1546
1	117.395
0	104.882
1	167.185
1	137.374
1	91.3212
1	129.482
0	16.6733
1	208.511
0	103.673
1	72.528
0	3.64822
1	189.077
1	100.591
1	143.956
1	185.11
0	32.4156
1	203.446
1	138.54
1	107.939
1	107.812
0	4.78568
1	135.147
1	36.299
0	11.1508
1	81.7615
1	144.059
1	97.3211
0	21.7089
1	35.6546
0	27.7492
1	153.084
1	123.626
1	76.328
1	130.715
1	124.973
1	110.692
1	86.0008
1	145.587
0	7.77894
1	326.196
1	159.464
1	109.838
1	97.9879
1	233.221
1	91.1224
1	89.1135
0	54.2576
1	175.353
0	61.6685
1	90.512
1	67.0148
1	125.614
1	60.9215
0	4.47726
0	30.7072
0	181.041
1	242.38
1	178.639
1	78.3284
1	122.359
1	99.5842
1	70.105
1	68.6842
1	109.769
1	72.5863
0	63.8475
1	196.55
1	391.287
1	134.73
1	65.5822
1	72.7285
0	3.89157e-05
1	204.355
1	92.7166
1	118.744
1	117.553
1	83.7309
0	25.513
0	174.097
1	115.784
1	82.8466
1	135.15
1	69.4505
1	139.065
1	199.531
0	12.7164
1	107.444
1	99.0977
1	142.594
1	183.492
1	100.341
1	172.166
1	244.226
1	115.537
1	100.266
1	83.3782
1	176.599
1	257.338
1	78.8136
1	96.2094
1	51.1257
1	123.426
1	147.686
1	68.434
1	139.783
1	143.332
1	125.859
1	112.291
1	109.627
1	134.988
1	107.649
1	185.395
1	61.8532
1	136.423
1	41.8177
0	38.6281
1	105.849
1	59.2611
1	231.376
1	71.6624
0	67.0875
0	22.4162
1	107.351
0	150.553
1	184.881
1	204.934
1	145.703
1	214.765
0	4.63335
1	94.229
1	169.481
1	48.692
1	100.503
1	139.717
0	28.5138
0	1.83928
0	29.6313
1	99.6242
0	34.0652
1	82.3782
1	191.929
1	95.573
1	112.281
1	280.689
1	105.701
0	7.9611
1	125.588
1	182.298
1	109.845
1	125.478
1	195.674
0	75.7445
1	85.7268
0	11.0995
1	71.1723
1	162.238
1	138.753
0	40.4575
1	105.599
1	74.126
1	109.168
0	94.3451
1	128.552
0	11.9979
1	124.107
0	17.1137
1	252.016
1	258.467
1	200.504
1	59.9459
1	157.65
1	144.651
1	181.895
1	235.572
1	75.4318
1	104.754
1	52.8849
0	40.0571
1	83.0156
0	272.198
1	85.1051
1	95.9518
0	4.58157
1	214.206
0	26.1245
1	202.462
0	3.76257e-05
0	64.1615
0	134.686
1	116.561
1	275.068
1	153.815
0	12.9329
1	56.7319
1	55.4538
1	224.137
0	40.5954
1	29.0874
1	239.541
0	44.1096
0	10.0613
1	358.955
1	154.349
1	51.4839
1	33.1781
1	162.24
0	8.90217
0	44.4995
1	89.7364
0	152.365
1	90.1926
1	149.644
1	120.374
1	120.144
1	238.701
1	174.637
1	129.428
1	39.6331
1	51.6349
1	87.9531
1	278.939
1	89.41
1	241.886
0	23.4068
1	119.727
1	138.03
1	99.3367
0	12.9756
1	120.368
1	108.887
0	16.8441
0	127.477
1	121.164
0	23.9755
1	205.039
0	12.0308
0	62.8891
1	49.8579
1	57.143
1	79.5515
1	68.6602
1	41.8681
1	97.4694
1	142.924
1	90.1618
1	134.262
0	111.776
1	130.796
0	11.7163
1	152.789
1	111.465
0	16.4659
1	115.52
0	135.161
0	32.5313
0	20.2728
1	75.3442
1	58.0044
0	9.66614
1	73.0556
1	168.494
1	84.9967
1	215.306
1	223.691
0	2.62783e-05
1	407.155
0	24.6367
1	108.148
0	0.284538
1	153.308
1	93.6604
1	28.4716
1	67.6303
1	75.8591
1	39.0634
0	20.9794
1	220.488
1	100.56
1	149.2
1	181.186
0	34.6133
1	46.855
1	274.184
1	241.376
1	114.662
1	41.4118
0	42.3825
1	60.0582
0	34.4101
1	87.6736
1	109.172
1	172.825
0	3.14105e-06
1	172.941
1	140.883
1	28.0927
1	98.3356
1	254.928
1	80.7717
1	226.8
1	112.21
1	133.231
1	156.558
1	208.127
1	105.371
1	77.651
1	257.717
1	173.672
1	120.219
1	143.588
1	56.4345
1	367.508
1	101.267
0	8.20534e-05
1	85.2777
1	145.256
0	3.45913
1	76.546
0	19.7336
0	51.1825
0	2.73966
0	31.5036
0	2.60109
1	135.51
0	16.3928
1	50.4569
1	78.9445
1	163.541
0	76.7772
0	236.243
1	57.4791
0	23.7424
1	282.834
0	52.8698
0	135.278
1	185.803
1	32.8267
1	313.951
1	82.4166
1	210.556
1	179.827
1	41.7931
1	74.9822
0	42.5188
1	142.041
1	97.273
1	151.529
1	112.373
1	86.8046
1	117.544
1	173.2
0	4.25876
1	166.04
1	118.516
1	129.105
1	198.181
1	121.656
1	84.0328
1	122.756
1	84.8365
1	128.815
0	11.8126
0	24.1155
1	72.3996
1	192.949
1	216.195
1	391.809
1	70.4423
0	35.9495
1	105.864
1	212.966
1	76.5183
1	118.92
1	72.0621
0	3.67004
1	149.998
1	181.792
1	129.911
0	47.9138
1	149.03
0	57.0687
1	34.4785
1	73.0002
1	46.6684
1	201.661
0	153.72
1	119.605
1	178.109
0	12.2881
0	37.7955
1	304.754
1	160.555
1	139.111
1	105.273
1	114.155
1	150.61
1	125.283
0	18.3662
1	181.33
1	86.9809
0	18.629
1	313.024
1	141.27
1	102.753
1	165.228
1	85.3047
1	63.1845
1	221.639
1	160.948
1	142.165
0	12.5458
1	78.1937
1	41.0697
1	176.502
0	42.8189
0	1.15585
1	274.506
1	206.65
1	163.728
1	62.3762
0	3.31264
1	278.558
1	178
1	137.593
1	108.491
1	217.574
1	305.964
1	86.2188
1	108.952
1	223.34
1	118.785
1	94.6066
1	313.233
1	109.695
1	57.0664
1	69.3275
0	28.2771
0	29.3318
1	276.63
1	52.5051
1	84.5058
1	173.364
0	161.515
1	149.528
1	76.244
1	72.5086
1	141.573
1	110.275
1	124.95
1	100.763
1	102.535
1	92.7693
1	181.257
1	416.21
0	8.32977
1	26.3115
1	210.764
1	124.866
0	2.90922e-05
1	134.9
0	16.1645
1	107.599
0	10.7202
1	82.9916
1	165.92
0	26.8142
1	90.282
0	22.7918
1	116.778
1	47.3148
1	83.2468
1	199.944
1	106.309
0	43.3542
1	129.531
1	115.28
1	72.4373
1	132.454
1	46.4569
0	30.7295
1	108.101
1	117.642
1	163.648
1	254.671
1	63.4239
1	62.596
1	120.948
1	218.789
1	148.037
1	225.385
1	94.447
1	188.92
1	122.37
1	106.575
1	137.859
1	20.7192
1	69.8376
1	129.943
1	183.09
1	251.57
1	172.131
1	172.275
1	226.544
1	50.8394
1	166.165
1	81.9164
1	176.335
0	12.5804
1	121.066
1	64.4984
0	2.70108
1	52.0383
1	100.572
1	126.189
1	92.8361
1	110.52
0	21.4871
1	168.552
1	198.723
0	16.6641
1	141.534
1	154.67
1	131.35
1	169.272
1	107.798
1	100.516
1	159.722
0	1.75314e-06
0	16.7048
1	180.581
1	100.829
1	197.719
1	169.758
1	150.697
1	104.434
0	0.452069
0	38.8745
1	104.939
1	158.556
1	89.9453
0	83.0622
0	195.519
1	61.5252
1	106.239
1	68.0251
1	183.031
1	107.15
1	53.7571
1	128.812
1	151.034
1	296.51
1	154.806
1	106.009
0	4.42436
1	142.415
1	129.739
1	82.8083
1	326.216
1	69.0825
1	80.7085
1	152.997
1	159.049
1	143.84
1	107.077
1	54.3396
1	174.549
0	2.35381
1	76.0831
1	51.7151
1	100.927
1	114.435
1	115.475
0	4.65285
1	139.552
1	245.822
1	111.516
1	90.0429
1	157.713
1	69.6364
1	130.346
1	96.4474
1	145.305
1	84.6945
0	18.8178
1	195.475
1	94.4511
1	134.233
1	89.8652
1	109.883
1	104.764
1	268.05
1	104.033
0	4.55583
1	78.6685
1	115.094
1	47.9008
1	70.2158
1	72.8833
1	116.069
1	52.5982
0	52.7634
1	56.0648
1	113.397
1	137.718
0	197.63
1	146.663
1	182.553
1	70.9808
1	189.68
1	140.697
1	41.8636
0	63.0678
1	62.7848
0	8.76135
1	95.4295
1	134.629
1	285.693
1	55.2071
1	122.985
1	122.927
0	6.01396
1	231.27
1	197.461
0	28.5076
1	207.905
0	194.354
1	72.1896
1	321.981
1	188.515
1	106.284
1	85.4857
1	65.612
1	111.583
0	29.6624
0	33.8032
1	68.664
1	40.8708
1	142.612
0	1.70281
1	268.622
1	85.1932
0	74.903
0	26.0086
1	245.577
1	238.484
0	28.4655
1	331.347
1	121.027
0	23.5351
1	158.807
1	157.892
1	145.956
0	36.6347
1	137.18
1	74.547
1	136.178
1	106.003
1	109.306
1	135.418
1	66.6507
0	18.1401
0	58.5232
1	136.566
1	133.434
1	83.8345
1	80.6699
1	90.3476
1	276.745
0	66.0849
1	183.9
1	73.0761
0	74.3193
1	203.903
1	36.6036
1	102.647
1	61.6988
1	213.11
1	78.7819
1	152.452
1	64.4506
1	42.1798
1	156.18
1	80.9192
0	4.8452
1	46.1866
1	70.6839
1	129.856
1	159.113
0	103.586
0	10.4858
1	272.687
0	8.47732
1	82.0974
1	153.464
0	5.96133
1	116.238
1	131.926
0	15.2245
1	191.163
1	143.027
1	147.467
1	130.275
1	186.032
1	104.217
1	200.815
1	75.778
0	68.7311
1	61.3107
1	169.285
0	4.44094
1	91.923
1	124.78
0	31.8641
0	1.0528
0	18.0026
0	157.177
0	57.7965
1	180.681
1	112.965
0	70.9012
1	256.732
1	168.276
1	168.7
0	61.7051
0	8.19107
1	192.762
1	158.505
1	126.107
1	124.75
1	118.18
1	132.101
1	110.258
0	39.3755
1	185.911
1	96.4102
1	62.6989
0	7.15255
0	3.48615e-05
1	177.567
1	99.4763
0	0.707382
1	249.544
1	125.394
1	177.941
0	29.3563
1	102.393
1	156.094
1	203.911
1	52.0692
1	141.274
0	78.4518
1	131.358
1	144.984
1	104.195
1	112.718
1	244.37
1	137.111
1	106.034
1	143.727
1	149.771
1	205.015
1	150.189
1	46.6054
1	136.315
1	87.9771
0	6.34615
0	18.4853
0	39.1438
1	100.604
1	74.8949
0	11.4277
1	138.951
1	141.052
1	304.851
1	155.081
0	84.6707
1	74.8826
1	330.976
1	106.758
1	185.48
1	126.785
1	62.4991
1	54.8505
1	166.371
1	41.3925
1	117.923
1	166.357
1	102.722
1	198.459
1	144.069
1	80.6855
1	71.2344
1	137.711
1	151.119
1	138.662
1	138.645
0	32.7858
0	104.81
1	209.601
1	115.055
1	101.607
1	141.991
1	166.061
1	158.802
0	13.6294
1	134.155
1	93.0717
0	62.7484
1	124.1
0	12.2121
1	52.6533
1	88.2627
1	134.255
1	78.8693
1	171.244
0	7.84319
0	156.472
1	76.672
1	314.097
1	266.447
1	56.5264
1	106.539
1	52.2874
1	103.143
0	4.18162
1	170.802
1	113.364
1	95.5467
0	20.1388
1	38.9456
0	16.1541
0	23.4061
0	3.7412e-06
0	57.1982
1	192.755
1	156.029
1	119.344
1	115.337
0	1.18457
1	92.0946
0	156.088
1	111.628
1	168.059
1	135.844
0	21.2561
1	115.935
1	112.958
1	186.029
0	102.543
0	85.2051
1	132.821
1	82.1982
1	98.1715
1	156.989
1	124.461
1	197.507
1	91.8878
0	6.13207
1	157.131
1	135.36
1	159.658
1	82.6964
1	113.368
0	45.9341
1	115.165
1	66.1487
1	141.977
1	101.103
0	10.7766
1	149.244
1	107.846
1	175.019
1	276.457
1	237.421
0	15.9705
0	98.9604
1	200.955
0	118.576
1	116.98
1	79.2343
1	168.764
1	114.539
1	100.054
1	121.426
1	122.885
1	173.213
0	77.6596
1	164.741
1	259.986
1	94.089
1	160.173
0	3.60736e-05
0	42.729
1	86.3589
0	165.082
1	79.7242
0	73.1613
1	65.1649
1	234.057
1	62.1351
1	100.167
1	73.4676
1	139.864
1	130.53
1	58.2228
1	159.726
1	85.8487
0	124.826
1	82.1446
0	32.3523
1	118.488
0	26.2754
1	127.402
0	99.9272
1	133.482
1	82.6624
1	104.759
0	72.3273
1	160.364
1	115.603
1	110.432
1	128.05
1	89.5908
1	97.9966
1	68.2605
1	93.3775
1	128.991
1	60.9193
0	70.4926
0	56.9236
1	142.063
1	45.6534
0	69.6063
1	138.392
0	56.9175
1	139.28
1	74.8981
1	177.549
1	132.504
0	27.8499
1	181.86
0	6.71979
0	107.313
0	39.078
1	246.021
1	105.365
1	166.024
1	45.2149
1	67.5573
0	6.01326
1	151.43
1	131.603
1	212.943
1	145.589
1	157.257
1	118.164
0	29.3361
1	274.398
1	83.6054
1	61.3776
0	18.5747
1	124.435
1	49.1285
1	167.978
1	75.7803
1	193.621
1	282.023
1	213.961
1	105.83
1	115.454
1	168.469
1	184.937
1	86.779
1	139.224
1	86.0474
0	57.4933
1	121.267
1	87.6172
1	196.273
1	228.08
1	29.5837
0	20.3608
1	82.553
0	51.4548
1	122.742
1	252.786
0	11.6024
0	153.167
1	226.202
1	96.7125
1	78.0212
0	10.8922
1	118.678
1	85.9506
1	75.285
0	80.2573
1	56.6431
1	102.724
0	9.60511
0	214.658
1	139.777
1	105.149
0	20.5388
0	30.0802
1	105.087
1	95.7965
0	16.5963
0	145.371
1	64.2169
0	41.9885
0	53.4729
1	80.0138
1	187.101
1	43.1601
0	13.492
1	154.522
1	241.866
0	0.402347
1	128.61
1	211.35
0	48.7388
1	86.1501
1	172.957
1	194.698
1	118.999
0	9.37496
1	122.245
1	79.8151
1	50.6472
1	100.064
1	83.8015
1	93.1293
0	12.85
1	213.598
1	155.729
1	125.525
1	59.776
1	172.757
0	66.3374
0	35.7169
1	165.636
1	181.559
1	77.0946
0	87.1791
1	57.9118
1	96.0038
0	33.4395
1	116.828
1	83.0195
1	97.5662
0	68.4188
1	53.9074
0	15.7926
1	224.227
1	137.001
1	58.9748
1	100.223
1	119.029
0	30.7927
1	72.528
1	143.981
1	76.5826
0	5.03519
1	120.119
1	236.161
0	66.8621
1	96.6196
1	191.185
1	214.832
0	2.78913
1	140.814
1	82.2924
0	50.4017
1	194.118
1	159.927
0	7.63446
1	136.555
1	105.318
1	144.512
1	202.534
1	186.966
0	21.5124
0	11.7408
0	5.22866
1	193.679
1	138.264
1	154.902
0	65.3039
1	149.138
1	65.8843
1	85.5919
0	27.0954
1	56.1527
0	15.0077
0	12.8512
1	142.592
0	2.54278
1	177.929
0	48.6769
1	255.855
0	5.23889
1	184.399
0	85.223
0	31.3536
1	214.397
1	266.926
1	268.999
1	126.355
1	89.4515
1	131.071
1	170.871
1	130.173
1	144.501
1	66.2321
0	12.3935
1	221.393
0	41.5872
1	149.538
1	43.5141
0	99.0449
0	2.64267
1	65.1849
1	119.69
1	42.0347
1	191.073
0	24.7986
1	135.014
1	133.717
1	124.554
1	70.6596
1	75.4325
0	7.22316
1	72.9239
1	86.3364
1	79.5629
0	25.4438
1	161.433
1	97.7866
1	144.035
1	55.6762
0	44.6192
0	11.6729
1	137.02
1	257.782
1	112.796
1	230.897
1	136.805
1	83.4325
1	221.097
1	103.137
1	151.657
1	109.382
0	25.1868
1	206.828
0	29.9864
1	169.46
1	136.44
0	35.2846
0	76.5287
1	111.36
1	66.8483
1	119.92
1	262.596
1	120.589
1	125.405
1	157.119
0	82.988
1	128.773
1	138.611
1	197.054
0	26.2647
0	22.2095
1	214.94
1	117.427
1	90.1749
1	135.949
1	129.539
0	162.923
1	95.4563
1	117.578
1	511.389
1	169.841
1	179.281
1	46.6888
0	21.3538
1	172.295
0	145.964
0	38.5935
0	34.2348
1	159.241
1	103.244
0	41.1282
1	54.286
1	86.4846
1	100.508
1	113.047
0	74.5022
1	67.0459
1	79.0958
1	288.068
1	62.955
1	209.864
0	2.89036
1	199.728
0	27.2499
0	105.142
1	101.879
1	109.689
1	105.121
1	261.668
1	136.942
1	120.518
0	22.8096
1	90.6066
1	193.31
1	141.166
1	140.35
1	83.6235
1	91.7188
1	66.4782
1	102.365
1	196.857
1	169.459
1	126.245
0	39.7238
1	87.9292
1	48.1697
1	154.236
1	150.702
1	191.668
1	164.31
1	83.0737
1	86.9288
0	19.9161
1	109.852
1	67.2351
1	178.417
1	80.9536
0	2.99292
1	62.3003
1	115.923
1	76.9326
1	136.878
1	117.833
0	41.8812
0	6.6493
0	33.642
1	135.608
1	229.586
1	79.5884
1	221.831
1	221.899
0	3.62825
1	133.772
1	79.8791
1	184.118
1	155.642
1	52.9032
1	200.369
0	75.2474
1	178.185
1	183.663
1	227.334
1	43.1368
1	117.165
1	62.5134
1	70.2789
1	99.177
0	25.2294
1	228.619
0	81.0402
0	22.5353
1	166.262
1	146.202
0	10.472
0	280.994
1	96.5036
1	121.178
1	104.161
0	33.7896
1	94.6189
1	33.746
1	129.248
0	20.9584
1	117.607
1	115.095
1	88.4313
1	59.0534
1	99.6346
1	52.8333
1	59.234
1	104.228
0	104.244
1	218.333
1	61.0634
1	88.2008
1	124.499
0	131.552
1	103.368
1	144.748
1	136.581
1	55.0761
1	113.999
1	105.245
1	76.0318
1	98.423
1	568.538
1	92.7364
1	149.215
1	100.707
0	71.1698
1	130.521
0	1.24963e-05
1	143.462
1	118.129
1	85.3842
1	186.624
1	164.526
1	80.6515
1	91.8179
1	130.711
1	106.19
0	120.357
1	139.192
1	359.68
1	166.035
1	116.145
1	192.707
1	147.36
1	70.4086
1	137.284
1	143.618
0	12.0192
1	107.671
1	109.312
1	219.674
1	86.1853
1	142.099
0	109.249
1	253.837
0	33.6529
0	88.0104
0	153.169
0	24.3668
1	177.357
0	19.1745
1	272.982
1	153.263
1	59.5147
1	138.562
0	28.1898
1	226.873
0	12.7845
1	121.767
1	121.654
0	24.9453
1	119.281
1	68.3372
1	134.412
1	84.8476
1	94.1377
1	117.954
1	176.728
1	62.5621
0	95.7434
1	125.561
1	111.192
1	212.6
1	86.6928
1	114.521
1	51.9544
1	98.5836
1	108.476
0	48.9958
1	131
1	406.633
1	72.8796
1	128.134
1	246.955
1	105.237
0	1.07528
0	28.5235
1	81.3161
1	94.2789
0	11.9877
1	105.767
1	186.487
0	45.3923
1	102.737
1	97.892
0	7.12411
1	66.6717
1	78.8974
1	117.492
1	266.574
1	137.987
1	160.254
1	77.6059
1	142.929
1	104.444
1	298.478
1	119.221
1	79.1754
1	76.3559
0	35.1917
1	102.783
1	183.331
1	167.946
0	84.0542
0	54.5181
0	14.054
0	3.74688e-05
1	279.629
1	124.523
1	106.345
1	104.939
1	109.998
1	95.1716
1	67.1784
0	56.0892
0	4.56581
1	262.69
1	144.076
1	84.2692
1	93.7126
0	30.2713
0	6.14253
0	25.7518
1	206.907
1	185.072
1	93.3474
1	89.1644
0	79.7126
1	83.0232
1	49.9135
1	203.879
1	118.465
1	138.966
1	56.8105
1	89.4171
0	4.22544
1	150.204
1	67.4805
0	58.1613
0	2.65538
1	74.8184
1	83.3734
1	98.432
1	170.548
1	45.543
0	12.312
1	159.342
1	86.9294
1	107.861
1	95.756
0	34.5501
1	153.719
1	214.409
1	64.1025
1	109.112
1	112.505
1	179.703
1	225.664
1	87.8601
1	92.4813
1	118.675
0	9.24765
1	102.558
1	91.7294
1	126.279
1	173.831
0	114.729
1	105.467
1	59.4016
1	147.495
1	208.9
0	42.5629
1	253.983
0	47.8517
0	63.9937
0	7.09856
1	52.638
1	167.984
0	77.6965
1	21.9989
1	284.545
0	49.2396
1	150.687
1	172.506
1	125.734
1	175.743
1	101.455
1	162.606
1	86.6338
1	163.202
1	101.436
1	96.958
1	198.177
0	0.376583
1	239.016
1	109.479
1	151.547
0	92.2071
0	198.768
1	243.714
1	127.059
1	93.7544
1	81.8996
1	202.29
1	116.265
1	83.9429
1	119.678
0	11.0009
1	187.302
0	9.73341
1	70.6219
1	70.1679
1	205.355
0	65.0343
0	8.53504
0	45.1255
1	195.824
0	42.2761
0	9.38808
1	129.993
0	72.6708
1	160.504
0	175.289
1	91.4562
1	108.974
0	93.3054
1	116.139
1	154.58
0	36.3864
1	79.4666
1	118.948
1	96.3634
0	38.4273
1	107.519
1	131.403
1	136.899
0	2.24574
1	202.178
1	83.0488
0	162.424
1	103.505
0	7.28104e-06
0	5.78323
1	86.3439
0	6.65832
1	62.7327
1	125.375
0	80.3568
0	6.15172
1	114.108
1	131.326
1	123.239
1	65.5783
1	197.177
0	9.12701
1	127.697
1	80.9639
1	532.73
1	121.219
1	105.851
0	18.2324
1	142.116
0	1.6624
1	147.368
1	212.621
0	39.6303
1	155.403
1	141.854
1	113.04
1	79.8063
1	103.294
1	47.5503
1	157.83
1	169.685
1	74.7614
1	121.426
1	187.487
1	94.1692
0	9.57031
1	155.381
1	55.5827
1	98.7045
0	14.7238
1	115.116
1	60.7118
1	128.763
1	55.1378
1	73.3172
0	28.2961
0	1.54372
1	60.3541
1	166.936
0	95.9293
1	176.906
0	27.4957
1	64.8315
1	150.548
0	5.40601
0	249.85
1	81.8156
0	10.4775
1	190.803
1	103.11
1	93.6482
1	72.2051
1	116.939
1	146.96
0	10.008
0	28.4233
0	25.537
1	71.3487
1	159.798
0	29.18
1	213.964
1	60.6065
0	95.7826
1	102.041
1	68.2691
1	141.434
1	71.9007
0	6.03204
1	66.8128
0	49.4791
1	105.302
1	232.208
1	174.363
1	174.266
1	127.776
1	219.372
1	218.748
1	65.8092
1	194.233
1	183.879
1	159.228
1	151.702
0	14.2422
1	124.014
1	253.506
1	69.9638
1	98.3173
1	112.515
1	303.153
1	75.3815
1	56.9797
1	162.168
0	39.4003
0	18.389
1	118.405
1	111.536
1	59.8843
1	72.8688
1	72.3454
1	146.421
1	93.0639
1	112.588
1	110.717
1	96.1364
0	37.0181
1	178.02
0	121.802
1	142.331
1	133.312
1	102.979
0	24.453
1	184.087
1	265.152
1	93.0873
1	68.4792
1	213.452
0	35.4936
1	64.2677
0	35.6471
1	64.6173
1	159.908
1	85.1754
1	135.967
1	263.58
1	127.478
1	46.8807
0	45.6047
1	145.456
1	73.5097
1	91.7486
0	55.3784
1	213.109
1	195.118
1	88.7826
1	68.7058
1	198.442
0	43.188
1	437.64
1	166.946
1	50.4553
1	151.045
0	79.2284
1	194.239
1	149.388
0	0.607059
1	191.402
0	43.4823
1	94.1932
1	137.726
1	85.0198
1	94.3241
1	237.472
0	1.81532
1	96.6703
1	192.968
0	59.6267
1	122.215
1	168.094
1	109.6
0	78.4565
0	15.0845
1	125.834
1	75.8924
1	40.9205
1	219.908
0	21.4508
0	44.9411
0	44.1637
1	90.3069
1	64.3564
1	175.137
1	106.633
1	57.5191
1	46.2497
0	0.000121709
0	19.406
0	24.0855
0	98.634
1	60.5872
1	61.9857
1	61.7533
1	122.99
1	261.635
1	92.0196
1	142.701
1	122.271
0	103.185
1	73.6329
0	12.8855
1	227.971
1	142.49
1	176.078
0	43.5969
1	219.183
1	65.8734
1	212.586
1	87.1284
0	44.0159
1	271.208
1	149.301
1	96.1267
1	84.1964
1	112.883
1	155.093
1	88.6133
1	77.7171
1	102.723
1	169.8
1	315.737
1	94.7267
1	168.327
0	344.263
0	1.11271
1	157.506
0	26.9997
1	193.684
0	37.2061
1	195.181
1	109.743
1	98.3358
1	200.244
0	22.7183
1	363.212
1	148.728
0	18.4223
1	61.4639
0	51.8258
1	65.3268
1	123.367
0	23.6484
1	162.925
0	13.7063
1	177.94
0	137.704
0	7.12463
1	27.7106
1	133.728
1	68.4995
0	108.472
1	90.4962
1	131.516
1	132.764
1	124.468
1	113.963
1	125.915
0	74.9812
1	75.8424
1	245.347
1	137.027
1	105.059
0	12.1339
1	179.874
1	102.894
1	172.962
0	81.5959
1	214.15
1	99.0462
1	167.225
1	115.671
1	83.9043
0	0.95244
1	78.1898
0	5.65504e-05
1	35.5456
1	145.054
1	62.2078
1	136.085
1	178.152
1	103.026
0	14.0711
0	16.8886
1	90.4496
1	264.216
0	2.65733
1	188.438
1	103.195
1	109.274
1	36.0534
1	60.9195
1	149.586
1	112.832
0	32.5031
1	34.0473
1	259.236
1	74.66
1	51.4558
1	264.485
0	11.306
1	104.999
0	130.967
1	320.797
1	150.225
1	77.8595
1	104.547
0	161.111
0	6.88919
0	0.118533
1	63.8502
0	67.0089
1	165.429
1	115.478
0	5.78664
0	97.5079
0	24.0691
1	118.513
1	158.185
1	34.1882
1	57.2819
0	15.7716
1	163.437
1	95.46
1	142.371
1	248.651
1	129.762
1	44.2157
1	96.1475
1	43.0559
0	54.0919
1	158.856
1	69.5578
0	34.286
0	24.0803
0	170.214
1	162.439
1	74.0784
0	3.21229e-05
1	199.512
1	108.629
1	127.982
0	23.921
1	117.622
1	114.765
1	192.441
0	103.841
0	27.0093
0	35.466
1	67.3953
1	127.851
1	136.814
0	45.2359
0	6.33356e-06
1	109.339
1	135.267
1	131.166
1	190.934
0	26.3222
1	49.6827
1	108.636
1	98.9471
1	57.968
1	64.848
0	24.0306
1	141.769
1	167.477
1	79.9895
1	179.023
0	1.70763
1	114.762
1	83.7002
1	83.9649
1	170.433
1	79.0369
1	163.566
1	67.8683
1	129.243
1	116.199
0	73.7535
1	101.384
1	137.207
1	69.7085
1	116.131
0	0.726851
1	119.222
1	188.5
1	133.901
1	152.383
0	70.4096
1	124.844
1	110.291
1	273.132
1	89.1066
1	129.654
1	163.812
1	119.669
0	19.9758
0	137.29
1	101.895
1	53.0252
0	9.30135
1	232.263
1	152.655
1	79.1077
1	166.069
1	117.528
0	5.87836
1	169.617
1	136.675
1	170.895
1	76.3274
0	50.7703
1	183
1	97.3759
0	84.1971
1	99.9146
0	50.2308
0	13.3916
1	160.795
0	44.672
0	49.9719
1	161.572
1	134.004
0	22.7653
1	97.6104
1	114.103
1	140.363
0	64.7151
1	78.2497
1	90.6364
0	32.1628
1	130.161
1	153.744
1	192.793
1	66.8138
1	101.898
0	36.2762
1	87.3219
0	3.91706
1	100.472
1	101.08
1	85.6564
1	214.186
1	118.185
1	232.891
0	91.5722
1	108.452
0	16.8194
1	168.551
1	80.6664
1	157.481
1	101.175
1	98.7075
1	115.945
1	96.4582
0	7.03004
1	187.842
1	142.914
1	128.064
1	249.984
1	41.4995
1	162.883
0	21.4971
1	196.086
1	136.602
0	40.5381
1	172.431
0	19.2484
1	130.762
1	40.2065
1	106.705
1	159.552
1	75.4514
1	210.943
1	82.3213
1	158.026
1	166.371
1	163.628
1	109.757
1	139.751
1	118.673
0	55.0408
1	236.072
1	78.9425
0	27.652
1	106.94
1	204.84
0	51.3603
0	11.7781
1	115.374
1	174.605
1	97.4216
1	115.383
1	96.0269
0	2.47455
1	264.514
1	68.8489
1	221.794
0	6.70451e-05
1	69.3618
1	133.464
1	89.5403
1	198.44
1	54.8988
1	250.982
1	163.921
1	104.903
1	66.3112
0	32.3004
1	145.476
0	25.8093
0	38.6045
1	89.1219
1	108.496
1	132.098
1	78.0331
1	83.0292
0	194.224
1	75.6421
0	108.164
1	87.1258
1	86.4194
0	46.6354
1	81.0627
1	84.7983
1	68.6227
1	140.026
1	149.918
1	116.219
1	164.401
1	113.503
1	247.146
1	76.3357
1	192.568
1	58.0508
1	91.3415
1	164.604
1	132.409
1	82.9757
1	91.8698
0	15.2282
1	150.194
0	26.3013
1	82.2352
1	203.32
1	93.0091
1	125.229
0	4.97606
0	61.9277
1	224.081
1	168.167
0	0.000162331
1	166.175
1	125.936
1	160.67
0	25.137
0	14.0853
1	119.581
1	90.6784
0	20.0718
1	166.009
1	130.703
1	158.371
1	210.691
1	75.6379
1	155.541
1	189.82
1	210.019
1	161.507
1	226.991
1	98.7592
1	117.948
0	2.27794
1	155.159
0	40.0277
0	47.1163
1	59.1988
1	96.2231
0	50.5672
0	83.204
1	111.582
1	128.097
1	74.5948
1	83.9288
0	16.1681
1	229.48
1	67.8893
0	33.7954
0	13.1149
1	65.6992
0	77.029
1	39.4326
0	10.4213
1	270.548
1	81.7859
1	82.7177
1	94.7942
1	103.005
0	42.1407
1	129.481
1	129.307
1	45.2888
1	65.8011
0	7.18772
1	55.2481
1	176.476
1	165.617
0	50.2236
1	141.533
0	90.9665
1	175.018
1	132.347
1	78.5974
1	130.044
0	95.2039
1	110.74
1	106.588
1	154.872
0	78.4184
1	134.74
0	15.3095
0	102.696
1	165.335
1	80.9242
1	189.457
1	78.8046
1	119.013
1	189.925
1	121.926
1	182.505
1	61.2383
0	32.5218
1	115.596
1	179.802
1	197.615
0	181.44
1	214.138
0	0.750465
0	200.875
0	44.7751
1	140.729
1	91.0308
1	304.486
1	216.638
1	99.0445
1	159.76
0	38.1628
1	114.849
1	74.6752
1	92.7053
1	59.0592
1	64.7641
1	75.9998
1	110.054
1	239.126
1	111.842
1	136.581
1	68.4677
1	173.629
0	15.0573
1	112.383
0	70.8125
1	124.251
1	134.993
1	89.2708
0	62.7194
1	225.345
0	4.15102
1	79.423
1	205.17
1	70.3815
1	150.301
1	113.36
1	247.176
1	71.9667
1	105.027
1	132.73
0	4.96982
1	119.518
1	148.982
1	83.8786
1	108.884
1	201.367
1	52.9631
1	71.9941
1	39.2203
1	290.835
0	19.35
0	8.37811
0	11.2497
1	165.623
0	25.6735
0	80.2754
0	3.72337
1	275.215
1	171.578
1	118.614
1	166.689
1	75.2609
0	11.8161
1	206.692
1	115.739
0	43.0506
1	54.4173
1	194.234
1	253.877
1	210.189
1	52.1264
1	152.901
1	157.162
1	96.3117
1	66.944
1	159.001
1	91.7502
0	7.42652
1	122.412
1	78.3858
1	63.8504
0	29.3867
1	62.4257
1	83.2775
1	64.4763
1	101.845
1	69.7926
1	113.185
1	203.341
1	157.349
1	53.6047
1	228.179
1	274.443
0	9.42902
1	149.722
1	74.7075
1	89.7379
1	66.789
1	84.7623
0	42.4155
0	59.3171
1	149.61
1	183.839
1	73.3703
1	129.319
1	184.995
1	196.511
0	26.1741
0	27.9339
0	52.1853
1	107.827
1	215.355
1	134.507
0	101.657
1	51.4494
0	26.0673
0	3.60803
1	143.6
1	107.021
1	141.641
1	68.7744
1	60.9977
1	170.078
0	92.841
1	118.545
0	18.9378
1	128.357
1	99.0226
1	191.544
0	143.979
1	82.5173
1	34.7143
0	11.7284
1	135.407
1	150.309
1	103.573
0	35.1752
1	100.747
1	118.568
1	252.307
1	98.7441
0	3.05099
1	85.6837
1	143.298
0	71.7562
1	65.5076
0	20.3522
1	113.814
1	207.912
0	68.9646
1	97.9771
1	96.2513
1	179.777
1	68.6192
0	72.3463
1	93.3774
0	115.863
1	197.582
1	53.1064
1	128.574
1	284.851
1	119.37
0	16.8708
1	159.651
1	192.034
1	99.4409
1	74.015
1	80.8792
1	81.822
1	71.9724
1	98.1534
1	126.195
0	70.4911
1	109.663
1	75.2792
1	180.794
0	9.59413
1	163.821
1	169.763
1	69.3685
1	196.805
1	126.579
1	136.624
0	29.8215
1	197.963
1	213.822
0	36.2441
1	82.5805
1	77.0591
1	129.19
1	38.7777
1	78.3036
1	233.334
1	138.392
1	99.8728
1	42.9618
1	134.731
0	25.3957
1	125.02
1	95.6887
1	106.391
0	57.155
1	197.683
1	195.661
1	110.336
0	50.2874
0	131.116
1	237.941
1	123.999
0	28.6281
1	83.738
0	23.4362
0	31.0163
1	112.003
0	133.867
0	9.27534
1	95.8076
1	115.452
1	88.0707
1	74.4678
1	141.661
1	286.044
0	45.0685
1	107.238
0	25.9329
1	166.022
0	19.2005
1	117.681
1	167.405
1	189.254
1	58.989
1	260.602
1	89.7264
0	45.9956
1	122.531
0	0.857701
1	66.4548
0	55.8843
1	216.621
1	174.315
1	138.992
1	97.9775
1	66.841
1	21.0156
1	133.022
1	110.227
1	53.0366
0	32.952
1	103.515
1	192.436
1	110.832
1	94.3587
1	79.2997
1	217.953
1	310.295
1	59.7676
1	91.1704
0	25.8276
1	109.919
0	2.86549
1	152.615
0	43.924
0	0.471752
1	271.495
1	117.933
0	112.372
1	134.003
1	83.9488
1	36.8185
0	135.431
1	85.8776
1	103.79
0	2.00867e-07
1	144.268
1	209.847
1	143.217
1	137.959
1	107.256
1	150.713
1	117.731
1	128.952
1	211.324
1	208.908
1	137.85
1	152.269
0	37.3606
0	0.117386
1	198.039
1	51.2294
1	88.342
1	147.732
0	88.5486
1	132.666
1	91.8794
1	154.483
1	100.597
1	170.437
0	37.4071
0	0.619901
1	95.4292
1	68.435
1	86.8853
0	35.2112
1	95.4327
1	88.8068
1	263.237
0	145.334
1	104.785
1	197.24
1	98.6006
1	229.132
0	16.0812
1	129.992
0	27.5279
1	87.4934
1	170.526
1	86.6234
1	119.094
1	125.243
1	323.831
1	84.5891
1	197.672
1	76.8814
0	16.4826
1	244.275
1	138.238
1	99.0186
1	184.935
1	99.4357
1	115.343
1	93.3667
0	8.77363
1	117.845
1	141.468
1	127.104
1	87.1404
1	121.848
1	42.3849
1	177.777
1	281.521
1	96.7735
0	7.3207
1	138.354
1	74.4134
1	99.8033
0	150.982
1	163.427
0	39.0858
1	98.4584
1	141.503
0	81.2511
1	237.344
0	167.017
1	60.1048
0	7.38421
0	9.52851
1	138.924
0	15.2564
1	108.66
0	38.9609
1	67.0341
0	5.46185
1	112.303
1	82.1657
0	1.95144
1	91.1469
1	122.512
1	155.781
1	42.5034
0	9.48615
1	92.174
1	292.089
0	81.7316
1	322.299
1	203.105
1	274.736
1	137.785
1	88.2411
0	40.6144
1	28.9462
0	40.172
1	55.4527
1	94.3888
1	51.8535
1	68.9551
0	69.0359
1	139.407
1	149.623
1	63.4461
1	114.068
1	67.0377
1	70.9981
1	39.1654
1	92.6861
1	116.15
1	145.057
0	3.13136
1	129.686
1	150.184
1	228.579
1	162.24
1	75.1912
1	93.085
1	53.1014
0	34.747
1	102.033
1	167.464
1	131.891
1	252.154
0	14.3652
0	6.39238
1	118.535
1	198.361
1	168.596
1	190.521
1	105.07
1	174.202
0	68.2932
0	95.3506
1	186.904
1	131.83
1	66.4534
1	93.2853
1	77.2196
0	117.334
0	147.819
1	86.5363
0	27.7023
1	168.214
1	97.4292
0	50.5712
1	95.8489
0	26.1667
1	169.219
1	145.83
1	74.9746
1	66.9879
1	157.706
1	124.665
1	111.694
1	73.931
0	21.0299
1	224.165
1	181.715
1	178.679
1	72.6041
0	10.9384
1	109.215
1	49.5192
0	165.984
1	32.303
1	100.46
0	1.87092e-05
1	132.715
0	38.6764
1	67.2027
1	206.061
0	123.824
1	192.448
0	219.258
1	188.729
0	22.1506
1	61.279
1	56.8918
1	140.346
1	86.8277
1	53.0179
1	145.289
1	137.171
0	79.2235
0	4.81542
1	102.296
1	86.3491
1	203.884
1	135.705
0	39.4529
1	169.351
0	34.6072
1	103.889
0	300.112
0	22.4215
1	99.0984
1	171.855
1	128.033
1	196.727
1	66.1452
1	145.216
1	101.923
1	129.023
1	114.853
1	113.61
0	53.6119
0	13.28
1	158.12
0	9.99776
1	100.217
1	97.1578
1	47.6803
1	252.85
1	173.046
1	33.5078
0	83.8351
1	175.458
1	123.836
0	38.1356
1	162.119
1	109.29
1	113.194
0	95.0226
1	142.46
1	161.856
1	145.834
0	51.8678
1	120.462
0	8.90387
0	145.585
1	182.177
1	91.4186
1	201.91
1	140.192
1	55.3175
1	209.661
1	72.2178
0	32.9575
1	65.6417
1	107.138
0	2.00336
0	124.281
1	184.067
0	50.6578
1	123.231
1	58.4089
1	99.9602
1	204.434
1	45.8882
1	91.7113
1	129.778
0	2.38297
1	155.706
1	149.139
1	143.398
1	184.915
1	88.131
1	85.966
1	279.611
1	120.727
1	222.098
0	124.123
1	58.7798
1	90.6029
1	80.0247
1	115.517
1	150.513
1	70.7178
1	62.6223
1	108.538
1	139.848
0	7.41672
0	61.0362
1	139.052
1	118.601
1	180.477
1	45.5752
1	70.8944
1	125.272
1	160.011
1	82.6081
0	158.642
1	52.8741
1	90.1558
1	58.4994
1	88.4167
1	67.0567
0	56.144
1	161.923
1	76.4364
1	70.5488
1	157.787
1	114.525
0	91.7853
0	68.6223
0	4.00689
1	64.1607
1	198.427
1	59.8767
1	202.359
1	173.778
1	78.1635
1	158.836
0	2.58055e-05
1	111.296
1	113.021
1	109.212
1	78.9878
1	130.307
1	182.819
1	81.9652
1	124.858
1	117.489
1	127.887
0	5.80817
1	154.821
1	174.974
0	37.8793
1	158.035
1	184.881
1	139.024
1	139.149
0	32.5137
0	80.6066
1	146.762
1	111.632
1	147.345
1	132.275
1	145.987
0	1.72772
1	131.051
0	76.8716
1	132.72
1	129.388
1	87.4722
1	155.117
1	198.523
1	128.595
1	130.533
1	173.029
1	93.7465
1	100.379
1	115.52
0	2.84877e-05
1	122.697
1	78.5541
0	16.8144
1	121.367
0	15.6434
1	163.562
0	7.49164
1	92.3072
1	114.205
1	107.821
0	25.3216
1	229.64
1	159.288
1	101.112
1	84.4226
1	82.4529
1	127.364
1	135.02
0	18.6478
0	42.2138
1	61.0115
0	47.6286
1	113.062
1	234.63
1	190.566
1	152.861
0	0.0709415
1	80.4375
1	225.471
1	95.6545
1	269.634
1	151.126
0	69.9633
1	123.134
1	41.0231
1	203.668
1	108.354
1	184.338
1	198.138
0	32.6648
1	118.103
1	155.391
1	68.973
0	45.3291
1	352.597
1	104.057
0	31.7321
1	56.0011
1	131.983
0	57.5333
1	104.072
0	125.731
0	28.2803
0	46.4167
1	107.868
1	76.6067
0	14.2239
0	3.67392
1	141.971
1	107.993
1	98.7116
1	136.733
0	34.5176
1	101.132
1	189.839
1	116.496
1	88.7084
1	302.555
1	91.0193
0	13.4259
1	103.996
1	147.112
1	103.187
0	31.7756
1	93.133
1	56.5616
1	164.746
1	136.588
1	49.6222
1	148.501
1	72.6238
1	107.307
1	100.343
1	231.265
0	22.6581
0	229.686
0	2.58063
1	136.617
1	116.275
1	127.214
1	140.438
1	121.677
1	181.151
1	137.94
1	83.739
1	151.065
1	79.6237
1	82.9538
1	84.9383
0	6.74679
0	3.24725e-05
1	46.6725
1	148.551
1	233.123
0	19.5557
1	82.6853
1	119.888
1	131.779
1	168.966
1	129.303
0	8.00472
1	157.634
0	12.0428
1	109.323
1	257.675
1	156.127
1	187.158
1	84.245
1	148.657
1	167.438
0	125.584
1	75.2243
1	74.5546
1	202.739
1	160.962
1	139.756
0	6.90633
1	101.224
1	62.1937
1	82.8515
1	98.3784
1	219.231
0	27.201
0	86.8116
0	0.841485
1	208.025
1	292.306
1	154.84
1	152.034
1	175.215
1	143.59
0	58.6387
1	253.714
1	267.124
1	66.82
1	55.682
1	70.9731
1	92.4478
0	13.8662
1	139.4
1	271.979
1	48.8897
0	0.290759
1	100.875
0	76.1968
1	440.778
0	33.3811
1	148.724
1	103.18
1	64.4737
1	142.731
1	98.5474
1	277.88
0	12.4102
0	14.5019
1	115.498
1	180.732
1	28.9831
1	225.025
0	278.029
1	149.992
0	13.6341
0	88.2135
0	48.7285
0	71.3555
0	31.7734
0	59.7404
1	175.184
1	71.9303
0	2.72207e-05
1	95.6534
0	2.04819
1	140.104
1	234.106
0	20.7136
1	275.104
0	61.4911
1	75.0324
1	255.529
0	173.358
1	97.1252
0	51.5014
1	160.441
1	52.7113
0	42.6971
0	62.9601
0	24.027
1	56.6206
1	106.236
0	34.3126
1	251.618
1	72.6766
0	1.27433
0	161.273
1	75.1638
1	191.26
0	21.9004
0	31.0961
1	239.009
1	149.3
1	72.8449
0	35.7933
1	58.0898
1	90.2531
1	105.586
1	192.935
1	179.076
0	21.3826
1	105.37
1	133.583
1	157.259
1	182.367
1	70.2857
1	148.903
1	227.507
0	6.94122
0	25.8208
0	27.2266
0	0.965673
1	99.2987
1	192.434
1	84.8024
0	38.384
1	124.312
1	236.251
1	115.614
1	81.7501
0	138.573
1	127.252
0	86.9664
1	58.2739
0	70.096
1	262.894
0	3.82289
1	137.096
0	8.33547
1	61.2841
1	189.485
1	142.29
1	171.839
1	137.281
1	216.152
1	170.242
1	192.609
1	60.7912
1	149.811
1	132.799
1	74.0043
1	120.562
0	17.3824
1	61.8838
1	183.626
1	122.423
0	112.024
1	90.745
0	105.768
1	40.1064
1	205.21
1	165.58
1	183.674
1	127.535
1	117.092
0	6.28679
1	80.2653
1	122.541
0	66.9264
1	142.505
1	109.114
0	14.3783
1	107.029
0	28.8867
1	125.648
1	67.9099
1	227
0	7.76775
1	95.8401
1	276.213
0	27.5144
0	78.5706
1	105.999
0	55.5362
1	58.4606
0	32.3487
0	10.2451
1	82.8832
1	402.964
1	77.0964
1	138.62
1	37.0033
1	117.687
0	44.7873
1	106.203
1	137.649
0	10.9636
1	98.5888
1	82.1695
1	157.518
1	89.8993
1	58.0914
1	204.968
1	100.224
1	306.91
1	153.372
1	40.613
1	202.757
1	56.7377
1	89.738
1	104.892
1	137.858
0	26.7905
0	63.948
1	336.561
1	288.909
1	90.4649
0	48.5273
1	104.214
0	79.8467
1	118.255
1	77.8086
1	211.358
1	149.344
1	89.9135
1	60.4592
1	103.168
1	138.303
1	153.202
1	145.466
1	58.5463
1	172.503
1	125.315
0	33.285
1	114.765
1	68.8209
0	77.6375
0	24.1114
0	5.44817
0	67.0453
1	150.558
0	44.3758
1	139.472
1	167.223
1	147.437
1	92.7662
1	99.422
1	151.551
1	121.933
1	58.7962
0	60.4828
1	86.3141
1	343.285
0	0.105656
1	179.628
1	150.537
0	31.269
0	25.3471
1	125.56
1	81.5031
0	71.6358
1	143.173
1	134.08
0	21.3329
1	153.306
1	28.5225
1	152.542
1	140.983
0	86.5977
1	181.312
1	275.07
0	186.026
1	97.2327
1	277.1
1	120.121
1	77.8259
1	68.9283
1	112.019
1	105.363
1	112.898
1	444.188
1	71.7932
0	26.4598
1	178.644
1	247.144
0	26.4356
1	62.2861
1	147.185
0	15.1002
1	186.175
1	159.545
1	177.714
1	166.032
1	132.563
1	95.3198
1	86.599
1	141.597
1	118.549
1	205.898
0	36.4705
1	73.3232
1	109.413
1	50.4662
0	7.87556
1	76.6224
0	7.02605
0	6.86198
0	0.46714
1	139.046
1	86.9984
0	42.4496
1	55.1025
0	201.182
1	143.41
1	186.115
1	70.5262
0	2.32419
1	69.6882
1	72.3771
1	88.6481
1	151.461
1	84.733
1	105.172
1	148.15
1	96.3338
0	24.9853
1	128.72
1	99.7732
0	5.79904e-06
0	30.4384
1	95.3244
1	84.3811
1	100.242
1	211.079
1	142.11
1	27.6357
1	45.7218
1	45.5688
0	153.653
1	236.335
0	12.3558
1	175.175
1	164.277
0	1.87975
1	90.9381
1	29.4699
1	210.246
1	90.4845
1	86.1559
0	7.21564
1	199.489
1	137.717
1	120.105
0	40.1582
1	145.989
1	100.634
1	91.4674
0	25.0703
1	175.71
0	25.3657
0	17.3317
1	500.387
1	121.566
1	41.9237
0	14.4185
1	178.339
1	66.2953
0	56.0553
1	68.9212
1	138.914
0	13.6312
1	48.0567
0	23.0717
1	99.1031
1	215.034
1	117.862
1	102.132
1	130.124
1	149.54
1	117.744
0	87.2086
1	230.854
1	95.7401
1	103.179
0	10.7211
1	59.9601
1	74.3245
0	19.027
1	130.534
1	50.0716
1	85.6033
0	5.50807
0	47.3559
1	86.8351
1	175.016
1	96.3072
1	98.8108
1	217.416
1	62.2075
1	63.8746
0	23.7946
0	13.7373
0	63.2038
1	285.728
1	43.3829
1	137.595
0	24.4815
0	10.3651
0	91.0338
1	138.692
0	216.365
0	35.5299
1	64.5509
1	161.232
1	198.185
0	125.162
0	32.8651
1	118.175
1	172.4
1	120.052
1	58.5128
1	83.9841
1	119.663
0	46.9932
1	132.632
1	103.933
0	12.4234
1	267.359
1	124.156
1	122.812
1	158.994
1	122.19
1	112.013
0	210.2
0	40.4119
1	53.1317
1	110.417
1	213.941
1	178.566
1	258.06
1	92.314
1	140.742
0	43.7237
0	22.38
1	111.691
1	134.847
1	65.6138
1	95.745
1	84.1043
1	69.0068
1	148.156
0	0.759468
0	94.5479
1	49.1223
1	155.893
1	120.558
1	93.592
1	223.469
0	110.301
1	53.6128
0	54.7437
0	14.2642
0	64.0109
1	82.5429
0	13.0843
1	76.7184
0	3.19419
0	104.934
1	262.871
1	73.6887
1	109.796
1	301.371
1	133.482
1	228.485
0	24.1994
1	52.0173
1	57.8737
0	22.2953
1	63.2126
0	34.2031
1	77.0979
1	179.14
0	132.884
1	264.434
1	159.7
1	51.4195
1	141.137
1	120.998
0	1.47368
1	121.784
1	118.159
1	125.06
0	14.3366
1	174.278
1	196.539
1	90.2013
0	29.6974
0	148.887
1	378.903
1	118.882
0	91.372
1	165.451
1	113.925
1	71.9397
1	99.8668
1	54.9674
1	140.898
1	146.06
1	125.036
1	314.891
1	49.247
1	53.1592
1	267.976
0	44.9462
1	107.57
1	190.519
1	88.8744
0	12.8433
1	114.658
0	17.3152
1	163.537
1	81.7394
1	97.7123
1	62.5904
0	12.9595
1	44.4905
1	172.029
1	116.217
1	190.352
1	140.992
1	75.4742
1	186.675
0	138.923
1	73.7573
1	90.6294
1	112.637
0	35.1615
1	97.738
1	172.767
1	100.241
1	44.5236
0	1.85158
1	174.436
1	115.74
1	252.787
0	18.2231
1	289.569
1	67.4854
1	65.5875
1	209.188
0	25.1145
0	15.0187
1	95.0156
1	52.0382
1	103.288
1	177.752
1	245.261
0	17.0322
1	68.7425
1	48.2654
0	30.132
1	38.9452
1	296.04
1	148.646
1	82.1918
1	121.689
1	227.708
1	82.3725
1	240.286
1	280.395
1	88.2953
0	39.2714
1	49.6012
1	130.212
0	21.3132
1	144.097
1	119.01
0	4.17178
1	108.407
1	140.415
1	129.64
1	239.25
1	210.333
1	75.2629
1	114.782
0	52.0258
1	99.6263
1	149.655
1	106.944
0	72.3517
1	67.6552
1	96.1257
1	215.695
1	189.687
1	303.613
1	97.8472
1	121.861
1	134.918
1	287.389
0	79.2074
0	30.8395
0	153.601
0	24.4469
1	174.964
1	62.2298
1	113.793
1	80.4746
0	182.109
1	71.3331
0	90.7919
0	50.5427
1	239.792
1	144.914
1	72.3258
0	66.4086
1	62.0989
1	96.9155
1	127.217
1	65.1044
1	117.489
0	82.0045
1	78.5479
0	23.0121
0	5.46484
1	111.544
1	30.3709
0	176.133
1	154.235
1	89.7428
1	95.2398
1	85.244
1	80.4217
1	162.539
1	67.4181
1	152.934
1	253.468
1	156.107
1	143.327
1	134.331
1	168.088
0	0.779957
1	73.8422
1	44.5098
1	80.3365
0	5.33582
0	23.071
0	60.7843
1	132.751
1	85.9287
0	49.9969
1	141.726
1	122.263
1	85.8469
1	120.72
1	64.9345
1	180.298
1	135.521
1	144.195
1	142.466
1	193.622
1	74.4081
1	150.445
1	100.214
1	353.124
1	65.2577
1	160.485
1	81.684
1	96.6009
1	156.001
1	154.338
1	169.235
1	153.323
1	116.72
1	115.363
1	57.7703
1	49.9983
1	157.326
0	60.8969
1	87.2093
1	80.7818
1	116.574
1	143.492
1	79.6949
1	134.459
0	3.64933
1	89.4937
0	29.0727
1	85.0904
0	21.0043
1	91.8932
0	2.12572e-05
1	81.8581
1	104.525
1	61.4854
0	37.4217
1	80.8704
1	87.7724
1	164.008
1	77.2943
1	112.242
1	116.577
0	12.7653
0	37.7304
1	238.446
1	101.944
0	69.6946
1	44.2307
1	126.716
0	45.3499
1	115.86
1	139.244
1	117.709
0	123.973
1	101.329
1	65.8531
1	109.779
0	7.33969
1	50.2202
0	41.2134
1	52.091
1	76.2946
0	20.1664
1	117.491
1	206.28
1	49.4941
1	83.6712
1	120.782
1	121.61
1	226.798
1	97.1631
1	43.73
1	53.5588
1	185.368
1	161.765
0	68.8636
0	91.5804
1	189.215
1	58.4398
1	101.96
1	113.711
1	92.61
1	60.9147
0	124.549
1	139.847
1	86.2772
0	11.8865
0	63.1971
0	4.25459
1	189.908
1	70.9457
0	69.2631
1	58.041
0	71.4283
1	128.654
1	89.5246
1	111.075
1	128.094
1	86.1156
1	114.858
1	119.377
1	46.6058
1	47.6218
1	90.9154
1	109.455
1	95.2669
0	3.1785
1	78.0495
0	5.64899
1	120.843
1	295.997
0	54.4693
0	10.039
1	114.015
1	169.064
1	61.1268
1	61.6885
1	144.475
1	133.654
1	106.647
1	64.9875
1	153.159
1	149.835
1	160.507
1	244.007
1	80.9687
1	206.211
1	237.276
1	202.679
0	20.6824
1	116.629
0	54.3682
1	54.262
1	160.505
1	204.643
1	108.282
1	108.277
1	279.598
1	112.741
1	85.9296
1	143.451
1	78.2408
1	61.0298
1	95.4658
1	222.361
1	99.8211
1	170.624
1	204.221
1	146.703
1	175.945
0	186.794
0	34.7609
1	90.5835
1	90.9029
1	53.4238
1	62.7206
1	138.065
1	105.593
0	65.4311
1	119.7
1	175.366
0	13.2377
1	93.5301
1	69.4194
1	174.994
0	186.361
1	55.7657
0	0.412407
1	185.244
1	135.396
1	352.563
1	360.537
1	120.868
1	236.295
0	0.927743
1	160.194
0	31.5313
0	17.2258
1	211.87
1	64.8685
0	109.829
1	87.0402
1	49.5426
1	182.363
1	114.607
0	2.82758
0	58.8104
0	10.8769
0	32.974
1	117.75
1	130.118
1	40.1869
1	120.509
0	19.1126
1	92.5652
0	19.5706
0	83.4086
1	196.002
1	58.7241
1	143.86
0	2.36459
1	61.803
1	91.588
1	122.905
0	56.8081
1	151.193
1	228.4
1	204.544
0	248.889
1	188.531
1	237.789
1	178.409
0	44.2627
1	107.274
0	92.3588
0	8.85631
1	46.4994
0	4.12453
1	173.21
0	5.938
1	145.554
1	39.0673
1	113.482
1	60.9938
1	233.131
1	168.645
0	48.0596
1	151.976
1	108.643
1	92.6098
1	121.767
0	13.6983
0	194.024
1	116.234
1	144.725
1	108.947
1	79.116
1	196.656
0	8.79837e-06
1	133.248
0	28.4662
1	210.539
1	97.1796
0	27.5725
0	2.02877
0	56.3918
1	108.135
1	84.2366
1	215.73
1	146.99
0	97.8803
1	156.735
1	20.8496
0	27.1496
1	194.885
1	135.306
1	114.076
1	173.182
1	35.3798
1	99.7125
1	104.653
1	108.284
1	141.816
1	167.901
1	78.5096
0	61.4333
0	33.6116
0	0.000113541
1	261.432
1	77.0665
1	336.885
1	39.6749
1	99.3617
1	84.9427
0	139.795
0	54.3592
1	31.1696
0	48.8319
0	46.3915
1	78.6831
1	59.7342
0	96.2055
1	143.256
1	103.335
0	8.68231
1	65.7063
1	125.9
1	92.8053
1	128.235
0	7.47618
1	331.91
1	202.273
1	200.22
1	268.374
1	61.1097
0	45.359
1	193.251
1	105.502
0	91.3235
1	193.425
1	208.209
1	93.999
0	50.6128
1	69.6927
1	65.9214
1	245.72
1	125.734
1	100.579
1	115.492
1	86.8837
1	97.2877
0	19.3509
0	5.53389
1	113.305
0	7.22904
1	259.338
1	181.362
1	150.622
0	185.384
1	178.645
0	42.9548
0	147.648
1	123.661
1	69.1099
1	76.8819
1	112.955
1	109.107
1	211.867
1	302.695
1	60.076
1	108.474
0	73.6395
1	72.5292
1	103.952
1	81.8612
1	138.712
0	15.8518
1	38.0357
0	4.73704
1	102.053
1	98.1646
0	49.6688
1	100.454
1	142.974
1	132.432
1	95.1152
0	14.0005
0	3.65949
1	113.635
1	108.643
1	62.4338
1	218.853
1	151.567
1	96.6996
0	114.361
0	152.138
1	65.0346
1	154.965
1	99.9848
0	82.0723
1	119.059
1	111.588
1	165.322
1	143.851
0	28.8781
0	17.8197
1	171.997
1	118.188
1	67.3071
0	8.20394
0	238.463
0	22.4713
0	90.4419
1	124.537
1	87.3684
1	48.783
1	63.1709
1	115.558
1	73.9854
0	53.6509
1	128.805
1	214.146
0	8.09187
1	241.99
1	176.3
1	155.375
1	111.308
1	166.274
1	65.0831
0	17.707
1	132.617
0	35.901
0	29.8891
1	108.531
0	25.9451
1	67.6702
1	121.19
0	21.4551
1	109.61
1	283.79
0	76.9584
1	85.7386
0	1.97241
1	126.541
1	116.165
0	1.44869
1	138.702
0	34.0065
1	101.361
1	117.394
1	127.167
1	256.406
0	6.79208
1	103.013
1	207.034
1	131.233
0	90.347
1	99.2996
1	210.551
1	105.383
1	90.1272
1	174.083
0	29.5126
1	73.148
1	45.1315
0	21.8645
0	19.2543
1	346.347
1	48.8852
1	75.423
1	122.932
1	99.4247
1	83.98
1	64.3934
1	119.021
1	149.309
1	172.102
1	133.898
1	175.885
1	152.984
1	187.301
1	149.881
1	195.667
1	107.435
1	102.636
1	47.1621
1	130.06
0	68.4332
0	7.94981
1	46.956
1	60.1488
0	56.3274
1	104.844
1	102.101
1	55.7356
1	191.139
1	141.552
1	216.548
1	98.2471
1	81.5046
1	125.782
1	124.603
1	89.0164
1	132.275
0	0.265197
1	174.637
1	93.0556
1	198.795
0	45.284
1	177.895
1	112.07
1	125.971
0	23.6977
1	84.3228
0	6.59443
1	100.409
0	7.72471e-05
1	73.602
1	104.237
0	25.7856
1	101.082
1	103.384
1	165.087
1	153.152
1	305.797
1	183.423
1	179.834
0	1.51946e-05
1	230.461
1	226.102
1	186.595
1	128.104
0	53.2474
1	114.025
1	117.263
1	46.1367
1	63.1579
1	66.271
1	153.477
1	69.9731
0	82.6949
1	167.831
1	46.063
0	198.483
0	6.9212
1	127.957
1	102.797
1	111.571
1	161.161
1	209.783
1	313.153
1	128.342
1	152.057
0	0.534636
1	152.965
1	143.372
1	108.279
1	282.915
1	110.366
1	76.8865
1	77.026
1	59.2584
1	210.335
1	117.654
1	45.9323
1	102.758
1	134.589
1	204.903
1	95.985
1	112.926
1	129.036
0	18.3877
1	132.404
1	110.572
1	91.0532
1	102.436
1	147.598
1	134.194
1	155.523
0	53.8003
1	90.8274
1	178.826
1	227.123
1	176.41
1	185.772
0	62.8698
1	93.7553
0	82.2197
1	60.0977
1	54.1898
1	85.3904
1	94.1452
1	74.08
1	202.929
1	224.764
1	105.134
1	50.0975
0	31.9943
1	98.3092
1	57.462
0	24.4311
1	140.235
1	71.066
1	90.8923
1	273.716
1	169.592
1	98.5376
0	19.2772
1	225.692
1	204.714
1	185.361
1	222.767
1	60.3203
1	64.7685
1	68.0587
0	30.7618
1	91.7236
0	22.4088
0	11.6018
1	118.647
1	480.817
1	270.503
1	192.918
1	69.8003
1	144.234
1	40.1613
1	109.227
0	32.9008
1	78.1333
1	172.982
1	139.456
1	68.5059
1	60.7982
1	172.765
1	68.7956
1	110.759
1	55.2731
1	175.135
1	139.777
0	2.08635e-05
1	107.055
1	177.751
1	170.853
0	39.221
1	90.1082
0	0.690737
1	95.2164
0	101.935
1	160.463
0	5.06739
1	122.336
0	52.0276
0	121.138
1	209.538
1	176.466
1	117.7
1	135.805
1	308.47
1	113.675
1	125.327
1	92.8048
1	147.274
1	180.387
1	55.1039
1	83.1835
1	185.454
1	128.549
1	218.368
1	197.051
1	127.301
1	82.7514
1	84.634
0	82.0391
1	141.029
1	145.051
1	134.06
1	189.169
1	115.806
1	95.4009
1	126.465
1	181.33
0	3.68394
1	93.793
0	57.5095
1	51.2109
1	73.1461
0	0.8951
1	192.17
1	92.9802
1	98.8526
1	158.759
1	89.2867
0	19.7109
1	62.7068
1	204.506
1	257.706
0	10.8093
1	129.779
1	146.271
1	41.553
1	82.5593
0	40.7074
1	183.787
0	32.4374
0	61.3436
1	157.059
1	75.6649
1	54.5978
1	78.2927
1	67.1783
1	79.4897
1	96.0595
1	92.5941
0	5.39484
1	124.595
1	51.7001
1	150.827
1	244.66
1	69.8929
1	269.049
0	4.27185
1	205.261
1	145.94
1	113.868
1	234.832
1	174.441
0	22.348
1	232.91
1	199.244
1	85.0405
1	133.785
1	152.91
0	28.0546
1	83.9856
1	174.3
0	14.999
1	100.478
1	90.9128
1	93.8243
0	88.5075
1	162.922
1	126.718
0	22.5964
1	142.764
0	5.93963
0	21.8295
1	170.517
0	8.16782
1	124.738
0	234.4
1	78.2649
1	96.1124
1	97.8581
1	108.83
1	246.969
1	101.589
1	70.7503
1	67.6787
1	122.162
0	12.0144
1	263.169
1	42.2098
0	11.3752
1	86.6974
1	55.6226
0	182.935
1	124.606
1	394.57
1	176.237
1	192.784
1	174.553
1	133.857
1	261.425
1	102.569
1	157.627
1	229.622
1	94.6667
0	27.5959
1	64.5236
0	154.687
1	161.988
1	112.004
1	216.708
1	71.4318
1	69.0526
1	197.042
1	133.276
1	43.0932
1	175.726
1	163.564
1	108.121
1	117.935
1	122.507
0	15.7751
1	100.223
1	244.75
0	6.35868
1	83.0908
1	128.72
1	136.627
0	10.7168
1	90.4275
0	2.82778
0	12.4748
1	68.4955
1	40.4981
1	199.977
0	28.2368
1	168.589
1	261.456
0	120.996
0	16.5589
1	107.762
0	134.103
0	52.5467
1	196.111
1	129.821
0	31.4215
1	96.2134
1	137.353
0	2.31988
0	18.1107
1	182.836
0	18.5059
1	104.583
1	106.781
1	92.67
1	154.773
1	139.46
1	99.0721
0	4.23697
0	67.2254
1	341.105
0	56.9585
1	109.301
1	253.984
1	98.289
1	78.4661
0	13.3476
1	127.275
1	55.5281
1	135.495
1	107.44
1	104.931
1	99.4113
1	100.013
1	89.2214
1	134.361
1	368.722
0	88.7534
0	89.2009
1	80.1086
0	147.728
1	65.766
1	88.9772
1	51.4676
1	98.5323
1	130.564
1	138.03
1	50.2505
0	105.067
1	147.52
0	29.5049
1	109.427
1	147.634
1	136.413
1	103.14
1	173.341
1	61.1582
0	57.5051
0	169.182
1	148.796
1	218.734
0	13.1962
1	97.5901
0	13.1279
1	56.026
1	53.9924
1	73.2946
1	130.638
1	175.78
1	101.859
0	9.77886
1	121.076
1	276.233
1	86.5736
1	165.014
1	126.243
1	168.409
1	92.8509
1	56.7363
1	93.3112
1	106.283
1	81.8668
1	141.299
0	110.305
1	132.748
1	196.467
0	52.3923
1	167.317
1	332.617
1	57.7305
1	150.762
1	101.466
1	74.2817
1	152.42
1	103.6
1	79.1627
1	57.9093
1	155.028
1	153.774
1	182.374
1	105.642
1	201.707
0	7.71762
1	138.445
1	134.561
1	61.2142
1	74.821
1	133.988
0	3.0148
1	136.14
1	89.907
1	221.414
0	13.6636
0	125.857
1	198.648
1	172.478
1	70.1086
1	140.576
0	2.17473e-05
1	108.752
1	99.2978
1	133.2
1	57.9691
1	260.73
1	265.77
1	258.643
1	125.238
1	147.696
1	224.796
1	76.0461
1	93.9786
1	49.5983
1	151.8
1	100.65
1	254.797
1	138.786
1	124.054
1	71.9128
1	109.13
0	2.77596
0	122.818
0	89.7075
1	124.511
1	72.7633
0	93.234
1	39.7244
1	110.041
0	0.319896
0	58.9826
1	258.434
1	121.373
0	5.01667
1	40.6932
0	123.055
1	126.864
1	87.1988
1	67.7624
1	91.0014
0	49.3525
0	10.3789
1	174.55
1	141.638
1	40.5541
1	250.451
1	196.573
0	67.5756
1	124.631
0	12.8786
0	17.326
0	83.06
0	27.0398
1	98.862
0	9.03435
1	77.0733
0	11.2526
1	97.0702
1	108.266
1	121.875
1	156.569
1	40.9206
0	17.2365
1	88.737
0	44.0225
1	153.136
1	103.327
0	33.7614
0	13.0323
0	45.4798
1	60.1518
0	25.1898
1	129.137
0	2.29243
1	95.2235
0	0.213847
0	78.0614
1	103.821
0	5.12771
0	54.9783
0	33.6031
1	272.083
1	143.488
1	111.83
1	99.4818
1	98.6624
1	145.303
1	127.284
1	128.266
1	206.935
1	117.025
1	162.44
1	164.184
1	217.184
0	73.4245
1	132.24
1	83.1956
0	190.645
1	133.399
0	0.781522
0	9.0905e-08
1	127.119
1	224.92
1	168.393
1	142.908
1	156.689
1	97.0619
1	85.5845
1	240.876
0	81.2635
1	108.674
0	26.4271
1	73.1608
1	237.211
1	100.464
0	2.72985
1	191.712
1	106.472
1	62.5865
1	75.434
1	148.381
1	163.431
0	4.52495e-06
0	36.7564
1	20.7897
1	93.7266
1	75.1552
0	62.9096
0	41.8615
1	104.403
1	117.429
1	111.256
1	87.574
1	127.227
1	135.762
1	115.179
1	93.2734
1	108.121
1	201.676
1	103.633
1	120.653
1	47.9723
1	154.471
1	164.749
1	50.9656
1	150.888
1	151.979
0	1.91844
1	189.984
1	50.8924
0	25.8255
1	62.3845
1	168.214
0	34.2277
1	50.0186
0	38.1499
0	5.35783
1	155.692
0	14.179
0	5.52675
0	54.7211
1	299.041
0	4.43714
0	2.54636e-05
0	65.8124
1	112.31
1	96.0492
0	61.7081
1	140.805
1	178.278
1	157.837
1	217.863
0	4.18925
0	13.8061
1	50.7723
1	180.129
1	57.2203
1	163.913
0	15.5955
1	131.864
1	83.8199
1	73.9017
1	73.5358
0	25.0713
1	66.4565
0	6.6901
1	62.5779
1	105.327
1	63.4417
1	210.458
1	112.105
1	79.029
1	90.797
1	142.435
1	42.9065
0	66.7939
1	92.0461
1	145.083
1	55.3611
1	283.581
1	82.3204
1	165.545
0	14.8211
0	1.09984
0	14.0562
1	211.832
1	183.487
1	244.432
1	145.729
0	44.7523
1	178.807
1	151.971
1	55.1622
1	227.143
1	134.449
0	12.2545
1	135.059
0	42.1705
1	87.7086
1	67.5307
0	2.94707e-05
0	19.5281
1	152.817
1	109.376
1	70.1574
1	244.321
0	24.0487
1	107.918
0	61.2852
1	64.6409
1	172.431
1	68.3741
1	249.654
1	82.0276
1	85.7287
0	32.8215
1	188.977
0	39.3206
0	6.15855
1	91.3147
0	94.5549
1	107.996
1	129.261
1	116.69
1	47.081
1	219.552
1	143.482
0	3.6977
1	82.7274
0	232.301
1	122.354
1	41.7778
1	326.963
0	23.3056
1	262.814
1	187.789
1	93.7054
1	163.12
0	86.4426
0	22.2613
1	85.1404
1	59.9185
1	133.853
0	20.9271
1	95.1971
1	257.135
1	103.473
1	108.187
1	71.9187
1	83.8461
1	247.008
1	115.655
1	180.961
1	31.592
1	226.864
1	145.142
1	85.1825
1	233.895
0	9.38923
0	254.498
1	76.0366
1	109.678
1	118.044
1	85.7299
1	97.2078
1	211.326
1	111.204
1	131.272
0	0.865603
1	100.082
1	100.244
1	84.3153
1	114.757
1	196.762
1	70.994
1	80.5505
0	50.6998
1	111.065
1	125.266
1	123.993
0	71.2706
0	53.0597
0	8.83864
1	110.282
1	104.797
0	3.12492
1	46.1789
0	16.0856
1	172.847
1	99.423
1	168.655
1	50.8341
0	23.0497
1	260.668
1	115.177
1	210.628
1	159.797
1	225.997
1	101.968
1	71.6139
0	28.4357
1	105.091
0	123.997
1	131.775
1	79.0665
1	105.762
1	98.0734
1	63.3746
1	91.1592
1	166.835
0	237.445
1	116.727
1	188.389
1	105.136
1	128.445
1	117.056
1	133.787
1	212.967
1	96.6007
1	51.9501
1	166.438
1	104.697
1	228.546
1	147.715
1	118.407
1	158.031
1	71.1968
1	288.466
1	158.02
1	82.2821
0	93.8381
1	211.665
1	139.724
1	200.865
1	202.508
1	301.533
0	43.7266
0	92.4699
1	38.6018
1	63.0852
1	69.3555
1	235.633
1	52.895
1	79.9297
1	184.752
1	273.992
0	3.908e-05
1	227.388
0	9.89129
0	41.8183
1	239.854
1	75.368
0	19.6729
1	83.831
0	74.0902
1	80.3939
1	113.865
1	117.81
1	308.669
1	260.85
0	82.5427
0	137.752
0	140.646
1	40.1141
1	93.2446
1	149.856
1	170.04
1	112.668
1	73.6584
1	77.3172
1	214.283
1	116.52
1	285.667
1	114.807
0	16.0869
1	115.723
1	116.953
0	38.9025
1	108.105
1	76.019
1	81.2507
1	81.7582
1	288.076
1	112.086
1	107.002
1	44.2381
1	110.642
1	111.058
1	119.505
0	178.168
1	114.12
1	152.886
1	130.146
1	121.717
0	6.37381
1	302.92
1	119.606
0	8.57961
0	8.44824
1	275.77
1	69.0993
0	134.853
0	75.1374
0	0.416981
0	62.8293
1	47.5765
0	138.518
1	76.2984
0	32.0567
1	68.2008
1	152.746
0	0.610391
0	113.544
1	232.154
1	139.023
1	97.2086
1	206.678
1	34.8277
0	23.8359
1	217.274
1	157.957
0	54.9886
1	129.481
1	88.7668
1	48.8365
0	103.729
1	97.0243
1	168.2
1	190.542
1	61.3499
1	139.386
1	171.415
1	148.393
1	159.833
1	120.458
1	152.881
1	54.0379
1	105.446
0	91.7632
0	30.1706
1	117.614
1	62.4105
1	167.963
1	83.5829
1	125.382
1	144.732
1	73.0711
1	86.9221
1	187.016
1	322.677
0	1.34233
1	50.1551
1	109.416
1	119.794
1	293.753
1	50.7049
0	41.7133
1	145.785
1	129.04
1	156.888
1	117.642
1	341.31
1	62.0371
1	57.7361
1	122.541
0	43.5968
0	22.1023
1	123.783
1	112.75
1	179.454
1	132.247
1	201.028
1	161.203
1	110.528
1	95.4229
1	160.561
1	107.422
1	171.278
1	58.5865
0	134.459
1	29.7322
1	147.322
1	97.2013
0	67.6016
1	97.5472
0	17.8999
1	203.508
1	105.706
1	63.7186
1	89.0092
0	6.86699
1	142.727
1	114.436
1	183.278
1	62.0977
1	92.8045
1	65.0531
1	76.4961
1	181.279
1	144.1
1	128.44
1	162.816
0	19.2132
1	189.331
1	88.0176
1	140.63
0	106.991
1	148.713
1	73.3432
1	77.6958
1	273.956
0	28.7152
0	38.1147
1	117.744
1	98.6592
1	37.8458
1	102.405
1	145.983
1	151.405
1	108.848
1	147.132
0	73.2093
1	88.156
1	38.6835
1	63.8868
1	59.9672
1	73.1828
1	67.4587
1	91.4253
1	79.9082
1	189.506
1	82.8295
1	121.103
0	14.3636
1	129.974
1	100.97
0	9.0138
1	67.8037
1	82.1833
1	122.04
1	175.593
0	90.1488
1	169.351
1	87.5677
1	102.281
1	81.4516
1	339.212
0	5.92384
1	194.545
1	63.2162
1	71.0691
0	11.6251
1	96.9368
0	36.0216
1	60.8068
1	88.1137
0	89.8322
0	66.3834
1	95.0564
0	18.1399
1	109.528
1	72.308
1	95.8952
0	23.8365
0	47.3078
1	72.6296
1	72.6329
1	78.5052
1	119.067
1	163.086
1	116.608
1	113.772
1	51.1532
0	42.7559
1	47.6895
1	90.6975
1	82.4354
1	192.564
0	20.432
1	251.278
1	250.542
1	94.0205
1	73.5294
1	42.6392
1	104.24
1	98.3984
1	121.498
1	69.8106
0	21.518
1	141.729
1	133.741
1	130.802
1	110.845
1	152.657
1	192.47
1	128.289
1	193.538
1	74.0145
1	110.676
1	214.689
0	21.5958
1	158.165
1	257.838
1	109.368
0	69.5602
1	149.737
0	16.6785
1	143.666
1	80.6094
1	63.1287
1	71.545
0	39.107
1	198.968
0	20.7669
1	322.495
1	173.57
1	251.591
1	59.9047
1	89.6125
1	150.98
1	218.516
1	126.784
1	78.7951
1	170.21
0	121.461
1	93.2097
1	163.475
1	176.352
1	151.306
1	210.885
0	14.4707
1	119.814
1	118.747
1	140.811
0	38.7512
0	17.0595
1	223.793
1	44.4199
1	61.3051
0	13.368
0	56.1983
1	86.7886
1	195.538
1	135.199
1	192.086
1	196.309
1	128.621
1	116.552
1	66.9653
1	41.1658
0	88.5981
1	188.699
1	150.613
1	76.8194
1	75.3969
1	55.7188
1	62.6587
1	89.2333
1	193.81
0	16.4285
0	34.5185
1	191.516
1	76.6665
1	190.505
1	64.914
1	137.116
1	128.036
0	41.5621
1	52.8236
1	153.019
1	57.0576
1	114.792
0	2.68827e-05
1	95.7472
1	63.0006
1	105.138
1	196.15
1	137.019
1	234.942
0	30.5976
0	67.6191
1	89.9113
1	107.668
1	167.102
1	240.232
1	165.331
1	211.1
0	41.1478
1	181.523
1	103.614
1	227.194
1	269.804
1	136.748
1	328.574
0	5.97098e-05
1	100.24
0	157.102
1	142.801
0	36.1073
1	109.315
1	85.6121
1	31.8678
1	92.2028
1	204.232
1	122.684
1	125.976
0	46.8956
1	228.18
1	96.5378
1	106.496
1	110.886
1	199.648
1	129.387
0	2.24591
1	137.468
1	199.338
1	162.126
1	109.054
1	43.0906
1	97.2734
0	180.837
1	113.689
0	47.5781
1	133.362
1	51.1828
1	157.291
0	1.45018
0	8.82484
0	69.6634
1	44.4431
0	139.958
1	166.817
1	123.484
0	39.3976
1	243.307
0	16.2885
1	172.431
1	69.6109
0	136.946
0	19.2974
1	132.289
1	76.8045
1	53.15
1	111.841
0	25.2008
1	123.492
0	64.1671
0	0.490836
0	147.578
0	36.145
1	65.8642
1	51.4025
1	96.1742
1	142.014
1	145.44
0	65.2128
0	85.0631
1	72.2759
1	262.517
1	141.189
1	207.695
1	141.181
1	123.579
0	5.79058e-06
1	77.5129
1	296.929
0	25.8403
1	106.331
1	137.538
1	264.604
1	121.458
0	50.3856
1	110.7
1	74.8381
1	74.3544
1	147.948
1	97.0367
1	83.7475
1	123.269
0	119.994
1	123.915
1	114.028
0	22.4256
0	33.4283
1	205.823
1	128.349
1	56.9143
1	76.0606
1	126.154
1	97.3612
1	172.961
0	42.7362
1	69.04
1	85.7514
1	118.991
1	104.41
1	148.397
1	67.2051
1	115.1
1	95.6133
0	25.9349
1	106.393
1	77.6258
1	97.7261
1	119.554
1	246.71
0	35.8947
1	186.349
1	148.238
0	17.4772
1	85.7514
1	209.586
1	89.9047
1	231.861
1	185.483
1	59.9196
0	18.7223
1	90.0139
0	2.78304
1	122.649
1	102.162
0	67.6703
0	192.923
1	155.019
0	45.4975
1	96.2815
1	52.9306
0	13.7506
1	180.514
0	117.491
1	84.7158
1	95.761
1	182.129
1	216.511
1	190.051
1	140.182
1	130.981
1	92.3982
1	74.4895
1	104.514
0	26.8776
0	65.1926
1	193.875
1	201.022
1	197.185
1	177.841
0	44.4399
0	4.15896
1	264.84
1	150.077
1	140.409
1	85.6939
1	58.1864
1	70.2072
1	70.9019
1	51.0863
0	80.6059
0	39.8981
1	73.2306
1	211.557
1	149.519
1	153.044
1	127.157
1	174.372
1	88.1251
1	88.3561
1	138.569
0	79.6835
1	65.7436
1	152.263
1	96.5846
1	125.455
1	133.275
1	133.823
0	32.2936
1	90.2232
1	90.1798
1	127.442
1	64.115
1	109.481
0	8.40817
1	108.167
1	79.341
1	188.166
1	145.511
1	135.296
1	131.59
1	166.314
1	150.373
1	71.8971
1	81.23
0	0.0367743
1	116.32
1	155.354
1	114.056
1	74.422
1	192.938
0	17.1416
1	193.816
1	120.985
1	122.079
0	2.75705
1	53.7889
1	186.115
1	119.601
1	290.85
0	27.7407
0	74.3285
1	209.292
0	280.542
1	107.204
0	44.0681
1	170.41
1	172.244
0	2.59822
0	1.10556
1	266.541
0	4.16909
1	178.724
0	80.861
1	84.5087
1	132.805
1	212.425
1	133.27
1	137.034
0	83.2634
1	260.948
1	133.144
1	127.009
0	23.0138
1	222.929
0	6.06329
1	188.091
1	172.89
0	141.194
1	82.2669
0	11.076
1	261.22
1	83.9082
1	102.718
1	107.033
1	142.342
0	21.1712
1	89.0083
1	51.3821
1	168.767
1	131.588
0	8.00221
0	24.5405
1	111.39
1	60.0077
0	22.6795
1	132.559
1	52.9765
1	134.887
1	68.828
1	164.604
1	115.669
1	175.089
0	23.3927
0	121.674
0	8.65472
0	41.7135
1	169.908
1	215.766
1	211.634
1	123.781
1	120.477
0	76.717
1	115.54
0	26.8929
1	98.4772
1	221.858
1	161.819
0	15.5222
1	134.042
1	78.6339
1	96.0587
0	71.3986
0	65.3019
0	9.95462
1	77.7563
1	69.6343
1	143.425
1	67.4359
1	125.068
1	127.942
1	142.652
1	105.526
0	15.9228
1	115.975
0	97.8703
0	156.863
1	146.745
0	21.601
1	48.9167
1	122.334
1	107.847
1	144.521
1	161.847
0	1.32933
1	140.761
1	77.759
1	226.414
1	160.406
0	68.6826
1	122.287
1	290.386
0	22.7554
0	8.11486
1	155.48
0	28.2175
1	97.0069
1	175.499
1	157.389
1	208.765
1	96.4317
0	32.5613
1	106.061
0	0.237646
0	11.8478
1	150.727
1	248.453
1	205.979
1	123.644
1	132.522
1	78.7336
1	79.3506
1	188.563
1	60.9883
1	98.1598
0	9.41124
1	160.342
0	57.6783
0	95.1446
1	54.0784
1	57.8549
1	178.179
1	177.521
0	4.41324
0	7.5104
1	94.8818
1	252.569
0	13.8964
1	148.937
1	103.611
1	77.9599
1	126.643
1	54.9184
1	50.825
1	103.633
0	74.1682
1	190.094
1	172.704
1	99.8328
1	81.3082
1	166.449
1	170.827
0	32.8435
1	142.991
1	104.651
0	3.46518
1	130.692
1	74.2986
1	91.5653
1	136.753
1	203.906
1	363.771
1	65.6268
1	211.269
1	86.0117
0	46.1556
1	46.014
1	90.1127
1	225.467
1	175.208
1	124.758
1	52.8334
1	128.165
0	81.4492
1	134.592
1	261.867
1	53.0427
1	149.208
1	125.232
1	219.021
1	54.0663
1	53.2884
1	76.1343
1	99.9563
0	30.3528
1	191.231
1	92.678
1	225.968
1	94.162
1	38.9908
1	88.0956
1	116.064
1	44.1832
1	111.577
1	116.498
1	164.535
1	143.783
1	278.475
1	176.141
1	381.861
1	166.737
0	7.83374
1	166.94
1	110.982
0	78.5429
1	100.515
1	172
1	77.5535
1	113.194
1	52.1364
1	236.475
1	177.343
1	102.419
0	125.757
1	145.124
1	165.839
1	92.303
1	93.1385
1	119.578
0	93.0868
0	60.859
0	11.8139
1	230.307
1	83.3019
1	279.172
1	133.206
0	86.502
1	104.014
1	184.214
1	73.3223
1	189.883
1	201.138
1	56.1197
1	173.648
1	180.221
0	33.1186
0	1.14039
1	90.7284
1	75.9911
1	148.702
1	196.23
1	83.9754
0	127.288
1	154.736
1	127.592
0	52.5721
0	18.6444
1	138.221
1	151.729
1	96.3926
0	15.271
1	244.47
0	18.7451
1	118.959
1	69.0789
1	102.613
0	20.5262
1	92.2618
1	182.058
1	39.7237
0	23.5869
1	172.911
0	2.4778
1	90.4746
0	172.935
0	36.2459
1	144.913
1	59.2488
0	99.0693
0	64.4405
0	25.7968
1	51.7035
0	35.6768
1	93.4824
0	139.492
1	120.673
1	177.028
1	85.9523
0	82.7036
1	163.221
1	87.2339
1	139.76
1	177.476
1	89.6141
1	160.907
0	24.2407
0	0.000191903
1	89.2489
0	32.8837
1	118.269
1	40.1952
1	191.051
1	104.509
1	286.871
1	154.235
0	16.2602
1	78.2519
0	34.325
1	167.432
1	83.6154
0	16.1128
1	193.915
1	75.5876
0	65.0529
1	128.85
1	79.4534
1	59.5433
1	170.663
1	224.184
1	83.582
1	89.1259
1	93.5406
1	92.5902
1	339.012
1	92.175
1	57.0711
1	159.127
1	175.367
1	80.1875
1	129.872
1	166.78
1	124.585
1	88.9781
0	27.8546
0	33.4459
0	22.8167
1	170.98
1	135.698
0	62.3394
1	39.6357
0	123.235
1	91.9889
1	50.7368
1	162.233
1	143.661
1	53.3881
1	207.523
0	20.0217
0	89.6203
1	57.0268
0	50.5512
1	129.232
0	44.6867
1	90.9331
1	75.0335
1	96.3398
0	5.88336
1	152.38
1	72.5781
1	90.9905
1	133.298
0	76.8526
1	116.641
1	379.679
1	230.761
1	121.78
0	215.357
1	141.271
0	1.02349
1	123.198
1	242.827
1	154.771
1	117.189
1	96.3938
1	118.456
0	40.4399
0	63.8166
1	61.8385
1	214.258
1	69.7179
0	62.7633
1	171.589
1	138.683
1	81.1356
1	48.5012
1	93.7632
0	22.5403
0	244.726
1	102.303
1	121
0	88.9163
1	54.447
1	98.9256
1	129.46
1	136.037
0	77.7785
1	167.402
1	213.774
1	136.363
0	4.06259
1	110.842
1	76.5439
0	0.926965
0	19.3067
1	108.889
1	104.818
1	97.9414
1	82.0008
0	15.4607
1	88.6719
0	7.88795
1	60.0816
1	124.325
0	24.6774
1	73.7729
0	0.864694
1	98.7759
1	104.493
1	115.083
1	133.845
0	7.71856
0	4.77212
0	68.3246
1	98.8703
1	61.8203
1	91.2667
1	118.586
0	240.366
0	11.6512
1	113.383
0	99.5265
0	95.5854
1	78.5253
1	287.352
1	122.649
1	79.7595
1	118.792
1	146.462
1	181.332
0	77.6077
1	56.6134
0	17.9673
0	29.4224
0	29.014
1	99.7723
1	141.423
1	189.643
1	203.079
1	86.6394
1	143.426
1	58.1943
1	66.4144
1	352.67
1	630.719
1	103.067
1	310.432
1	98.8061
1	204.203
1	120.22
1	70.5085
1	101.553
1	105.231
1	82.5405
1	85.4086
1	89.5319
1	88.2003
1	232.274
1	116.692
1	202.629
1	166.04
1	158.581
1	160.117
1	110.061
0	78.7712
1	123.386
1	161.856
1	136.453
1	90.4247
1	185.684
1	72.8672
1	116.797
1	117.014
1	68.093
1	95.7172
0	43.303
0	26.3468
1	180.528
1	119.517
1	81.5673
1	87.8222
0	50.1714
1	201.822
0	8.78731
1	172.262
1	135.591
1	71.4913
1	201.149
1	89.6786
1	224.445
1	120.702
0	1.79048e-06
0	56.041
1	74.811
0	156.206
1	161.004
1	102.409
1	61.1884
0	22.1756
1	98.0897
1	93.518
0	26.7505
1	149.817
1	110.333
1	164.07
1	120.135
1	123.031
0	14.7577
0	89.8367
1	137.576
0	15.7214
1	128.232
1	118.83
1	86.4025
1	113.797
1	211.387
0	2.83255
1	83.1108
0	53.1022
0	10.3202
1	103.134
0	31.096
1	134.81
1	65.5116
1	92.7177
0	7.42553
1	156.104
1	129.767
1	128.31
0	30.4444
0	35.5063
1	110.979
1	43.6505
0	207.428
1	50.0746
1	231.885
0	30.077
1	92.5815
1	100.553
1	54.4945
1	65.0088
1	155.714
1	133.509
1	240.46
1	191.464
0	85.2803
1	124.509
0	14.029
1	316.603
0	54.9931
1	251.86
1	130.557
1	246.698
1	285.926
0	42.8178
1	113.508
0	36.5114
1	290.458
1	288.771
0	1.34219
0	9.22073
1	135.93
1	321.395
0	22.493
1	94.6594
1	110.003
0	15.3501
0	0.826661
0	15.3079
0	49.5019
1	80.0538
1	74.7918
1	116.6
0	122.705
0	95.9567
0	21.8245
0	27.4198
1	109.052
0	8.83567
1	109.773
1	45.3562
1	86.6208
0	25.3394
1	78.3565
1	121.778
1	73.4411
1	67.9316
1	99.8663
1	106.179
1	125.629
1	178.579
1	100.152
1	180.156
1	103.996
1	99.9378
1	70.5515
1	79.8069
1	69.7297
1	67.2849
1	177.563
1	107.217
1	96.4143
1	86.5122
1	155.91
0	68.6465
1	95.0457
1	113.473
0	29.338
1	77.6639
1	99.8063
1	96.0977
0	0.0773358
1	197.946
1	277.871
1	75.4142
1	57.7732
0	13.8226
0	33.6531
1	89.6301
1	117.579
1	88.87
1	110.941
0	134.03
1	277.484
1	114.983
0	60.74
1	52.9389
0	48.2367
1	101.784
0	5.41298
1	141.954
1	290.001
1	125.63
1	163.717
1	200.528
1	126.064
0	112.684
1	109.678
0	90.1779
1	83.9813
1	157.414
0	18.8331
1	174.049
1	65.6087
1	108.8
1	73.5311
1	65.3977
1	114.34
0	6.46969
1	161.07
1	172.095
0	36.5044
1	105.792
1	163.996
0	28.2148
1	87.1525
0	60.9003
1	114.984
1	89.805
1	69.159
1	84.5304
1	129.779
1	83.4149
1	140.461
0	10.1746
0	1.55219
1	200.534
1	130.946
1	164.421
0	30.984
1	179.753
1	153.394
1	189.987
1	151.543
0	7.95432
1	116.637
1	117.276
1	147.875
1	90.8239
0	31.0389
1	207.584
1	177.191
1	127.852
1	163.297
1	110.047
0	31.7718
1	67.4609
0	1.34885e-05
1	125.844
1	109.01
1	90.1413
1	156.663
1	202.736
1	83.4049
1	208.003
1	128.798
0	60.5686
1	81.3439
1	229.307
1	241.879
1	125.701
1	96.0825
1	113.049
1	117.782
0	9.82335
1	131.408
1	66.5633
0	251.819
1	166.236
1	149.574
1	131.802
1	204.487
0	54.6793
1	99.4453
1	101.387
1	56.3539
1	147.199
1	140.686
1	90.4684
1	148.727
1	82.0977
0	1.12792
1	118.486
0	104.678
1	127.839
1	67.6991
1	104.757
0	28.2538
1	76.1471
1	98.457
1	265.258
1	83.0585
1	117.933
1	94.95
1	73.6418
0	246.687
0	300.354
1	104.292
0	67.5265
1	142.544
0	27.4807
1	105.897
1	155.887
1	239.764
1	90.0134
1	256.41
1	102.709
1	127.319
1	165.139
1	82.3519
1	234.414
1	103.77
1	181.232
1	136.383
0	113.538
1	308.926
1	147.378
1	89.8781
1	142.136
1	570.127
1	67.805
1	307.98
1	192.035
1	101.713
1	109.751
1	95.5126
1	184.159
1	98.7877
1	82.5055
0	25.3371
0	2.29877
1	51.8581
1	183.547
1	205.741
1	126.857
1	196.593
1	369.726
1	117.204
1	166.274
1	227.964
1	158.161
1	161.062
0	14.6292
1	232.711
1	91.6129
1	81.5036
1	75.2081
1	155.954
1	107.777
1	59.5106
1	128.227
1	233.643
1	86.7136
0	20.5349
1	44.4691
0	48.3684
1	238.106
1	289.655
0	113.169
1	118.041
1	108.979
1	107.708
1	107.342
1	135.222
1	104.398
1	81.5282
1	147.55
1	107.33
1	144.537
0	12.5542
0	2.39477e-05
0	43.8149
1	120.659
1	67.0361
1	150.972
1	144.988
1	54.1086
1	92.8667
1	86.7741
0	54.0763
1	85.8432
1	48.3066
1	143.489
0	42.9836
1	90.1225
1	142.406
0	143.951
1	100.65
1	141
1	311.174
0	6.24779
1	62.0215
1	76.2566
0	42.6452
1	197.538
1	131.209
0	9.99156
1	201.384
1	47.5642
1	127.987
1	69.2786
0	185.746
1	160.947
1	144.814
1	81.0512
1	210.372
1	235.51
1	114.559
0	2.75556
1	90.4666
1	128.68
1	87.4426
0	76.0683
1	24.087
1	192.726
1	196.212
1	35.6147
1	118.195
0	34.9138
1	75.3699
1	203.813
1	62.8875
0	3.32134
1	218.763
0	23.5543
1	88.3425
1	90.6467
1	74.1133
1	205.196
1	102.907
1	129.066
1	92.9112
1	104.388
0	0.175668
1	60.9587
0	42.5728
0	33.1314
1	294.312
1	48.9978
1	129.156
1	43.2255
1	66.46
1	74.2027
1	132.327
0	31.7567
1	67.8587
1	96.8602
0	98.7195
0	49.4293
1	77.8935
1	106.04
1	99.3907
1	176.507
0	32.8965
1	156.479
1	134.764
1	139.417
0	0.690802
1	361.761
1	286.01
1	75.3619
1	157.453
1	108.678
1	86.1489
0	53.2274
1	83.1675
0	17.7888
1	51.9901
1	148.361
1	122.665
1	121.645
0	7.30324
1	123.267
0	61.9249
0	0.306452
1	113.311
1	26.1329
1	112.629
1	74.3841
1	214.844
0	2.52386e-05
0	6.74827
1	72.6739
1	189.905
1	124.961
0	13.0049
1	78.8604
1	165.277
0	20.8831
1	176.373
1	148.01
1	89.8008
1	329.624
1	95.9925
1	173.681
1	76.1797
1	63.6159
1	165.041
1	203.962
1	170.718
1	88.6852
0	65.7228
0	48.9146
0	1.19149
1	154.992
1	195.944
1	176.951
1	69.2012
1	48.4743
1	74.0524
1	49.2941
1	130.491
1	118.997
1	68.4925
0	4.09825
0	120.889
0	29.3816
1	292.397
1	169.831
1	44.292
1	65.2822
1	120.956
0	46.5111
0	30.1343
1	153.778
1	187.931
1	103.787
1	167.86
1	113.473
1	116.384
1	137.537
1	76.285
1	154.539
1	89.2403
1	144.11
1	91.7466
1	207.936
1	163.982
1	95.6466
0	12.1217
0	17.3769
0	57.7799
0	51.4774
1	48.1008
1	140.8
1	166.32
1	119.598
1	148.439
1	89.2021
0	35.6548
1	101.027
1	192.861
1	146.142
0	144.257
1	71.8514
1	180.952
1	236.665
1	73.5341
1	45.3406
1	99.3299
1	91.8782
1	344.605
1	89.0334
0	11.623
1	84.3527
1	83.7498
1	93.6191
0	15.3485
1	67.9844
1	130.714
1	50.8377
1	151.048
1	185.385
1	118.204
1	200.807
1	105.73
0	16.5128
1	141.914
1	189.51
1	125.119
1	205.764
1	176.766
1	157.5
1	44.279
1	86.0596
1	210.334
0	4.62133
1	104.237
1	184.053
0	47.4478
1	166.541
1	120.526
1	117.237
1	58.0916
1	205.494
1	118.199
1	126.393
1	102.549
1	137.474
1	321.367
1	145.477
1	96.341
0	26.3692
1	249.119
0	62.0274
0	98.6243
1	156.875
0	2.06209e-05
1	66.7087
1	120.916
1	63.7549
0	0.0134016
1	129.199
0	34.3384
1	144.134
1	200.441
1	80.3001
1	108.712
1	48.8688
0	27.9596
0	27.8989
1	119.6
0	58.2627
1	148.567
1	107.476
1	154.673
1	107.97
1	159.406
1	248.366
1	167.145
1	267.804
1	87.3672
1	165.133
0	4.26023
0	3.77595
0	25.4615
1	107.272
1	60.0718
0	5.85746
0	5.7197
1	120.616
1	145.529
1	64.7413
1	185.074
1	106.894
1	117.818
1	27.9313
1	103.412
1	122.352
0	0.340142
1	146.818
0	1.2257
1	206.749
1	272.136
1	118.422
1	74.9999
1	97.7808
1	76.4362
0	24.7477
1	128.278
0	13.2365
1	88.2152
1	190.818
0	17.1124
1	105.468
1	85.397
1	129.628
0	3.31926
1	102.061
0	50.9431
1	114.994
1	239.351
1	286.922
1	73.5422
0	49.6104
0	35.8985
1	86.7984
1	82.2475
1	206.347
1	146.849
1	63.9577
1	77.551
1	252.463
1	88.8539
1	117.746
1	354.464
1	133.317
1	123.461
1	64.8601
1	191.525
1	110.515
1	250.794
1	67.9409
1	91.7306
0	27.6399
1	192.999
1	100.882
1	149.19
0	6.37364
0	0.159707
1	141.262
1	120.724
1	80.1163
1	119.534
1	34.6162
1	105.205
1	110.196
1	47.744
1	192.934
1	109.609
1	217.509
1	199.77
1	66.6478
1	158.142
1	78.6057
1	108.786
1	115.333
1	480.718
1	101.609
0	13.5345
1	184.927
1	136.688
0	0.803346
1	50.3354
1	218.15
0	12.2723
1	169.33
1	291.503
1	166.559
0	16.6612
1	73.1423
1	152.466
1	212.164
1	247.559
1	205.627
0	151.303
0	37.9678
1	135.995
1	117.95
0	85.4375
0	21.0273
1	154.137
1	61.8411
1	88.4624
1	88.4944
0	27.3515
1	71.4899
1	71.09
1	219.402
1	345.281
1	278.126
0	45.577
1	237.915
1	207.379
1	90.762
1	65.4413
1	129.716
1	80.5635
0	35.3903
1	42.7926
1	86.7219
0	56.1062
1	110.676
0	31.7642
1	178.614
1	180.923
1	96.3734
1	91.2758
1	112.425
0	40.7273
1	62.3983
1	149.325
0	38.6189
0	143.455
0	195.818
1	168.414
1	118.687
1	298.592
1	111.318
0	30.03
0	66.8337
1	62.7337
1	187.161
1	136.916
1	131.482
1	227.803
1	121.847
1	99.5946
1	307.073
0	26.7063
1	84.9685
1	96.206
0	47.9248
1	108.377
1	113.448
0	29.7812
1	112.167
0	90.7668
1	105.596
1	90.2196
1	135.61
0	133.566
1	95.8503
0	1.93163
0	64.0839
1	88.2522
0	9.53495
0	2.5373
1	64.636
1	156.409
1	104.949
1	136.184
1	132.688
1	134.177
1	79.4047
0	16.088
0	79.9452
1	233.606
1	68.7487
1	121.969
0	133.721
0	70.0696
0	40.1844
1	134.504
0	13.4935
0	46.0368
1	87.1673
1	145.408
1	74.3023
1	74.1954
1	187.875
1	88.1571
1	94.0307
0	79.9509
1	78.7751
1	127.56
1	158.74
1	102.394
1	123.15
1	50.4638
1	145.916
0	31.6972
1	231.327
1	84.5676
1	241.643
1	122.855
1	151.806
1	67.8254
1	153.545
1	115.756
0	39.8835
1	142.906
1	81.669
1	125.942
0	33.3476
1	56.0217
1	109.8
1	270.578
1	159.173
1	186.464
0	15.8359
0	9.42327
1	256.843
1	231.603
0	32.3168
1	232.731
1	145.687
0	37.0367
0	38.8165
1	173.41
1	139.709
0	98.187
1	57.4864
1	261.413
1	89.3509
1	192.427
1	166.568
1	86.2392
1	83.8214
0	19.7397
1	268.557
1	220.826
1	213.561
0	43.9628
1	54.8685
1	62.7761
1	22.2171
0	5.85928
0	76.4381
1	153.383
1	99.9453
1	197.945
1	109.746
1	91.8142
1	154.061
0	92.411
1	164.793
1	94.2822
1	256.79
1	117.423
1	174.374
0	26.0537
1	80.678
1	88.8162
0	2.01397
0	4.05307
0	82.5186
0	12.494
1	505.726
1	259.329
1	58.0461
1	106.151
0	74.2928
1	86.6738
1	278.216
1	220.204
1	143.215
1	121.183
1	138.883
1	39.3021
1	72.8973
0	50.0061
1	82.686
0	131.926
0	8.21392e-06
0	38.8521
1	70.8583
1	151.217
1	117.566
1	136.029
1	225.11
0	7.3539e-05
1	31.4789
1	160.641
1	116.869
1	182.721
1	107.737
1	64.595
1	233.426
1	167.345
1	162.18
1	320.368
1	186.665
1	101.064
0	221.852
1	96.1123
1	202.17
1	147.212
0	84.1228
0	15.8286
1	97.2974
1	107.982
1	76.5409
1	121.198
1	130.264
1	69.953
0	91.5065
1	75.1579
1	139.977
1	101.028
1	95.4601
0	178.384
1	163.058
0	66.3939
1	51.5698
1	120.74
1	176.057
1	164.974
1	118.321
1	102.928
1	88.6645
1	50.6748
1	104.28
1	131.658
0	28.4643
1	76.041
1	45.6505
1	140.979
1	85.7403
1	158.26
1	126.463
1	139.277
1	84.0637
1	146.204
1	80.9686
1	72.8098
1	141.34
0	24.9498
1	101.241
1	58.8843
1	68.5817
1	42.3298
1	40.9054
1	68.624
0	122.527
1	159.079
0	169.406
0	13.2039
1	89.9076
0	1.51796
0	5.1632
1	212.957
0	23.0354
1	353.217
0	2.04411e-05
1	123.122
1	109.006
1	135.994
1	68.9606
1	157.011
1	157.419
1	119.886
0	85.2766
1	170.347
1	117.517
1	99.4723
1	49.3976
1	119.764
1	152.029
1	77.2065
1	161.041
1	214.447
1	131.143
1	236.558
1	80.142
0	98.9044
1	167.784
0	61.4728
0	9.14187
1	133.279
1	140.806
1	104.365
0	25.1821
1	90.2847
0	31.4906
1	105.732
0	53.3162
1	131.159
1	68.6553
1	207.1
1	159.599
1	259.238
0	3.56525
1	82.6751
1	162.479
1	124.987
0	3.18401
1	210.982
1	119.47
0	16.396
1	166.762
1	152.685
0	1.4358
1	131.424
0	23.9264
1	112.25
1	89.4519
1	113.062
0	21.4112
0	60.0217
1	96.0174
0	4.9552
1	75.6964
0	6.02362
1	128.873
0	214.423
1	80.864
1	37.0582
1	79.0063
1	164.63
1	77.9916
1	81.8751
1	104.741
1	104.022
1	227.549
0	11.8064
1	116.909
1	134.494
1	102.713
1	58.235
1	82.6403
0	3.70846
1	112.707
1	100.156
0	33.6494
0	22.9134
1	161.438
1	70.2712
1	49.9721
1	84.8994
0	10.4609
1	98.1381
1	160.02
0	0.323883
1	315.852
1	100.637
1	43.9028
0	146.231
1	303.354
1	151.851
1	58.0777
1	69.122
0	110.668
1	151.183
1	198.194
1	134.444
1	101.775
1	94.145
1	119.569
1	135.764
0	52.2086
1	56.9678
1	45.517
1	89.229
1	133.245
1	109.917
1	120.581
1	149.399
1	69.2158
0	243.348
1	114.916
1	190.17
1	80.3417
1	298.627
1	142.147
1	121.995
1	73.7969
1	205.681
1	172.393
0	61.3707
1	146.566
1	99.5892
1	129.704
1	104.644
1	121.834
0	19.0473
1	62.9919
1	175.844
0	31.3954
0	51.8283
1	171.883
1	94.0597
0	13.7223
0	1.21641
1	83.1313
1	197.668
1	129.281
1	149.64
1	91.6377
1	129.965
1	65.6517
1	124.133
1	126.822
1	129.222
0	49.0666
1	88.2839
1	74.8611
1	258.825
1	111.99
0	1.8469
0	11.4609
1	119.367
1	123.316
1	201.383
0	87.817
0	7.4962e-05
1	212.186
1	90.1862
1	106.542
1	77.8309
1	227.952
0	29.967
1	134.583
1	62.7165
1	223.919
1	129.596
1	94.8846
1	83.8874
1	233.622
1	77.6222
0	33.0207
1	104.729
1	168.368
1	110.642
0	9.31025
1	137.812
1	83.0477
1	217.38
1	207.721
1	78.8471
1	138.24
0	12.1431
1	91.8766
1	147.056
1	81.2681
1	152.847
1	85.0693
1	228.944
0	86.318
1	86.9837
1	53.0613
0	63.0351
1	128.033
1	70.7366
1	83.0867
1	180.302
1	100.008
1	48.9836
0	5.83791
1	151.394
1	154.612
1	46.6175
1	92.0236
1	142.268
1	88.5161
1	85.1174
1	32.525
1	134.049
1	163.572
0	82.4088
1	119.428
0	33.2382
1	292.215
1	117.283
1	220.713
1	136.89
1	62.4507
1	136.305
1	161.511
0	19.8837
1	93.3156
0	68.3384
1	121.471
0	41.4951
1	111.207
0	3.14653
1	134.876
0	34.8491
0	4.379e-06
1	127.977
1	100.067
1	135.381
0	9.62603
0	13.6227
1	62.6092
1	186.351
1	207.147
1	65.5979
1	193.921
1	153.045
0	47.724
1	168.064
1	99.9262
0	86.5917
1	156.6
1	94.23
1	62.2511
1	110.966
0	32.705
1	159.842
1	242.596
1	110.052
1	103.656
1	185.158
0	48.3878
1	201.829
0	12.5672
1	133.322
1	128.208
0	11.3295
1	172.77
1	151.287
0	60.9131
1	360.085
1	99.4432
1	87.1951
1	121.939
1	192.502
1	117.609
0	1.20178e-05
1	207.308
1	164.104
1	88.0501
1	46.0679
1	70.0399
0	7.21775
0	11.8045
1	83.1448
0	23.2961
1	45.1169
1	111.394
1	268.92
0	20.7096
0	10.7642
1	208.398
1	165.446
0	89.7127
1	165.197
1	84.1736
1	75.1214
1	220.759
1	63.242
1	73.1336
1	89.4874
1	141.124
1	98.8676
1	106.718
0	54.7397
1	170.965
0	21.6008
0	25.6738
1	161.592
1	86.2114
1	60.878
1	145.886
0	28.2568
0	15.7358
1	123.802
1	202.004
0	27.3554
0	6.21304e-05
1	81.5605
1	80.0248
1	97.7893
1	206.445
1	87.8162
1	191.271
1	43.3304
1	59.9841
1	170.329
0	39.7382
0	6.28014e-05
1	81.6113
1	134.057
1	42.4614
0	0.877416
0	12.3854
1	98.4248
1	138.002
0	63.483
1	133.028
1	213.211
1	142.397
1	117.637
1	283.55
1	69.1015
1	91.182
1	79.5462
0	28.0691
1	153.078
0	72.8713
1	207.293
0	119.097
1	122.073
0	8.51327
1	60.9802
1	110.009
1	112.072
0	62.5534
1	94.9199
0	74.0682
1	152.524
1	78.74
0	1.04443
0	16.3803
1	70.9949
0	110.521
1	78.48
0	19.2775
1	142.987
1	119.655
1	88.1624
0	75.3945
1	74.1758
0	19.3684
1	121.686
1	167.159
0	71.4049
1	465.064
1	146.115
0	49.8611
1	183.369
1	77.3182
1	96.5312
1	74.5634
0	13.7764
1	146.092
0	81.8556
1	73.6785
0	14.5267
1	139.253
1	86.5201
0	57.0872
0	30.9902
1	138.509
1	150.132
1	223.828
1	180.711
1	77.7816
1	93.3172
0	22.9604
1	36.7691
1	161.765
0	39.9428
1	123.377
0	8.24388e-05
1	107.833
1	151.852
0	23.7876
0	2.85545
1	158.485
1	107.019
1	55.6486
1	130.197
1	48.0316
1	262.359
1	113.495
1	68.4757
0	34.0812
0	26.2909
1	54.9721
1	61.3836
1	54.0769
1	91.3741
1	62.4128
1	98.5929
1	90.0541
1	170.396
1	32.3692
1	62.5058
1	63.4507
1	125.611
1	75.477
0	109.451
1	165.655
1	125.242
1	198.896
1	166.081
1	167.046
1	181.781
1	104.845
1	188.591
1	274.217
1	44.8509
0	4.83868
1	133.22
1	97.0992
0	47.7723
0	13.0602
1	94.2767
0	11.1131
0	51.7337
1	152.811
1	112.383
1	112.914
1	79.2212
1	151.202
1	114.654
1	175.811
1	226.718
0	84.4758
1	129.256
0	18.5172
1	62.1277
0	21.2048
1	64.8897
0	100.784
1	82.3418
0	29.1602
1	47.4393
0	30.6248
1	124.356
0	35.2649
0	4.46697
0	93.5335
1	71.8907
1	178.876
0	43.3182
1	115.745
1	98.2417
0	20.5331
0	28.2952
1	84.9914
1	76.2657
1	93.2023
1	263.068
0	28.5034
0	53.7897
1	97.862
0	30.4939
1	64.2075
0	3.03496
1	174.24
1	135.909
1	119.014
1	165.372
1	108.423
1	212.368
1	105.014
1	67.2894
1	118.343
1	74.4846
1	83.1385
1	125.927
1	119.589
0	76.1629
1	61.27
1	68.1301
1	85.433
1	128.483
1	111.559
1	90.6972
1	73.0315
1	65.6813
1	139.142
1	73.7579
1	103.455
1	120.825
0	22.8524
0	33.2931
1	167.264
1	62.4449
1	84.2322
1	102.18
1	272.988
1	242.087
1	111.619
1	126.384
0	30.143
1	112.155
1	79.3749
1	201.145
1	140.894
1	69.4814
1	239.131
0	72.9648
0	12.2394
1	56.1318
1	277.601
1	362.718
1	108.094
1	55.9965
0	6.62735
0	94.1701
1	124.098
1	72.2923
1	44.457
0	60.7635
1	116.329
1	112.404
1	89.1775
1	125.796
1	149.271
1	151.846
1	152.18
1	55.2002
1	82.2135
1	147.662
0	17.2338
1	100.572
0	24.3252
1	232.996
1	59.9378
1	198.004
1	167.51
1	102.466
1	85.9732
0	0.108541
1	187.263
1	92.0406
1	101.582
1	89.5608
1	149.713
0	264.361
1	92.7116
0	12.5154
1	122.116
1	78.0411
0	104.086
1	93.688
1	221.426
1	131.809
1	179.612
1	74.8955
1	166.813
1	165.066
0	23.3232
1	202.477
1	103.119
1	92.5087
1	75.248
1	151.557
1	242.107
1	135.548
1	206.855
0	37.5579
1	76.5916
1	126.313
1	116.056
1	122.758
0	34.9781
1	113.272
0	7.59852
1	79.1633
1	119.289
1	82.3772
1	76.0494
1	154.176
1	61.6082
1	59.9905
0	128.241
1	70.0828
1	135.075
1	235.133
1	69.0143
0	3.45805
0	27.8143
1	125.843
1	127.133
1	114.134
1	72.8297
1	134.004
1	155.365
1	113.32
1	69.395
1	300.829
1	140.506
1	154.103
1	45.1003
1	69.8395
1	92.7298
0	67.2783
0	5.83139e-05
0	22.5528
1	117.27
1	204.372
0	29.8364
1	102.06
1	125.245
1	415.278
1	144.146
0	34.1509
0	120.858
1	111.52
1	88.676
1	59.3303
1	100.855
1	73.0182
1	114.683
1	130.623
1	93.4546
1	130.256
1	150.381
1	170.829
0	28.1818
1	75.883
0	57.5393
1	88.947
1	260.238
0	27.0207
1	67.5882
1	68.382
1	116.816
1	107.526
0	19.8237
1	99.0524
1	79.028
1	138.358
0	4.07407e-05
0	134.338
1	119.662
1	94.666
1	70.1293
1	102.366
1	152.72
0	96.2561
1	115.214
1	124.288
1	304.527
1	66.0215
1	86.5637
1	70.1682
1	198.53
0	91.4693
1	101.224
0	14.0425
1	198.403
1	161.726
1	93.5062
1	68.2025
1	59.9143
1	53.4432
1	232.568
0	2.11037
1	164.805
1	90.0075
1	116.62
0	5.29799
1	324.631
1	92.0791
1	136.84
1	150.947
1	68.7574
1	37.1963
1	45.713
1	248.328
0	58.5821
1	106.456
1	124.015
0	35.5938
1	351.505
1	306.635
0	57.7278
0	25.865
1	46.1523
0	3.34555
0	32.599
1	73.0813
1	129.35
1	148.244
1	153.499
0	12.5119
1	135.928
1	99.6822
1	386.246
1	123.585
1	195.099
1	75.9222
1	172.96
1	178.248
1	344.345
1	268.694
0	11.3381
1	299.919
1	127.329
1	182.06
1	148.581
0	68.3043
0	113.198
0	3.6303
1	95.387
1	250.69
0	4.92397
1	50.8819
0	5.70373
1	50.3179
1	114.226
1	345.511
0	11.4937
0	2.04529
1	159.945
1	69.9705
1	112.344
1	54.5893
1	97.1256
0	24.0178
1	84.6362
1	64.019
0	9.64681
1	82.1626
1	110.635
0	26.888
1	113.26
1	125.6
1	63.0944
0	18.8715
0	89.983
0	54.8917
1	101.567
1	169.32
1	72.1534
1	110.423
1	166.089
1	97.4208
1	143.778
1	118.738
1	117.273
0	11.4436
0	20.781
1	153.5
1	131.56
1	58.0574
1	72.8401
1	97.5267
1	74.4791
1	116.804
1	80.7272
1	229.002
1	148.574
1	127.156
0	20.5876
0	62.5263
1	87.0721
1	68.5926
0	37.936
0	34.8225
1	175
0	6.29973
1	148.802
0	36.1772
1	56.4153
1	160.704
1	127.698
1	179.322
1	159.283
1	49.8395
1	107.14
1	114.594
1	431.367
1	53.7044
0	89.1044
1	163.258
1	179.169
1	128.879
1	206.125
1	130.752
1	113.073
0	33.0358
1	66.3879
0	20.4142
1	74.0807
1	83.5294
0	96.3842
1	127.701
1	112.269
0	5.65999
0	8.0795
1	170.009
1	227.138
1	164.678
1	48.7561
1	227.393
0	8.06124
0	1.10307
1	53.5896
1	101.037
0	21.2951
1	40.1967
1	266.124
1	179.3
1	220.271
0	203.205
0	77.7142
1	96.6484
1	127.953
1	169.896
1	68.7204
0	10.0608
1	189.424
1	153.453
1	127.69
0	34.0245
0	61.2884
1	76.1528
1	271.323
0	64.4116
1	143.773
1	92.5127
1	211.592
1	87.3276
1	127.605
0	53.2613
0	113.272
1	47.2182
0	14.2124
0	5.31523
1	89.9475
0	53.7638
1	147.708
1	227.107
1	98.4822
1	150.947
1	58.4675
1	146.865
1	162.081
0	15.805
1	104.002
1	63.5875
1	207.85
1	148.03
1	105.866
1	64.9082
1	139.053
1	273.62
1	77.9481
0	8.55213
1	274.711
1	109.438
1	73.8512
1	125.015
0	41.2074
1	25.2289
1	122.141
1	99.385
0	12.0497
0	32.1693
1	162.378
1	70.872
1	99.9092
0	30.5921
1	90.5043
1	273.565
0	95.5821
1	61.6742
1	117.163
1	170.003
1	312.239
1	57.3429
1	93.7069
1	114.491
1	60.8797
1	110.192
0	21.797
1	101.359
0	71.0793
1	138.478
1	51.9682
1	107.478
1	164.627
1	67.2432
1	205.599
1	67.1994
1	74.2325
0	7.77008
1	92.3047
1	203.063
0	0.674493
1	165.15
1	228.204
1	89.3456
1	36.9958
0	170.828
0	25.3959
0	2.86149
1	69.5285
1	166.189
0	31.3794
1	112.625
0	16.0727
0	48.9661
1	43.4988
0	2.07498
1	108.096
1	65.643
0	62.6127
1	161.115
1	114.411
1	194.089
1	209.145
1	98.5879
1	315.175
1	64.3499
0	6.79624
1	102.99
1	36.1839
1	127.817
0	40.4983
1	140.699
0	36.39
1	45.5822
1	116.942
0	22.7074
0	38.4629
1	121.918
1	74.1648
1	75.8152
1	85.4373
0	231.785
1	76.1999
1	134.348
1	157.747
0	63.5827
1	150.891
1	73.8883
0	85.8326
0	20.7958
1	180.963
0	14.418
1	79.1464
1	87.0263
0	47.051
1	175.991
1	153.937
0	78.5456
1	106.693
0	48.2249
1	240.81
1	296.858
1	232.596
1	95.8691
1	63.878
1	104.821
0	52.1448
0	73.1532
1	43.5314
1	180.824
1	279.18
1	420.375
1	146.52
1	159.435
1	75.533
0	21.5776
1	126.786
1	150.357
0	18.5808
1	103.37
0	49.7696
1	87.5491
0	10.2112
1	125.883
1	183.075
1	139.498
1	121.236
1	39.347
1	144.571
1	100.368
1	147.538
1	344.191
0	6.80277
1	66.5147
1	164.262
1	175.139
1	206.5
0	30.9012
0	19.8358
1	53.0543
1	205.094
1	221.998
1	183.888
0	21.8044
0	27.761
1	90.2272
1	163.425
1	155.72
0	12.5814
1	314.526
0	68.7334
1	44.8891
1	94.3971
1	151.337
1	91.3192
1	107.248
1	227.973
1	333.391
1	214.415
1	253.372
0	40.3896
1	160.878
1	77.0933
0	39.854
1	125.288
1	223.35
1	165.601
0	15.1736
1	81.3407
1	70.4115
1	96.982
1	125.992
0	49.3936
0	2.16423
1	161.395
1	57.3621
1	113.621
1	80.5007
0	21.7406
1	83.278
0	153.416
1	164.717
1	46.6972
1	94.4832
1	96.8111
1	56.8332
1	99.052
1	123.771
1	112.056
1	124.141
1	78.3334
1	141.494
1	92.018
1	73.7219
1	129.514
0	34.2773
1	164.521
1	130.942
0	76.7537
1	241.77
0	28.7699
1	218.15
0	30.6448
1	106.145
1	96.1766
0	26.2682
1	61.9267
1	85.5744
0	38.6376
1	72.1927
0	20.0882
1	81.0419
1	99.9803
1	159.196
0	21.7637
1	129.19
1	138.874
1	99.4682
1	132.603
1	102.949
0	19.0121
1	128.911
1	149.107
0	2.58214
0	124.566
0	127.849
1	116.137
1	77.1339
1	39.2233
1	162.872
1	105.191
1	72.5082
1	65.0032
0	21.6301
1	192.168
1	149.803
1	59.6645
1	114.039
1	124.937
1	138.494
1	219.49
1	227.461
0	62.8369
1	44.9863
1	85.2504
1	214.383
1	190.403
1	149.628
1	54.7078
0	344.299
1	163.361
0	6.64842
1	126.682
1	199.754
0	69.1186
1	192.231
1	257.248
1	193.535
0	1.8759
1	81.3171
1	74.511
1	149.16
0	3.99008
1	53.3007
0	2.4363
1	79.7596
1	51.7415
1	185.428
1	99.3236
1	122.996
0	38.2702
0	96.3327
1	94.8565
1	136.202
1	115.981
1	135.308
1	243.696
0	185.223
1	195.214
0	22.5652
1	141.789
1	54.0154
1	157.023
1	66.2605
0	96.8593
1	59.6327
1	137.189
1	192.865
1	148.594
1	61.8497
1	251.381
1	132.42
0	19.8489
1	237.895
0	20.0798
1	165.472
1	108.884
1	243.761
1	132.22
1	106.965
1	149.069
1	94.1224
1	224.01
1	59.7131
0	27.311
1	98.4528
0	31.326
1	101.351
1	207.937
1	90.7549
0	34.2097
0	35.5335
1	197.011
1	247.023
1	114.719
1	149.926
0	4.10432
1	201.521
1	189.881
1	126.56
0	71.9246
1	164.044
1	205.409
1	151.392
1	195.04
1	134.696
0	28.5222
1	130.358
1	136.034
1	114.388
1	57.489
1	118.025
1	69.0909
1	86.3419
1	140.004
1	114.96
1	88.1224
0	76.763
1	110.768
0	23.3241
0	96.3473
1	67.7259
1	97.8835
1	113.592
1	220.941
1	309.197
1	121.983
1	183.628
1	153.013
1	89.702
0	142.795
1	46.7205
1	67.6664
1	72.5428
1	79.7062
0	150.762
1	136.67
1	132.784
1	144.616
1	238.935
0	6.91964
1	163.745
0	28.949
1	49.115
1	101.873
0	16.1797
0	22.1647
1	87.7619
1	174.609
1	131.282
1	126.347
1	54.1432
0	172.007
1	85.9656
1	104.637
1	98.6902
1	124.463
1	125.325
1	155.887
1	139.679
1	141.722
1	162.955
1	124.978
1	96.381
1	145.462
1	182.852
1	96.2529
1	105.036
0	2.06842
0	22.5083
1	104.069
1	83.5756
1	96.9606
1	99.0886
1	201.24
0	75.331
1	278.565
0	15.829
1	154.435
0	45.1157
1	66.6649
1	56.042
0	30.4772
1	169.768
0	33.2949
1	99.2176
0	10.01
0	2.36307e-05
1	89.8029
1	84.0585
1	199.34
1	124.652
1	101.904
0	26.425
0	24.307
1	55.4318
1	103.206
1	133.823
1	134.821
1	135.005
1	116.634
1	214.387
1	48.7803
1	166.256
1	167.526
1	77.6497
1	90.764
1	166.513
1	32.0844
1	191.742
1	175.647
0	3.47982
1	170.264
1	130.699
1	179.933
1	43.5725
0	1.06526
0	14.7741
1	43.8084
1	112.755
0	7.02171
1	44.046
1	203.313
1	62.4716
1	351.079
0	179.78
1	140.721
1	116.026
1	117.384
1	54.1269
0	52.2265
1	206.622
1	155.029
1	118.379
1	240.49
1	96.5476
1	46.9883
1	184.883
0	185.343
0	174.901
1	148.63
0	81.7587
0	34.2618
1	50.1535
1	99.5929
1	81.0009
1	106.108
1	76.9461
1	147.982
1	115.756
1	82.0186
1	112.761
1	136.454
1	140.13
0	2.25865e-05
1	99.3951
1	126.841
1	141.013
1	34.5524
1	117.006
0	12.9142
1	137.018
0	57.0798
1	347.297
1	161.239
1	72.7494
1	187.364
1	92.1408
1	107.773
1	95.272
1	242.818
0	22.2577
1	135.326
1	172.666
1	90.1338
1	97.8246
0	11.0799
1	115.918
1	88.7294
0	11.6912
1	194.604
1	112.094
1	203.624
1	68.8261
1	145.514
0	23.1567
1	97.6728
1	193.025
1	214
1	129.548
0	19.3465
1	148.587
1	111.131
1	246.401
1	213.28
1	360.205
0	308.1
1	118.981
1	61.325
1	167.288
1	88.0348
1	256.512
0	43.9731
1	85.0326
0	34.4947
1	54.0346
1	161.679
1	71.2872
1	269.665
1	119.143
1	278.624
0	217.285
0	40.0632
0	5.56337
1	124.897
1	98.7857
1	34.2409
0	19.9139
0	22.8868
1	258.244
1	87.7571
1	268.38
1	164.421
1	188.23
1	329.902
1	88.4162
1	126.167
1	50.7904
1	256.755
0	6.96385
1	69.0924
0	17.502
1	229.459
1	124.201
1	105.012
1	44.0415
0	64.177
0	70.1895
1	78.1035
0	74.928
0	7.18463
1	198.729
1	107.184
0	29.2592
1	143.533
1	98.9528
0	66.301
0	15.3808
0	85.6977
1	183.717
0	9.75286
1	204.287
0	11.6933
1	139.699
1	94.2954
1	250.436
1	71.9139
1	93.791
1	180.388
0	54.5318
0	51.8148
1	198.967
1	34.198
1	130.326
1	150.905
1	104.762
0	13.8965
1	41.6217
1	61.1564
0	49.7674
1	89.3942
1	48.0952
1	132.936
1	149.577
1	85.5069
1	80.7878
1	204.878
0	1.291
1	110.183
0	18.7116
0	10.1033
1	63.157
1	54.9002
1	149.161
1	153.981
1	291.69
1	79.9406
1	171.353
1	238.775
1	88.3865
1	91.2144
1	164.968
1	99.945
1	101.499
1	89.2637
1	106.541
1	108.675
1	53.4146
1	105.299
1	80.8381
1	104.339
1	91.2762
0	17.252
1	122.786
1	240.715
1	179.487
1	71.9047
1	92.5423
1	108.281
1	227.621
1	109.112
1	244.535
1	63.8425
0	20.4048
0	148.979
0	10.5187
1	153.689
0	64.6054
1	155.363
1	203.566
1	74.6574
0	0.912066
1	116.017
0	0.0484017
1	261.213
0	22.078
1	90.2963
1	133.898
0	3.66826
1	122.575
0	27.3768
1	87.7546
1	117.09
1	80.7823
1	101.853
1	158.641
0	1.11386e-05
1	126.739
1	139.912
1	155.64
1	399.926
0	2.39861
0	1.10918
1	101.918
1	126.855
1	72.4472
1	95.2224
1	164.992
1	96.6417
1	69.937
1	81.9528
1	112.705
1	80.5675
1	139.773
1	202.263
1	250.313
1	214.844
0	19.5388
0	51.8734
0	19.5386
0	3.23826
1	188.858
1	97.6343
1	43.6702
1	94.4557
1	80.9771
1	118.69
0	8.12766
1	225.5
1	116.068
0	106.357
0	24.19
1	172.183
0	19.4091
1	83.463
1	119.132
1	116.292
1	102.322
1	109.386
1	371.299
0	27.0066
0	82.5764
0	20.9577
1	235.518
0	65.9569
1	153.701
1	73.0178
1	107.515
0	35.8653
1	152.494
1	219.19
1	202.675
1	185.935
0	18.4189
1	76.325
0	0.355378
1	162.395
1	112.05
0	100.382
0	61.9766
1	132.755
1	138.283
1	211.614
1	56.8056
1	136.46
1	134.219
0	26.3082
1	66.4557
1	65.1737
1	139.35
1	74.8293
1	89.357
1	133.565
1	96.283
1	317.459
0	14.9002
0	20.7581
1	103.799
1	112.082
1	159.89
1	136.262
1	109.305
1	128.711
0	44.5714
1	104.151
0	11.7805
1	50.5068
1	53.6956
0	6.63409
1	158.982
1	76.2285
1	226.066
1	53.9387
1	89.3684
1	123.394
1	113.851
1	110.351
1	81.0711
1	61.0466
0	154.322
1	188.523
0	50.2921
0	39.1082
0	31.5898
1	77.4389
0	5.22111
0	15.9983
1	118.959
0	128.7
1	115.582
0	10.9777
0	6.37098
1	286.958
1	166.956
1	158.783
0	60.8698
0	143.846
1	239.624
1	67.3852
0	36.9384
0	18.0994
1	45.6822
0	16.4917
1	89.4117
1	97.9355
1	136.969
1	145.213
0	24.9576
1	120.593
1	128.202
1	145.96
1	182.688
1	120.493
1	94.6479
1	68.4417
1	69.0127
0	27.5878
1	88.8581
0	51.6248
1	132.37
1	89.2644
1	176.384
0	4.93044
1	123.996
1	132.147
0	1.5445
1	174.1
1	97.5127
1	191.86
0	189.639
1	87.945
1	109.541
1	139.671
1	147.585
0	5.63035
1	125.783
1	86.4399
1	69.1473
0	26.8023
1	154.896
0	5.76472
1	125.961
1	224.469
0	15.9382
1	62.6544
1	128.288
1	93.4321
0	19.0095
1	107.875
1	215.212
0	41.1228
1	135.824
1	111.277
1	121.828
1	166.461
1	82.9061
0	52.239
1	90.7411
1	159.398
1	63.9701
1	168.069
0	26.5052
1	54.0899
1	266.022
1	125.073
1	98.6847
1	82.4354
1	171.377
1	172.152
1	61.3373
0	70.6586
1	133.953
1	59.1836
1	134.971
0	2.31268
1	91.5656
0	180.314
0	15.9988
0	76.7789
1	69.1009
1	86.3816
1	87.5984
1	46.7782
1	62.8183
1	188.303
1	141.993
1	130.11
1	210.562
1	113.12
1	127.224
1	94.6481
1	226.637
1	36.703
0	33.8683
1	118.584
1	157.136
1	52.6473
0	84.3267
1	255.826
1	96.0757
0	52.3866
1	106.54
1	96.4473
1	103.647
1	117.257
0	13.4195
1	146.225
1	162.363
1	121.647
1	244.576
1	98.8348
1	196.936
1	272.786
1	127.271
1	66.6714
1	268.841
1	130.834
1	199.16
0	256.51
0	67.6184
1	127.028
1	57.3125
1	114.302
1	190.258
1	100.359
1	86.2648
1	86.0688
1	150.421
1	131.618
1	79.7379
1	108.819
1	172.478
1	56.8827
1	169.603
1	352.298
1	290.062
1	206.333
1	160.332
1	121.277
0	127.83
1	155.152
1	480.198
1	51.8648
1	110.121
0	0.999467
0	64.4458
1	140.379
1	156.243
1	99.2664
1	176.647
1	107.208
0	42.0516
1	61.0576
1	78.1975
1	127.45
1	95.0976
1	60.1695
1	71.4396
1	123.094
0	96.565
1	82.6959
1	156.509
1	74.301
0	27.078
1	82.2927
1	90.1914
1	213.111
0	0.553621
1	108.465
1	119.67
0	15.417
1	155.9
0	16.5991
1	88.8213
0	7.19953
1	197.526
1	95.739
1	54.3926
1	75.2454
1	78.4284
1	90.5525
1	97.7054
1	100.197
1	191.38
0	316.91
1	131.576
1	150.059
1	163.614
1	104.982
1	124.817
0	57.5832
1	65.0331
1	80.8308
1	86.7608
0	21.0495
1	298.52
0	15.8159
1	79.1903
1	69.3474
1	156.157
0	12.0055
1	95.1494
1	134.742
1	114.605
1	109.109
1	186.152
1	179.711
1	75.8367
1	189.94
1	118.768
1	238.129
1	97.0311
1	262.239
1	77.6555
1	216.623
1	86.8248
1	82.9358
1	117.483
1	144.456
0	22.6122
0	19.1591
1	83.1568
1	169.452
1	144.933
0	10.6042
1	268.606
1	66.63
1	156.505
1	206.629
1	203.421
1	86.3296
1	251.689
1	60.3426
1	100.153
1	78.0871
0	82.6527
1	96.9576
1	60.2802
1	254.984
0	52.5101
1	57.6283
1	90.5459
1	210.525
0	0.308738
1	108.319
1	80.835
1	39.9484
0	73.1647
0	20.5185
1	52.0445
1	137.293
1	35.6212
1	286.255
1	47.7165
1	105.989
1	80.2096
0	15.8586
1	103.596
0	36.5121
1	96.9436
0	48.9395
1	93.4047
1	140.431
1	199.445
1	179.747
1	123.92
1	159.099
1	93.8426
1	121.05
0	10.5172
1	49.1315
1	89.3795
1	118.578
0	30.7237
1	142.834
0	1.07051
0	24.6009
1	66.8957
1	77.7953
1	278.417
1	60.9424
1	55.4806
1	100.991
0	80.2908
0	5.4948
1	62.6525
1	199.38
1	154.232
0	71.0239
1	107.29
1	75.9906
0	23.5617
1	132.28
1	162.84
1	90.9883
1	108.481
0	29.282
1	129.71
1	71.4341
1	89.0545
1	114.301
1	108.328
1	133.77
1	79.8178
1	43.6279
1	113.161
1	80.4061
1	71.8595
1	66.7667
1	218.76
0	8.03092
1	87.5622
1	63.7426
1	95.3536
1	194.082
0	32.9215
1	54.3612
1	272.011
1	144.451
1	156.331
1	359.102
0	81.0525
1	204.384
1	121.713
0	11.7655
0	150.638
1	117.192
1	46.4549
0	16.7037
1	83.9773
1	124.963
1	127.918
0	2.7567
1	318.577
1	202.789
0	45.144
1	57.9684
1	65.373
0	296.346
1	135.64
1	283.751
1	91.412
0	28.3921
0	12.7671
0	12.9317
1	158.65
1	139.002
0	23.938
0	2.23857
1	50.876
0	16.9453
0	69.9418
1	136.584
1	66.1927
1	250.26
1	202.821
1	110.914
1	92.2651
0	7.09355
1	54.7238
1	177.717
0	2.71791
1	98.4667
0	36.0616
1	86.6782
0	51.626
0	10.3114
1	252.515
1	90.5066
0	8.84675
1	119.098
1	207.677
0	2.22928e-05
1	78.6267
1	129.699
1	112.078
1	73.2093
1	82.9031
1	94.0219
1	117.188
1	97.4971
1	159.194
1	247.555
1	110.182
1	69.4151
0	127.865
1	204.16
1	105.468
1	245.917
1	146.832
0	6.12505
0	0.433659
1	137.789
1	78.8991
1	134.498
1	59.4518
1	93.7321
1	95.2394
1	85.6966
1	133.891
0	18.3717
1	105.961
1	179.064
1	107.723
1	165.881
1	125.425
0	35.6659
0	107.592
1	126.39
1	81.4646
1	57.8341
1	376.263
1	105.509
0	30.5227
1	64.4262
0	42.91
1	138.697
0	34.4765
1	101.884
0	11.4538
0	26.1454
0	2.82991
0	112.99
1	123.811
1	81.0263
1	95.3855
1	158.74
1	155.359
1	258.772
0	40.1118
1	158.185
1	105.648
1	162.743
1	60.5872
0	5.09599
1	532.985
1	134.3
0	105.024
1	79.4138
1	121.055
1	144.224
1	129.109
1	122.747
1	228.254
1	142.431
0	8.66393
1	161.495
1	69.1511
1	65.886
0	38.666
1	184.176
1	138.702
0	38.861
1	120.048
1	335.733
1	83.9706
1	292.578
1	106.999
1	131.731
1	161.884
0	0.887217
0	21.2088
0	4.40467
1	112.586
1	124.939
1	112.052
0	62.1139
1	267.033
1	110.139
1	404.053
0	77.2439
1	158.573
1	100.865
1	78.3518
1	59.4123
1	168.998
0	1.48003
1	91.7708
1	191.061
0	54.4773
1	65.1803
0	21.1047
0	91.838
1	132.006
0	11.9404
1	277.326
1	62.6742
1	189.798
0	1.49441
1	98.1106
1	137.527
0	58.3808
1	143.817
0	41.9734
0	96.1206
1	169.698
1	51.6442
0	0.25932
1	114.789
0	55.4915
1	184.369
1	210.048
1	82.8026
1	177.93
0	22.4719
1	49.3074
1	82.2939
1	177.851
1	67.9389
1	82.6249
0	42.2954
1	138.567
1	67.3362
1	66.5582
1	79.481
1	47.1007
1	205.856
0	26.6255
1	96.2641
0	4.40824
1	146.444
1	86.7437
0	4.40447e-05
0	17.0207
1	146.205
1	194.946
1	146.603
1	86.5048
1	133.022
1	122.335
0	2.69793
1	87.0389
1	97.5249
1	84.9509
1	82.3989
1	108.425
1	77.5311
1	134.203
1	164.074
0	56.2405
1	159.432
1	112.675
0	51.1364
1	125.94
1	96.6133
1	135.069
1	43.3053
1	166.345
1	88.4668
1	44.1797
1	274.335
1	236.929
0	103.809
1	120.725
1	116.586
1	52.4864
1	86.5856
1	79.099
1	76.7104
0	1.76262e-05
1	113.616
1	52.0376
1	109.027
1	89.4121
1	62.8525
0	160.596
1	46.6963
0	22.6917
1	196.606
1	81.8712
1	231.366
1	150.884
0	0.000111831
1	123.869
1	199.167
1	240.104
1	82.9069
1	87.6532
1	145.559
1	124.968
0	94.4462
1	120.375
0	20.8127
1	90.0113
0	5.30894
1	109.679
1	149.297
1	199.733
0	45.1603
1	83.9607
0	41.8716
1	149.617
1	72.9052
1	130.373
1	169.115
1	177.732
1	115.568
1	89.4059
1	140.627
0	18.9588
0	8.4458
1	109.668
1	112.688
1	99.0205
1	148.628
1	133.636
1	99.0767
1	167.675
0	8.01969
1	138.183
1	103.18
1	52.465
1	112.371
1	115.564
1	118.08
1	267.664
1	127.499
1	138.604
1	155.677
0	5.58795
1	144.033
0	57.6849
1	69.7498
0	11.6369
1	162.789
1	93.8123
0	39.3557
1	88.3378
0	55.3365
1	37.1745
1	126.684
1	72.4319
1	97.5522
1	207
1	56.2671
1	80.7787
1	236.808
0	43.7516
1	80.3178
0	2.03407
1	204.845
1	172.548
0	34.803
1	113.718
1	96.7572
1	71.2008
0	1.55092
1	129.773
0	22.4974
0	2.77905
1	90.2324
1	210.544
1	166.463
1	87.2048
1	73.5629
1	95.6996
1	103.164
0	8.92115
1	103.632
0	33.8644
1	63.4034
1	98.4781
1	138
0	13.4784
0	0.0724818
1	64.2478
1	78.0567
1	71.103
1	47.1675
1	118.367
1	224.431
0	19.332
0	13.0945
1	131.498
1	256.207
1	30.8822
1	198.504
1	80.654
1	46.3173
1	258.787
0	15.3916
0	2.54999
1	246.853
1	251.972
1	57.3588
1	214.862
1	84.6137
1	142.824
1	122.754
1	53.4641
1	159.368
1	143.471
0	7.15153
1	61.9743
0	62.8744
1	91.3907
1	190.388
1	168.433
0	103.618
1	173.383
0	222.726
0	14.0784
1	195.101
1	94.1449
0	14.6262
0	23.4632
1	78.2944
1	135.15
1	42.7464
1	78.2995
0	2.72914
1	71.4758
0	10.485
0	18.6295
0	63.0984
0	48.7052
1	112.502
1	146.045
1	23.4022
0	87.9214
1	61.0918
1	212.703
1	143.393
1	153.228
0	9.38062
1	242.078
1	102.415
1	150.208
0	9.6786
1	123.67
1	134.232
1	225.379
0	4.07732e-05
1	215.705
0	44.1136
1	105.409
1	76.7027
1	58.404
1	119.222
0	51.085
1	186.325
0	4.30718
0	52.3284
0	66.6353
0	3.76774
1	150.893
1	77.3581
1	148.067
1	69.797
1	57.1792
0	57.9089
0	90.9528
1	69.8189
0	29.6713
1	141.619
1	156.155
1	144.858
1	120.281
1	82.9227
1	79.5546
1	77.3875
1	109.165
1	185.184
1	141.598
1	130.004
1	133.433
1	127.964
1	169.924
1	251.345
0	221.985
1	199.192
0	217.149
1	117.603
0	10.2212
1	154.952
1	109.656
0	1.27498
1	210.889
0	7.54306
1	56.4283
1	80.6462
1	113.494
1	124.153
0	9.11658e-06
1	98.9616
0	67.7824
1	126.444
1	92.0836
1	110.615
1	213.619
1	80.2532
1	133.293
1	208.237
0	19.0733
1	171.758
1	168.356
1	85.2329
1	172.865
1	63.2906
0	8.68516
1	132.234
1	183.234
1	156.792
1	64.3795
1	78.3085
0	126.232
0	40.4186
1	76.1247
1	255.15
1	170.16
1	178.566
1	97.2815
1	142.043
0	27.3038
1	74.3882
0	35.8253
1	160.463
1	83.0852
0	7.69086
1	246.283
1	102.412
1	70.279
0	67.4957
1	202.934
0	140.973
1	94.0022
0	52.036
1	28.3694
1	80.8682
1	107.225
0	27.1416
0	138.865
1	177.612
1	142.86
1	87.4427
1	261.495
1	178.441
1	100.199
1	41.5135
1	54.1161
1	134.672
1	93.7983
0	6.85378
0	6.69804
1	130.617
0	4.44263e-05
1	222.767
0	97.4127
1	237.102
1	78.8071
