10000	1	9900	0.00208333
0.025641	253.767	22623.3	0.0228438	3.16228e-08
1	125.49
1	74.3869
1	97.4813
1	120.854
1	76.091
1	63.8019
1	82.894
1	113.035
1	203.76
1	83.809
1	167.83
1	110.252
1	79.1423
1	105.019
1	152.393
1	200.27
1	220.984
1	127.887
1	114.501
1	166.612
1	106.451
1	122.657
1	180.673
1	109.743
1	106.383
1	28.834
1	119.422
1	90.7617
1	102.268
1	102.03
1	90.3165
1	262.131
1	75.6924
1	63.8166
1	265.498
1	65.515
1	127.896
1	80.9643
1	153.753
1	83.9374
1	75.2284
1	65.4619
1	109.833
1	103.563
1	59.3322
1	68.7932
1	138.913
0	77.7081
1	120.778
1	107.529
1	93.1918
1	114.392
1	114.284
1	52.5285
1	63.5852
1	75.0428
1	102.077
1	75.7944
1	107.129
1	148.232
1	59.4013
1	110.345
1	164.414
1	85.9028
1	99.3787
1	154.525
1	98.9424
1	119.526
1	167.973
1	105.577
1	99.7511
1	84.8841
1	106.733
1	76.3643
1	81.7434
1	129.307
1	154.734
0	59.9164
1	49.4254
1	104.188
1	97.335
1	93.0325
1	143.492
1	40.3861
1	70.339
1	85.8713
1	110.863
1	127.517
1	95.5625
1	89.3353
1	161.456
1	137.497
1	144.771
1	93.0627
1	110.216
1	104.983
1	112.922
1	203.972
1	100.396
1	51.2618
1	41.5501
1	51.9139
1	55.1389
1	123.194
1	86.5424
1	114.971
1	142.641
1	138.921
1	60.2784
1	124.655
1	124.172
1	144.744
1	86.799
1	67.7561
1	83.8352
1	138.209
1	72.6826
1	216.319
1	83.8316
1	97.8577
1	119.128
1	243.597
1	119.622
1	111.964
1	196.34
1	117.908
1	73.1849
1	84.1308
1	54.5193
1	62.1001
1	69.2727
1	62.0481
1	54.4171
1	224.498
1	158.331
1	92.0624
1	65.5687
1	122.086
1	60.3002
1	72.3414
1	151.579
1	83.1249
1	73.5136
1	107.127
1	106.803
1	146.329
1	146.086
1	212.545
1	110.9
1	77.5661
1	99.8451
1	107.01
1	38.5733
1	66.4561
1	126.609
1	125.676
1	134.817
1	57.7307
1	107.734
1	138.629
1	203.148
1	116.37
1	79.0759
1	126.42
1	113.675
1	199.273
1	109.805
1	43.8073
1	85.7568
1	132.47
1	117.298
1	45.6109
1	133.915
1	58.1856
1	143.664
1	60.1627
1	109.579
1	70.5776
1	59.8057
1	105.83
1	75.0746
1	96.7579
1	107.9
1	132.815
1	102.597
1	110.288
1	95.5411
1	176.18
1	99.7264
1	159.698
1	98.9097
1	135.678
1	78.1687
1	75.8007
1	123.155
1	24.8413
1	124.871
1	63.4402
1	40.4595
1	94.2203
1	66.3616
1	150.561
1	153.168
1	150.324
1	32.3391
1	109.521
1	127.844
1	90.2155
1	147.563
1	102.457
1	54.5267
1	89.3125
0	8.22247
1	162.927
1	149.838
1	98.0825
1	179.055
1	43.6946
1	45.235
1	113.058
1	69.6212
1	95.9741
1	77.2873
1	77.4125
1	54.0471
1	150.845
1	90.5721
1	156.956
1	94.4686
1	113.79
1	127.692
1	169.356
1	96.4305
1	192.119
1	127.518
1	151.972
1	232.815
1	65.7384
1	52.8413
1	213.377
1	77.4081
1	145.413
1	100.447
1	47.8828
1	66.7651
1	140.365
1	85.7162
1	151.781
1	186.482
1	84.6328
1	103.885
1	97.3517
1	142.488
1	110.881
1	135.17
1	51.404
1	98.5828
1	138.706
1	144.147
1	73.7668
1	158.96
1	122.169
1	89.0869
1	61.5722
1	84.5044
1	89.5113
1	124.241
1	93.3533
1	25.7437
1	271.963
1	102.658
1	126.574
1	96.299
1	48.1832
1	84.7381
1	186.079
1	64.2788
1	99.6494
1	110.175
1	185.583
1	117.742
1	141.752
1	127.933
1	89.7347
1	353.424
1	68.3743
1	61.1765
1	62.7051
1	176.827
1	111.321
1	115.27
1	128.266
1	91.7908
1	77.1601
1	127.136
1	99.2669
1	89.2526
1	64.4298
1	159.912
1	43.1757
1	74.1816
1	87.1589
1	121.647
1	135.637
1	55.7737
1	221.128
1	77.219
1	105.939
1	99.8205
1	55.3714
1	242.146
1	77.5624
1	120.951
1	42.8852
1	133.337
1	68.8555
1	98.9088
1	194.368
1	64.5199
1	56.8549
1	54.5866
1	229.082
1	40.5129
1	118.096
1	126.496
1	98.4564
1	88.2865
1	92.7694
1	193.338
1	112.033
0	5.50528e-05
1	160.869
1	258.919
1	206.164
1	175.843
1	115.082
0	3.49953
1	144.695
1	67.6104
1	92.5581
1	100.062
1	90.5787
1	193.094
1	87.2637
1	119.029
1	73.7135
1	79.2589
1	96.0629
1	113.691
1	89.6317
1	48.3973
1	132.191
1	59.7844
1	136.901
1	46.3255
1	85.1425
1	71.0305
1	92.5221
1	127.655
1	80.0418
1	180.746
1	143.175
1	278.023
1	82.0285
1	96.5474
1	42.7209
1	225.838
1	97.3383
1	93.3203
1	76.2724
1	142.737
1	26.0979
1	126.016
1	60.4531
1	168.963
1	186.453
1	100.149
1	83.6534
1	94.9528
1	290.31
1	84.2784
1	125.743
1	164.778
1	76.0085
1	138.282
1	92.0638
1	67.1163
1	88.1178
1	80.8347
1	150.975
1	116.822
1	43.5444
1	62.7394
1	96.1216
1	141.173
1	74.7287
1	137.149
1	87.6637
1	70.2058
1	64.7219
1	75.6463
1	101.503
1	78.1173
1	71.9518
1	239.033
1	124.178
1	78.6895
1	149.548
1	103.079
1	93.8029
1	71.3908
1	215.599
1	120.203
1	78.7749
1	177.379
1	136.962
1	104.964
1	88.5715
1	103.143
1	71.3431
1	55.8307
1	142.71
1	198.47
1	64.2991
1	50.5205
1	242.486
1	114.087
1	227.662
1	52.81
1	141.336
1	164.977
1	88.2012
1	110.058
1	71.505
1	84.8761
1	129.674
1	111.961
1	196.838
1	99.8989
1	132.049
1	176.183
1	89.5211
1	215.935
1	84.9662
1	159.766
1	259.793
1	156.143
1	102.617
1	137.382
1	131.584
1	224.442
1	114.068
1	92.6143
1	107.378
1	125.427
1	121.097
1	108.506
1	124.793
1	108.434
1	250.947
1	82.6756
1	42.2834
1	182.359
1	111.52
1	149.697
1	45.3767
1	135.319
1	90.5588
1	139.556
1	113.444
1	104.976
1	267.413
1	44.8826
1	54.4637
1	69.3259
1	143.606
1	81.9207
1	56.3392
1	147.662
1	120.239
1	66.3613
1	313.374
0	1.39113e-05
1	41.227
1	152.692
1	94.9863
1	131.044
1	90.7472
1	140.258
1	78.7601
1	34.028
1	138.754
1	124.48
1	104.132
1	74.1202
1	94.1095
1	307.897
1	53.501
1	98.2611
1	133.675
1	160.592
1	130.594
1	90.3838
1	142.503
1	70.8095
1	126.93
1	80.0006
1	137.093
1	170.706
1	105.671
1	236.461
1	27.9959
1	104.142
1	157.949
1	66.2333
1	143.855
1	181.879
1	118.441
1	95.2001
1	143.616
1	111.952
1	82.4141
1	180.886
1	93.46
1	151.135
1	56.2448
1	239.231
1	77.5578
1	158.815
1	392.405
1	91.5333
1	77.9267
1	73.5459
1	112.064
1	89.6743
1	105.624
0	0.000107941
1	78.0514
1	92.5017
1	93.4601
1	47.2386
1	71.9851
1	98.4301
1	93.1023
1	86.4115
1	84.2202
1	130.123
1	63.8103
1	121.417
1	56.4402
1	93.4459
1	51.9635
1	215.489
1	177.359
1	95.4867
1	103.849
1	169.336
1	135.324
1	39.3549
1	44.7564
1	78.9064
1	104.851
1	188.956
1	308.154
1	157.906
0	3.48654e-05
1	66.6746
1	123.81
1	160.73
1	95.5166
1	56.4557
1	125.691
1	144.988
0	2.37231e-05
1	185.121
1	58.8199
1	62.6628
1	320.758
1	81.6475
1	152.091
1	395.774
1	116.344
1	83.753
1	155.576
1	146.888
1	134.812
1	131.057
1	157.893
1	144.649
1	136.875
1	33.0746
1	213.988
1	92.5971
1	50.9855
1	55.5854
1	257.942
1	132.663
1	219.546
1	101.627
1	76.4589
1	150.827
1	63.0079
1	153.524
1	111.843
1	81.4877
1	108.613
1	66.7685
0	16.3772
1	127.169
1	95.1786
1	129.089
1	96.4559
1	85.1732
1	98.882
1	46.0646
1	43.0347
1	187.89
1	155.21
1	66.7805
1	166.847
1	116.396
1	100.296
1	91.5301
1	235.684
1	145.335
1	103.509
1	75.8792
1	65.9281
1	134.488
1	80.5501
1	60.7948
1	108.462
1	99.2251
1	85.0716
1	95.1603
1	83.1614
1	61.5807
1	117.898
1	162.64
1	34.9069
1	101.33
1	186.585
1	105.43
1	210.344
1	98.1462
1	137.815
1	332.612
1	96.0479
1	211.148
1	83.0873
1	106.634
1	90.3096
1	126.296
1	144.614
1	222.732
1	102.195
1	59.8071
1	59.1226
1	115.291
1	158.861
1	95.8201
1	122.136
1	253.43
1	113.323
1	88.9037
1	96.6483
1	98.8794
1	83.1552
1	80.0366
1	100.712
1	110.436
1	198.678
1	240.522
1	65.9504
1	87.6968
1	104.624
1	177.568
1	160.016
1	76.9881
1	47.4631
1	189.567
1	112.646
1	43.0644
1	130.05
1	43.003
1	44.2825
0	1.94862e-05
1	125.963
1	137.09
1	115.101
1	71.9636
1	198.517
1	33.865
1	41.0944
1	121.832
1	94.9501
1	284.663
1	104.647
1	187.59
1	138.251
1	234.408
1	114.92
1	100.009
1	61.5523
1	101.638
1	88.3019
1	82.4861
1	98.0604
1	114.008
1	98.7713
1	100.95
1	144.849
1	93.1078
1	115.418
1	120.96
1	134.696
1	71.3296
1	65.088
1	159.46
1	135.762
1	68.6715
1	149.469
1	129.744
1	57.6896
1	169.4
1	74.4405
1	62.4556
1	108.646
1	67.778
1	122.427
1	116.677
1	185.672
1	119.037
1	147.974
1	115.516
1	120.156
1	169.295
1	97.665
1	118.111
1	103.079
1	57.9072
1	113.118
1	125.265
1	113.511
1	73.0141
1	129.23
1	96.6307
1	167.971
1	119.995
1	45.1047
1	83.9816
1	125.733
1	117.445
1	100.349
1	229.097
1	162.064
1	86.6626
1	135.819
1	64.4522
1	58.9528
1	177.817
1	87.5629
1	164.509
1	75.614
1	55.1811
1	93.5432
1	58.9785
1	129.66
1	75.0285
1	179.637
1	69.418
1	84.5123
1	111.694
1	102.736
1	101.41
1	163.418
1	63.6936
1	179.964
1	148.969
1	76.1288
1	100.37
1	230.636
0	57.5201
1	64.48
1	201.204
1	117.067
1	142.327
1	121.074
1	93.6198
1	75.6819
1	200.33
1	84.7551
1	85.1912
1	109.881
1	77.7961
1	86.159
1	166.099
1	94.7452
1	58.7651
1	111.401
1	132.345
1	74.0966
1	61.807
1	92.336
1	71.2904
1	180.12
1	53.5122
1	166.223
1	270.89
1	56.8017
1	97.0126
1	133.561
1	143.451
1	149.978
1	156.722
1	63.7689
1	87.2236
1	67.4887
1	57.243
1	99.7644
1	150.995
1	110.755
1	108.579
1	132.963
1	57.6802
1	183.962
1	120.377
1	117.207
1	107.808
1	287.302
1	154.651
1	96.248
1	108.915
1	111.775
1	66.9501
1	129.998
1	91.7642
1	91.67
1	75.4252
1	101.123
1	31.8365
1	115.166
1	134.249
1	193.831
1	67.727
1	55.3
1	63.5066
1	119.929
1	164.918
1	163.318
1	92.1352
1	119.781
1	114.525
1	203.22
1	88.7534
1	37.6414
1	132.359
1	135.562
1	174.953
1	165.683
1	71.1279
1	160.665
1	153.755
1	135.748
1	81.6341
1	161.489
1	194.695
1	72.0434
1	72.709
1	90.818
1	109.671
1	112.099
1	167.44
1	89.67
1	92.0009
1	97.2503
1	55.4619
1	90.2155
1	130.908
1	99.9188
1	103.844
1	99.7281
1	64.5097
0	5.00865e-07
1	81.4632
1	81.5695
1	126.366
1	84.6845
1	88.1532
1	104.478
1	94.0132
1	151.327
1	67.6956
1	120.72
1	151.917
1	128.165
1	104.995
1	84.8549
1	89.0074
1	165.239
1	128.078
1	62.3936
1	78.7249
1	153.99
1	72.7472
1	42.4738
1	86.444
1	98.7594
1	160.361
1	104.689
1	72.5846
1	36.5139
1	67.0547
1	87.521
1	109.861
1	90.297
1	74.475
1	120.062
1	87.8212
1	124.12
1	132.119
1	80.495
1	55.5743
1	116.337
1	81.3549
0	6.5398e-05
1	223.206
1	129.588
1	243.113
1	160.396
1	119.967
1	132.513
1	40.8765
1	111.425
1	61.2389
1	55.0874
1	87.496
1	122.135
1	115.377
1	98.6302
1	116.125
1	124.869
1	77.0879
1	133.106
1	178.637
1	39.5506
1	123.627
1	127.301
1	62.7105
1	125.003
1	120.366
1	168.72
1	84.8722
1	178.1
1	117.994
1	53.8802
1	273.703
1	55.2346
1	153.205
1	157.354
1	116.899
1	99.5663
1	126.128
1	130.983
1	131.552
1	131.897
1	109.082
1	120.386
1	136.127
1	195.708
1	87.2356
1	108.385
1	106.789
1	116.29
1	50.521
1	111.374
1	207.59
1	164.074
1	133.557
1	98.5171
1	135.12
1	71.4818
1	89.0747
0	0.000102045
1	66.3669
1	244.241
1	161.757
1	75.0093
1	88.5589
1	68.7358
1	127.108
1	35.5568
1	316.266
1	199.26
1	232.454
1	93.1534
1	51.0524
1	95.05
1	94.3371
1	123.119
1	128.586
1	221.745
1	76.5145
1	122.751
1	110.257
1	86.979
1	57.532
1	140.901
1	56.5024
1	98.3125
1	89.1748
1	75.5624
1	131.541
1	104.921
1	38.132
1	146.496
1	103.317
1	144.407
1	80.4607
0	2.87811e-05
1	194.813
1	106.141
1	67.8787
1	118.858
1	100.17
1	183.005
1	178.513
1	167.325
1	121.995
1	112.785
1	167.699
1	140.137
1	126.816
1	111.469
1	82.9167
1	110.334
1	86.0489
1	111.734
1	132.416
1	100.237
1	91.0113
1	108.797
1	50.5563
1	60.473
1	240.026
1	135.724
1	84.8104
1	100.881
1	75.4884
1	72.5103
1	151.867
1	119.022
1	150.282
1	46.0611
1	96.3128
1	163.057
1	106.898
1	270.176
1	64.1088
1	102.743
1	70.5909
1	62.3222
1	116.645
1	101.687
1	70.0452
1	92.483
1	136.949
1	101.984
1	137.758
1	100.131
1	87.8799
1	117.593
1	93.11
1	62.2579
1	109.182
1	157.793
1	50.3746
1	76.8416
1	102.089
1	54.3417
1	83.6823
1	115.325
1	191.111
1	73.0766
1	53.1483
1	189.982
1	103.996
1	134.486
1	87.9577
1	67.454
1	152.16
1	121.786
1	184.635
1	96.3819
1	65.7583
1	101.807
1	64.7914
1	280.154
1	60.5346
1	112.93
1	156.762
1	138.875
1	123.488
1	92.0255
1	107.777
1	161.662
1	66.7889
1	91.0213
1	80.4328
1	94.0095
1	138.542
1	172.738
1	118.676
1	77.8923
1	103.485
1	93.2834
1	115.34
1	168.736
1	82.5287
1	75.2876
0	0.000155129
1	167.433
1	93.1879
1	131.682
1	181.871
1	160.749
1	125.415
1	166.272
1	61.1323
1	131.722
1	144.615
1	88.6711
1	346.964
1	66.9191
1	147.735
1	140.441
1	96.0426
1	158.476
1	120.296
1	248.987
1	99.6324
1	96.8266
1	119.937
1	44.2418
1	85.0472
1	71.667
1	126.664
1	56.9939
1	77.4589
1	78.0421
1	94.4039
1	72.9969
1	76.3862
1	132.506
1	67.1207
1	58.1969
1	62.0699
1	70.2355
1	118.933
1	61.1328
1	53.0947
1	243.146
1	58.5002
1	159.91
1	191.485
1	96.6261
1	100.889
1	278.395
1	107.181
1	128.367
1	86.331
1	36.3206
1	62.0761
1	212.672
1	124.654
1	59.8427
1	114.011
1	77.7375
1	88.0333
1	138.044
1	57.007
1	145.183
1	73.9129
1	117.824
1	85.4817
1	112.752
1	100.436
1	132.947
1	106.776
1	92.3721
1	168.49
1	124.414
1	71.9299
1	78.0613
1	77.547
1	50.5188
1	110.593
1	126.257
1	73.4551
1	190.733
1	130.546
1	66.0542
1	113.813
1	207.411
1	93.8102
1	101.782
1	62.7093
1	110.572
1	74.8753
1	60.141
1	70.3745
1	164.531
1	151.925
1	103.373
1	188.792
1	111.215
1	167.242
0	1.3551e-05
1	123.481
1	128.813
1	97.5308
1	76.6566
1	145.962
1	111.29
1	108.509
1	151.649
1	109.884
1	92.2025
1	108.422
1	161.623
1	75.2301
1	249.336
1	147.277
1	242.326
1	150.33
1	92.281
1	129.853
1	40.6197
1	70.1685
1	118.496
1	142.294
1	155.983
1	78.2865
1	79.9254
1	78.6317
1	136.564
1	72.7944
1	77.9183
1	166.879
1	208.025
1	116.809
1	184.83
1	77.0498
1	170.88
1	118.703
1	147.364
1	71.3337
1	148.486
1	150.687
1	135.098
1	128.665
1	235.006
1	31.0985
1	99.5669
1	52.8144
1	119.387
1	143.431
1	82.3126
1	74.4943
1	210.115
1	92.7928
1	57.5451
1	100.728
0	62.434
1	121.697
1	77.2334
1	149.131
1	178.57
1	154.887
1	124.104
1	48.8213
1	356.231
0	3.26262e-05
1	96.348
1	173.504
1	63.615
1	60.1205
1	44.969
1	123.261
1	179.318
1	88.2601
1	95.1531
1	131.24
1	161.782
1	118.687
1	66.2225
1	87.1379
1	66.4512
1	105.553
1	95.1212
1	91.7652
1	53.5202
1	151.242
1	179.271
1	124.736
1	128.361
1	188.302
1	98.8614
1	73.7701
1	92.1558
1	99.9302
1	45.5279
1	67.2234
1	147.885
1	124.916
1	174.785
1	126.471
1	170.529
1	68.1596
1	123.768
1	131.781
1	88.125
1	43.8202
1	206.007
1	100.136
1	120.936
1	42.8667
1	82.6485
1	138.486
1	76.6622
1	101.661
1	122.513
0	2.23905e-05
1	75.7633
1	153.106
1	136.691
1	68.7698
1	75.9972
1	65.1916
1	64.3317
1	31.2756
1	126.502
1	237.751
1	162.523
1	86.542
1	125.339
1	166.06
1	77.9997
1	158.987
1	90.7351
1	153.703
1	110.279
0	6.03067e-05
1	131.224
1	72.4061
1	126.506
1	93.0163
1	116.66
1	65.4667
1	128.551
1	65.6231
1	93.02
1	210.051
1	183.017
1	47.367
1	52.9041
1	99.8339
1	249.896
1	56.7454
1	100.938
1	153.479
1	189.931
1	107.527
1	98.6188
1	117.6
1	124.916
1	73.1774
1	56.365
1	239.622
1	109.308
1	105.814
1	112.55
1	105.802
1	85.9533
1	61.3692
1	128.137
1	113.538
1	103.537
1	48.1615
1	92.1503
1	76.7778
1	109.268
1	102.99
1	166.888
0	6.59795e-05
1	59.0198
1	98.0412
0	2.02559e-05
1	70.4748
0	0.000126267
1	97.1167
1	88.8968
1	205.92
1	79.1252
1	136.347
1	79.9323
1	67.2322
1	84.8776
1	94.6653
1	69.0648
1	101.795
1	117.936
1	46.0818
1	142.105
1	121.608
1	135.706
1	102.87
1	47.6198
1	69.8178
1	130.099
1	97.7202
1	150.067
1	60.8479
1	106.114
1	180.065
1	43.558
0	6.80707
1	77.3603
1	165.927
1	127.116
1	175.336
1	97.5766
1	74.2355
1	118.726
1	47.7891
1	324.276
1	100.774
1	46.4564
1	86.8603
1	70.7967
1	89.2614
1	135.237
1	86.4813
1	94.6055
1	90.6251
1	162.075
1	169.489
1	107.08
1	271.476
1	97.2255
1	147.85
1	80.4744
1	70.0192
1	142.592
1	153.967
1	141.605
1	60.5723
1	158.008
1	107.935
1	84.8088
1	127.156
1	193.868
0	0.000113954
1	81.4392
1	94.4789
1	337.978
1	84.7268
1	122.907
1	106.775
1	82.8065
1	130.936
1	75.0316
1	43.5849
1	128.007
1	59.0552
1	59.9839
1	63.0883
1	178.82
1	56.1819
1	39.1644
1	47.0924
1	136.597
1	160.009
1	148.448
1	126.617
1	155.528
1	123.347
0	10.6526
1	67.6705
1	100.697
1	94.4496
1	66.3319
1	147.541
1	140.674
1	263.519
0	50.6254
1	63.5373
1	63.9875
1	84.9008
1	59.6205
1	71.4231
1	112.23
1	234.871
1	76.5322
1	72.5908
1	43.2428
1	103.935
1	93.6525
1	80.6474
1	76.0795
1	57.1116
1	90.1536
1	70.8775
1	129.188
0	88.218
1	90.319
1	64.6123
1	114.015
1	102.144
1	114.757
1	228.82
1	121.395
1	134.848
1	66.6537
1	89.6954
0	8.09947e-06
1	40.866
1	76.1737
1	71.9268
1	102.34
1	77.8551
1	105.452
1	87.1829
1	135.737
1	53.731
1	172.422
1	124.813
1	97.154
1	92.717
1	247.667
1	93.5854
1	74.6382
1	66.5206
1	126.858
1	91.9077
1	131.079
1	114.217
1	124.643
1	153.727
1	84.6922
1	38.131
1	133.874
1	58.174
1	48.4774
1	101.127
1	89.3005
1	163.885
1	149.541
1	54.2888
1	126.391
1	82.4056
1	114.116
1	142.06
1	129.497
1	108.663
1	143.714
1	108.083
1	127.643
1	82.2815
1	91.8253
1	112.403
1	93.6706
1	92.1835
1	84.3099
1	75.2705
1	105.738
1	75.82
1	89.1642
1	101.476
1	72.9742
1	83.008
1	191.233
1	87.0114
1	94.9812
1	114.577
1	176.802
1	61.4967
1	69.6476
1	77.2394
1	99.6438
1	130.037
1	134.609
1	222.414
1	102.618
1	62.3229
1	91.82
1	96.8831
1	91.6496
1	103.645
1	133.809
1	83.3678
1	31.3167
1	164.191
1	50.5903
1	113.694
1	54.7765
1	153.591
1	134.524
1	102.534
1	174.618
1	114.571
1	265.507
1	128.853
1	89.4378
1	101.285
1	72.3699
1	160.107
1	101.953
1	107.745
1	135.071
1	50.3001
1	170.942
1	135.493
1	107.457
1	80.8072
1	108.268
1	51.6974
1	74.4782
1	238.335
1	60.2149
1	123.789
1	144.348
1	231.584
1	134.133
1	157.815
1	133.406
1	203.508
1	87.0809
1	94.7904
1	238.7
1	120.793
1	174.278
1	72.5537
1	55.0765
1	169.948
1	53.1668
1	95.0109
1	175.156
1	108.272
1	118.315
1	82.4842
1	107.846
1	80.6786
1	76.5001
1	221.266
1	186.01
1	51.327
1	144.722
1	112.748
1	160.112
1	147.426
1	56.5908
1	106.34
1	79.1801
1	90.6495
1	94.7063
1	109.827
1	164.352
1	75.6226
1	51.7843
1	41.1282
1	96.1109
1	163.115
1	61.7956
1	69.8174
1	121.827
1	55.9067
0	31.2113
1	120.35
1	102.962
1	126.025
1	116.251
1	54.1358
1	138.788
1	67.7912
1	53.135
1	88.7293
1	70.9397
1	128.731
1	234.719
1	105.501
1	99.7218
1	90.9371
1	103.677
1	204.974
1	82.9277
1	86.9364
1	159.469
1	115.326
1	136.105
1	98.9528
1	162.198
0	78.5183
1	236.808
1	285.634
1	84.729
1	116.855
1	73.8727
1	91.745
1	179.192
1	105.365
1	81.9478
1	79.6506
1	73.0814
1	84.5646
1	188.105
1	91.904
1	75.8285
1	141.521
1	122.059
1	122.118
1	92.9049
1	181.823
1	106.948
1	36.6665
1	160.06
1	64.5154
1	40.4128
1	132.525
1	106.494
1	178.918
1	114.357
1	75.5131
1	77.7733
1	319.158
1	78.7272
1	213.666
1	127.566
1	199.26
1	174.542
1	86.0314
1	66.0696
1	100.269
1	92.403
1	89.2231
1	159.717
1	82.7394
1	97.8687
1	124.491
1	194.749
1	88.0682
1	109.398
1	85.4725
1	151.111
1	108.225
1	94.5465
1	117.374
1	96.0313
1	77.5082
1	114.24
1	103.896
1	65.4046
1	188.663
1	116.879
1	267.423
1	86.438
1	37.4171
1	149.759
1	150.561
1	101.308
1	115.946
1	124.139
1	89.548
1	144.975
1	118.179
1	99.3306
1	69.3336
1	74.4438
1	152.867
1	139.385
1	64.1638
1	139.582
1	157.822
1	100.667
1	89.4343
1	208.896
1	174.712
1	86.0671
1	89.9865
1	89.3099
1	67.3399
0	6.93912e-05
1	104.557
1	124.489
1	241.372
1	154.474
1	85.7142
1	92.8048
1	69.4766
1	70.3592
1	71.1415
1	131.83
1	114.668
1	128.85
1	261.236
1	296.516
0	7.72685e-06
1	131.989
1	136.077
1	149.653
1	253.965
1	43.9934
1	63.7556
1	141.756
1	102.209
1	56.3129
1	113.975
1	206.901
1	213.383
1	97.8581
1	87.9435
1	252.883
1	134.433
1	77.1382
1	281.969
1	60.8788
1	77.3382
1	125.322
1	83.3697
1	148.285
1	198.941
1	77.4142
1	159.391
1	150.483
1	77.4433
1	97.9651
1	60.8897
1	155.928
1	120.982
1	76.2576
1	127.141
1	77.019
1	109.884
1	110.315
1	74.8097
1	158.293
1	86.4928
1	219.307
1	105.013
1	132.348
0	2.6207e-05
1	118.848
1	79.6758
1	118.56
1	249.768
1	62.3552
1	132.503
1	61.365
1	105.741
1	110.377
1	131.325
1	50.0098
1	93.3779
1	84.2047
1	168.616
1	74.7083
1	197.805
1	89.2476
1	66.1502
1	123.426
1	55.5262
1	70.4134
1	222.023
1	169.086
1	108.987
1	112.082
1	146.856
1	115.643
1	48.4412
1	101.973
1	68.2713
1	80.4524
1	310.2
1	170.917
1	75.6156
1	142.742
1	163.579
1	172.988
1	86.9918
1	164.195
1	142.577
1	149.299
1	120.147
1	47.1507
1	46.387
1	91.232
1	93.5719
1	99.8299
1	138.501
1	116.172
1	118.267
1	171.906
0	0.000281868
1	158.319
1	146.593
1	156.245
1	119.393
1	36.3505
1	66.2608
1	53.6964
1	140.96
1	167.887
1	65.5555
1	152.479
1	67.1936
1	186.096
1	120.819
1	42.2714
1	172.302
1	78.7952
1	138.641
1	88.8394
1	116.233
1	109.403
1	178.89
1	148.177
1	79.0242
1	128.684
1	78.219
1	225.379
1	115.149
1	104.402
1	91.9087
1	92.008
1	103.02
1	95.317
1	201.735
1	154.321
1	109.392
1	89.534
1	81.3956
1	41.0517
1	215.336
1	150.815
1	66.605
1	92.5318
1	165.306
1	119.081
1	83.2557
1	70.1073
1	72.7929
1	90.3682
1	67.1494
1	176.459
1	77.6244
1	213.823
1	101.997
0	37.7886
1	134.842
1	87.0409
1	119.907
1	113.46
1	96.7338
1	88.0213
1	90.3853
1	117.724
1	211.727
1	82.0118
1	77.8774
1	84.3761
1	137.115
1	124.377
1	174.832
1	45.0105
1	83.211
1	194.015
1	120.387
1	174.478
1	160.493
1	117.713
1	160.548
1	66.4607
1	118.356
1	117.424
1	72.7942
1	84.4682
1	71.9464
1	53.8026
1	85.2778
1	106.905
1	92.9301
1	65.5379
1	169.584
1	58.7501
1	121.521
1	77.2898
1	98.7339
1	95.5486
1	303.868
1	55.9731
1	137.765
1	57.3371
1	108.832
1	147.901
1	138.071
1	167.817
1	105.907
1	63.0288
1	88.7689
1	154.025
1	59.9751
1	122.751
1	121.92
1	95.1705
1	72.0162
1	76.8353
1	211.485
1	178.035
1	246.209
1	157.082
1	165.907
1	93.97
1	292.554
1	70.0844
1	103.295
1	88.2391
1	41.3
1	84.0135
1	91.2231
1	138.601
1	142.507
1	140.271
1	67.7571
1	90.3715
1	132.747
0	1.09706e-05
1	89.5663
1	110.993
1	162.238
1	141.347
1	75.1687
1	111.936
1	81.9151
1	58.2733
1	123.969
1	143.859
1	138.251
1	122.678
1	199.995
1	176.141
1	59.3058
1	187.497
1	163.881
1	62.2338
1	84.503
1	132.126
1	113.514
1	34.7399
1	217.9
1	62.0975
1	78.6882
1	175.683
1	85.3565
1	83.1312
1	108.852
1	165.425
1	75.9478
1	142.063
1	82.4329
1	85.4269
1	85.8627
0	13.0791
1	82.1614
1	116.913
1	270.865
1	106.872
1	65.9468
1	118.935
1	72.6234
1	90.8472
1	90.625
1	52.1243
1	290.025
1	237.733
1	120.532
1	103.298
1	104.401
1	82.5257
1	185.297
1	56.489
1	105.759
1	99.3386
0	103.136
1	110.572
1	140.113
1	74.2868
1	186.245
1	146.777
1	54.9304
1	98.5369
1	84.4297
0	5.40645
1	82.0056
1	186.347
1	181.664
1	70.979
1	88.5398
1	78.9071
1	122.345
1	79.4919
1	124.003
1	225.893
1	109.583
1	92.2142
1	131.664
1	66.0456
1	207.133
1	71.0666
1	97.6318
1	114.037
1	121.629
1	62.3239
1	139.604
1	88.4838
1	294.953
1	100.021
1	111.494
1	75.2688
1	237.89
0	18.6841
1	130.052
1	81.1835
1	45.576
1	32.9742
1	98.8942
1	37.3188
1	103.205
1	110.092
1	235.957
1	69.3156
1	123.555
1	230.912
1	40.6495
1	55.9386
1	107.494
1	112.718
1	97.1817
1	149.939
1	117.741
1	101.367
1	68.8662
1	123.153
1	121.739
1	98.53
1	251.949
1	115.964
1	169.905
1	104.878
1	117.101
1	131.342
1	70.3946
1	81.348
1	131.162
1	90.5735
1	81.5107
1	296.038
1	92.9147
1	44.7753
1	118.479
1	88.8802
1	233.574
1	82.8449
1	61.2888
1	161.401
1	123.646
1	146.604
1	82.2496
1	75.354
1	62.481
1	82.9979
1	75.2184
1	113.059
1	68.827
1	78.2698
1	84.2289
1	90.1678
1	112.556
1	186.976
1	99.121
1	64.7815
0	35.0653
1	99.7038
1	147.685
1	105.849
1	219.365
1	70.3787
1	144.463
1	57.3777
1	108.123
1	77.5434
1	102.747
1	247.753
1	153.167
1	176.679
1	124.038
1	41.8849
1	72.2967
1	117.73
1	128.214
1	82.3668
1	148.292
1	115.506
1	113.931
1	66.1
1	134.39
1	96.8829
1	54.1596
1	32.6127
1	99.0853
1	71.3188
1	141.503
1	74.3963
1	114.016
1	112.658
1	75.9871
1	48.8134
1	138.851
1	184.091
1	114.086
1	82.428
1	285.015
1	191.119
1	106.218
1	142.737
1	230.663
1	130.109
1	66.9007
1	151.743
1	123.04
1	242.737
1	132.31
1	154.609
1	264.005
1	141.115
1	218.145
1	105.579
1	73.4154
1	83.2027
1	26.4883
1	61.1104
1	60.5106
1	88.7637
1	102.197
0	1.40247e-05
1	53.6964
1	72.3293
1	164.045
1	83.1139
1	238.854
1	118.405
1	94.1802
1	78.8791
1	121.138
1	86.9577
1	151.806
1	81.3529
1	122.941
1	94.1204
1	116.103
1	180.306
1	123.83
1	146.729
1	85.6411
1	96.6279
1	142.197
1	50.5399
1	154.178
1	85.4221
1	132.591
1	171.503
1	107.019
1	135.538
1	71.7794
1	98.0426
1	85.6891
1	163.708
1	170.197
1	134.014
1	78.8952
1	97.8546
0	9.56208e-05
1	131.905
1	100.602
1	156.971
1	52.9824
1	64.3629
1	137.764
1	68.403
1	134.776
1	132.461
1	76.9903
1	141.734
1	44.4729
1	177.416
1	83.194
1	87.8129
1	103.508
1	186.69
1	94.733
1	84.0771
1	94.1378
1	78.0935
1	49.4748
1	325.928
1	145.392
1	90.7331
1	90.7977
1	73.568
1	111.459
1	67.4822
1	51.7926
1	88.1738
1	92.2171
1	54.5223
0	0.000222524
1	101.481
1	164.84
1	174.425
1	129.654
1	182.158
1	120.062
1	75.203
1	136.928
1	117.213
1	144.183
1	151.647
0	34.2591
1	143.14
1	85.5795
1	57.4405
1	145.192
1	80.999
1	101.035
1	118.75
1	70.7126
1	108.925
1	53.2642
1	131.777
1	173.426
1	67.0418
1	115.127
1	211.24
1	210.696
0	7.14803
1	75.2211
1	167.513
1	119.261
1	63.7171
1	97.5234
1	80.7025
1	131.051
1	163.509
1	123.193
1	174.086
1	190.747
1	43.6809
1	120.94
1	161.354
1	84.4796
1	107.205
1	153.92
1	123.675
1	85.7285
1	64.1769
1	54.2855
1	62.3962
1	72.4993
1	57.8252
1	151.278
1	95.4421
1	125.346
1	53.9587
1	96.2761
1	61.1377
1	169.752
1	166.524
1	70.4277
1	74.9443
1	89.978
1	153.226
1	146.779
1	72.0395
1	127.49
1	72.7177
1	290.947
1	229.207
1	177.483
1	281.676
1	107.158
1	108.034
1	86.2815
1	109.857
1	127.562
1	140.555
1	170.536
1	71.8158
1	72.9026
1	192.516
1	136.411
1	174.977
1	150.14
1	89.2481
1	57.27
1	57.9167
1	153.632
1	63.2937
1	169.191
1	96.5389
1	45.4697
1	96.3135
1	80.308
1	160.02
1	117.505
1	82.4115
1	103.771
1	123.78
1	66.1458
1	140.424
1	209.895
1	45.0524
1	73.7817
1	112.935
1	155.718
1	66.8546
1	71.829
1	115.201
1	56.2071
1	82.7193
1	155.376
1	83.0175
1	111.634
1	96.9554
1	168.581
1	129.673
1	98.3866
1	205.824
1	51.4656
1	72.1778
1	78.1757
1	119.257
1	63.7966
1	85.1545
1	103.687
1	48.7043
1	76.3515
1	198.87
1	77.6305
1	233.909
1	172.407
1	134.827
1	146.715
1	130.411
0	58.8564
1	178.453
1	115.821
1	108.214
1	132.184
1	91.0903
1	93.1261
1	137.47
1	77.4753
1	121.04
1	198.362
1	73.7572
1	65.4512
1	184.537
1	165.648
1	102.175
1	51.1982
1	147.073
1	177.006
1	130.904
1	80.825
1	127.515
1	239.366
1	91.9684
1	168.331
1	45.7596
1	61.692
1	87.5653
1	99.4601
1	107.832
1	79.4456
1	146.446
1	122.152
1	164.735
1	128.472
1	152.399
1	119.842
1	190.22
1	84.0923
1	146.498
1	129.241
1	117.06
1	336.913
1	130.133
1	46.9289
0	38.6314
1	98.0154
1	132.795
1	106.073
1	78.281
1	381.42
1	70.6161
1	54.1408
1	288.103
1	185.941
1	83.8317
1	77.907
1	89.6638
1	107.845
1	79.9341
1	129.068
1	184.235
1	155.154
1	145.181
1	111.925
1	124.677
1	142.681
1	126.655
1	81.9746
1	133.466
1	46.8185
1	164.351
1	87.6645
1	100.565
1	164.943
1	145.81
1	79.0374
1	172.875
1	104.951
1	274.997
1	146.677
1	125.585
1	158.417
1	164.827
1	85.1816
1	105.836
1	97.4228
1	122.05
1	62.1064
1	129.088
1	80.849
1	191.851
1	126.089
1	153.883
1	120.089
1	208.422
1	123.48
1	38.5523
1	189.056
1	133.321
1	122.596
1	95.0892
1	59.4879
1	92.7896
1	95.9904
1	110.016
1	76.4569
1	218.24
1	68.7991
1	80.8494
1	65.6341
1	114.376
1	64.9787
1	129.92
1	89.2947
1	51.8786
1	151.264
1	111.294
1	72.2875
1	47.7982
1	69.063
1	198.739
1	57.3745
1	64.1971
1	124.194
1	155.359
1	66.497
1	148.322
1	246.783
1	71.0776
1	101.673
1	194.459
1	104.978
1	158.605
1	83.7234
1	229.634
1	66.0966
1	144.75
1	194.166
1	155.992
1	51.0708
1	88.0958
1	82.6295
1	89.4217
1	191.185
1	128.036
1	146.081
1	241.173
1	35.2956
1	99.0614
1	63.8867
1	92.4363
1	135.694
1	119.407
1	110.359
1	120.666
1	134.585
1	103.66
1	83.9448
1	83.0817
1	73.835
1	120.294
1	46.6627
1	167.858
1	74.8877
1	145.625
1	104.401
1	79.3306
1	170.637
1	75.684
1	129.731
1	155.169
1	58.6302
1	78.6637
1	175.837
1	86.7845
1	166.038
1	139.46
1	57.7178
1	62.0049
1	112.235
1	107.557
1	131.197
1	63.3876
1	136.825
1	141.798
1	57.0137
1	200.118
1	65.593
1	109.534
1	97.9749
1	93.4677
1	54.619
1	57.3403
1	88.3924
1	132.829
1	98.3896
1	76.6439
1	94.8345
1	48.6633
1	79.2367
1	59.794
1	140.2
1	111.458
0	59.609
1	134.119
1	64.3149
1	87.8828
1	65.3048
1	102.458
1	249.005
1	97.9714
1	98.5566
1	183.722
1	64.7701
1	124.64
1	272.605
1	64.9153
1	108.485
1	95.5355
1	145.595
1	246.2
1	25.439
1	84.3414
1	100.498
1	148.316
1	46.3061
1	57.9216
1	100.239
1	73.7555
1	38.8311
1	48.1575
1	85.7378
1	79.1102
1	130.981
1	79.3846
1	136.816
1	151.115
1	97.7133
1	164.105
1	224.572
1	94.8792
1	58.7098
1	105.2
1	248.904
1	100.698
1	145.754
1	110.65
1	98.6125
1	94.6041
1	95.3443
0	3.0897e-05
1	69.6848
1	81.1433
1	129.702
1	84.1725
1	149.031
1	111.038
1	67.6887
1	228.737
1	152.598
1	71.2832
1	121.063
1	155.483
1	212.672
1	140.674
1	118.322
0	4.53453e-05
1	85.4466
1	93.8378
1	57.5635
1	132.841
1	65.9814
1	75.4909
1	129.454
1	62.6074
1	225.316
1	164.408
1	89.4397
1	116.709
0	1.69095e-05
1	114.427
1	89.7663
1	71.1784
1	46.4131
1	103.827
1	107.691
1	88.8084
1	55.0494
1	112.667
1	90.7179
1	48.6104
1	156.126
1	292.154
1	162.978
1	127.44
1	174.36
1	51.1578
1	121.068
1	52.5925
1	125.881
1	62.0434
1	81.5177
1	115.877
1	57.7938
1	167.857
1	125.71
1	104.955
1	92.2663
1	68.6751
1	328.729
1	118.386
1	93.6015
1	108.071
1	58.3595
1	152.598
1	109.311
1	168.004
1	141.764
1	75.013
1	157.01
1	137.771
1	113.529
1	174.219
1	152.186
0	0.000124257
1	99.2518
1	84.4559
1	150.197
1	102.927
1	96.2581
1	100.043
1	55.0785
1	156.601
1	71.5038
1	115.972
1	185.972
1	90.1992
1	164.897
1	74.7935
1	146.118
1	86.5989
1	181.948
1	95.0664
1	99.9428
1	162.202
1	71.6018
1	72.6291
1	93.2644
1	101.816
1	55.7315
1	180.78
1	96.9749
1	99.9059
1	92.0674
1	71.3878
1	104.882
1	67.232
1	75.1398
1	93.988
1	149.602
1	72.3564
1	72.2881
1	70.4803
1	96.0564
1	52.4608
1	112.521
1	68.3417
1	138.769
1	365.775
1	125.884
1	222.715
1	296.123
1	214.568
1	99.6193
1	172.318
1	53.5502
1	60.274
1	57.4994
1	193.372
1	139.718
1	82.9597
1	59.3856
1	66.5735
1	145.702
1	94.7239
1	223.482
1	155.314
1	74.4217
1	114.69
1	92.3415
1	129.158
1	82.1568
1	59.5002
1	53.2406
0	7.9758e-06
1	136.952
1	76.8708
1	266.655
1	55.2066
1	109.645
0	2.28555e-05
1	176.245
1	81.2107
1	131.852
1	124.091
1	137.789
1	286.097
1	128.554
1	149.54
1	112.823
1	84.401
1	98.0573
1	90.8302
1	132.371
1	72.536
1	116.969
1	66.8141
1	56.9987
1	96.9629
1	108.588
1	107.283
1	91.4348
1	115.283
1	59.248
1	120.006
1	82.5949
1	64.8669
1	149.717
1	117.218
1	140.656
1	70.2023
1	61.5705
1	206.168
1	95.0977
1	143.8
1	98.8348
1	128.402
1	79.6748
1	53.5767
1	228.835
1	64.0662
1	98.4593
1	40.6597
1	108.035
1	90.3527
0	114.306
1	142.14
1	80.0349
1	102.167
1	126.599
1	95.1512
1	161.669
1	51.634
1	113.684
0	1.92535e-05
1	137.23
1	59.0044
1	107.517
1	159.113
1	183.142
1	56.9168
1	150.704
1	141.84
1	75.6996
1	142.47
1	92.278
1	130.295
1	54.4794
1	52.7805
1	210.02
1	105.174
1	83.7933
1	97.5177
1	54.1664
1	63.1375
0	2.87287e-05
1	74.4769
1	135.948
1	119.641
1	97.8159
1	160.328
1	68.2074
1	69.624
1	202.833
1	111.676
1	130.245
1	275.228
1	73.0045
1	174.127
1	168.141
1	99.7478
1	103.876
1	46.2291
1	116.962
1	159.334
1	55.4692
1	47.1767
1	184.398
1	139.391
1	81.8509
1	89.7201
0	4.12923
1	54.4255
1	159.408
1	117.925
1	107.611
1	51.082
1	68.6629
1	97.6601
1	81.9091
1	56.8772
1	115.708
1	125.304
1	133.454
1	168.833
1	84.2914
1	52.6726
1	122.687
1	102.706
1	102.036
1	116.002
1	130.141
1	70.7069
1	77.3874
1	183.464
1	119.127
1	70.9593
1	76.0783
1	95.5317
1	73.2413
1	112.85
1	91.2696
1	42.3101
1	71.3109
1	139.806
1	86.6476
1	173.343
1	93.6667
1	95.6633
1	183.712
1	76.9675
1	123.886
1	111.593
1	136.276
1	94.6016
1	59.5213
1	83.0825
1	103.041
1	83.0223
1	72.0836
1	123.474
1	69.2142
1	159.619
1	169.706
1	65.1082
1	205.171
1	75.2223
1	84.1495
1	189.495
1	82.9631
1	80.951
0	9.65851
1	103.63
0	1.74932e-05
1	162.763
1	115.987
1	68.9755
1	63.1707
1	74.7263
1	181.705
1	69.055
1	111.073
1	109.84
1	78.5957
1	98.878
1	196.68
1	245.618
1	69.4068
1	20.4584
1	100.413
1	102.553
1	61.468
1	45.4835
1	77.6975
1	198.316
1	74.7665
1	111.912
1	131.183
1	156.023
1	154.542
1	243.353
1	284.486
1	120.075
1	99.7402
1	272.97
1	124.538
1	61.9933
1	145.471
1	76.709
1	69.7227
1	124.313
1	128.409
1	60.6545
1	106.233
1	68.2197
1	120.715
1	162.491
1	134.111
1	200.334
1	110.809
1	78.2516
1	141.926
1	102.048
1	134.295
1	81.5225
1	74.2929
1	178.499
1	63.275
1	124.037
1	107.807
1	121.191
1	110.575
1	64.0497
1	162.631
1	153.699
1	61.3893
1	74.321
1	61.2377
1	78.6073
0	64.8405
1	77.5614
1	166.558
1	64.0191
1	113.448
1	53.784
1	144.986
1	106.439
1	101.523
1	82.5998
1	78.6054
1	100.014
1	122.451
1	210.895
1	134.667
1	108.631
1	84.5387
1	76.6412
1	104.785
1	91.1596
1	77.7783
1	64.2239
1	177.727
1	109.856
1	117.138
1	144.047
1	134.3
1	110.727
0	1.1366e-05
1	149.541
1	204.601
1	85.3782
1	105.139
1	95.309
1	211.762
1	90.5144
1	148.518
1	222.577
1	35.2146
1	135.311
1	93.9595
1	94.8524
1	63.7045
1	134.316
1	153.776
0	73.6971
1	139.624
1	139.472
1	146.601
1	75.4932
1	125.629
1	148.514
1	84.0575
1	83.1723
1	119.062
1	152.797
1	76.388
1	137.403
1	158.855
1	211.944
1	257.567
1	66.1064
1	144.333
1	55.1057
1	279.338
1	118.797
1	87.4838
1	78.0242
1	40.7719
1	43.6843
1	141.508
1	133.331
1	81.095
1	80.1399
1	76.4008
1	115.373
1	99.4553
1	67.4038
1	70.2368
1	156.296
1	121.296
1	113.03
1	66.2322
1	71.2071
1	125.338
1	139.101
1	110.219
1	60.7653
1	77.1388
1	88.8406
1	95.4725
1	65.9676
1	181.051
1	91.3515
1	66.0133
1	65.7953
1	92.2142
1	68.3044
1	121.709
1	83.2061
1	47.992
1	88.5398
1	88.3108
1	154.785
1	47.4738
1	98.9331
1	95.0517
1	101.511
1	58.4973
1	90.4745
1	207.869
1	147.461
1	92.0103
1	79.827
1	108.914
1	79.5424
1	69.4792
1	102.211
1	43.7944
1	132.585
1	168.226
1	98.5369
1	109.319
1	132.314
1	116.101
1	196.661
1	118.307
1	89.8502
1	166.529
1	153.613
1	131.513
1	99.5185
1	87.9619
0	7.17128e-05
1	128.129
1	121.834
1	65.0533
1	63.2179
1	113.918
1	54.1684
1	60.1315
1	54.7651
1	117.448
1	87.3844
1	41.7925
1	182.652
1	56.3637
1	49.96
1	80.5941
1	74.166
1	92.0924
1	118.342
1	148.324
0	18.03
1	98.3519
1	120.494
1	107.273
1	93.4501
1	117.761
1	53.4538
0	1.27902e-05
1	114.884
1	104.732
1	122.767
1	151.758
1	150.666
1	111.904
0	188.215
1	119.74
1	214.399
1	37.7079
1	101.332
1	86.6591
1	98.758
1	78.558
1	106.343
1	94.4094
1	126.702
1	163.453
1	112.728
1	57.9806
1	88.9749
1	144.843
1	110.806
1	87.938
1	71.4655
1	46.654
1	59.7418
1	125.379
1	74.8603
0	43.5868
1	77.7445
1	169.519
1	118.102
1	81.3996
1	68.6455
1	67.3322
1	180.881
1	129.172
1	195.202
1	91.1334
1	103.218
1	46.7263
1	87.349
1	177.322
1	91.3722
1	66.9582
1	143.432
1	107.622
1	59.8447
1	98.9692
1	144.283
1	113.584
1	40.7709
1	86.7675
1	171.97
1	105.407
1	152.651
1	171.346
1	72.9781
1	53.5525
1	167.674
0	2.28679
1	59.0684
1	86.1249
1	121.262
1	84.7262
1	112.671
1	225.685
1	89.0983
1	66.9057
1	98.0987
1	115.118
1	107.988
1	185.993
1	63.3461
1	91.8034
1	56.2379
1	127.789
1	64.2227
1	99.1026
1	120.937
1	180.518
1	234.523
1	196.236
1	101.774
1	75.7487
1	79.2494
1	110.176
0	2.96375e-05
1	50.7849
1	68.3816
1	338.583
1	83.9922
1	26.2582
1	78.2706
1	52.9316
1	236.086
1	200.997
1	82.2291
1	75.5189
1	196.721
1	109.439
1	62.021
1	169.806
1	244.409
1	95.4229
1	137.063
1	35.3712
1	114.189
1	70.5138
1	134.877
1	162.417
1	90.8466
1	100.046
1	75.495
1	110.802
1	158.139
1	50.7455
1	115.231
1	76.0472
1	165.44
1	79.1631
0	15.5383
1	172.979
1	103.125
1	182.402
1	65.2136
1	118.413
1	86.8581
1	127.321
1	149.285
1	179.082
1	80.2097
1	67.6728
1	97.1726
1	76.2097
1	93.5365
1	57.3375
1	203.525
1	170.25
1	82.3536
1	208.847
1	79.7256
1	69.194
1	117.678
1	93.087
1	169.438
1	133.453
1	52.0173
1	126.107
1	90.6033
1	44.3025
0	1.71373e-05
1	156.645
1	148.67
1	129.38
1	70.3443
1	86.9919
1	55.1301
1	84.6773
1	118.296
1	78.6395
1	134.328
1	93.4189
1	76.8659
1	78.8952
1	88.3016
1	80.9356
1	114.765
1	142.952
1	224.207
1	240.339
0	1.50363e-05
1	116.422
1	96.7197
1	92.1687
1	229.484
1	112.651
1	149.047
1	88.4603
1	130.202
1	90.7761
1	109.989
1	36.5242
1	114.506
1	71.1806
1	125.209
1	51.4289
1	127.068
1	79.3191
1	168.008
1	49.5918
1	107.946
1	73.2203
1	128.935
1	105.389
1	105.493
1	80.9825
1	67.3781
1	140.87
1	62.2705
1	126.173
1	252.111
1	87.2687
1	164.673
1	168.035
1	138.852
1	73.1673
1	54.5678
0	33.0608
1	65.3721
1	88.1106
1	91.24
1	149.309
1	46.0243
1	142.576
0	5.53979
1	95.8346
1	166.117
1	119.194
1	121.656
1	146.316
1	84.3513
1	179.074
1	185.512
1	189.353
1	166.409
1	78.4286
1	80.9369
1	58.4373
1	105.719
1	43.924
1	38.6723
1	72.0153
1	116.077
1	192.202
1	76.4873
1	93.2972
1	90.0123
1	132.667
1	191.189
1	66.113
1	87.6745
1	97.7292
0	25.7342
1	153.381
1	147.099
1	113.516
1	80.7445
1	58.8841
1	97.0591
1	86.5329
1	165.7
1	101.241
1	129.458
1	156.499
1	155.95
1	79.1813
1	99.1345
1	103.643
1	83.3636
0	3.18625e-06
1	83.3919
1	78.4058
1	57.4574
1	159.709
1	125.829
1	80.4815
1	50.0455
1	80.2964
1	175.498
1	140.729
1	84.9284
1	62.9311
1	260.265
0	0.00020926
1	112.412
1	144.98
1	99.0977
1	91.0535
1	166.791
1	94.0504
1	89.9689
1	169.662
1	135.682
1	86.8336
1	130.145
0	1.18875
1	96.4005
1	51.3772
1	62.4084
1	104.294
1	105.381
1	102.117
1	108.386
1	73.5914
1	110.121
1	70.3475
1	115.399
1	254.871
1	50.861
1	58.0373
1	54.1841
1	85.4358
1	142.518
1	66.9756
1	81.1686
1	108.854
1	119.945
1	124.344
1	178.578
1	182.07
1	95.5163
1	90.2764
1	127.717
1	146.486
1	97.9901
1	105.181
1	64.0783
1	67.4005
1	190.251
1	114.212
1	115.243
1	142.689
1	117.031
1	122.83
0	1.38766e-05
1	85.8867
1	62.2176
1	102.002
1	86.3106
1	73.1931
1	132.205
1	105.454
1	93.1171
1	63.3699
1	95.8955
1	82.5273
1	82.1389
1	68.4451
1	70.5041
1	61.6853
1	144.568
1	57.0318
1	66.5768
1	77.2587
1	51.7214
1	93.0428
1	143.736
1	116.837
1	95.5399
1	96.9261
1	91.1541
1	63.668
0	0.000150832
1	122.716
1	35.3008
1	73.8011
1	64.3376
1	45.9125
1	199.042
1	103.424
1	135.656
1	135.575
1	54.627
1	72.7961
1	112.49
1	113.252
1	56.9065
1	103.947
1	140.53
1	131.195
1	126.31
1	135.361
1	120.358
1	83.4678
1	107.963
1	54.9606
1	161.033
1	128.463
1	97.8453
1	95.3376
1	144.002
1	122.224
1	105.083
1	169.504
1	85.5556
1	129.031
1	87.4275
1	200.035
1	129.469
1	140.463
1	68.0977
1	196.067
1	35.2819
1	103.469
1	128.676
1	139.758
1	177.606
1	277.785
1	137.715
1	54.5857
1	105.514
1	83.9681
1	166.573
1	57.1582
1	121.284
1	118.643
1	75.5038
1	149.808
1	208.077
1	99.8967
1	181.376
1	125.454
1	112.178
1	245.519
1	99.9679
1	76.8146
1	116.58
1	106.221
1	140.591
1	233.794
1	100.854
1	137.825
1	133.381
1	100.51
1	58.9775
1	148.842
1	57.4153
1	182.857
1	124.346
1	126.548
1	99.5614
1	83.1909
1	57.1296
1	138.972
0	6.35621e-05
1	67.7215
1	199.453
1	93.642
1	192.625
1	62.3434
1	141.316
1	110.779
1	105.422
1	105.276
1	62.0492
1	105.036
1	85.6153
1	61.0334
1	89.7024
1	71.9692
1	78.38
1	93.4123
1	139.627
1	100.383
1	129.594
1	96.386
1	184.929
1	74.7299
1	104.78
1	92.827
1	127.645
1	95.1828
1	109.475
1	52.2565
1	77.4208
1	93.4199
1	128.099
1	111.368
1	119.963
1	122.08
1	86.351
1	98.1586
1	76.8038
1	86.5515
1	75.13
1	102.4
1	247.368
1	115.847
1	44.4176
1	58.845
1	85.6321
1	139.853
1	105.667
1	75.4537
1	181
1	64.3674
1	91.6678
1	67.9296
1	121.831
1	166.044
1	103.865
1	71.7462
1	147.164
1	138.843
1	87.7653
1	214.94
1	51.8406
1	70.6167
1	65.6582
0	102.146
1	79.0495
1	116.698
1	165.91
1	75.1066
1	178.806
1	158.836
1	53.4085
1	144.091
1	65.4087
1	191.268
1	96.4029
1	86.1612
1	112.248
1	188.735
1	110.724
1	283.133
1	78.0064
1	134.435
1	111.192
1	151.355
1	79.5449
1	203.011
1	78.5269
1	204.796
1	203.619
1	113.309
1	105.987
1	184.417
1	177.219
1	130.805
1	130.708
1	56.7742
0	14.5471
1	101.71
1	118.66
1	92.5983
1	116.989
1	82.2125
1	129.399
1	84.3559
1	118.245
1	167.589
1	89.6219
1	77.4487
1	83.3529
1	92.4988
1	137.919
1	223.412
1	47.2136
1	134.191
1	46.2508
1	71.248
1	109.712
1	46.7657
1	164.036
1	80.7291
1	83.0369
1	162.66
1	130.982
1	169.25
1	142.576
1	171.585
1	86.9331
1	116.478
1	125.753
1	90.1385
1	126.935
1	165.883
1	106.033
1	97.4383
1	87.4672
1	94.7718
1	91.6736
1	120.862
1	76.4469
1	100.298
1	129.612
1	69.7944
1	156.72
1	61.436
1	162.521
1	148.783
1	146.425
1	115.488
1	163.295
0	2.39912e-05
1	116.076
1	102.705
1	92.3684
1	148.318
1	67.9407
1	63.692
1	138.707
1	105.639
1	126.95
1	103.795
1	125.041
1	114.012
1	151.717
1	113.855
1	106.387
1	146.925
1	129.594
1	106.258
1	73.3131
1	70.1857
1	178.852
1	205.335
1	88.5146
1	137.095
1	74.5613
1	92.6186
1	40.3116
1	78.196
1	102.107
1	290.585
1	108.858
1	64.1095
1	71.7468
1	142.425
1	67.2436
1	187.22
1	117.426
1	109.224
1	152.467
1	203.479
1	127.48
1	71.8102
1	53.1512
1	110.199
1	117.09
1	278.017
1	132.27
1	76.3581
1	58.2175
1	144.425
1	260.986
1	96.372
1	105.079
1	71.1843
1	145.624
1	47.9102
1	75.1514
1	167.136
1	212.108
1	131.095
1	114.425
1	194.761
1	64.1515
1	61.7551
1	151.553
1	75.687
1	78.4477
1	107.941
1	172.714
1	142.662
1	70.6424
1	213.187
1	164.718
1	105.614
1	53.6176
1	87.4791
1	103.839
1	51.0899
1	133.597
1	83.7259
1	121.39
1	91.1943
1	128.787
1	82.4681
1	67.0181
1	110.514
1	111.164
1	59.7115
1	102.065
1	71.2417
1	91.5619
1	60.8768
1	118.443
1	97.5506
1	109.896
1	43.192
1	425.188
1	75.1586
1	142.216
1	78.029
1	115.584
1	141.395
1	120.678
1	121.59
1	69.8852
1	120.196
1	126.431
1	213.533
1	111.724
0	6.03815e-06
1	148.38
1	183.449
1	113.856
1	52.3766
1	118.534
1	104.786
1	68.7171
1	123.711
1	94.2737
1	118.595
1	61.7094
1	106.912
1	47.1972
1	62.1324
1	210.931
1	142.719
1	71.2633
1	107.344
1	119.815
0	1.24926e-05
1	185.07
1	114.83
1	98.3828
1	81.7997
1	69.1813
1	35.1171
1	79.2905
1	75.03
1	103.505
1	103.313
1	141.898
1	146.883
1	66.2697
1	75.4764
1	100.104
1	124.189
1	193.975
1	75.7234
1	75.8274
1	87.113
1	62.353
1	86.3571
1	73.3499
1	114.096
1	123.5
1	167.798
1	62.9647
1	189.274
1	164.087
1	121.966
1	118.882
1	71.6264
1	120.382
1	72.2901
1	138.545
1	141.901
1	120.936
1	141.612
1	95.4433
1	102.369
1	117.897
1	72.7298
1	50.4212
1	81.2276
1	140.198
1	111.385
1	63.6051
1	96.9247
1	106.403
1	53.8015
1	57.3993
1	164.149
1	130.624
1	62.1777
1	117.51
1	89.7363
1	53.3085
1	82.6082
1	174.241
1	106.882
1	154.138
1	86.6495
1	119.664
1	96.8171
1	129.696
1	163.733
0	3.81951
1	136.066
1	61.8472
1	135.809
1	130.44
1	80.8505
1	147.02
1	52.0307
1	81.4563
1	158.852
1	44.9797
1	111.005
1	128.096
1	165.614
1	84.7336
1	258.565
1	81.6329
1	78.8019
1	133.981
1	83.713
1	38.3191
1	79.0764
1	148.551
1	45.7157
1	132.621
1	97.9469
1	105.318
1	61.3292
1	90.9516
1	123.397
1	142.981
1	57.4659
1	95.9944
1	127.653
1	155.642
1	100.037
1	123.075
1	106.888
1	74.4293
1	91.3292
1	123.606
1	74.6765
1	144.002
1	137.182
1	87.712
1	115.61
1	100.404
1	91.1202
1	104.339
1	163.378
1	118.469
1	92.6017
1	100.221
1	87.9507
1	89.3597
1	86.4789
1	82.1702
1	167.339
1	123.619
1	63.9653
1	120.608
1	99.5504
1	68.0765
1	81.8262
1	78.2292
1	88.9839
1	74.6056
1	57.4132
0	7.35737
1	50.8264
1	157.552
0	1.08437e-05
1	97.5611
1	130.774
1	148.572
1	64.5121
1	94.2087
1	80.1464
1	126.923
1	91.8327
1	240.581
1	84.4597
1	127.648
1	116.591
1	160.209
1	106.484
1	63.8914
1	89.5528
1	89.947
1	58.4743
1	36.2477
1	62.5532
1	200.008
1	120.146
1	96.751
1	56.5373
1	109.63
1	138.482
1	256.237
0	2.11368e-05
1	92.8121
1	126.491
1	101.115
1	97.2902
1	37.3065
1	70.4947
1	118.024
1	96.7605
1	59.9774
1	149.111
1	104.575
1	109.047
1	53.0096
1	140.549
1	83.0213
1	112.176
1	99.2555
1	66.3933
1	102.059
1	127.911
1	96.1619
1	124.358
1	26.9752
1	81.4928
1	60.4491
1	68.5403
1	59.2873
1	177.93
1	143.722
1	144.833
1	104.213
1	143.694
1	86.3051
1	94.2955
1	53.8734
1	150.375
1	109.449
1	73.3432
1	68.2178
1	147.87
1	139.116
1	113.179
0	6.98909e-05
1	130.881
1	178.343
1	172.375
1	62.8297
1	87.9818
1	69.7162
1	101.825
1	244.621
1	53.5455
1	120.556
1	51.3792
1	71.7714
1	89.7014
1	77.5852
1	202.02
1	130.605
1	127.293
1	131.287
1	76.4753
1	177.195
1	81.1066
1	133.371
1	77.0738
1	118.53
1	120.236
1	39.3946
1	110.398
1	201.056
1	89.2248
1	107.846
1	123.836
1	76.5377
1	83.3886
1	71.6522
1	357.609
1	188.065
1	113.233
1	126.205
1	105.539
1	66.1534
1	215.148
1	55.8535
1	110.909
1	83.7109
1	143.067
1	188.84
1	274.666
1	125.824
1	92.9383
1	65.6096
1	176.952
1	145.357
1	65.7582
1	139.056
1	106.818
1	38.8021
1	105.646
1	62.0218
1	144.297
1	116.453
1	94.3701
1	128.036
1	163.485
1	68.6946
1	93.8436
1	170.144
1	92.5495
1	133.192
1	121.987
1	92.0581
1	177.919
1	152.644
1	108.771
1	95.1785
1	74.7444
1	169.458
1	116.093
1	96.2436
1	61.0013
1	70.2015
1	107.465
1	92.2868
1	145.321
1	110.242
1	124.651
1	97.819
1	82.1658
1	203.379
1	109.732
1	114.881
1	209.048
1	130.965
1	133.657
1	97.3331
1	133.122
1	153.195
1	76.0911
1	85.9339
1	106.27
0	0.267285
1	112.434
1	105.625
1	62.6793
1	144.678
1	120.813
1	155.109
1	252.315
1	79.0412
1	109.824
1	54.1293
1	76.6746
1	100.474
1	104.93
1	130.822
1	111.947
1	87.9746
1	57.3646
1	188.68
1	64.0854
1	65.6201
1	80.515
1	62.8694
1	176.986
1	67.7741
1	83.042
1	117.414
1	115.627
1	168.241
1	122.76
1	95.9404
1	142.15
1	180.148
1	132.691
1	148.689
1	46.3659
1	363.419
1	124.129
1	89.3126
1	87.5441
1	117.393
1	221.731
1	65.6355
1	183.812
1	62.9143
1	67.1778
1	126.968
1	92.9841
1	126.209
1	151.821
1	46.8775
1	169.045
1	144.378
1	97.5642
1	82.2037
1	100.436
1	112.185
1	172.484
1	172.234
1	83.8884
1	115.733
0	19.8367
1	123.608
1	47.4049
1	111.65
1	92.3433
1	73.1575
1	134.775
1	69.2932
1	91.0256
1	71.1931
1	81.7837
1	66.8281
1	214.923
1	105.047
1	219.393
1	162.949
1	90.3882
1	82.9419
1	94.9464
1	128.997
1	87.6703
1	130.001
1	52.7917
1	63.0069
1	83.1448
1	108.192
1	117.353
1	65.9108
1	77.8039
1	59.9914
1	56.8905
1	103.639
1	193.718
1	89.3896
1	111.235
1	93.1124
1	97.004
1	166.675
1	70.6775
1	54.248
1	51.8458
1	126.566
1	115.133
1	136.447
1	89.1632
1	116.728
1	95.1937
1	87.7803
1	216.599
1	160.803
1	85.2116
1	175.708
1	249.596
1	79.5349
1	125.68
1	68.5529
1	79.63
1	42.0855
1	53.9667
1	27.5687
1	129.262
1	41.8889
1	107.97
1	54.4733
1	101.6
1	145.306
1	134.602
1	104.255
1	135.605
1	116.229
1	90.7886
1	71.5482
1	106.352
1	128.789
1	121.1
1	248.875
1	68.3552
1	72.8739
1	113.409
1	125.521
1	48.5823
1	273.282
1	90.3997
1	50.9072
1	93.157
1	66.1722
1	97.0281
1	34.007
1	94.9466
1	135.797
1	45.2963
1	168.586
1	83.4183
1	115.51
0	27.8948
1	90.263
1	85.557
1	162.415
1	44.2694
1	101.787
1	93.3558
1	101.395
1	211.239
1	140.272
1	88.7386
1	68.9914
1	146.729
1	136.56
1	116.778
1	114.173
1	124.153
1	123.876
1	120.088
1	104.091
1	247.068
1	87.9759
1	115.961
1	54.983
1	149.597
1	58.7621
1	124.268
1	125.086
1	124.922
1	89.1839
1	122.349
1	54.2077
1	182.857
1	65.2213
1	66.4719
1	118.149
1	40.398
1	59.5727
1	112.293
1	151.366
1	120.613
1	56.5873
1	95.9465
1	86.8684
1	114.612
1	40.8377
1	213.725
1	55.032
1	58.8937
1	80.06
1	95.1841
1	138.193
1	150.29
1	124.243
1	142.748
1	53.8998
1	21.4868
1	118.659
1	64.8389
1	64.3981
1	101.932
1	134.878
1	167.582
1	143.316
1	119.303
1	100.19
1	121.426
1	135.827
1	139.37
1	60.5131
1	107.375
1	106.607
1	196.039
1	86.0947
1	100.359
1	152.264
1	68.5683
1	120.964
1	27.3028
1	63.7021
1	114.38
1	191.082
1	190.371
1	311.715
1	54.5665
1	137.092
1	112.846
1	127.136
1	51.2978
1	93.1853
1	65.3501
1	96.6683
1	154.353
1	92.756
1	142.944
1	171.521
1	89.5171
1	115.345
1	59.5138
1	99.281
1	83.5833
1	43.6793
1	77.7608
1	54.628
1	154.211
1	60.4931
1	100.505
1	130.933
1	130.871
1	127.071
1	130.914
1	134.727
1	194.087
1	153.25
1	167.81
1	90.2261
1	83.9235
1	105.047
1	48.5498
1	255.39
1	67.9197
1	122.639
1	129.798
1	70.4704
1	71.825
1	134.95
1	134.323
1	102.99
1	85.4881
1	194.295
1	68.4615
1	55.9644
1	159.613
1	47.4772
1	43.2203
1	256.407
1	73.6658
1	119.968
1	65.5361
1	141.257
1	157.783
1	121.261
1	137.143
1	83.2171
1	96.8501
1	87.0336
1	38.0116
1	200.025
1	92.4722
1	63.6861
1	38.7979
1	109.349
1	118.041
1	89.722
1	119.444
1	139.578
1	61.1577
1	101.679
1	110.849
1	80.3448
1	107.05
1	160.97
1	51.9097
1	125.576
1	154.348
1	134.671
1	89.2759
1	77.4489
1	128.372
1	72.8244
1	235.8
1	138.904
1	209.849
1	121.282
1	72.6716
1	74.474
1	127.182
1	122.527
1	127.758
1	67.0162
1	59.9207
1	97.2269
1	122.592
1	75.9292
1	141.751
1	129.193
1	119.909
1	84.8176
1	78.4654
1	72.7572
1	63.4653
1	92.192
0	6.78676e-06
1	141.291
1	151.606
1	216.381
1	57.8597
1	88.9495
1	83.8338
1	97.7908
1	141.43
1	81.0758
1	116.124
1	68.9441
1	44.5034
1	79.5061
1	104.368
1	125.788
0	6.29457e-05
1	86.3236
1	133.785
1	141.092
1	71.4439
1	327.498
1	199.201
1	122.525
1	71.6649
1	94.8035
1	88.4964
1	58.8463
1	90.9559
1	53.599
1	176.897
1	125.294
1	70.341
1	63.8383
1	166.166
0	163.984
1	146.599
1	69.4576
1	41.8925
1	213.815
1	60.7701
1	133.397
1	61.7323
1	73.7706
1	127.331
1	99.2713
1	120.873
1	152.588
0	2.69539e-05
1	341.45
1	122.781
1	86.8511
1	139.847
1	88.2058
0	1.19784e-05
1	109.601
1	107.418
1	51.3808
1	70.0526
1	106.83
1	109.902
1	94.0563
1	44.8774
1	70.3445
0	17.9008
1	173.606
1	104.964
1	57.4653
1	46.0727
1	115.589
1	185.688
1	148.497
1	122.518
0	5.73445e-06
1	197.28
1	115.225
1	65.3553
1	96.4169
1	138.18
1	107.558
0	9.88777e-06
1	103.111
1	50.7712
1	59.1831
1	177.393
1	111.103
1	36.8389
1	149.097
1	45.3153
1	103.597
1	98.9969
1	103.522
1	140.039
1	156.528
1	105.009
1	202.581
1	51.1897
1	99.6483
1	67.8498
1	181.001
1	89.9965
1	83.851
1	103.955
1	62.1738
1	68.1675
1	92.6496
1	170.882
1	30.5298
1	207.558
1	171.05
1	137.835
1	122.88
1	118.168
1	76.847
1	122.121
1	59.029
1	78.6988
1	99.8795
1	105.453
1	80.4003
1	79.6904
1	131.638
1	176.735
1	92.838
1	61.2634
1	45.0268
1	49.8804
1	77.9309
1	102.756
1	67.2246
1	132.312
1	42.2119
1	112.081
1	62.1979
1	83.5105
1	101.368
1	103.609
1	96.2777
1	118.542
1	75.3407
1	86.5818
1	208.934
1	95.6231
1	123.74
1	85.9179
1	101.263
1	66.0675
1	334.282
1	104.236
1	83.0373
1	139.302
1	128.241
1	76.6386
1	139.4
1	97.5938
1	69.4829
1	123.626
1	157.38
1	147.799
1	100.247
1	111.343
1	84.9774
1	174.179
1	64.2809
1	226.666
1	107.606
1	27.1586
1	87.0483
1	57.6105
1	120.69
1	133.848
1	75.3058
1	106.499
1	83.1754
1	78.6264
1	160.845
1	83.5128
1	106.036
1	87.5778
1	107.172
1	59.4279
1	110.77
1	188.712
1	97.7203
1	125.732
1	50.7389
1	87.0162
1	122.975
1	291.903
1	31.1962
1	79.708
1	91.8533
1	147.395
1	69.5211
1	153.632
1	110.53
1	93.2307
1	121.1
1	108.594
1	102.789
1	124.933
1	195.982
1	119.451
1	82.9981
1	157.084
1	69.0639
1	80.9362
1	141.285
1	90.2797
1	71.6678
1	83.4701
1	95.4189
1	104.324
1	90.2772
1	98.6194
1	70.8591
1	95.6667
1	130.519
1	109.994
1	142.722
1	119.319
1	70.1408
1	95.3982
1	56.9245
1	54.5827
1	110.39
1	92.6673
1	97.2522
1	95.139
1	94.0108
1	123.118
1	155.081
1	91.3947
1	125.557
1	123.559
1	97.7314
1	203.896
1	90.6669
1	178.645
1	135.65
1	37.9827
1	208.861
1	106.879
1	57.8265
1	96.4438
1	143.203
1	136.843
1	63.1234
1	104.751
1	91.8706
1	94.4833
1	238.308
1	254.709
1	90.0088
1	90.5947
1	77.4816
1	48.5119
1	143.576
1	89.5631
1	93.9348
1	176.753
1	140.291
1	136.991
1	108.078
1	56.0198
1	186.272
1	106.488
1	82.8856
1	104.527
1	82.5284
0	4.40994e-05
1	162.806
1	203.486
1	181.391
1	75.8553
1	111.397
1	57.4952
1	79.055
1	89.2562
1	128.177
1	160.103
1	101.344
1	90.0868
1	105.4
1	208.213
1	88.6639
1	144.717
1	50.4501
1	113.29
1	97.1302
1	77.8124
1	53.852
1	46.8542
1	35.6839
1	113.834
1	37.6599
1	24.7379
1	260.254
1	87.3257
1	44.8392
1	129.744
1	121.128
1	87.7465
1	126.81
1	109.444
1	220.847
1	167.681
1	58.4937
1	103.885
1	106.371
1	71.6992
1	95.0581
1	84.122
1	105.941
1	92.4403
1	111.404
1	198.735
1	78.7899
1	113.669
1	70.645
1	139.025
1	21.3508
1	85.4439
1	111.643
1	72.5972
1	81.7481
1	175.478
1	264.56
1	129.064
1	98.0523
1	124.611
1	80.3169
1	122.703
0	3.47356e-05
1	95.8119
1	72.2565
1	118.947
1	107.637
1	67.3364
1	68.3452
1	93.533
1	100.55
1	77.4738
1	43.4467
1	238.772
1	55.0941
1	35.6409
1	81.0965
1	41.3262
1	112.185
1	49.5037
1	111.256
1	152.188
1	108.767
1	48.9667
1	113.41
1	40.1204
1	76.8384
1	137.434
1	149.5
1	129.946
1	132.048
1	172.772
1	100.123
0	7.87667e-05
1	52.214
1	87.4744
1	110.071
1	144.892
1	117.448
1	148.069
1	153.236
1	100.323
1	166.89
1	233.823
1	92.8454
1	96.8488
1	61.774
1	59.5824
1	181.564
1	111.356
1	139.805
1	62.8553
1	127.057
1	70.7929
1	129.043
1	177.987
1	91.2851
1	65.4882
1	98.402
1	82.121
1	81.4112
1	130.536
1	119.988
1	142.507
1	72.1802
1	123.767
1	77.2353
1	105.537
1	157.153
1	60.7364
1	76.0021
1	124.682
1	122.132
1	108.506
1	149.231
1	104.483
1	77.7985
1	231.078
1	98.7935
1	69.5535
1	238.642
1	96.2306
1	108.102
1	121.907
1	182.198
1	122.215
1	69.7303
1	134.668
1	104.284
1	215.233
1	119.08
1	67.57
1	95.1157
1	112.069
1	131.326
1	72.9509
1	190.638
1	100.955
1	46.6438
1	110.432
1	116.251
1	112.439
1	121.994
1	82.2369
1	183.1
1	157.967
1	205.52
1	127.69
1	162.723
1	100.643
1	118.715
1	83.2091
1	125.542
0	81.9155
1	85.0841
1	58.4786
1	137.117
0	6.60857e-05
1	110.027
1	94.9569
1	104.031
1	52.0121
1	143.057
1	127.917
1	94.3584
1	114.274
1	66.6099
1	100.038
1	66.7439
1	147.96
1	94.217
1	73.1001
1	88.8147
1	77.5492
1	143.919
1	149.922
1	185.525
1	339.373
0	32.4577
1	79.229
1	117.219
1	79.4248
1	75.8611
1	223.357
1	114.159
1	60.846
1	144.156
1	163.708
1	163.65
1	130.917
1	69.9803
1	220.7
1	136.672
1	34.4296
1	98.0954
1	104.081
1	61.5403
1	203.19
1	147.484
1	132.722
1	163.591
1	58.1526
1	216.816
1	104.587
1	96.4454
1	70.727
1	77.2094
1	192.534
1	169.16
1	106.991
1	33.1494
1	128.779
1	86.3995
1	86.677
1	68.5372
1	180.25
1	205.48
1	147.928
1	73.0855
1	116.401
1	97.0771
1	190.74
1	245.689
1	80.1361
1	64.568
1	123.589
1	53.7226
1	80.1954
1	155.036
1	157.501
1	198.167
1	48.3073
1	132.261
1	52.2256
1	78.6904
1	122.232
1	144.224
1	98.6046
1	109.764
1	127.05
1	148.133
1	110.105
1	80.2797
1	108.312
1	65.8127
1	122.416
1	39.0071
0	9.82503e-05
1	138.125
1	79.0639
1	106.145
1	42.4525
1	283.137
1	39.0796
1	83.4937
1	47.9799
1	76.9323
1	76.1932
1	171.938
1	217.824
1	160.867
1	72.3888
1	47.9137
1	79.2231
1	239.52
1	90.3273
1	111.392
1	89.6544
1	288.403
1	99.0189
1	138.09
1	61.0643
1	54.865
1	72.461
1	239.22
1	66.646
1	82.0885
1	28.4251
1	64.6543
1	110.72
1	73.9895
1	91.0568
1	94.8219
1	205.529
1	110.678
1	78.1568
1	67.9003
1	144.169
1	206.763
1	96.3564
1	110.934
1	127.118
1	91.0968
1	91.5695
1	108.318
1	126.393
1	58.1931
1	166.682
1	74.0022
1	106.44
1	195.345
1	109.184
1	81.9866
1	165.025
1	74.0494
1	52.5218
1	156.93
1	79.2774
1	107.854
1	144.994
1	246.202
1	80.6578
1	58.9815
1	60.4314
1	131.725
1	75.0902
1	80.122
1	149
1	72.3709
1	108.403
1	134.526
1	60.6533
1	75.6614
1	71.7598
1	119.607
1	92.6378
1	205
1	88.466
1	135.047
1	172.354
1	70.645
1	225.279
1	118.474
1	94.9763
1	169.403
1	105.836
1	61.0668
1	108.737
1	102.099
1	86.0637
1	64.6669
1	69.7822
1	121.122
1	78.8398
1	54.404
1	101.935
1	80.9499
1	132.18
1	165.334
1	124.814
1	216.713
1	105.529
1	148.519
1	80.4942
1	60.0561
1	64.5208
1	47.6059
1	269.923
1	111.113
1	119.389
1	148.889
1	51.9148
1	86.3612
1	57.0557
1	61.3191
1	121.373
1	125.787
1	117.235
1	64.139
1	137.845
1	62.432
1	187.135
1	68.1871
1	124.476
0	6.86968e-06
1	57.6589
1	82.6544
1	108.305
1	117.978
1	98.3595
1	171.077
1	173.699
1	69.5547
1	104.529
1	113.204
1	50.1738
1	77.2613
1	133.511
1	144.042
1	93.7493
1	167.512
1	144.092
1	67.6993
1	56.5665
1	132.71
1	155.004
1	154.731
1	80.5372
1	216.435
1	124.604
1	104.956
1	111.955
1	110.971
1	112.47
1	84.3587
1	77.5622
1	78.3376
1	181.429
1	42.7874
1	69.4097
1	123.045
1	101.943
0	3.69593
1	121.858
1	121.555
1	180.77
1	64.4573
1	102.114
1	71.0777
1	157.105
1	113.033
1	128.778
1	80.0988
1	116.925
1	109.397
1	275.448
1	71.0338
1	66.8775
1	89.4618
1	336.977
1	97.1244
1	210.869
1	173.47
1	108.867
1	143.02
1	121.437
1	86.9775
1	71.0121
1	130.562
1	164.492
1	102.018
1	82.5109
1	162.154
1	53.2326
1	146.383
1	183.011
1	119.964
1	120.646
1	120.354
1	118.704
1	139.476
1	75.8931
0	1.21801e-05
1	146.784
1	59.1364
1	121.377
1	78.8375
1	58.1088
1	56.588
1	55.1989
1	172.428
1	74.0886
1	67.5592
1	66.3216
1	84.0963
1	88.098
1	130.949
1	55.9412
1	133.011
1	53.4561
1	131.726
1	60.1194
1	85.8278
1	234.587
1	67.4546
1	61.3129
1	157.809
1	79.7038
1	142.865
1	125.659
1	62.0041
1	54.7801
1	36.8885
1	132.286
1	80.8472
1	101.63
1	123.95
1	143.707
1	41.3293
1	35.9388
1	81.9688
1	202.779
1	89.783
1	85.9723
1	118.871
1	105.07
1	105.528
1	69.1349
1	57.8914
1	219.78
1	98.0113
1	123.759
1	110.209
1	62.69
1	59.7005
1	89.9743
1	89.6043
1	114.586
1	150.606
1	113.027
1	101.288
1	57.9635
1	79.2496
1	55.4685
1	200.225
1	146.323
1	128.8
1	57.2465
1	75.598
1	210.487
1	96.4007
1	168.71
1	135.503
1	109.052
1	197.206
1	274.174
1	385.765
1	85.907
1	94.6333
1	88.6505
1	114.261
1	64.2854
1	52.6041
1	107.945
1	96.9721
1	67.9492
1	229.616
1	37.695
1	69.4781
0	19.9098
1	56.357
1	61.3134
1	159.361
1	61.2949
1	127.905
1	146.767
1	86.6837
1	66.3548
1	71.5386
0	73.469
1	176.842
1	118.477
1	95.0645
1	183.553
0	76.2438
1	130.4
1	85.5442
1	111.468
1	131.646
1	118.372
1	118
1	160.941
1	122.304
1	110.994
1	83.6371
1	140.973
1	126.48
1	63.7152
1	117.508
1	162.75
1	135.576
1	125.416
1	64.9523
1	169.986
1	147.331
1	133.893
1	93.2428
1	103.259
1	197.542
1	124.677
1	65.5081
1	134.163
1	155.844
1	47.1908
1	88.0715
1	61.7887
1	183.502
1	161.337
1	94.2101
0	58.1536
1	42.9337
1	116.779
1	157.712
1	75.3022
1	223.011
1	76.5592
1	110.219
1	141.636
1	93.0846
1	127.536
1	88.3348
1	51.8878
1	128.445
1	63.286
1	69.4442
1	119.18
1	92.8807
1	154.353
1	85.6813
1	155.522
1	124.215
1	70.5486
1	91.3597
1	137.156
1	113.965
1	81.8876
1	48.0589
1	58.6949
1	182.291
1	234.897
1	30.7551
1	87.1081
1	119.192
1	80.4533
1	81.9009
1	100.473
1	63.1985
1	100.606
1	110.882
1	152.417
1	165.293
0	3.56847
1	80.8389
1	138.787
1	102.651
1	96.7763
1	216.734
1	35.7532
1	41.1139
1	184.274
1	125.648
1	55.665
1	135.511
1	141.176
1	134.135
1	109.138
1	57.9624
1	130.18
1	100.315
1	268.273
1	106.673
1	69.4769
1	124.678
1	118.159
1	66.9916
1	65.5083
1	44.5031
1	89.3053
1	77.9956
1	142.215
1	86.9035
1	181.482
1	64.977
1	84.9967
1	107.583
1	110.577
1	84.4589
1	91.3785
1	61.7517
1	123.248
1	56.5599
1	68.2951
1	164.355
1	85.8601
1	245.085
1	127.493
1	48.0089
1	190.509
1	89.1123
1	104.734
1	130.4
1	75.8929
1	48.9626
1	141.97
1	103.759
1	116.719
1	70.8657
1	96.3414
1	144.821
1	105.316
1	189.271
1	108.252
1	122.779
1	128.652
1	146.524
1	134.732
1	54.2169
1	104.125
1	69.473
1	137.437
1	91.9601
1	133.441
1	133.815
1	93.4028
1	35.7816
1	137.014
1	145.291
1	98.6105
1	73.4373
1	69.9134
1	104.322
1	107.207
1	40.3779
1	106.97
1	76.7022
1	86.0698
1	83.5299
1	96.838
1	79.7029
1	50.3931
1	82.8075
1	75.9438
1	123.893
1	232.287
1	127.587
1	149.526
1	66.5352
1	108.294
1	82.7519
1	83.0527
1	118.295
1	86.2456
1	106.554
1	80.2504
1	116.464
1	77.3076
1	151.577
1	48.9342
1	189.987
1	97.9517
1	100.452
1	250.415
1	74.5323
1	118.097
1	82.2502
1	95.301
1	48.0316
1	43.9743
1	72.421
1	117.662
1	120.368
1	112.269
1	27.9079
1	58.8817
1	296.592
1	85.9743
1	97.38
1	229.678
1	230.014
1	196.201
1	95.2463
1	129.353
1	70.3336
1	155.582
1	69.1181
1	78.0795
1	85.2355
1	203.109
1	199.971
1	69.1254
1	202.899
1	83.1276
1	173.568
1	155.261
1	55.8453
1	140.841
1	109.772
0	6.88687e-05
1	162.211
1	197.067
1	140.288
1	73.6475
1	122.138
1	67.7289
1	105.893
1	160.022
1	48.2114
1	63.0398
1	127.169
1	54.3048
1	71.6307
1	152.94
1	81.1383
1	127.555
1	83.4536
0	15.5108
1	76.4702
1	64.6627
1	128.849
1	157.594
1	93.7089
1	224.549
1	199.642
1	108.504
1	57.0005
1	185.819
1	80.3337
1	159.041
0	2.28693e-06
1	74.2016
1	178.3
1	84.1661
1	119.263
1	95.7911
1	98.2065
1	89.3093
1	138.496
1	104.666
1	125.741
1	37.0345
1	76.0432
1	108.204
1	128.187
1	219.445
1	51.3559
1	57.6215
1	67.8726
1	100.595
1	83.2312
1	61.9461
1	149.399
1	115.397
1	76.806
1	130.178
1	59.3615
1	55.2066
1	71.451
1	86.3523
1	88.9625
1	130.614
1	51.6989
1	39.8745
1	120.884
1	153.498
1	201.321
1	98.5181
1	106.754
1	172.499
1	168.714
1	193.046
1	64.254
1	55.331
1	193.713
1	120.147
1	112.616
1	58.5993
1	82.5226
1	136.175
1	95.6459
1	98.1316
1	160.736
1	75.5906
1	66.2555
1	121.727
1	100.358
1	105.233
1	66.7772
1	113.869
1	72.1085
1	81.2708
1	259.509
1	96.5307
1	65.2003
1	129.383
1	187.973
1	97.3526
1	96.1191
1	182.433
1	91.5555
1	66.2568
1	54.6501
1	54.5565
1	43.3706
1	60.8858
1	60.2471
1	38.7604
1	42.0592
1	86.4538
1	114.956
1	57.403
1	181.425
1	209.868
1	170.124
1	164.806
1	152.6
1	103.309
1	73.147
0	2.30822e-05
1	64.7791
1	84.99
1	132.134
1	34.3215
1	96.5948
1	127.31
1	129.806
1	76.4049
1	128.927
1	104.387
1	88.1312
1	140.113
1	64.6307
1	50.1961
0	5.26324e-06
1	181.297
1	106.573
1	204.486
1	181.156
1	131.074
1	94.3252
1	27.1796
1	157.047
1	127.637
1	44.2928
1	96.7024
1	164.408
1	85.4227
1	86.6521
1	96.0486
1	97.6875
1	105.108
1	56.5744
1	65.4399
1	158.536
1	86.1024
1	134.041
1	100.654
1	151.272
1	236.406
1	122.273
1	102.196
1	95.3937
1	99.9869
1	81.6145
1	128.122
1	98.0941
1	48.7215
1	82.3482
1	112.434
1	148.022
1	143.29
1	107.897
1	212.834
1	48.0624
1	95.7762
1	101.508
1	53.8917
1	99.4827
1	122.223
1	97.3568
1	101.701
1	111.964
1	97.0244
1	55.1723
1	58.6208
1	80.9974
1	60.3061
1	248.771
1	138.938
1	88.2358
1	132.742
1	137.803
1	58.4311
1	60.4863
1	66.8166
1	115.439
1	64.2648
1	36.5907
1	118.546
1	110.572
1	99.0574
1	59.932
1	78.7526
1	88.5502
1	135.966
1	60.5425
1	144.144
1	70.8465
1	116.124
1	129.994
1	57.4697
1	132.52
1	106.49
1	112.461
1	98.3256
1	133.887
1	80.4742
1	99.8399
1	100.084
1	99.1094
1	175.584
1	94.2651
1	83.6867
1	90.8013
1	124.826
1	115.737
1	162.965
1	256.872
1	154.319
1	153.637
1	66.5199
1	50.0535
1	131.771
1	176.073
1	99.7942
1	136.694
1	134.45
1	87.0365
1	78.2855
1	67.5124
1	61.1351
1	74.3342
1	88.0155
1	130.087
1	76.0865
1	101.862
1	80.6525
1	204.864
1	60.0498
1	226.966
1	46.038
1	135.955
1	173.395
1	58.3774
1	189.288
1	126.003
1	96.7536
1	56.328
1	181.424
1	111.296
1	42.9128
1	66.7698
1	122.166
1	33.6617
1	73.5696
1	106.296
1	117.795
1	251.449
1	67.2043
1	100.32
1	34.4349
1	136.197
1	75.7314
1	145.383
1	202.313
1	61.9157
1	251.786
1	51.6684
1	99.7711
1	85.3938
1	73.7213
1	107.749
1	133.923
1	144.117
1	90.6863
1	284.245
1	133.781
1	156.04
1	83.6347
1	123.276
1	40.1934
1	104.465
1	175.563
1	102.264
1	79.7069
1	68.1142
1	110.663
1	94.1259
1	85.1679
1	135.707
1	47.7374
1	104.108
1	117.469
1	64.5358
1	60.6969
1	44.4116
1	137.218
1	92.3942
1	161.173
1	123.824
1	55.0565
1	96.9354
1	116.352
1	130.97
1	98.7123
1	107.686
1	73.7309
1	241.808
1	75.7655
1	110.404
1	148.101
1	247.603
1	121.118
1	190.154
1	89.716
1	213.656
1	244.82
1	101.716
1	65.2448
1	73.4684
1	36.0421
1	82.5308
1	99.5966
1	119.759
1	142.06
1	90.8316
1	124.986
1	61.1402
1	68.7095
1	182.627
1	72.0459
1	213.851
1	96.561
1	93.7209
1	83.6776
1	83.2353
1	62.804
1	93.4011
1	146.184
1	89.3065
1	166.924
1	92.6648
1	76.2996
1	71.9753
1	116.152
1	195.899
1	154.627
1	134.666
1	108.258
1	63.1508
1	177.032
1	83.1062
1	83.7278
1	80.5699
1	105.123
1	191.583
1	159.296
1	78.5919
1	92.6211
1	108.194
1	73.1717
1	119.699
1	41.1009
1	82.1862
1	356.355
1	109.9
1	37.9047
1	96.5874
1	90.7772
1	59.4346
1	67.2469
1	79.2185
1	57.2107
1	75.165
1	208.303
1	28.5488
1	88.7596
1	238.588
1	147.747
1	88.0597
1	85.6893
1	337.76
1	149.939
1	136.307
1	45.4375
1	221.166
1	95.4255
1	157.059
1	104.072
1	285.781
1	133.741
1	74.5242
1	86.7529
1	83.3112
1	64.7649
1	127.742
1	77.0246
1	92.5987
1	92.995
1	152.519
1	88.8049
1	110.564
1	107.53
1	142.748
1	78.1932
1	226.775
1	94.1411
1	61.039
1	123.598
1	69.2315
1	161.517
1	64.717
1	69.0751
1	110.073
1	177.888
1	113.197
1	94.0045
1	78.9065
1	57.7068
1	142.241
1	114.51
1	214.744
1	211.915
1	144.03
1	94.7527
1	58.1931
1	115.249
1	106.638
1	175.274
1	76.6996
1	54.0234
1	111.505
1	132.812
1	125.615
1	65.5786
1	196.752
1	155.211
1	93.178
1	151.226
1	57.6793
1	83.1146
1	98.8918
1	95.7148
1	138.564
1	120.072
1	108.409
1	56.511
1	61.1
1	124.765
1	122.392
1	121.642
1	54.0503
1	110.921
1	146
1	53.2515
1	81.3085
1	106.01
1	66.9529
1	122.142
1	52.2508
1	93.6075
1	101.947
1	68.672
1	114.443
1	135.22
1	223.051
1	160.167
1	63.1879
1	196.198
1	74.6149
1	185.049
1	151.728
1	63.5422
1	72.151
1	64.9051
1	49.4156
1	100.713
1	146.329
1	59.5814
1	116.417
1	52.6847
1	174.548
1	216.703
1	108.502
1	165.719
1	101.356
1	72.9765
1	166.258
1	84.0727
1	115.571
1	141.195
1	58.081
1	127.267
1	59.9247
0	7.08894e-05
1	43.5647
1	47.0738
1	78.7338
1	71.9957
1	124.085
1	181.225
1	156.666
1	97.5132
1	165.919
1	138.834
1	58.2301
1	69.1261
1	139.95
1	166.832
1	63.0207
1	153.849
1	156.327
1	149.886
1	116.588
1	144.791
1	119.657
1	108.965
1	71.425
1	91.7459
1	99.1995
1	112.595
1	196.461
1	79.1177
1	104.91
1	126.372
1	79.6547
0	28.3344
1	95.5157
1	99.6542
1	75.9921
1	118.03
1	158.37
1	73.3782
1	112.166
1	72.2862
1	93.142
1	132.638
1	135.786
1	112.979
1	106.093
1	114.35
1	126.49
1	207.406
1	155.273
1	112.607
1	130.292
1	92.6666
1	50.1971
1	96.0314
1	38.4495
1	86.878
1	148.921
1	181.783
1	62.0701
1	59.3409
1	47.5173
1	107.153
1	195.748
1	80.4543
1	82.6867
1	170.221
1	97.505
1	136.921
1	112.666
1	75.9436
1	168.314
1	49.2706
1	171.246
1	84.5633
1	113.086
1	62.9663
1	68.7272
1	99.8037
1	45.7928
1	89.6457
1	49.3603
1	76.4304
1	47.2981
1	85.3255
1	80.8109
1	113.512
1	63.6375
1	84.1724
1	112.825
1	154.583
1	148.15
1	62.6447
1	84.5407
1	54.5052
1	85.2183
1	79.8876
1	133.34
1	111.141
1	68.171
1	51.9956
1	104.936
1	179.893
1	196.031
1	159.468
1	160.358
1	135.959
1	174.027
1	222.276
1	299.956
1	104.829
1	83.9171
1	60.1622
1	106.92
1	100.588
1	53.2468
1	185.817
1	115.35
1	145.033
1	108.81
1	46.0807
1	164.861
1	145.356
1	178.357
1	125.278
1	92.061
1	49.1118
1	133.044
1	198.576
1	159.14
1	168.009
1	106.787
1	137.722
1	145.877
1	69.3714
1	141.58
1	85.7584
1	71.8114
1	66.9351
1	120.295
1	85.6587
1	105.112
1	324.872
1	266.651
1	102.16
1	88.8105
1	78.5455
1	186.751
1	92.8151
1	82.2546
1	22.6839
1	133.252
1	112.106
1	98.5924
1	56.8966
1	120.37
1	63.6939
1	125.97
1	71.6462
1	142.8
1	404.652
1	70.8374
1	134.543
1	100.919
1	109.529
1	107.714
1	143.681
1	68.1326
1	103.04
1	103.403
1	260
1	104.594
1	102.012
1	151.81
1	249.121
1	63.4767
1	116.615
1	136.887
1	87.9184
1	77.8083
1	121.625
1	75.0934
1	132.564
1	77.0268
1	115.963
1	200.557
1	57.6068
1	131.369
1	111.427
1	111.872
1	97.1521
1	111.802
1	44.722
0	2.99498e-05
1	69.1327
1	132.732
1	70.7674
1	151.872
1	110.351
1	151.733
1	117.221
1	159.325
1	141.194
1	88.52
1	138.857
1	35.9912
1	81.8866
1	55.7483
1	57.1324
1	106.703
1	141.987
1	89.4733
1	65.4026
1	91.2753
1	114.483
1	93.2009
1	98.3658
1	58.6314
1	194.579
1	70.3326
1	141.646
1	66.4953
1	26.9822
1	81.3839
1	93.2551
1	77.8149
1	130.118
1	190.57
1	139.222
1	164.208
1	69.3031
1	53.7121
1	97.3809
1	133.369
1	76.3579
1	165.991
1	87.0976
1	103.418
1	115.003
1	108.61
1	150.127
1	124.371
1	133.024
1	49.5452
1	123.228
1	131.605
1	96.7112
1	49.2032
1	104.455
1	139.301
1	72.3919
1	157.414
1	51.7458
1	143.006
1	259.667
1	332.545
1	104.864
0	20.0254
0	5.79023e-06
1	82.8027
1	145.948
1	170.748
1	135.207
1	97.031
1	105.817
1	140.929
1	121.281
1	168.876
1	103.202
1	77.2893
1	82.4384
1	145.744
1	93.13
1	29.3193
1	78.7899
1	103.798
1	135.284
1	163.15
1	94.018
1	101.259
1	128.075
0	21.3172
1	232.694
1	83.6448
1	104.419
1	138.27
1	139.786
1	48.5828
1	121.971
1	101.859
1	67.9802
1	54.7686
1	114.594
1	97.2592
1	120.495
1	85.1845
1	52.1716
1	163.53
1	128.11
1	121.385
1	151.366
1	121.171
1	91.0077
1	128.527
1	67.9066
1	52.5777
1	61.8047
1	123.897
1	128.196
1	162.531
1	94.5343
1	118.698
1	67.1363
1	65.8716
1	64.8723
1	95.8558
1	96.015
1	79.1019
1	22.0224
1	80.7646
1	88.4178
1	147.778
1	141.875
1	64.4992
1	123.952
1	90.2821
1	78.376
1	91.8551
1	93.3203
1	115.484
0	30.859
1	160.724
1	91.8761
1	44.6044
1	92.7503
1	94.976
1	103.999
1	125.966
1	111.344
1	61.727
1	84.5568
1	99.424
1	134.353
1	99.8067
1	154.769
1	87.4503
1	176.923
1	125.194
1	95.1494
1	100.573
1	53.8069
1	116.798
1	75.2449
1	191.909
1	77.9444
1	114.86
1	146.233
1	144.508
1	33.4724
1	108.511
1	88.4106
1	122.378
1	118.613
1	64.741
1	103.66
1	43.4439
1	69.147
1	119.74
1	116.297
1	70.6396
0	120.666
1	119.002
1	162.567
1	140.068
1	178.402
1	93.714
1	220.408
1	73.9837
1	138.138
1	111.601
1	61.7302
1	134.694
1	129.208
1	126.079
1	156.666
1	93.3592
1	78.4972
1	51.778
1	53.932
1	93.6343
1	89.0854
1	242.872
1	115.347
1	140.446
1	81.0303
1	99.9278
1	50.2164
1	102.468
1	75.9013
1	71.443
1	130.455
1	155.779
1	194.886
1	62.6014
1	103.261
1	99.0966
0	43.8315
1	93.3234
1	67.4367
1	100.64
1	217.771
1	140.288
1	67.7173
1	66.8679
1	172.146
1	126.394
1	237.348
1	119.692
1	76.7373
1	57.7467
1	190.911
1	91.9477
1	207.907
1	115.685
1	92.6562
1	144.824
1	113.284
1	300.689
1	138.096
1	69.4959
1	149.832
1	72.5012
1	237.196
1	151.04
1	81.3723
1	127.215
1	161.668
1	211.335
1	101.086
1	354.131
1	98.365
1	48.818
1	79.992
1	91.2296
1	120.904
1	85.1425
1	85.3235
1	78.1194
1	146.985
1	72.6741
1	93.6543
1	77.8195
1	53.6601
1	150.088
1	68.0201
1	113.771
1	115.796
1	89.2946
1	75.2708
1	189.661
1	174.496
1	154.342
1	102.197
1	56.079
1	209.337
1	102.713
1	103.631
1	110.184
1	85.1029
1	131.811
1	101.394
1	60.8536
1	78.245
1	79.7987
1	96.4549
1	188.751
1	145.656
1	136.117
1	79.8067
1	92.2621
1	149.373
1	195.469
1	115.966
1	192.682
1	59.7642
1	112.026
1	72.9039
1	146.277
1	72.6601
1	160.042
1	102.151
1	82.8894
1	109.591
1	70.5031
1	145.677
1	123.108
1	112.22
1	128.419
1	217.265
1	71.2714
1	226.149
1	105.067
1	78.5805
1	66.8738
1	140.85
1	72.6548
1	62.143
1	79.3057
1	66.8846
1	115.052
1	169.81
1	290.07
1	176.045
1	162.387
1	66.8199
1	119.492
1	158.65
1	82.6573
1	135.44
1	95.0487
1	112.585
1	97.0133
1	94.7131
1	134.932
1	110.762
1	52.8102
1	83.5679
1	141.183
1	172.3
1	90.67
1	61.4175
1	117.383
1	30.5636
1	122.794
1	87.7389
1	178.465
1	173.454
1	159.876
1	75.8654
1	96.7232
1	54.7434
1	116.666
1	190.841
1	106.551
1	112.224
1	131.397
1	144.043
1	91.184
1	58.3268
1	66.0015
1	101.358
1	136.927
1	73.3014
1	83.5403
1	110.499
1	114.665
1	130.183
1	27.6053
1	113.997
0	2.42434e-05
1	47.1755
1	82.4788
1	86.3163
1	133.611
1	110.251
1	43.7777
1	53.3947
1	46.7356
1	68.0443
1	76.5392
1	46.2467
1	74.7578
1	87.6825
1	73.0452
1	100.039
1	186.303
1	151.436
1	144.104
0	2.53655e-05
1	160.479
0	8.23899e-06
1	118.546
1	84.2843
1	92.7843
1	48.1128
1	108.285
1	109.691
1	123.055
1	165.987
1	174.311
1	74.2569
1	121.296
1	63.5561
1	55.5775
1	164.397
1	119.915
1	127.798
1	187.802
1	143.536
1	58.0983
1	136.491
1	249.375
1	239.055
1	97.2715
1	93.9433
1	63.3851
1	137.273
1	48.3545
1	93.7825
1	78.7458
1	86.651
1	234.495
1	160.225
1	65.1809
1	68.8463
1	75.3049
1	168.954
1	107.344
1	154.736
0	48.8977
1	151.997
1	66.1069
1	97.5821
1	173.392
1	76.1977
1	72.7283
1	189.315
1	158.23
1	64.4156
1	107.118
1	120.521
1	61.6962
1	65.3251
1	167.448
1	135.342
1	64.4055
0	2.3628e-05
1	172.829
1	82.7233
1	104.968
1	80.5346
1	82.8909
1	113.313
1	134.931
0	9.03069e-05
1	74.5408
1	126.713
1	153.194
1	67.4483
1	125.745
1	213.086
1	52.0891
1	58.9424
1	164.632
1	109.482
1	116.801
1	119.566
1	99.4485
1	107.89
1	53.4575
1	72.0418
1	98.8849
1	103.158
1	57.8289
1	104.179
1	85.5865
1	131.071
1	50.6239
1	135.75
1	60.4818
1	70.7237
1	69.5107
1	96.6524
1	171.507
1	151.637
1	92.284
1	131.455
1	129.647
1	113.708
1	203.914
1	85.0349
1	173.671
1	124.562
1	88.2209
1	127.335
1	72.9449
1	199.757
1	305.168
1	78.4016
1	55.0601
1	123.782
1	161.934
1	75.8994
1	157.979
1	192.141
1	65.4553
1	47.802
1	103.357
1	129.226
1	59.3141
0	5.41268e-05
1	44.9844
1	151.364
1	84.5962
1	76.2237
1	106.64
1	140.652
1	91.3746
1	113.348
1	42.7099
1	116.639
1	121.855
1	211.831
1	126.278
1	65.7021
1	61.6694
1	84.7019
1	130.34
1	192.201
0	14.641
1	178.318
1	107.149
1	104.915
1	119.705
1	113.452
1	82.5231
1	89.9697
1	245.197
1	150.833
1	129.977
1	105.15
1	150.63
1	86.7305
1	133.535
1	110.019
1	137.995
1	43.3314
1	158.561
1	109.032
1	76.8166
1	53.3329
1	156.05
1	75.7997
1	187.018
1	59.5015
1	160.801
1	133.236
1	101.998
1	195.08
1	157.493
1	195.129
1	32.0129
1	88.3955
1	117.248
1	119.036
1	67.5998
1	88.9061
1	70.4164
1	88.6834
1	96.3041
1	56.4932
1	59.7399
1	43.9078
1	211.471
1	144.215
1	246.525
1	151.695
1	59.716
1	86.1206
1	93.1402
0	2.35993e-05
0	2.96472e-05
1	153.059
1	73.8162
1	88.5119
1	134.38
1	66.4146
1	70.627
0	36.9808
1	92.3329
1	66.3552
1	88.9766
1	195.388
1	93.9941
1	86.4328
1	172.822
1	57.2914
1	146.223
1	286.176
1	157.521
1	71.6253
1	94.0767
1	129.22
1	108.06
1	82.4378
1	83.1146
1	65.1832
1	138.634
1	128.985
1	161.611
1	65.4933
0	31.8468
1	126.98
1	84.5219
1	225.026
1	74.0699
1	131.151
1	80.9179
1	89.0227
1	106.06
1	175.561
1	96.496
1	153.085
1	94.7387
1	85.4692
1	45.9296
1	194.253
1	95.466
1	149.342
1	48.5537
1	131.15
1	116.469
1	161.399
1	165.824
1	75.7117
1	93.8097
1	207.851
1	89.3638
1	61.9394
1	130.617
1	58.8508
1	162.719
0	2.66688e-05
1	117.739
1	91.0611
1	103.09
1	179.146
1	98.7548
1	127.202
1	108.169
1	170.83
1	119.012
1	64.0238
1	135.213
1	100.923
1	111.416
1	64.2858
1	100.013
1	126.116
1	133.682
1	107.063
1	92.0793
1	28.3036
1	141.813
1	76.3294
1	65.082
1	81.888
1	93.6213
1	82.4135
1	153.792
1	159.652
1	90.055
1	102.179
1	45.5944
1	109.786
1	171.16
1	134.512
1	133.951
1	132.338
1	123.56
1	142.517
0	69.4444
1	82.675
1	126.342
1	112.684
1	82.8062
0	7.00795e-06
1	116.368
1	100.785
1	68.5517
1	78.0585
1	84.5633
1	93.4113
1	119.446
1	252.735
1	329.604
1	55.955
1	100.013
1	93.7307
1	103.741
1	87.7314
1	101.154
1	161.77
1	54.0633
1	203.367
1	91.5821
1	113.574
1	124.432
0	2.05618e-05
1	53.7112
1	82.8191
1	81.8525
1	171.189
1	171.489
1	139.765
1	118.336
1	157.955
1	104.786
1	107.805
1	53.604
1	195.828
1	85.375
1	103.977
1	164.31
1	130.206
1	190.546
1	222.965
1	66.9983
1	69.2427
1	96.8132
1	38.825
1	37.0098
1	134.603
1	178.103
1	42.5543
1	134.433
1	88.6846
1	146.488
1	140.617
1	51.1981
1	110.628
1	72.2197
1	163.098
1	97.586
1	182.952
1	76.5068
1	37.6118
1	36.7626
1	66.1937
1	59.6097
1	224.466
1	139.518
1	117.172
1	49.0176
1	160.862
1	84.9804
1	220.365
1	132.962
1	67.1119
1	255.275
1	97.7358
1	99.7655
1	78.5969
1	109.861
1	110.349
1	76.803
1	148.707
1	103.85
1	108.355
1	122.822
1	183.113
1	165.372
1	168.862
1	67.3016
1	231.947
1	213.397
1	124.508
1	196.574
1	73.7961
1	247.555
1	125.682
1	152.699
1	30.0482
1	110.096
1	132.651
1	49.943
1	109.718
1	129.214
1	95.054
1	68.9213
1	202.764
1	47.8507
1	72.1017
1	140.194
1	203.012
1	80.9504
1	117.415
1	62.7294
1	60.1639
1	43.4451
1	80.3202
1	87.0215
1	134.964
1	125.028
1	94.9669
1	84.9815
1	41.6929
1	126.342
1	104.225
0	6.47865e-06
1	74.485
1	152.987
1	111.947
1	71.3403
1	65.059
1	79.8273
1	71.1034
1	148.689
1	179.459
1	62.346
1	221.82
1	161.431
1	72.0501
1	115.362
1	73.3859
0	3.56033e-05
1	108.818
1	56.1695
1	140.194
1	93.6246
1	73.0467
1	58.7013
0	156.328
1	131.802
1	144.108
1	96.9324
1	92.7506
1	107.708
1	121.329
1	60.5158
1	58.1403
1	86.2322
1	79.6845
1	143.489
1	105.127
1	89.5957
1	60.7916
1	242.676
1	73.3849
1	119.573
1	120.666
1	181.522
1	174.655
1	120.125
1	96.7325
1	120.707
1	66.9948
1	53.7437
1	79.4064
1	90.2281
1	113.842
1	47.2859
1	51.4145
1	105.882
1	45.1123
1	142.298
1	93.9221
1	139.601
1	156.461
1	145.383
1	115.349
1	91.0507
1	218.554
1	103.481
1	116.102
1	99.3688
1	143.873
1	129.923
1	124.143
1	106.8
1	96.0045
1	66.9461
1	85.3247
1	91.0411
1	65.6766
1	103.05
1	59.6198
1	131.235
1	167.665
1	49.8013
1	55.3759
1	109.311
1	85.9672
1	67.7101
1	106.415
1	138.31
1	125.964
1	76.8778
1	157.552
1	117.995
1	196.07
1	199.608
1	90.1014
1	77.2785
1	154.451
1	77.9354
1	49.4044
1	78.6774
1	226.087
1	57.9266
1	60.4484
1	56.3597
1	71.26
1	139.717
1	136.893
1	66.3258
1	114.929
1	129.309
1	71.8006
1	114.252
1	81.6805
1	72.9865
1	84.1986
1	110.776
1	135.609
1	134.604
1	183.793
1	164.789
1	96.3214
1	53.8155
1	185.56
1	203.923
1	85.3692
1	70.5284
1	40.5437
1	63.3589
1	101.539
1	68.9032
1	153.507
1	112.175
1	110.966
1	107
1	234.554
1	170.246
1	65.0498
1	114.348
1	81.1911
1	205.509
1	70.1731
1	40.814
1	103.148
1	82.462
1	94.2006
1	203.072
1	97.6265
1	120.017
1	69.8276
1	85.9042
1	152.78
1	190.538
1	100.114
1	68.6594
1	122.613
1	236.714
1	94.139
1	84.6071
1	134.081
1	97.8241
1	55.2114
1	101.868
1	162.096
1	63.1546
1	57.6551
1	126.469
1	62.5427
1	104.923
1	147.59
1	110.736
1	137.238
1	53.9417
1	158.435
1	50.0864
1	108.518
1	86.2172
1	129.281
1	70.1534
1	79.1865
1	108.487
1	97.8914
1	112.988
1	62.1203
1	164.527
1	159.818
1	115.559
1	188.964
1	35.2023
1	194.562
1	141.057
1	170.445
1	287.399
1	75.6824
1	150.675
1	54.0201
1	157.738
1	46.1519
1	109.79
1	82.3976
1	156.595
1	109.39
1	81.5124
1	230.292
1	93.8039
1	78.4865
1	65.9961
1	117.531
1	120.369
1	65.4949
1	62.786
1	93.6259
1	120.904
1	82.4413
1	89.5141
1	164.054
1	149.452
1	234.04
1	71.2038
1	95.7293
0	3.4076e-05
1	80.474
1	117.006
1	139.754
1	62.3181
1	96.4174
1	114.677
1	111.369
1	230.872
1	116.454
1	63.7632
1	252.323
1	108.197
1	111.193
1	86.1747
1	66.0818
1	56.3559
1	111
1	69.402
1	49.1049
1	63.5109
1	110.453
1	79.1802
1	66.9877
1	41.4638
1	87.7231
1	108.447
1	115.367
1	61.9588
1	88.3142
1	98.7651
1	157.121
1	125.436
1	98.5374
1	151.582
1	151.294
1	100.583
1	81.7515
1	153.103
1	69.0403
1	106.715
1	180.715
1	68.548
1	102.127
1	90.1399
1	67.6445
1	99.6401
1	123.086
1	72.7342
1	89.298
1	98.126
1	96.211
1	163.078
1	78.2942
1	84.1832
1	63.3433
1	109.145
1	136.628
1	45.5466
1	119.884
1	140.3
1	136.892
1	144.598
1	78.2549
1	55.3519
1	120.277
1	81.293
1	93.8586
1	181.18
1	161.557
1	75.9711
1	116.416
1	67.8753
1	54.2166
1	62.0906
1	76.748
1	34.6876
1	27.2589
1	46.5273
1	108.295
1	160.209
1	92.6384
1	143.929
1	120.878
1	78.3933
1	48.4064
1	96.0361
1	132.674
1	144.92
1	264.191
1	73.6279
1	104.745
1	141.864
1	130.302
1	102.325
1	69.3229
1	31.7038
1	177.517
1	87.8288
1	113.933
1	240.925
1	51.7868
1	81.9514
1	71.6196
1	126.111
1	118.176
1	117.881
1	122.498
1	64.6948
1	95.4153
1	141.885
1	125.779
1	127.371
1	138.34
1	115.039
1	52.8547
1	120.07
1	72.7037
1	99.2143
0	237.555
1	104.242
1	115.16
1	64.1716
1	124.596
1	172
1	195.832
1	62.9565
1	87.9253
1	104.877
1	132.895
1	113.2
0	2.7299e-06
1	145.148
1	105.66
1	164.168
1	121.134
1	86.2189
1	87.7918
1	117.041
1	98.051
1	79.2276
1	97.5631
1	128.418
1	187.783
1	100.875
1	83.8908
1	147.12
1	83.2512
1	139.172
1	63.3663
1	45.5784
1	120.09
1	74.5699
1	96.4187
1	105.067
1	63.8007
1	84.045
1	83.3179
1	121.694
1	39.6269
1	111.915
1	127.679
1	53.3313
1	121.025
1	22.2801
1	90.5177
1	46.3707
1	125.452
1	115.752
1	55.6391
1	115.766
1	125.83
1	123.995
1	179.155
1	151.181
1	114.876
1	172.908
1	110.685
1	106.795
1	153.139
1	213.446
1	81.1775
1	78.0501
1	45.1407
1	84.3177
1	97.4414
1	59.7688
1	172.165
1	78.8103
1	130.94
1	84.5891
1	91.8119
1	98.1606
1	62.0915
1	63.4443
1	203.338
1	77.7594
1	206.959
1	152.513
1	111.049
1	86.0573
1	33.3484
1	139.544
1	75.2123
1	83.2543
1	119.239
1	48.3828
1	88.6658
1	94.1726
1	116.815
1	74.5269
1	58.9602
1	82.9703
1	141.211
1	69.4454
1	64.445
1	113.041
1	70.417
1	56.8663
1	77.5189
1	96.4682
1	34.6276
1	77.8137
1	71.6805
1	61.4371
1	70.756
1	82.123
1	94.5391
0	6.19772
1	220.775
1	79.7533
1	208.351
1	97.4661
1	326.49
1	229.428
1	115.743
1	96.0826
1	162.591
1	139.921
1	86.363
1	285.498
1	89.8378
1	41.6501
1	189.96
1	75.9161
1	121.798
1	67.2919
1	186.819
1	30.8359
1	128.101
1	137.932
1	150.82
1	83.8881
1	143.114
1	94.3564
1	115.938
1	305.255
1	121.17
1	97.453
1	125.818
1	59.198
1	38.8771
1	174.446
1	93.9913
1	97.9747
1	45.2185
1	96.5476
1	126.44
1	122.195
1	90.7034
1	107.383
1	129.436
1	93.1668
1	60.3944
1	176.389
1	86.8932
1	65.7303
1	144.821
1	132.832
1	112.723
1	200.3
1	127.622
1	135.408
1	57.5791
0	1.39361e-05
1	71.2191
1	101.4
1	90.6127
1	75.9197
1	94.4087
1	75.3622
1	78.3292
1	126.047
1	97.3393
1	94.5095
1	61.5312
1	101.245
1	85.0391
1	217.275
1	93.0168
1	171.082
1	181.258
1	98.0312
1	221.843
1	72.0076
1	122.92
1	89.0491
1	41.5785
1	79.6339
1	75.2768
1	116.797
1	89.3511
1	138.056
1	120.979
1	119.294
0	8.72305
1	49.6109
1	66.9623
1	141.243
1	72.045
1	152.914
1	81.9024
1	137.416
1	164.803
1	38.8169
1	57.3653
1	91.0264
1	136.494
1	253.181
0	36.882
1	114.477
1	95.5137
1	70.6502
1	111.819
1	93.7096
1	70.4471
1	75.1805
1	77.7701
1	200.415
1	208.699
1	109.06
1	93.8564
1	153.426
1	239.458
1	142.646
1	63.8218
1	224.31
1	95.1371
1	87.9055
1	114.492
1	172.553
1	116.626
1	112.346
1	112.613
1	45.8696
1	65.283
1	80.4945
1	173.594
1	117.444
1	91.3638
1	86.8145
1	99.7848
1	100.753
1	124.073
1	113.934
1	60.8208
1	176.028
1	118.735
1	118.754
1	80.8782
1	116.562
1	95.2361
1	96.9322
1	111.392
1	121.771
1	73.3772
1	88.5982
1	159.915
1	191.015
1	175.852
1	255.767
1	145.297
1	116.365
1	65.7224
1	122.538
1	121.547
1	85.3087
1	148.287
0	1.08933e-06
1	131.339
1	154.24
0	4.45622
1	126.415
1	117.565
1	80.3366
1	169.475
1	57.0367
1	114.923
1	113.297
1	151.874
1	78.5422
1	47.9895
1	121.6
1	161.362
1	93.0069
1	166.558
1	113.793
1	99.8141
1	67.1061
1	65.9542
1	157.724
0	144.253
1	67.5104
1	162.449
1	131.361
1	70.0816
1	92.6717
1	140.572
1	109.976
1	125.153
1	237.115
1	185.058
1	119.749
1	86.5
1	102.093
1	113.382
0	38.1333
1	50.0959
1	63.4685
1	80.8492
1	57.1098
1	101.53
1	63.9762
1	127.396
1	68.6318
1	167.323
1	56.732
1	54.4351
1	71.8037
1	83.3516
1	151.324
1	101.289
1	88.5141
1	155.667
1	89.1251
1	105.185
1	201.12
1	89.3644
1	75.148
1	40.025
1	185.344
1	220.841
1	90.6328
1	132.321
1	48.9286
1	84.2631
1	168.401
1	183.086
1	100.175
1	164.636
1	115.242
1	301.835
1	112.225
1	176.455
1	136.868
1	116.655
1	48.2727
1	67.9574
1	86.7109
1	68.1983
1	173.735
1	110.391
1	150.701
1	178.302
1	54.5226
1	170.069
1	125.793
1	53.4733
1	283.976
1	96.5996
1	124.25
1	103.964
0	1.26849e-05
1	65.0879
1	54.0622
1	94.1578
1	183.456
1	103.145
1	65.4844
1	126.371
1	102.244
1	117.754
1	107.091
0	2.44286e-05
1	68.6466
1	58.5698
1	38.7871
1	54.0771
1	86.1033
1	54.4727
1	94.1414
1	71.006
1	50.2067
1	116.016
1	129.93
1	151.939
1	58.0942
1	59.9987
1	183.767
1	156.691
1	105.323
1	51.8767
1	93.7311
1	71.7803
1	115.61
1	42.3539
1	121.591
1	80.3545
1	97.7018
1	104.818
1	132.334
1	167.306
1	77.6219
1	106.469
1	155.859
1	46.8844
1	101.391
1	151.092
1	78.7139
1	78.671
1	37.4762
1	81.7393
1	126.49
1	84.8188
1	96.8815
1	110.769
1	81.7944
1	114.802
1	115.612
1	49.289
1	201.375
1	133.366
1	51.6873
1	83.2149
1	82.6008
1	60.1224
1	134.046
1	164.013
1	224.641
1	80.5668
1	297.934
1	77.7059
1	111.386
1	145.553
1	82.9918
1	162.472
1	96.0005
1	65.6025
1	77.8384
1	93.6111
1	178.462
1	137.12
1	74.9384
1	107.926
1	129.286
1	208.623
1	202.629
1	84.5913
1	95.3456
1	163.446
1	159.201
1	130.4
1	125.691
1	252.504
1	333.91
1	90.4055
1	319.561
1	216.42
1	107.417
1	137.76
1	78.1731
1	43.7581
1	72.9011
1	244.612
1	191.622
1	128.394
1	88.9106
1	90.257
1	85.5196
1	122.122
1	91.5734
1	115.265
1	162.931
1	103.892
1	72.9536
1	108.303
1	134.207
1	150.199
1	57.8941
1	62.522
1	131.503
1	84.2458
1	100.572
1	70.6734
1	79.2197
1	124.333
1	60.3061
1	85.6156
1	88.6361
1	38.0386
1	185.504
1	29.6449
1	76.9973
1	102.65
1	54.0101
1	236.251
1	72.7959
1	90.6065
1	77.2074
1	67.09
1	121.802
1	102.997
1	163.543
1	122.04
1	87.8936
1	187.457
1	71.3894
1	56.837
1	194.027
1	57.6512
1	136.741
1	93.9284
1	119.172
1	43.1722
1	107.371
1	106.176
1	83.0174
1	41.2881
1	67.9286
1	132.795
1	150.325
1	66.1334
1	55.8723
1	177.228
0	2.75097e-05
1	430.702
1	39.2755
1	200.896
1	122.48
1	67.1574
1	116.202
1	84.4155
1	97.1565
1	55.5557
1	193.442
1	63.9804
1	132.665
1	85.2432
1	120.662
1	66.8167
1	113.147
1	101.614
1	123.896
1	56.5093
1	64.9695
1	62.0227
1	117.833
1	104.616
1	168.597
0	3.6964e-05
1	53.3584
1	81.9806
1	76.5004
1	46.58
1	134.628
1	76.2278
1	107.295
1	125.745
1	116.585
1	75.622
1	79.8353
1	131.606
1	66.932
1	128.653
1	80.7273
1	63.8461
1	192.412
1	250.226
1	75.4662
1	340.739
1	61.8988
1	78.4628
0	4.75151
1	178.463
1	64.2403
1	72.123
1	65.4089
1	120.099
1	76.3579
1	92.1994
1	97.6108
1	82.0371
1	84.8985
1	174.426
1	63.1094
1	112.706
1	101.838
1	72.3945
1	156.711
1	116.679
1	76.3793
1	124.821
1	77.2339
1	125.57
1	141.193
1	109.888
1	89.6917
1	80.2681
1	211.242
1	93.4746
1	64.619
1	99.6215
1	89.2777
1	219.39
0	8.88296e-05
1	60.019
1	73.5931
1	83.9302
1	67.0382
1	103.666
1	52.823
1	61.2492
1	52.5942
1	171.317
1	209.975
1	145.754
1	103.154
1	101.066
1	86.06
1	131.228
1	100.407
1	109.224
1	70.0757
1	88.6295
1	131.403
1	124.765
1	136.731
1	136.799
1	68.1164
1	60.329
1	251.936
1	47.9145
1	87.1963
0	3.09911e-05
1	77.0751
1	49.7349
1	96.2973
1	107.41
1	220.439
1	109.328
1	86.2944
1	100.573
1	113.321
1	62.9254
1	59.9753
1	128.554
1	84.8923
1	102.858
1	99.1198
1	113.023
0	5.30663e-05
1	106.926
1	315.277
1	100.448
1	129.758
1	71.0824
1	63.2164
1	131.526
1	117.173
1	145.882
1	85.4547
1	297.046
1	128.678
1	42.2364
1	109.642
1	159.726
1	84.8459
1	132.728
1	98.6164
1	110.619
1	215.638
1	56.4445
1	97.108
1	65.3233
1	145.321
1	85.1359
1	131.314
1	207.677
1	82.2612
1	166.953
1	149.092
1	84.6021
1	143.807
1	155.605
1	140.056
1	75.3972
1	97.1751
1	288.09
1	132.818
1	93.277
1	96.7841
1	67.5688
1	19.5243
1	148.254
1	126.833
1	93.1733
1	66.1003
1	37.3027
1	74.2032
1	101.924
1	65.3779
1	169.206
1	71.1721
1	119.807
1	168.557
1	51.0535
1	190.095
1	286.989
1	90.4353
1	185.409
1	154.876
1	48.9145
1	363.656
1	109.023
1	75.4119
1	71.3821
1	89.5286
1	66.5744
1	83.4287
1	61.646
1	128.476
1	56.2689
1	36.4516
1	107.541
1	109.377
1	94.4742
1	111.709
1	93.9069
1	399.414
1	86.0074
1	79.9529
1	91.3044
1	152.242
1	134.309
1	104.128
1	125.45
1	230.853
0	20.9253
1	83.3281
1	88.0965
1	262.788
1	261.278
1	117.688
1	104.757
1	133.678
1	200.441
1	123.803
1	67.9752
1	78.0711
1	147.897
1	186.058
1	70.5838
1	108.779
1	65.89
1	111.789
1	67.407
1	126.443
1	92.2972
1	103.686
1	85.3967
1	205.61
1	122.821
1	77.38
1	97.6119
1	82.7987
1	26.3313
0	2.0938e-05
1	86.243
1	138.793
1	196.182
1	64.7652
1	237.71
1	117.623
1	116.836
1	104.494
1	77.3159
1	86.1812
1	231.608
1	52.7596
1	135.166
1	97.9234
1	162.538
1	64.2825
1	141.422
1	59.83
1	84.4339
1	49.3219
1	93.8105
1	128.997
1	115.181
1	78.4082
1	92.1954
1	77.7822
1	152.015
0	37.1408
1	73.311
1	55.155
1	60.9579
1	54.1035
1	149.408
1	76.7322
1	66.2894
1	86.9622
1	135.285
1	86.3762
1	53.8087
1	84.6492
0	25.7487
1	162.561
1	81.3369
1	65.2457
1	109.168
1	58.7927
1	73.1977
1	140.045
1	110.768
1	150.734
1	136.621
1	150.929
1	106.322
1	71.3838
1	151.432
1	195.272
1	130.282
1	95.7108
1	77.386
1	113.512
1	130.526
1	126.614
1	84.3867
1	115.519
1	79.2228
1	125.232
1	103.444
1	139.395
1	168.864
1	139.094
1	72.2447
1	79.4458
1	48.0414
1	63.4119
1	100.523
1	53.2127
1	63.3942
1	111.347
1	76.666
1	168.124
1	77.6474
1	104.468
1	65.0596
1	106.073
1	65.1774
1	137.787
1	224.244
1	121.972
1	125.535
1	123.3
1	82.3898
1	52.0221
1	84.3791
1	84.8417
1	59.2821
1	253.146
1	90.8998
0	8.63332e-05
1	63.2432
1	163.281
1	102.734
1	94.7011
1	76.4719
0	20.0886
1	47.4237
1	61.2601
1	95.1579
1	110.011
1	124.736
1	112.453
1	103.49
1	180.633
1	88.2399
1	86.5337
1	241.349
1	177.958
1	50.8725
1	185.196
1	162.283
1	89.784
1	70.6182
0	2.80235e-05
1	74.8023
1	189.666
1	50.1918
1	82.2287
1	119.362
1	94.3922
1	46.4219
1	94.8888
1	47.2438
1	99.7853
1	180.931
1	91.6108
1	87.6748
1	100.038
1	76.1762
1	115.217
1	97.3701
1	80.8934
1	31.6029
1	104.337
1	224.52
1	42.211
1	88.4728
1	119.042
1	58.6375
1	66.784
1	98.9483
1	27.182
1	83.3392
1	72.5746
1	336.859
1	151.012
1	134.652
1	102.869
1	69.2263
1	150.015
1	92.9434
1	69.2305
1	116.643
1	89.283
1	114.416
1	117.696
1	120.706
1	93.9818
1	76.1514
1	135.35
1	86.4911
1	325.503
1	119.88
1	47.8441
1	168.364
1	63.6447
1	114.566
1	160.227
1	102.707
1	64.9271
1	217.856
1	123.419
1	102.478
1	105.012
1	83.2665
1	97.2376
1	124.199
1	80.5944
1	110.01
1	102.678
1	84.5458
1	125.339
1	49.8403
1	140.132
1	274.052
1	117.972
1	129.305
1	131.885
1	46.6181
1	79.6655
1	91.5491
1	176.241
1	158.477
1	129.717
1	162.596
1	73.777
1	92.9431
1	102.272
1	149.256
1	101.517
1	127.721
1	161.779
1	154.003
1	42.2204
1	81.1786
1	88.4571
1	148.377
0	29.296
1	118.688
1	68.1521
1	173.547
0	19.7656
1	173.574
1	103.448
1	90.979
1	75.6836
1	87.1069
1	75.5807
1	96.6912
1	161.07
1	44.4876
1	138.578
1	132.697
1	125.355
1	85.5192
1	95.2135
1	114.386
1	119.152
1	100.024
1	74.9941
1	111.237
1	123.011
1	60.4737
1	46.5833
1	172.491
1	75.3587
1	182.086
1	47.8954
1	93.5138
1	183.817
1	194.458
1	161.191
1	103.525
1	142.782
1	79.9664
1	41.4724
1	65.9686
1	112.84
1	94.5785
1	108.069
1	93.4444
1	119.143
1	134.275
1	105.047
1	110.045
1	107.508
1	95.2494
1	188.611
1	101.443
1	120.395
1	100.069
1	63.3072
1	84.4439
1	139.609
1	73.4509
1	120.568
1	87.2422
1	54.1528
1	121.208
1	69.366
1	51.0741
1	125.056
1	60.032
1	155.359
1	77.019
1	98.9996
1	183.115
1	90.8226
1	117.78
1	85.8566
1	97.3524
1	191.584
1	87.9354
1	111.589
1	111.778
1	142.847
1	69.6584
1	123.83
1	144.863
1	98.4471
1	99.4129
1	88.348
1	168.74
1	107.207
1	96.1736
1	74.5935
1	104.348
1	60.4726
1	170.472
1	92.6741
1	234.778
1	102.493
1	260.508
1	112.75
1	139.056
1	51.452
1	85.2731
1	101.387
1	190.699
1	94.7105
1	125.971
1	94.2437
1	110.64
1	118.946
1	95.2801
1	125.558
1	63.5735
1	108.004
1	78.99
1	83.086
1	71.9553
1	93.4864
1	63.3454
1	147.243
1	87.9967
1	121.623
1	63.0648
1	91.254
1	89.5742
1	79.4851
1	124.928
1	125.363
1	162.366
1	72.9658
1	156.672
1	73.844
1	114.724
1	81.9884
1	142.069
1	65.1384
1	48.1839
1	115.218
1	71.787
1	126.587
1	101.545
1	53.6584
1	122.72
1	51.9912
1	75.1855
1	87.1677
1	125.932
1	45.6775
1	193.222
0	54.466
1	95.0078
1	150.884
1	80.0869
1	214.603
1	89.1759
1	241.034
1	91.0323
1	184.284
1	56.4506
1	89.8821
1	51.1878
1	94.0567
1	75.4236
1	157.166
1	136.157
1	85.7246
1	126.909
1	148.601
1	112.131
1	99.2494
1	167.897
1	162.319
1	118
1	80.3924
1	86.9279
1	132.236
1	117.976
1	94.1072
1	78.8387
1	51.1481
1	108.603
1	67.1514
1	150.708
1	158.804
1	115.69
1	100.05
1	90.6519
1	63.7474
1	106.354
1	155.188
1	190.918
1	113.017
0	8.28653
1	152.822
1	61.662
1	106.776
1	154.54
1	103.879
1	56.1636
1	94.1997
1	163.503
1	61.7282
1	84.7768
1	81.16
1	90.7987
1	231.659
1	125.323
1	93.6254
1	141.627
1	77.679
1	131.208
1	72.8164
1	93.6763
1	84.1274
1	205.09
1	90.6659
1	169.781
1	130.832
1	72.489
1	55.8181
1	158.428
1	133.574
1	162.8
1	139.216
1	56.1409
1	76.1245
1	97.8486
1	62.3717
1	68.2098
1	69.3759
1	164.105
1	152.351
1	40.7459
1	305.983
1	173.99
1	156.31
1	110.07
1	60.4168
1	174.336
1	132.44
0	5.81184e-06
0	57.5631
1	66.4804
1	145.772
1	210.616
1	65.8541
1	209.549
1	54.7661
1	128.053
1	82.3549
1	98.8117
1	145.582
1	103.107
1	168.305
1	54.0246
1	227.192
1	91.4466
1	136.671
1	109.245
1	108.937
1	94.6653
1	182.417
1	183.257
1	123.527
1	249.026
1	148.733
1	90.9616
1	107.843
1	57.6125
1	133.183
1	84.531
1	113.464
1	50.5267
1	53.1868
1	32.7409
1	136.511
1	98.1483
1	141.148
1	161.463
1	130.759
1	142.687
1	145.172
1	76.0917
1	131.588
1	128.981
1	84.2011
1	100.415
1	292.097
1	139.741
1	92.6839
1	74.9603
1	97.9441
1	74.8376
1	127.029
1	56.6141
1	98.5737
1	132.636
1	128.628
1	62.5852
1	178.356
1	132.853
0	5.03617e-05
1	41.2533
1	77.3806
1	137.818
1	53.2882
1	94.4018
1	207.647
1	96.0815
1	77.9312
1	110.651
1	129.917
1	49.7666
1	291.364
1	201.984
1	120.127
1	72.9771
1	84.7134
1	103.705
1	67.1019
1	105.575
1	143.874
1	102.981
1	255.937
1	129.624
1	90.2151
1	109.351
1	128.213
1	132.145
1	64.3556
1	127.771
1	55.7818
1	105.092
1	48.8815
1	111.852
1	125.915
1	218.167
1	85.6206
1	89.9422
1	106.207
1	91.2523
1	177.07
1	179.61
1	79.2824
1	85.5119
1	97.3765
1	90.6698
1	193.753
1	69.7804
1	89.1637
1	237.537
1	92.1317
1	114.709
1	29.2196
1	137.245
1	96.7582
1	117.116
1	63.9409
1	95.9748
1	143.364
1	86.9922
1	150.324
1	104.271
1	96.5709
1	103.326
1	115.734
1	52.7376
1	243.675
1	77.2089
1	71.8677
1	91.9434
1	67.5872
1	77.9832
1	116.66
1	140.822
1	188.121
1	143.937
1	129.75
1	114.832
1	161.8
1	179.562
1	402.569
1	36.2309
1	107.308
1	215.598
1	81.4676
1	47.0504
1	66.4495
1	98.2235
1	117.722
1	48.3697
1	133.594
1	183.493
1	119.156
1	149.681
1	127.618
1	176.599
1	55.407
1	135.153
1	245.491
1	75.6775
1	145.604
1	99.9514
1	157.914
1	108.55
1	70.826
1	68.9613
1	83.817
1	162.923
1	91.8167
1	94.4014
0	37.7205
1	155.271
1	114.333
1	67.0949
1	79.5675
1	54.0587
1	49.0648
1	111.978
1	60.8204
1	86.0209
1	44.9882
1	136.189
1	69.7428
1	156.705
0	37.0334
1	113.685
1	197.626
1	140.773
1	170.636
1	144.019
1	117.838
0	7.66904e-06
1	98.9746
1	229.239
1	160.578
0	5.45334e-05
1	116.806
1	101.88
1	200.26
1	39.7288
1	78.4568
1	95.403
1	94.9504
1	173.357
1	75.6425
1	81.2067
1	118.859
1	65.8292
1	55.5613
1	139.584
1	89.0104
1	35.2878
1	53.7622
1	75.722
1	147.036
1	44.2571
1	169.443
1	52.6455
1	48.2481
1	86.0101
1	68.0578
1	108.045
1	208.118
1	132.708
1	44.921
1	112.506
1	133.862
1	96.1323
1	131.877
1	93.0524
1	92.9185
1	68.0483
1	128.147
1	88.3432
1	100.708
1	101.113
1	185.378
1	53.6811
1	187.392
0	1.52827e-05
1	159.285
1	46.2094
1	67.4035
1	99.3694
1	111.821
1	114.147
1	145.662
1	113.24
1	190.853
1	60.4065
1	133.084
1	62.4551
1	108.109
1	171.669
1	67.735
0	16.1
1	87.4789
1	200.061
1	113.977
1	74.563
1	128.975
1	126.747
1	65.5744
0	3.70391e-06
1	84.7707
1	132.105
1	172.301
1	57.3424
1	155.481
1	85.4993
1	101.891
1	39.0003
1	140.805
1	268.351
1	71.2075
1	115.375
1	221.287
1	92.3828
1	251.284
1	43.8278
1	112.855
1	79.0871
1	92.2466
1	183.034
1	81.4071
1	109.685
1	88.1783
1	122.81
1	89.6453
1	100.985
1	193.762
1	107.839
1	89.6242
1	122.627
1	212.983
1	158.319
1	60.5042
1	66.8725
1	79.1667
1	65.8857
1	100.848
1	202.814
1	155.609
1	100.194
1	65.8974
1	132.035
1	94.5815
1	57.6306
1	111.824
1	75.6076
1	114.525
1	119.299
1	87.7924
1	51.675
1	119.774
1	175.826
1	140.856
1	122.151
1	83.4488
1	92.3523
1	159.175
1	86.5675
1	109.369
1	119.74
1	108.885
1	144.524
1	87.4213
1	125.881
1	61.9633
1	143.196
1	161.995
1	106.293
1	202.334
1	128.964
1	122.822
1	80.2183
0	8.28256
1	104.525
1	100.008
1	68.7098
1	71.6065
1	132.318
1	68.687
1	171.759
1	65.1834
1	72.3418
1	104.78
1	179.664
1	110.12
1	119.356
1	96.5959
1	115.459
1	113.87
1	115.951
1	88.2459
1	81.6573
1	73.5197
1	51.8256
1	136.739
1	139.08
1	72.3568
1	154.633
1	94.0089
1	242.867
1	238.241
1	85.7363
0	40.9223
1	179.696
1	221.266
1	127.675
1	219.125
1	140.879
1	85.8112
1	141.853
1	116.091
1	149.518
1	177.989
1	151.034
1	115.059
1	78.8225
1	91.9693
1	99.9152
1	79.9466
1	83.5427
1	48.2693
1	105.668
1	144.628
1	115.313
1	138.904
1	103.284
1	230.706
1	137.372
1	116.054
1	33.3266
1	173.854
1	82.5202
1	120.068
1	120.95
1	72.5779
1	119.765
1	156.641
1	117.966
1	78.9477
1	52.2038
1	67.944
1	203.458
1	116.434
1	93.8771
1	38.5154
1	157.012
1	110.136
1	125.403
1	111.487
1	54.9733
1	187.898
1	184.737
1	30.9093
1	166.037
1	76.1702
1	78.9717
1	118.588
1	125.999
1	194.655
1	210.917
1	217.164
1	96.8929
1	137.312
1	134.195
1	76.3081
1	64.3563
1	58.4356
1	117.913
1	86.914
1	47.2227
1	119.177
1	192.956
0	21.9239
1	146.419
1	45.7029
1	34.7387
1	117.67
1	99.027
1	51.8411
1	71.5622
1	167.38
1	100.045
1	103.765
1	225.694
1	97.1903
1	99.7152
1	61.1519
1	60.5462
1	107.308
1	46.0823
1	115.502
1	121.265
1	165.446
1	135.113
0	77.602
1	81.9442
1	85.8424
1	130.47
1	134.577
1	86.642
1	70.8261
1	160.523
1	170.038
1	120.591
1	108.621
0	3.03545e-05
1	310.077
1	132.377
1	127.855
1	180.346
1	195.72
1	82.2843
1	81.5688
1	220.052
1	85.666
0	86.3159
1	119.256
1	33.716
1	97.8391
1	61.1299
1	82.4506
1	105.264
1	201.663
1	94.7836
1	77.1467
1	143.125
1	64.8865
1	68.2558
1	97.0679
1	54.0302
1	65.5721
0	211.962
1	117.305
1	103.076
1	167.603
1	111.947
1	70.9241
1	40.7777
1	90.227
1	77.3187
1	172.4
1	123.033
1	235.851
1	121.153
1	82.8131
1	105.909
1	129.258
1	67.3882
1	186.025
1	98.5753
1	91.7697
1	148.744
1	151.172
1	176.299
1	113.551
1	135.301
1	161.615
1	49.6183
1	86.0956
1	118.914
1	109.182
1	142.437
1	83.197
1	67.0791
1	99.4947
1	136.999
1	195.14
1	110.9
1	166.177
1	79.9076
1	93.0758
1	72.9499
1	60.3359
1	102.138
1	95.0317
1	96.6874
1	130.071
1	86.2498
1	104.277
1	190.946
1	138.45
1	124.931
1	85.5526
1	228.161
1	80.9272
1	191.291
1	122.057
1	45.3934
1	171.131
1	67.9265
1	84.5956
1	85.1334
1	156.356
1	107.865
1	66.534
1	76.0378
1	60.5511
1	257.923
1	93.0562
1	84.9059
1	62.1111
1	48.1124
1	72.6512
1	132.701
0	17.3691
1	107.128
1	111.805
1	125.346
1	105.845
1	130.491
1	132.181
1	166.976
1	108.257
1	96.5411
1	79.2228
1	50.1555
1	126.456
1	179.26
1	206.481
1	93.4233
1	65.3211
1	276.66
1	113.396
1	188.343
1	107.105
1	118.458
1	153.647
1	89.9813
1	65.1971
1	40.2087
1	66.5208
1	61.7782
1	101.286
1	195.152
1	69.9825
1	63.596
1	76.7477
1	63.9994
1	158.763
1	148.169
1	180.199
1	122.265
1	97.2846
1	115.397
1	88.0169
1	111.46
1	121.692
1	152.265
1	135.208
1	362.283
1	64.2755
1	99.3105
1	54.2369
1	72.6605
1	83.5665
1	135.009
1	257.35
1	130.07
1	137.875
1	177.97
1	63.3466
1	244.672
1	75.3193
1	79.6598
1	129.625
1	100.214
1	47.1654
1	96.7808
1	156.719
1	105.997
1	77.284
1	76.1581
1	121.947
1	124.577
1	140.802
1	57.4561
1	59.9865
1	154.217
1	63.9425
1	147.63
1	180.697
1	113.363
1	64.5234
1	40.628
1	67.324
1	69.8789
1	112.27
1	55.049
1	102.28
1	83.3287
1	225.557
1	39.725
1	112.518
1	150.024
1	136.076
1	87.1902
1	108.238
1	66.3518
1	84.8569
1	54.2701
1	113.176
1	99.3417
1	116.46
1	47.9007
1	100.083
1	105.752
1	88.6778
1	57.4382
1	97.4303
1	86.4216
1	170.14
1	187.684
1	87.3941
1	76.1547
1	82.8393
1	100.112
1	178.369
1	116.517
1	165.647
1	89.7812
1	111.03
1	39.1308
1	85.8038
1	62.5364
1	47.2669
1	119.155
1	174.732
1	75.4746
1	149.529
1	152.756
1	75.6004
1	35.3629
1	63.9703
1	54.0198
1	125.496
1	38.6185
1	70.9557
1	102.113
1	63.8187
1	126.681
1	101.301
1	91.2238
1	144.111
1	195.241
1	128.525
1	114.222
1	132.437
1	117.953
1	196.169
1	125.218
1	124.975
1	168.471
1	94.1615
1	198.687
1	147.008
1	67.8514
1	189.887
1	118.553
1	122.215
1	169.819
1	195.787
1	103.336
1	79.3226
1	246.589
1	105.185
1	121.841
1	62.585
1	90.1681
1	92.8071
1	104.72
1	134.415
1	119.743
1	95.2037
1	57.3307
1	119.325
1	173.913
1	129.172
1	109.066
1	99.9651
0	48.2323
1	83.6163
1	122.922
1	105.809
1	209.606
1	139.057
1	91.27
1	142.148
1	110.657
1	130.384
1	140.948
1	92.7785
1	62.3706
1	63.4201
1	108.083
1	73.8086
1	86.4787
1	117.66
1	167.798
1	110.765
1	81.5887
1	90.9377
1	106.255
1	85.3376
1	65.1956
1	164.235
1	77.3729
1	75.8616
1	137.505
1	46.7285
1	42.5057
1	119.553
1	66.8732
1	77.5076
1	106.491
1	118.073
1	80.5334
1	100.01
1	93.3666
1	224.809
1	106.655
1	78.2969
1	103.79
1	73.8895
1	90.3354
1	86.2204
1	160.354
1	191.484
1	123.316
1	114.312
1	96.2783
1	94.0253
1	73.6975
1	37.0448
1	103.5
1	50.7825
1	87.5867
1	97.7018
1	102.806
1	146.6
1	79.302
1	114.155
1	126.72
1	81.801
1	66.0786
1	117.875
1	93.1359
1	101.776
1	74.1003
1	91.3504
0	7.48238e-07
1	288.217
1	179.773
1	248.181
1	248.534
1	82.341
1	109.753
1	117.476
1	75.2614
1	70.5859
1	164.135
1	128.385
1	43.8242
1	91.3175
1	152.235
1	80.4654
1	70.7769
1	187.041
1	70.6906
1	152.348
1	94.3874
1	131.106
1	120.833
0	6.77139e-05
1	76.4678
1	34.3673
1	166.878
1	139.61
1	109.779
0	14.1964
1	80.6386
1	109.837
1	102.224
1	63.953
1	96.1589
1	64.9219
1	155.23
1	119.211
1	37.5014
1	142.281
1	82.6481
1	87.73
1	99.9624
1	54.1836
1	127.078
1	147.641
1	60.5158
1	115.888
1	56.4002
1	86.669
1	38.861
1	147.055
1	100.579
1	91.7197
1	71.5264
1	77.4044
1	134.33
1	115.233
1	81.2997
1	119.709
1	76.9876
1	194.358
1	132.267
1	96.6378
1	150.701
1	222.295
1	106.627
1	69.2774
1	250.635
1	169.197
1	64.5513
1	152.152
1	151.111
1	98.5371
1	142.925
1	145.68
1	210.589
1	49.8589
1	98.6941
1	158.752
1	85.6765
1	117.906
1	132.34
1	117.525
1	106.892
1	136.094
1	66.092
0	0.00013596
1	108.534
1	123.641
1	175.612
1	67.2182
1	290.325
1	59.1677
1	134.268
1	97.3843
1	144.228
1	128.279
1	107.02
1	111.172
0	1.13636e-05
1	78.2297
1	94.8445
1	278.524
1	135.24
1	203.625
1	88.4039
1	105.821
1	65.0345
1	65.0298
1	186.021
1	168.825
1	120.542
1	147.135
1	183.771
1	99.9464
1	80.6056
1	151.237
1	107.011
1	106.191
1	125.518
1	125.528
1	92.0921
1	78.0186
1	110.48
1	68.6882
1	142.869
1	114.943
1	81.2487
1	125.52
1	159.658
1	119.477
1	97.8125
1	53.0653
1	68.097
1	126.478
1	149.469
1	78.0179
1	91.5843
1	118.367
1	191.603
1	107.534
1	81.184
1	81.3436
1	67.9814
1	89.4529
1	119.424
1	95.2118
1	58.2042
0	9.49547e-06
1	129.87
1	140.079
1	80.5504
1	94.1241
1	64.1421
1	167.674
1	212.428
1	69.099
1	151.306
1	122.151
1	194.211
1	161.009
1	188.765
1	66.5775
1	93.2801
1	166.705
1	180.654
1	129.961
1	109.169
1	96.0151
1	78.5969
1	105.571
1	96.3297
1	95.887
1	78.9839
1	109.345
1	132.397
1	35.4524
1	117.076
1	135.793
1	234.974
0	0.669662
1	174.268
1	81.7956
1	57.8337
1	83.7701
1	120.989
1	154.405
1	99.8744
1	54.3687
1	191.359
0	6.02789e-05
1	159.253
1	116.677
1	157.361
1	105.67
1	135.459
1	187.561
1	49.9519
1	67.6033
1	125.249
1	51.8776
1	61.2429
1	162.666
1	78.4338
1	74.3073
1	95.36
1	67.6065
1	120.66
1	87.2998
1	113.892
1	111.553
1	106.162
1	58.9669
1	65.5709
1	156.349
1	110.807
0	36.6632
1	65.0909
1	74.1395
1	79.1031
1	83.6188
1	112.244
1	121.905
1	201.335
1	104.739
1	130.778
1	70.0529
1	153.435
1	125.574
1	69.0641
1	218.775
1	147.58
1	149.182
1	64.5654
1	129.788
1	100.251
1	92.2396
1	195.64
1	160.55
1	101.754
1	122.592
1	124.114
1	167.89
1	149.459
1	125.048
1	103.017
1	82.843
1	91.442
1	108.316
1	101.778
1	182.403
1	126.039
1	87.752
1	81.9237
1	147.612
1	30.2194
1	158.68
1	97.2151
1	85.4442
1	80.0183
1	46.6446
1	83.1127
1	228.74
1	63.639
1	118.926
1	156.116
1	93.8061
1	136.815
1	171.014
1	122.045
1	37.6949
1	72.5994
1	65.6401
1	68.6629
1	112.187
1	64.7523
1	133.026
1	120.847
1	103.31
1	151.902
1	137.085
1	55.8606
1	56.1889
1	165.401
1	89.2964
1	126.04
1	101.619
1	133.556
1	188.107
1	126.287
1	153.397
1	49.6073
1	49.1503
1	85.4728
1	125.257
1	77.2626
1	49.4854
1	168.513
1	109.176
1	46.4899
1	118.538
1	136.832
1	68.7819
1	155.435
1	212.999
1	68.9302
1	128.406
1	117.861
1	91.3167
1	100.312
1	91.5512
1	142.455
1	84.7324
1	114.338
1	78.3148
1	254.599
1	214.851
1	85.5085
1	151.447
1	86.4149
1	203.652
1	90.3855
1	225.924
1	67.878
1	85.5141
1	211.079
1	151.965
1	103.871
1	50.2276
1	53.6567
1	134.4
1	42.7097
1	215.962
1	89.04
1	86.0735
1	80.5467
1	181.225
1	145.359
1	70.597
1	141.984
1	86.0289
1	106.384
1	91.2649
1	86.8009
1	117.788
1	109.2
1	79.0589
1	68.9493
1	97.5258
1	139.264
1	85.2522
1	117.331
1	121.52
1	106.922
1	109.987
1	158.469
1	89.015
1	51.4662
1	100.318
1	93.5597
1	197.308
1	87.5455
1	81.3673
1	49.8298
1	104.304
1	93.7926
1	61.9174
1	99.4269
1	95.5065
1	79.7626
1	157.099
1	145.587
1	187.408
1	62.0696
1	100.158
1	147.904
1	253.161
1	83.3332
1	81.6219
1	80.5393
1	149.131
1	122.444
1	104.16
1	55.1058
1	101.605
1	171.209
1	107.402
1	48.0445
1	52.4033
1	110.503
1	127.183
1	93.4833
1	98.425
1	35.9982
1	118.409
1	197.957
1	108.671
1	124.299
1	138.41
1	102.415
1	139.765
1	83.9768
1	74.8929
1	116.176
1	136.609
1	208.778
1	44.2566
1	110.255
1	163.686
1	147.947
1	86.4387
1	127.487
1	102.967
1	50.7203
1	154.482
1	47.7901
1	146.183
1	121.332
1	90.5385
1	182.577
1	123.049
1	47.5725
1	159.827
1	158.093
1	48.0997
1	78.7703
1	57.7189
1	134.053
1	104.857
