10000	1	9900	0.00208333
0.025641	0.0256384	47997.4	0.0228438	1
0	32.4884
0	45.4638
1	281.475
0	43.2597
0	7.31928
0	2.57454
0	65.1013
0	270.289
0	284.039
0	54.4151
1	178.493
0	191.531
0	90.7538
0	21.8991
0	30.6357
0	178.739
0	65.8154
0	6.19476
0	80.5342
1	170.81
1	225.283
0	10.7843
0	131.274
1	92.6107
0	23.6337
0	9.508
0	222.843
0	105.475
0	6.32503
0	1.52157
0	34.3193
1	98.8931
0	140.76
0	24.0771
0	49.0173
0	250.293
0	31.0507
0	1.32519
0	15.4819
0	9.82214
0	1.78312
0	52.885
0	54.4009
1	164.631
0	191.195
1	185.91
0	29.1318
0	80.422
0	347.72
0	23.3231
0	38.9436
0	9.91088
0	85.9033
0	6.03939
0	158.422
0	5.04991
0	2.66447
0	19.8909
0	38.7146
0	360.712
0	9.68589
0	132.815
0	66.7129
0	30.3278
0	8.63746
0	90.8415
0	10.535
0	15.8534
0	2.02315
1	264.992
1	125.639
0	395.921
0	39.7391
0	29.4611
0	14.0248
0	36.4971
0	21.7542
0	69.7203
0	4.6315
0	5.50751
0	29.8309
0	4.76922
0	139.451
0	48.2661
1	359.463
0	40.5295
0	55.5501
0	40.0336
0	9.17821
0	23.6663
0	1.40671
0	9.94863
0	122.067
0	8.85561
0	65.4928
0	15.5511
0	58.2098
0	58.0672
0	26.519
0	2.39773
0	176.352
0	9.42989
1	449.414
0	2.06332
0	78.0992
0	52.8266
0	9.6273
0	9.90692
0	132.587
0	75.8124
0	45.8866
0	200.234
0	37.0793
0	8.31137
0	7.57535
1	175.687
0	8.83174
0	1.47314
0	25.592
0	103.907
0	13.7219
0	10.4352
0	2.70467
0	43.3607
0	16.5747
0	21.9348
0	260.031
0	86.3722
0	6.96681
0	74.02
0	12.6245
0	52.5344
0	40.6644
0	171.719
0	17.2278
1	194.017
0	492.109
0	28.3695
0	6.97619
0	327.829
0	0.155446
0	5.74409
1	166.945
0	31.1786
0	25.2313
0	330.732
0	233.962
0	6.90265
0	20.8472
0	13.3864
0	7.06742
0	29.7499
0	304.936
0	49.818
0	269.338
1	200.479
0	4.65793
0	6.50006
0	73.7845
0	77.5423
0	116.936
0	27.4749
0	3.00461
0	97.9126
0	4.40918
0	10.5875
0	48.0409
0	46.0154
0	111.56
0	19.8944
0	157.038
0	65.3772
0	15.0161
0	183.175
0	111.236
0	194.31
0	176.405
0	7.12375
0	98.4956
0	5.44293
0	77.1867
0	18.7405
0	101.483
0	9.10897
0	12.2261
0	68.0117
1	174.422
0	7.07316
0	13.1914
0	63.9017
0	7.87691
0	58.6087
0	115.287
0	156.626
0	3.03426
0	41.7406
0	3.02639
0	278.835
0	15.2348
0	2.02092
0	383.786
0	98.7624
1	136.374
0	91.1409
0	15.269
0	1.09349
0	10.6578
1	320.412
0	0.0466892
0	71.951
0	1.61023
0	42.4496
0	0.0336968
0	44.0655
0	60.6616
1	193.939
1	80.2949
0	8.80906
0	66.027
0	112.884
0	10.414
0	64.4786
0	6.11871
1	80.7727
0	17.6548
0	259.973
0	128.111
1	85.6561
0	84.3394
0	77.9421
0	19.5709
0	254.859
0	5.47357
0	65.5387
0	123.662
0	142.92
0	315.132
0	117.276
0	43.9494
0	27.9384
0	66.347
0	55.3358
0	49.6998
0	25.2757
1	192.376
0	12.7817
0	111.707
0	119.121
0	131.875
1	127.915
0	26.505
0	34.8907
0	48.2714
0	13.7999
0	227.448
0	16.7316
0	5.58035
0	40.7658
0	24.578
0	2.0864
0	126.297
0	87.3763
0	140.234
0	17.4472
0	78.4087
1	285.837
0	20.9557
1	207.168
0	138.82
0	348.617
1	72.406
0	32.4524
0	5.69597
0	102.729
0	18.0306
0	86.2076
0	4.02093
0	25.0624
0	38.2149
0	31.2802
0	3.82263
0	0.320079
0	0.27323
0	22.137
0	132.036
0	262.617
0	69.4215
0	28.7995
0	332.386
0	120.384
1	406.227
1	80.4471
0	7.58504
0	77.6268
1	181.698
0	2.64161
0	36.0442
0	97.7453
0	36.1013
0	52.9713
0	2.16866
0	39.0789
0	18.0813
0	62.1372
0	35.6634
0	0.0115568
0	70.5356
0	171.838
0	0.805017
0	4.52245
0	8.50825
0	32.7878
0	82.3298
0	169.343
0	13.2328
0	79.8901
0	23.1517
0	0.419117
0	5.90503
0	113.457
0	8.84441
1	159.507
0	23.3477
0	25.1259
0	13.1292
0	78.088
0	151.932
0	5.65837
0	48.187
0	4.88617
0	9.48479
0	119.326
0	4.5956
0	12.8025
0	59.8336
0	27.6842
0	63.2471
0	128.338
0	17.8888
0	59.5356
0	6.7983
0	594.053
0	3.79452
0	12.0658
0	77.7045
0	50.5419
0	422.269
0	7.03259
0	12.5752
0	98.263
0	177.796
0	30.3073
1	158.967
0	17.9675
0	7.55746
0	3.46744
0	6.57222
0	176.302
1	92.0605
0	34.5781
0	46.7943
0	26.6208
0	410.735
0	113.935
0	15.1421
0	47.5878
0	52.1053
0	78.4774
1	36.6803
0	61.922
0	23.4562
1	123.464
0	15.8236
0	44.5523
0	57.2366
1	162.701
0	42.4678
0	60.3667
1	77.2755
0	90.9594
0	17.2671
0	32.9565
0	3.99492
0	209.315
0	85.2321
0	11.5997
1	352.332
0	8.41674
0	41.2618
0	17.4269
0	6.33036
0	20.9937
0	19.1717
0	4.77722
0	99.5528
0	41.8198
1	111.797
0	27.1028
0	43.2978
0	0.750189
0	5.93717
1	91.2887
0	722.436
0	36.1137
0	0.964415
0	26.1908
0	22.798
0	27.6552
0	135.001
0	72.4977
0	34.3181
0	228.134
0	37.3313
0	2.15215
1	60.0114
0	12.434
0	7.23697
0	19.4486
0	112.914
0	11.0205
0	12.3138
0	38.6317
0	205.886
0	12.743
0	1.58419
1	119.984
0	8.33621
0	79.0931
0	8.97016
0	5.89325
1	74.1125
0	8.70724
0	72.0692
0	4.09942
0	4.58026
0	35.5058
1	190.371
1	235.483
0	15.5076
0	1.8622
1	152.952
0	76.2802
1	189.871
1	289.423
0	106.034
0	1.87557
0	3.47908
0	51.7934
0	87.9321
0	182.874
0	26.5112
0	14.268
0	30.66
0	40.7385
0	61.3058
0	155.501
0	65.3605
0	273.373
0	39.407
0	11.4157
1	197.347
0	25.0972
0	15.2889
0	93.3665
0	3.98548
0	6.37638
0	61.8585
0	7.71495
0	10.6616
0	150.459
0	190.471
0	5.80444
0	20.6033
0	77.8071
0	3.91348
0	41.9345
0	66.2255
0	45.5186
0	34.9148
0	23.0182
0	188.115
0	11.3256
0	22.3059
0	38.9489
0	5.01544
1	293.778
0	0.378605
0	124.34
0	13.1453
0	48.1827
0	287.409
0	19.6623
1	74.6265
0	3.2289
1	130.383
0	316.794
0	3.32812
0	0.572189
0	2.6446
0	5.19815
0	5.27822
0	77.8488
0	46.9247
0	4.80865
0	203.241
0	14.3852
1	401.369
0	49.7507
0	1.95507
0	9.00606
0	44.4644
0	29.3339
0	99.1487
0	36.2155
0	85.3494
0	27.496
0	23.166
0	125.826
0	63.3755
0	4.54583
0	1.41306
0	5.3295
0	54.2721
1	92.9988
0	11.6136
0	5.84409
0	31.6915
0	65.539
0	9.94442
0	50.9209
0	26.7072
0	0.0289461
0	34.3034
0	113.802
0	34.839
0	17.9772
0	131.461
0	168.115
0	247.294
0	11.4525
0	85.0195
0	112.989
0	49.153
0	13.2826
0	1.10934
0	8.76831
0	83.3147
0	248.549
0	9.95683
1	262.961
0	38.5297
0	5.69152
0	36.4125
0	0.615924
1	292.616
0	30.2298
0	185.676
0	175.47
0	18.7392
0	42.3805
0	80.7828
0	14.2334
0	36.0466
0	100.388
0	49.632
0	86.8425
0	49.9706
0	40.5902
0	53.8722
0	4.54108
0	25.1292
0	10.1391
0	81.2883
0	497.073
0	16.347
1	148.515
0	50.129
0	15.6198
0	2.94179
0	21.7396
1	140.538
0	0.724214
0	74.7826
1	128.543
0	2.40992
0	10.7256
0	9.05565
0	19.3432
0	4.83087
0	136.161
0	154.575
0	48.6264
1	140.023
0	8.777
0	2.93743
0	81.8368
1	316.017
0	17.2591
0	218.754
0	5.58193
0	38.522
1	107.177
0	37.9246
0	103.436
0	112.305
1	295.54
0	5.9645
0	21.8522
0	0.218462
0	53.8803
0	9.2588
0	12.9686
0	196.797
1	332.013
0	28.6648
0	383.947
0	531.653
0	40.3817
0	90.8149
0	49.5163
0	2.91425
1	121.716
0	19.3429
0	29.8713
0	16.4165
0	346.728
0	44.1944
0	11.543
0	0.374611
0	158.822
0	15.9588
0	9.70305
0	1.79617
1	219.732
0	115.896
0	13.368
0	312.371
0	3.78231
0	14.8058
0	0.159108
1	62.1673
0	3.60619
0	61.3038
0	19.518
0	108.743
0	9.74178
0	7.6083
0	85.4741
1	273.157
1	267.487
0	167.65
0	30.3809
0	2.72188
0	5.05437
0	15.327
1	117.429
0	19.1907
1	237.238
0	61.9034
0	177.853
1	148.625
1	80.0859
1	348.438
0	6.03534
0	44.8694
0	87.7147
0	71.7998
0	30.0575
0	6.78107
0	262.754
0	64.9426
0	29.8257
0	39.9272
0	50.4386
0	6.81793
0	10.2659
0	5.09119
0	59.8818
1	172.529
0	30.9098
0	7.16949
0	125.414
0	98.5241
0	5.09859
0	0.0211672
0	122.79
0	21.6451
0	56.4178
0	6.94499
1	160.52
0	39.3073
1	280.012
0	23.6791
0	139.528
0	35.1382
1	109.172
0	3.82836
0	28.5517
0	2.78126
0	56.4406
0	16.6469
0	20.6244
0	95.5164
0	13.0387
0	0.142211
0	313.922
0	98.6101
0	75.7726
0	37.5243
0	4.84924
0	153.629
0	19.0182
0	84.1758
0	4.24279
0	14.2733
1	294.983
0	44.9826
0	30.5599
0	34.3055
0	30.3265
0	18.8444
1	361.437
0	12.3871
0	196.529
0	10.1105
0	15.9808
0	55.9889
0	2.81627
1	41.3595
0	41.6545
0	148.944
0	4.52135
0	75.2166
0	552.182
0	159.326
0	26.2314
1	223.28
0	47.7074
0	30.3752
0	30.4948
0	396.106
0	123.451
0	15.7453
0	117.704
0	32.5234
0	152.331
0	2.34826
0	91.7837
0	14.9082
0	89.5009
0	410.619
0	12.2565
0	34.8704
1	174.696
0	18.9546
0	82.1071
0	0.536504
0	14.6823
0	455.811
0	25.7339
0	124.33
0	136.96
0	9.23289
1	204.137
1	198.438
0	34.7907
0	7.86018
0	7.07144
0	173.254
0	135.788
0	150.821
0	33.7299
0	77.3721
1	135.845
0	9.1542
0	17.0649
0	17.0953
0	745.768
1	110.084
0	41.4706
0	7.32943
0	21.4237
0	310.874
0	29.356
0	2.29775
0	21.4214
0	113.532
0	99.8702
0	184.204
0	16.772
0	27.8654
0	417.849
0	36.2045
1	75.1878
0	186.961
0	161.399
0	28.8086
0	27.9144
0	66.596
0	63.086
0	17.8388
0	135.474
0	94.2827
0	6.89521
0	46.66
0	12.2589
0	14.6982
0	12.8229
0	117.852
0	16.8601
0	68.4887
0	5.58935
0	306.929
0	39.207
0	21.145
0	118.827
0	72.8325
0	1.17574
0	27.4004
0	24.8847
0	47.3594
0	9.52236
0	53.1548
1	153.397
1	132.154
0	117.848
0	80.4245
0	30.2471
0	15.7353
1	121.958
0	0.0373595
0	30.5753
0	5.77561
0	48.1938
0	29.5047
0	18.8802
0	124.71
0	45.484
0	19.6735
0	7.475
0	61.3196
0	16.716
0	19.9835
1	263.738
0	1.92285
0	134.525
0	150.743
0	6.63187
0	29.4442
0	2.05126
0	1.03323
0	18.9161
0	244.87
0	100.969
0	38.3548
0	127.022
0	32.0619
0	42.5795
0	60.1506
0	20.7177
0	17.8085
0	67.2286
0	124.18
0	19.6129
0	334.239
0	51.9764
0	73.8567
0	179.229
0	7.10114
0	46.6307
0	8.40475
0	33.6157
0	51.8477
0	5.45197
0	3.36368
0	10.577
0	21.6003
0	57.3483
0	86.5065
0	83.8509
0	16.3023
0	5.86155
0	11.8015
0	86.5831
0	22.2766
1	135.646
0	11.9621
0	83.6927
0	30.3012
0	23.8774
0	47.0189
0	11.0631
1	105.074
1	90.7821
1	54.7725
0	3.25005
0	76.5963
0	10.1265
0	88.1674
0	150.576
0	301.504
0	133.267
0	21.558
0	15.3935
0	23.3527
0	29.685
1	118.557
0	62.2322
1	303.556
1	250.585
0	137.491
0	46.984
0	395.206
0	309.407
0	18.4799
0	45.0919
0	14.8727
0	2.0425
0	74.0226
0	56.242
0	99.1683
0	199.019
0	1.97064
0	64.0657
0	75.7942
0	7.52764
0	64.3458
0	52.1736
0	26.3908
0	1.12615
0	34.7261
0	31.5489
0	26.8719
0	19.3033
0	35.8111
0	71.3801
0	87.3079
0	58.0773
0	71.5085
0	141.351
0	17.9745
0	230.094
0	6.31746
0	15.82
0	3.91513
0	31.6011
1	248.594
0	57.4461
0	213.863
0	17.1378
0	79.8364
1	216.975
0	182.677
0	227.586
0	50.5987
0	137.813
0	55.1383
0	45.1246
0	83.9033
0	156.414
0	41.004
0	468.84
0	17.7694
0	83.4654
1	105.843
0	5.02154
0	90.93
0	31.413
0	95.7209
0	190.957
1	134.491
0	2.5199
0	8.83432
0	2.50002
0	10.8038
0	46.166
0	33.3258
0	0.615
0	7.85809
0	34.6414
0	67.4017
0	90.222
0	8.83134
0	56.3648
1	437.707
0	160.427
0	3.42135
0	8.32574
0	63.3382
0	22.2721
0	4.19654
0	116.546
0	98.7309
0	19.7806
0	4.01642
0	1.70927
0	228.717
0	19.4386
1	377.54
1	200.032
0	6.13847
0	9.34496
0	36.6914
0	115.991
0	58.8203
0	53.6699
0	67.8894
0	43.8129
0	31.9435
0	100.313
0	1.2354
0	7.34704
0	19.7566
0	3.80426
0	36.5391
0	70.3985
0	146.285
0	78.9614
0	135.949
0	37.0936
0	11.1789
0	3.90096
0	1.04025
1	94.4921
0	29.9876
0	97.369
1	31.375
0	43.0413
0	77.2281
0	56.6768
0	82.8043
1	242.652
0	11.0453
0	1.45978
0	12.9071
0	16.0286
0	36.9708
0	292.965
0	138.852
0	9.08957
0	94.5687
0	59.4999
0	5.81513
1	140.02
0	121.044
0	14.0579
0	7.013
0	10.5956
0	84.5697
0	253.671
0	7.11117
0	122.22
0	22.8554
0	12.8322
1	302.784
0	29.3127
0	28.8623
0	28.1503
0	1.04156
0	1.10157
0	111.982
0	31.684
0	134.241
0	50.3776
0	40.2557
0	257.199
0	35.0452
0	5.73637
0	24.5799
0	74.0703
1	184.513
0	62.2153
0	30.2375
0	4.95701
0	4.12578
0	246.584
0	184.248
0	92.9504
0	5.04883
0	16.8339
1	145.099
0	100.863
0	2.62175
0	64.2982
0	276.084
0	40.5668
0	2.3341
0	0.865456
0	12.8803
0	47.7613
0	17.9157
1	129.26
0	36.3148
0	7.88852
0	15.8124
0	79.2919
0	46.6761
1	279.381
0	2.45016
0	3.34472
0	10.0547
0	35.1616
0	10.1903
0	66.5922
1	125.115
0	41.8739
0	60.0231
0	39.8006
0	11.1826
0	19.8611
1	258.336
0	11.4736
0	18.8112
0	38.7587
0	21.2661
0	8.46532
0	34.4
1	104.536
0	9.14487
0	81.3491
1	154.314
0	6.09642
0	3.36333
0	4.72579
1	100.586
0	43.6898
0	2.66789
0	34.2643
0	24.9267
0	6.87681
0	84.3669
0	424.693
0	22.7607
0	8.44826
1	111.981
0	38.715
0	82.8421
0	300.05
0	3.52933
1	115.638
0	42.9509
0	68.6234
0	64.2596
0	20.4581
1	75.9946
0	31.1802
0	89.6295
0	22.5618
1	164.656
0	5.89588
0	1.19426
0	6.28627
0	584.176
0	238.71
0	132.764
0	86.8204
0	4.2875
0	137.263
0	48.9852
0	52.837
0	29.8553
1	111.47
0	4.84507
0	155.465
0	45.1849
0	193.921
0	2.64827
0	74.0364
0	1.87727
0	8.23476
0	84.4144
0	136.602
1	67.3152
0	100.352
0	49.5142
0	122.443
0	145.1
0	7.39574
0	28.3789
0	61.9056
0	8.73548
0	3.70969
0	19.0851
0	95.8205
0	5.92677
0	45.9158
0	121.839
0	4.77687
0	119.56
0	14.1407
0	16.9705
1	195.01
0	11.6947
0	67.4121
0	186.082
0	29.356
0	7.60382
0	13.5542
0	15.4904
0	376.559
0	29.6434
0	237.301
0	186.326
0	8.31351
0	131.816
1	71.6747
0	10.7934
0	42.3293
0	2.82374
0	9.70225
0	17.189
0	17.598
0	102.208
0	4.89155
0	0.226084
0	364.381
0	7.08211
0	55.2493
0	0.24823
0	6.92661
0	36.0302
0	48.2974
0	51.0572
0	44.7591
0	395.979
0	149.438
0	12.0896
0	101.258
0	2.67137
0	0.803793
0	55.7697
0	136.921
0	127.08
0	40.2019
0	196.39
0	23.6873
0	0.973925
0	136.73
0	177.2
0	104.557
0	69.8862
0	133.431
0	26.9849
0	97.9933
0	26.4745
0	28.8926
0	21.1312
0	172.457
0	56.1504
0	16.0782
0	39.0313
1	104.42
0	13.0833
1	121.687
0	85.3032
0	155.939
0	15.777
0	7.78406
0	16.8023
0	12.9285
0	95.4405
0	131.871
0	0.237022
0	69.6499
0	32.0255
0	539.455
0	298.42
0	193.622
0	1.03046
0	7.97044
0	146.646
1	162.546
0	6.63268
0	354.79
0	60.59
0	6.41885
1	105.268
0	41.1962
1	230.197
1	156.402
0	17.543
0	55.5998
0	77.1216
0	16.4414
0	126.215
0	11.7669
0	9.89802
0	20.76
0	123.861
0	28.9874
0	12.0164
0	37.8392
0	23.1022
0	29.8521
0	42.9473
1	114.265
0	71.6752
0	2.38099
0	7.42789
0	11.393
0	13.8363
0	21.2134
0	8.37623
0	66.9754
1	75.9314
0	14.7772
0	221.433
0	251.556
0	369.312
0	2.44331
0	5.22321
0	112.569
0	81.3269
0	5.52673
0	7.35224
1	62.406
0	31.6064
0	204.083
1	60.4166
0	117.246
0	8.1141
0	22.6443
0	11.179
0	318.66
0	13.2086
0	39.4977
0	115.427
0	36.1853
0	58.3198
0	13.8788
0	7.38158
0	1.22186
0	13.3619
0	28.6324
0	45.2442
0	159.625
0	30.14
0	112.869
0	354.24
0	1.91978
1	42.891
0	41.613
0	40.881
0	76.2754
0	37.4132
0	49.3132
0	12.922
0	96.9629
1	97.0942
0	10.5942
0	87.5528
0	9.98733
0	25.1493
0	70.9032
0	8.9211
0	269.952
1	73.2061
0	14.3041
0	0.108634
0	8.03389
0	72.8037
0	71.5149
0	2.30683
0	144.546
0	173.545
0	93.5175
0	2.8086
0	179.17
0	8.43354
0	37.2802
0	140.653
0	59.2112
0	216.521
0	204.579
0	111.311
0	11.5697
0	278.183
0	3.44845
0	346.491
0	18.5427
0	74.0812
0	19.6355
0	16.7087
0	14.2286
0	11.9707
0	55.9473
0	4.81891
0	80.3888
0	221.688
1	157.743
0	143.042
0	32.2453
0	129.46
0	238.9
0	15.9223
0	21.4062
0	4.45677
0	169.553
0	18.6395
0	32.8144
0	1.80345
0	39.2992
0	70.0127
0	67.3153
0	0.968849
0	22.4031
0	117.071
0	15.0352
0	164.532
0	0.769421
0	21.468
0	6.18025
0	26.1433
0	20.8643
0	227.693
1	108.157
0	23.0278
1	104.312
1	158.596
0	10.0595
0	30.8064
0	70.9624
0	10.9408
0	58.769
0	25.8055
0	0.907085
0	14.9317
0	103.045
0	156.777
0	2.01458
1	84.1412
0	43.2459
0	15.0797
0	23.7873
0	28.0753
0	1.23916
1	274.978
0	18.5198
0	19.9229
0	15.426
0	7.12865
0	54.4539
1	144.564
0	7.79686
0	19.2245
1	148.127
0	11.249
0	119.932
0	9.10778
0	61.6999
0	54.0611
0	38.7021
0	36.3462
0	8.71241
0	6.28338
0	6.61786
0	88.1431
0	88.7794
0	141.443
0	86.4619
0	9.42193
0	242.274
0	16.9846
0	5.04311
0	7.72502
0	119.497
0	27.4257
0	89.4507
0	4.23132
0	55.3359
0	2.04958
1	132.771
0	40.7687
0	2.34314
0	0.422109
0	3.72556
0	18.2933
0	7.12474
0	13.7266
0	30.7077
0	43.06
1	36.7676
0	23.3358
0	0.78098
0	15.9516
1	148.662
0	79.3472
1	235.76
1	131.589
0	6.85946
1	262.041
0	195.907
1	496.031
0	12.5703
0	21.7103
0	9.49293
0	8.30245
0	14.0529
1	252.303
0	11.8562
0	2.21618
0	21.7383
0	36.0796
0	103.833
0	144.139
0	314.937
0	29.2226
0	23.062
0	19.5351
0	52.189
0	61.2584
0	48.2261
0	79.6855
0	22.7254
0	143.366
0	57.3482
0	39.7354
0	5.60832
0	84.93
0	8.29692
1	259.572
1	99.7727
0	22.0644
0	13.7117
0	14.6956
0	12.2504
0	0.40503
1	236.701
0	142.541
1	76.1454
0	186.472
0	242.183
0	5.80421
0	94.9991
0	11.9368
0	22.1752
0	20.1827
0	16.3438
0	11.4467
0	248.132
0	15.8343
0	115.11
0	11.4996
0	96.9242
1	300.056
0	89.2056
0	105.752
0	10.3713
0	14.1156
0	59.6497
0	23.2086
0	29.9015
1	81.5091
0	179.39
0	53.9588
0	109.373
0	107.836
0	64.3801
0	11.5108
0	86.7418
0	69.465
0	259.162
0	1.39474
0	15.9384
0	41.9081
0	47.1311
0	81.1405
0	6.87618
0	6.03228
0	63.1002
0	245.396
0	87.7541
0	56.2044
0	44.0734
0	208.29
0	58.6467
0	1.20823
0	5.08978
0	380.802
0	10.8313
0	4.5816
0	7.18967
0	39.0613
0	6.5252
0	239.396
0	51.3846
0	94.2296
0	126.865
0	57.7362
0	27.5883
0	75.3596
0	1.77152
0	8.63678
1	437.429
1	122.776
0	84.2791
0	53.8067
0	280.935
0	16.4268
0	12.2275
0	11.8902
1	148.34
0	52.3731
0	12.3521
0	4.31225
0	30.6566
0	36.8624
0	0.68476
0	82.1788
0	385.658
0	254.931
0	48.3303
0	2.36307
0	22.2388
0	35.3277
0	59.6716
0	56.0993
0	16.0138
0	35.1499
0	12.9453
0	57.5402
0	129.421
0	14.0689
0	102.227
0	247.859
0	58.7636
1	236.952
0	34.8366
0	6.28069
0	16.7995
0	52.9488
0	31.4052
0	50.2618
0	5.27685
0	15.7851
0	2.6086
0	43.03
1	158.95
0	11.0596
0	542.312
0	116.982
0	54.6351
0	15.2633
0	14.8651
0	6.49851
0	90.4981
0	9.37975
0	3.25574
0	35.5047
0	28.3813
0	45.2999
0	8.21563
0	90.5566
0	41.6461
0	106.286
0	2.34407
0	41.161
0	32.7223
0	88.4058
0	157.373
1	188.499
0	41.4952
0	27.1338
0	146.614
0	263.319
0	29.1745
0	73.1037
0	77.8921
0	110.331
0	114.275
0	154.546
1	93.1108
0	20.9029
0	12.7439
0	353.162
0	68.7032
0	72.8999
0	6.44763
0	15.3509
0	0.801823
0	1.2745
0	64.3637
0	78.9869
0	2.44638
0	139.171
0	19.1805
0	151.19
0	540.928
0	742.366
0	89.6411
0	64.5733
0	22.8592
0	43.8195
0	29.726
0	14.4496
0	20.0851
1	101.623
0	160.229
0	429.305
0	38.5566
0	0.104967
0	102.924
0	22.7235
0	12.8029
0	16.3218
0	2.53811
0	5.78458
0	104.168
1	209.159
0	45.0532
0	14.6207
1	159.987
0	23.6167
0	52.5248
0	19.0102
0	119.219
1	86.4983
0	90.0338
0	6.35459
0	104.279
0	167.667
1	107.43
1	482.505
0	45.4662
0	4.3946
0	161.569
0	6.23412
1	58.6591
0	43.9172
0	15.9393
0	203.654
0	107.002
1	144.059
0	8.68541
0	29.4448
0	11.1165
1	67.8654
0	30.9474
0	197.083
0	18.6047
1	300.308
0	78.9014
0	4.27938
0	102.487
0	69.038
1	99.3165
0	150.7
1	202.585
0	10.1333
0	134.643
0	9.39089
0	5.00488
0	12.5377
0	32.5174
0	5.82071
0	14.6904
0	33.6809
1	200.992
0	190.525
0	10.0885
1	207.151
0	23.2906
0	44.8375
0	23.6317
0	47.7225
1	115.202
1	188.405
0	328.79
0	6.92226
0	25.77
0	28.6811
0	260.633
0	258.554
0	64.3276
0	81.1822
0	63.3768
0	22.0634
0	14.2402
0	50.7939
0	23.0907
0	159.131
0	329.751
0	9.41908
0	32.9272
0	211.911
1	181.474
0	0.944804
1	77.7752
0	30.4367
0	63.0396
0	12.4723
0	153.203
0	93.8047
0	48.8241
1	51.5112
0	166.854
0	7.33324
1	75.5261
0	37.1552
0	40.2311
0	16.1122
0	2.09222
0	0.370026
0	374.986
0	78.4341
0	68.3551
0	39.3795
0	34.0804
0	271.735
0	7.82192
0	8.15002
0	9.31059
0	135.402
0	41.9344
0	293.011
0	126.246
1	54.0038
0	34.033
0	18.7627
0	2.17631
0	21.7209
0	50.1457
1	375.611
0	10.9856
1	185.111
0	172.757
0	42.8112
0	153.135
0	68.0429
0	162.889
0	45.9059
0	28.3737
0	244.851
0	12.1653
0	51.2576
0	4.72476
0	399.689
1	63.2825
0	6.19226
0	228.559
0	42.0938
0	4.5026
0	88.089
0	0.289871
0	26.9384
0	83.7002
0	31.1699
1	148.651
0	6.02852
0	7.93349
0	1.07451
0	24.9391
1	152.156
0	83.6723
0	46.1546
0	34.6132
0	34.6608
0	18.1893
0	200.553
0	16.2148
1	125.668
0	12.8864
0	3.34888
1	166.833
0	12.8072
1	57.381
0	6.16236
0	25.1501
0	7.64603
0	33.7338
0	19.8026
1	220.384
0	55.0203
0	8.05752
0	128.793
0	108.192
0	22.5185
0	318.493
0	10.3839
0	2.10936
0	16.4391
0	78.1386
0	174.374
0	70.6766
0	25.6098
0	10.9838
0	58.4504
0	54.6998
0	32.314
0	14.6785
0	16.5224
0	6.59077
0	0.803063
0	81.3333
0	312.287
0	11.6901
0	27.2642
0	44.7348
0	10.9838
0	243.119
0	37.8538
0	3.8273
0	280.693
1	64.1111
0	101.612
0	74.6474
0	4.83763
0	13.9445
0	0.842908
0	129.63
0	9.21012
1	315.938
0	21.1922
0	2.35673
0	1.89352
0	343.868
0	281.497
0	15.8043
0	4.37811
1	236.42
0	16.3905
1	220.813
0	48.9506
0	5.92868
0	68.1083
0	14.0994
0	1.57377
0	118.991
0	11.9835
1	213.703
0	6.7115
1	174.589
0	84.5022
0	112.553
0	35.9855
0	115.925
0	51.552
0	36.1517
0	58.1125
0	10.9072
0	837.743
0	9.04322
0	5.21159
0	19.7239
0	26.8261
0	45.0203
0	64.4611
1	262.537
1	313.258
0	18.5483
0	7.92717
0	20.8992
0	144.717
0	112.486
0	3.8717
0	4.56823
1	543.667
0	2.51875
0	125.588
0	233.22
0	75.7463
0	43.4913
0	15.4399
0	15.9769
0	70.6661
0	12.2446
1	94.9048
0	46.6298
0	57.6527
0	155.382
0	204.244
0	41.8836
0	10.4599
0	128.031
1	128.66
0	6.08887
0	3.18464
1	105.088
0	148.13
0	82.1898
0	1.79503
0	4.06858
0	5.92647
0	33.4552
0	2.96245
0	291.672
0	123.826
0	12.949
0	30.6492
0	29.8473
0	71.9057
1	98.3334
0	64.2445
0	241.898
0	128.981
0	31.3617
0	5.17225
0	7.66605
1	166.258
0	278.257
0	4.87237
0	31.7235
0	0.491904
0	15.1729
0	3.91164
0	97.5985
0	6.21175
0	0.463483
0	32.9957
0	128.394
0	2.73295
0	2.85225
0	0.806795
0	23.8443
0	22.0733
0	151.017
0	81.0504
0	35.0643
0	5.25285
0	17.0394
1	184.15
0	207.743
0	141.385
0	68.1184
0	177.377
0	4.536
0	57.5521
0	17.167
0	92.7803
1	101.574
0	49.3682
0	44.637
0	23.8887
0	15.1365
0	4.23138
0	68.4891
1	434.909
0	69.0882
0	96.8794
0	28.4944
0	17.7215
0	5.62106
0	24.6554
0	109.321
0	150.36
0	212.546
1	38.7526
0	50.0747
0	6.0521
0	29.8381
0	0.578629
0	25.2023
0	112.141
0	49.7258
0	6.19382
0	11.1825
0	15.2989
0	29.0384
0	12.3007
0	0.326773
0	147.916
1	75.2392
0	0.714138
0	26.6353
0	1.15448
0	75.6288
0	283.653
0	15.5306
0	122.87
0	13.6214
0	86.0725
0	6.86851
0	62.6151
0	10.2093
1	252.755
0	28.802
0	4.23594
1	82.4531
0	10.2449
0	37.9022
0	65.03
0	18.891
0	115.193
1	76.2822
1	253.83
0	38.3973
0	15.152
0	14.2927
1	39.3375
0	18.3601
0	8.16962
1	174.696
0	21.2693
0	99.269
0	3.12677
0	42.1248
0	7.24444
0	88.7407
0	121.322
0	96.8053
0	51.4063
0	50.1895
0	55.7088
0	2.35631
0	25.8956
0	122.05
0	94.914
0	61.0951
0	0.450282
0	88.7247
0	133.697
0	9.55696
0	10.0723
0	7.85351
0	354.847
0	13.8335
0	23.3915
1	168.596
1	134.202
0	2.11245
0	14.4952
0	58.3804
0	41.593
0	135.03
1	95.6618
0	43.5591
0	22.9084
0	13.1493
0	2.38275
0	6.20565
0	7.29809
0	65.6931
0	238.83
1	74.2993
0	27.3473
0	27.6459
0	76.1705
0	167.999
0	59.0904
0	32.4246
0	4.50766
0	21.0702
0	36.8031
0	12.7524
0	5.42406
0	166.222
0	29.7384
0	17.6614
0	111.664
0	156.709
1	327.63
0	25.3638
0	2.50221
1	97.467
0	16.4811
0	21.4388
1	253.839
0	3.70581
0	382.748
0	159.695
0	45.201
0	18.8208
0	1.47254
0	23.3932
0	26.7087
1	81.3767
0	86.8865
0	9.1354
0	5.22097
0	42.425
0	43.5624
0	35.7396
1	155.193
0	52.7358
0	28.595
0	6.97615
1	85.8351
0	100.741
0	3.1185
0	35.2313
0	127.366
0	7.65233
0	223.056
0	2.55642
0	0.0856952
0	55.6646
0	137.916
0	101.307
0	33.6099
0	3.14261
0	41.2342
0	43.3114
0	125.14
0	128.41
0	12.6567
0	5.12293
1	187.851
0	32.068
0	74.3269
0	180.005
0	37.9994
0	107.819
0	43.412
0	7.74665
0	57.4855
0	50.0082
0	4.31193
0	18.5868
0	5.48071
0	13.3739
0	9.72536
0	85.9217
0	1.77777
1	235.798
1	476.819
0	220.606
0	11.463
0	72.9129
0	24.6538
0	14.596
0	48.0694
0	114.652
0	109.271
0	35.8847
0	8.32302
0	2.33293
0	129.522
0	15.3431
0	25.0566
0	7.08926
0	120.245
0	282.398
0	13.5249
0	1.9966
0	131.004
0	24.4105
0	21.6741
0	5.76357
0	151.597
0	26.5867
0	42.3139
0	14.115
0	263.327
0	16.9208
0	33.8625
0	299.112
0	32.9362
0	30.1605
0	48.1005
0	104.638
0	21.5927
0	163.204
0	9.17998
1	94.3198
0	11.5138
0	41.1377
0	47.3467
0	3.72483
0	16.1608
0	8.52042
0	61.8458
0	16.865
0	3.94896
0	9.87157
0	2.33664
0	56.6678
0	5.68248
0	41.0227
0	29.1809
0	3.70882
0	19.3947
0	42.8871
0	12.0127
0	49.7217
0	1.66461
0	186.895
0	83.5727
0	55.3135
0	1.29182
0	7.40199
0	79.173
1	94.6098
0	5.58405
1	262.956
0	62.4632
1	261.124
0	34.4685
0	192.487
0	150.759
0	41.7696
0	143.784
0	23.8852
1	255.766
0	7.13436
0	37.8694
0	137.36
0	284.912
0	185.72
0	117.94
0	73.0561
0	280.028
0	13.3542
0	29.9682
0	94.7263
0	203.37
0	1.10483
0	17.7722
1	113.83
0	83.2234
0	6.78402
0	30.414
0	23.6404
0	100.063
0	1.00336
1	82.8541
0	10.3015
0	20.7779
0	9.35529
0	135.768
0	14.1168
0	2.0187
0	67.82
0	18.4691
0	114.04
0	143.973
0	29.9294
0	220.427
0	6.12941
1	296.166
0	74.1561
0	24.1423
0	2.89533
0	89.2846
1	93.9506
0	141.797
0	12.1038
0	9.02512
0	26.3178
0	94.7089
1	250.568
0	16.4447
0	644.262
0	33.2882
1	100.504
0	5.31487
0	0.76617
0	6.9144
0	16.1907
0	168.595
0	335.679
0	14.3068
0	28.3244
0	7.06194
0	17.0671
0	58.5734
1	164.519
1	233.677
0	22.931
1	146.311
0	7.51472
0	0.868349
0	129.807
0	3.98469
0	18.6914
0	113.466
0	23.9502
0	7.8201
1	132.016
0	5.17142
0	337.506
0	1.287
0	15.2904
0	29.8793
0	38.2259
0	11.5409
0	35.5459
0	110.65
1	175.692
0	158.091
0	43.3724
0	83.8657
0	128.222
1	175.887
0	14.3432
0	89.3318
0	3.75465
1	63.6964
0	25.4312
0	9.70984
0	17.9819
1	285.278
1	73.4806
0	9.98463
0	2.90551
0	85.9799
0	15.3652
1	185.151
0	12.4069
0	10.133
1	190.656
0	70.5626
0	344.606
0	2.15047
0	13.4573
0	11.1227
0	63.2434
0	11.0987
0	26.7883
0	69.079
0	61.2868
1	283.958
0	24.8154
1	78.4443
0	45.2089
0	92.7031
0	66.9405
0	1.07209
0	24.044
0	16.5408
0	77.5126
0	10.8638
0	247.779
0	54.8731
0	58.9469
0	87.0663
0	34.3777
0	93.9333
0	122.674
0	261.401
0	24.7847
0	2.29777
0	79.2657
0	27.1564
0	25.9215
0	46.4309
0	9.09843
0	43.6534
0	17.4257
0	41.8808
0	34.4683
1	63.6439
0	12.8964
0	12.7326
0	159.447
0	120.201
0	59.142
0	42.4479
0	43.0478
0	55.3553
0	10.6965
0	0.606005
1	157.852
0	50.1547
0	10.663
1	102.217
0	34.2017
0	323.787
1	303.277
0	0.804917
0	3.11549
0	2.56514
0	75.4919
0	14.4557
0	97.8341
0	10.546
1	61.8104
1	42.9084
0	428.718
0	19.3801
1	94.4102
0	6.53731
0	62.4983
0	67.8232
0	153.4
0	56.4443
0	4.64144
0	208.216
0	277.999
0	2.46866
0	22.4106
0	14.0133
0	45.581
0	143.893
0	7.65665
0	61.6908
0	14.556
0	25.2781
0	4.4409
1	160.273
0	42.1552
0	66.7066
1	47.5473
0	2.21499
1	324.496
1	324.367
0	54.1473
0	10.5357
0	7.85924
0	180.335
1	245.051
0	9.37152
0	89.1092
0	2.17281
0	299.125
0	7.13012
0	207.266
1	174.881
0	24.8639
0	5.15745
0	18.9772
0	25.4198
0	54.7448
0	464.214
0	39.0997
1	306.735
0	241.574
0	48.2687
0	96.1071
0	4.10155
0	70.0839
0	15.2634
0	7.08333
0	19.8056
0	18.672
0	27.1848
0	15.5173
0	5.91063
0	64.7608
0	66.108
0	26.6405
0	22.7542
0	4.82775
0	69.9646
0	18.3099
0	20.7381
0	12.2802
0	53.4196
0	107.808
0	43.3858
0	83.1589
0	29.5933
0	37.5635
0	61.8288
0	71.4874
0	25.8795
1	78.3187
0	30.8513
0	75.3417
0	4.79131
0	17.3851
1	179.509
0	164.852
0	42.1025
0	11.475
0	153.786
1	163.443
0	100.499
0	8.81068
0	0.351118
0	17.344
0	83.4684
0	27.5485
1	110.859
0	187.262
0	19.5511
0	1.7526
0	13.2174
0	36.281
0	44.0183
0	275.57
0	130.135
0	20.6962
1	196.964
0	24.7492
0	63.5361
0	13.1873
0	4.88713
0	33.6687
0	82.0162
0	231.168
0	207.923
0	200.837
0	46.9178
0	21.276
0	68.2228
0	0.262617
0	20.6089
0	13.3246
0	55.1073
0	24.4424
0	41.1748
1	159.989
1	195.975
0	120.994
0	7.39985
0	50.3844
0	197.126
0	14.352
0	12.8284
0	50.4
0	4.21395
0	99.8627
0	80.4829
0	3.39801
0	11.8043
0	2.12358
0	44.3405
0	75.314
0	7.86029
0	114.337
0	157.064
0	13.7054
0	163.641
0	35.5069
0	25.691
0	7.41884
0	29.9079
1	370.511
0	23.8985
1	382.344
0	325.265
0	2.57645
0	34.8089
0	38.1368
1	329.704
1	443.893
0	31.1632
0	1.85475
0	4.74029
0	27.1332
0	76.1275
0	195.498
0	96.5031
0	7.04326
0	14.5826
0	35.6666
0	52.4071
0	2.7013
0	127.513
1	149.768
0	36.4441
0	7.42
0	229.778
0	47.2388
0	14.4518
0	0.942761
0	11.3295
0	34.3674
0	455.456
0	46.3991
0	168.271
0	15.3466
0	18.5732
0	41.8121
0	44.0216
0	9.68695
1	346.26
0	78.4121
0	109.265
0	43.1779
0	9.77743
0	93.0422
0	22.0953
0	4.27022
0	71.8503
0	24.8244
1	137.974
0	2.27802
0	1.87812
0	70.6637
0	10.2757
0	10.0052
0	214.171
0	1.48492
0	130.815
0	210.528
0	203.188
0	28.8351
0	30.2449
0	89.8309
0	1.33667
0	122.132
0	22.2083
0	10.9322
0	23.618
0	106.881
0	6.07561
0	187.577
0	245.859
0	24.1675
0	27.126
0	82.6459
0	20.5935
0	54.2896
0	18.0913
0	4.01257
0	3.90483
0	22.4404
0	26.4745
0	46.9886
0	15.8828
0	166.091
0	426.551
0	4.38654
0	17.7574
0	137.278
0	3.64007
0	11.6695
0	44.1529
0	3.13279
1	68.9036
0	6.71429
0	321.384
0	283.294
0	152.782
0	13.2051
0	8.02228
0	6.71796
0	174.068
0	36.1461
0	10.4185
0	206.608
0	68.8553
1	76.5194
0	13.6994
0	17.3149
0	31.581
0	8.75996
0	18.9599
0	1.97902
0	21.3047
0	24.2282
0	6.58096
0	109.774
0	27.0864
0	267.574
0	4.06673
0	10.1304
0	61.4808
0	1.4025
0	14.9859
0	122.411
0	39.2034
0	20.1052
0	19.3026
0	54.766
0	98.806
0	7.65969
0	42.477
0	93.098
0	87.1371
0	68.0579
0	1.08139
0	3.93746
0	130.434
0	0.461056
0	18.5035
0	1.53822
0	55.7861
0	22.2579
0	269.197
0	180.374
0	6.75784
0	105.167
0	30.4523
0	0.0961688
0	196.755
0	5.19541
0	0.166222
0	43.3605
0	25.1648
0	79.5114
0	5.69497
1	202.355
0	3.51462
0	26.9682
0	27.1891
0	370.359
0	19.5139
0	103.014
0	24.5996
0	30.2452
0	153.19
0	14.9337
0	261.368
0	439.686
0	12.0224
0	3.56326
0	2.40628
0	42.0619
0	44.6476
0	17.2335
0	6.65246
0	156.836
0	9.96215
0	142.203
0	117.977
0	59.0342
0	46.6764
0	172.864
0	3.05393
0	103.366
0	204.933
0	0.259747
0	52.5474
1	164.319
0	49.7257
0	76.6532
0	40.1864
0	185.672
0	11.2582
0	41.2677
0	6.55889
0	17.4478
0	127.253
0	54.9295
0	213.422
1	515.066
0	75.7629
0	5.67283
0	16.5481
0	64.2994
0	35.7214
0	162.252
0	2.52653
0	39.9155
0	47.5396
0	18.3478
0	218.853
0	36.47
0	37.7041
0	127.379
1	271.467
0	15.214
1	28.8704
0	42.5199
0	68.8015
0	18.4498
0	10.3497
1	139.564
1	228.685
0	0.854506
0	29.7741
0	27.9386
0	0.763008
0	76.9057
0	2.74799
0	0.214623
0	2.70204
0	14.2459
1	347.078
0	194.299
0	2.54377
0	7.83914
0	0.410596
0	5.62942
0	92.9722
0	18.0583
0	34.535
0	1.55662
1	126.056
0	255.017
0	17.7504
0	43.8356
0	105.949
0	48.6742
1	93.8427
0	27.2319
0	40.0414
0	390.061
0	0.924075
0	16.5633
0	440.839
0	10.3787
0	69.5635
0	11.6289
0	78.7787
0	0.503278
0	45.6225
0	29.3953
0	98.0768
0	296.359
0	36.5911
0	126.142
0	9.1187
0	24.4406
0	23.9693
0	25.1573
0	11.9254
0	10.2864
0	70.5995
0	13.314
0	18.3479
0	0.790875
0	73.0258
0	280.699
0	17.0566
0	66.5859
0	7.60689
0	39.4053
0	42.7619
0	8.76576
0	66.5295
0	77.7074
0	7.22217
0	28.0683
0	87.2242
0	8.30472
0	23.8687
0	58.0596
0	8.01975
1	109.584
0	49.698
0	128.215
0	7.65752
0	38.9596
0	299.525
0	92.0754
0	252.171
0	3.02313
0	254.517
0	51.0792
0	20.0656
0	18.4892
0	30.2453
0	98.6226
0	15.0374
0	234.72
1	152.99
0	2.9978
1	141.732
0	3.56066
0	21.7567
1	41.9851
0	15.6224
0	53.4724
0	255.616
0	6.23747
0	58.401
0	18.5435
0	0.259154
0	49.7174
0	202.194
0	3.75102
0	249.664
0	72.6386
0	30.5756
0	14.3838
0	28.5945
0	3.56576
0	34.4738
0	36.3395
0	16.0346
0	35.7291
0	0.939818
0	277.102
0	121.222
0	8.32103
0	34.6947
0	21.1262
0	50.8116
0	217.124
0	225.307
0	3.21246
0	15.5294
0	11.7498
0	63.7242
0	67.5921
0	3.23678
0	7.09498
0	163.038
0	10.863
0	22.8682
0	15.9126
1	72.2806
0	18.9828
0	23.6441
0	73.4158
0	467.38
0	49.0698
0	18.628
0	27.1518
0	35.7459
1	267.81
0	0.0434899
0	22.585
0	118.514
0	4.5956
0	10.067
0	78.8274
0	18.052
0	8.13939
0	0.405263
1	238.366
0	157.684
0	1.15401
0	10.9887
0	3.81246
0	116.147
0	18.367
0	2.78864
0	7.61246
0	37.0086
0	194.199
1	121.171
0	5.29294
0	30.1953
0	16.2034
0	34.853
0	25.4278
0	43.4256
0	60.2187
0	68.5261
0	90.9341
0	7.19814
0	10.8221
0	298.084
0	25.2542
0	25.5554
0	136.621
0	34.0812
0	156.478
0	14.3054
0	65.1987
0	211.737
0	41.9626
0	49.6408
0	19.887
0	3.08436
0	40.481
0	11.2912
0	208.121
1	23.8455
0	180.158
0	11.1841
0	230.316
0	19.9315
0	62.5114
0	121.285
0	5.31739
0	27.2046
0	374.534
0	3.71839
0	131.074
0	11.627
0	49.298
0	171.633
0	47.8694
0	26.0508
0	3.37101
0	55.7011
0	23.2881
0	139.061
0	92.548
0	9.62709
0	7.5579
0	142.075
0	250.952
0	10.0714
0	206.778
1	75.1739
0	69.0313
0	13.5867
0	0.825151
0	338.095
0	4.90626
0	26.5662
0	156.974
0	70.8478
0	237.049
0	184.683
0	9.09699
0	29.4743
0	5.49026
0	90.9062
0	31.6345
0	10.1879
0	19.889
1	201.033
0	7.001
0	18.8412
0	3.05135
0	2.16303
0	51.814
1	316.427
0	6.11421
0	76.0575
0	12.2428
0	1.72256
0	132.389
0	60.4214
0	2.35941
0	16.7211
0	15.4036
0	51.297
0	51.3674
0	8.23942
0	21.9458
0	13.2808
0	91.1263
0	3.14576
0	61.1904
0	150.699
0	0.681508
0	62.1956
0	24.7644
1	156.97
0	2.25666
0	15.9499
0	1.23986
0	4.80036
0	38.401
0	124.696
0	69.6692
0	75.7397
0	1.73792
0	33.861
0	134.337
0	55.9002
0	50.6181
0	128.874
0	19.3962
0	86.1152
0	2.81281
0	17.5478
0	270.919
0	41.4787
0	8.77871
0	43.2671
0	7.64301
0	8.08988
0	5.80438
0	7.95777
0	318.991
0	15.7282
0	3.16911
0	25.8962
0	330.704
0	80.9702
0	94.6957
0	124.01
1	132.648
0	65.4592
0	27.8252
0	11.796
0	10.9526
0	6.0532
0	4.1999
0	150.059
0	52.5794
0	45.5007
0	1.67057
0	13.6795
0	61.1001
0	2.92306
0	226.269
0	26.2205
0	9.54246
0	21.702
0	12.8065
0	1.55123
0	34.8437
0	8.75066
0	209.19
0	64.821
0	76.2121
0	48.2452
1	49.3769
0	266.223
0	64.5898
0	37.6649
0	145.725
0	3.2042
0	79.4045
0	43.3448
0	29.5968
0	275.516
0	45.6662
0	15.3255
0	20.2247
0	70.2915
0	83.4076
0	1.21417
0	0.965252
1	143.372
0	13.1493
0	43.9228
0	146.764
1	117.657
0	29.5765
0	88.0335
0	23.981
0	27.707
0	328.035
1	383.71
0	31.0801
1	121.465
0	10.9137
1	89.4152
0	7.18077
0	8.04431
0	15.3135
0	18.3736
0	53.5517
0	96.5983
0	301.874
1	73.439
0	51.017
1	155.191
0	2.14394
1	74.3029
0	17.0893
0	30.8517
0	3.31218
0	37.8416
1	116.657
0	11.2144
0	118.591
1	177.652
0	36.0094
0	14.2819
0	7.68173
0	13.3497
0	0.147843
0	224.177
0	0.384465
0	33.2973
0	1.44392
0	7.57028
0	1.56098
0	6.11982
0	34.7759
0	240.337
0	20.6486
0	4.16521
0	66.8067
0	485.413
0	9.5678
0	8.53538
0	78.3072
0	96.641
0	77.5643
0	5.18941
0	57.6791
0	9.30439
0	19.9268
0	37.4779
0	265.995
0	29.9392
1	149.123
0	93.1711
0	86.7265
0	38.7597
0	61.1134
0	88.7523
0	0.851251
0	20.2311
0	21.561
0	20.6552
1	357.909
0	37.398
0	150.091
0	46.4783
0	176.249
0	0.98636
0	14.2771
0	21.6442
0	18.7734
0	59.369
0	0.760736
0	263.062
0	98.169
0	0.432978
0	123.65
0	19.4857
0	85.227
0	28.409
0	1.85844
0	12.9107
0	40.0609
0	86.2957
0	0.4786
0	9.2964
1	91.3242
1	557.16
0	474.115
0	2.2635
0	90.9315
0	22.7403
0	33.0323
1	209.987
1	246.606
0	234.762
0	64.2815
0	38.0887
0	85.1861
0	1.06135
0	87.2366
0	10.5328
0	27.8257
0	57.3054
0	7.5072
1	255.338
0	342.869
0	213.519
0	4.27987
0	0.566143
0	42.5412
0	187.553
0	242.165
0	48.4304
0	77.8513
0	155.392
0	114.536
0	0.145554
0	41.2906
0	32.7008
0	6.35442
0	230.419
0	115.66
0	145.082
0	16.6234
0	8.93961
0	25.6257
0	56.4684
0	7.51387
0	47.1583
1	51.7239
0	35.8338
0	39.0256
0	23.3879
0	7.97461
0	191.643
0	3.60231
0	2.9072
0	41.4639
0	17.5276
0	0.462278
0	24.543
0	542.626
0	4.24755
0	68.0167
0	267.713
0	88.3772
0	6.45075
0	7.50045
0	47.9312
0	362.843
0	60.8217
0	91.5724
0	3.10663
0	66.8859
0	3.07573
0	45.0176
0	30.742
1	143.83
1	86.0764
0	193.694
1	165.052
1	163.441
0	77.1864
0	13.8381
0	36.7215
0	39.523
0	3.22185
0	6.49437
1	380.199
1	287.522
0	73.1857
0	3.82094
0	81.4096
0	1.6157
1	25.0471
0	1.52514
0	72.1714
0	20.0944
0	45.2274
0	9.7142
0	117.162
0	293.564
0	37.1132
0	39.0419
0	58.0795
0	21.3145
0	128.438
1	143.728
0	73.3026
1	101.309
0	299.597
0	7.49699
0	139.701
0	43.9236
0	0.545113
0	181.826
0	159.467
1	191.265
0	12.7806
0	32.8433
0	61.3924
0	1.61822
0	12.1074
0	70.9152
0	73.8146
0	47.0966
0	55.8731
0	185.271
0	124.248
0	93.7044
1	211.963
0	11.0615
0	17.0104
0	5.01622
0	62.2976
1	224.536
0	46.6461
0	20.8731
0	69.4378
0	0.24779
0	28.1873
0	36.491
0	104.088
0	24.966
0	4.51715
0	43.7767
0	18.485
0	33.5327
1	338.183
0	53.458
0	194.092
0	30.3477
1	283.465
0	31.2544
0	227.241
1	114.693
0	74.3434
0	8.64326
0	68.3618
0	21.5752
1	116.607
0	10.2775
0	20.6771
0	53.7332
0	74.4101
1	282.368
0	4.64799
1	298.715
0	77.0555
1	200.055
0	59.126
0	61.7644
0	47.2074
0	127.723
0	233.397
0	15.0798
0	31.1918
0	12.9408
0	18.3478
0	3.90571
0	65.9679
0	14.6979
0	4.63347
1	78.2358
0	122.36
0	3.01125
0	123.415
0	6.84779
0	46.636
0	34.4562
1	40.6272
0	8.57456
1	77.1544
0	31.6703
0	25.5325
0	293.143
0	46.4462
0	12.1399
0	13.5487
0	20.0702
0	13.7474
0	37.7278
0	79.4436
0	162.429
0	165.415
0	39.5104
1	250.438
0	16.3417
1	278.85
0	14.6439
0	17.2501
1	93.7829
1	239.142
0	11.058
0	13.0747
0	64.7223
0	14.5971
0	2.24585
0	219.042
0	0.523188
0	205.108
0	16.4686
0	5.87566
0	52.085
0	16.1159
0	27.2399
0	7.51282
0	1.4722
0	98.6363
0	48.7959
0	38.7243
0	34.9822
0	4.51553
0	183.29
0	12.9557
0	1.38123
0	22.5513
0	266.193
0	120.565
0	6.11896
0	99.0646
0	32.3792
0	4.34918
0	106.045
0	9.66512
0	16.8427
0	156.338
1	162.536
0	107.905
0	143.355
1	61.4576
0	49.0623
0	3.81001
0	212.252
1	69.6198
0	38.7207
0	5.27069
0	41.8274
0	44.4138
0	0.28764
0	5.31058
0	24.266
0	142.021
0	492.722
0	73.365
0	87.6322
0	16.1896
1	265.581
0	55.7541
0	5.16065
0	319.382
0	44.4558
0	142.929
0	27.7924
1	146.767
0	149.457
0	26.3859
0	9.98809
0	40.1752
0	247.9
0	42.3007
1	76.3081
0	13.3083
0	1.34976
0	135.665
0	3.09504
0	46.367
0	4.33886
0	5.80239
0	27.7785
0	41.2009
0	11.3904
0	12.4464
0	262.08
0	45.9025
0	41.5561
0	170.73
0	51.8935
0	61.722
0	102.691
0	272.434
0	11.396
0	6.80879
0	20.0928
0	27.237
0	2.48077
0	23.1631
0	11.4915
0	125.155
0	9.93072
0	457.384
0	57.3548
0	26.7058
0	9.22955
0	14.2805
0	1.5506
0	63.2378
0	33.0834
0	64.4186
0	16.6142
0	221.441
0	53.8965
0	27.6865
0	10.4545
0	50.8066
1	143.663
0	0.0182073
0	0.493311
1	189.324
0	34.2173
0	21.1744
0	0.507173
0	20.4745
0	7.64293
0	6.15341
0	7.95032
0	69.1401
0	167.094
0	52.1565
0	14.2469
0	217.356
0	96.0502
0	136.013
0	247.845
0	1.5863
0	2.9994
0	107.648
0	144.931
0	8.34704
0	70.2535
0	34.6785
0	27.5348
0	24.2754
0	6.33312
0	26.2545
0	42.8534
0	53.5856
0	39.9224
0	12.9291
0	91.0848
1	170.467
0	8.84718
1	213.599
0	35.9534
0	288.491
0	11.7361
0	10.5615
0	7.96877
0	11.5406
0	53.8651
0	83.2568
0	74.7538
1	422.94
0	27.8119
0	29.302
0	51.8325
0	10.6753
1	81.6374
0	5.97821
0	3.30274
0	20.1739
0	2.63938
0	84.9527
0	20.2855
1	80.6901
0	11.7274
0	6.99968
0	18.0396
0	6.91729
1	163.836
1	124.144
0	66.6899
0	49.6921
0	12.4879
0	56.8794
0	0.0740791
0	7.01585
1	132.531
0	60.8536
0	53.6442
0	28.2804
0	14.0789
0	12.4197
0	25.9654
0	155.454
0	40.3722
1	105.734
0	25.6896
0	0.70669
0	70.0184
0	57.4207
0	38.5391
0	94.3651
0	48.3086
0	8.84743
0	80.7396
0	102.11
0	68.0601
0	384.866
0	23.4523
0	56.1815
0	23.423
0	78.2052
0	184.174
0	80.215
0	10.6348
1	206.821
0	0.117768
0	27.3531
0	116.434
0	39.1827
0	184.419
0	12.6914
0	22.9497
1	167.387
0	33.5728
0	381.207
0	97.3452
0	54.4169
0	2.56132
0	12.6502
0	406.899
0	235.295
0	86.1289
0	12.7577
0	62.3848
0	18.9358
0	187.323
0	1.13938
0	1.90291
1	362.435
0	139.413
0	32.9897
0	34.0617
0	68.1519
0	32.3831
0	9.71801
0	26.6828
0	70.5069
0	209.59
0	13.6801
0	46.8847
0	67.1003
0	3.16184
0	70.3698
0	63.5037
0	4.45313
0	10.6025
0	48.4696
0	103.726
0	28.2004
0	12.6848
0	62.3339
0	4.50424
0	69.8952
0	4.9924
1	55.4063
0	40.6299
0	44.1869
0	242.097
0	22.0947
0	11.103
0	38.4998
0	59.2336
0	20.4146
1	320.021
0	91.5031
0	36.4484
0	33.7398
0	8.35037
0	36.6904
0	9.13674
1	57.3784
0	89.5281
1	292.248
0	71.2207
0	93.2477
0	8.2525
0	120.943
0	37.5911
0	6.11709
0	30.5955
0	39.1149
0	106.153
0	516.761
0	35.1378
0	37.9862
0	30.0697
0	11.3635
0	32.376
1	85.2611
0	108.977
0	15.4517
0	40.6132
0	8.65033
0	149.903
1	119.575
0	21.0323
0	76.7818
0	15.5724
0	8.01833
0	89.6759
0	239.889
0	45.3658
0	24.4731
1	195.246
0	13.4524
0	37.1513
0	16.8655
0	21.2621
0	16.1669
0	105.431
0	31.7745
0	97.5962
0	22.307
0	24.3252
0	84.9785
0	360.511
0	6.57144
0	3.05172
0	2.69415
0	18.9607
0	25.0843
1	86.7119
0	217.705
0	10.4366
0	67.6253
0	56.11
0	9.0538
0	64.0047
0	90.4403
0	121.735
0	5.55099
0	0.561727
0	5.9563
0	58.2766
0	38.0056
0	52.5236
0	0.670341
0	9.08209
0	4.77768
0	24.4628
0	71.9335
0	65.9544
0	198.879
0	45.3399
0	106.436
0	42.521
0	21.8721
0	6.22159
0	35.4436
0	3.53227
0	167.193
0	93.3152
0	23.9896
0	57.9412
0	63.0417
0	46.1524
0	11.1082
0	99.4648
0	280.34
0	12.7606
0	9.45303
0	9.53574
0	8.25795
0	0.151914
0	36.6128
0	154.755
0	26.3762
0	27.4036
0	353.689
0	304.125
0	124.983
0	38.3576
0	20.8987
0	3.6262
0	8.86294
0	2.41637
1	58.3226
0	32.0917
0	1.17737
0	91.1983
0	13.9807
0	3.45383
0	22.7835
0	145.503
0	11.198
0	25.512
0	4.31878
0	2.39511
0	57.0454
0	150.504
0	109.478
0	28.4968
1	85.479
0	49.6616
0	2.94621
0	60.7593
0	42.7908
0	9.39886
1	281.858
0	6.31284
0	1.78224
0	15.2207
0	7.2247
0	39.4829
1	170.39
0	19.7714
0	1.82749
0	12.213
0	16.2466
0	221.128
0	13.4898
0	8.98074
0	6.38763
0	272.411
1	150.639
0	203.095
0	25.4264
0	145.601
0	415.067
0	9.94532
0	155.137
0	4.00144
0	37.8869
0	64.3697
1	228.692
0	9.9132
0	197.158
0	95.0577
0	17.7904
0	19.9631
0	18.1089
0	140.2
0	10.7825
0	4.01764
0	61.8241
0	6.93331
0	55.0545
0	35.4859
0	3.31635
0	2.69866
0	76.1537
0	32.5778
0	178.728
0	79.4383
0	169.335
0	78.7363
0	239.175
0	12.8862
0	23.3427
0	35.5989
0	28.8756
0	6.27194
1	71.0035
0	3.53973
0	6.44322
0	4.0036
0	0.939503
0	0.818829
0	10.1567
1	103.009
0	85.9366
0	26.9778
0	15.0069
0	10.7088
0	30.1481
0	7.76739
0	112.979
0	25.1305
0	6.19573
0	95.916
0	17.4704
0	36.6138
0	38.9886
0	9.71407
0	68.9912
0	55.8765
0	198.793
0	34.6887
1	347.264
0	5.07945
0	27.8664
0	19.89
0	1.69532
0	81.6814
0	46.4048
0	160.152
0	100.981
0	3.68211
0	12.5397
0	38.0206
0	59.3261
0	9.70511
0	104.797
0	58.5875
0	7.38507
0	222
0	0.388363
1	158.492
0	194.756
1	533.88
0	90.1382
0	5.90902
0	116.587
0	73.6785
0	0.280781
0	110.348
0	24.3022
0	25.0665
0	130.072
0	48.316
0	3.23601
0	4.73688
0	267.498
0	39.8655
0	41.1642
0	66.7204
1	102.515
0	111.859
1	49.213
0	219.073
0	33.4568
0	2.248
0	202.795
0	84.1755
0	38.678
0	125.499
0	164.909
0	67.9393
0	209.137
0	5.72859
0	7.81052
0	39.9932
0	1.5888
0	93.0537
0	19.2019
1	320.787
1	145.738
0	6.0288
0	28.3507
0	90.2946
0	160.503
0	29.1891
0	0.275487
0	4.74183
0	39.871
0	170.393
0	13.0131
0	4.80065
0	1.71431
0	19.425
1	104.329
0	128.431
0	5.23913
0	26.063
0	96.7617
1	64.2808
0	4.05488
0	1.91028
1	104.651
0	289.195
0	8.97783
1	347.159
0	17.5942
1	60.5956
0	219.381
0	28.367
1	117.073
0	37.5538
0	43.9284
0	281.501
0	39.6192
0	192.526
0	16.8763
0	20.7786
0	58.5607
0	91.2879
0	4.94845
0	122.861
0	34.9779
0	1.56666
0	489.723
0	44.3551
0	25.6948
0	8.92042
0	127.29
0	11.3512
0	16.915
1	137.235
0	77.6318
0	44.5425
0	39.6973
0	571.284
0	18.4008
0	17.0981
0	12.2562
0	3.79212
0	48.0558
0	12.6316
0	86.3213
0	156.538
0	0.640557
0	183.613
0	222.365
0	49.4356
0	16.1396
0	3.28035
0	3.57097
0	43.2767
0	21.6147
0	20.7182
0	31.2847
0	36.572
0	1.74396
0	2.09601
0	0.556082
1	172.636
1	99.4772
0	72.6805
0	13.2685
0	96.8625
0	4.79094
0	0.650198
0	28.2694
0	13.0276
0	7.73541
0	22.1047
0	334.004
1	256.367
0	3.73666
0	71.4595
0	209.674
0	564.996
0	289.105
0	35.8449
0	26.154
0	4.95244
0	62.7865
0	196.855
0	82.4297
0	163.882
0	17.2028
0	26.1821
0	16.5214
0	2.70176
0	11.5503
0	55.8099
0	52.1066
0	11.021
0	495.517
0	139.476
0	6.58164
0	3.31226
0	135.055
0	136.271
0	256.485
0	39.6174
0	2.9847
0	40.3446
0	1.63736
1	57.1466
0	163.332
0	8.49817
0	3.8715
0	57.0916
0	38.6332
0	7.7203
0	175.829
0	9.50694
0	49.6862
0	21.9284
0	7.21811
1	427.518
0	18.8276
0	127.064
0	23.6744
0	47.5573
0	0.938851
0	106.011
0	0.671181
0	15.8947
0	8.30348
0	53.1795
0	77.901
1	122.923
0	135.573
0	3.01259
0	114.411
0	59.3888
0	242.062
0	1.43813
1	385.399
0	98.6281
0	63.2317
0	93.0286
0	255.26
0	31.5814
0	9.97243
0	6.30351
0	39.7371
0	8.7213
0	8.50046
0	15.7706
0	45.854
0	2.0781
1	52.1863
0	18.6937
0	49.3503
0	39.7285
0	18.7027
0	20.554
0	36.1525
0	206.792
0	40.2208
0	9.23978
0	389.195
0	252.237
0	133.444
0	157.162
0	0.00388473
0	1.53942
0	62.6258
0	28.2531
0	43.1366
0	1.89952
0	49.6242
0	26.9422
0	185.984
1	95.5372
0	90.6874
0	72.2735
0	6.32799
0	55.8176
0	8.54768
0	97.5637
0	492.933
0	60.9843
0	380.912
0	120.324
0	0.997792
0	6.59728
0	328.988
0	32.8486
0	4.66884
0	15.448
0	9.43659
0	360.157
0	114.343
1	620.14
0	140.704
0	121.809
0	91.1562
1	99.6444
0	4.99246
0	228.747
0	66.0579
0	37.7693
0	22.7346
0	80.5559
0	7.64555
0	16.4842
0	1.19038
0	18.5847
0	146.529
0	66.2102
0	15.5015
0	138.426
0	630.898
0	50.3606
0	9.87914
0	193.597
0	6.86545
0	34.6806
0	50.5832
1	206.514
0	13.8842
0	187.036
0	586.154
0	42.2761
0	36.604
0	150.42
0	10.0389
0	112.33
0	15.877
0	222.111
0	73.7176
0	9.76139
0	50.0155
0	253.27
0	63.1082
0	349.162
0	4.98105
0	19.7603
0	4.03092
0	0.946431
0	613.355
0	95.5321
0	182.907
0	75.7233
1	37.5908
0	25.5742
0	23.4335
0	23.0677
0	77.767
0	22.9086
0	17.4778
0	24.8143
0	39.1195
0	84.0681
0	18.2972
0	49.0193
0	65.5414
0	8.2975
0	4.46703
0	4.58732
0	11.7005
0	121.615
0	90.2957
1	167.399
1	122.407
0	207.284
0	3.97566
0	44.1134
0	100.734
0	18.0614
0	128.202
0	17.5131
0	58.8135
0	43.8686
0	3.82493
0	0.119567
0	84.2824
0	517.178
0	28.8462
1	238.109
0	49.6644
0	75.606
0	55.628
0	10.5828
0	8.14027
0	173.603
0	23.6413
0	20.1201
0	2.39983
0	18.1832
1	47.7565
0	27.8918
0	86.5124
0	15.1714
0	39.0469
0	93.1234
0	281.48
0	128.393
0	2.72197
0	30.7197
0	137.971
0	11.7314
0	20.4896
0	2.77641
0	68.7118
0	234.3
0	10.7763
0	48.0391
0	74.6876
0	74.5211
0	33.3791
0	54.7713
0	76.2945
1	69.3741
0	12.3701
0	30.18
0	201.367
1	205.22
0	39.9206
0	31.6989
0	16.4338
0	278.75
0	49.8892
0	3.06167
0	30.8498
0	24.1058
0	8.2959
0	147.596
0	15.065
0	59.39
0	56.2676
0	14.8559
0	198.381
0	0.466983
0	284.793
0	10.3521
0	45.2528
0	2.77122
0	91.7493
0	64.1735
0	16.6499
0	1.99002
0	254.619
0	15.0699
0	35.2693
0	153.462
0	9.1245
0	285.744
0	20.8932
0	115.002
0	89.9452
0	179.275
0	199.679
0	24.8238
0	30.8572
0	14.8621
0	59.2143
0	1.22167
0	22.688
0	244.109
0	9.39223
0	81.6986
0	7.01272
0	4.59377
0	158.332
0	23.1754
0	15.4979
0	12.1285
0	30.9853
0	220.797
0	8.55476
0	111.739
0	28.3088
0	102.682
0	57.3793
0	13.7947
0	12.2529
0	26.4891
0	2.37682
0	49.939
0	145.437
0	62.8015
0	12.7233
0	29.3771
1	116.544
0	31.5285
0	70.5036
0	47.1449
0	240.184
0	6.72957
1	271.66
0	120.113
0	24.9602
0	23.4782
0	0.997845
0	54.9209
0	2.73403
0	257.557
0	186.903
0	2.70009
0	20.5827
0	0.371555
1	262.706
0	22.0712
0	12.2685
0	70.5386
0	122.875
0	33.386
0	0.67959
0	36.6231
0	10.4359
0	92.7831
0	24.4332
0	244.331
0	64.8142
0	31.7808
0	15.7044
0	36.7662
0	75.38
0	2.05686
0	36.3922
0	203.576
0	23.4296
0	16.4151
1	110.944
0	308.908
0	4.36158
0	139.461
0	3.60898
0	1.67577
0	13.8361
0	192.772
0	138.907
0	138.04
0	58.328
0	31.8843
0	2.91098
0	26.6379
0	65.1364
1	148.718
0	101.08
0	48.9538
0	7.02731
0	1.37875
1	133.934
0	155.4
0	22.4152
0	64.4585
0	37.4116
0	4.18944
0	83.5282
0	13.0888
0	20.3465
0	71.9962
0	31.1117
0	29.3644
0	80.8828
0	8.82515
0	2.06614
0	20.7301
0	186.534
0	67.387
0	16.3985
0	5.16748
0	10.0804
0	51.6477
0	7.86026
1	36.1297
1	78.2676
0	23.2204
0	59.5742
0	60.568
0	55.6762
0	55.7011
0	32.5399
0	3.12914
1	201.331
1	90.2547
0	69.8053
0	6.48299
0	9.32628
1	84.693
0	27.2436
1	181.108
0	9.85259
0	13.8308
1	490.909
0	13.5958
0	5.40772
0	21.8725
0	145.177
0	8.66689
0	44.6256
0	26.7568
0	25.7385
0	51.0527
0	25.616
0	10.4082
0	171.032
0	2.7819
0	277.195
0	7.35009
0	17.3155
0	15.4763
0	82.0137
0	66.0779
0	109.044
0	122.887
0	1.12857
0	0.932471
0	21.9716
0	65.6366
0	53.9701
0	48.4405
0	24.718
0	23.6142
1	73.2817
1	96.9012
0	133.425
1	263.006
0	16.8397
1	110.247
0	49.1562
0	159.098
0	5.50917
0	183.252
0	0.866298
1	238.223
0	23.0583
0	88.0608
0	6.85692
0	104.523
0	242.738
0	3.27134
0	24.965
0	2.83129
0	32.885
0	43.5225
0	140.456
0	6.11589
0	34.9343
0	30.4402
0	131.908
0	32.9414
0	71.7473
0	106.189
0	2.00188
0	47.9059
0	229.268
0	10.9652
0	92.037
0	11.7593
0	20.3491
0	170.247
0	28.8139
0	6.68432
0	77.3403
0	23.2279
0	58.4642
0	74.8887
0	6.90851
0	326.747
0	19.9016
0	24.6329
1	44.6083
0	132.381
0	7.83851
0	5.46078
0	55.3143
0	26.4112
0	25.9523
0	22.6214
0	19.4597
0	12.47
1	370.258
0	216.691
0	0.372283
0	202.578
0	4.33795
0	111.817
1	124.855
0	4.8937
0	32.4768
0	200.478
0	50.857
0	19.2413
0	6.99621
0	196.339
0	45.7381
0	1.77618
1	33.1315
0	239.364
0	5.188
0	48.6694
0	35.2373
0	217.565
0	35.8287
0	48.2734
0	56.0488
0	48.9301
0	158.692
1	211.702
0	133.993
0	26.4584
0	55.7554
0	15.8464
0	2.93561
0	4.56134
0	63.5447
1	41.6155
0	274.058
0	0.734302
0	12.4226
0	6.05296
0	137.173
0	60.7237
0	31.5164
0	27.7847
0	158.286
0	118.827
0	232.427
0	35.5564
0	26.2907
0	26.7737
0	7.32865
0	10.1819
0	43.3591
0	7.68844
0	33.1857
0	77.3917
1	145.394
0	8.91745
0	46.1462
1	106.673
0	31.2774
0	58.0512
0	67.255
0	33.2353
0	363.68
0	10.633
0	5.71976
0	45.3053
0	28.4446
0	22.5983
0	32.65
0	61.0172
0	14.1969
0	6.20006
1	277.099
0	1.93834
0	29.2352
0	19.8983
0	234.549
0	3.75299
0	25.4577
0	17.427
0	8.74035
0	25.9013
0	41.7747
1	89.5227
0	93.1721
0	18.8184
0	21.5475
0	79.0167
0	49.5112
1	142.777
0	3.99821
0	104.766
0	292.741
0	71.3594
0	64.7692
0	750.864
0	133.255
1	388.987
0	6.7139
0	13.6315
0	66.1037
0	11.2867
0	24.095
0	11.5553
0	0.416786
0	13.9912
0	10.915
0	34.119
0	25.8637
0	23.238
0	22.124
0	2.46375
0	2.98503
0	24.8782
0	13.008
0	240.614
0	47.151
0	127.277
0	87.784
0	12.6073
0	252.845
0	67.7014
0	144.462
0	78.0048
0	23.2522
0	34.0463
0	28.5831
0	30.4968
1	206.432
0	50.4905
0	14.4083
0	271.261
0	19.6017
0	56.9301
0	21.9943
0	12.1097
0	148.664
0	54.5771
0	4.58653
0	43.8124
0	12.1817
0	30.3171
0	22.4359
0	2.1162
1	110.416
0	122.843
1	76.5084
1	177.151
0	204.325
0	377.248
0	62.4136
0	117.494
0	100.499
0	13.7499
0	8.91517
0	6.65686
0	15.3766
0	530.256
0	203.389
0	71.2283
0	230.005
0	38.1008
0	41.3637
0	4.01704
0	3.1586
0	5.64655
0	129.305
0	57.8388
0	39.7007
0	4.23697
0	120.741
0	14.2555
0	94.3234
0	566.362
0	53.2376
0	161.999
0	10.3049
0	9.27398
0	235.348
0	43.035
1	131.924
0	3.46755
0	87.052
0	103.876
0	39.7406
0	38.9867
0	17.6001
0	20.179
0	27.3601
0	4.34017
0	52.7221
0	111.913
0	4.68784
0	1.42648
0	59.9833
0	135.752
0	15.5695
0	121.97
0	70.7335
0	119.976
0	212.348
0	47.5843
1	43.3242
0	94.965
0	19.0443
0	105.475
0	14.7144
0	52.6303
0	7.85276
1	68.6053
0	12.5814
0	4.87728
0	25.4074
0	102.551
0	184.754
0	5.28121
0	7.71584
0	6.57588
0	23.5271
0	0.928952
0	19.9163
0	22.4707
0	52.7607
0	109.229
0	85.9867
0	60.3448
1	73.506
0	318.377
0	50.194
0	29.9451
0	89.9798
0	47.3392
0	78.1462
0	46.7617
0	28.8771
0	19.3851
0	107.425
0	112.583
0	11.5281
1	159.405
0	114.537
0	40.9511
0	18.623
0	76.7481
0	107.362
0	87.9218
0	19.6226
0	49.3192
0	12.7242
0	105.787
1	151.012
0	6.79104
0	78.8152
0	390.305
0	3.21288
0	20.4999
0	0.0192705
0	98.3218
0	84.4146
1	146.825
0	26.9023
1	86.2527
1	147.666
0	41.2514
0	3.96993
0	146.242
0	62.0509
0	69.2028
1	192.346
0	48.0284
0	70.5278
0	119.659
0	79.7838
0	1.40635
0	34.3674
0	2.33988
0	4.94933
0	86.9267
0	60.6043
0	16.848
0	47.3024
0	139.795
0	165.847
0	31.8643
1	282.481
0	0.0226666
0	28.7613
0	33.3546
0	5.61297
0	7.50396
1	62.5132
0	18.7715
0	25.479
0	81.0307
1	361.77
0	15.6811
1	94.2942
0	5.87059
0	22.1211
0	277.697
0	18.9951
0	41.5536
1	233.396
0	92.9296
0	9.82981
1	178.285
0	51.844
0	247.179
0	39.2566
0	2.89917
0	15.7177
0	8.46406
0	44.6083
1	128.059
0	81.4199
0	16.6382
0	5.92747
0	12.6965
0	1.76733
0	61.2298
0	43.7549
0	5.90354
0	19.1745
0	131.731
0	14.6578
0	13.3992
0	137.429
0	74.3413
1	146.531
0	98.8999
0	3.32943
0	95.7675
1	204.407
0	61.4697
0	102.131
0	25.6989
0	22.0006
0	55.862
0	2.88941
0	3.93837
0	95.8601
0	229.948
0	123.052
0	168.169
0	6.50742
1	287.541
0	28.2138
0	4.36329
1	167.052
0	8.41974
1	333.974
0	31.7801
0	69.8994
0	12.5571
0	186.384
0	188.013
0	169.042
0	20.915
0	27.1218
0	183.87
0	285.014
0	186.829
0	63.0191
1	90.6022
0	2.32649
1	261.022
0	43.7532
0	0.0709458
1	186.099
0	4.19804
0	21.2027
0	179.833
0	83.1872
0	0.246431
0	0.371247
0	143.518
0	37.993
0	22.3945
0	8.94595
0	3.8824
0	170.963
0	152.985
0	4.9858
0	21.0481
0	2.44188
0	5.91705
0	294.471
0	41.4331
0	0.996546
0	47.8205
1	83.9321
1	441.528
0	72.4398
1	419.025
0	8.33388
0	7.35627
0	5.69215
0	20.5939
0	155.614
1	102.331
0	62.0295
0	24.7559
0	226.944
1	204.787
0	15.1891
0	20.9352
0	127.7
0	49.4877
0	0.936513
0	2.60918
0	1395.46
0	18.0921
1	314.11
0	5.70734
0	80.4664
0	14.0757
1	325.178
0	11.9441
0	44.7608
0	17.2587
0	302.219
0	13.4419
0	2.99979
0	136.06
0	92.1967
0	22.3649
0	12.6352
1	151.616
1	140.796
0	64.4188
0	56.9044
0	15.875
0	32.2647
0	90.0742
0	16.2145
0	8.93294
1	169.113
0	100.725
0	25.2261
1	136.6
0	8.38305
0	80.1116
0	3.68372
0	14.3623
0	28.9869
0	37.9782
0	2.78223
0	14.8646
0	4.63824
0	100.264
0	22.1926
0	6.91593
0	122.569
1	133.473
0	2.85155
0	205.599
0	31.0683
0	1.09305
0	184.108
0	5.31412
0	142.094
0	0.912497
0	7.23537
0	211.703
1	83.3409
0	17.5725
0	60.0562
0	11.2209
0	259.452
0	23.9957
0	308.273
0	51.0155
0	485.601
0	10.8435
0	29.4868
0	18.2312
0	48.1277
0	47.2662
0	8.06696
0	23.2104
0	57.6226
0	1.94523
1	307.503
0	5.71182
0	54.7186
0	4.88779
0	93.6591
0	34.716
0	18.1433
0	43.2234
0	26.2013
1	195.987
0	119.397
0	96.3546
0	185.271
0	1.69434
0	44.9646
0	128.193
0	29.9706
0	178.792
0	0.146842
0	175.267
0	3.33371
0	5.99376
0	8.4911
0	20.6348
0	5.49881
0	239.843
1	225.725
0	165.667
0	10.2609
0	4.58422
0	15.2447
0	0.179779
0	42.5734
1	222.545
0	1.54729
0	155.049
1	98.4888
0	0.447328
0	178.253
0	70.4976
0	7.67166
0	46.6983
0	3.98363
0	38.0058
0	128.126
0	72.0621
0	42.2294
1	73.3415
0	54.4238
0	134.036
0	20.0993
0	81.6924
0	27.9776
0	53.5216
0	36.1525
0	0.650713
0	30.6776
0	58.0387
0	171.258
0	5.61668
0	26.0445
0	19.7063
0	9.20293
0	16.2578
0	3.42803
0	78.1838
0	16.9847
1	161.098
0	5.50037
0	26.2466
0	25.606
0	99.4751
0	0.15302
0	51.4313
0	46.8716
0	1.30498
1	78.5923
0	30.7561
1	625.719
0	34.9872
0	155.609
0	147.29
0	42.402
0	15.8804
0	11.9789
0	13.0075
0	0.142914
0	2.8348
1	143.185
0	2.64243
0	39.6898
0	20.3068
0	243.833
0	40.1339
0	10.0709
0	8.76778
0	117.055
0	99.6827
0	33.9163
0	144.114
0	21.8736
1	115.808
0	92.9855
0	12.1494
0	32.3562
0	10.4883
1	483.867
0	48.3274
1	228.782
0	171.215
0	49.5205
0	2.41316
0	17.2044
0	32.4359
0	7.0798
0	50.9143
0	55.429
0	4.4524
0	104.627
0	49.7504
0	35.2531
0	3.77086
0	94.3443
0	53.4024
0	214.099
0	16.7626
0	10.7363
0	22.2204
0	64.712
0	24.6447
0	2.94562
0	0.403152
0	10.4595
1	65.8392
0	35.4521
0	281.591
0	42.9402
0	439.295
0	40.7496
0	16.0293
0	56.6187
0	2.38105
0	9.52872
0	7.46573
0	292.683
1	238.184
1	163.768
1	102.352
0	15.5612
0	10.2656
1	175.566
0	4.83669
0	5.46854
0	10.4916
0	9.4899
0	688.133
1	156.45
0	44.2904
0	2.53505
0	44.0458
0	39.9589
0	15.9303
0	37.8328
0	426.839
0	52.7604
0	26.3157
1	179.343
0	63.8861
0	66.6406
0	25.4866
0	54.1771
0	170.751
0	7.13858
0	41.5545
0	62.6232
0	41.1704
0	57.8742
0	12.2616
0	2.18158
0	1.5447
0	30.5582
0	1.33553
0	3.68695
0	20.4543
0	37.5909
0	33.5475
0	44.4711
0	50.9562
0	14.2225
0	198.713
0	97.7278
0	4.47724
0	194.316
0	288.533
0	34.437
0	81.543
0	46.0555
0	5.81857
0	50.4457
0	10.6053
0	8.88547
0	3.49286
0	0.156994
1	46.4769
0	16.7809
0	8.52704
0	45.9887
1	140.285
1	45.8033
0	32.6707
0	0.100759
0	20.4597
0	50.3335
0	268.551
0	14.1214
0	53.2289
0	70.8197
0	16.3717
0	60.7521
0	4.15951
0	24.4356
0	100.514
0	117.387
0	229.114
0	21.3483
1	75.5192
0	428.879
0	0.729194
0	23.6225
0	4.11504
0	200.672
0	3.81242
0	105.085
0	94.631
0	6.06568
0	171.802
0	28.8436
1	505.79
0	43.1622
0	164.664
0	49.6611
0	298.824
0	13.7876
0	1.33163
0	2.3723
0	55.9224
0	21.8903
0	3.53071
0	195.524
0	6.14175
0	16.3283
0	138.937
0	7.91143
0	256.407
0	0.655726
0	80.9592
0	82.7488
0	34.4673
0	8.71794
0	54.9872
0	87.2155
0	155.899
0	75.5666
0	3.81561
0	17.6002
0	70.1205
0	56.3799
0	232.222
0	41.1658
0	328.781
0	68.3712
0	83.0395
0	2.57464
0	58.2292
0	3.94804
0	234.21
0	38.8679
0	123.46
0	6.7138
0	49.0412
0	22.4811
0	10.1258
0	187.676
0	264.14
0	63.4084
0	489.1
0	8.22747
0	7.69264
0	58.6972
0	201.744
0	294.417
0	15.6131
1	132.54
0	15.9434
0	10.2078
0	44.7428
0	82.0042
0	247.262
0	56.0564
0	106.037
0	82.8256
1	88.3637
0	16.6394
0	23.4848
0	1.34377
0	12.3508
1	207.094
0	123.501
1	45.8986
0	48.9513
1	258.157
0	171.778
0	17.6778
0	207.989
1	88.1356
1	149.73
0	4.60962
0	19.301
0	38.9317
0	147.186
1	92.7435
1	425.303
0	61.6995
0	39.7788
0	273.038
0	26.3935
0	6.71466
0	78.6762
0	5.73587
0	14.1826
0	17.4274
0	45.1191
0	245.022
0	8.66561
1	132.082
0	11.2382
0	39.5586
0	87.2473
0	21.5697
0	237.032
0	0.492776
0	11.6993
0	4.24812
1	82.38
0	17.4201
0	110.964
0	18.8548
0	0.793536
0	100.327
0	51.2215
0	73.0739
0	17.2144
0	202.733
0	10.1222
0	40.4762
0	158.603
0	30.9831
1	241.715
1	44.7186
0	31.3293
0	72.3312
0	1.38639
0	229.658
0	13.1694
0	16.6665
0	182.498
0	186.823
0	38.0895
0	42.3229
0	95.7398
0	84.6267
0	26.0939
0	68.5078
0	8.67648
0	75.9717
0	6.42472
0	24.8415
0	14.3377
0	128.748
0	10.3049
0	226.477
1	229.598
0	14.9937
0	31.1576
0	1.72759
0	0.183097
0	93.4722
0	4.70558
0	210.16
0	88.6177
0	70.4758
0	68.9561
0	334.625
0	12.0719
0	43.2778
0	56.8337
0	51.0259
0	99.8869
0	34.7618
0	9.36746
0	33.1978
0	7.45248
0	13.8507
0	124.34
0	3.69955
0	4.20023
0	26.0247
1	64.659
0	11.1674
0	29.2762
0	8.94201
0	37.7215
0	150.282
0	3.77201
0	207.673
0	128.659
1	385.049
0	7.27882
0	88.9197
0	32.5115
0	9.49987
1	40.0669
0	60.6669
0	47.9012
0	38.8065
1	115.071
0	65.3072
0	0.344968
0	128.609
0	26.6872
1	110.583
0	83.132
0	8.80845
0	86.8015
0	8.10537
0	28.2404
0	1.53013
0	189.809
0	3.50373
0	9.72793
0	15.1889
0	359.796
0	7.49468
0	152.399
0	16.3752
0	7.4211
0	4.77404
0	65.9452
0	40.9965
0	62.1539
0	124.349
1	486.155
0	138.124
0	104.105
0	350.235
1	159.225
0	8.43928
0	55.2954
1	271.625
0	72.9653
0	12.1716
0	23.9818
0	12.0262
1	57.5454
0	26.6642
0	11.6096
0	20.7985
1	101.545
0	52.9381
0	4.85695
1	483.007
0	320.791
0	26.4944
0	123.219
0	4.84493
1	157.346
0	83.8743
0	25.1264
1	116.314
0	2.90993
0	23.6699
0	3.15794
0	48.9465
0	3.68432
0	3.00429
0	33.1479
0	11.5239
0	62.5272
1	63.0743
0	148.574
0	183.14
0	76.4421
0	64.0906
0	7.75287
1	127.032
0	57.4326
0	64.4217
0	64.1499
1	51.1478
0	11.0676
0	105.069
1	233.958
0	26.3818
0	58.3016
0	366.331
0	111.74
0	30.9256
0	2.22805
0	7.3842
0	73.78
0	35.9255
0	35.6894
0	70.1517
0	21.7677
0	41.6759
0	8.64424
0	12.2494
0	58.4637
1	143.106
0	155.204
0	63.6453
0	13.3165
0	32.69
0	33.6982
0	137.013
0	3.74235
0	10.6966
1	90.7324
0	261.299
0	476.009
0	37.9381
0	11.1619
0	45.1927
0	77.7173
0	164.75
0	78.4424
0	27.2667
0	14.0071
0	143.809
0	33.018
0	4.31174
1	166.942
0	18.0116
0	15.5521
0	128.956
0	17.7193
0	76.576
0	9.59259
0	27.2918
0	66.2606
0	32.6841
0	30.8431
1	85.7305
0	40.8671
0	9.62579
0	7.17993
0	12.6814
0	14.1636
0	127.853
0	87.0316
0	2.8813
0	181.591
0	90.5585
0	28.8511
0	90.9377
1	173.666
1	91.9014
0	29.3653
0	3.37846
0	10.2878
0	16.3683
0	64.2837
0	7.61016
0	2.48225
0	39.91
0	29.0659
0	26.9599
0	197.087
0	8.1195
0	157.438
0	162.349
0	15.2474
0	7.80502
0	19.6398
0	38.0048
0	271.07
0	313.135
0	5.21023
1	49.3232
0	269.103
0	93.5761
1	373.09
0	62.088
0	94.4257
0	4.19329
0	5.30468
0	13.3774
0	6.75731
0	3.23614
0	2.94018
0	54.011
0	73.1406
0	212.945
1	224.007
0	21.4338
0	7.11165
0	3.51051
1	157.722
0	1.02749
0	39.8274
0	96.9998
0	211.36
0	265.15
0	3.26482
0	60.0373
0	27.0639
0	14.1928
1	171.935
1	98.1518
0	9.47915
0	126.834
1	311.402
0	1.29374
0	35.1097
1	52.4257
0	12.8771
0	26.1469
0	42.8652
0	36.3226
1	299.164
0	125.912
0	70.9591
1	199.272
0	1.74387
0	298.535
0	30.2901
0	16.3803
0	403.401
0	56.1006
0	84.8308
1	215.793
0	19.6203
0	7.57032
1	81.649
0	0.813179
0	270.941
0	39.1252
0	138.385
0	15.0883
0	55.6384
0	2.91975
1	341.347
0	54.4217
0	149.691
0	275.04
0	99.3798
0	0.878144
0	12.4203
0	1.36696
0	7.29731
0	11.5126
1	193.637
0	112.708
0	74.6483
0	32.5641
0	37.4295
1	66.8844
0	41.2787
0	48.848
0	34.1453
0	17.3785
0	121.969
0	172.798
0	10.3504
1	120.601
0	44.9074
0	23.5521
0	16.9926
0	21.7486
1	82.1013
1	175.563
0	7.77031
0	25.4784
0	25.934
0	4.44179
0	145.82
0	199.068
0	28.1154
1	65.1208
0	112.837
0	39.8933
0	330.437
0	14.8154
0	1.3955
0	14.2682
1	98.6367
0	72.1084
0	21.135
0	26.3187
0	26.3209
0	13.5071
0	39.1416
0	2.34596
0	23.6459
1	288.983
0	116.465
0	15.7244
0	22.9596
0	215.118
0	164.282
0	98.6942
0	1.15528
0	111.613
0	2.98524
1	104.257
0	17.8292
0	23.8001
1	83.5253
0	48.275
0	97.8816
0	23.495
0	246.45
0	15.0941
0	132.785
0	17.3994
0	65.157
0	27.396
0	23.2333
0	4.15632
1	334.992
0	14.5829
0	2.43257
1	381.218
0	37.5347
1	122.423
0	27.1889
0	18.473
0	8.62675
0	267.421
0	4.4964
0	97.0037
0	44.4675
0	92.0237
0	32.4826
0	62.2428
0	36.5875
0	88.9719
0	213.797
0	4.11971
0	0.38861
0	16.6298
0	314.617
0	73.0221
0	267.367
0	46.3162
0	13.2414
0	5.9361
0	1.97725
0	17.5593
0	11.6879
1	133.191
0	75.5866
0	55.9323
0	32.5094
0	0.171892
0	78.4868
0	92.139
0	231.097
0	44.869
0	108.006
0	57.94
1	41.0231
0	8.50313
0	8.36205
0	48.071
0	212.27
0	251.643
0	35.3941
0	22.3875
0	1.17836
0	26.3555
1	121.053
0	4.82423
0	7.35368
0	92.2016
0	11.2781
0	4.91757
0	2.63289
0	329.894
0	131.83
0	10.1942
0	189.367
1	51.641
0	12.9722
1	28.4336
0	61.306
0	16.0639
0	2.04583
0	26.9788
0	79.8961
0	134.599
0	2.4673
0	9.26017
0	56.2444
0	87.7375
0	4.14322
0	220.6
0	15.4362
0	13.5839
1	173.036
0	12.1073
0	23.4863
0	38.6294
0	187.675
0	122.677
0	95.6459
0	14.6622
0	30.5287
0	12.7143
0	139.558
0	5.11695
0	18.1392
0	36.5996
0	7.23769
0	75.2792
0	348.852
0	26.0168
0	57.0983
0	20.6859
0	7.99808
0	60.8405
0	25.7302
0	18.0904
0	149.425
0	40.9198
0	150.584
0	30.7493
0	105.912
0	151.144
0	12.8143
0	179.963
0	2.98763
0	4.67699
1	134.151
0	32.1712
1	172.1
0	55.5417
1	211.188
0	6.55858
0	1.89575
0	36.0137
0	65.0451
0	0.504183
0	122.599
0	21.4408
0	91.4048
0	190.508
1	49.4164
0	20.019
0	10.3834
0	122.387
0	20.1078
1	125.913
1	34.7353
0	6.63259
0	37.3124
0	15.5175
0	122.649
0	24.7642
0	28.878
0	55.8539
0	0.213511
0	42.9275
0	0.640144
0	53.6824
0	8.06737
0	145.595
0	29.2332
1	409.678
0	30.0966
0	198.54
0	7.99173
0	8.70514
0	66.734
0	4.83458
0	2.64757
0	44.3341
0	17.807
0	87.8511
0	68.5134
0	79.9809
0	22.6936
0	35.4822
0	12.9028
0	3.22998
0	6.75057
0	1.14373
0	6.49621
0	42.5517
0	17.3122
0	22.2702
0	58.8975
1	179.899
0	12.104
0	57.7067
0	29.3749
1	57.4802
0	13.8886
0	49.7949
0	17.0464
0	10.1317
1	129.311
0	7.98716
0	38.3691
0	12.6359
0	13.604
0	38.3377
0	7.32511
0	80.0025
0	63.8346
0	76.091
0	255.457
0	357.553
0	171.371
0	20.1614
0	94.8783
0	181.092
0	19.3548
0	7.83658
0	31.4724
0	144.483
0	46.674
0	190.534
0	50.5768
0	40.0611
0	11.4935
0	11.6297
0	2.79042
0	28.5039
0	92.5408
0	284.864
0	40.1544
0	243.156
0	219.005
0	37.5238
0	6.32286
0	129.69
0	127.153
1	156.069
0	21.4807
0	2.64837
0	49.2473
0	29.2997
0	7.30735
0	4.94376
0	29.2175
0	35.8343
0	11.5811
0	6.87667
0	0.0244858
0	0.88223
0	5.03713
0	120.915
0	42.6506
0	51.8542
0	182.397
0	37.1425
0	83.1831
0	61.2258
0	26.2794
0	16.5777
0	93.7665
0	8.36079
0	18.6387
1	358.207
0	28.1294
0	256.434
0	7.88756
0	70.8138
0	21.8515
0	5.82046
0	77.5969
0	35.9479
0	51.6146
0	149.127
0	3.7953
0	3.18282
0	10.2939
0	19.1641
0	38.7614
0	11.2298
1	230.762
0	51.7992
0	3.59063
0	71.362
0	13.1166
1	193.815
0	0.87813
0	4.71267
0	2.4954
0	52.2805
0	26.5477
0	55.3956
0	8.7637
0	11.9235
0	17.7759
1	576.568
0	282.543
0	32.2851
0	12.4558
0	128.306
0	3.52238
0	2.77464
0	179.422
0	90.1871
0	85.8808
0	49.2519
1	102.125
0	13.2885
0	12.2702
0	17.538
0	116.93
1	101.937
0	70.9229
0	242.896
0	14.3319
0	40.2993
0	49.0723
0	13.2631
0	17.7106
0	751.75
0	167.561
0	82.147
0	11.5825
0	179.445
0	27.8809
0	9.31361
0	65.5974
0	36.5275
0	3.18968
0	137.518
0	77.7951
0	10.7512
0	11.1262
1	73.2559
0	205.265
0	13.4454
0	12.1175
0	12.9183
0	13.065
0	64.7994
0	128.918
1	233.392
0	4.53443
0	11.6348
0	180.741
0	89.2163
0	46.7008
0	157.513
0	161.692
0	230.593
0	1.8433
1	293.047
0	7.69963
0	20.0536
1	120.074
0	31.447
0	10.4751
0	11.2975
0	69.0364
0	79.3352
0	4.8459
0	4.92117
0	73.9771
0	50.4191
0	9.80389
0	104.223
0	34.6472
0	62.9436
0	11.8304
0	53.3001
0	5.25338
0	42.8907
0	12.9084
0	10.1358
0	1.09775
0	12.3006
0	2.68966
0	105.593
0	45.937
0	9.18911
0	63.6525
0	14.0687
0	24.4321
0	1.5412
0	7.05522
0	5.10532
0	4.94111
0	23.8645
0	366.919
0	3.07769
0	29.1393
0	68.3756
0	60.6775
0	45.1608
0	50.163
0	9.84721
0	48.8099
0	58.0253
0	81.3687
0	6.16298
0	13.4819
0	11.8257
1	91.7216
0	6.7618
0	21.6926
0	110.938
0	19.2616
0	40.9732
0	57.5695
1	151.811
0	223.46
0	45.1006
0	66.4077
0	3.01075
1	115.205
0	18.2561
1	66.4713
0	6.56424
0	59.4074
0	27.2543
1	129.331
0	202.705
0	19.048
0	195.754
0	17.704
0	78.7385
0	26.5348
0	139.071
0	49.4893
0	19.6892
0	20.1108
0	67.021
0	6.25294
0	133.157
0	32.3724
0	40.3803
0	74.3828
0	35.7323
0	2.05958
1	162.687
0	23.3343
0	26.9171
0	212.867
0	86.122
1	194.582
1	90.4315
0	86.6913
0	55.8431
0	164.378
1	121.749
0	9.17407
0	8.29789
0	20.1073
0	72.1022
1	105.26
0	14.061
1	182.251
1	233.316
0	185.249
0	0.512701
0	458.616
0	51.0591
0	78.8913
0	4.02044
0	8.66826
1	45.9245
0	83.4525
0	125.165
1	142.851
0	19.9506
0	0.519278
1	101.424
0	203.663
0	22.9713
0	0.303545
0	16.7951
0	127.944
0	42.84
1	224.478
0	32.7313
0	10.24
0	17.8895
0	26.913
0	231.534
0	9.06927
0	15.6351
0	5.30369
0	3.0416
0	10.9186
0	15.452
0	18.8981
0	209.571
0	14.6296
0	7.41487
0	138.589
0	58.291
0	8.80771
0	7.77014
0	30.7861
0	8.38248
0	32.0383
0	92.9736
0	33.933
0	36.2559
0	19.1881
0	8.85178
0	13.337
0	11.7708
0	265.253
0	45.1093
1	321.801
0	11.8128
0	8.73748
0	1.19072
0	37.0139
0	325.495
0	28.6015
0	11.2436
0	35.2362
0	32.0608
0	39.3255
0	11.2652
0	233.359
0	33.9118
0	96.4996
0	31.2311
0	5.2022
0	61.8837
0	4.37257
0	19.7224
1	134.491
0	14.7096
0	134.279
0	31.528
0	26.6136
0	218.26
0	157.021
0	17.6467
0	28.1288
0	10.8525
0	12.3011
0	17.2812
0	407.96
0	4.62217
0	56.5447
0	298.947
0	391.705
0	98.187
0	99.8839
0	13.5317
0	11.9018
0	108.075
0	27.0677
0	161.638
1	68.1369
0	26.596
0	68.6506
0	179.441
0	14.4229
0	97.2425
0	38.3145
0	27.4949
0	28.8009
0	5.69706
0	62.8871
1	133.642
0	138.61
0	24.7922
0	49.8897
1	120.727
0	9.03125
1	67.1147
0	0.849126
0	14.8673
0	7.68729
0	7.31597
0	48.4082
0	27.05
0	16.6293
0	59.8013
0	87.4363
0	138.709
0	6.75372
0	12.1484
0	53.2744
0	44.7502
0	123.085
1	128.678
0	12.2285
0	93.1754
0	1.50794
0	22.7012
0	61.5738
0	11.3722
0	157.402
0	7.89743
0	6.49216
0	163.303
0	14.8845
0	293.56
0	19.5154
0	0.657875
0	16.685
1	84.6124
0	151.198
0	10.8534
1	70.5935
0	96.437
0	31.9859
0	12.4175
1	119.88
0	17.4281
0	77.2421
0	22.0126
0	63.3833
0	50.1082
0	1.02058
0	0.807078
0	328.661
0	73.9375
1	96.8006
0	92.3855
0	2.76595
0	14.1699
0	30.4888
0	41.6126
0	10.307
0	46.1416
0	11.9476
0	28.373
1	121.888
0	414.879
0	5.7933
0	5.80874
0	69.38
0	11.2586
0	29.3914
0	43.3336
0	91.5257
0	7.21321
0	134.818
1	128.567
0	20.4484
0	436.03
0	9.15303
0	124.498
0	55.0197
0	37.352
0	4.78079
0	103.137
0	390.701
0	11.3649
0	2.87867
0	244.056
0	65.9876
0	25.5861
0	204.411
0	269.882
0	35.6082
0	59.8268
0	1.49978
0	8.48947
0	16.8117
0	18.0829
0	52.267
0	8.99535
1	318.253
0	0.158624
1	100.439
1	774.005
0	3.02309
0	39.5625
0	3.45201
0	6.3823
0	46.8063
0	14.3966
0	20.0935
0	38.8127
0	49.6657
0	36.1563
0	58.4916
0	238.128
0	142.251
1	269.251
0	66.429
0	30.6176
0	1.6554
0	38.8476
0	44.9719
0	111.792
0	109.332
0	21.5726
0	51.7207
0	14.8255
0	28.6725
0	25.9425
0	5.45137
0	46.5518
0	55.7438
0	4.92989
0	83.3914
0	4.13165
0	31.973
0	1.4166
0	40.2754
0	14.3874
0	1.17014
0	9.07899
0	132.833
0	136.269
0	71.293
0	259.991
1	28.0134
0	45.8779
0	16.1429
0	16.1524
0	52.7116
0	44.1076
1	51.9124
0	11.9589
0	45.6974
0	30.7953
0	93.3326
0	6.88964
0	42.5136
0	375.956
0	73.0256
0	80.1675
0	61.3913
0	22.3322
0	24.6436
0	69.3736
0	56.5556
0	23.5668
1	349.459
0	93.6268
0	32.0098
1	178.223
0	7.43843
0	12.941
0	90.8004
1	70.644
1	91.7378
0	98.805
0	25.983
0	42.0228
0	240.364
0	7.2208
0	89.7011
0	263.596
0	40.2244
0	1.23524
0	5.49867
0	23.2388
0	39.272
0	42.7123
0	17.1313
0	82.3189
0	13.6175
0	75.8926
0	8.57622
0	6.8225
0	66.9619
0	42.4167
0	2.43108
0	9.74552
0	219.071
0	11.7926
0	36.6888
0	91.6548
0	6.69266
0	97.7011
0	173.656
1	136.356
1	90.6861
0	16.7264
0	59.5808
0	4.27195
0	108.775
0	219.699
0	6.85098
1	115.979
0	23.2227
0	19.4409
1	60.7981
0	9.72022
0	75.6815
0	12.3901
0	64.0551
0	44.1291
1	77.2665
0	10.9778
0	104.948
0	94.1753
0	241.781
0	51.1329
0	230.734
0	101.586
0	2.77225
0	50.4064
0	37.4977
0	92.3653
0	136.197
0	8.32595
0	5.67106
0	20.3595
0	146.018
0	3.06323
0	37.3717
0	57.5849
1	237.896
0	112.024
1	176.045
0	1.75022
0	3.76632
0	13.7038
0	14.3153
0	7.41899
0	2.82459
0	5.94082
0	25.8314
0	58.5738
0	129.497
0	41.6286
0	12.3089
0	29.4865
0	33.1121
0	212.029
0	184.641
0	20.7702
0	10.0464
0	55.0764
1	166.564
0	4.83399
0	57.6285
0	63.7164
0	266.49
0	43.9937
1	177.743
0	30.7945
0	6.97091
0	13.8312
0	29.6043
0	5.74329
0	4.04021
0	24.2547
1	54.2835
0	230.31
0	10.0328
0	78.6611
0	25.2547
0	9.75851
0	2.38057
0	8.46671
0	24.1629
0	57.2264
0	130.377
0	16.2465
0	164.275
0	227.018
0	1.83272
0	35.8235
0	68.1495
0	65.0336
1	267.369
0	390.626
0	18.4931
1	90.608
0	72.252
0	23.335
0	7.07055
0	1.26743
0	98.3104
0	259.286
0	5.73162
0	15.0446
0	30.42
0	105.688
0	104.283
0	0.625263
0	10.5734
0	327.125
0	90.9876
1	194.197
0	44.2701
0	39.9475
0	0.431712
0	23.4645
0	8.32952
0	32.1127
0	23.6835
0	14.6218
0	24.613
0	0.826285
0	2.19676
0	42.4892
0	28.8331
0	5.43783
0	109.75
0	0.627134
0	3.98937
0	83.1935
0	130.536
0	46.1263
0	67.1193
1	78.6431
0	177.344
0	49.6214
0	7.84721
0	51.3327
0	11.1074
0	5.03681
0	7.62803
0	48.1336
0	2.67426
0	15.4546
0	35.3109
0	28.93
0	660.512
0	61.7538
0	62.5172
0	7.26662
1	202.024
0	12.0396
0	21.3875
0	8.49029
1	63.1307
0	7.77484
0	131.983
0	28.9261
0	52.6249
0	19.5161
0	40.3052
1	298.958
0	39.823
1	152.247
0	23.164
0	52.1469
0	273.802
0	161.366
0	78.315
0	60.1922
0	18.7132
0	37.7421
0	185.579
0	192.332
0	4.14106
0	143.335
0	189.397
0	405.244
0	126.869
0	1.40526
0	16.9814
0	8.25984
0	7.83632
0	6.84464
0	16.808
0	25.6959
0	23.55
0	45.5627
0	178.103
0	61.3093
0	3.87265
0	150.54
0	1.6539
0	157.118
0	85.1627
1	332.554
0	11.5579
0	134.033
1	173.04
0	82.8058
0	30.5514
0	1.57162
0	32.6231
0	28.8438
0	8.14844
0	29.2419
0	12.9446
0	122.38
0	8.33259
0	132.414
0	16.0769
0	3.40812
0	46.9369
0	112.208
0	264.261
0	103.898
0	0.20389
0	40.8863
0	14.7967
1	107.72
0	25.892
0	0.0872547
0	25.6012
0	102.355
0	11.5174
0	60.4771
0	151.125
0	0.335316
0	5.77056
0	51.3041
0	0.958239
0	332.51
0	71.1989
0	5.02445
0	11.8072
1	33.688
0	7.89249
0	42.4029
1	240.292
0	95.7902
0	2.74247
1	209.682
0	169.326
0	13.4704
0	83.8215
0	8.3727
0	28.0821
0	140.021
0	12.7557
1	120.02
0	7.31282
0	136.294
0	32.1999
0	122.561
0	7.09638
0	159.778
0	5.27512
0	9.4261
0	12.6665
0	1.90357
0	42.6329
0	47.2254
1	163.67
0	27.2188
0	156.362
0	152.018
0	11.3608
0	161.962
0	100.994
0	119.498
0	34.9353
0	11.8166
0	306.614
0	33.5159
0	23.715
0	85.7212
0	115.538
0	44.3082
0	234.73
0	58.2676
0	13.6571
0	261.304
0	26.6237
1	137.082
0	3.65721
0	34.3278
0	5.96548
0	2.74516
0	94.672
0	97.0187
0	220.584
0	65.7692
0	227.243
1	117.85
0	370.721
1	106.748
0	54.0861
0	191.269
0	131.006
0	5.26881
0	67.5487
0	1.79274
0	50.6001
0	322.164
0	21.7409
0	145.328
0	6.60693
0	67.7897
0	39.6331
0	57.2547
1	96.6234
1	277.811
0	79.1969
0	108.238
0	0.678699
0	261.395
0	39.4612
0	247.782
1	72.7526
0	17.4743
0	60.2709
0	25.1405
0	7.63762
0	172.789
0	2.61365
0	5.42519
0	13.7474
0	76.1236
0	58.95
0	33.1822
0	438.66
0	5.70522
0	3.51592
0	7.05244
0	10.7482
0	73.1382
0	21.908
0	27.4147
0	77.5809
0	19.2252
0	2.14121
0	6.96748
0	146.333
0	44.9978
0	29.5425
0	141.911
0	23.1345
0	73.165
0	174.896
0	6.55033
0	100.398
0	48.9678
0	29.063
1	228.906
0	188.362
0	50.8971
0	36.3904
0	7.26495
1	44.9361
0	0.00291999
0	439.904
0	0.720076
0	93.7149
0	294.661
0	12.0314
0	10.6898
0	80.6212
0	40.1861
0	239.704
0	1.31284
1	265.99
0	107.855
0	1.13911
0	15.8355
1	45.2971
0	267.314
0	17.2287
0	2.51562
0	4.9111
0	4.31887
0	56.4193
1	121.283
0	26.0385
1	365.261
0	24.3502
0	44.8073
0	185.678
0	1.16743
0	2.46932
0	90.1969
0	71.3341
0	57.5666
0	56.3053
1	108.433
1	71.8074
0	77.725
0	24.9436
0	1.78575
0	19.6752
0	94.7705
0	115.748
0	53.9648
1	84.0631
0	17.5871
0	180.766
0	4.67853
0	4.40234
0	0.114949
0	20.5129
0	128.37
1	130.659
0	56.7972
0	1.83479
0	69.2115
0	90.3503
0	149.35
0	22.0259
0	16.9712
0	336.153
0	165.212
0	170.424
0	29.0792
0	66.4688
0	1.50996
0	51.6364
0	34.0108
0	7.75836
1	269.094
0	3.26381
1	38.858
0	47.282
0	10.399
0	247.292
0	32.3191
0	151.473
0	8.17531
0	5.85766
0	42.1049
0	56.6381
0	24.4215
0	23.3684
0	11.744
0	13.8936
0	57.1068
0	31.7833
0	5.86522
0	184.844
0	55.6917
0	23.7101
0	33.6238
0	27.9014
0	26.3201
0	6.24035
0	36.1475
0	29.3516
0	67.5738
0	98.5353
0	11.304
0	267.71
0	1.7776
0	19.4389
0	8.69512
0	235.881
0	17.1732
0	56.382
1	53.933
0	157.792
1	213.076
0	76.5306
0	121.193
0	63.2648
0	16.3993
0	50.4262
0	34.8172
0	0.275542
0	7.64617
0	18.7648
0	242.797
0	147.634
0	19.2886
0	96.2179
0	152.453
1	581.063
0	69.1815
0	17.03
0	375.965
0	6.2226
0	211.077
0	40.4986
0	279.719
0	28.1386
1	123.673
0	4.03417
0	36.0197
0	42.7576
0	22.4616
1	166.202
0	36.2302
0	257.525
0	112.712
0	45.3302
0	202.781
0	3.94403
1	87.9562
0	25.9199
1	165.614
0	83.7834
0	0.536306
0	29.8805
0	65.2006
0	1.16728
0	63.5766
0	19.8379
0	49.5405
0	120.424
0	3.63442
0	56.0649
0	53.154
0	15.1768
0	133.137
0	128.198
0	8.45493
0	37.4813
0	17.7162
0	78.0845
0	93.4022
0	1.314
0	202.503
1	193.581
0	69.8999
0	21.1795
0	66.4832
0	52.6586
0	5.64875
0	3.76221
0	13.3177
0	9.80432
0	157.231
0	11.9916
0	46.5859
0	11.2654
0	112.883
0	75.6577
0	12.9497
0	10.588
0	39.8549
0	17.0195
0	117.052
0	18.6872
0	6.81079
0	30.6448
0	49.5189
0	23.6558
0	6.55035
0	107.273
0	7.50019
0	11.4655
1	148.665
0	48.9408
0	30.2877
0	0.438947
0	36.3231
0	0.342901
0	15.9756
0	51.044
0	266.369
0	21.2142
1	97.2291
0	29.8733
0	15.8704
0	10.5468
0	46.5021
0	51.4797
0	31.7093
0	40.0727
0	17.2021
1	285.034
0	15.1041
0	1.25379
0	7.72236
0	286.235
1	171.39
1	293.035
0	84.4607
0	130.709
0	5.3349
0	44.3233
0	43.0589
0	48.3092
1	108.999
0	33.6068
0	167.485
0	84.8633
0	3.48872
0	1.37129
0	16.9548
0	0.591402
0	158.598
0	23.8292
0	67.8975
0	82.8804
0	8.5551
1	317.901
0	49.7477
0	12.4249
0	45.6193
0	83.5609
0	25.4356
0	40.801
0	22.1207
1	84.1481
0	19.0625
0	161.314
0	19.5977
0	32.4959
0	34.0553
0	37.7889
0	161.928
0	226.947
1	115.483
0	120.941
0	48.8199
0	11.7765
0	37.0256
0	80.5562
0	36.1201
0	46.6696
0	96.3448
0	13.0658
0	106.833
0	25.9077
0	1.79789
0	74.9701
0	96.6208
0	177.941
0	11.46
0	21.3341
1	118.599
0	27.4712
1	119.715
0	73.5588
0	3.46967
0	4.75627
1	54.8763
1	125.864
0	198.246
0	76.457
0	1.84889
0	196.257
0	134.468
0	15.228
0	170.992
1	129.581
0	21.0585
0	241.056
0	34.5622
0	37.8137
0	30.2838
0	127.198
0	9.51346
0	267.935
0	71.0346
0	42.4491
0	301.413
0	161.052
1	94.4508
0	1.60318
0	6.77281
0	28.4551
0	49.9412
0	176.875
0	32.8926
0	2.92766
0	65.2079
0	15.2221
0	17.4385
0	1.14451
0	12.4034
0	25.8959
0	317.523
0	15.8022
0	96.6967
0	1.58803
1	43.6076
0	2.64822
0	71.2963
0	18.5858
0	95.669
0	18.5654
0	99.6912
0	4.78626
0	188.12
0	55.3522
0	40.3817
0	8.42782
0	11.9738
0	375.728
0	43.4932
0	4.022
0	22.2195
0	105.645
0	2.68736
0	120.383
1	267.097
0	45.0574
0	16.1474
0	197.28
1	304.807
0	40.3746
0	17.5899
0	240.434
0	2.65696
0	145.101
0	16.0724
1	337.848
0	45.4234
0	538.148
0	17.6071
0	16.993
0	147.718
0	77.9558
0	85.8337
0	39.9987
1	131.405
0	32.3868
0	174.044
0	3.15097
0	10.0949
0	43.8095
0	8.11662
0	7.73713
0	40.2846
0	6.37887
0	9.60315
0	201.639
1	432.381
0	22.4075
0	120.531
1	142.877
1	582.495
1	320.846
0	306.27
0	11.4691
1	190.292
0	17.3414
0	3.88544
0	13.9592
1	235.949
0	34.1927
0	3.91632
0	37.671
0	8.66801
0	13.9203
0	28.8626
0	42.976
0	29.1118
1	77.1763
0	24.136
1	83.6065
0	0.589158
0	54.2724
0	58.261
0	114.493
0	3.04471
0	54.9583
0	3.03764
0	2.9734
1	108.614
0	20.5445
0	79.5411
1	330.424
1	58.4817
0	286.751
0	17.3276
0	100.581
0	18.7312
0	15.2968
0	259.281
0	31.9375
0	108.393
0	14.8527
0	8.34726
0	4.99762
0	33.1664
0	19.7378
0	89.5673
0	70.2143
0	5.24013
0	77.5196
0	3.48888
0	19.5514
1	107.702
0	6.70815
0	2.25759
0	50.2957
0	265.918
1	139.677
0	157.009
1	192.194
0	9.4595
0	9.25819
0	28.8888
0	300.098
0	79.0072
0	65.358
0	4.56122
0	1.8683
0	146.757
0	1.76091
0	50.706
0	303.164
0	151.946
0	132.704
0	2.2158
1	266.653
0	220.993
0	14.8502
0	2.38424
0	5.61867
1	155.249
1	298.042
0	11.7154
0	21.2309
0	10.4134
0	115.647
0	74.8995
0	111.206
0	20.1024
0	92.5861
0	24.1827
0	10.7994
0	22.4123
0	7.16447
1	135.651
0	9.15293
0	15.5085
0	12.3889
1	308.017
0	23.5652
0	20.5812
0	6.96491
0	44.6314
1	180.779
0	18.4525
0	137.054
0	2.43769
0	7.36229
0	15.2464
0	13.5749
1	180.575
0	65.6953
0	24.5954
0	8.49321
0	109.257
0	2.08257
0	147.53
0	170.454
0	49.8232
0	32.8779
0	95.3784
0	18.9837
0	74.0852
0	73.2237
0	124.694
0	232.066
0	38.0359
0	10.1821
0	39.2891
0	18.2323
0	274.08
0	30.9081
0	67.0931
0	22.7979
0	40.0284
0	3.97253
0	24.305
0	104.877
0	48.2211
0	21.32
0	9.83953
0	12.6765
0	28.6719
0	6.2274
0	2.25898
1	141.533
0	21.0425
0	7.77966
0	100.72
0	132.214
0	23.7558
0	50.5558
0	176.612
0	117.018
0	1.38121
0	4.68698
0	336.053
0	26.7621
0	21.8014
0	164.524
0	5.72456
0	22.583
0	19.3095
0	44.4785
1	489.424
1	68.0965
1	324.294
0	18.3331
0	65.455
0	13.3798
0	11.8602
0	66.9656
0	72.9334
0	2.15435
0	16.388
0	2.47532
1	395.7
0	43.1731
0	8.36459
1	209.701
0	60.6824
0	12.8721
0	9.76182
0	9.36479
0	54.6965
0	256.256
0	16.4408
0	31.4131
0	11.3546
1	318.662
0	92.4586
0	43.887
1	112.915
0	57.5418
0	5.45969
0	1.14671
1	218.418
0	58.1859
0	138.812
0	8.77658
0	13.5245
0	117.324
0	16.1945
0	34.5421
0	135.251
0	101.042
0	3.27852
0	8.90355
1	54.6018
0	3.07298
0	33.8675
0	11.6329
0	55.7633
0	0.970954
0	6.20693
0	43.449
0	10.7136
0	70.2391
0	28.099
0	2.65215
0	7.42066
0	10.9818
0	14.9591
0	0.288211
1	66.1327
0	12.2159
0	14.1362
0	8.64342
0	5.98867
0	28.2047
0	8.55928
0	1.3868
0	57.6988
1	158.26
0	8.13147
0	3.29358
0	1.52352
1	110.122
0	108.212
0	17.0916
0	31.6154
1	116.42
0	41.3257
0	22.1835
0	149.283
0	23.9102
1	128.772
0	4.84568
0	3.29399
0	2.3481
0	322.293
0	92.4279
0	135.615
0	6.77199
0	160.581
0	3.77055
0	98.2413
0	129.795
0	31.5852
0	40.8965
1	190.39
0	89.3801
0	185.08
0	39.3191
0	45.3995
0	5.33344
0	73.6127
0	94.6869
0	24.1002
0	3.43805
0	14.0338
0	45.2864
0	2.20859
0	7.00366
0	20.6307
0	39.7922
0	31.7358
0	196.317
0	1.85049
0	2.83454
0	304.78
0	155.98
0	52.6756
0	192.366
0	61.5296
0	213.634
0	76.8497
0	13.5176
0	13.6059
0	47.0736
0	313.361
0	13.3566
0	15.0947
0	4.99674
0	0.885023
0	64.1193
0	81.9565
0	4.178
0	39.9423
0	1.62241
0	7.69742
0	45.9713
0	6.15813
0	264.495
0	2.07528
0	133.798
0	176.495
0	0.180129
0	34.7394
0	39.4232
0	20.5557
0	120.584
0	6.93129
0	6.72952
0	184.039
0	177.569
0	0.60533
0	23.9647
0	80.5323
0	14.6411
0	23.7306
1	307.806
0	62.131
0	4.55361
0	10.0692
0	15.5947
1	150.204
0	4.6351
0	164.646
0	13.2228
0	17.9487
0	11.3173
1	108.709
0	24.8057
0	116.09
1	347.132
0	4.6434
0	54.6382
0	62.1289
0	2.6993
0	19.537
0	51.0658
0	150.273
0	27.5671
0	102.043
0	205.666
0	36.1801
0	1.8664
0	28.4571
1	107.309
0	178.053
0	22.5121
0	71.6874
1	78.4582
0	21.9326
0	35.236
0	32.9806
0	318.85
0	219.578
0	17.3533
0	51.8665
0	110.063
0	16.4389
0	10.7036
0	6.16527
0	26.2993
1	215.885
0	39.4942
0	11.4459
1	248.67
0	87.9165
0	9.71896
0	16.0778
0	172.833
0	31.2423
0	89.0366
0	33.7203
0	27.313
0	0.816356
0	94.3751
0	79.1043
0	1.91455
0	2.59798
0	9.72266
0	43.4927
0	34.8951
0	6.87087
0	1.03144
0	1.71174
0	57.5872
0	8.31494
0	98.0118
1	118.495
0	92.1943
0	38.8409
0	26.1581
0	10.9877
0	45.3091
0	21.4415
0	6.8582
0	1.2812
1	229.865
0	141.95
0	69.1052
0	9.49853
0	0.829736
0	5.94561
0	103.217
0	1.03786
0	162.402
0	13.972
0	9.03292
0	15.0122
0	36.4504
0	30.1327
1	47.2893
1	292.948
0	13.6072
0	40.5786
0	16.5113
0	342.341
0	50.2328
0	74.2438
0	22.8948
0	110.073
1	398.46
0	116.194
0	126.81
0	48.9591
0	76.2689
0	51.6472
0	47.4065
0	79.7035
0	38.1079
0	50.7377
0	18.4483
0	159.032
0	9.62967
0	24.2462
0	39.1211
0	83.7901
0	4.70299
0	26.0783
0	345.007
1	221.738
0	35.2056
0	107.936
0	159.314
0	101.391
0	17.6054
0	1.17934
0	132.354
0	1.43958
0	2.20384
0	6.85216
0	150.56
0	117.867
0	71.0978
1	91.421
0	83.1285
0	174.46
0	6.98981
1	111.593
0	376.254
0	53.0699
0	152.76
0	2.2062
0	15.3779
0	67.266
0	50.9523
1	100.552
0	22.1853
0	6.17265
0	3.03003
0	78.8361
0	69.011
0	20.7135
0	39.2692
0	32.7231
0	111.583
0	21.834
0	13.7461
0	55.4071
0	44.2141
0	24.0523
0	2.97328
0	93.8508
0	8.4594
0	19.8919
0	85.8236
0	0.807031
1	52.869
0	0.7923
0	88.3537
0	92.2221
0	35.2735
0	28.1726
0	72.5658
0	47.5503
0	42.6615
0	2.53802
0	104.058
0	37.0714
0	77.8129
0	26.5851
0	37.6867
0	229.133
0	31.2389
0	65.5531
0	122.916
0	6.52762
1	299.161
1	917.084
0	221.507
0	128.664
0	6.02354
0	237.901
0	9.09474
0	21.1616
0	0.195347
0	243.745
0	8.99437
1	473.204
0	17.1715
0	107.84
0	274.831
1	266.576
0	63.8826
0	104.48
0	48.9622
0	50.4277
0	35.0001
0	86.3447
0	35.7788
0	4.14658
0	28.2091
1	249.201
0	99.7844
0	173.856
0	46.8346
0	4.31531
0	0.624786
1	270.594
0	68.8421
0	31.0429
0	0.129334
0	41.5009
0	58.1719
0	249.614
0	38.7365
0	21.6965
0	4.39466
0	22.6196
0	3.5565
0	21.1299
0	18.5033
0	0.938761
0	50.9219
0	41.4593
0	97.4351
0	463.246
0	124.92
0	19.0463
0	18.8166
0	25.6837
0	19.5674
0	16.1567
0	112.213
0	12.2568
0	7.64899
0	101.336
1	151.933
1	44.3421
0	1.34123
0	12.5231
0	1.18506
0	9.48135
0	183.216
0	19.0037
0	0.460734
0	53.5778
0	42.5506
0	17.3518
0	182.306
0	55.1534
0	7.5356
0	22.9873
0	93.5851
1	150.581
0	12.1205
0	15.2683
0	195.678
0	346.78
0	21.4594
0	13.1838
0	4.63273
0	74.8442
0	132.219
0	24.1714
0	58.7124
1	92.3201
0	2.66076
0	38.374
0	10.3834
0	19.5469
0	7.29928
0	345.129
0	78.4593
0	162.065
0	56.1423
0	7.94979
0	49.4757
0	54.646
0	47.4046
1	101.148
0	44.4732
0	26.4268
0	203.204
0	7.64434
1	134.385
0	7.40681
0	95.5191
1	153.205
1	198.387
0	32.6106
0	46.2104
0	52.602
0	273.18
0	0.652195
0	219.769
0	38.8086
0	21.9793
0	178.416
0	36.862
0	37.2712
0	235.495
0	224.543
0	23.3534
0	15.9502
0	102.527
0	57.0516
0	2.85921
0	3.0516
0	43.7619
0	25.3803
0	13.8043
0	1.02493
0	43.2164
0	49.9195
0	20.8331
0	166.316
0	264.881
0	62.7691
0	12.8749
0	60.8451
0	200.714
0	12.0287
0	5.15953
1	466.66
0	137.226
0	12.2596
0	23.9059
0	120.196
0	220.881
0	29.5773
0	0.734702
0	18.1018
0	66.9433
0	0.849567
0	11.5311
0	124.491
0	85.1293
0	0.378544
0	12.246
0	9.56417
0	45.95
0	39.6025
0	195.349
0	19.5999
0	6.48776
0	3.42828
1	172.917
0	30.4759
0	132.164
0	43.2423
0	310.909
0	132.658
0	10.2806
0	10.7314
0	6.79268
0	27.0717
0	217.47
0	8.09812
0	56.5122
0	122.296
1	241.775
1	129.583
0	4.52062
0	2.17187
0	70.4165
0	241.206
0	3.01472
0	44.1598
0	27.1611
0	13.7313
0	52.1693
0	193.672
0	95.3107
0	65.2014
0	8.3127
0	12.6168
0	138.71
0	67.3361
0	69.1975
1	550.899
0	92.8376
0	3.22581
0	38.4617
0	74.526
0	0.441609
0	95.3034
0	20.1139
0	41.3652
0	45.1713
0	81.3666
0	125.232
1	196.795
0	1.56955
0	71.8027
0	22.6328
0	1.01218
0	112.627
0	49.4162
0	49.9366
0	5.66299
0	42.3027
0	3.06419
0	77.3394
0	34.3994
0	7.83065
0	16.8644
0	4.56705
1	397.52
0	37.9976
0	12.6315
1	201.033
0	23.3137
1	63.3887
0	1.47685
0	62.6811
1	144.913
0	70.7959
0	26.1326
0	6.64232
1	224.243
0	23.2949
1	319.057
0	20.5983
0	85.651
0	92.9968
0	20.5257
0	240.921
0	553.631
0	72.6125
0	258.245
0	37.9035
1	86.4733
0	36.9282
0	5.57795
0	46.0697
0	5.2423
0	27.1929
0	283.093
0	120.412
0	75.1715
1	420.994
0	23.3355
1	226.563
1	227.697
0	104.252
0	21.5101
0	67.3381
0	135.513
1	227.175
0	326.183
1	164.321
0	5.16007
0	140.422
0	20.5919
0	31.5564
0	7.91924
0	13.5694
0	19.9872
0	51.9194
0	78.327
0	17.7199
0	63.0581
1	263.681
0	48.6383
0	112.402
0	22.2275
0	13.7016
0	21.856
0	13.3999
0	3.45938
0	6.58938
0	3.10149
0	6.24043
0	467.681
0	56.9985
1	170.148
0	54.939
0	81.9135
0	21.71
0	13.8306
0	3.12569
0	7.32446
0	50.6604
0	81.1513
0	70.6476
0	61.4116
0	119.975
0	72.7583
0	94.4534
0	20.9974
0	25.6352
0	37.1186
0	5.09579
0	4.50669
0	108.41
0	24.6549
0	185.831
0	9.44206
0	25.9913
0	72.5942
0	13.8305
0	126.987
0	3.74974
0	150.456
0	75.585
1	157.259
0	121.198
0	94.1335
0	7.57356
0	3.24351
0	86.589
0	56.0785
0	0.870462
0	18.6684
0	53.2781
1	58.7827
0	23.1892
0	21.8816
0	62.1741
0	34.3111
0	21.0188
0	12.6663
0	96.2042
0	87.5703
0	21.5219
0	7.98053
1	73.4415
0	8.68947
0	49.7921
0	44.5413
0	86.0045
0	9.83354
0	111.517
0	29.259
1	61.5698
0	27.5522
0	14.3
0	3.93117
0	83.2071
0	42.8656
0	17.6677
0	381.998
0	32.9617
0	90.0322
0	6.15872
0	64.6935
0	11.5209
0	43.4338
1	400.887
0	5.27569
0	16.4614
0	86.0662
1	183.624
1	173.817
0	100.576
0	9.44536
0	6.79358
0	49.4075
0	51.1496
1	131.765
0	75.1047
0	17.3906
0	27.9901
1	154.333
0	9.81043
0	0.431459
0	20.4286
0	0.208845
0	45.9707
0	442.507
0	123.872
0	0.269133
0	57.2836
0	57.3815
0	68.9562
0	23.2165
0	145.294
0	26.6755
0	71.8966
0	120.59
0	106.533
0	74.2371
0	113.765
0	61.258
0	20.3594
0	11.8673
0	17.0639
0	63.6125
0	59.1649
0	155.963
0	38.6246
0	1.60803
0	67.393
0	42.7679
0	91.8975
0	84.8259
0	4.90663
0	16.2747
0	6.03075
0	192.74
0	31.8543
0	8.18587
0	3.77814
0	19.2878
0	63.7739
1	59.4206
0	30.6509
0	37.9404
0	120.225
0	6.68493
0	44.7745
0	49.5197
0	5.42365
0	63.7589
0	56.2129
0	10.1975
0	27.6772
0	23.3306
1	60.0488
0	10.9428
1	115.696
0	27.3009
0	48.7697
0	72.2196
0	14.9155
0	189.915
0	27.3355
0	103.493
0	191.509
0	25.8912
0	58.5224
0	144.937
0	99.9394
1	204.086
0	27.6794
0	37.1373
0	19.8413
0	5.9383
0	45.2123
0	11.4803
0	252.17
0	273.663
0	13.367
0	267.299
0	174.133
0	197.368
0	19.6532
1	188.865
0	15.0727
0	23.6731
0	44.9415
0	61.8018
0	19.6135
1	144.335
1	344.317
0	3.72816
0	8.45594
1	130.013
0	254.006
0	73.9182
0	41.1387
0	205.781
0	7.4121
0	62.7999
0	69.8247
0	2.15441
0	36.3869
0	28.734
0	48.7602
0	5.77762
0	15.4079
0	246.964
1	160.705
0	14.5931
0	40.9491
0	3.01437
0	51.7013
0	45.9783
0	246.793
0	107.965
1	126.866
0	10.9149
0	77.4914
0	30.5879
0	21.4648
0	5.23352
0	8.12194
0	4.1989
0	139.759
0	9.26443
0	29.3588
0	80.432
1	333.257
0	8.63214
0	1.95969
0	16.7268
0	2.86449
0	12.4569
0	92.5524
0	66.2443
0	0.849441
0	18.9753
0	73.4985
0	12.1905
0	28.2472
0	95.5263
0	9.35678
0	50.0437
0	28.7225
0	176.442
0	84.2322
0	68.7531
0	2.43006
0	469.615
0	46.18
0	7.58311
0	47.7143
1	97.0312
0	7.52091
0	16.837
1	216.837
0	35.3115
1	73.3521
0	79.8621
1	58.0036
0	8.0523
0	25.878
0	21.3427
0	132.183
0	3.6479
0	8.84706
0	370.934
0	184.219
1	291.939
0	1.83309
0	41.5837
1	135.561
0	224.679
1	316.093
0	5.14922
0	129.213
0	250.272
0	45.4574
0	50.9868
0	158.032
0	51.5626
0	162.856
0	18.9623
0	15.0838
0	17.6636
0	11.2214
0	2.41545
0	12.5784
1	94.3474
0	92.8318
0	219.231
0	90.9143
0	19.843
0	284.171
0	5.05147
0	25.1923
0	26.2464
0	32.0417
1	168.163
0	21.5435
0	11.0149
0	2.59006
0	56.5233
0	15.7992
0	26.1661
0	7.85232
0	23.5855
1	324.302
0	18.5813
0	231.978
0	113.949
0	71.2062
0	379.842
0	156.565
0	185.137
0	52.9324
0	50.4079
0	19.8977
0	3.59346
0	88.7553
0	47.7257
0	172.544
0	42.0135
0	4.38342
0	27.4587
0	46.9457
0	101.312
0	16.7878
0	33.0387
0	39.8843
0	163.611
0	47.9523
0	199.445
0	105.407
0	0.108271
0	91.4366
0	6.10664
0	132.508
0	41.2135
0	5.7222
0	64.1467
0	37.1023
0	138.877
0	17.4755
0	54.1498
0	1.2329
0	11.992
0	21.195
0	7.93542
0	94.2539
0	36.5756
0	3.623
0	38.5289
0	289.946
0	5.11514
0	11.0917
1	49.7837
0	8.03178
0	4.59632
0	100.563
0	27.4036
0	2.62119
0	215.874
0	5.57546
0	226.839
0	184.505
0	181.148
0	3.43465
0	75.9172
0	2.65008
0	61.7457
0	37.4224
0	8.77257
0	35.6905
0	163.105
0	5.17846
0	101.464
0	80.0088
0	4.19324
1	229.677
0	5.98577
0	71.1946
1	518.682
0	40.4195
0	4.30742
0	136.531
0	2.428
0	196.216
0	31.736
0	59.4591
0	60.2413
0	57.8562
0	14.2793
0	20.7822
0	2.09553
0	164.066
0	17.9705
0	330.686
0	48.5536
0	47.8476
0	5.62476
0	521.114
0	60.2087
0	133.449
0	5.6228
0	2.79745
0	15.0765
0	92.4375
0	28.9795
0	13.3868
0	513.355
0	31.3643
0	15.0313
0	4.87683
0	140.254
0	9.54369
0	20.796
0	139.586
0	19.334
0	219.491
0	113.507
0	136.418
0	9.98863
0	22.8007
0	4.1617
0	0.614206
1	206.755
0	166.798
0	7.81156
0	12.8813
1	52.7538
0	37.0774
0	51.9971
0	50.8368
0	3.4737
1	79.98
0	24.7763
0	39.1399
0	5.10856
0	223.564
0	8.25843
0	7.70967
0	26.4552
0	41.2307
0	7.37576
0	174.095
0	26.4587
0	0.0838892
1	96.9074
0	10.5833
0	7.86404
0	4.05707
0	102.468
0	52.7644
0	19.5825
0	5.01893
0	33.2671
0	33.2694
0	36.7308
0	42.3062
0	11.4261
0	24.896
0	3.23969
0	14.8814
0	10.8428
0	52.2827
0	27.2865
1	170.844
0	147.167
0	4.53191
1	176.246
0	50.2856
0	15.4016
0	12.5673
0	8.17141
0	11.7418
0	332.989
0	7.90046
0	84.4122
0	1.32595
0	148.883
0	35.2052
0	96.7442
0	0.361315
0	30.7306
0	168.921
0	105.732
1	95.0714
0	227.437
0	138.532
0	7.64673
0	130.085
1	202.187
0	62.5536
0	75.8764
0	141.978
0	78.3137
0	134.028
0	8.26099
0	148.8
1	118.642
0	2.0708
0	127.747
0	13.4679
0	554.969
1	157.442
0	0.630472
0	22.0372
0	4.73567
0	215.991
0	13.4075
0	68.3189
0	10.9202
0	2.05735
0	15.1436
0	71.3332
0	70.2076
0	56.8087
0	35.8184
0	32.1651
1	668.094
0	8.27106
0	0.916708
0	12.1592
0	7.11232
0	30.8037
0	139.942
0	27.1069
0	4.24627
0	61.6709
0	2.33948
0	122.58
0	21.8138
0	41.3241
0	52.5606
1	258.414
0	0.621012
0	141.39
0	1.8971
0	104.809
0	16.9236
0	10.3046
0	119.558
0	40.9143
0	39.5677
0	17.5369
0	35.2128
0	11.7033
0	8.30033
0	26.101
0	41.2455
0	71.5801
0	28.3807
0	51.1497
0	17.1833
0	14.339
0	0.0484941
0	6.33943
0	58.4654
0	53.7578
0	173.503
0	104.068
0	131.278
0	259.168
0	22.2548
0	61.4224
0	54.7321
0	123.73
0	151.566
1	55.9493
0	2.5356
0	62.6589
0	77.1478
0	76.9532
0	190.471
1	390.411
0	9.11789
0	150.214
0	9.70882
0	113.085
0	19.1786
0	111.058
1	174.502
0	59.4833
1	129.09
0	4.31545
0	287.397
0	1.22844
0	143.7
0	255.024
0	162.387
0	91.408
0	298.366
0	2.91051
0	28.0541
0	2.37178
0	28.2452
0	6.80397
0	2.47983
0	45.3632
1	159.429
0	22.0954
0	475.193
1	135.315
0	2.97524
0	3.5787
0	12.5165
0	187.069
0	8.48208
0	28.437
0	14.1612
0	15.3192
0	170.377
0	90.8954
0	41.2264
0	11.3776
1	213.274
0	31.6177
0	218.89
0	221.927
0	423.057
0	42.9973
0	133.652
0	21.3348
0	4.32333
0	6.30567
0	23.7133
0	38.5905
0	0.603177
0	43.9354
0	380.696
0	61.2737
0	33.2429
0	113.23
0	5.35025
0	13.6077
0	14.2668
0	298.049
0	32.8599
0	193.918
0	32.7532
0	3.67419
0	10.6145
0	153.305
1	51.7167
0	34.7845
0	49.2726
0	23.6357
1	137.738
0	55.6953
1	343.369
0	16.2366
0	16.7649
0	180.666
0	10.4396
1	228.466
0	3.69752
1	195.094
0	35.1914
0	2.37612
0	13.9025
0	38.6432
0	39.625
0	126.627
0	67.8924
0	110.732
0	80.5275
0	22.442
0	144.672
0	47.7406
0	0.320683
0	18.0927
0	52.3526
0	323.275
0	22.6719
1	173.308
0	30.0197
0	95.6824
0	18.4664
0	75.7949
0	10.3645
0	15.8518
0	0.614801
0	10.2309
1	72.8984
0	212.646
1	341.658
0	13.7378
1	92.283
0	310.854
0	87.5326
1	159.503
0	64.6029
0	29.3084
0	65.3486
0	38.0962
0	12.764
0	4.57359
0	18.3278
0	62.6731
0	20.6423
0	183.405
0	22.0769
0	66.3421
0	4.62577
0	21.3357
0	8.16214
0	92.1769
0	34.3481
0	8.93842
1	147.803
0	21.8208
0	300.859
0	86.8025
0	95.1695
0	15.3603
0	56.9267
0	25.9908
0	19.1016
0	28.4672
0	144.678
0	29.8043
1	196.805
0	6.21984
0	140.587
0	21.0642
0	11.4798
0	50.4435
0	21.1038
0	134.874
0	7.89033
0	47.4709
0	199.064
0	37.3986
0	25.5555
0	4.35218
0	38.4376
0	7.2848
0	42.193
0	6.69865
0	22.4136
1	66.2302
0	62.9136
0	356.736
1	117.884
0	15.2605
1	106.743
0	21.4065
0	6.23423
0	15.7318
1	199.975
0	12.5071
1	186.846
1	47.86
0	5.13953
0	3.56357
0	26.4659
0	13.6178
0	339.994
0	25.5446
0	10.9288
0	8.29583
0	2.8542
0	18.7793
0	41.3436
0	3.85315
0	22.6519
0	9.38259
1	80.4987
0	18.0638
0	127.26
0	26.7385
0	42.6888
0	70.386
0	124.437
1	372.088
0	2.9368
0	13.8015
0	49.4175
1	367.725
0	154.581
0	11.9361
0	6.70479
0	119.333
0	13.2379
0	60.7187
0	18.1098
0	2.88379
0	61.7557
0	5.10037
0	151.787
0	75.7261
0	21.204
0	37.435
0	3.94542
0	8.68031
0	7.64644
0	60.2898
0	24.0433
0	33.9891
1	113.271
0	69.6357
0	113.813
0	64.7742
0	21.5024
0	140.419
0	29.0474
1	366.457
0	19.0234
0	8.35086
0	135.431
0	49.4189
0	27.1034
0	108.944
0	67.9545
0	38.3938
0	99.4546
0	4.63805
0	16.1619
0	14.3464
0	35.8816
0	5.57055
0	45.994
0	44.3068
0	81.8571
0	17.8135
0	110.471
0	0.0949663
0	761.58
0	300.096
0	22.241
0	60.8919
0	13.9236
0	163.513
0	0.0840845
0	101.476
0	0.357786
0	263.52
0	29.5963
0	35.8667
0	26.7975
0	31.2817
0	39.4898
0	19.781
0	1.72335
0	82.6801
0	319.872
0	1.67027
0	3.61227
0	26.1608
0	7.24431
0	0.506115
0	81.8559
0	107.464
0	0.221644
0	47.1593
0	74.2843
0	22.1203
0	54.2901
0	5.77502
1	167.851
0	0.831121
0	4.62344
0	118.719
0	80.4607
0	11.099
0	7.25827
0	131.594
0	97.9599
0	91.7363
0	7.07368
0	44.2067
1	60.3493
1	142.606
0	18.4601
0	78.2957
0	72.6165
0	15.3123
0	66.4521
0	170.652
0	115.334
0	2.27054
1	153.083
0	2.71318
1	371.096
0	168.022
0	20.8739
0	122.553
0	129.667
0	118.654
0	388.388
0	59.6969
0	18.8534
0	16.1508
0	57.2101
1	154.271
0	185.895
0	36.8976
1	257.952
0	42.7183
0	52.4276
0	4.87283
0	294.868
0	36.2481
0	125.309
0	458.157
0	14.684
0	25.8686
0	52.0828
0	18.5378
0	27.4502
0	3.88357
0	57.9421
0	167.183
0	8.54515
0	101.722
0	33.3857
0	12.2772
0	133.607
0	96.7308
0	89.6551
0	4.38472
0	79.3009
0	43.4473
0	8.44104
0	2.98786
0	73.7193
0	180.342
0	119.243
0	7.79031
1	132.838
0	10.6319
0	2.34002
0	168.891
0	6.30081
0	171.308
0	196.99
0	1.08264
0	3.34824
0	28.1586
1	68.9534
1	213.887
0	4.03372
0	55.9403
0	27.0866
0	192.591
0	196.506
0	175.15
0	117.026
0	143.516
0	3.44739
0	45.7598
0	2.8185
0	193.549
0	2.98715
0	0.751076
0	23.65
0	57.8149
0	89.4742
0	36.7555
0	18.3251
0	12.3436
0	112.264
0	5.87763
0	66.6646
0	372.471
0	39.2403
0	220.796
1	157.935
0	28.6212
0	1.1583
0	673.481
1	125.432
0	263.361
0	18.1525
0	87.6361
0	0.866678
0	0.66188
0	1.89023
0	0.851578
0	47.9101
0	45.0085
0	130.986
0	12.7333
0	9.04043
0	120.081
0	97.5907
0	73.9121
0	0.312407
0	528.821
0	54.0576
0	198.574
0	26.1989
0	62.0478
0	18.0415
0	30.6642
0	0.619567
0	170.44
0	9.14233
0	66.8814
0	3.09291
0	1.56704
0	0.160499
0	319.16
0	39.3362
0	43.4499
0	18.7707
0	150.538
0	1.59938
0	24.4703
0	30.486
1	181.251
1	55.6564
0	46.1032
0	26.5441
0	24.6257
0	27.1593
0	54.0986
0	151.537
0	7.5424
0	141.351
0	26.7535
0	31.2478
1	112.462
0	0.691058
0	26.8914
0	14.7449
0	14.6304
0	0.852728
0	147.551
0	93.5075
0	73.1256
0	69.4579
0	63.2945
0	267.507
0	9.38908
0	85.6944
0	16.9471
0	64.6839
0	124.698
0	6.66708
0	6.05075
0	43.474
0	11.322
1	225.602
0	38.5814
0	65.7735
0	36.9928
0	11.6985
0	113.296
0	87.3896
0	29.2541
0	0.461435
0	31.4546
0	17.992
0	38.6973
0	292.266
0	53.7366
1	169.975
0	33.799
0	2.14723
0	56.6969
0	55.3138
0	219.395
0	60.6685
0	196.777
1	140.909
0	14.9301
0	13.5827
0	25.3725
0	88.9537
0	8.20483
0	138.053
0	23.5938
0	43.4737
0	32.4349
0	9.37378
0	66.9781
0	56.6036
0	97.1676
0	63.968
0	223.619
0	254.627
0	5.46444
0	19.8687
0	177.334
0	90.125
1	110.494
0	6.7198
0	37.296
0	235.075
0	31.4495
0	7.85266
0	113.225
0	10.2775
0	128.142
0	36.1842
0	63.3818
0	33.044
0	146.604
0	53.0922
0	31.4435
0	152.506
0	7.23708
0	49.7537
0	111.764
0	32.4605
1	98.7882
0	16.9928
1	189.711
0	17.069
0	0.257447
0	5.14374
0	10.6982
0	11.6452
0	101.639
0	134.261
0	132.547
0	49.2428
0	52.0352
1	218.926
1	118.421
0	33.4546
0	5.18982
1	163.86
0	101.449
0	39.266
0	103.42
0	40.0089
0	47.5516
0	0.205245
0	18.0073
0	12.1061
1	161.114
0	3.268
0	45.3048
0	33.2308
0	20.4598
0	6.07236
0	28.9013
0	255.521
0	6.34547
0	18.2825
0	39.6455
0	29.1825
0	7.97704
0	21.9245
0	137.851
0	32.1231
0	10.224
1	641.135
0	62.0208
0	24.5502
0	123.003
0	27.7907
0	171.457
0	15.0053
0	259.862
0	7.0822
0	74.4198
0	1.01138
0	76.1722
0	21.666
0	75.2049
0	34.1113
0	13.0454
0	24.0439
0	39.9996
0	21.4936
0	31.0782
0	40.0293
1	131.053
0	23.2679
1	67.9961
1	140.937
0	27.3116
0	12.5165
0	11.7533
0	149.159
0	24.0507
0	110.918
0	105.499
1	241.651
0	53.068
0	6.75138
1	49.405
0	2.51555
0	12.0846
0	2.44225
0	39.7311
0	21.1427
0	6.07112
0	84.1773
0	181.927
0	3.3556
0	77.8477
0	116.699
0	10.8031
0	28.1225
1	84.5902
0	168.582
0	10.5569
0	209.995
0	96.2219
1	287.65
1	70.4697
0	14.5514
0	52.5211
0	135.767
0	15.7268
0	147.84
0	57.7739
0	5.46975
0	77.1138
0	10.2369
0	4.33267
0	34.3982
0	2.02103
0	30.6032
0	2.24389
1	178.501
0	23.9731
0	87.5604
0	12.9034
0	34.7516
1	55.5462
0	114.073
0	15.686
1	105
1	150.612
0	6.58269
0	57.6769
0	110.199
0	3.28983
0	28.9513
0	21.7379
0	54.1967
0	13.8231
0	44.3652
0	3.10653
0	91.6439
0	5.18506
0	337.046
0	18.3692
1	165.471
0	2.72844
0	8.47619
0	2.53651
0	119.105
0	90.3965
0	202.474
0	82.4657
0	5.91892
0	46.0515
0	29.3471
0	20.7236
0	1.46983
0	331.715
0	64.756
0	129.512
1	58.8312
0	4.37205
0	0.160986
1	478.424
0	84.876
0	25.6749
0	237.388
0	128.204
0	10.104
0	21.4655
0	38.1523
0	4.5752
0	22.9291
0	49.5137
0	0.136969
0	25.4702
1	108.869
0	133.268
0	178.52
0	2.20595
0	16.652
0	181.057
0	81.7614
0	0.21643
0	3.19262
0	23.2142
1	133.855
1	26.8182
0	15.1558
0	23.2694
0	20.416
0	150.559
0	13.9016
1	272.818
0	5.52686
0	589.14
0	5.80644
0	46.7495
1	132.89
0	7.99037
0	4.67726
0	267.388
0	132.854
0	23.0891
0	30.8984
0	17.7122
0	29.4606
0	271.548
0	12.0884
0	7.76514
0	30.2966
0	43.4872
0	17.9103
0	42.4768
0	26.4887
0	15.9173
0	54.8342
0	116.268
0	28.1657
1	90.878
0	31.3908
0	129.046
1	196.8
0	33.367
0	28.0622
0	0.573215
0	225.331
1	289.12
0	112.857
0	74.8281
1	260.233
1	200.007
0	4.89068
0	23.3203
0	16.2199
0	10.4225
1	182.461
0	73.0172
0	65.3453
0	13.2286
0	87.2958
0	546.209
0	3.50431
0	94.4497
0	9.19685
0	49.4428
0	3.53417
1	380.813
0	89.1568
0	215.606
0	39.8018
0	29.1228
0	254.168
0	81.2413
0	20.4714
0	5.0447
0	58.413
0	13.2716
0	7.84311
0	47.1009
0	63.5848
0	20.394
0	2.3939
0	1.19596
0	11.4226
1	464.811
0	30.0699
1	129.476
0	7.78962
0	79.4734
0	1.29451
0	37.0277
0	36.2878
0	39.6844
0	31.7944
0	189.788
0	271.418
0	8.14243
0	9.43275
0	6.82358
0	39.7398
0	77.6985
1	136.822
0	32.5961
0	20.6518
0	0.495052
0	452.274
1	414.669
0	7.92663
1	79.3941
0	18.4865
0	435.848
0	37.9273
0	256.672
0	66.9297
0	5.07426
1	81.5631
0	6.34482
0	113.101
0	31.082
0	400.796
0	21.1887
0	45.3094
0	4.54951
0	46.3905
1	77.5626
0	154.101
0	16.9819
0	32.9329
1	135.984
0	118.305
0	3.69666
0	70.3734
0	55.7043
0	135.942
0	4.75263
0	11.9167
0	20.5259
0	129.178
0	155.97
0	14.799
0	42.1974
0	4.63243
0	142.319
0	7.06441
0	173.892
0	2.47073
0	64.5317
0	12.0675
0	54.8273
0	11.7629
0	129.832
0	4.12637
0	1.11567
0	211.323
0	0.189043
1	85.0607
0	107.183
0	147.187
0	26.1864
0	4.44121
0	29.4965
0	29.3545
0	34.8679
0	0.613829
0	4.8518
0	26.1787
1	37.9121
0	127.923
0	153.841
0	24.8078
0	105.283
0	2.19557
0	141.165
0	17.7029
0	0.444853
0	3.15375
0	56.3259
0	13.1251
0	25.5452
0	13.8305
0	33.1632
0	47.3488
0	97.6163
0	168.594
0	23.0692
0	3.14753
0	0.903605
0	74.607
0	177.409
0	1.83766
0	7.03498
0	28.8342
0	44.6713
0	70.3203
0	9.51439
0	147.975
1	262.668
1	105.024
0	48.5592
0	4.0388
0	28.6539
0	26.2383
0	80.4988
0	48.3053
0	12.1546
1	654.292
0	120.114
0	50.3126
0	53.3288
0	267.532
0	183.648
0	4.9804
0	71.6609
0	41.6838
0	5.20143
0	190.466
0	44.4159
0	36.0518
0	3.76236
0	26.189
0	55.2679
0	43.6195
0	7.03058
0	30.8549
0	255.332
0	18.3999
0	18.8067
0	201.655
0	6.68823
0	2.2014
0	17.5507
0	29.042
0	86.1181
0	234.28
1	79.2418
0	61.9006
0	280.705
0	19.3698
0	61.8283
0	20.3816
0	208.16
0	112.324
0	5.43908
0	77.9051
0	451.546
0	6.29043
0	3.50147
0	181.919
0	151.763
0	33.2213
0	11.0262
0	0.281176
0	27.8996
0	17.7351
0	25.4593
0	20.0811
0	155.972
0	23.1302
0	28.6002
0	11.9128
0	41.6521
0	29.282
0	1.22314
0	59.7323
0	4.82364
0	22.8136
0	70.8971
0	387.024
0	0.676917
0	9.34484
0	150.331
0	28.7505
0	60.5673
1	134.731
0	93.0678
0	66.2118
0	6.42428
0	244.122
0	25.4259
0	34.6043
0	9.77806
0	102.211
0	145.899
0	0.969809
0	0.0672267
0	84.4559
0	27.2305
1	388.413
1	78.0559
0	28.1599
0	42.6099
0	127.331
0	36.3572
0	64.6962
1	206.845
1	187.572
0	77.4048
0	23.3929
0	288.653
0	3.22224
0	7.69133
0	17.488
0	59.1452
0	202.411
0	84.1672
1	201.971
0	1.28139
0	15.4038
0	257.22
0	57.2369
1	51.9274
0	21.5635
0	129.702
1	132.966
0	207.928
0	53.8666
0	0.37207
0	189.748
0	78.0766
1	28.4389
1	342.578
0	4.06999
0	41.6893
0	30.5044
0	24.3918
0	90.6406
0	414.494
0	31.2251
0	90.9587
0	89.3328
0	130.481
0	3.83082
0	3.23995
0	178.24
0	11.2347
0	2.38796
0	4.41652
0	5.68248
0	117.872
0	51.2216
0	355.656
0	157.697
1	175.986
0	142.263
0	23.1089
0	20.1638
0	183.227
0	29.2386
0	105.477
0	4.73837
0	25.3815
0	48.5292
0	13.1851
0	12.017
0	36.9915
0	103.82
0	55.4507
0	28.041
0	22.5074
0	37.1457
0	9.39319
0	10.0411
0	149.832
0	61.169
0	65.7147
1	140.974
0	91.7629
1	304.682
0	7.15465
0	79.2906
0	153.035
0	2.01705
0	0.562809
0	21.4055
1	100.398
0	136.812
0	100.865
0	26.6679
0	36.3788
0	265.834
1	74.1465
1	51.505
1	83.8145
0	48.6062
0	35.5933
0	151.804
0	1.41307
0	40.0158
0	1.71524
0	174.473
0	12.8835
0	0.694641
0	21.8775
0	30.0622
0	43.9484
0	24.5177
0	292.327
1	154.973
1	292.292
0	22.7813
0	99.7363
0	260.54
0	33.3352
0	38.7427
0	18.1132
1	117.995
1	57.2975
0	1.56204
0	10.2871
0	107.147
0	614.736
0	49.6581
0	49.5803
0	136.91
0	270.09
0	57.4135
0	66.8729
0	85.5873
0	10.4712
0	23.5529
1	111.891
0	43.4272
0	24.9695
0	2.6251
0	14.5926
0	91.1069
0	25.7139
1	504.283
0	324.423
0	65.6154
0	4.30768
1	69.3689
0	227.46
0	147.216
0	96.0548
0	22.0266
0	112.277
0	20.0922
0	13.2266
0	138.405
0	19.2038
1	185.977
0	49.1669
0	12.0742
0	37.1944
0	29.9635
0	1.9828
1	160.801
0	62.1226
0	13.5077
0	93.3195
0	15.0995
0	10.6581
0	24.6575
0	6.44696
0	490.261
0	99.5693
0	0.433338
1	179.017
0	136.904
0	16.9439
0	28.3952
0	24.9108
0	27.6037
0	24.4028
0	78.3508
0	17.5478
0	21.727
0	16.3144
0	8.43388
0	59.4545
0	10.7249
0	82.715
0	23.5248
0	0.462858
0	2.69614
0	53.3294
0	3.31013
0	59.9765
0	26.7856
0	68.1919
0	43.0404
0	52.2856
0	11.7491
0	123.112
0	110.087
0	74.416
1	110.18
0	57.3239
1	144.58
0	59.2675
0	3.82089
0	191.32
0	43.282
0	64.6071
0	29.1948
1	280.018
0	10.6166
0	99.4676
0	29.0614
0	58.1217
0	45.499
0	95.1653
0	31.6641
0	5.61733
0	8.53899
0	26.647
0	154.771
0	45.3325
1	107.819
0	76.7572
0	66.1044
0	56.5771
0	5.28909
0	53.7041
0	7.44511
0	46.0789
0	51.5853
0	18.5434
0	7.82015
0	29.2979
0	194.106
0	173.219
0	8.36446
0	6.80755
0	26.3154
1	139.896
0	171.946
0	22.1927
0	15.098
0	40.3357
0	151.442
0	71.3152
0	101.897
0	124.251
1	147.617
0	218.249
0	79.8805
0	1.77969
0	190.176
0	35.2292
0	5.96037
0	291.289
0	341.73
0	55.7976
0	136.902
0	137.658
0	101.323
0	126.38
0	216.82
0	57.5063
0	39.6058
0	24.699
0	358.854
0	10.9004
1	335.654
0	58.9446
1	160.112
0	6.90923
0	17.1694
0	25.5994
0	83.0171
0	10.7269
0	24.8822
0	12.5497
0	2.14045
0	67.0191
0	0.392223
0	15.1582
0	100.072
0	88.0531
0	2.50934
0	124.728
0	2.98943
0	103.28
0	47.7924
0	75.1564
0	7.02437
0	39.1609
0	10.541
0	24.9557
0	37.2043
0	1.4632
0	8.82017
0	6.26268
