10000	10	9900	0.00208333
0.025641	25.3821	45461.8	0.459207	1e-07
1	84.1539
1	69.7464
1	124.495
1	122.811
1	132.357
1	79.6165
1	108.848
1	31.7317
1	110.29
1	160.428
1	60.6854
0	17.0242
1	97.6572
1	178.292
1	85.8068
1	46.9883
1	110.904
1	56.9275
1	61.6081
1	106.306
1	169.147
1	64.2851
1	103.302
1	113.956
1	72.9662
1	69.1388
1	42.6094
1	130.519
1	110.689
1	80.9081
1	131.215
1	41.7012
1	67.7397
1	85.9148
1	62.8681
1	66.579
1	131.014
1	80.783
1	52.7988
1	118.632
1	205.617
1	79.8955
1	130.001
1	61.4812
1	68.9382
1	89.9768
1	107.711
1	75.1517
1	66.4804
1	47.17
1	127.712
1	102.941
1	175.781
1	116.17
1	120.783
1	94.888
1	255.948
1	216.116
1	99.1719
1	65.2633
1	51.6351
1	112.587
1	151.112
1	52.255
1	53.2694
1	47.5248
1	135.109
1	69.5863
1	190.328
1	94.1698
1	45.5788
1	47.0525
1	141.533
1	58.555
1	183.104
1	108.628
1	120.113
1	112.053
1	142.203
1	66.0207
1	74.1216
1	164.013
1	97.3329
1	109.338
1	37.3872
1	120.285
1	129.56
1	69.7947
1	70.2385
1	66.9926
1	62.9678
1	122.887
1	113.078
1	129.59
1	131.294
1	89.0462
1	157.359
1	55.7009
1	75.0823
1	261.643
1	73.9962
1	102.075
1	88.9051
1	65.3159
1	129.152
1	213.457
1	222.317
1	229.786
1	99.9176
1	135.116
1	64.6817
1	80.2047
1	77.0451
1	70.1003
1	210.06
1	71.8504
1	72.0605
1	61.6283
1	58.445
1	81.0149
1	165.493
1	146.832
1	92.2378
1	91.3179
1	74.989
1	78.4112
1	178.055
1	99.5416
1	79.4006
1	94.7193
1	224.807
1	265.725
1	180.776
1	182.75
1	116.229
1	140.872
1	69.587
1	92.3187
1	165.218
1	62.56
1	78.9243
1	100.93
1	111.112
1	64.9505
1	76.5013
1	87.8858
1	54.7704
1	95.9365
1	141.314
1	74.3273
1	178.907
1	206.797
1	170.279
1	94.5855
1	90.735
1	252.526
1	118.149
1	80.654
1	152.051
1	74.3874
1	146.412
1	176.973
1	99.9189
1	109.17
1	94.2641
1	131.96
1	57.8588
1	259.676
1	70.4064
1	71.2112
1	112.176
1	110.948
1	77.0096
1	94.0166
1	195.396
1	217.671
1	145.872
1	42.0976
1	84.5024
1	56.9139
1	98.6338
1	66.6434
1	146.614
1	72.721
1	90.2655
1	123.575
1	120.061
1	82.0824
1	129.709
1	202.138
1	96.4193
1	139.144
1	131.496
1	103.679
1	32.7583
1	84.5306
1	104.165
1	34.676
1	85.3809
1	80.2998
1	63.1804
1	31.8154
1	87.0832
1	112.335
1	92.3845
1	153.012
1	240.062
1	175.27
1	116.444
1	113.548
1	221.238
1	94.2135
1	196.6
1	65.9557
1	140.381
1	118.404
1	91.5164
1	142.967
1	111.451
1	83.1336
1	150.512
1	127.677
1	124.323
1	159.279
1	85.6685
1	77.8308
1	193.983
1	63.8825
1	114.55
1	133.745
1	73.5521
1	99.0615
1	122.601
1	144.853
1	137.274
1	136.058
1	37.1585
1	107.255
1	64.5967
1	139.022
1	63.8625
1	185.557
1	105.779
1	72.7933
1	100.239
1	70.0168
1	144.199
1	39.2384
1	29.1864
1	120.592
1	98.908
1	168.122
1	75.7649
1	157.457
1	152.842
1	179.219
1	70.8848
1	68.13
1	65.1708
1	128.42
1	87.4184
1	179.38
1	84.4983
1	121.765
1	24.8382
1	82.7153
1	122.829
1	81.2324
1	54.6686
1	154.971
1	107.915
1	121.311
1	126.707
1	64.3478
1	192.179
1	170.871
1	54.1264
1	171.658
1	96.1102
1	82.8296
1	186.895
0	7.22845
1	171.919
1	130.382
1	96.0363
1	53.8916
1	219.15
1	154.97
1	87.452
1	71.8759
1	123.411
1	143.963
1	212.28
1	103.639
1	82.3907
1	180.701
1	92.1913
1	108.109
1	35.0096
1	98.3746
1	53.4243
1	109.393
1	114.056
1	90.9939
1	103.519
1	64.1685
1	95.242
1	106.216
1	92.6427
1	117.268
1	94.4989
1	90.4191
1	56.0943
1	239.981
1	55.146
1	193.377
1	201.766
1	65.3384
1	143.642
1	111.196
1	124.221
1	132.27
1	160.764
1	150.071
1	56.5242
1	93.3941
1	168.424
1	103.811
1	188.355
1	171.604
1	136.272
1	113.379
1	90.2202
1	54.6194
1	143.531
0	125.817
1	73.7818
1	264.515
1	85.2719
1	120.08
1	156.475
1	82.4168
1	71.8952
1	207.431
1	163.745
1	162.524
1	163.178
1	76.029
0	7.27871
1	93.4583
1	51.7668
1	204.853
1	103.992
1	121.867
1	53.8579
1	249.738
1	121.202
1	127.961
1	99.1334
1	68.5941
1	222.952
1	54.9282
1	69.7128
1	61.2818
1	101.145
1	139.747
1	86.4985
1	168.996
1	274.613
1	106.659
1	65.3629
1	91.298
1	70.2657
1	131.514
1	106.825
1	77.7418
1	128.311
1	132.363
1	112.151
1	111.794
1	304.429
1	109.311
1	95.4159
1	87.3606
1	126.822
1	158.617
1	46.1529
1	86.6211
1	84.2649
1	91.8753
1	56.4655
1	129.249
1	96.8447
1	92.8388
1	170.739
1	86.7116
1	181.692
1	78.9668
1	47.7587
1	42.9379
1	42.5253
1	192.289
1	54.0989
1	132.402
1	149.987
1	70.2615
1	64.6314
1	131.988
1	122.875
1	76.6543
1	134.715
1	173.109
1	113.945
1	84.1242
1	152.121
1	58.2654
1	64.3102
1	133.399
1	134.471
1	166.115
1	95.4578
1	102.425
1	43.7574
1	162.671
1	102.136
1	123.765
1	95.0329
1	112.078
1	206.766
1	106.474
1	60.2488
1	179.922
1	124.767
1	41.5317
1	81.1963
1	89.7602
1	213.279
1	41.8658
1	65.5093
1	69.3669
1	89.6668
1	79.7352
1	164.161
1	67.8241
1	35.313
1	146.829
1	176.133
1	82.3077
1	45.3391
1	117.505
1	198.74
1	89.9775
1	273.746
1	164.446
1	362.055
1	79.6487
1	77.7002
1	129.243
1	99.0886
1	119.723
1	113.842
1	129.389
1	187.808
1	64.8583
1	196.736
1	85.0477
1	175.172
1	70.7474
1	147.169
1	66.9004
1	140.009
1	73.5355
1	80.1035
1	82.6284
1	47.4151
1	313.657
1	152.036
1	124.066
1	155.619
1	82.4731
1	92.2615
1	68.7199
1	95.5148
1	92.8115
1	105.549
1	280.545
1	86.1564
1	49.6801
1	135.609
1	108.54
1	178.12
1	75.5209
1	96.4036
1	102.526
1	186.144
1	104.758
1	173.149
1	56.4333
1	114.329
1	207.319
1	106.182
1	123.574
1	147.76
1	60.3518
1	190.453
1	92.239
1	112.349
1	199.665
1	82.8125
1	124.289
1	70.0912
1	68.2105
1	83.3013
1	101.592
1	95.4575
1	74.8653
1	128.166
1	160.414
1	178.368
1	72.9928
1	66.4724
1	78.1094
1	98.259
1	66.0836
1	59.6236
1	65.1637
1	77.6308
1	45.1503
1	85.1204
1	119.678
1	94.1582
1	139.832
1	116.68
1	83.8622
1	95.4885
1	174.935
1	134.786
1	211.089
1	155.811
1	92.3401
1	111.546
1	244.014
1	183.434
1	98.0252
1	168.13
1	247.113
1	103.797
1	121.75
1	87.5232
1	134.152
1	130.286
1	42.2726
1	90.1953
1	124.356
1	180.836
1	93.2066
1	55.5362
1	62.1354
1	78.5369
1	42.1235
1	108.44
1	166.472
1	264.62
1	172.62
1	77.4604
1	53.3141
1	126.85
1	131.443
1	153.794
1	66.4394
1	159.448
1	34.3632
1	151.098
1	107.892
1	125.634
1	98.6367
1	58.3605
1	131.319
1	71.877
1	81.2055
1	93.2374
1	118.597
1	170.254
1	117.235
1	102.043
1	105.875
1	121.543
1	133.993
1	100.267
1	214.743
1	109.107
1	102.604
1	66.5069
1	253.627
1	140.537
1	111.027
1	117.134
1	91.44
1	148.494
1	64.9239
1	134.278
1	82.0779
1	66.2451
1	114.304
1	68.1698
1	82.8593
1	155.777
1	66.9176
1	101.448
1	64.3518
1	42.0045
1	64.9509
1	129.244
1	66.4359
1	83.9481
1	59.6511
1	63.9645
1	111.088
1	131.591
1	93.3507
1	113.595
1	69.531
1	80.3207
1	154.539
1	69.7021
1	101.401
1	83.5832
1	97.4781
1	82.5116
1	31.2677
1	168.212
1	73.2045
1	293.225
1	139.092
1	173.91
1	124.74
1	192.371
1	197.266
1	156.555
1	42.6815
1	284.935
1	81.5499
1	212.809
1	77.8697
1	131.291
1	143.899
1	57.6682
1	115.269
1	82.9694
1	77.6977
1	147.857
1	71.5759
1	61.5995
1	128.507
1	86.512
1	403.199
1	78.4344
1	56.9559
1	71.5306
1	87.2877
1	50.8044
1	59.0936
1	173.643
1	92.1551
1	144.877
1	226.964
1	84.4344
1	119.578
1	172.212
1	98.3018
1	62.6344
1	185.78
1	77.4999
1	212.989
1	125.465
1	81.5283
1	150.73
1	83.9067
1	147.228
1	53.2567
1	42.2662
1	83.9409
1	57.8436
1	122.752
1	136.126
1	131.374
1	115.615
1	62.0968
1	77.2812
1	95.0174
1	132.735
1	261.985
0	30.7924
1	84.1122
1	167.927
1	234.292
1	123.044
1	118.031
1	225.536
1	116.77
1	71.0736
1	48.8238
1	132.878
1	110.503
1	79.2491
1	102.347
1	170.34
1	106.608
1	89.472
1	134.105
1	112.401
1	114.7
1	69.8288
1	116.849
1	114.739
1	100.096
1	64.7792
1	90.812
1	127.505
1	58.9825
1	51.9827
1	93.9869
1	114.458
1	241.573
1	103.886
1	150.091
1	92.7318
1	103.338
1	61.9031
1	288.465
1	141.305
1	98.8103
1	190.644
1	81.67
1	191.623
1	98.431
1	85.8203
1	133.095
1	101.019
1	97.2042
1	191.802
1	85.6418
1	271.166
1	127.829
1	138.465
1	102.762
1	84.3033
1	127.509
1	96.5326
1	183.273
1	62.9141
1	148.897
1	128.98
1	192.653
1	48.7195
1	60.1848
1	33.0141
1	62.1455
1	88.4974
1	136.254
1	187.164
1	143.21
1	178.496
1	68.5177
1	255.042
1	211.215
1	74.7207
1	38.7266
1	99.5018
1	177.9
1	78.1012
1	142.953
1	68.4191
1	70.5659
1	46.0481
1	77.8887
1	125.506
1	63.6896
1	96.0669
1	74.6136
1	58.7472
1	78.2302
1	128.59
1	70.1355
1	119.523
1	89.8991
1	156.03
1	176.093
1	95.989
1	34.7214
1	85.9093
1	120.785
1	159.447
1	160.51
1	85.183
1	99.3495
1	121.893
1	125.978
1	93.7514
1	61.4803
1	117.342
1	118.769
1	76.9512
1	72.9434
1	160.452
1	110.512
1	50.4413
1	168.472
1	172.822
1	120.61
1	124.269
1	142.972
1	101.891
1	80.7372
1	122.807
1	102.978
1	87.7483
1	140.665
1	88.3242
1	184.057
1	126.377
1	115.831
1	192.771
1	172.545
1	92.1824
1	76.6295
1	162.003
1	61.6887
1	97.0122
1	84.1606
1	195.986
1	85.6198
1	164.681
1	70.8793
1	49.031
1	96.7532
1	55.5698
1	77.4026
1	64.1367
1	47.0762
1	73.1956
1	98.6464
1	75.5272
1	77.2051
1	200.334
1	181.231
1	60.1031
1	52.971
1	63.6207
1	219.541
1	63.8826
1	162.346
1	40.5351
1	112.868
1	95.0469
1	41.9093
1	85.395
1	119.584
1	93.7051
1	172.7
1	82.4227
1	79.3959
1	187.099
1	103.285
1	83.8404
1	84.6831
1	60.53
1	82.0472
1	31.5362
1	118.54
1	83.31
1	104.991
1	158.316
1	141.724
1	99.1425
1	67.2477
1	54.9411
1	193.722
1	47.1046
1	124.917
1	85.1417
0	7.62408
1	111.836
1	45.4448
1	183.173
1	172.924
1	98.5857
1	116.353
1	84.9887
1	105.733
1	83.4921
1	108.02
1	116.122
1	95.9949
1	115.551
1	92.5477
1	105.235
1	89.1334
1	86.0792
1	74.7832
1	172.243
1	110.397
1	162.339
1	165.413
1	114.947
1	126.862
1	127.029
1	61.7985
1	83.0882
1	54.8458
1	209.604
1	174.713
1	67.5194
0	77.945
1	73.8076
1	130.375
0	14.957
1	161.521
1	119.587
1	134.502
1	72.3518
1	117.315
1	151.29
1	65.2838
1	176.228
1	126.878
1	80.8746
1	104.054
1	251.503
1	69.546
1	105.773
1	62.6532
1	43.0906
1	74.8166
1	75.6205
1	141.085
1	70.1843
1	74.1745
1	201.526
1	135.688
1	110.755
1	172.148
1	84.818
1	285.759
1	137.662
1	77.918
1	65.9873
1	55.0194
1	200.724
1	141.241
1	73.0422
1	130.043
1	92.6392
1	135.478
1	170.895
1	114.932
1	129.678
1	66.5711
1	98.2481
1	84.8397
1	148.514
1	80.8692
1	71.4311
1	148.133
1	84.9268
1	78.7156
1	174.698
1	83.6886
1	93.7217
1	164.506
1	173.223
1	38.9584
1	200.747
1	111.735
1	138.578
1	116.396
1	273.273
1	66.7128
1	162.592
1	126.293
1	173.324
1	99.9227
1	104.711
1	62.1297
1	108.982
1	76.4135
1	94.0592
1	58.7334
1	144.195
1	75.8531
1	107.054
1	45.6534
1	204.47
1	107.269
1	192.569
1	89.3491
1	46.2504
1	66.9048
1	150.14
1	110.123
1	139.524
1	85.194
1	44.471
1	133.379
1	176.22
1	143.045
1	180.568
1	79.1557
1	46.3159
1	103.581
1	158.817
1	94.8889
1	125.087
1	64.9886
1	91.7753
1	84.159
1	99.8266
1	51.1979
1	78.4125
1	53.8697
1	76.5551
1	212.692
1	134.857
1	47.9167
1	95.6369
1	90.0117
1	197.216
1	151.781
1	171.374
1	80.6427
1	100.72
1	71.77
1	98.9247
1	83.0014
1	54.3959
1	145.546
1	61.9945
1	98.1065
1	151.68
1	55.3381
1	148.583
1	142.377
1	102.385
1	41.3215
1	112.385
1	88.044
1	142.368
1	86.0309
1	81.4249
1	82.9117
1	94.9481
1	158.168
1	185.071
1	168.125
1	88.2319
1	268.311
1	103.732
1	74.4835
1	99.4899
1	124.844
1	63.0425
1	130.114
1	125.845
1	125.594
1	82.0424
1	162.708
1	141.227
1	184.639
1	85.5527
1	39.0876
1	163.201
1	61.06
1	127.304
1	66.7625
1	122.923
1	57.218
1	68.2248
1	35.1636
1	68.071
1	76.7105
1	174.284
1	149.854
1	310.906
1	176.588
1	91.8971
1	108.744
1	66.0588
1	47.7877
1	85.585
1	135.133
1	93.5588
1	52.502
1	171.802
1	72.5663
1	224.252
1	122.687
1	161.38
1	98.4072
1	80.1422
1	88.3856
1	180.665
1	128.591
1	122.042
1	172.152
1	133.234
1	119.064
1	86.5347
1	145.651
1	58.3678
1	128.697
1	77.0676
1	69.8808
1	87.8877
1	194.204
1	175.701
1	109.389
1	211.171
1	128.334
1	78.0685
1	101.62
1	58.2736
1	140.692
1	146.439
1	114.687
1	136.888
1	119.417
1	41.3241
1	118.057
1	104.568
1	77.1164
1	71.9618
1	97.6833
1	161.072
1	142.917
1	132.73
1	141.176
1	81.0001
1	126.647
1	118.559
1	56.0122
1	47.1023
1	81.6992
1	87.0901
1	81.7681
1	408.485
1	215.077
1	83.5667
1	79.04
1	78.0517
1	90.7009
1	53.5461
1	117.748
1	86.3218
1	92.6489
1	168.176
1	80.9407
1	135.869
1	166.821
1	224.841
1	73.3213
1	145.155
1	122.027
1	110.861
1	163.514
1	140.012
1	121.573
1	78.4194
1	48.8789
1	74.0112
1	82.73
1	108.619
1	45.957
1	56.4203
1	84.0215
1	188.782
1	165.622
1	238.879
1	63.6721
0	86.8201
1	156.641
1	102.036
1	117.611
1	102.065
1	50.7276
1	76.9154
1	114.424
1	96.4347
1	156.538
1	137.785
1	81.2555
1	83.8184
1	213.155
1	250.494
1	115.694
1	117.503
1	66.5034
1	147.23
1	104.715
1	89.3282
1	96.7487
1	192.86
1	92.4128
1	164.876
1	86.4473
1	114.834
1	152.719
1	322.584
1	55.4326
1	132.784
1	77.7226
1	144.48
1	85.8673
1	152.144
1	83.3324
1	68.9277
1	75.3426
1	92.2222
1	114.84
1	95.6948
1	81.1015
1	102.494
1	97.7423
1	124.23
1	103.471
1	220.682
1	84.747
1	91.9939
1	151.468
0	5.92925
1	77.0586
1	83.7632
1	75.5318
1	165.333
1	100.512
1	62.4462
1	74.0707
1	102.923
1	66.3254
0	2.65006
1	83.9006
1	186.729
1	146.233
1	89.8968
1	164.849
1	132.129
1	80.5222
1	161.347
1	207.965
1	176.163
1	102.986
1	67.5996
1	317.244
1	126.282
1	102.955
1	115.412
1	77.1047
1	152.812
1	46.8444
1	83.4993
1	122.659
1	87.9973
1	38.0559
1	73.9768
1	91.3467
1	62.7967
1	58.0689
1	75.0774
1	94.6255
1	53.2844
1	130.552
1	87.4762
1	96.9778
1	60.681
1	144.227
1	70.7145
1	95.7356
1	77.5565
1	148.098
1	225.986
1	145.524
1	115.901
1	124.967
1	107.736
1	93.8606
1	88.0132
1	260.237
1	95.2158
1	72.6948
1	77.0464
1	93.835
1	114.837
1	97.9169
1	115.659
1	107.98
1	91.438
1	72.9996
1	65.7583
1	121.909
1	165.174
1	127.638
1	97.1215
1	41.0188
1	74.2458
1	82.711
1	68.8199
1	112.645
1	88.5033
1	119.214
1	85.9615
1	89.9726
1	66.3531
1	74.848
1	88.1413
1	87.0319
1	60.8236
1	42.0956
1	107.615
1	113.676
1	102.8
1	83.17
1	42.8704
1	48.1819
1	99.4771
1	76.2789
0	33.1491
1	104.607
1	174.365
1	127.492
1	193.795
1	25.8051
1	119.687
1	82.7443
1	141.42
1	131.715
1	65.5198
1	97.9476
1	201.919
1	85.2383
1	92.9849
1	94.9961
1	108.229
1	151.357
1	147.889
1	100.564
1	136.685
1	68.5966
1	102.298
1	112.831
1	118.505
1	136.199
1	99.3134
1	69.6041
1	142.428
1	154.196
1	69.9063
1	72.2527
1	148.477
1	216.324
0	26.396
1	73.789
1	108.776
1	35.9806
1	123.846
1	103.751
1	175.548
1	90.3043
1	91.0574
1	132.335
1	60.1996
1	48.157
1	146.507
1	106.43
1	183.279
1	117.688
1	63.3466
1	31.5131
1	71.4766
1	87.4403
1	113.426
1	66.7984
1	71.4572
1	147.933
1	154.164
1	86.2513
1	78.126
1	130.772
1	156.493
1	196.916
1	82.0141
1	104.011
1	91.901
1	104.742
1	98.1852
1	46.992
1	77.1276
1	121.949
1	120.622
1	92.3433
1	175.498
1	109.92
1	188.564
1	301.311
1	123.819
1	64.9873
1	173.972
1	91.5604
1	68.6092
1	64.7236
1	173.387
1	157.978
1	60.8967
1	115.903
1	147.086
1	75.3125
1	109.08
1	56.553
1	76.2155
1	157.374
1	93.9891
1	105.692
1	140.23
1	185.401
1	119.788
1	33.008
1	64.0243
1	137.08
1	72.6278
1	106.228
1	54.7277
1	83.2424
1	81.8351
1	142.206
1	70.7433
1	134.489
1	136.226
1	136.589
1	99.8487
1	101.505
1	95.2716
1	234.155
1	76.8654
1	52.2524
1	70.3728
1	94.9315
1	77.9356
0	39.128
1	112.756
1	71.2784
1	143.425
1	148.177
1	48.1627
1	133.573
1	217.732
1	132.786
1	138.782
1	74.4973
1	104.134
1	107.866
1	93.7001
1	71.9354
1	70.0341
1	82.8128
1	165.108
1	85.4296
1	44.5457
1	60.276
1	177.13
1	54.9642
1	146
1	86.8065
1	117.916
1	180.442
1	129.499
1	101.757
1	57.9759
1	95.1487
1	97.4624
1	295.886
1	127.33
1	131.608
1	73.6633
1	113.778
1	78.4439
1	186.385
1	127.966
1	186.218
1	201.187
1	58.5979
1	99.4907
1	123.576
1	60.5417
1	126.164
1	78.7038
1	42.4629
1	67.5667
1	241.358
1	110.269
1	38.3874
1	101.14
1	42.3965
1	67.6792
1	183.511
1	85.8948
1	218.812
0	43.1025
1	123.691
1	37.7939
1	139.675
1	112.241
1	112.108
1	123.334
1	73.2885
1	79.9628
1	63.5595
1	112.4
1	107.307
1	57.5069
1	63.8944
1	82.2124
1	228.285
1	108.27
1	59.5551
1	177.221
1	113.652
1	116.048
1	110.513
1	82.5093
1	135.732
1	106.748
1	85.5575
1	87.1245
1	98.2227
1	142.6
1	175.141
1	87.4666
1	146.052
1	80.3891
1	75.5379
1	80.3235
1	65.0152
1	145.286
1	61.2876
1	66.1861
1	81.6964
1	238.874
1	83.5693
1	86.1934
1	82.0211
1	53.0349
1	115.643
1	139.287
1	69.8976
1	76.1858
1	103.164
1	127.622
1	65.3717
1	175.688
1	162.769
1	85.4113
1	106.32
1	108.797
1	45.3019
1	66.1616
1	86.5359
1	191.209
1	51.4144
1	228.693
1	67.7979
1	101.71
1	83.3397
1	118.75
1	167.184
1	48.636
1	58.2058
1	138.287
1	278.562
1	74.2808
1	80.3674
1	123.674
1	67.6452
1	144.427
1	112.192
1	99.2241
1	93.7722
1	163.67
1	64.2213
1	112.753
1	95.0146
0	72.8834
1	120.982
1	37.5411
1	47.6957
1	76.5563
1	108.704
1	59.6399
1	78.9356
1	85.8432
1	116.667
1	86.4696
1	172.689
1	59.2637
1	74.5341
1	127.184
1	75.6065
1	107.862
1	39.4926
1	94.2945
1	321.494
1	119.343
1	151.788
1	144.245
1	131.484
1	79.4385
1	108.656
1	187.784
1	206.068
1	123.112
1	82.7611
1	56.3407
1	97.7612
1	195.859
1	123.995
1	81.8107
1	52.0692
1	78.6629
1	107.002
1	48.0242
1	43.0133
1	93.308
1	84.5745
1	122.392
1	108.068
1	98.347
1	39.2356
1	104.624
1	136.204
1	73.4317
1	130.258
1	200.599
1	134.661
1	98.5301
1	73.3086
1	133.238
1	110.811
1	110.314
1	58.9684
1	178.154
1	98.2793
1	96.6783
1	97.2373
1	46.1053
1	67.7277
1	143.667
1	57.1645
1	56.1944
1	198.937
1	143.355
1	178.267
1	148.278
1	158.9
1	28.5474
1	158.399
1	107.079
1	264.493
1	166.755
1	77.8935
1	38.9351
1	90.6852
1	50.3773
1	104.744
1	35.7475
1	194.053
1	122.859
1	72.8556
1	96.6958
1	75.3173
1	107.95
1	42.5702
1	182.86
1	175.009
1	144.026
1	61.3825
1	67.8809
1	109.493
1	301.593
1	120.301
1	168.674
1	72.3383
1	143.362
1	144.843
1	67.2893
1	58.404
1	74.1281
1	57.5248
1	60.3014
1	146.5
1	266.466
1	116.04
1	44.8939
1	94.8332
1	86.6115
1	43.5896
1	57.6626
1	54.2211
1	100.819
1	156.968
1	122.856
1	194.452
1	111.281
1	81.7162
0	56.3099
1	243.737
1	92.8958
1	99.8412
1	110.992
1	197.35
1	112.28
1	110.717
1	124.211
1	101.825
1	109.826
1	95.734
1	89.5843
1	83.8652
1	112.488
1	263.652
1	224.165
1	217.18
1	78.7092
1	99.5059
1	107.61
1	123.21
1	267.737
1	128.774
1	148.139
1	146.336
1	95.9351
1	153.884
1	99.4676
1	66.6977
1	105.501
1	61.4495
1	157.96
1	47.9156
1	135.685
1	91.8212
1	63.2176
1	44.5702
1	77.3012
1	102.644
1	89.2082
1	86.8322
1	185.115
1	137.465
1	78.8271
1	85.0283
1	114.974
1	48.7819
1	69.3092
1	81.7231
1	87.1072
1	132.586
1	110.522
1	93.9444
1	75.4484
1	83.8617
1	67.1384
1	56.9631
1	79.038
1	116.458
1	68.0028
1	293.649
1	124.452
1	74.7643
1	105.16
1	98.29
1	85.2801
1	64.6347
1	103.496
1	87.5067
1	78.3028
1	122.808
1	33.4792
1	114.815
1	63.7292
1	123.386
1	89.3975
1	104.25
1	72.5225
1	115.294
1	154.788
1	92.0009
1	85.0098
1	63.5614
1	41.7307
1	119.895
1	184.67
1	137.283
1	73.2555
1	71.2827
1	120.947
1	72.8424
1	97.2393
1	80.4318
1	137.443
1	108.329
1	221.806
1	103.521
1	72.5748
1	159.853
1	39.1326
1	71.5181
1	105.539
1	84.8509
1	224.07
1	87.7367
1	90.7073
1	73.8769
1	97.1023
1	51.1228
1	134.171
1	67.9362
1	107.069
1	116.377
1	71.0348
1	78.7938
1	116.207
1	87.132
1	128.728
1	103.176
1	107.177
1	28.5323
1	75.7484
1	36.1076
1	84.4007
1	79.5816
1	180.948
1	123.759
1	81.8823
1	180.492
1	103.107
1	138.387
1	54.0064
1	87.758
1	74.4244
1	97.5743
1	73.1359
1	99.896
1	79.2486
1	100.1
1	142.009
1	79.6806
1	80.0024
1	124.492
1	169.954
1	129.377
1	133.663
1	78.0548
1	182.683
1	118.717
1	169.793
1	142.135
1	104.432
1	84.3191
1	124.006
1	143.398
1	84.3793
1	115.365
1	57.9631
1	142.635
1	89.1561
1	333.658
1	54.0533
1	104.797
1	111.831
1	57.1101
1	102.201
1	125.465
1	155.484
1	65.3167
1	78.8462
1	48.1611
1	153.693
1	70.252
1	195.372
1	71.7064
1	123.635
1	150.262
1	54.6409
1	82.7219
1	56.273
1	30.7373
1	50.5719
1	113.897
1	123.711
1	186.424
1	82.1935
1	177.313
1	68.912
1	154.062
1	58.9704
1	105.803
1	146.093
1	38.0144
1	120.25
1	81.3269
1	56.1419
1	86.4999
1	102.918
1	88.0304
1	113.863
1	177.779
1	44.48
1	97.8293
1	232.661
1	121.18
1	82.0128
1	96.2762
1	73.5931
1	32.5488
1	113.735
1	35.5921
1	72.4401
1	112.223
1	56.9105
1	104.131
1	154.951
1	176.971
1	124.346
1	46.4942
1	106.803
1	68.3187
1	65.5127
1	77.5495
1	108.139
1	131.37
1	113.001
1	117.385
1	47.0206
1	144.87
1	211.804
1	94.7369
1	313.638
1	57.5796
1	135.093
1	109.674
1	129.376
1	95.0674
1	136.848
1	100.828
1	210.553
1	204.802
1	118.673
1	50.63
1	172.248
1	53.8043
1	117.97
1	58.1635
1	115.093
1	103.173
1	205.843
1	151.86
1	94.1996
1	108.747
1	61.0588
1	158.167
1	48.6945
1	47.2885
1	63.1555
1	59.5818
1	136.507
1	84.1128
1	125.864
1	68.8903
1	118.185
1	142.224
1	110.493
1	46.0749
1	129.532
1	72.3794
1	141.107
1	115.202
1	145.853
1	100.223
1	175.701
1	161.437
1	94.7777
1	103.02
1	190.209
1	77.9227
1	97.6521
1	125.28
1	146.897
1	157.902
1	101.514
1	146.757
1	71.7935
1	205.064
1	226.193
1	182.829
1	135.934
1	155.442
1	147.328
1	91.2911
1	118.459
1	112.383
1	115.17
1	159.62
1	129.322
1	109.725
1	98.8342
1	239.503
1	112.492
1	109.98
1	113.883
1	100.56
1	105.923
1	57.5782
1	61.4805
1	93.7701
1	181.247
1	134.423
1	155.855
1	59.5577
1	155.925
1	26.2181
1	92.7243
1	41.1677
1	53.0281
1	195.353
1	179.011
1	92.5226
1	218.194
1	158.353
1	76.677
1	88.9519
1	98.3487
1	152.549
1	73.4284
1	209.857
1	66.6711
1	46.6962
1	134.139
1	68.9359
1	100.548
1	81.6111
1	79.5878
1	44.0912
1	143.079
1	73.257
1	99.0739
1	78.3863
1	101.047
1	132.318
1	70.8533
1	87.6561
1	127.119
1	73.9619
1	133.791
1	78.096
1	110.704
1	102.729
1	96.722
1	70.8011
1	85.0925
1	161.423
1	98.96
1	88.4296
1	35.1177
1	102.992
1	57.3014
1	138.357
1	89.5522
1	105.2
1	158.841
1	177.29
1	92.3445
1	120.718
1	158.601
1	182.936
0	28.0378
1	82.9044
1	177.114
1	85.4665
1	114.528
1	123.804
1	168.63
1	71.4616
1	111.887
1	107.736
1	55.1122
1	169.28
1	101.645
1	202.263
1	67.8036
1	57.9679
1	51.0046
1	109.171
1	157.539
1	110.905
1	65.6082
1	87.6344
1	157.023
1	66.1543
1	114.471
1	76.4357
1	92.9332
1	96.8131
1	109.323
1	140.115
1	293.707
1	129.077
1	82.5042
1	150.207
1	94.224
1	78.7525
1	45.7597
1	57.757
1	99.0365
1	100.042
1	123.391
1	102.487
1	207.636
1	146.231
1	114.623
1	215.503
1	137.819
1	91.4867
1	49.7481
1	122.4
1	232.35
1	111.904
1	57.6603
1	138.104
1	53.8527
1	99.9682
1	129.308
1	270.793
1	79.8263
1	68.0899
1	186.942
1	245.548
1	83.2329
1	98.9549
1	91.3598
1	107.072
1	77.7046
1	168.352
1	100.297
1	141.087
1	139.459
1	108.032
1	143.012
1	98.5271
1	81.1144
1	101.577
1	69.8661
1	82.3516
1	79.9591
1	128.177
1	93.8943
1	47.3615
1	78.3668
1	138.517
1	60.5188
1	119.244
1	84.5374
1	125.202
1	43.8415
1	84.481
1	78.7028
1	91.6171
1	156.009
1	67.3753
1	73.0357
1	67.0388
1	184.414
1	58.0529
1	146.334
1	102.567
1	70.4671
1	65.4019
0	51.1374
1	79.9656
1	153.614
1	73.4645
1	105.639
1	66.0613
1	79.3605
1	71.5111
1	213.344
1	179.954
1	107.319
1	128.069
1	135.158
1	97.7809
1	65.6242
0	8.27043
1	87.5606
1	91.8869
1	107.821
1	43.6369
1	117.087
1	83.6683
1	95.7675
1	156.05
1	67.9108
1	131.242
1	279.801
1	149.251
1	107.5
1	84.5811
1	90.2087
1	54.472
1	86.1232
1	62.0845
1	82.1878
1	111.697
1	195.111
1	208.52
1	131.399
1	90.7584
1	66.5936
1	118.63
1	91.3301
1	166.613
1	79.7808
1	57.1294
1	122.074
1	111.256
1	183.225
1	60.6965
1	81.7797
1	95.5
1	166.277
1	154.717
1	150.867
1	71.0312
1	81.8169
1	114.498
1	48.917
1	48.8093
1	58.4904
1	105.662
1	94.3906
1	103.879
1	147.908
1	91.2757
1	105.139
1	53.5535
1	154.221
1	52.5655
1	96.9688
1	137.391
1	117.337
1	115.52
1	55.9104
1	64.8954
1	117.011
1	90.5571
1	63.5026
1	100.388
1	124.111
1	135.368
1	79.4033
1	58.6615
1	89.7829
1	69.1185
1	177.648
1	68.7567
1	225.545
1	109.736
1	96.0791
1	148.435
1	68.7631
1	138.872
1	167.304
1	87.1113
1	48.7648
1	155.626
1	88.7
1	125.235
1	103.239
1	52.871
1	174.806
1	51.6924
1	100.676
1	70.2992
1	94.532
1	71.9486
1	61.8832
1	195.485
1	41.4572
1	163.589
1	123.298
1	123.579
1	87.759
1	76.1698
1	68.2807
1	231.417
1	67.5629
1	354.765
1	117.821
1	188.888
1	67.1179
1	69.8469
1	217.673
1	32.1321
1	113.612
1	101.325
1	157.051
1	34.8562
1	176.164
1	109.861
1	110.145
1	116.305
1	141.529
1	111.032
1	60.2848
1	101.143
1	122.759
1	104.869
1	126.544
1	74.7119
1	137.854
1	62.7491
1	100.786
1	86.4821
1	70.0186
1	125.6
1	57.6513
1	77.8217
1	123.091
1	123.102
1	105.15
1	196.699
1	95.0988
1	88.483
1	48.4749
1	169.907
1	151.975
1	77.8449
1	278.494
1	99.8516
1	144.438
1	221.386
1	113.55
1	197.643
1	82.7028
1	93.3908
1	91.2154
1	62.1733
1	147.539
1	201.181
1	126.967
1	171.308
1	101.563
0	3.92898
1	101.168
1	102.631
1	100.788
1	179.757
1	97.0846
1	77.2613
1	151.041
1	88.1256
1	149.863
1	66.7572
1	172.18
1	75.859
1	95.7259
1	165.373
1	189.652
1	53.6308
1	67.5994
1	70.9256
1	100.274
1	108.984
1	69.2588
1	165.561
1	93.846
1	137.727
1	143.161
1	42.315
1	91.4083
1	98.0889
1	87.2739
1	137.764
1	71.292
1	80.9769
1	90.1423
1	75.5492
1	118.709
1	108.571
1	102.538
1	109.4
1	130.825
1	61.7661
1	132.727
1	164.838
1	121.607
1	88.9628
1	176.933
1	138.391
1	193.064
1	181.79
1	98.2261
1	167.162
1	92.7926
1	167.807
1	73.5682
1	91.2312
1	166.433
1	40.7552
1	154.629
1	157.97
1	106.062
1	61.75
1	108.363
1	143.642
1	96.2277
1	96.5434
1	49.9595
1	114.845
1	132.002
1	92.7034
1	101.862
1	74.2324
1	69.5512
1	149.71
1	141.36
1	69.6658
1	121.654
1	122.984
1	134.068
1	139.132
1	164.968
1	38.029
1	91.8123
1	74.0889
1	123.387
1	98.4217
1	65.5714
1	72.1648
1	124.772
1	155.919
1	82.7399
1	214.408
1	101.775
1	87.5868
1	84.7896
1	162.876
1	156.402
1	51.2586
1	136.527
1	93.0287
1	88.0748
1	73.4822
1	138.864
1	95.559
1	62.0069
1	126.694
1	178.194
1	77.8774
1	138.098
1	36.1535
1	106.36
1	65.3227
1	101.212
1	56.7149
1	107.653
1	121.354
1	73.4676
1	154.622
1	67.0064
1	50.8247
1	86.0512
1	241.795
1	72.4757
1	54.6641
1	98.2849
1	71.6157
1	69.0998
1	189.226
1	219.367
1	120.024
1	241.105
1	99.8231
1	169.181
1	121.271
1	129.326
1	84.0295
1	147.15
1	88.3943
1	120.133
1	103.608
1	85.7693
1	54.6999
1	103.273
1	105.788
1	104.631
1	171.569
1	133.464
1	98.2202
1	109.436
1	71.2637
1	131.716
1	99.7288
1	170.573
1	89.9846
1	81.4098
1	110.491
1	80.4372
1	174.079
1	55.9377
1	121.926
1	103.503
1	187.614
1	234.875
1	109.435
1	87.7843
1	115.095
1	112.036
1	80.3298
1	227.423
1	56.1847
1	60.0169
1	50.2308
1	64.2683
1	67.0264
1	96.3141
1	76.4662
1	177.733
1	123.573
1	144.123
0	28.4121
1	41.8958
1	87.0896
1	74.6614
1	96.6381
1	64.113
1	214.28
1	75.1124
1	127.723
1	57.3001
1	134.751
1	178.338
1	69.8589
1	144.928
1	112.109
1	83.8911
1	310.148
1	101.078
0	7.16113e-06
1	139.848
1	144.285
1	107.625
1	50.234
1	141.311
1	116.997
1	111.294
1	76.6587
1	126.985
1	87.2319
1	137.383
1	120.33
1	75.2242
1	54.579
1	99.7848
1	153.325
1	73.7556
1	225.6
1	84.6634
1	91.8936
1	48.5656
1	225.265
1	84.3253
1	66.774
1	56.5068
1	184.533
1	68.377
1	75.7744
1	79.9541
1	40.7407
1	106.277
1	103.654
1	51.1095
1	119.299
1	136.691
1	114.834
1	95.0839
1	67.0671
1	121.808
1	82.2581
1	106.602
1	147.097
1	128.487
1	105.691
1	43.5214
1	118.002
1	231.016
1	69.8436
1	65.8901
1	204.607
1	198.858
1	44.0652
1	121.412
1	304.816
1	142.154
1	188.393
1	86.326
1	110.918
1	132
1	74.3676
1	42.7311
1	75.2195
1	91.2506
1	149.832
1	174.427
1	86.322
1	103.181
1	254.992
1	220.17
1	68.965
1	69.9247
1	82.5847
1	167.465
1	154.412
1	104.441
1	146.67
1	137.531
1	92.056
1	178.462
1	99.6434
1	81.6456
1	65.9289
1	139.727
1	114.2
1	119.714
1	166.693
1	99.2361
1	79.9867
1	99.7698
1	78.1771
1	72.9973
1	89.4038
1	115.665
1	70.1541
1	82.5879
1	110.663
1	69.4946
1	291.985
1	131.817
1	100.756
1	48.6345
1	160.132
1	143.265
1	57.3552
1	126.045
1	174.675
1	62.8919
1	47.4929
1	126.878
1	62.4602
1	106.293
1	118.207
1	30.8873
1	154.059
1	148.658
1	152.646
1	161.206
1	122.958
1	61.8466
1	142.14
1	80.8593
1	170.365
1	83.0791
1	60.2145
1	114.438
1	167.217
1	162.436
1	230.229
1	115.104
1	131.539
1	105.078
1	101.658
1	96.2931
1	239.334
1	48.4289
1	246.515
1	136.424
1	118.216
1	63.1675
1	156.624
1	105.988
0	17.8144
1	131.823
1	119.507
1	70.3066
1	107.202
1	140.86
1	141.939
1	50.2162
1	95.0692
1	140.462
1	329.431
1	98.4637
1	92.8437
1	66.163
1	41.8371
1	90.6084
1	80.033
1	106.568
1	47.4074
1	163.585
1	117.245
1	84.7758
1	84.1855
1	77.6239
1	253.847
1	118.634
1	78.3669
1	62.4845
1	105.124
1	48.2445
1	54.5006
1	77.862
1	146.204
1	62.0447
1	114.353
1	107.758
1	154.02
1	70.0402
1	109.65
1	57.3255
1	174.526
1	54.7299
1	87.3918
1	170.467
1	131.552
1	57.1711
1	239.433
1	153.621
1	120.773
1	151.884
1	93.8011
1	75.4149
1	256.197
1	157.196
1	82.0099
1	82.9425
1	69.2205
1	54.9969
1	126.065
1	41.5201
1	65.2523
1	88.6208
1	62.3766
1	83.6253
1	117.315
1	51.7841
1	182.116
1	118.757
1	66.0052
1	93.6273
1	86.8524
1	126.439
1	58.2452
1	238.624
1	89.1567
1	130
1	65.8382
1	138.143
1	77.4045
1	130.173
1	67.8873
1	162.892
1	195.712
1	177.478
1	80.4435
1	202.363
1	45.3107
1	75.9078
1	98.7493
1	69.0355
1	67.4384
1	74.6487
1	204.157
1	100.415
1	98.4379
1	159.717
1	175.478
1	73.8726
1	164.983
1	47.37
1	91.8552
1	93.6172
1	74.8047
1	64.3172
1	78.6052
1	86.1105
1	131.225
1	113.218
1	107.35
1	71.6905
1	320.042
1	154.383
1	112.509
1	118.663
1	84.1016
1	205.26
1	126.518
1	85.1395
1	85.0184
1	106.391
1	95.9378
1	181.04
1	252.023
1	75.9464
1	73.8517
1	129.765
1	54.5876
1	57.041
1	130.46
1	113.219
1	68.869
1	127.459
1	139.629
1	140.153
1	112.252
1	121.297
1	104.52
1	153.481
1	111.08
1	146.081
1	199.903
1	132.871
1	46.7449
1	311.892
1	102.315
1	80.8915
1	51.3193
1	80.2632
1	101.967
1	201.958
1	154.595
1	78.6716
1	33.3617
1	94.1189
1	239.781
1	197.413
1	56.5264
1	100.342
1	137.369
1	134.986
1	83.4293
1	164.541
1	55.6382
1	48.708
1	224.843
1	119.045
1	106.111
1	104.237
1	152.474
1	26.9399
1	79.8243
1	162.703
1	72.1923
1	202.576
1	82.53
1	109.442
1	74.6252
1	67.3466
1	87.3807
1	84.3715
1	137.922
1	81.8339
1	119.382
1	190.909
1	45.4931
1	109.352
1	91.2298
1	95.1805
1	130.463
1	117.816
1	84.8081
1	53.7673
1	220.124
1	65.3086
1	62.3125
1	72.2127
1	139.635
1	50.8807
1	125.846
1	84.1562
1	82.287
1	90.6347
1	93.8142
1	137.629
1	119.701
1	121.055
1	59.0852
1	140.193
1	136.444
1	168.156
1	152.982
1	143.194
1	116.701
1	65.9494
1	50.7286
1	60.7875
1	75.6461
1	34.4713
1	194.997
1	182.321
1	107.32
1	175.277
1	90.8858
1	117.697
1	98.9463
1	150.784
1	50.1927
1	94.8815
1	145.095
1	130.051
1	111.215
1	170.2
1	76.3884
1	77.5987
0	14.057
1	159.172
1	38.862
1	48.897
1	159.834
1	197.383
1	314.293
1	220.487
1	60.1257
1	207.206
1	139.215
1	117.411
1	107.382
0	52.3603
1	177.787
1	60.8414
1	172.036
1	103.748
1	52.543
1	153.483
1	104.386
1	163.693
1	103.319
1	77.3844
1	96.6934
1	62.2953
1	140.226
1	79.9586
1	83.6602
1	126.13
1	195.496
1	123.169
1	130.896
1	93.7204
1	154.688
1	64.8542
1	117.605
1	170.1
1	156.722
1	128.131
1	204.273
1	57.3978
1	52.167
1	91.9745
1	61.6459
1	93.3967
0	112.515
1	110.907
1	78.2419
1	110.681
1	90.0007
1	99.0855
1	259.947
1	196.513
1	100.284
1	77.4091
1	71.5465
1	205.42
1	95.9418
1	110.531
1	198.163
1	105.038
1	38.2644
1	112.058
1	69.3053
1	185.395
1	69.1769
1	57.7651
1	106.866
1	262.28
1	103.764
1	51.2263
1	52.9241
1	210.666
1	237.85
1	134.662
1	48.8192
1	63.2666
1	125.713
1	121.468
1	236.517
1	87.526
1	91.0406
1	167.231
0	61.6167
1	73.5449
1	60.4362
1	58.2823
1	109.633
1	239.735
1	125.165
1	91.8234
1	95.4178
1	210.835
1	95.3554
1	142.869
1	52.3885
1	129.295
1	89.2457
1	60.7337
1	124.254
1	116.177
1	48.3182
1	184.777
1	65.3376
1	176.862
1	67.7645
1	113.068
1	132.648
1	123.954
1	51.5103
1	69.5338
1	65.7125
1	93.7957
1	133.287
1	140.009
1	143.818
1	167.602
1	78.4613
1	218.579
1	139.256
1	90.0451
1	103.917
1	185.85
1	109.95
1	230.692
1	107.513
1	198.879
1	97.4284
1	132.844
1	118.967
1	65.3792
1	265.252
1	102.218
1	160.679
1	134.431
1	60.0644
1	85.5384
1	59.6962
1	50.0229
1	131.829
1	182.14
1	60.7881
1	147.784
1	99.5594
1	74.9665
1	146.209
1	67.4961
1	48.0894
1	56.6806
1	59.519
1	114.872
1	163.036
1	76.3587
1	52.8601
1	158.586
1	34.3456
1	50.0639
1	70.8033
1	127.55
1	86.0828
1	55.9034
1	164.111
1	156.643
1	141.432
1	92.5787
1	94.7045
1	39.7975
1	148.318
1	112.707
0	16.6057
1	82.4794
1	178.358
1	69.6027
1	115.36
1	64.9443
1	106.192
1	119.596
1	159.998
1	105.587
1	112.56
1	113.783
1	79.634
1	112.831
1	187.25
1	86.6106
1	163.941
1	76.7287
1	71.2335
1	221.978
1	83.7142
1	237.787
1	39.3853
1	159.933
1	152.925
1	95.0752
1	141.642
1	81.4706
1	97.3588
1	105.698
1	86.0442
1	103.718
1	94.226
1	114.381
1	59.4939
1	89.8261
1	112.182
1	166.679
1	131.315
1	181.067
1	118.635
1	79.0451
1	36.9917
1	118.159
1	161.752
1	95.2838
1	76.9874
1	121.645
1	100.939
1	168.367
1	79.8022
1	190.699
1	90.3685
1	147.039
1	169.448
1	56.9959
1	68.0079
1	197.768
1	174.044
1	53.3309
1	92.3627
1	102.267
1	196.011
1	73.9533
1	81.3642
1	220.53
1	86.575
1	109.27
1	97.5768
1	96.7512
1	90.7713
1	156.146
1	43.5845
1	91.1703
1	202.648
1	207.318
1	76.9126
1	102.353
1	122.808
1	242.768
1	56.965
1	74.9645
1	112.4
1	156.996
1	167.892
1	64.6379
1	243.01
1	185.737
1	76.6371
1	116.465
1	109.643
1	67.7912
1	58.3565
1	39.9975
1	83.1895
1	155.917
1	72.98
1	95.8056
1	123.377
1	65.5512
1	73.6876
1	112.375
1	169.658
1	64.5374
1	139.621
1	168.52
1	175.804
1	103.731
1	65.1639
1	103.006
1	159.939
1	95.7519
1	68.5524
1	131.098
1	133.724
1	112.331
1	135.606
1	92.1957
1	59.8305
1	185.611
1	130.473
1	115.883
1	99.5226
1	156.918
1	118.672
1	85.7511
1	94.1113
1	77.3331
1	101.262
1	147.071
1	75.5167
1	94.0056
1	92.2462
1	75.9074
1	81.2619
1	73.8824
1	75.912
1	69.3084
1	116.278
1	63.5738
1	184.292
1	83.2114
1	67.096
0	59.2147
1	104.895
1	71.2196
1	63.2652
1	129.974
1	104.508
1	76.6958
1	60.4619
1	189.097
1	103.807
1	91.6876
1	178.055
1	70.6331
1	109.8
1	111.072
1	181.205
1	148.874
1	26.0434
1	255.216
1	63.502
1	134.387
1	124.009
1	202.063
0	45.1156
1	89.7679
1	139.856
1	80.6456
1	112.038
1	107.347
1	152.856
1	95.4144
1	152.263
1	139.352
1	192.592
1	176.172
1	78.0438
1	65.0928
1	117.886
1	64.4452
1	92.7095
1	131.549
1	81.6344
1	138.143
1	248.833
1	108.027
1	86.8736
1	99.4328
1	163.321
1	105.168
1	108.346
1	60.7663
1	107.687
1	152.539
1	136.818
1	86.9217
1	151.472
1	84.7768
1	249.712
1	120.943
1	106.719
1	135.992
1	111.32
1	125.067
1	88.3872
1	70.9522
1	68.33
1	92.0073
1	117.244
1	167.417
1	121.994
1	95.0511
1	95.0887
1	98.4152
1	108.544
1	115.06
1	262.94
1	127.761
1	104.965
1	272.379
1	94.6278
1	111.309
1	92.592
1	135.335
1	104.088
1	130.317
1	129.22
1	167.665
1	154.189
1	96.7942
1	109.647
1	97.0156
1	199.552
1	58.7034
1	126.968
1	140.803
1	58.7657
1	135.599
1	75.7141
1	65.6534
1	69.18
1	87.9557
1	61.2032
1	55.597
1	77.4762
1	56.0337
1	91.9748
1	103.291
1	115.127
1	136.962
1	103.975
1	66.0869
1	123.777
1	90.2244
1	76.908
1	128.973
1	139.889
1	129.635
1	52.6705
1	142.095
1	91.8789
1	56.2819
1	110.477
1	139.653
1	137.432
1	160.318
1	95.3857
1	104.539
1	74.5355
1	57.6363
1	84.9159
1	96.6344
1	104.202
1	116.448
1	167.995
1	119.452
1	93.7501
1	58.471
1	141.353
1	72.6451
1	132.588
1	197.7
1	156.436
1	95.9304
1	90.3267
1	121.052
1	123.478
1	72.1366
1	103.119
1	106.023
1	83.824
0	0.154077
1	100.149
1	202.062
1	70.8039
1	87.9373
1	108.344
1	218.704
1	143.254
1	263.314
1	70.6698
1	92.4755
1	199.802
1	218.12
1	52.0446
0	4.37826
1	113.632
1	139.621
1	67.3053
1	158.617
1	129.237
0	33.2463
1	56.4636
1	63.0074
1	151.725
1	59.5528
1	90.9983
1	170.842
1	119.552
1	193.22
1	66.4767
1	53.6299
1	85.4929
1	88.9896
1	159.793
1	86.4322
1	126.905
1	112.294
1	116.338
1	91.3236
1	112.424
1	100.808
1	77.9979
1	79.2424
1	87.279
1	47.3277
1	92.7824
1	113.934
1	157.943
1	69.986
1	108.778
1	79.9175
1	82.8685
1	139.993
1	187.676
1	166.855
1	73.5272
1	274.008
1	96.3176
1	83.3319
1	145.693
1	138.446
1	102.651
1	53.5563
1	202.407
1	94.3867
1	180.769
1	283.611
1	61.9286
1	71.924
1	70.693
1	141.051
1	131.743
1	152.758
1	75.7581
1	161.214
1	125.319
1	82.4834
1	164.672
1	120.796
1	56.5499
0	125.456
1	58.4314
1	93.7906
1	89.6709
1	236.605
1	101.529
1	35.8946
1	312.859
1	53.0066
1	18.4786
1	188.115
1	154.723
1	229.625
1	48.1412
1	179.013
1	110.868
1	80.2955
1	135.949
1	75.328
1	67.7237
1	84.3295
1	138.565
1	46.9414
1	44.8577
1	79.5392
1	129.358
1	88.2787
1	165.493
1	72.445
1	90.071
1	70.616
1	137.513
1	54.0325
1	92.9914
1	89.9685
1	136.61
1	108.547
1	87.1263
1	148.358
1	190.243
1	147.088
1	108.348
1	181.789
1	104.25
1	19.9645
1	124.977
1	102.441
1	78.577
1	72.6883
1	99.1507
1	178.883
1	95.8715
1	125.511
1	91.1195
1	152.535
1	127.238
1	119.245
1	139.994
1	178.223
1	142.438
1	157.596
1	50.9886
1	224.607
1	66.1361
0	178.674
1	48.0286
1	53.3498
1	194.842
1	59.4013
1	66.4875
1	115.947
1	118.954
1	48.2002
1	83.3416
1	109.544
1	79.5562
1	78.6697
1	84.6245
1	112.896
1	93.3428
1	236.382
1	103.357
1	83.3001
1	131.709
1	82.2066
1	51.1617
1	106.637
1	144.052
1	126.504
1	156.818
1	90.941
1	103.507
1	93.4423
1	65.0854
1	91.7416
1	59.6432
1	181.365
1	58.715
1	227.726
1	47.7118
1	104.239
1	84.5026
1	108.113
1	161.28
1	68.6717
1	261.476
1	28.8272
1	55.5166
1	155.329
1	50.3024
1	113.184
1	113.81
1	104.789
1	72.0816
1	166.193
1	136.754
1	172.859
1	132.71
1	118.443
1	109.837
1	100.717
1	119.449
1	88.266
1	118.065
1	119.94
1	78.4502
1	68.89
1	200.729
1	152.858
1	184.122
1	203.629
1	93.6345
1	105.958
1	148.015
1	51.6167
1	73.0168
1	131.052
1	135.011
1	108.519
1	191.278
1	113.911
1	149.258
1	207.611
1	34.1887
1	76.3479
1	175.814
1	84.1064
1	78.0107
1	130.845
0	67.5579
1	144.804
1	84.4524
1	113.049
1	75.4297
1	62.3651
1	229.466
1	179.946
1	149.586
1	115.706
1	90.3232
1	182.201
1	93.5602
1	37.6926
1	131.029
1	131.762
1	102.467
1	123.856
1	65.9044
1	104.114
1	132.529
1	41.2692
1	74.8688
1	105.881
1	110.163
1	126.703
1	75.4588
1	118.438
1	152.773
1	163.6
1	34.5708
1	96.8982
1	56.7489
1	85.8171
1	62.7317
1	92.0282
1	192.559
1	152.968
1	146.83
1	154.044
1	120.784
1	78.4101
1	72.657
1	120.809
1	157.186
1	102.505
1	94.784
1	110.429
1	96.7928
1	162.666
1	92.7146
1	177.617
1	57.5877
1	126.711
1	27.5703
1	66.2704
1	114.33
1	114.182
1	128.882
1	144.496
1	143.016
1	86.4454
1	114.785
1	127.755
1	59.5913
1	74.943
1	106.73
1	143.34
1	143.159
1	39.7232
1	66.4836
1	63.3303
1	170.526
1	62.1118
1	99.0578
1	66.2188
1	41.8363
1	75.9491
1	72.1689
1	120.309
1	211.24
1	117.058
1	134.681
1	95.2478
1	75.8382
1	89.3478
1	104.464
1	114.528
1	59.5115
1	70.8437
1	93.382
1	163.222
1	78.5199
1	55.8867
1	200.032
1	65.9976
1	53.2963
1	83.9663
1	64.4224
1	37.7442
1	82.3196
1	91.4569
1	51.6805
1	77.0754
1	105.504
1	223.731
1	128.572
1	86.9016
0	4.64305
1	108.503
1	130.147
1	139.076
1	73.7488
1	106.42
1	108.834
1	91.2244
1	56.3145
1	67.4363
1	38.8163
1	114.242
1	184.463
1	163.372
1	143.486
1	140.773
1	75.9391
1	50.9257
1	74.439
1	95.2911
1	95.2854
1	187.435
1	89.3605
1	138.384
1	56.1698
1	125.644
1	41.4765
1	212.178
1	93.3716
1	89.0475
1	90.2465
1	59.4148
1	98.0089
1	149.199
1	43.6455
1	186.651
1	112.475
1	118.169
1	150.173
1	134.139
1	80.6781
1	111.365
1	46.5096
1	104.51
1	75.727
1	54.1541
1	98.5178
1	128.194
1	79.2965
1	155.133
1	101.821
1	136.871
1	89.7841
1	80.6983
1	81.1042
1	125.276
1	102.198
1	85.9585
1	109.095
1	142.201
1	136.394
1	125.786
1	86.3379
1	53.7552
1	120.592
1	115.587
1	92.1554
1	36.4007
1	126.144
1	228.803
1	101.308
1	127.577
1	86.072
1	146.114
1	167.33
1	167.28
1	144.889
1	89.827
1	108.259
1	204.884
1	112.275
1	203.048
1	52.748
1	66.2676
1	47.5943
1	198.712
1	271.499
1	97.1085
1	139.241
1	92.4038
1	146.522
1	94.137
1	142.569
1	88.8279
1	101.976
1	57.6763
1	151.481
1	43.9404
1	133.955
1	149.803
1	96.6291
1	129.883
1	143.099
1	56.0235
1	129.176
1	140.453
1	78.4485
1	124.333
1	132.237
1	74.2292
1	104.576
1	103.018
1	151.557
1	100.057
1	68.5302
1	77.0299
1	131
1	72.9331
1	129.321
1	217.637
1	65.8075
1	87.6069
1	106.962
1	120.606
1	174.031
1	119.514
1	82.6889
1	112.235
1	154.882
1	73.4498
1	63.0729
1	107.619
1	98.5239
1	89.43
1	117.578
1	100.762
1	77.5683
1	106.726
1	165.705
1	83.2934
1	55.134
1	91.8189
1	174.43
1	305.78
1	65.7663
1	120.911
1	61.0585
1	132.463
1	93.3707
1	116.284
1	209.905
1	119.429
1	84.8213
1	70.1693
1	90.6467
1	99.5018
1	113.553
1	137.945
1	255.332
1	100.405
1	68.1247
1	57.4404
1	79.6711
1	47.1638
1	114.231
1	152.518
1	95.2788
1	163.81
1	205.58
1	61.1177
1	44.8459
1	161.084
1	149.713
1	64.3494
1	110.713
0	12.4302
1	246.277
1	98.8215
1	56.8852
1	64.2678
1	104.418
1	56.1748
1	130.134
1	95.1639
1	112.937
1	139.272
1	99.6551
1	157.074
1	99.6377
1	70.4746
1	62.5766
1	98.2593
1	223.862
1	85.4344
1	85.3178
1	86.1947
1	148.063
1	138.86
1	187.808
1	90.5532
1	97.3268
1	119.454
1	86.4035
1	59.7504
1	163.874
1	147.658
1	110.71
1	119.958
1	83.3902
1	76.988
1	49.4371
1	160.752
1	197.461
1	42.0971
1	149.045
0	7.4832
1	65.0045
1	92.2058
1	130.866
1	76.057
1	147.623
1	135.22
1	47.5219
1	112.807
1	172.023
1	149.872
1	132.141
1	64.0818
1	179.683
1	90.5811
1	113.395
1	131.052
1	203.767
1	79.6432
1	120.049
1	47.9415
1	166.457
1	54.6195
1	94.8407
1	51.9555
1	50.4562
1	85.3301
1	132.676
1	59.7017
1	87.9854
1	131.83
1	100.477
1	108.079
1	76.9836
1	205.679
1	67.0564
1	102.135
1	63.628
1	109.986
1	116.766
1	101.826
1	55.1326
1	69.1067
1	39.0441
1	263.295
1	340.616
1	91.0231
1	160.684
1	137.46
1	123.915
1	89.274
1	85.1886
1	95.0402
1	313.245
1	161.013
1	152.383
1	109.478
1	66.6817
1	122.278
1	165.238
1	111.77
1	78.2088
1	156.109
1	53.732
1	188.786
1	90.8909
1	102.093
1	66.1717
1	139.69
1	75.2737
1	86.7994
1	83.8756
1	135.718
1	103.676
1	163.662
1	98.1763
1	88.8589
1	121.905
1	83.0222
1	158.606
1	84.0186
1	192.446
1	87.7815
1	60.2193
1	150.996
1	94.5912
1	275.985
1	227.228
1	101.803
1	104.568
1	229.268
1	197.562
0	147.256
1	114.054
1	58.7418
1	85.0713
1	131.447
1	76.7201
1	70.7795
1	68.4303
0	69.3264
1	99.8619
1	48.0672
1	144.31
1	104.851
1	83.4504
1	75.2544
1	77.625
1	112.387
1	93.239
1	151.903
1	71.7886
1	45.5125
1	110.736
1	140.913
1	145.964
1	144.954
1	350.184
1	114.783
1	82.3034
1	85.4595
1	73.9948
1	72.0701
1	73.1267
1	68.7856
1	115.65
1	275.155
1	96.987
1	114.874
1	126.024
1	89.9435
1	83.6812
1	138.478
1	152.978
1	135.486
1	68.1892
1	101.957
1	130.041
1	81.1053
1	125.542
1	101.032
1	108.513
1	72.4672
1	61.669
1	64.8057
1	103.832
1	83.8838
1	76.3274
1	86.8967
1	120.503
1	115.906
1	62.7665
1	110.336
1	131.651
1	94.2671
1	96.5894
1	50.1485
1	213.304
1	97.1571
1	118.433
1	130.17
1	163.61
1	97.1961
1	95.8454
1	59.9932
1	87.783
1	89.3925
1	143.022
1	168.797
1	91.3917
1	152.423
1	117.244
1	53.792
1	49.4989
1	85.4557
1	159.167
1	57.4689
1	58.1532
1	85.6832
1	89.9398
1	113.062
1	114.075
1	56.9752
1	80.6322
1	162.945
1	256.485
1	180.981
1	175.966
1	24.8789
1	140.473
1	148.988
1	96.837
1	66.9914
1	126.174
1	89.1831
1	55.084
1	90.7916
1	78.446
1	51.0185
1	71.3033
1	112.18
1	91.8417
1	312.619
1	164.119
1	167.806
1	96.0645
1	112.151
1	101.064
1	96.2183
1	221.175
1	145.31
1	151.255
1	157.126
1	87.6791
1	132.744
1	58.7955
1	80.4466
1	151.69
1	96.7926
1	71.6894
1	121.14
1	83.4687
1	148.946
1	249.794
1	141.692
1	220.757
1	105.045
1	202.578
1	133.225
1	71.1249
1	53.9748
1	78.1989
1	82.4741
1	62.6989
1	97.8249
1	107.462
1	112.893
1	138.574
1	82.0891
1	57.737
1	90.8936
1	131.328
1	66.4744
1	104.745
1	65.7652
1	68.8742
1	41.3369
1	78.162
1	176.52
1	94.5258
1	90.4411
1	71.0351
1	65.4408
1	205.539
1	61.218
1	135.898
1	151.754
1	85.2061
1	75.625
1	84.3537
1	87.4948
1	74.3641
1	145.727
1	58.1277
1	84.8575
1	81.6568
1	97.54
1	49.8138
1	104.273
1	138.036
1	99.244
1	126.761
1	166.755
1	101.483
1	95.409
1	142.861
1	121.261
1	144.52
1	92.16
1	167.63
1	118.591
1	220.896
1	122.204
1	156.325
1	81.2575
1	103.055
1	106.289
1	92.0091
1	88.0061
1	69.2724
1	69.2603
1	136.002
1	114.56
1	199.938
1	85.783
1	76.0143
1	39.0575
1	230.472
1	41.1287
1	126.465
1	52.2092
1	76.9062
1	143.813
1	56.6352
1	97.0473
1	92.7866
1	96.3378
1	47.7063
1	193.143
1	100.015
1	90.6605
1	129.9
1	161.106
1	94.7572
1	115.96
1	151.655
1	139.494
1	97.2851
1	122.784
1	197.106
1	121.835
1	175.866
1	64.613
1	46.1405
1	148.372
1	114.8
1	180.603
1	91.0601
1	100.628
1	182.293
1	73.5141
1	82.3948
1	109.651
1	124.28
1	67.4301
1	202.806
1	106.533
1	95.8444
1	158.844
1	98.2063
1	106.593
1	76.9108
1	105.901
1	62.8869
1	60.0146
1	89.2328
1	103.344
1	111.134
1	130.597
1	149.312
1	141.11
1	112.67
1	91.3491
1	57.7824
1	124.497
1	49.2114
1	52.7822
1	86.5283
1	110.92
1	84.7741
1	105.803
1	165
1	93.4148
1	95.5847
0	18.2282
1	98.0628
1	139.617
1	124.355
1	272.67
1	143.947
1	146.177
1	106.341
1	54.2225
1	103.769
1	43.4685
1	67.0767
1	62.2082
1	85.3541
1	54.8116
1	67.9999
1	82.478
1	109.248
1	135.315
1	158.002
1	141.151
1	79.4429
1	153.335
1	59.1742
1	67.234
1	55.8872
1	80.0463
1	39.67
0	9.6853
1	175.695
1	151.75
1	89.0843
1	139.995
1	96.3722
1	144.133
1	88.1662
1	160
1	52.7663
1	123.5
1	54.614
1	134.022
1	78.0791
1	116.074
1	108.689
1	153.468
1	79.2814
1	50.3864
1	124.309
1	160.924
1	42.7191
1	122.875
1	207.473
1	167.588
1	126.902
1	91.3468
1	117.125
1	91.929
1	94.1955
1	57.099
1	55.5492
1	59.2514
1	49.1517
1	95.8727
1	75.328
1	107.157
1	100.047
1	80.5378
1	92.3895
1	67.8654
1	233.505
1	109.017
1	110.229
1	109.251
1	67.4784
1	88.9703
1	111.877
1	154.456
1	90.2371
1	107.697
1	55.7313
1	103.52
1	110.59
1	123.313
1	80.5154
1	90.4665
1	65.7944
0	44.6205
1	200.516
1	239.014
1	113.034
1	126.367
1	160.107
1	150.784
1	57.6916
1	78.893
1	63.1271
1	43.5811
1	176.969
1	85.6907
1	165.113
1	52.2362
1	61.0335
1	124.992
1	108.361
1	107.892
1	39.5077
1	190.068
1	65.7509
1	97.2629
1	68.0478
1	141.004
1	128.481
1	95.8345
1	121.596
1	73.158
1	180.554
1	116.705
1	93.2595
1	87.0259
1	80.5664
1	66.9475
1	77.0364
1	150.127
1	50.2835
1	48.0687
1	70.5254
1	147.653
1	40.7609
1	86.6426
1	66.055
1	88.0054
1	81.6399
1	86.0545
0	74.1723
1	139.581
1	62.0852
1	56.7093
1	120.099
1	84.269
1	178.852
1	135.501
1	183.117
1	90.6917
1	234.44
1	115.409
1	115.72
1	156.205
1	103.475
1	96.6907
1	96.9206
1	122.923
1	117.31
1	107.024
1	93.9863
1	137.722
1	172.094
1	116.228
1	135.369
1	78.529
1	121.786
1	156.884
1	55.6723
1	72.7594
1	42.4081
1	134.42
1	117.856
1	55.0831
1	177.48
1	68.3724
1	60.1772
1	173.058
1	100.835
1	200.404
1	133.089
1	138.477
1	48.2876
1	69.8831
1	127.646
1	151.259
1	72.1203
1	56.9847
1	99.4654
1	122.783
1	104.165
1	115.269
1	58.3148
1	96.4256
1	114.838
1	121.614
1	190.812
1	69.898
1	108.183
1	181.511
1	103.212
1	152.042
1	110.815
1	112.035
1	76.5862
1	71.1178
1	89.9522
1	118.347
1	118.281
1	91.4554
1	100.652
1	167.807
1	111.381
1	70.0083
1	96.5297
1	92.2401
1	121.348
1	97.7118
0	138.756
1	96.4394
1	69.2253
1	173.882
1	133.429
1	129.834
1	34.035
1	105.001
1	82.332
1	95.5543
1	128.431
1	124.438
1	119.382
1	189.331
1	103.003
1	114.937
1	114.889
1	172.748
1	111.647
1	152.197
1	200.337
1	175.28
1	154.567
1	174.632
1	24.7303
1	93.391
1	203.489
1	55.2388
1	104.905
1	38.1092
1	76.619
1	141.768
1	54.8686
1	43.228
1	84.8203
1	154.892
1	288.343
1	113.19
1	71.0845
1	132.416
1	65.543
1	112.448
1	88.1825
1	44.8529
1	178.786
1	71.9634
1	106.248
1	93.8325
1	109.515
1	138.777
1	150.968
1	86.5399
1	72.8144
1	76.881
1	101.128
1	88.1225
1	115.551
1	108.207
1	177.73
1	58.7727
1	109.282
1	107.348
1	123.729
1	235.414
1	160.273
1	88.3144
1	158.793
1	111.161
1	94.1063
1	87.455
1	109.339
1	107.176
1	66.1152
1	75.6201
1	85.9066
1	56.206
1	123.874
1	108.7
1	91.5527
1	198.446
1	41.233
1	43.8358
1	192.258
1	85.2848
1	84.533
1	135.912
1	135.799
1	167.515
1	48.5072
1	109.146
1	103.226
1	68.0262
1	123.81
1	49.2555
1	140.613
1	84.4372
1	105.238
1	182.428
1	168.151
1	55.8825
1	89.7366
1	54.9516
1	67.6062
1	114.288
1	100.404
1	80.6717
1	71.3101
1	116.478
1	75.9727
1	161.541
1	80.8744
1	77.5785
1	48.083
1	109.91
1	185.441
1	167.321
1	99.0119
1	80.6956
1	87.9953
1	101.91
1	120.358
1	72.0436
1	111.419
1	95.9382
1	97.6938
1	78.3674
1	55.3073
1	172.758
1	114.774
1	151.843
1	59.9745
1	99.4914
1	134.971
1	91.9897
1	63.1062
1	129.914
1	56.5392
1	86.7926
1	54.6276
1	104.56
1	176.419
1	108.875
1	59.6989
1	97.2722
1	133.442
1	97.7815
1	78.8589
1	107.081
1	70.1056
1	165.541
1	127.787
1	133.473
1	178.252
1	107.119
1	156.386
1	73.8646
1	99.1825
1	92.6661
1	223.922
1	75.1551
1	91.0688
1	86.6698
1	116.039
1	103.731
1	73.6489
1	28.6093
1	81.0822
1	117.813
1	60.6541
1	90.4048
1	170.506
1	77.6699
1	88.5438
1	119.92
1	54.4544
1	141.297
1	98.061
1	86.562
1	174.063
1	62.7432
1	129.497
1	101.746
1	155.878
1	91.6347
1	64.6347
1	113.65
0	18.6758
1	73.1333
1	93.4189
1	121.173
1	148.89
1	48.5524
1	108.445
1	193.28
1	151.519
1	137.543
1	58.5679
1	66.7631
1	177.186
1	126.868
1	146.957
1	175.256
1	128.217
1	148.144
1	75.9257
1	100.201
1	129.945
1	106.643
1	55.6485
1	189.056
1	70.0102
1	81.8507
1	43.6954
1	67.9658
1	58.5784
1	46.1824
1	83.7187
1	148.933
1	89.75
1	142.78
1	131.827
1	131.405
1	106.966
1	107.86
1	112.562
1	105.392
1	77.4546
1	63.0474
1	35.7986
1	65.6191
1	69.6712
1	137.481
1	202.573
1	101.114
1	59.4932
1	147.311
1	161.217
1	209.568
1	71.7154
1	69.1134
1	147.378
1	247.933
1	64.8316
1	104.684
1	80.5142
1	230.651
1	118.623
1	130.328
1	98.2308
1	69.9242
1	58.4398
1	203.359
1	72.4095
1	105.856
1	60.8421
1	156.697
0	48.63
1	108.235
1	111.143
1	105.492
1	114.456
1	123.561
1	82.682
1	93.747
1	73.6895
1	174.268
1	185.91
1	114.999
1	130.687
1	94.7789
1	60.9452
1	70.9086
1	180.2
1	54.1011
1	201.835
1	106.185
1	64.6398
1	35.5726
1	157.824
1	101.272
1	120.666
1	140.239
1	123.481
1	123.725
1	92.4445
1	97.0959
1	122.545
1	83.9577
1	83.1717
1	61.3452
1	63.0883
1	133.817
1	54.4089
1	139.712
1	77.616
1	85.8686
1	100.679
1	78.3011
1	90.1141
1	88.7848
1	57.264
1	140.778
1	61.4317
1	136.074
1	73.3424
1	260.391
1	39.5224
1	75.1994
1	63.4825
1	58.1302
1	117.764
1	104.259
1	68.5565
1	70.7089
1	105.125
1	92.5242
1	84.4185
1	141.798
1	27.3796
1	107.554
1	93.9809
1	143.049
1	266.562
1	139.64
1	129.871
1	68.7406
1	199.983
1	99.5053
1	128.867
1	96.0619
1	204.982
1	159.868
1	77.0308
1	236.544
1	161.108
1	140.508
1	48.9083
1	144.506
1	196.466
1	111.129
1	148.629
1	41.7225
1	57.5002
1	134.468
1	114.719
1	16.7765
1	131.12
1	103.594
1	81.3217
1	103.014
1	162.278
1	128.483
1	87.9677
1	372.474
1	44.1792
1	137.349
1	161.924
1	83.8194
1	110.661
1	112.332
1	127.572
1	50.9793
1	100.274
1	83.2786
1	57.9668
1	107.324
1	101.725
1	60.2593
1	146.549
1	98.4327
1	207.223
1	176.873
1	101.562
1	81.5259
1	89.5366
1	143.986
1	150.102
1	107.636
1	77.2165
1	167.314
1	144.39
1	142.18
1	61.4247
1	59.7291
1	52.2116
1	124.472
1	85.9241
1	143.669
1	256.017
1	135.312
1	69.985
1	60.603
1	109.221
1	142.879
1	58.7876
1	73.0166
1	128.819
1	120.955
1	128.291
1	92.1757
1	136.637
1	123.705
1	63.8438
1	101.082
1	148.785
1	93.0717
1	69.0936
1	44.5172
1	102.96
1	165.195
1	98.4563
1	114.06
1	86.9865
1	101.4
1	130.6
1	65.3749
1	70.1327
1	58.8169
1	124.598
1	61.939
1	78.5266
1	66.9115
1	93.6663
1	67.2765
1	62.7937
1	105.069
1	121.795
1	81.35
1	112.455
1	105.04
1	85.2934
1	124.74
1	129.743
1	58.6363
1	257.052
1	126.221
1	63.1258
1	188.661
1	98.1131
1	130.125
1	69.3005
1	92.6756
1	72.3405
1	63.9689
1	106.415
1	80.0802
1	272.704
1	64.1143
1	55.2119
0	6.92954
1	213.928
1	150.705
1	59.5753
1	107.873
1	45.586
1	121.165
1	181.554
1	81.2643
1	73.5837
1	47.0072
1	88.0873
1	113.642
1	38.8415
1	104.113
1	127.852
1	45.2619
1	141.545
1	166.583
1	46.4446
1	188.762
1	98.309
1	118.983
1	106.947
1	114.828
1	71.7872
1	99.1216
1	118.966
1	96.2682
1	92.9391
1	138.585
1	101.699
1	100.861
1	117.753
1	82.7398
1	166.631
1	98.5849
1	145.299
1	68.6517
1	139.572
1	83.0354
1	120.792
1	106.019
1	54.0582
1	94.1058
1	156.283
1	122.937
1	47.1533
1	176.642
1	89.4242
1	96.0929
1	168.972
1	237.759
1	121.187
1	117.541
1	159.319
1	230.105
1	105.324
1	105.548
1	140.678
1	144.97
1	171.112
1	50.6283
1	220.891
1	152.515
1	89.6317
1	118.728
1	155.801
1	118.338
1	137.76
1	112.407
1	108.742
1	67.3753
1	123.563
1	126.163
1	137.034
1	234.391
1	68.0894
1	79.4637
1	54.1233
0	91.0219
1	58.6051
1	187.966
1	73.5211
1	118.037
1	69.3739
1	88.241
1	56.2502
1	170.959
1	50.735
1	157.776
1	37.972
1	141.177
1	75.3083
1	91.5499
1	169.969
1	128.6
1	168.103
1	52.9916
1	70.5803
1	146.796
1	178.489
1	107.794
1	73.709
1	108.536
1	47.3319
1	112.185
1	67.2295
1	45.5867
1	123.934
1	63.3028
1	69.8554
1	110.839
1	163.6
1	123.159
1	174.065
1	73.1751
1	69.1282
1	93.7933
1	188.874
1	113.856
1	109.706
1	287.686
1	117.493
1	146.354
1	99.6807
1	75.1155
1	103.816
1	68.8036
1	109.428
1	90.9439
1	157.334
1	138.151
1	99.2774
1	133.051
1	154.064
1	118.867
1	99.5396
1	50.9579
1	101.248
1	89.26
1	78.1156
1	141.077
1	177.738
1	193.987
1	65.0563
1	220.399
1	98.2847
1	119.813
1	143.947
1	116.342
1	102.999
1	45.5506
1	71.9679
1	180.582
1	36.0648
1	69.6555
1	28.0738
1	80.5182
1	41.9853
1	104.421
1	108.675
1	104.944
1	258.387
1	118.143
1	90.4349
1	73.3676
1	83.1615
1	50.262
1	96.4121
1	224.329
1	107.517
1	155.739
1	54.1968
1	155.55
1	175.287
1	121.436
1	144.983
1	164.618
1	70.2407
1	100.059
1	93.5144
1	83.5576
1	38.5662
1	55.0457
1	83.2573
1	176.857
1	81.0556
1	100.9
1	170.652
1	96.0253
1	103.146
1	107.825
1	127.284
1	113.592
1	214.712
1	54.839
1	68.0503
1	61.5436
1	181.012
1	130.751
1	144.022
1	87.4308
1	138.95
1	114.684
1	106.087
1	195.792
1	171.654
1	64.5744
0	33.6829
1	143.292
1	114.491
1	234.14
1	101.231
1	96.173
1	102.49
1	121.766
1	66.246
1	74.4998
1	39.101
1	65.3794
1	36.8786
1	76.8707
1	42.2124
1	126.19
1	196.757
1	157.724
1	123.081
1	47.0262
0	5.56367
1	99.0874
1	114.304
1	110.446
1	142.329
1	34.4943
1	72.7044
1	62.3988
1	48.525
1	121.356
1	85.1038
1	63.6676
1	68.9512
1	91.6027
1	176.157
1	85.4593
1	93.3457
1	56.8517
1	51.2601
1	68.2016
1	27.7803
1	197.506
1	140.659
1	127.852
1	42.6154
1	128.917
0	24.9391
1	81.4873
1	92.0655
1	112.827
1	82.3631
1	113.313
1	198.077
1	190.559
1	101.086
1	49.7782
1	48.7148
1	190.947
1	169.111
1	83.2779
1	37.2641
1	26.8083
1	46.4612
1	117.032
1	111.145
1	75.2215
1	103.266
1	212.74
1	56.0163
1	137.856
1	129.086
1	93.9175
1	119.419
1	86.5185
1	82.9238
1	120.512
1	169.706
1	84.5615
1	87.2667
1	109.833
1	37.6807
1	108.311
1	123.703
1	147.248
1	109.406
1	118.627
1	47.6045
1	69.2045
1	49.104
1	219.218
1	89.71
1	82.4847
1	113.636
1	234.571
1	87.9321
1	107.143
1	109.564
1	135.824
1	148.815
1	127.865
1	84.2473
1	62.6657
1	91.427
1	109.911
1	82.978
1	72.1191
1	123.044
1	66.4136
0	27.1797
1	86.5175
1	76.1648
1	100.2
1	113.713
1	88.3962
1	157.887
1	246.096
1	45.0797
1	247.73
1	78.0578
1	104.494
1	127.646
1	70.7443
1	107.373
1	163.167
1	175.573
1	73.0753
1	100.842
1	178.598
1	165.194
1	83.2522
1	87.2384
1	62.5083
1	68.9788
1	95.0508
1	132.812
1	122.414
1	63.803
1	88.7338
1	101.179
1	26.8008
1	150.899
1	57.2688
1	80.5711
1	48.8
1	138.777
1	192.314
1	148.103
1	71.3608
1	90.1926
1	206.601
1	115.16
1	72.6388
1	47.8454
1	67.4621
1	59.8664
1	121.657
1	94.909
1	103.11
1	49.9523
1	182.228
1	118.975
1	144.167
1	61.2186
1	51.921
1	114.718
1	45.5301
1	114.268
1	92.0888
1	111.298
1	66.2457
1	53.0001
1	136.151
1	113.853
1	136.415
1	154.268
1	122.718
1	94.8755
1	96.8926
1	158.488
1	102.548
1	72.5684
1	127.681
1	76.7778
1	63.2241
1	141.81
1	92.9236
1	153.589
1	81.6732
1	150.398
1	59.0692
1	65.4552
1	82.0116
1	186.723
1	93.3762
1	154.802
1	52.3812
1	64.8377
1	137.971
1	51.3799
1	210.53
1	121.775
1	94.2629
1	77.3016
1	134.306
1	94.8251
1	114.533
1	104.094
1	94.6299
1	129.544
1	136.786
1	96.5256
1	124.98
0	2.4235e-05
1	55.3398
1	117.842
1	51.5502
1	79.2877
1	116.153
1	157.661
1	52.8779
1	54.0772
1	134.924
1	121.295
1	95.1847
1	79.1033
1	62.1236
1	41.4019
1	86.5566
1	98.5263
1	62.6734
1	61.1572
1	106.326
1	198.997
1	74.5896
1	66.3514
1	72.536
1	208.949
1	71.4499
1	120.891
1	115.712
1	43.5802
1	83.572
1	68.9315
1	71.9293
1	67.1564
1	82.2042
1	79.0898
1	105.074
1	102.076
1	58.0511
1	203.757
1	140.16
1	93.2087
1	51.956
1	72.3861
1	47.474
1	87.2372
1	317.666
1	77.6816
1	127.7
1	135.676
1	84.368
1	220.526
1	79.1642
1	82.4843
1	49.2548
1	59.5375
1	108.344
1	136.943
1	115.849
1	94.7349
1	65.4594
1	93.4123
1	32.0988
1	77.1022
1	110.8
1	82.76
1	59.0589
1	98.6424
1	92.149
1	186.376
1	66.1623
1	129.822
1	167.907
1	68.8921
1	52.5971
1	46.7903
1	115.693
1	99.1685
1	80.1019
1	82.4062
0	14.6931
1	161.11
1	119.79
1	180.29
1	120.92
1	203.564
1	104.031
1	57.4326
1	234.224
1	144.146
1	90.5209
1	59.5373
1	176.52
1	108.87
1	122.063
1	142.575
1	202.964
1	180.486
1	113.156
1	167.954
1	100.032
1	117.555
1	76.6607
1	113.64
1	72.0793
1	192.713
1	104.373
1	90.0875
1	217.379
1	107.482
1	84.6699
1	90.2774
1	40.2333
1	63.6111
1	103.882
1	134.643
1	107.671
1	133.148
1	131.078
1	151.213
1	95.8624
1	142.82
1	123.316
1	182.516
1	85.0642
1	72.6107
1	67.3395
1	186.125
1	138.834
1	104.159
1	122.823
1	100.319
1	67.7123
1	96.8825
1	50.3988
1	176.137
1	69.5677
1	91.1656
1	62.1503
1	148.798
1	106.203
1	124.063
1	121.485
1	124.376
1	67.0973
1	117.335
1	116.475
1	85.0881
1	82.2762
1	87.3269
1	116.446
1	154.919
1	47.1572
1	85.1564
1	140.272
1	90.1758
1	33.4382
1	96.4118
1	61.4172
1	103.698
1	55.9254
1	108.273
1	130.338
1	144.779
1	113.917
1	147.935
1	117.78
1	51.3931
1	74.3263
1	167.474
1	138.269
1	134.591
1	124.69
1	52.1717
1	65.302
1	73.5389
1	129.581
1	171.613
1	107.692
1	82.4793
1	45.6674
1	68.7811
1	95.6527
1	77.6571
1	132.852
1	73.4278
1	146.295
1	19.8879
1	66.9628
1	99.8419
1	152.947
1	157.378
1	72.8021
1	63.9373
1	129.846
1	48.239
1	175.141
1	100.996
1	107.388
1	115.883
1	87.1495
1	190.436
0	56.2829
1	59.0316
1	86.3149
1	76.8077
1	142.976
1	71.5328
1	141.086
1	87.1277
1	85.6685
1	95.412
1	101.538
1	65.3717
1	236.117
1	134.735
1	66.6595
1	53.9278
1	93.1775
1	140.933
1	145.326
1	64.6287
1	270.552
1	91.0429
1	152.37
1	76.0443
1	84.1409
1	89.1707
1	95.8878
1	90.7087
1	74.2585
1	81.621
1	152.844
1	187.873
1	225.138
1	133.115
1	85.5136
1	72.824
1	47.0075
1	129.379
1	73.3725
1	86.954
1	63.5496
1	189.994
1	130.254
1	79.7943
1	185.381
1	81.7772
1	118.141
1	171.869
1	157.273
1	163.828
1	208.779
1	81.929
1	129.198
1	163.868
1	45.0113
1	62.564
1	125.075
1	68.5592
1	113.144
1	81.7817
1	98.8467
1	57.2658
1	241.904
1	130.637
1	64.3474
1	66.2588
1	78.2728
1	321.687
1	173.703
1	151.548
1	144.081
1	124.996
1	167.751
1	91.2395
1	170.492
1	71.6413
1	77.1641
1	119.771
1	146.572
1	119.183
1	93.9037
1	204.848
1	196.79
1	74.9796
1	181.35
1	217.787
1	68.3902
1	127.994
1	97.8048
1	82.4495
1	56.3362
1	107.525
1	109.063
1	108.943
1	104.292
1	72.9538
1	105.561
1	177.654
1	63.3019
1	81.1501
1	74.568
1	128.697
1	197.766
1	113.005
1	142.905
1	124.919
1	152.271
1	157.378
1	73.812
1	93.9493
1	165.255
1	143.3
1	134.187
1	91.4428
1	88.107
1	54.9968
1	60.5691
1	208.579
1	114.53
1	101.32
1	54.0237
1	104.415
1	104.203
1	80.2231
1	105.401
1	142.03
1	77.3126
1	113.54
1	49.2688
1	116.014
1	74.7063
1	170.344
1	141.599
1	109.441
1	141.995
1	39.989
1	151.106
1	78.8365
1	58.5639
1	97.5858
1	119.514
1	236.131
1	84.993
1	59.4314
1	139.233
1	141.345
1	70.3948
1	115.023
1	212.179
1	106.337
1	98.3515
1	62.7472
1	102.628
1	106.192
1	183.308
1	154.148
1	81.5125
1	231.736
1	112.342
1	33.3426
1	79.4522
0	19.4999
1	273.184
1	68.1436
1	121.303
1	123.423
1	49.0448
1	91.514
1	91.9943
1	73.6195
1	158.394
1	159.117
1	60.5636
1	94.4147
1	87.5129
1	110.286
1	99.7761
1	170.39
1	60.9108
1	144.174
1	166.593
1	86.1863
1	67.3726
1	270.551
1	110.334
1	128.55
1	163.505
1	66.2382
1	72.2544
1	106.177
1	49.4535
1	394.224
1	127.332
1	59.2153
1	155.12
1	82.0924
1	99.1795
1	78.5063
1	146.248
1	108.472
1	123.864
1	140.177
1	90.877
1	128.023
1	56.2822
1	94.7824
1	111.662
1	76.2272
1	105.693
1	137.536
1	80.2262
1	97.7586
1	146.158
1	201.149
1	106.069
1	97.7072
1	79.4774
1	103.722
1	231.185
1	74.1249
1	56.1974
1	211.709
1	67.9622
1	91.4855
1	75.7579
1	72.4669
1	77.5829
1	53.8142
1	131.982
1	79.3537
1	76.0583
1	71.8898
1	87.1965
1	182.957
1	192.772
1	60.6622
1	57.2966
1	64.8345
1	98.6887
1	73.6624
1	101.581
1	175.189
1	202.503
1	163.462
1	119.166
1	53.1087
1	52.5798
1	107.959
1	70.2535
1	92.8664
1	83.8553
1	120.612
1	52.724
1	97.6879
1	164.872
1	45.4438
0	54.6271
1	69.7434
1	51.7102
1	115.834
1	128.048
1	115.337
1	225.887
1	127.362
1	100.456
1	121.414
1	252.148
1	103.541
1	129.931
1	102.286
1	46.051
1	66.6714
1	96.4073
1	151.024
1	68.8627
1	78.5027
1	75.9272
1	97.9028
1	121.504
1	138.142
1	131.07
1	82.8467
1	123.372
1	167.931
1	65.1304
1	114.292
1	202.686
1	116.069
1	64.1568
1	62.1107
1	187.349
1	129.247
1	97.3573
1	140.069
1	125.101
1	76.8303
1	83.2503
1	47.7432
1	228.086
1	97.788
1	90.5772
1	91.672
1	92.8745
1	71.4321
1	52.0603
1	81.8002
1	166
1	84.1459
1	124.827
1	41.7771
1	111.679
1	91.9518
1	188.332
1	189.974
1	142.682
1	81.0742
1	171.195
1	65.5562
1	57.1907
1	132.236
1	71.1635
1	242.94
1	76.6378
1	122.482
1	85.7013
1	55.9116
1	94.2526
1	72.4444
1	113.944
1	121.063
1	33.8118
1	190.393
1	76.1056
1	168.883
1	95.5449
1	178.028
1	192.74
1	112.554
1	95.8598
1	80.7879
1	144.117
1	104.517
1	145.486
1	19.5661
1	59.6348
1	133.53
1	77.5135
1	235.397
1	66.607
1	37.4337
1	89.7464
1	170.37
1	167.296
1	126.354
1	143.397
1	102.761
1	105.052
1	79.4179
1	79.3274
1	53.9395
1	117.67
1	131.663
1	65.241
1	90.1707
1	109.571
1	111.96
1	153.573
1	82.0957
1	124.439
1	63.6718
1	136.268
1	110.333
1	84.2742
1	88.3853
1	82.0464
1	145.732
1	125.434
1	155.423
1	75.0689
1	99.1708
1	69.3252
1	132.113
1	202.104
1	101.479
1	75.1079
1	144.934
1	210.766
1	136.157
1	66.64
1	199.13
1	59.9888
1	99.7421
1	112.292
1	77.9471
1	76.0064
1	48.6795
1	93.9333
1	109.386
1	115.907
1	168.554
1	119.397
1	170.785
1	225.561
1	92.5503
1	109.246
1	161.821
1	115.917
1	63.781
1	112.41
1	101.91
1	93.5491
1	56.645
1	110.284
1	115.519
1	59.3874
1	107.427
1	89.8715
1	126.756
1	161.635
1	49.5063
1	153.538
1	72.6702
1	85.2537
1	76.8641
1	75.5951
1	134.124
1	68.6885
1	85.8907
1	103.934
1	187.685
1	102.834
1	176.826
1	183.378
1	147.673
1	271.754
0	3.34828
1	65.9914
1	288.105
1	65.0226
1	122.471
1	101.902
1	153.05
1	150.224
1	147.715
1	96.3317
1	114.449
1	136.897
1	102.667
1	69.0466
1	75.6684
1	117.199
1	180.287
1	121.158
1	135.043
1	64.2336
1	60.3389
1	199.357
1	61.8825
1	66.3027
1	44.7719
1	62.3073
1	90.1141
1	116.196
1	117.057
1	129.982
1	103.626
1	69.0886
1	82.5129
1	107.875
1	98.4381
1	39.6899
1	82.1415
1	150.547
1	118.126
1	54.6788
1	73.0748
1	125.79
1	188.512
1	141.447
1	72.3637
1	126.574
1	168.87
1	75.5571
1	58.6696
1	135.966
1	202.667
1	176.279
1	65.6975
1	174.66
1	79.5239
1	180.724
1	69.7538
1	117.023
1	83.1837
1	94.0038
1	102.593
1	200.116
1	186.489
1	72.8072
1	143.7
1	121.368
1	97.2877
1	140.268
1	66.206
1	104.574
1	75.2296
1	45.3599
1	195.052
1	114.118
1	48.9234
1	124.375
1	191.865
1	207.743
1	125.898
1	74.8242
1	69.0366
1	177.433
1	173.499
1	83.0263
1	185.178
1	91.4096
1	85.9685
1	103.03
1	50.562
1	102.356
1	58.685
1	128.059
1	63.0437
1	84.8152
1	199.667
1	119.214
1	159.864
1	90.5551
1	168.978
1	87.0327
1	54.5271
1	90.5815
1	188.836
1	88.4863
1	146.587
1	110.445
1	97.0793
1	112.159
1	89.1536
1	46.8676
1	223.688
1	85.5557
1	57.1512
1	187.671
1	93.7554
1	97.3857
1	68.7297
1	257.514
1	65.7812
1	73.106
1	80.887
1	79.1207
1	169.967
1	144.012
1	118.159
1	143.502
1	37.681
1	110.652
1	120.949
1	65.9262
1	247.711
0	0.000118357
1	112.786
1	75.7136
1	142.291
1	50.7405
1	96.1398
1	60.2479
1	99.217
1	74.6366
1	79.7376
1	63.9918
1	65.8559
1	120.946
1	120.773
1	105.192
1	81.3223
1	71.4585
1	85.8649
1	155.602
1	143.369
1	75.641
1	166.716
1	124.351
1	131.344
1	68.4762
1	93.6816
1	78.6876
1	88.1544
1	112.992
1	174.625
1	91.0264
1	80.6281
1	130.885
1	191.691
1	63.2746
1	90.0449
1	124.715
1	191.575
1	183.792
1	67.7559
1	61.0291
1	93.5786
1	94.5224
1	116.039
1	81.4084
1	121.913
1	151.126
1	120.739
1	171.185
1	124.487
1	108.034
1	266.844
1	77.5508
1	49.0261
1	63.8195
1	126.95
1	62.2108
1	47.7543
1	97.8102
1	78.5621
1	98.0488
1	78.5967
1	111.686
1	94.2895
1	94.2135
1	86.7233
1	95.6085
1	102.646
1	63.0677
1	100.084
1	113.088
1	120.154
1	77.1748
0	18.9499
1	99.6438
1	161.514
1	42.278
1	132.905
1	195.455
1	135.745
1	163.117
1	234.907
1	86.6866
1	361.532
1	72.4469
1	90.9643
1	101.674
1	88.7604
1	124.322
1	82.3065
1	109.121
1	142.844
1	120.145
1	102.118
1	60.8899
1	67.2559
1	101.254
1	93.4253
1	77.8031
1	74.1284
1	99.4707
1	229.724
1	188.239
1	137.812
1	44.4623
1	110.095
1	95.7615
1	71.6325
1	118.47
1	69.8859
1	104.071
1	60.9408
1	102.734
1	152.22
1	132.319
1	102.212
1	97.0047
1	87.7032
1	69.635
1	253.983
0	16.8505
1	103.494
1	153.334
1	84.7612
1	88.5575
1	68.8675
1	114.803
1	135.838
1	91.4313
1	86.3162
1	101.224
1	178.852
1	63.594
1	135.184
1	114.407
1	169.402
1	100.933
1	112.12
1	122.435
1	106.703
1	120.255
1	185.261
1	114.648
1	106.699
1	73.954
1	41.407
1	350.082
1	338.195
1	78.6421
1	98.6608
1	41.5576
1	97.4387
1	156.092
1	47.4923
1	87.3193
1	67.222
1	92.1167
1	133.195
1	84.1655
1	71.7237
1	78.9718
1	125.978
1	147.781
1	80.9636
1	87.7753
1	104.409
1	156.613
1	185.833
1	80.7079
0	2.13094e-05
1	114.68
1	49.5441
1	165.225
1	195.827
1	66.9259
1	77.2974
1	80.7518
1	167.12
1	67.0273
1	90.8329
1	134.268
1	69.2425
1	111.911
1	54.2177
1	133.749
1	100.95
1	57.0121
1	41.525
1	85.5863
1	121.528
1	277.473
1	67.7786
1	109.802
1	116.202
1	158.493
1	105.614
1	65.1746
1	101.534
1	100.178
1	192.885
1	138.103
1	124.527
1	156.744
1	133.501
1	68.0858
1	95.6527
1	74.141
1	76.1513
1	61.8561
1	79.0679
1	91.5045
1	132.786
1	79.1315
1	95.9389
1	56.4625
1	80.6321
1	116.346
1	89.0015
1	170.248
1	49.1645
1	77.9814
1	54.5568
1	84.3039
1	121.579
1	91.8526
1	206.716
1	224.636
1	37.2054
1	152.288
1	169.606
1	53.445
1	128.582
1	131.938
0	2.38736e-05
1	132.312
1	72.3172
1	81.7442
1	86.9236
1	44.6205
1	69.1554
1	61.1591
1	66.7157
1	60.6544
1	165.635
1	42.2809
1	116.555
1	171.243
1	91.71
1	64.2785
1	104.499
1	163.819
1	81.7422
1	46.788
1	61.2485
1	173.103
1	182.415
1	70.0959
1	92.0622
1	217.649
1	146.791
1	168.825
1	47.7728
1	70.0465
1	128.428
1	94.3093
1	104.308
1	62.3075
1	140.442
1	120.707
1	76.0575
1	63.5828
1	143.696
1	98.451
1	72.8862
1	76.8115
1	72.4943
1	70.8935
1	68.5746
1	63.8781
1	97.4357
1	172.46
1	261.066
1	115.357
1	42.6575
1	145.221
1	189.113
1	125.85
1	141.639
1	70.9239
1	135.427
1	36.7321
1	133.411
1	133.239
1	41.0573
1	102.349
1	174.839
1	121.26
1	94.3812
1	63.2695
1	330.192
1	99.6719
1	87.3617
1	106.141
1	170.891
1	103.04
1	203.511
1	108.606
1	61.4368
1	49.2675
1	90.4056
1	142.42
1	193.884
1	145.522
1	53.2296
1	126.991
1	177.178
1	33.5094
1	83.4665
1	86.7033
1	92.9648
1	75.7399
1	134.362
1	103.092
1	154.38
1	147.529
1	95.6738
1	171.873
1	158.652
1	45.7231
1	138.925
1	118.535
1	163.704
1	96.8676
1	127.457
1	61.4341
1	142.678
1	86.6026
1	97.2742
1	119.675
1	75.3214
1	136.723
1	212.044
1	113.459
1	73.3053
1	126.834
1	114.654
1	46.5348
1	65.4349
1	104.327
1	51.403
1	108.248
1	47.0371
1	134.769
1	163.975
1	100.174
1	129.325
1	85.308
1	105.564
1	48.5723
1	140.975
1	99.8991
1	90.8351
1	169.835
1	71.1077
1	99.1363
1	114.628
1	187.393
1	144.127
1	112.117
1	225.93
0	41.7057
1	125.434
1	134.133
1	74.2799
1	61.6882
1	34.5048
1	161.77
1	102.399
1	95.5772
1	133.716
1	140.943
1	69.4022
1	199.705
1	68.6122
1	103.213
1	104.669
1	131.502
1	77.0369
1	107.922
1	93.4374
1	302.629
1	117.472
1	106.034
1	192.865
1	76.8707
1	169.155
1	120.815
1	122.963
1	65.5529
1	127.89
1	91.2153
1	112.228
1	73.5736
1	270.411
1	102.818
1	114.809
0	1.30463e-06
1	78.4746
1	111.197
1	184.699
1	95.4823
1	77.2305
1	154.31
1	76.5207
1	74.7214
1	55.7525
1	124.419
1	180.761
1	93.24
1	363.252
1	79.6246
1	105.606
1	274.805
1	69.9415
1	182.376
1	152.851
1	57.0721
1	37.2947
1	156.955
1	78.5822
1	72.1654
1	141.584
1	121.277
1	86.4683
1	86.793
1	196.946
1	134.558
1	99.6714
1	87.832
1	154.296
1	56.7999
1	75.0473
1	124.035
1	76.3639
1	73.6988
1	108.117
1	106.397
1	126.3
1	110.44
1	113.105
1	134.11
1	105.857
1	39.9044
1	76.4538
1	271.928
1	100.02
1	59.6447
1	113.795
1	196.272
1	122.656
1	163.125
1	70.824
1	88.5711
1	162.21
1	107.103
1	55.0164
1	110.401
1	125.614
1	113.786
1	162.604
1	56.0059
1	89.0832
1	102.685
1	103.898
1	103.563
1	120.913
1	120.094
1	68.8929
1	34.5598
1	126.432
1	149.237
1	72.9312
1	112.825
1	72.1093
1	125.185
1	118.91
1	124.946
1	39.809
1	62.6851
1	99.9407
1	57.3975
1	43.7595
1	94.4991
1	75.5861
1	67.1693
1	110.185
1	73.411
1	139.884
1	119.684
1	127.101
1	131.618
1	44.6827
1	82.077
1	106.02
1	84.9854
1	86.3512
1	313.381
1	95.8373
1	170.927
1	78.431
1	79.1847
1	112.438
1	307.471
1	79.9465
1	195.197
1	104.469
1	53.6881
1	105.736
1	257.066
1	114.675
1	114.968
1	69.2706
1	108.654
1	100.683
1	101.87
1	67.287
1	100.123
1	145.693
1	249.954
1	121.21
1	104.388
1	163.418
1	64.9092
1	148.606
1	94.9762
1	121.695
1	152.085
1	103.47
1	64.8723
1	100.226
1	57.5332
1	59.0345
1	112.948
1	72.0167
1	103.678
1	145.41
1	68.8803
1	69.2529
1	126.257
1	50.5872
1	48.5393
1	201.56
1	83.0781
1	126.221
1	79.8674
1	121.116
1	91.2549
1	79.7002
1	80.8903
1	141.899
1	44.587
1	73.1659
1	86.9496
1	76.5072
1	68.327
1	112.048
1	75.37
1	50.9254
1	172.587
1	134.703
1	31.8557
1	65.5039
1	147.917
1	242.398
1	76.9533
1	185.663
1	81.4387
1	199.259
1	49.9127
1	79.3866
1	54.5685
1	80.0488
1	158.905
1	63.9163
1	58.8802
1	119.974
1	121.427
1	85.3935
1	89.2383
1	122.858
1	79.8586
1	223.067
1	98.8365
1	51.0585
1	92.8593
1	120.755
1	232.823
1	95.3102
1	116.997
1	74.9769
1	63.554
1	170.593
1	125.155
1	83.1548
1	160.825
1	91.8092
1	104.037
1	121.604
1	108.061
1	125.518
1	86.2031
1	105.448
1	91.3497
1	89.3668
1	85.2273
1	121.263
1	35.491
1	125.727
1	65.5118
1	106.74
1	222.301
1	41.5609
1	161.761
1	58.0091
1	103.779
1	167.516
1	97.0747
1	129.769
1	43.2902
1	109.986
1	203.391
1	42.9977
1	64.3222
1	182.648
1	89.3612
1	70.2639
1	131.541
1	73.9166
1	94.7457
1	101.853
1	22.6053
1	121.163
1	132.819
1	129.835
1	46.0664
1	116.721
1	125.945
1	106.429
1	128.801
1	110.224
1	147.565
1	43.4314
1	54.4831
1	85.7535
1	130.307
1	173.789
1	91.4425
1	112.048
1	75.0043
1	46.6043
1	96.6118
1	123.652
1	116.905
1	121.269
1	190.895
1	88.0061
1	97.3019
1	114.798
1	81.6434
1	281.861
1	191.883
1	43.133
1	142.519
1	141.4
1	84.2454
1	87.5482
1	80.0957
1	85.3032
1	99.937
1	93.8208
1	190.531
1	136.5
1	90.8795
1	72.4926
1	142.746
1	56.7377
1	83.9724
1	208.544
0	30.2207
1	105.253
1	89.1681
1	323.742
1	154.935
1	72.8894
1	52.5276
1	78.6536
1	75.6565
1	76.8777
1	173.719
1	103.005
1	55.1179
1	34.3321
1	41.8582
1	57.9247
1	84.5674
1	155.625
1	150.971
1	150.666
1	208.965
1	79.1596
1	121.967
1	177.993
1	122.998
1	59.5546
1	108.236
1	112.385
1	63.1261
1	131.038
1	70.3265
1	47.3722
1	59.6041
1	58.4392
1	144.601
1	78.7339
1	88.2395
1	124.253
1	122.31
1	123.892
1	110.013
1	49.0064
1	94.6409
1	53.403
1	173.551
1	65.8961
1	148.048
1	95.1364
1	56.2828
1	70.1536
1	76.0073
1	67.7503
1	65.8422
1	140.816
1	136.983
1	141.876
1	100.328
1	116.355
1	156.227
1	146.759
1	120.102
1	95.6199
1	180.042
1	100.878
1	158.477
1	279.781
1	131.011
1	54.7982
1	237.052
1	169.512
1	90.5435
1	59.1141
1	174.823
1	126.83
1	104.021
1	62.8877
1	244.622
1	113.044
1	162.083
1	69.6823
1	79.7754
1	123.504
1	80.4801
1	203.905
1	54.3623
1	98.0773
0	4.00007e-06
1	51.9626
1	112.559
1	50.2805
1	59.7314
1	197.915
1	161.286
1	64.0329
1	264.428
1	62.0646
1	363.157
1	63.5936
1	123.019
1	61.2366
0	9.08837
1	192.5
1	88.8539
1	121.986
0	3.91426
1	66.7743
1	63.195
1	121.715
1	92.7329
1	144.979
1	56.1106
1	103.338
1	80.7996
1	97.3153
1	116.597
1	89.8505
1	141.447
1	70.8244
1	190.755
1	54.497
1	81.2509
1	151.786
1	84.5833
1	35.1742
1	57.2423
1	104.524
1	68.5919
1	78.4644
1	78.8296
1	174.951
1	127.559
1	52.1184
1	87.4706
1	131.38
1	116.497
1	40.5647
1	36.6557
1	133.175
1	254.116
1	112.467
1	82.6029
1	76.6727
1	131.183
1	147.571
1	93.157
1	97.5992
1	81.2374
1	155.261
1	84.508
1	115.56
1	44.1633
1	90.0351
1	150.406
1	102.898
1	109.361
1	67.1731
1	179.638
1	125.525
1	57.0373
1	86.1664
1	52.613
1	63.0033
1	171.456
1	94.2707
1	103.111
1	104.512
1	102.607
1	157.44
1	85.7177
1	132.394
0	55.5246
1	86.296
1	50.5053
1	134.226
1	74.077
1	221.06
1	77.5545
1	134.752
1	55.8156
1	185.07
1	53.9013
1	103.289
1	95.6315
1	134.59
1	80.6327
1	102.532
1	131.101
1	62.4273
1	124.044
1	126.435
1	96.0525
1	54.1218
1	101.069
1	38.1165
1	135.462
1	154.527
1	154.257
1	49.1847
1	83.7166
1	153.077
1	71.2062
1	119.055
1	95.9498
1	150.281
1	41.8935
0	34.3779
1	45.8758
1	61.6331
1	124.977
1	71.7052
1	90.5388
1	48.0051
1	79.3757
1	86.3349
1	98.818
1	127.29
1	131.038
1	92.838
1	76.3051
1	58.7319
1	63.8082
1	152.89
1	89.0018
1	70.7804
1	79.9129
1	39.6931
1	121.521
1	61.8169
1	145.796
1	113.179
1	96.4121
1	44.2453
1	40.5635
1	242.287
1	133.527
0	87.3949
1	209.775
1	199.298
1	70.7228
1	80.2833
1	62.102
1	287.033
1	121.249
1	131.14
1	116.935
1	123.788
1	68.0386
1	131.014
1	126.091
1	82.2321
1	154.038
1	78.0711
1	146.934
1	92.521
1	106.981
1	102.936
1	45.8517
1	128.69
1	80.2441
1	93.7462
1	114.489
1	143.832
1	107.074
1	137.575
1	123.756
1	100.745
1	123.942
1	138.796
1	128.919
1	109.091
1	185.274
1	232.604
1	171.326
1	69.6756
1	248.717
1	198.765
1	90.4848
1	76.6088
1	71.8684
1	51.5734
1	77.7199
1	66.9913
1	87.3369
1	88.295
1	101.011
1	88.4118
1	73.5672
1	95.4663
1	106.583
1	166.255
1	198.583
1	152.428
1	91.7655
1	81.635
1	90.1257
1	125.459
1	80.9527
1	147.421
1	41.1333
1	119.292
1	110.556
1	129.904
1	100.148
1	144.525
1	108.629
1	79.2635
1	76.0711
1	137.699
1	87.9705
1	69.8814
1	250.223
1	151.314
1	115.875
1	60.9992
1	85.9762
1	131.203
1	138.293
1	295.661
1	121.083
1	137.219
1	169.173
1	49.1076
1	83.0471
1	117.001
1	102.279
1	100.279
1	77.3266
1	188.895
1	171.61
1	142.345
0	37.8991
1	57.4631
1	91.6984
1	33.4322
1	86.2874
1	43.5514
1	31.0667
1	264.449
1	68.5154
1	76.1427
1	156.84
1	214.354
1	191.243
1	96.9877
1	45.8216
1	292.101
1	123.068
1	114.987
1	61.4546
1	79.0846
1	70.2858
1	70.9125
1	177.835
1	44.6292
1	97.7902
1	172.871
1	99.5184
1	70.0597
1	159.49
1	40.1241
1	80.1141
1	135.257
1	144.981
1	136.478
1	123.692
1	64.6937
1	66.8069
1	217.264
1	103.364
1	48.831
1	41.2299
1	119.226
1	107.738
1	110.049
1	117.975
1	151.704
1	99.3377
1	75.5503
1	70.6524
1	62.1659
1	50.0113
1	105.533
1	97.545
1	100.614
1	127.516
1	178.45
1	118.326
1	108.505
1	68.0735
1	41.4116
1	121.31
1	37.496
1	78.1296
1	173.744
1	52.2968
1	75.1782
1	262.049
1	78.8216
1	113.277
1	81.1144
1	141.657
1	56.5149
1	132.074
1	64.3459
1	84.7346
1	66.2738
1	59.1752
1	119.085
1	125.457
1	212.419
1	99.1872
1	86.0096
1	113.52
1	59.9312
1	96.9456
0	99.3358
1	91.2499
1	134.367
1	78.7287
1	67.3111
1	60.3595
1	64.8257
1	114.133
1	140.705
1	128.277
1	81.8209
1	144.546
1	108.635
1	51.7779
1	97.1471
1	148.155
1	83.0944
1	122.595
1	104.061
1	56.7249
0	107.871
1	138.932
1	97.0519
1	119.535
1	49.4875
1	92.2655
1	116.422
1	222.482
1	156.411
1	173.615
1	72.9079
1	98.4668
1	72.8753
1	80.0202
1	141.476
1	87.572
1	221.138
1	178.49
1	106.324
1	38.5176
1	93.3386
1	221.15
1	102.825
1	118.911
1	149.696
1	82.6607
1	99.5978
1	94.4249
1	106.44
1	90.8795
1	142.798
1	40.5735
1	253.03
1	53.7778
1	153.922
1	165.634
1	91.6148
1	51.6458
1	66.185
1	119.394
1	105.749
1	111.524
1	63.0264
1	52.0296
1	83.8887
1	73.6608
1	78.6119
1	79.5851
1	93.8776
1	108.993
1	85.8553
1	80.5174
1	106.727
1	128.245
1	110.674
1	86.6928
1	124.875
1	132.76
1	152.818
0	75.3252
1	125.041
1	158.967
1	238.215
1	82.7662
1	120.363
1	151.84
1	116.044
1	130.508
1	89.6822
1	83.614
1	62.3334
1	127.725
1	124.623
1	93.2448
1	61.7248
1	191.848
1	80.3955
1	91.698
1	203.277
1	97.6953
1	131.122
1	123.221
1	107.432
1	132.237
1	148.003
1	201.594
1	87.9937
1	105.914
1	64.9886
1	86.5382
1	122.202
1	81.926
1	62.7199
1	150.736
1	145.851
1	61.6569
1	56.0048
1	141.301
1	152.37
1	41.2149
1	89.1639
1	103.047
1	49.3876
1	145.07
1	78.2106
1	114.398
1	136.048
1	29.1336
1	109.562
0	3.52282
1	122.943
1	129.107
1	113.86
1	111.26
1	121.807
1	62.641
1	63.0929
1	263.634
1	127.327
1	44.7859
1	83.863
1	77.1804
1	45.9818
1	120.416
1	89.4227
1	63.4966
1	140.592
1	182.337
1	77.0117
1	86.1306
1	170.547
1	83.3248
1	93.9733
1	72.2597
1	84.1068
1	182.769
1	171.541
1	117.344
1	170.077
1	44.2956
1	110.187
1	73.413
1	70.7489
1	68.5602
1	93.2091
1	88.8932
1	103.042
1	66.4463
1	47.1801
1	78.3112
1	44.6833
1	109.316
1	112.577
1	79.5146
1	59.4105
1	107.424
1	131.215
1	169.515
1	76.7242
1	32.1187
1	63.6005
1	38.9144
1	106.503
1	61.9514
1	98.4639
1	83.7567
1	113.623
1	133.731
1	125.282
1	105.497
1	114.89
1	101.241
1	123.776
1	129.77
1	89.342
0	4.06453
1	91.0657
1	56.7735
1	190.849
1	104.207
1	73.3348
1	109.446
1	118.579
1	106.534
1	112.822
1	144.074
1	226.356
1	118.233
1	82.0458
1	114.529
1	135.129
1	65.8909
1	232.484
1	97.171
1	61.4427
1	127.857
1	124.79
1	82.3446
1	196.527
1	54.6398
1	67.7654
1	61.415
1	83.1606
1	128.146
1	82.1111
1	116.63
1	146.986
1	120.385
1	133.583
1	56.7205
1	56.3055
1	71.317
1	101.715
1	123.367
1	69.8853
1	106.799
1	223.471
1	54.731
1	141.447
1	121.397
1	85.9629
1	182.588
1	98.9991
1	136.895
1	53.6599
1	194.01
1	126.569
1	70.5538
1	86.2566
1	86.3108
1	110.79
1	137.28
1	98.2245
1	107.138
1	88.4707
1	212.692
1	113.196
1	114.512
1	137.719
1	83.4622
1	93.0582
1	167.415
1	94.633
1	125.409
1	75.7465
1	140.092
1	96.1707
1	70.1473
1	150.832
1	38.7969
1	98.6475
1	101.727
0	62.54
1	129.845
1	79.5536
1	260.433
1	124.727
1	281.013
1	67.0526
1	84.4734
1	50.6713
1	86.665
1	178.814
1	99.8909
1	118.059
1	141.804
1	124.211
1	224.602
1	152.122
1	115.062
1	107.418
1	57.705
1	32.5949
1	45.6995
1	48.83
1	153.05
1	95.7828
1	63.9713
1	77.0147
1	37.5446
1	72.9089
1	109.611
1	110.749
1	88.2032
1	151.572
1	100.925
1	111.413
1	103.45
1	34.2782
0	76.1375
1	142.32
1	71.8648
1	47.8477
1	134.277
1	64.3808
1	75.3469
1	81.5289
1	79.435
1	97.2692
1	108.693
1	68.1536
1	107.988
1	85.9571
1	173.536
1	149.396
1	108.853
1	147.224
1	104.761
1	75.8143
1	146.983
1	62.1489
1	41.0294
1	63.6366
1	66.227
1	88.7883
1	110.99
1	98.0498
1	124.484
1	73.8263
1	119.555
1	126.74
1	107.259
1	157.246
1	103.876
1	93.8491
1	131.138
1	97.1282
1	108.297
1	63.9959
1	68.0237
1	270.977
1	167.661
1	104.078
1	117.68
1	84.1447
1	63.425
1	112.663
1	84.5175
1	116.14
1	115.206
1	143.309
1	81.3151
1	187.348
1	78.3939
1	94.8197
1	88.3113
1	40.2178
0	67.5294
1	56.6836
1	129.022
1	178.999
1	109.237
1	120.916
1	234.784
1	49.3818
1	100.857
1	68.7998
1	75.9429
1	130.215
1	167.511
1	87.8581
1	108.168
1	193.137
1	55.9285
1	132.362
1	95.2338
1	145.438
1	109.186
1	163.037
1	127.999
1	116.369
1	119.94
1	149.528
1	97.9006
1	167.67
1	103.493
1	88.398
1	45.4078
1	87.2625
1	83.6783
1	133.142
1	108.659
1	142.669
1	76.1673
1	94.5557
1	120.113
1	51.8089
1	153.326
1	83.899
1	79.9488
1	119.29
1	84.2641
1	69.7628
1	166.993
1	117.029
1	130.28
1	176.234
1	60.1899
1	85.4484
1	71.1381
1	115.231
1	78.7791
1	104.425
1	60.6861
1	90.3209
1	248.425
1	79.7206
1	97.1522
1	110.6
1	83.8017
1	56.8276
1	76.1576
1	111.193
1	69.3082
1	272.092
1	180.107
1	114.212
1	92.6858
1	107.605
1	57.057
0	4.84021
1	53.361
1	105.365
1	35.2383
1	105.994
1	83.4482
1	53.9608
1	85.2307
1	108.539
1	180.822
1	63.2415
1	302.157
1	189.157
1	114.136
1	94.6794
1	152.09
1	117.005
1	70.6229
1	61.0845
0	51.5317
1	90.5118
1	62.2598
1	155.28
1	90.9612
1	115.739
1	144.149
1	124.96
1	44.0679
1	48.2851
1	99.655
1	51.3107
1	42.5933
1	120.63
1	122.601
1	81.249
1	105.018
1	136.011
1	62.4975
1	102.083
1	83.5921
1	63.0685
1	186.727
1	67.264
1	82.9715
1	60.7891
1	57.5898
1	95.0113
1	147.939
1	89.3553
1	66.6086
1	101.108
1	62.0657
1	105.476
1	122.362
1	77.3198
1	97.3489
1	47.0575
1	95.5378
1	131.531
1	199.472
1	114.233
1	129.022
1	195.926
1	135.911
1	131.97
1	95.3386
1	76.4846
1	120.272
1	108.686
1	43.3624
1	137.843
1	120.486
1	128.619
1	138.986
1	95.2112
1	62.988
1	136.04
1	81.8184
1	164.681
1	131.033
1	72.5992
1	146.254
1	105.906
1	61.7777
1	158.291
1	181.286
1	120.1
1	163.78
1	70.6469
1	94.1217
1	90.0554
1	77.8862
1	83.862
1	151.784
1	93.9877
1	69.2977
1	128.232
1	85.9342
1	52.7013
1	199.373
1	144.588
1	118.194
1	101.287
1	174.935
1	140.833
1	131.377
1	121.406
1	217.639
1	51.192
1	76.7333
1	88.8626
1	96.6206
1	77.9461
1	80.4226
1	80.9421
1	84.7315
1	155.316
1	138.636
1	101.333
1	81.7364
1	44.1399
1	133.669
1	97.43
1	121.354
1	79.6094
1	56.0157
1	72.5199
1	144.404
1	148.961
1	79.5034
1	92.7691
1	185.295
1	114.91
1	113.79
1	97.636
1	70.1047
1	98.0397
1	67.1284
1	91.6657
1	70.9043
1	87.185
1	59.6649
1	92.5016
1	54.3348
1	77.2158
1	67.4098
1	120.621
1	100.545
1	127.42
1	128.631
1	156.532
1	120.619
1	91.7407
1	116.05
1	228.568
1	58.6683
1	102.461
1	106.29
1	117.98
1	150.169
1	106.7
1	78.0174
1	62.3355
1	82.8425
1	96.2324
1	94.2055
1	100.996
1	48.0709
1	262.915
1	159.321
1	102.632
1	124.203
1	89.9444
1	134.852
1	171.736
1	19.9398
1	116.108
1	93.7077
1	67.2038
1	73.7809
1	139.945
1	97.0297
1	75.1515
1	166.344
1	125.674
0	77.2507
1	117.068
1	136.857
1	111.822
1	115.505
1	87.0566
1	113.836
1	98.6407
1	111.374
1	89.8556
1	98.1506
1	82.4555
1	106.695
1	63.2263
1	63.3416
1	128.986
1	94.8437
1	108.727
1	124.092
1	134.756
1	42.3864
1	128.347
1	84.7277
1	149.184
1	112.034
1	119.824
1	184.252
1	192.393
1	73.0575
1	93.484
1	124.013
1	39.8689
1	73.771
1	96.9154
1	115.303
1	79.1325
1	122.284
1	69.0539
1	94.1325
1	135.111
1	93.2915
1	124.851
1	89.8751
1	112.888
1	109.953
1	82.975
1	97.7617
1	105.761
1	90.8604
1	74.2063
1	118.007
1	288.39
1	100.156
1	191.969
1	64.839
1	78.3501
1	178.91
1	101.221
1	125.005
1	110.736
1	59.0703
1	182.24
1	69.5438
1	142.949
1	167.361
1	148.151
1	190.161
1	112.268
1	183.09
1	114.486
1	105.352
1	107.308
1	59.8974
1	190.229
1	133.08
1	104.325
1	54.8265
1	127.695
1	38.3086
1	87.7127
1	130.42
0	29.5279
1	98.7437
1	157.844
1	86.3239
1	53.6987
1	67.6676
1	103.042
1	43.7877
1	132.383
1	96.5312
1	126.375
1	113.174
1	170.886
1	98.5029
0	33.9964
1	130.628
1	145.241
1	136.882
1	69.2449
1	111.429
1	175.142
1	90.6548
1	119.564
1	54.5002
1	51.7827
1	120.349
1	197.359
1	167.196
1	88.7007
1	99.6066
1	53.4314
1	94.8635
1	106.206
1	82.7384
1	100.565
1	87.9061
1	69.3485
1	129.204
0	2.13532
1	60.6602
1	105.018
1	280.997
1	230.053
1	115.978
1	91.8837
1	107.2
1	67.9723
1	46.7198
1	37.4903
1	96.2275
1	88.7036
1	55.6514
1	86.243
1	63.9
1	259.92
1	79.7575
1	96.6421
1	112.651
1	108.668
1	166.175
1	149.484
1	73.8461
0	10.781
1	65.6607
1	183.909
1	65.5251
1	203.822
1	118.542
1	46.2004
1	86.4637
1	74.0989
1	102.426
1	148.347
1	73.4339
1	209.438
1	79.9114
1	174.872
1	97.5254
1	97.5198
1	190.802
1	116.211
1	167.76
1	49.6871
1	102.843
1	95.9828
1	144.704
1	68.5868
1	123.104
1	102.635
1	63.3048
1	25.4552
1	75.2639
1	217.72
1	119.912
0	0.910624
1	143.787
1	165.122
1	115.055
1	74.3647
1	105.372
1	65.6767
1	57.8088
1	123.254
1	92.0002
1	166.506
1	106.726
1	28.7814
1	142.486
1	170.576
1	117.627
1	143.614
1	84.8327
1	97.6994
1	64.1235
1	77.0836
1	83.153
1	167.999
1	54.0255
1	111.906
1	214.049
1	54.9386
1	169.039
1	104.078
1	136.541
1	52.8308
1	90.5769
1	57.6688
1	122.697
1	102.199
1	115.457
1	163.614
1	189.411
1	124.205
1	167.978
1	36.3829
1	91.618
1	98.9862
1	100.008
1	130.644
1	39.7987
1	213.34
1	75.1571
1	77.3134
1	125.727
1	73.1754
1	88.3705
1	39.2177
1	196.886
1	244.175
1	35.0967
1	95.4256
1	63.7628
1	181.506
1	122.988
1	115.327
1	137.862
1	51.2568
1	192.475
1	86.7771
1	130.753
1	88.8757
1	68.8187
1	100.364
1	173.357
1	166.515
1	37.4292
1	153.412
1	88.0069
1	76.6738
1	144.354
1	29.3334
1	62.2211
1	69.5351
1	66.7904
1	106.171
1	69.827
1	243.478
1	310.252
1	82.288
1	53.8349
1	103.395
1	69.5673
1	117.434
1	51.6547
1	92.5557
1	155.71
1	164.702
1	122.918
1	102.495
1	83.0305
1	170.695
1	108.366
1	107.047
1	146.05
1	102.295
1	101.929
1	217.926
1	201.221
1	143.903
1	91.7777
1	108.33
1	62.6701
1	310.435
1	272.964
1	71.4987
1	40.8405
1	101.073
1	116.81
1	259.114
1	72.7817
1	113.908
1	65.3543
1	73.7014
1	67.9344
1	150.782
1	88.6798
1	54.9569
1	62.7554
1	68.4798
0	1.90004
1	98.84
1	70.7906
1	181.792
1	74.3937
1	91.8849
1	163.175
1	199.77
1	56.8382
1	154.182
1	210.556
1	131.878
1	57.9067
1	151.726
1	66.1451
1	64.8602
1	105.804
1	77.8439
1	121.978
1	76.3363
1	151.485
1	88.0087
1	44.6022
0	4.71993
1	127.541
1	90.4597
1	68.7846
1	72.0066
1	113.88
1	100.911
1	79.6417
1	83.156
1	98.0971
1	110.195
1	168.078
1	144.523
1	128.846
1	71.4243
1	81.4754
1	52.0902
1	55.1447
1	73.0564
1	140.817
1	141.278
1	59.2766
1	87.7157
1	96.5392
1	57.1732
1	109.403
1	152.438
1	104.446
1	70.3716
1	81.9765
1	154.862
1	128.193
1	109.809
1	95.9559
1	102.78
1	89.9859
1	88.3161
1	161.406
1	90.5413
1	53.8264
1	60.343
1	18.7185
1	90.9444
1	80.8338
1	96.3737
1	89.2275
1	167.415
1	87.1185
1	105.429
1	39.7864
1	67.1207
1	164.054
1	165.306
1	79.7614
1	124.735
1	123.756
1	113.909
1	149.206
1	69.7273
1	134.779
1	68.2712
1	52.1045
1	74.5097
1	131.335
1	79.1413
1	96.1191
1	115.085
1	211.918
1	54.6276
1	89.1671
1	148.437
1	80.7226
1	267.375
1	100.595
1	33.9294
1	206.092
1	111.147
1	99.3826
1	152.746
1	100.744
1	71.8631
1	88.6817
1	119.427
1	81.1783
1	178.646
1	93.5708
1	76.3121
1	108.715
1	135.407
1	46.4064
1	87.8008
1	141.428
1	88.7706
1	93.7624
1	60.1104
1	156.867
1	87.5906
1	105.033
0	145.888
1	134.539
1	109.124
1	113.361
1	78.7983
1	53.5539
1	153.11
1	169.7
1	99.5665
1	53.5029
1	73.0047
1	76.5518
1	169.227
1	263.092
1	144.665
1	116.166
1	106.301
1	69.1803
1	106.263
1	142.962
1	144.64
1	212.347
1	111.16
1	117.193
1	85.1277
1	127.836
1	100.4
1	120.305
1	74.6629
1	85.5
1	80.6583
1	78.3089
1	76.3156
1	108.659
1	144.109
1	103.604
1	60.361
1	108.881
1	182.398
1	97.6689
1	125.382
1	175.151
1	77.1976
1	76.0919
1	108.483
1	74.3929
1	39.1184
1	66.462
1	163.939
0	8.44415
1	142.624
1	44.7737
1	75.0209
1	81.6587
1	57.7158
1	89.2735
1	40.2012
1	49.3832
1	62.6229
1	115.251
1	29.8615
1	110.455
1	172.087
1	99.3789
1	74.0031
1	88.2151
1	89.7963
1	141.01
1	76.5107
1	177.009
1	127.337
1	80.3376
1	196.355
1	90.7925
1	107.659
1	114.392
1	104.751
1	219.739
1	93.2312
1	49.5692
1	139.318
1	66.9711
1	158.297
1	44.8919
1	53.5756
1	43.5802
1	78.7265
1	164.117
1	127.721
1	120.893
1	146.844
1	125.249
1	110.035
1	81.2
1	67.759
1	147.534
1	75.7816
1	64.9918
1	142.361
1	90.0744
1	72.6317
1	89.0281
1	58.7138
1	40.0082
1	83.9684
1	40.0936
1	126.666
1	188.682
1	102.258
1	152.961
1	140.315
1	105.433
1	109.798
1	110.509
1	126.519
1	64.5875
1	30.5112
1	50.9185
1	76.4023
1	76.527
1	54.2824
1	109.516
1	104.515
1	97.6825
1	83.4229
1	110.059
1	36.154
1	137.297
1	136.958
1	73.8442
1	102.002
1	124.306
1	69.1181
1	116.84
1	86.658
1	89.0214
1	148.089
1	195.152
1	126.436
1	104.419
1	75.2638
0	43.7138
1	81.5465
1	72.9535
1	94.9505
1	83.5297
1	133.827
1	209.701
1	127.538
1	154.597
1	100.338
1	94.6442
1	186.232
1	107.286
1	84.3445
1	83.2964
0	160.281
1	108.54
1	96.7585
1	197.399
1	152.59
1	94.3327
1	129.738
1	54.8277
1	83.5375
1	141.677
1	103.944
0	5.52459
1	92.7869
1	125.363
1	83.9564
1	119.148
1	127.425
1	119.58
1	109.565
1	76.0768
1	61.3872
1	207.316
1	60.3737
1	43.0117
1	75.0002
1	109.478
1	104.759
1	73.367
1	99.4254
1	207.258
1	48.8127
1	80.4054
1	123.149
1	71.8505
1	113.211
1	99.5109
1	140.801
1	137.908
1	177.92
1	82.293
1	60.8282
1	90.594
1	100.737
1	104.561
1	125.392
1	74.9837
1	130.515
1	90.6468
1	156.124
1	126.615
1	90.6582
1	169.759
1	82.893
1	138.146
1	114.331
1	82.5259
1	40.5716
1	91.8358
1	106.99
1	86.0963
1	54.7201
1	96.8747
1	43.2909
1	45.3165
1	68.435
1	81.7233
1	196.831
1	137.046
1	102.246
1	218.139
1	166.477
1	72.4431
1	64.0133
1	96.8192
1	64.6408
1	124.078
1	67.1977
1	96.0616
1	63.4819
1	101.147
1	91.0351
1	130.075
1	101.617
1	160.203
1	173.195
1	56.3703
1	136.142
1	111.222
1	54.7328
1	55.0286
1	96.9735
1	156.437
1	40.9932
1	232.181
1	191.877
1	68.6573
1	106.826
1	110.215
1	124.51
1	339.148
1	106.925
1	85.7406
1	133.663
1	87.9975
1	79.675
1	250.937
1	135.086
1	46.6391
1	96.8432
1	85.4832
1	75.3368
1	103.753
1	74.7352
1	86.6957
1	120.175
1	56.2898
1	172.65
1	83.2909
1	188.1
1	106.24
1	186.709
1	59.5252
1	141.681
1	280.693
1	64.3242
1	123.62
1	239.5
1	78.0916
1	86.3189
1	51.1346
1	114.634
1	165.467
1	56.4212
1	74.2246
1	135.137
1	110.783
1	50.3848
1	167.117
1	98.05
1	173.931
1	255.108
1	181.017
1	49.0971
1	99.2464
1	69.3748
1	56.4399
1	135.821
1	69.9206
1	59.024
1	122.831
1	101.762
1	74.4921
1	72.4602
1	134.017
1	70.0779
1	170.588
1	81.5522
1	93.7755
1	157.32
1	80.2692
1	232.941
1	186.013
1	87.0189
1	117.59
1	64.7012
1	98.5692
1	63.8399
1	190.871
1	30.3482
1	80.3309
1	105.482
1	69.071
1	147.606
1	60.785
1	95.3148
1	204.268
1	174.051
1	161.474
1	132.735
1	193.351
1	131.298
1	198.989
1	88.9354
1	122.055
1	70.1421
1	167.588
1	98.4297
1	63.2939
1	85.4958
1	65.176
1	183.673
1	58.733
1	81.1836
1	118.108
1	113.161
1	203.399
1	244.629
1	76.2519
1	128.657
1	67.9632
1	76.3348
1	191.234
1	114.338
1	110.506
1	113.154
1	89.3596
1	68.2142
1	111.735
1	110.808
1	103.211
1	83.872
1	123.988
1	104.21
1	91.9382
1	94.2909
1	115.79
1	123.242
1	136.206
1	119.978
1	158.525
1	146.806
1	73.3681
1	117.723
1	126.535
1	171.668
1	131.716
1	41.7265
1	111.092
1	93.4993
1	114.378
1	106.574
1	46.3991
1	131.429
1	84.4506
1	68.8231
1	131.554
1	141.229
1	77.4103
1	194.27
1	131.021
1	40.2609
1	134.831
1	161.241
1	177.527
0	9.82505
1	80.8053
1	25.8159
1	63.8283
1	174.374
1	90.1532
1	159.809
1	90.9612
1	58.7417
1	87.0552
1	142.387
1	75.9236
1	96.3894
1	101.722
1	163.017
1	80.392
1	111.448
1	249.97
1	83.0686
1	63.6954
1	84.0841
1	110.372
1	58.8147
1	97.6113
1	49.2433
1	107.306
0	31.9956
1	91.8536
1	84.8367
1	63.6431
1	163.664
1	66.2461
1	85.594
1	87.3905
1	140.51
1	117.097
1	76.3001
1	92.8658
1	50.2907
1	114.329
1	156.694
1	68.4274
1	69.0071
1	106.066
1	163.769
1	59.9182
1	85.0841
1	179.263
1	41.7449
1	51.937
1	100.515
1	78.5911
1	102.517
1	113.102
1	265.616
1	152.373
1	71.7599
1	160.021
1	73.1376
1	39.787
1	178.667
1	246.587
1	81.9902
1	96.4856
1	68.8817
1	175.703
1	125.725
1	113.05
1	112.163
1	184.123
1	75.6383
0	3.79069
1	80.9738
1	78.4109
1	180.843
1	173.61
1	269.087
1	98.4764
1	105.239
1	49.404
1	55.2491
1	69.5206
1	60.8947
1	50.2251
1	89.5398
1	75.0536
1	119.228
1	112.055
1	59.616
1	147.484
1	71.4396
1	154.513
1	33.6961
1	113.492
1	143.712
1	250.689
1	123.651
1	132.884
1	147.279
1	80.0383
1	91.8482
1	101.116
1	150.209
1	242.944
1	114.945
1	163.436
1	85.2464
1	176.5
1	106.685
1	93.0201
1	96.8206
1	129.078
1	96.7342
1	111.036
1	120.336
1	45.551
1	89.905
1	60.1841
1	89.3587
0	23.8841
1	70.6478
1	150.306
1	90.676
1	45.703
1	133.847
1	127.204
1	16.0909
1	95.3656
1	110.026
1	80.7684
1	67.8688
1	120.611
1	113.528
1	51.0137
1	62.6534
1	120.895
1	225.66
1	52.0674
1	114.991
1	116.163
1	71.6305
1	201.29
1	118.713
1	118.433
1	58.8768
1	42.2145
1	62.4551
1	64.3103
1	54.4071
1	179.045
1	67.3372
1	102.604
1	138.268
1	133.496
1	180.41
1	79.9227
1	142.064
1	50.8706
1	133.659
1	59.9167
1	167.295
1	155.531
1	90.6408
1	163.753
1	88.1023
1	246.886
1	254.231
1	80.3253
1	82.0231
1	107.951
1	62.2827
1	104.043
1	51.5289
1	84.8199
1	169.9
1	158.096
1	160.315
0	16.8681
1	110.08
1	52.7755
1	142.039
1	43.705
1	74.6644
1	129.642
1	119.86
1	36.24
1	121.121
1	120.173
1	102.921
1	82.8133
1	74.2585
1	52.8863
1	78.312
1	122.512
1	80.6182
1	163.495
1	160.075
1	48.57
1	143.638
1	152.044
1	190.25
1	77.7082
1	101.269
1	82.4897
1	42.0839
1	140.225
1	161.927
1	341.157
1	148.617
1	88.2158
1	204.237
1	114.742
1	87.968
1	58.4807
1	50.4435
1	91.4259
1	129.285
1	69.5962
1	107.505
1	101.264
1	186.673
1	53.6804
1	186.05
1	87.06
1	73.1756
1	97.4932
1	100.485
1	118.229
1	88.5592
1	31.8495
1	109.483
1	126.451
1	102.961
1	61.0038
1	45.2359
1	230.558
1	74.6828
1	128.284
1	126.171
1	94.6065
1	142.118
1	139.077
1	122.364
1	90.6156
1	99.4889
1	188.294
1	256.248
1	151.854
1	126.022
1	27.7581
1	119.698
1	123.788
1	107.747
1	234.046
1	126.533
1	143.784
1	60.4513
1	104.01
1	154.64
1	63.4552
1	126.961
1	124.875
1	82.7532
1	149.756
1	75.7772
1	56.3758
1	117.125
1	48.028
1	120.27
1	55.0336
1	154.583
1	164.285
1	78.2028
1	88.4237
1	66.0666
0	27.0414
1	135.932
1	100.747
1	132.278
1	75.2555
1	39.2392
1	54.6589
1	143.715
1	112.468
1	67.4619
1	157.555
0	1.64286
1	77.0384
1	79.032
1	71.442
1	136.493
1	75.7287
1	127.949
1	179.167
0	10.3897
1	243.399
1	102.695
1	98.652
1	106.991
1	80.7591
1	90.9164
1	160.767
1	108.6
1	221.533
1	86.625
1	137.469
1	100.808
1	65.5332
1	59.8007
1	73.1779
1	87.8996
1	106.162
1	258.886
1	193.843
1	80.3691
1	110.193
1	68.1611
1	55.9666
1	197.327
1	199.889
1	77.5651
1	104.824
1	74.5789
1	98.8471
1	117.309
1	136.284
1	60.3066
1	51.0993
1	43.5153
1	109.468
1	53.051
1	162.712
1	66.4042
1	69.4044
1	81.3915
1	68.9355
1	82.2066
1	77.6312
1	149.343
1	123.57
1	173.469
0	3.34892
1	141.73
1	80.6513
1	281.425
1	223.179
1	163.161
1	136.212
1	66.9385
1	70.3355
1	77.0652
1	66.727
1	120.425
1	159.773
1	63.9708
1	93.3679
1	215.166
1	67.5756
1	158.174
1	100.448
1	163.764
1	110.741
1	106.182
1	83.1387
1	106.286
1	93.464
1	88.5844
1	141.468
1	49.5364
1	54.7729
1	74.1972
1	52.7763
1	135.047
1	228.4
1	54.329
1	136.516
1	85.6941
1	207.028
1	93.4753
1	67.199
1	157.306
1	53.3553
1	49.6261
1	118.667
1	88.6686
1	93.9179
1	59.774
1	148.447
1	112.356
1	141.252
1	95.5613
1	63.7718
1	59.2723
1	54.7005
1	129.078
1	97.3477
1	63.4346
1	113.427
1	64.3018
1	83.4581
1	135.567
1	89.6874
1	62.2414
1	67.6424
1	176.438
1	108.882
1	118.934
1	69.3582
1	98.5534
1	279.673
1	53.1559
1	249.719
1	138.047
1	82.0718
1	74.5792
1	148.918
1	122.7
1	106.053
1	128.4
1	157.806
1	170.401
1	65.7191
1	192.478
1	93.0174
1	185.69
1	212.846
1	30.9169
1	91.5897
1	151.187
1	86.3479
1	62.4287
1	201.312
1	108.141
1	97.1014
1	109.692
1	138.394
1	143.486
1	238.491
1	120.826
1	53.5313
1	165.977
1	172.427
1	146.256
1	88.845
1	53.6765
1	92.6415
1	80.7819
1	122.356
1	222.71
1	67.4
1	336.027
1	220.158
1	130.372
1	97.716
1	53.9974
1	190.196
1	75.1389
1	47.3794
1	91.9422
1	158.445
1	151.336
1	101.649
1	80.0001
1	94.1368
1	65.5728
1	170.189
1	115.562
1	185.795
1	72.5672
1	74.3253
1	114.564
1	46.7274
1	125.195
1	75.1156
1	66.4247
1	124.857
1	90.815
1	89.5277
1	96.7695
1	43.5669
1	92.512
1	109.061
1	61.1013
1	75.1675
1	238.194
1	34.5213
1	182.9
1	143.13
1	78.7235
1	194.688
1	83.9181
1	84.9695
1	67.7313
1	103.389
1	146.576
1	72.7557
1	109.166
1	37.2467
1	166.049
1	124.251
1	90.33
1	44.2743
1	150.96
1	86.1639
1	128.798
1	122.578
1	110.919
1	62.6482
1	131.352
1	66.27
1	103.569
1	141.147
1	91.7655
1	45.2457
1	84.3135
1	160.205
1	80.5084
1	223.588
1	80.1323
1	116.429
1	173.622
1	107.541
1	60.2694
1	103.852
1	108.581
1	93.3383
1	251.822
1	107.58
1	86.0424
1	86.5377
1	75.6644
1	187.914
1	59.4131
1	131.347
1	96.2318
1	85.6272
1	102.326
1	283.033
1	117.262
1	74.0557
1	116.652
1	163.352
1	135.95
1	160.578
1	66.6993
1	132.228
1	111.906
1	65.3428
1	100.839
1	125.255
1	160.032
1	121.253
1	141.31
1	114.333
1	113.603
1	152.844
1	88.181
1	107.217
1	96.9622
1	70.4397
1	64.2106
1	87.8242
1	85.0817
1	137.847
1	85.1873
1	123.462
1	107.692
1	149.735
1	205.031
1	120.98
1	250.54
1	106.953
1	174.301
1	91.0599
1	91.8941
1	84.7134
1	104.954
1	131.521
1	143.412
1	143.122
1	156.577
1	96.1711
1	107.662
1	189.936
1	168.859
1	67.1147
1	94.8705
1	253.442
1	119.318
1	106.29
1	71.8947
1	120.157
1	87.6028
1	48.7034
1	144.809
1	49.5165
1	114.826
1	65.5949
1	167.797
1	146.112
1	187.85
1	56.6025
1	123.129
1	53.9487
1	67.2919
1	244.386
1	116.416
1	95.2302
1	123.336
1	165.52
1	137.184
1	124.255
1	47.9313
1	83.712
1	45.9918
1	206.14
1	58.0438
1	119.749
1	49.8592
1	117.987
1	118.611
1	259.832
1	103.31
1	120.912
1	62.1057
1	210.671
1	99.2342
1	70.9525
1	197.453
1	207.304
1	93.3333
1	117.587
1	68.7571
1	46.6038
1	45.4634
1	60.2468
1	137.409
1	211.763
1	84.7146
1	64.8925
1	85.56
1	107.735
1	93.8472
1	114.958
1	124.891
1	77.0844
1	176.787
1	96.1505
1	160.855
1	145.212
1	78.325
1	198.398
1	61.89
1	75.2042
1	83.8738
1	83.891
1	86.1637
1	176.075
1	110.575
1	53.2619
1	67.5581
1	145.631
1	106.176
1	110.543
1	63.7103
1	53.5459
1	126.453
1	98.2271
1	94.307
1	105.173
1	54.6392
1	129.963
1	224.214
1	131.249
1	48.2492
0	29.228
1	152.468
1	122.653
1	102.147
1	159.967
1	192.351
1	106.79
1	261.388
1	111.686
1	95.3831
1	71.6472
1	120.012
1	36.9891
1	165.876
1	168.263
1	61.2073
1	203.503
1	25.5801
1	57.4764
1	84.6972
1	70.6161
1	67.4115
1	144.382
1	141.69
1	124.665
1	145.842
1	87.4581
1	78.0571
1	99.438
1	285.603
1	87.4819
1	137.965
1	128.323
1	68.1459
1	67.2301
1	133.511
1	91.671
1	69.6842
1	126.303
1	83.6655
1	140.691
1	158.203
1	130.5
1	98.5194
1	132.637
1	103.717
1	157.474
1	128.714
1	84.2358
1	56.8902
1	139.877
1	64.9868
1	67.3595
1	156.549
1	171.396
1	101.633
1	119.712
1	143.069
1	61.7922
1	38.0614
1	90.4262
1	118.304
1	81.3204
1	118.662
1	143.16
1	62.4681
1	147.835
1	47.3815
1	92.713
1	138.139
1	73.5141
1	167.014
1	106.826
1	60.671
1	119.069
1	63.1805
1	151.997
1	88.4975
1	99.6872
1	68.7255
1	43.0729
1	199.246
1	27.2986
1	171.993
1	45.973
1	100.384
1	70.9629
1	53.1991
1	93.7846
1	101.752
1	52.3172
1	297.48
1	85.1053
1	125.644
1	146.346
1	118.053
1	106.92
1	100.887
1	96.7248
1	97.4626
1	93.7113
1	117.249
1	107.686
1	87.6549
1	120.295
1	151.841
1	151.954
0	26.2311
1	86.7006
1	38.877
1	169.563
1	191.595
1	74.4143
1	156.64
1	71.6141
1	52.7781
1	89.8301
1	104.077
1	74.6934
1	133.889
1	151.384
1	190.356
1	111.664
1	117.366
1	98.688
1	146.122
1	77.5704
1	92.9967
1	156.809
1	67.0041
1	78.4136
1	96.8543
1	178.813
1	147.844
0	132.733
1	101.784
1	144.337
1	109.599
1	70.1621
1	125.497
1	92.0402
1	107.988
1	111.639
1	99.1925
1	129.202
1	59.3821
1	108.374
1	117.397
1	141.773
1	151.946
1	125.474
1	110.116
1	110.992
1	146.261
1	141.894
1	55.7623
1	95.7921
1	149.232
1	48.2877
1	53.8854
1	130.422
1	84.074
1	185.382
1	101.37
1	104.59
1	147.664
1	69.9692
1	124.412
1	30.4334
1	81.8376
1	111.49
1	86.2235
1	73.8435
1	89.4892
1	102.767
1	37.3273
1	117.56
1	72.1275
1	111.986
1	87.9324
1	203.088
1	144.996
1	66.7467
1	98.9616
1	59.9759
1	79.1086
1	68.8453
1	93.6578
1	114.872
1	66.8304
1	167.412
1	75.9585
1	126.265
1	98.6579
1	197.483
1	102.884
1	254.277
1	116.87
1	106.301
1	113.33
1	140.087
1	160.743
1	64.1885
1	169.462
1	63.8997
1	74.1406
1	151.795
1	303.359
1	104.025
1	157.304
1	22.1375
1	49.8024
1	232.045
1	198.332
1	80.781
1	136.012
1	55.1739
1	165.061
1	150.316
1	77.5784
1	83.562
1	158.337
1	134.086
1	110.28
1	98.2038
1	132.945
1	129.037
1	67.394
1	74.4108
1	82.2613
1	94.6988
1	84.0096
1	49.6003
1	62.328
1	76.3574
1	42.4299
1	87.063
1	86.5173
1	79.8813
1	94.908
1	96.9139
1	118.655
1	60.4955
1	207.253
1	81.7961
1	127.475
1	112.353
1	44.9783
1	123.14
1	84.1267
1	106.087
1	185.548
0	5.88974
1	96.6535
1	109.432
1	154.42
1	76.7654
1	91.5622
1	110.38
1	136.4
1	158.096
1	85.939
1	121.36
1	90.5827
1	58.3383
1	102.947
1	123.927
1	124.372
1	69.8493
1	112.042
1	205.391
1	68.8007
1	117.424
1	293.301
1	98.9759
1	25.9362
1	138.076
1	90.8968
1	128.793
1	160.554
1	83.772
1	162.307
1	84.6128
1	68.8964
1	93.4795
1	98.3667
1	84.3121
1	111.709
1	152.288
1	108.011
1	53.6071
1	62.1485
1	59.1001
1	76.2573
1	129.973
1	139.778
1	189.231
1	97.1027
1	82.911
1	108.644
1	90.439
1	265.508
1	123.411
1	96.0447
1	45.995
1	106.509
1	73.1516
1	114.019
1	86.3121
1	88.0815
1	68.7946
1	84.9241
1	58.568
1	80.7175
1	142.232
1	62.8203
1	77.5142
1	160.865
1	25.7797
1	79.6931
1	45.7755
1	95.2289
1	97.0314
1	56.6095
1	136.55
0	1.85706
1	100.384
1	130.976
1	154.161
1	62.4255
1	125.255
1	193.894
1	127.923
1	121.153
1	48.0328
1	114.852
1	122.762
1	83.2179
1	74.8236
1	82.0572
1	84.543
1	75.7441
1	183.994
1	71.3172
1	45.5928
1	305.331
1	40.9178
1	66.2664
1	49.3264
1	57.7244
1	85.9485
1	106.569
1	123.56
1	129.44
1	59.7748
1	110.534
1	172.903
1	116.764
1	84.2685
1	89.2716
1	91.8601
1	65.7066
1	106.193
1	84.8042
1	50.5867
1	110.12
1	54.6844
1	227.045
1	186.051
1	75.3472
1	60.791
1	139.216
1	95.9613
1	48.8109
1	131.175
1	111.75
1	105.424
1	174.337
1	81.3455
1	147.336
1	144.407
1	33.3728
1	113.531
1	142.021
1	78.7523
1	125.75
1	111.685
1	116.238
1	132.317
1	151.173
1	83.4251
1	45.7761
1	142.351
1	103.161
1	87.1784
1	68.0181
1	125.706
1	65.0142
0	108.42
1	123.922
1	116.889
1	195.226
1	79.0381
1	72.4468
1	157.712
1	86.4846
1	33.7837
1	127.644
1	172.905
1	43.6913
1	80.3345
1	139.065
1	51.087
1	67.6459
1	220.286
1	58.2733
1	78.5474
1	131.269
1	80.4703
1	56.2853
1	52.4606
1	60.08
1	160.268
1	73.8664
1	100.689
1	58.4273
1	86.8057
1	83.1359
1	64.7625
1	42.3896
1	164.767
1	68.0183
1	118.908
1	68.4221
1	104.121
1	63.7734
1	118.738
1	63.7248
1	185.471
1	40.2246
1	74.0781
1	105.842
1	77.4019
1	131.331
1	58.6525
1	66.3043
1	126.586
1	86.2057
1	95.6205
1	177.625
1	78.9259
1	154.718
1	163.433
1	67.5551
1	78.086
1	109.419
1	65.9741
1	91.1784
1	92.8593
1	69.7886
0	33.8051
1	91.8885
0	69.0571
1	115.805
1	91.6071
1	124.906
1	143.78
1	83.9217
1	185.307
1	99.1317
1	116.066
1	104.782
1	145.193
1	133.251
1	126.304
1	140.054
1	112.663
1	164.365
1	158.316
1	181.995
1	104.821
1	124.325
1	75.4292
1	121.799
1	74.4491
1	60.1233
1	157.788
1	86.8277
1	97.0472
1	71.6252
1	165.276
1	89.3406
1	101.146
1	42.0431
1	85.3046
1	140.034
1	111.748
1	51.4985
1	52.2904
1	122.73
1	109.498
1	147.848
0	12.181
1	48.6169
1	71.8313
1	143.648
1	46.2078
1	134.952
1	59.3382
1	69.8437
1	193.824
1	36.1425
1	66.8371
1	67.3265
1	78.5021
1	77.718
1	92.5276
1	105.761
1	42.7728
1	77.6553
1	148.293
1	115.146
1	103.635
1	65.7902
1	91.7579
1	106.562
0	18.6778
1	107.446
1	111.041
1	67.6197
1	49.9703
1	88.1948
1	221.865
1	111.534
1	114.23
1	48.2213
1	143.493
1	50.9971
1	140.451
1	118.448
1	179.374
1	105.563
1	107.443
1	96.9735
1	207.37
1	123.19
1	80.3242
1	99.4445
1	75.5067
1	113.059
1	64.0862
1	126.517
1	218.495
1	76.2525
1	109.122
1	82.3768
1	57.2104
1	239.207
1	103.157
1	140.25
1	60.1283
1	123.798
1	74.6214
1	83.0901
1	228.039
1	78.1735
1	193.619
1	116.497
1	130.485
1	105.968
1	74.6639
1	200.754
1	61.7933
1	132.504
1	109.906
1	90.3347
1	168.593
1	68.8798
1	75.6788
1	82.4802
1	72.7938
1	73.146
1	45.0018
1	155.275
1	115.327
1	26.4488
1	79.8511
1	71.4205
1	130.977
1	64.1833
1	206.957
1	140.958
1	91.8412
1	59.0684
1	121.11
1	76.704
1	135.975
1	149.142
1	126.406
1	64.4421
1	116.314
1	41.204
1	64.8128
1	105.147
1	34.0936
1	53.3568
1	144.846
1	118.867
1	91.0226
1	91.9649
1	90.162
1	136.193
1	64.6029
1	137.002
1	95.258
1	94.2825
1	211.987
1	59.4619
1	71.3058
1	37.5574
