10000	1	9900	0.00208333
0.025641	253.595	22640.5	0.0228438	1e-07
1	67.698
1	40.8666
1	78.6254
1	103.586
1	146.471
1	46.3824
1	53.7163
1	106.951
1	138.714
1	129.987
1	68.6443
1	122.738
1	106.386
0	7.79045e-05
1	83.7153
1	87.3937
1	159.309
1	78.4063
0	3.15785e-05
1	71.8546
1	55.9326
1	34.7014
1	109.375
1	55.2614
1	120.21
0	3.55554e-05
1	43.4278
1	190.552
1	165.882
1	141.576
1	116.113
1	54.9724
1	100.683
1	99.7746
1	83.6676
1	103.523
1	71.7395
1	279.3
1	93.6978
1	68.3827
1	84.2445
1	129.982
1	167.717
1	250.285
1	81.3081
1	162.188
1	42.6569
1	150.837
1	99.9756
1	92.4955
1	200.58
1	78.6352
1	243.895
1	142.36
1	147.417
1	88.992
1	72.7218
1	102.204
1	85.6286
1	51.704
1	157.624
1	104.408
1	112.516
1	67.7967
1	100.758
1	84.5487
0	24.2948
1	78.6031
1	147.001
1	79.64
0	0.000134568
1	60.4676
1	60.2398
1	133.283
1	35.0702
1	98.8251
1	71.5811
1	64.0501
1	75.7161
1	119.997
1	112.311
1	112.985
1	219.642
1	68.9226
1	119.847
1	83.8889
1	50.2611
1	114.189
1	168.198
1	118.625
1	88.7358
1	122.536
1	111.509
1	192.163
1	169.146
1	81.2354
1	86.2062
1	68.7914
1	54.2074
1	115.111
1	62.6087
1	105.611
1	44.4004
1	138.192
1	64.476
1	63.656
1	91.8442
1	127.002
1	433.305
1	108.15
1	92.7936
1	95.4193
1	135.66
1	96.1202
1	94.3838
1	151.321
1	96.8759
1	89.3152
1	222.542
1	194.373
1	110.749
1	115.241
1	92.7039
1	117.535
1	118.73
1	189.672
1	105.608
1	254.202
1	67.975
1	87.7543
1	125.459
1	100.238
1	132.008
1	229.921
1	171.822
1	102.315
1	93.5984
1	65.7486
1	91.0683
1	135.636
1	49.2428
1	132.193
1	80.6348
1	69.3505
1	94.2261
0	5.31744e-05
1	145.803
1	82.2077
1	140.02
1	105.178
1	83.6164
1	168.884
1	85.2621
1	99.2042
1	104.519
1	75.4727
1	63.0488
1	254.904
1	110.058
1	139.964
1	132.608
1	69.1567
1	96.4896
1	116.216
1	157.17
1	88.457
1	40.93
1	130.845
1	52.913
1	116.701
1	116.845
1	109.527
1	124.878
1	102.884
1	55.7972
1	88.3457
1	147.278
1	110.357
1	134.485
1	77.1896
1	60.0806
1	55.506
1	73.8405
1	121.534
1	82.3511
1	139.809
1	190.927
1	135.322
1	79.5939
1	148.886
1	64.1729
0	5.38531e-05
1	169.778
1	74.8718
1	93.8986
1	81.2995
1	59.8501
1	124.624
1	77.2775
1	174.336
1	87.8601
1	74.1728
1	108.88
1	81.1376
1	142.894
1	144.92
1	73.1046
1	86.5769
1	118.627
1	141.408
1	123.754
1	85.6238
1	118.406
1	124.314
1	121.085
1	155.674
1	78.7351
1	135.414
1	121.059
1	111.349
1	102.327
1	86.3124
1	109.529
0	6.25754e-06
1	124.209
1	197.025
1	153.101
1	95.3276
1	122.903
1	49.2085
1	190.373
1	58.783
1	172.179
1	238.201
1	85.1901
1	158.87
1	80.2189
1	91.9138
1	125.387
1	69.4509
0	110.609
1	92.4337
1	162.597
1	68.8493
1	121.432
1	31.43
1	72.9389
1	118.066
1	219.91
1	83.2466
1	56.2651
1	196.916
1	192.85
1	200.865
1	144.894
1	144.237
1	113.107
1	83.9309
1	102.715
1	140.906
1	223.711
1	120.335
1	96.9538
1	103.705
1	150.576
1	129.478
1	62.9473
1	158.629
1	175.376
1	129.959
1	149.801
1	56.0056
1	235.642
1	120.221
1	89.7001
1	51.7993
1	110.604
1	120.629
1	140.562
1	223.136
1	92.127
1	162.979
1	205.533
1	124.676
1	56.1477
1	156.013
1	142.285
1	119.043
1	97.7273
1	129.379
1	124.318
1	90.7722
1	94.6285
1	52.3217
1	148.33
1	171.385
1	71.6525
1	215.788
1	108.05
1	81.6258
1	110.503
1	127.398
1	148.463
1	72.0858
1	106.054
1	60.4479
1	105.968
1	83.5373
1	254.217
1	80.8727
1	86.5534
1	108.173
1	75.4297
1	59.5857
1	110.727
1	57.325
1	76.4004
1	56.9471
1	71.7223
1	129.822
1	41.4712
1	49.9123
1	95.2778
1	62.1782
1	76.101
1	59.4345
1	105.285
1	108.789
1	75.7855
1	51.8019
1	151.401
1	104.724
1	76.9975
1	34.0377
1	135.743
1	175.807
1	71.7095
1	129.411
1	205.003
1	54.4134
1	95.2694
1	43.8602
1	98.4436
1	98.459
1	90.2342
1	116.719
1	65.3873
1	110.534
1	88.0491
1	144.229
1	58.0002
1	84.2999
1	73.117
1	283.109
1	81.385
1	96.1259
1	96.6659
1	82.298
1	84.9261
1	152.94
1	146.065
1	107.908
1	134.919
1	127.853
1	118.472
1	440.755
1	117.807
1	105.118
1	73.0066
1	154.328
1	52.1039
1	82.4054
1	98.5252
1	57.6899
1	133.271
1	52.3126
1	87.3447
1	119.892
1	148.806
1	50.0918
1	88.1632
1	59.0172
1	199.043
1	59.802
1	122.888
1	88.6667
1	173.575
1	91.8508
1	88.9937
1	131.062
1	166.865
1	50.17
1	57.9345
1	52.3242
1	170.222
1	55.6428
0	1.18587e-05
1	52.6404
1	85.3412
0	18.8137
1	50.39
1	71.5739
1	48.9587
1	108.733
1	160.597
1	122.129
1	36.5405
1	49.7526
1	139.668
1	138.537
0	9.96702e-06
1	58.8132
1	94.3114
1	222.183
1	168.646
1	80.4249
1	293.893
1	88.8645
1	182.55
1	53.8819
1	103.613
1	110.158
1	140.271
1	64.345
1	148.517
1	57.7206
1	110.325
1	214.443
1	115.975
1	64.1324
1	145.196
1	85.8576
1	171.446
1	77.6833
1	91.1401
1	121.827
1	61.5734
1	108.916
1	130.08
1	74.6208
1	156.802
1	110.775
1	119.649
1	54.4315
1	53.2438
1	51.8898
1	187.616
1	47.0668
1	55.5567
1	101.526
1	56.9154
0	5.72121
1	116.082
1	99.8361
1	116.864
1	59.9373
1	137.498
1	110.364
1	62.1723
1	131.32
1	124.445
1	169.178
1	185.996
1	121.881
1	60.4271
1	132.674
1	114.345
1	59.6568
1	106.651
1	91.3719
1	56.8643
1	161.575
1	57.487
1	112.1
1	127.032
1	78.1288
1	56.1733
1	87.0799
1	76.1947
1	66.4756
1	143.206
1	87.6007
1	78.1198
1	114.766
1	180.428
1	103.667
1	95.8036
1	102.722
1	96.6145
1	78.5892
1	123.385
1	42.7786
1	148.683
1	235.885
1	101.752
1	49.3293
1	116.946
1	148.791
1	69.0189
1	175.124
1	67.5522
1	76.8186
1	109.29
1	50.6096
1	121.554
1	132.471
1	98.0276
1	76.8108
1	64.6021
1	95.9348
1	126.555
1	97.6005
1	180.358
1	165.892
1	74.1595
1	61.5156
1	73.4052
1	182.368
1	102.703
1	106.413
1	112.893
1	123.632
1	93.9801
1	206.419
1	97.9628
1	88.9503
1	97.8433
1	87.6604
1	81.4087
1	192.446
1	118.778
1	114.19
1	141.005
1	66.5545
1	108.363
1	85.1831
1	106.319
1	61.855
1	141.758
1	103.174
1	146.341
1	115.586
1	52.8587
1	69.5023
1	85.8469
1	126.394
1	54.4702
1	386.919
1	153.772
1	145.918
1	68.4276
1	93.144
1	91.8468
1	116.155
1	42.3757
1	96.662
1	67.5901
0	14.5735
1	50.4311
1	138.428
1	111.573
1	251.875
1	101.721
1	149.258
1	94.8965
1	64.6807
1	222.257
1	98.6094
1	143.8
1	103.499
1	47.8511
1	81.1906
1	92.7546
1	67.1403
1	127.829
1	185.716
1	65.1642
1	84.0238
1	176.343
1	92.176
1	119.809
1	99.8354
1	53.1228
1	43.037
1	116.631
1	95.5899
1	117.439
1	137.339
1	73.419
1	171.785
1	167.582
1	86.331
1	51.5532
1	107.957
1	67.4431
1	204.958
1	90.2542
1	174.507
1	112.442
0	9.38172e-05
1	55.7266
1	93.6822
1	91.9945
1	165.208
1	95.3654
1	80.145
1	117.923
1	108.648
1	101.844
1	85.4493
1	66.1511
1	83.7979
1	48.8297
1	49.4452
1	135.443
1	88.0201
0	31.0413
1	87.6312
1	100.819
1	105.212
1	135.984
1	143.685
1	96.3224
1	105.959
1	155.964
1	102.254
1	50.5447
1	71.4732
1	42.6324
1	78.4063
1	54.0063
1	103.04
1	202.908
1	28.6401
1	50.1795
1	66.5496
1	97.0065
1	121.366
1	98.9018
1	81.2962
1	90.322
1	93.707
1	66.619
1	203.169
1	173.525
1	105.321
1	124.944
1	80.1205
1	107.652
1	71.7159
1	152.49
1	120.697
1	42.9197
1	179.835
1	154.475
1	289.849
1	93.1307
1	54.0879
1	48.9824
1	137.077
1	44.2384
1	150.249
1	151.338
1	65.0781
1	102.861
1	122.171
1	105.976
1	139.459
1	96.7108
1	61.8943
1	170.042
1	160.196
1	68.1583
1	151.931
1	124.607
1	88.9472
1	183.698
1	64.5602
1	137.356
1	107.782
1	191.262
1	131.968
1	138.589
1	112.622
1	225.947
1	82.9494
1	125.417
1	101.893
1	111.453
1	112.963
1	77.9511
1	64.5549
1	125.006
1	63.0901
1	71.8764
1	181.043
1	126.19
1	159.835
1	48.7334
1	140.329
1	86.4956
1	126.026
1	76.16
1	71.3281
1	59.763
1	76.935
1	124.339
1	98.6207
1	118.46
1	130.791
1	173.392
1	159.608
1	124.938
1	80.4038
1	61.5014
1	110.163
1	75.7023
1	113.886
1	119.419
1	126.749
1	64.2661
1	107.606
1	65.8606
1	73.7402
1	74.8915
1	62.8565
1	136.91
0	10.3538
0	8.14453
1	66.5464
1	104.251
1	53.2037
1	101.518
1	60.5808
1	66.9786
1	107.708
1	38.6018
1	169.256
1	120.607
1	139.032
1	74.5068
1	93.5631
1	231.447
1	113.163
1	118.51
1	78.827
1	131.977
1	51.0631
1	86.6012
1	134.426
1	138.212
1	70.5452
1	183.194
1	89.8805
1	67.0646
1	162.213
1	230.773
1	89.5807
1	97.8216
1	57.5132
1	148.728
1	61.9612
1	151.313
1	96.9244
1	64.3033
1	123.207
1	166.965
1	234.11
1	141.624
1	193.093
1	191.036
1	131.024
1	118.991
1	107.795
1	117.194
1	56.3179
1	84.1724
1	95.3612
1	143.262
1	43.2007
1	64.4789
1	88.0114
1	79.5989
1	76.9877
1	89.3031
1	118.989
1	95.1079
1	118.258
1	51.9035
1	134.7
1	68.0648
1	87.5705
1	53.1888
1	78.1083
1	138.057
1	131.949
1	33.7581
1	114.619
1	313.41
1	55.5514
1	105.479
1	161.912
1	105.692
0	2.3982
1	55.3416
1	132.447
1	128.005
1	87.0308
1	100.659
1	143.855
1	80.97
1	111.358
1	76.9617
1	110.616
1	131.701
1	95.267
1	191.07
1	107.515
1	160.774
1	80.3917
1	129.094
1	159.209
1	101.608
1	103.158
1	39.9944
1	38.803
1	121.678
1	86.7456
1	81.4814
1	75.6914
1	119.332
1	107.256
1	95.0747
1	113.988
1	150.917
0	65.6125
1	289.472
1	79.0014
1	74.4995
1	59.7306
1	161.506
1	106.516
1	99.7012
1	83.923
1	66.8213
1	131.518
1	101.704
1	132.354
1	109.313
1	67.2193
1	80.4344
1	61.5041
1	52.9263
1	99.9964
1	100.039
1	196.694
1	121.037
0	4.90871e-05
1	146.672
1	69.2525
1	63.8263
1	115.166
1	96.2941
1	152.814
1	45.0277
0	7.11823e-05
1	199.354
1	219.763
1	77.7794
1	84.0013
1	107.842
1	95.0159
1	136.235
1	200.346
1	49.4378
1	193.536
1	96.9918
1	61.4013
1	207.503
1	97.2403
1	287.717
1	145.845
1	140.229
1	161.855
1	70.4617
1	103.061
1	202.299
1	85.0709
1	97.1295
1	182.354
1	214.926
1	39.4075
1	38.6368
1	100.279
1	152.329
1	201.959
1	169.852
1	139.423
1	65.006
1	92.4836
1	85.1415
1	71.1008
1	60.7213
1	57.4431
1	36.4783
1	116.562
1	77.029
1	122.364
1	129.644
1	110.464
1	115.015
1	77.8403
1	67.5307
1	55.4799
1	41.0263
1	46.1847
1	39.8044
1	155.98
1	172.437
1	129.381
1	63.5431
1	129.669
1	70.3036
1	37.6122
1	126.688
1	118.558
1	104.184
1	151.758
1	114.742
1	84.5818
1	106.991
1	69.1371
1	111.624
1	51.5132
1	70.8274
1	56.5403
1	139.043
1	97.3621
1	91.5003
1	93.0131
1	121.951
1	123.051
1	100.975
1	69.8459
1	76.4847
1	84.666
1	204.91
1	86.3874
1	71.5415
1	111.166
1	105.732
1	132.472
1	79.5063
1	46.3324
1	174.687
1	56.8895
1	82.3119
1	121.097
1	67.8853
1	104.157
1	98.6582
1	100.749
1	126.389
1	173.368
1	99.1076
1	162.627
1	78.5185
1	109.179
1	115.891
1	39.0484
1	125.638
1	197.914
1	148.369
1	166.299
1	72.5478
1	126.828
1	61.5948
1	143.156
1	64.0111
1	26.3779
1	69.7786
1	185.954
1	98.8456
1	54.4999
1	100.448
1	149.062
1	172.622
1	177.961
1	124.582
1	268.67
1	107.289
1	48.266
1	161.873
1	135.856
1	96.2877
1	88.5302
1	56.3998
1	158.161
1	167.26
1	106.426
1	125.695
1	173.448
1	187.902
1	159.279
1	125.615
1	76.2518
1	98.7397
1	114.891
1	114.173
1	48.0131
1	61.2046
1	78.9535
1	112.954
1	62.8606
1	171.048
1	94.5842
1	96.7384
1	94.5506
1	105.943
1	87.9149
1	228.001
1	125.979
1	280.552
1	70.8971
1	83.9815
1	103.73
1	86.6103
1	70.8006
1	92.6843
1	172.437
1	160.017
1	213.242
1	105.27
1	95.2035
1	162.153
1	142.475
1	121.311
1	28.3105
1	123.949
1	136.133
1	38.9773
1	66.3612
1	188.34
1	55.5289
1	78.3377
1	136.094
1	111.155
1	137.866
1	109.148
1	116.663
1	151.323
1	103.825
1	112.075
1	99.9813
1	176.17
1	190.361
1	202.71
1	117.452
1	61.6381
1	94.276
1	77.3923
1	80.8478
1	92.6673
1	111.041
1	127.18
1	88.7822
1	62.7823
1	65.551
1	65.6888
1	121.641
1	139.144
1	194.423
1	181.713
1	101.296
1	135.388
1	67.1463
1	188.031
1	206.503
1	152.045
1	60.8966
1	115.909
1	80.4408
1	138.722
1	83.3931
1	52.1199
1	157.088
1	201.792
1	84.516
1	55.1384
1	84.8117
1	99.3453
1	155.945
1	51.2917
1	94.945
1	295.14
1	127.217
1	212.867
1	102.619
1	65.0938
1	56.2508
1	108.971
1	73.4177
1	165.265
1	100.594
0	80.619
0	103.514
1	101.49
1	102.123
1	137.897
1	75.7924
1	65.4622
1	134.558
1	103.929
1	124.861
1	191.907
1	112.886
1	173.622
1	141.005
1	130.346
1	55.5999
1	45.7526
1	102.345
1	134.439
1	135.633
1	182.775
1	167.906
1	160.028
1	166.803
1	87.6136
1	106.065
1	209.086
1	80.9093
1	135.212
1	202.435
1	73.1221
1	112.406
1	55.3539
1	155.382
1	155.903
1	122.929
1	102.676
1	272.183
1	27.8921
1	110.237
1	84.8354
1	79.4001
1	113.33
1	101.85
1	107.413
1	90.4127
1	74.924
1	113.324
1	114.389
1	103.353
1	182.731
1	163.636
1	54.675
1	171.157
1	54.4155
1	92.4996
1	101.365
1	114.558
1	90.4478
1	95.4136
1	88.6379
1	169.01
1	92.9056
1	62.5084
1	80.8575
0	8.25305e-05
1	168.84
1	71.6354
1	46.483
1	83.1856
1	231.309
1	164.944
1	47.6632
1	57.7176
1	137.932
1	176.513
1	107.334
1	114.998
1	55.9243
1	136.547
1	61.8128
1	99.676
1	96.4517
1	111.656
1	141.831
1	174.696
1	94.7715
1	242.123
1	120.944
1	132.681
1	88.6167
1	95.1406
1	93.6507
1	41.1662
1	184.489
1	145.588
1	64.8214
1	153.537
1	64.3561
1	91.7924
1	78.7958
1	69.0887
1	107.331
1	74.8841
1	75.9572
1	171.009
1	73.9436
1	89.588
1	284.784
1	108.011
1	80.8275
1	75.1138
1	135.642
1	95.1892
1	131.014
1	71.2355
1	112.202
1	182.948
1	68.906
1	40.5039
1	92.117
1	100.065
1	151.959
1	84.4244
1	121.398
1	150.014
1	54.1216
1	123.652
1	65.5151
1	120.235
1	120.286
1	72.5033
1	138.672
1	135.046
1	62.1773
1	160.795
0	21.6839
1	154.684
1	88.6398
1	140.162
1	84.8012
1	221.959
1	103.837
1	123.656
1	82.929
1	81.0755
1	46.1731
1	157.418
1	138.238
1	131.312
1	63.0666
1	70.2444
1	102.173
1	208.245
1	84.1173
1	89.9392
1	92.9808
1	78.7408
1	145.106
1	107.077
1	168.137
1	260.098
1	110.054
1	50.8058
1	133.321
1	35.5909
1	134.539
1	77.4034
1	64.5938
1	109.767
1	91.7066
1	98.6085
1	181.534
1	142.759
1	138.804
1	53.1789
1	213.444
1	235.688
1	112.288
1	51.865
1	107.817
1	43.1469
1	92.8907
1	60.3331
1	112.472
1	93.8229
1	83.257
1	73.292
1	54.7732
1	58.3557
1	87.2688
1	128.394
1	54.6726
1	145.845
1	102.314
1	107.305
1	145.604
1	102.078
1	82.7526
1	105.474
1	209.836
1	130.024
1	76.7296
1	76.2434
1	74.637
1	66.3633
1	178.271
1	97.5718
1	50.8129
1	148.799
0	23.1055
1	65.1659
1	115.187
1	158.401
1	138.599
0	1.23236e-05
1	62.5692
1	79.6969
1	64.7606
1	78.1484
1	171.753
1	145.002
1	124.808
1	117.22
1	39.5342
1	148.719
1	89.4035
1	161.467
1	99.6454
1	151.181
1	106.38
1	85.129
1	131.426
1	166.198
1	126.901
1	100.48
1	74.6513
1	62.7606
1	92.4656
1	74.0306
1	125.732
1	110.685
1	88.9265
1	81.5547
1	79.943
1	115.655
1	218.69
1	69.864
1	124.933
1	160.977
1	65.9027
1	90.967
1	33.3345
1	137.192
1	191.709
1	60.1876
1	98.1265
1	153.435
1	193.158
1	130.714
1	111.851
1	155.059
1	142.42
1	160.748
1	72.56
1	106.165
1	134.683
1	239.448
1	147.462
1	84.8268
1	57.8026
1	181.455
1	93.3042
1	171.947
1	78.1457
1	90.2083
1	83.8675
1	123.318
1	135.374
1	59.7887
1	27.1084
1	110.428
1	197.283
1	38.4974
1	114.022
1	104.106
1	32.042
1	63.5205
1	146.462
1	80.2426
1	104.528
1	105.849
1	66.4052
1	93.7025
1	90.0389
1	92.5879
1	66.7814
1	116.019
1	172.089
1	64.0977
1	62.0892
1	102.42
1	57.5825
1	147.77
1	172.794
1	146.749
1	45.351
1	67.9061
1	156.898
1	49.195
1	115.561
1	77.4134
1	72.2421
1	70.2677
1	84.0715
1	341.484
1	134.995
1	136.472
1	129.377
1	109.473
1	168.352
1	181.314
1	91.1924
1	110.555
1	92.142
1	97.9533
1	80.2024
1	38.607
1	86.6668
1	92.2157
1	116.154
1	46.2007
1	163.072
1	118.695
1	132.02
1	100.394
1	110.847
1	138.107
1	110.477
1	115.862
1	151.989
1	63.3808
1	61.513
1	54.4163
1	127.827
1	87.4926
1	82.8859
1	176.086
1	86.4792
1	86.4783
1	117.278
1	109.936
1	98.8473
1	69.0101
1	64.0482
0	60.9426
1	47.01
1	188.985
1	40.3856
1	69.6105
1	163.657
1	96.4091
1	131.258
1	74.101
1	72.2923
1	114.13
1	87.5201
1	149.128
1	59.6749
1	77.9722
1	235.416
1	29.0002
1	74.5614
1	92.975
1	79.8078
1	71.1699
1	64.3083
1	123.086
1	90.1229
1	66.6289
1	146.19
1	110.937
1	89.4449
1	124.148
1	180.513
1	72.1636
1	44.4293
1	69.7272
1	96.1988
1	249.14
1	73.301
1	189.544
1	170.015
1	74.8101
1	116.214
1	72.5223
1	61.3189
1	122.474
1	199.272
1	172.046
1	235.263
1	172.129
1	160.12
1	114.234
1	153.247
1	84.0339
1	52.0563
1	92.2799
1	88.341
1	199.741
1	57.5462
1	160.929
1	70.4402
1	145.633
1	132.719
1	112.529
1	116.246
1	70.8123
1	128.062
1	121.183
1	121.499
1	119.11
1	57.9876
1	128.336
1	151.658
1	127.612
1	75.0733
1	101.991
1	93.0684
1	154.866
1	31.8907
1	78.3278
1	63.1579
1	114.667
1	105.136
1	110.537
1	129.369
1	45.8395
1	109.839
1	226.402
1	82.9381
1	67.4017
1	79.1791
1	99.0762
1	135.982
1	112.519
1	152.981
1	207.464
1	136.485
1	71.6514
1	205.227
1	75.5085
1	61.1127
1	74.4026
1	118.01
1	59.1693
1	115.536
1	126.135
1	78.0046
1	63.0098
1	60.1173
1	103.396
1	49.9132
1	84.6787
1	69.4674
1	103.617
1	99.9612
1	128.61
1	83.3729
1	93.2056
1	126.407
1	87.0006
1	115.418
1	163.897
1	172.469
1	89.9486
1	98.9099
1	46.6121
1	120.569
1	49.451
1	97.9566
1	57.3236
1	74.6404
1	89.8435
1	172.579
1	99.8063
1	139.708
1	60.2777
1	70.5889
1	164.207
1	70.7289
1	79.5656
1	64.6523
1	187.714
1	102.916
1	76.243
1	77.8669
1	103.637
0	16.6987
1	96.976
1	50.8183
1	198.257
1	89.4168
1	206.977
1	175.831
1	97.4193
1	109.379
1	48.3276
1	244.614
1	185.191
1	147.963
1	67.9853
1	47.5412
1	127.825
1	149.031
1	163.78
1	105.003
1	103.96
1	59.7733
1	85.7077
1	28.3899
1	63.5303
1	126.974
1	147.577
1	68.8767
1	151.718
1	220.274
1	177.339
1	66.9205
1	138.346
1	175.246
1	62.2544
1	53.9779
1	65.9416
1	95.9501
1	101.77
1	79.6846
1	90.3174
1	156.851
1	110.467
1	67.4145
1	211.525
1	95.5455
1	177.537
1	117.398
1	73.7913
1	121.043
1	120.362
1	89.5956
1	202.028
1	170.52
1	136.828
1	60.6896
1	152.45
1	84.0096
1	38.3709
1	169.417
1	57.33
1	147.389
1	101.629
1	87.944
1	168.254
1	88.7268
1	99.9895
1	102.176
1	87.2257
1	67.8058
1	174.916
1	76.926
1	206.19
1	50.6873
1	81.1701
1	104.469
1	43.5726
1	154.179
1	91.6671
1	125.753
1	42.2318
1	107.367
1	100.52
1	54.4648
1	96.2686
1	71.8216
1	128.33
1	72.7541
1	170.98
1	212.653
1	92.463
1	146.244
1	101.885
1	141.78
1	122.579
1	136.6
1	131.141
1	206.879
1	61.5058
1	74.5466
1	130.667
1	134.019
1	92.5263
1	69.5992
1	138.2
1	224.201
1	78.2497
1	66.1685
1	148.166
1	224.33
1	120.983
1	102.99
1	122.865
1	82.0817
1	155.189
1	138.387
1	127.914
1	70.8602
1	115.773
1	305.264
1	91.4706
1	82.6404
1	132.77
1	58.1093
1	70.2482
1	51.964
1	59.3768
1	55.8445
1	161.077
1	131.911
1	123.762
1	270.602
1	67.7665
1	108.592
1	65.2821
1	128.009
1	86.2779
1	207.478
1	93.3246
1	101.581
1	120.104
1	81.6095
1	121.058
1	66.4958
1	187.007
1	227.16
1	84.4321
1	102.014
1	117.055
1	103.63
1	96.3833
1	141.717
1	164.69
1	135.069
1	109.69
1	83.5768
1	109.42
1	86.1516
1	99.8373
1	63.1732
1	103.326
1	47.7247
1	217.094
1	92.2089
1	70.2466
1	76.923
1	160.144
1	46.7595
1	178.022
1	55.613
1	62.9515
1	84.4388
1	62.6364
1	56.3888
1	110.296
1	167.689
1	110.632
1	236.743
1	115.785
1	78.7448
1	75.1991
1	100.15
1	86.2904
1	200.696
1	142.02
1	119.065
1	107.715
1	179.487
1	199.9
1	44.847
1	168.179
1	111.987
1	92.768
1	22.9196
1	178.281
1	100.769
1	196.321
1	123.75
1	92.4288
1	71.8553
1	31.6235
1	77.9549
1	212.074
1	95.6725
1	43.4597
1	93.5423
1	157.182
1	138.405
1	50.454
1	121.466
1	172.068
1	61.874
1	156.706
1	156.374
1	80.33
1	112.022
1	235.815
1	89.5288
1	71.567
1	115.053
1	103.609
1	90.5785
1	68.4806
1	106.281
1	133.285
1	60.0516
1	64.5486
1	196.658
1	156.291
1	63.0993
1	147.887
1	157.416
1	70.7235
1	136.38
1	132.198
1	100.687
1	110.826
1	44.5994
1	69.665
1	152.022
1	109.012
1	63.0057
1	69.4743
1	50.1972
1	149.926
1	102.126
1	78.3824
1	72.6538
1	137.137
1	105.619
0	4.61803
1	118.897
1	118.159
1	125.326
1	66.6816
1	84.8257
1	63.6733
1	108.941
0	120.064
1	132.686
1	51.0443
1	206.52
1	133.257
1	128.818
1	60.9628
1	111.129
1	147.956
1	92.837
1	131.809
1	151.064
1	100.543
1	201.886
1	99.4313
1	81.3226
1	104.398
1	166.077
1	119.728
1	77.4918
1	116.335
1	134.915
1	102.66
1	33.4601
1	93.3077
1	119.035
1	115.193
1	90.2732
1	98.9258
1	66.8569
1	101.209
1	79.5975
1	93.4523
1	72.8738
1	44.7983
1	38.6152
1	129.992
1	160.61
1	66.2526
1	94.8774
0	6.58762
1	120.328
1	158.345
1	66.5293
1	34.9817
1	195.446
1	62.9706
1	168.463
1	64.4624
1	118.623
1	148.063
1	62.7646
1	62.56
1	72.5279
1	83.7764
1	137.245
1	52.3925
1	254.938
1	42.9861
1	96.8586
1	102.575
1	54.5412
1	208.309
1	115.264
1	103.776
1	89.6218
1	52.8447
1	84.1121
1	61.6834
1	70.3484
1	83.4645
1	94.6034
1	139.762
1	39.5998
1	159.654
1	85.8335
1	190.125
1	114.736
1	90.3354
1	61.0586
1	207.445
1	197.284
1	152.938
0	9.12309e-07
1	110.66
1	109.942
1	112.048
1	75.8191
1	100.003
0	3.51009e-05
1	94.4405
1	174.48
1	108.459
1	137.277
1	107.026
1	116.887
1	109.303
1	121.423
1	69.232
1	67.7277
1	103.557
1	133.873
1	123.519
1	120.088
1	66.9255
1	100.295
1	89.3721
1	112.766
1	85.65
1	140.987
1	63.6942
1	142.395
1	138.187
1	101.983
1	63.3395
1	120.224
1	140.33
1	127.888
1	198.522
1	182.391
1	82.8617
1	55.5207
1	72.4965
1	60.2355
1	114.05
1	139.236
1	153.016
1	83.0455
1	171.586
1	80.4118
1	86.8621
1	120.37
1	111.024
1	80.2756
1	124.55
1	50.2017
1	61.9428
1	131.531
1	60.4336
1	265.594
1	205.708
1	131.257
1	110.01
1	65.083
1	123.076
1	108.359
1	83.0679
1	149.037
1	84.3896
1	210.611
1	68.4205
1	155.219
1	118.114
1	106.566
1	119.63
1	267.185
1	122.805
1	137.444
1	172.23
1	35.3875
1	76.9407
1	63.6127
1	55.8126
1	284.884
1	128.188
1	82.0205
1	101.185
1	104.747
1	68.354
1	79.2885
1	84.687
1	77.293
1	231.081
1	304.174
1	191.342
1	72.4258
1	129.138
1	101.313
1	86.0512
1	178.504
1	138.017
1	122.596
1	60.1927
1	84.74
1	67.7017
1	227.663
1	55.2054
1	86.3892
1	64.1661
1	180.031
1	73.9559
1	126.669
1	118.168
0	2.80558e-06
1	86.2656
1	54.1909
1	58.4044
1	56.7944
1	97.4715
1	94.7164
1	94.5444
0	23.6726
0	6.46152e-05
1	174.712
1	64.8989
1	78.2315
1	80.3063
1	100.939
1	170.478
1	34.2648
1	56.2694
1	112.742
1	144.94
1	54.9396
1	313.161
1	104.352
1	85.0738
1	93.7326
1	68.7554
1	145.22
1	54.7914
1	100.672
1	134.038
1	86.4941
0	84.7576
1	104.377
1	74.2686
1	163.2
1	85.8768
1	66.3882
1	166.18
1	171.782
1	67.7863
1	90.9261
1	89.6719
1	124.374
1	147.213
1	165.689
1	74.6588
1	95.0371
1	192.025
1	96.7407
1	108.635
1	128.28
1	73.5708
1	136.353
1	154.093
1	115.694
1	122.805
1	105.892
1	122.112
1	197.115
1	117.887
1	66.0389
1	139.942
1	48.9002
1	63.9656
1	78.4822
1	135.002
1	153.52
1	55.1891
1	124.23
1	215.417
1	128.141
1	71.4184
1	52.0777
1	85.6124
1	86.857
1	104.733
1	146.8
1	69.8906
1	110.998
1	187.139
0	18.6316
1	110.055
1	137.233
1	62.6098
1	106.936
1	143.258
1	173.417
1	82.9927
1	181.701
1	84.0812
1	157.271
0	45.7707
1	125.6
1	177.149
1	101.394
1	185.581
1	35.7767
1	86.4843
1	166.322
1	134.727
1	145.224
1	47.644
1	174.1
1	47.2256
1	116.124
1	140.521
1	139.886
1	164.99
1	99.8755
1	194.601
1	80.3712
1	161.115
1	87.6094
1	304.041
1	122.988
1	89.1066
1	104.56
1	67.9599
1	152.364
1	120.231
1	261.628
1	74.1763
1	98.9983
1	89.8842
1	81.0606
1	83.6506
1	61.1841
1	82.7304
1	66.8244
1	94.001
1	131.846
1	65.0032
1	129.752
1	110.357
1	59.8498
1	42.8586
1	60.6967
1	108.78
1	142.836
1	80.3186
1	81.2186
1	117.461
1	195.877
1	82.8718
1	64.1541
1	120.379
1	70.5272
1	63.8524
1	109.183
1	62.3301
1	55.6455
1	173.358
1	64.1937
1	96.935
1	82.5736
1	62.0249
1	92.7999
1	81.7637
1	93.3613
1	172.531
1	198.397
1	222.39
1	102.133
1	72.6738
1	83.2833
1	152.586
1	115.192
1	147.801
1	69.174
1	107.368
1	111.205
1	184.893
1	96.8846
1	64.095
1	96.4195
1	172.704
1	157.194
1	75.6167
1	107.555
1	116.609
1	106.923
1	70.6947
1	131.579
1	102.346
1	121.025
1	66.923
1	84.2132
1	73.234
1	56.5841
1	54.1496
1	171.083
1	49.5954
1	67.2873
1	131.435
1	90.952
1	229.848
1	134.182
1	83.617
1	52.9942
1	38.9854
1	136.285
0	16.647
1	118.676
1	66.7322
1	140.601
1	104.189
1	47.3037
1	57.0612
1	161.1
1	33.9147
1	113.014
1	143.259
1	231.772
1	181.472
1	71.5654
1	81.5291
1	94.0054
1	127.188
1	201.751
1	111.444
1	96.2245
1	64.6119
1	74.5923
1	106.7
1	50.2128
1	92.8716
1	44.4214
1	122.034
1	63.9768
1	49.7582
1	119.564
1	88.1241
1	105.637
1	63.718
1	96.9517
1	206.53
1	130.035
1	77.578
1	127.171
1	132.146
1	74.1504
1	237.032
1	69.4884
1	61.958
1	104.641
1	68.7112
1	135.289
1	53.5239
1	106.594
1	111.133
1	68.5832
1	90.0024
1	118.731
1	181.156
1	126.736
1	96.8794
1	77.3783
1	93.209
1	88.1016
1	173.267
1	162.991
1	88.4194
1	89.6395
1	100.196
1	172.997
1	69.7289
1	98.9395
1	188.852
1	94.4123
1	84.7813
1	98.2165
1	123.941
1	154.476
1	120.63
1	100.238
1	50.3187
1	181.664
1	91.6529
1	81.3686
1	157.852
1	244.596
1	90.1823
1	86.8412
1	54.204
1	96.0804
1	72.0651
1	122.824
1	198.181
1	118.28
1	171.833
1	52.5827
1	35.0888
1	106.729
1	76.0095
1	157.818
1	68.3346
1	145.418
1	90.7793
1	159.63
0	8.17884
1	163.854
1	50.7487
1	125.17
1	62.7506
1	92.9369
1	40.4982
1	102.04
1	121.737
1	100.784
1	344.653
1	107.132
1	69.4036
1	77.5862
1	57.9747
1	32.2988
1	268.373
1	187.846
0	61.8184
1	58.1774
1	115.137
1	72.4914
1	82.04
1	122.132
1	50.0837
1	96.0739
1	93.2873
1	144.769
1	33.6943
1	146.974
1	156.107
1	136.43
1	52.349
1	65.61
1	160.341
1	96.525
1	158.034
1	155.953
1	132.094
1	58.947
1	61.0942
1	101.033
1	137.513
1	95.9463
1	162.821
1	67.4377
1	34.1379
1	80.5233
1	190.684
1	108.454
1	89.2275
1	89.008
1	118.97
1	54.2479
1	106.973
1	126.716
1	110.435
1	90.463
1	103.241
0	6.0988e-06
1	199.675
1	58.1674
1	102.645
1	129.843
1	56.9599
1	143.594
1	133.204
1	112.773
1	149.972
1	123.81
1	47.9103
1	118.447
1	213.731
1	134.984
1	65.2152
1	95.7368
1	101.465
1	75.6426
1	67.6842
1	49.0085
1	68.9049
1	155.8
1	73.4285
1	115.254
1	88.9898
1	141.427
1	51.7195
1	125.007
1	170.3
1	121.652
0	32.6616
1	234.614
1	177.252
1	132.994
1	98.3991
1	97.1565
1	167.081
1	106.714
1	34.6223
1	47.7101
1	66.7706
1	73.6883
1	118.631
1	220.102
1	198.283
1	105.82
1	91.5012
1	79.4928
1	103.096
1	204.369
1	153.562
1	67.6505
1	105.653
1	52.2873
1	124.051
1	99.6612
1	69.3404
1	142.475
1	99.5757
1	48.9819
1	209.878
1	82.4917
1	59.3789
1	111.966
1	78.5369
1	140.489
1	70.2631
1	88.4859
1	92.5548
1	162.191
1	240.411
1	81.0998
1	74.6686
1	138.399
1	71.6801
1	143.982
1	53.4399
1	139.676
1	193.067
1	60.2438
1	100.422
1	81.4786
1	81.7073
1	72.0454
1	83.6227
1	73.4831
1	136.049
0	1.65531
1	47.1549
0	19.6723
1	142.906
1	67.3145
1	149.254
1	85.7501
1	47.7282
1	111.026
1	73.5992
1	123.861
1	162.376
1	134.302
1	49.9739
1	91.9919
1	117.928
1	80.5041
1	104.574
1	125.856
1	209.32
1	107.288
1	44.1145
1	100.114
1	103.771
1	115.179
1	79.1607
1	110.522
1	100.284
1	211.979
1	146.412
1	169.582
1	96.9991
1	74.666
1	53.4522
1	83.0766
1	134.594
1	71.8381
1	160.814
1	100.675
1	63.7075
1	143.859
1	105.541
1	70.8359
1	95.7397
1	70.0257
1	65.3
1	111.891
1	67.5714
1	87.9171
1	123.393
1	192.1
1	122.768
1	127.468
1	63.9894
1	111.543
1	53.5416
1	64.6739
1	101.979
1	56.9793
1	116.318
1	65.6384
1	89.054
1	41.6913
1	165.814
1	59.8947
1	67.9049
1	114.402
1	191.047
1	333.837
1	119.776
1	53.4359
1	114.303
1	79.7201
1	164.155
1	63.305
1	108.167
1	53.4439
1	300.6
1	103.669
1	119.505
1	89.2786
1	98.7254
1	105.586
1	137.837
1	131.344
1	169.926
1	125.823
1	114.215
1	60.0833
1	101.03
1	108.374
1	121.845
1	104.191
1	180.815
1	56.693
1	151.372
1	98.1803
1	96.3809
1	63.2228
1	62.7164
1	104.246
1	107.026
1	66.3731
1	57.4494
1	60.9336
1	132.242
1	65.0077
1	79.1917
1	126.618
1	76.9024
1	63.5762
1	136.303
1	103.931
1	137.305
1	238.538
1	109.286
1	105.264
1	95.9123
1	113.855
1	55.5968
1	96.2344
1	125.94
1	236.308
1	48.3228
1	99.6825
1	108.346
1	77.9834
1	91.0756
1	186.218
1	224.482
1	101.502
1	163.998
1	117.72
1	69.4955
1	95.6525
1	87.5977
1	95.2639
1	121.887
1	62.7536
1	49.3534
1	102.982
1	50.5818
1	104.984
1	131.267
1	80.8452
1	110.615
1	91.0417
1	105.521
1	205.46
1	103.778
0	3.1703e-05
1	90.27
1	84.3377
1	82.1054
1	129.363
1	132.831
1	142.83
1	161.08
1	117.724
1	95.3596
1	135.662
1	159.611
1	54.9364
1	78.5196
1	91.4959
1	81.9371
1	41.4959
1	114.224
1	43.9939
1	160.738
1	96.8672
1	97.4908
1	101.513
1	73.556
1	51.1436
1	83.7185
1	89.4632
1	145.744
1	139.507
1	162.215
1	36.4757
1	123.027
0	12.3216
1	163.762
1	103.874
1	149.69
1	99.5129
1	106.071
1	161.216
1	140.905
1	146.084
1	113.362
1	101.066
1	85.8429
1	114.312
1	91.4978
1	94.9502
1	172.438
1	112.018
1	89.589
1	63.4923
1	43.634
1	32.8302
1	179.765
1	110.576
1	108.158
1	81.3109
1	115.033
1	121.073
1	69.6848
1	72.4398
1	186.584
1	173.843
1	106.785
1	75.6367
1	80.9773
1	106.209
1	60.3238
1	52.3879
1	61.2057
1	66.4875
1	177.528
1	133.954
1	91.5746
1	161.029
1	222.24
1	44.5922
1	76.9689
1	105.432
1	105.829
1	86.7144
1	123.748
1	29.9921
1	102.303
1	140.825
1	79.8394
1	87.5256
1	147.848
1	150.514
1	76.3195
1	72.668
1	96.0516
1	92.5417
1	42.6716
1	100.161
1	93.4352
1	113.296
1	82.6576
1	77.2175
1	195.062
1	83.5228
1	248.033
1	80.7219
1	80.0941
1	137.603
1	111.273
1	164.023
1	74.1106
1	130.206
1	76.0457
1	46.9561
1	60.5356
1	109.5
1	99.5039
1	159.671
1	153.248
1	91.8338
1	154.034
1	83.7572
1	83.9956
1	205.92
1	196.895
1	89.1962
1	60.5946
1	138.087
1	166.371
1	99.8455
1	149.556
1	58.1679
1	162.709
1	77.6025
1	91.2685
1	91.371
1	108.582
1	303.109
1	66.7467
1	167.721
1	115.422
1	111.643
1	63.3296
1	118.685
1	66.8618
1	55.8494
1	131.943
1	71.3788
1	102.43
1	84.998
1	206.177
1	170.871
1	120.566
1	49.9539
1	116.564
1	145.158
1	109.68
1	197.224
1	218.279
1	64.9801
1	59.0428
1	95.8662
1	238.086
1	119.086
1	107.115
1	36.6803
1	96.8901
1	89.1987
1	71.4746
1	124.076
1	136.832
1	91.2581
1	114.963
1	171.085
1	140.661
1	168.758
1	112.33
1	73.1475
1	73.9499
1	167.729
1	97.5068
1	248.98
1	51.1885
1	58.4767
1	185.238
1	58.1125
1	146.045
1	67.8516
1	61.711
1	105.43
1	75.1602
1	135.798
1	141.235
1	150.593
1	191.728
1	90.014
1	73.3676
1	126.268
1	112.622
1	58.2953
1	249.569
1	93.1235
1	127.289
1	136.349
1	113.405
1	94.931
1	131.318
1	132.776
1	186.162
1	72.6417
1	129.86
1	119.605
1	89.2034
1	168.098
1	65.0669
1	194.898
1	142.543
1	72.8339
1	205.911
1	79.5097
1	78.5223
1	158.184
1	61.1839
1	73.4613
1	25.5804
1	98.5871
1	50.3286
1	77.8643
1	171.539
1	122.795
1	281.713
1	126.731
1	121.545
1	93.8964
1	132.813
1	60.0996
1	94.5421
1	115.064
1	63.6315
1	159.562
1	118.525
1	109.863
1	155.466
1	61.8405
1	161.807
1	91.1281
1	126.056
1	98.5694
1	123.667
1	118.687
1	110.65
1	56.3534
1	209.807
1	108.494
1	154.531
1	110.43
1	110.355
1	62.7802
1	62.2795
1	120.032
1	298.405
1	94.7302
1	146.61
1	78.133
1	87.2565
1	179.093
1	101.668
1	136.824
1	201.595
1	47.4894
1	128.125
1	209.207
1	186.777
1	101.873
1	132.366
1	132.836
1	91.2538
1	128.536
1	178.37
1	132.639
1	104.425
1	263.36
1	110.818
1	69.2515
1	138.425
1	97.2335
1	118.932
1	41.0946
1	81.6093
1	200.862
1	84.5482
1	66.2267
1	116.515
1	57.3872
1	103.146
1	79.0569
1	64.8752
1	151.092
1	250.488
1	84.1592
1	115.731
1	90.794
1	112.529
1	50.8823
1	83.0714
1	148.261
1	64.9096
1	128.516
1	91.79
0	41.4382
1	154.308
1	103.828
1	100.542
1	188.169
1	114.389
1	70.0321
1	76.7358
1	79.3016
1	92.5249
1	99.3027
1	98.3705
1	129.505
1	112.71
1	191.072
1	69.6381
1	159.834
1	141.49
1	103.345
1	91.7031
1	77.2753
1	51.2701
1	98.9147
1	62.2058
1	132.815
1	103.767
1	132.621
1	87.4161
1	138.28
1	91.2398
1	84.0094
1	119.955
1	59.4945
1	189.487
1	191.314
1	104.009
1	84.0056
1	70.7286
1	120.212
1	53.507
1	63.0469
1	65.7716
1	68.7189
1	33.16
1	98.5104
1	200.68
1	150.846
1	61.0048
1	94.4482
1	51.873
1	109.506
1	70.6666
1	64.6224
1	129.012
1	57.2726
1	53.5949
1	51.5776
1	139.251
1	178.428
1	115.905
1	128.431
1	73.2372
1	103.468
1	81.3936
1	192.477
1	265.814
1	50.0903
1	166.097
1	101.574
1	64.6159
1	185.854
1	67.4038
1	100.207
1	107.977
1	63.5079
1	80.129
1	147.282
1	79.3888
1	241.142
1	123.645
1	145.741
1	132.031
1	77.3089
1	124.123
1	82.0109
1	112.107
1	204.406
1	126.391
1	125.899
1	49.7751
1	84.087
1	63.4027
1	237.597
1	87.3987
1	129.837
1	51.091
1	86.2521
1	79.4846
1	83.9865
1	107.647
1	109.29
1	110.117
1	236.303
1	100.025
1	85.9019
1	144.744
1	66.5257
1	103.812
1	72.664
1	66.4265
1	69.433
1	77.2459
1	121.088
1	102.045
1	150.069
1	80.5907
1	91.5465
1	68.9567
1	185.319
1	152.195
1	125.04
1	156.005
1	45.4689
1	76.5942
1	114.746
1	110.608
1	48.572
1	123.799
1	122.546
1	108.656
1	71.9453
0	88.3309
1	93.1823
1	36.8542
1	146.156
1	41.8497
1	149.605
1	110.301
1	110.235
1	57.0422
1	198.466
1	295.061
1	102.515
1	84.9427
1	120.172
1	139.81
1	130.563
1	127.707
1	51.353
1	108.067
1	139.654
1	123.173
1	89.8205
1	62.2316
1	83.0792
1	63.7301
1	62.5928
1	99.1933
1	68.6588
1	201.212
1	67.2513
1	182.383
1	178.204
1	70.7692
1	68.0973
1	116.298
1	98.8487
1	145.064
1	108.411
0	3.10853e-05
1	49.4113
1	200.723
1	87.7751
1	116.653
1	156.249
1	147.897
1	42.9945
1	71.1269
1	158.44
1	25.4464
1	51.4665
1	99.8671
1	96.3961
1	52.9658
1	101.268
1	96.3217
1	89.7651
1	141.526
1	211.518
1	38.5166
1	102.213
1	83.0191
1	116.292
1	130.176
1	217.423
1	151.479
1	67.5074
1	111.525
1	91.5125
0	1.40491e-08
1	128.681
1	53.1488
1	112.525
1	129.521
1	46.8014
1	130.638
1	44.9745
1	122.247
1	149.551
1	146.138
1	117.991
1	167.891
1	52.1755
1	80.1264
1	88.0597
1	181.313
1	77.9551
1	21.1414
1	153.799
1	110.919
1	94.2462
1	212.086
1	127.598
1	120.8
1	125.05
1	154.637
1	81.5682
1	128.509
1	142.226
1	119.169
1	132.88
1	123.588
1	117.736
1	101.299
1	176.412
1	123.961
1	95.9207
1	105.191
1	251.018
1	45.523
1	70.6021
1	126.158
1	145.491
1	144.055
1	103.433
1	112.943
1	116.637
1	116.716
1	95.1827
1	130.648
1	71.6101
1	125.469
1	184.635
1	166.586
1	76.5207
1	131.903
1	115.186
1	159.245
1	70.5523
0	18.6938
1	130.133
1	104.916
1	194.646
1	34.5895
1	67.5181
1	98.0817
1	81.513
1	105.486
1	143.385
1	72.925
1	196.632
1	149.922
1	63.1788
1	164.49
1	133.503
1	101.867
1	105.882
1	273.889
1	109.396
1	93.376
1	93.5445
1	57.711
1	134.507
1	126.185
1	88.7142
1	66.0862
1	109.258
1	64.3759
1	73.4018
1	64.5098
1	43.8057
1	116.758
1	189.576
1	118.175
1	163.648
1	117.831
0	4.373e-06
1	161.222
1	91.732
1	318.223
0	9.31323e-05
1	70.0672
1	85.7853
1	140.55
1	106.454
1	79.7487
1	156.983
1	105.353
1	59.8443
1	135.274
1	106.168
1	258.801
1	123.516
0	40.5512
1	129.184
1	100.796
1	122.459
1	84.6597
1	123.023
1	160.829
1	83.5912
1	99.3635
1	63.1461
1	102.898
1	90.3125
1	142.288
1	82.2347
1	161.047
1	124.914
1	161.955
1	104.669
1	98.4817
1	45.5947
1	208.614
1	88.8724
1	108.955
1	103.401
1	92.767
1	109.67
1	121.195
1	101.829
1	283.468
1	54.1792
0	71.5659
1	132.49
1	155.428
1	324.593
1	108.435
1	67.0703
1	103.124
1	80.6586
1	124.474
1	175.193
1	85.6908
1	126.317
1	109.745
1	87.6669
1	63.0677
1	108.963
1	43.8959
1	178.895
1	73.4786
1	177.102
1	96.5418
1	98.658
1	38.7078
1	106.786
1	112.12
1	293.862
1	185.921
1	59.6024
1	71.0587
1	53.9708
1	118.388
1	74.8622
1	182.602
1	50.8001
1	95.9977
1	76.3637
1	78.427
1	54.4753
1	69.6509
1	46.6109
1	115.894
1	65.9917
1	88.6989
1	143.639
1	55.676
1	73.0586
1	109.6
1	155.029
1	128.96
1	84.6103
1	58.9191
1	103.911
1	107.507
1	89.5731
1	124.854
1	181.9
1	148.224
1	228.187
1	64.8358
1	68.8916
1	64.4108
1	42.3244
1	137.08
1	114.69
1	45.3409
1	116.851
1	49.4093
1	116.964
1	95.6637
1	121.301
1	83.8714
1	210.93
1	160.284
1	94.4092
1	92.9199
1	35.6066
1	84.3224
1	164.9
1	121.092
1	133.088
1	104.002
1	90.6666
1	64.2012
1	53.4363
1	119.031
1	52.522
1	63.5929
1	103.048
1	182.069
1	117.031
1	78.4796
1	94.3211
1	145.682
1	176.57
1	94.7427
1	67.85
1	397.921
1	144.993
1	77.6779
1	119.788
1	113.864
1	96.9649
1	167.019
1	122.8
1	38.8742
1	78.8932
1	159.574
1	103.499
1	96.0064
1	44.8529
1	133.096
1	165.626
1	55.7703
1	69.7175
1	57.0908
1	48.6806
1	134.911
1	161.037
1	92.2748
1	73.3215
1	129.519
1	82.7997
1	166.091
1	342.907
1	80.0897
1	130.526
1	91.9441
1	226.246
1	59.3488
1	184.395
1	83.9173
1	154.574
1	110.647
1	54.5703
1	81.8553
1	81.7674
1	165.272
1	82.0787
1	101.513
1	138.013
1	144.511
1	74.6537
1	107.2
1	29.3029
1	73.9815
1	221.791
1	57.1637
1	65.6772
1	160.6
1	51.2797
1	109.228
1	114.853
1	27.1072
1	49.3679
1	80.7832
1	98.5495
1	63.7496
1	228.288
1	92.763
1	119.159
1	41.2732
1	124.814
1	85.424
1	62.7239
1	159.736
1	39.4027
1	65.3998
1	132.277
1	104.771
1	89.103
1	70.6498
1	112.861
1	178.96
1	156.285
1	99.7419
1	44.8664
1	158.622
1	67.4375
1	26.5242
1	134.707
1	87.1167
1	109.101
1	59.1752
1	185.131
1	112.653
1	116.5
1	23.3303
1	132.479
1	88.3219
1	180.292
1	124.9
1	77.838
1	92.7769
1	88.1332
1	89.5186
1	121.373
1	81.7514
1	161.345
1	63.7993
1	108.505
1	86.1241
1	100.056
1	161.598
1	42.5562
1	104.004
1	154.391
1	220.942
1	114.575
1	68.4762
1	81.2214
1	92.0648
1	84.4477
1	118.784
1	90.5166
1	108.302
1	85.3418
1	99.3267
1	191.649
1	122.556
1	56.8157
1	125.382
1	69.6032
1	99.4387
1	204.936
0	6.6841e-06
1	99.2571
1	129.014
1	56.9859
1	95.6573
1	156.161
1	64.8671
1	56.6233
1	69.8945
1	151.466
1	98.4711
1	149.704
1	45.313
1	132.985
1	156.58
1	80.9045
1	227.33
1	156.125
1	102.179
1	72.3953
1	75.2619
1	143.136
1	105.829
1	197.162
1	34.6385
1	123.125
1	107.153
1	104.794
1	70.0462
1	69.927
1	89.7596
1	156.044
1	54.3206
1	231.322
0	0.000108707
1	149.92
1	94.4245
1	79.4665
1	62.6767
1	135.616
1	51.7158
1	116.819
1	96.1027
1	52.0832
1	77.5335
1	82.397
1	87.2208
1	93.7009
1	47.7917
1	103.335
1	89.0126
1	97.7361
1	95.4216
1	77.5837
1	123.779
1	120.729
1	171.486
1	159.747
1	105.722
1	115.368
1	62.7371
1	122.715
1	151.346
1	203.459
1	155.948
1	79.4117
1	185.531
1	78.0648
1	107.241
1	72.657
1	213.023
1	103.87
1	93.1339
1	120.543
1	87.7887
1	84.1478
1	142.615
1	197.435
1	106.093
1	60.7795
1	171.267
1	103.616
1	69.699
0	0.000136574
1	209.266
1	77.1961
1	69.8856
1	69.9993
1	200.278
1	113.777
1	65.1655
1	115.729
1	185.678
1	82.6835
1	134.885
1	71.7556
1	99.0571
1	107.877
1	68.889
1	74.0093
1	102.928
1	82.7869
1	90.7729
1	161.058
1	96.8098
1	150.454
1	87.5314
1	88.5243
1	111.09
1	106.694
1	80.3798
1	47.7494
1	69.9062
1	91.2405
1	33.1657
1	112.268
1	113.644
1	172.816
1	87.6588
0	12.2596
0	90.1142
1	118.396
1	184.241
1	73.0149
1	68.0319
1	94.8621
1	147.227
1	165.916
1	239.337
1	110.325
1	191.472
1	115.418
1	75.0252
1	151.76
1	70.4604
1	114.002
1	126.462
1	71.4054
1	138.334
1	72.234
1	61.8809
1	146.107
1	97.1501
1	155.821
1	46.2076
1	166.361
1	58.8476
1	136.772
1	251.657
1	100.267
1	128.057
1	66.2641
1	70.8551
1	97.4301
1	110.571
1	100.231
1	111.897
1	63.2196
1	85.0779
1	156.949
1	111.822
1	65.915
1	77.3453
1	114.224
1	76.8395
1	48.3416
1	125.722
1	41.9623
1	77.0552
1	149.177
1	197.041
1	98.4176
1	76.4088
0	65.2082
1	129.285
1	175.24
1	94.7325
1	94.6522
1	129.533
1	125.39
1	109.57
1	59.0608
1	35.8288
1	95.0495
1	102.57
0	8.1677e-06
1	89.5149
1	133.548
1	98.6286
1	113.887
1	83.5153
1	117.772
1	109.971
1	121.415
1	47.4146
1	96.8471
1	98.2062
1	112.684
1	52.0414
1	77.1824
1	124.308
1	80.5435
1	79.1871
1	101.121
0	8.76797e-05
1	78.271
1	224.658
1	77.5151
1	80.6035
1	86.626
1	105.555
1	145.959
1	72.3773
1	90.1015
1	58.6297
1	75.1848
1	124.038
1	194.757
1	97.1651
1	81.9204
1	60.3031
1	139.565
1	214.834
1	115.042
1	104.573
1	160.693
1	164.435
1	68.8034
1	133.056
1	107.765
1	81.8416
1	271.372
1	161.901
1	194.991
1	82.9271
1	110.984
1	72.4262
1	74.3256
1	86.968
0	4.67502e-05
1	43.0513
1	71.7473
1	157.57
1	123.139
1	50.6035
1	71.343
1	106.047
1	53.4154
1	122.724
1	81.2485
1	70.8003
1	102.813
1	201.49
1	111.607
1	64.2226
1	195.475
0	17.9755
1	199.115
1	82.4601
1	114.664
1	59.971
1	133.736
1	96.1927
1	61.9508
1	167.071
1	86.4922
1	253.039
1	83.7732
1	228.596
1	206.471
1	135.762
1	76.5499
1	60.1945
1	66.5456
1	76.2134
1	88.2264
1	110.985
1	142.782
1	162.281
1	37.506
1	44.3458
1	168.968
1	102.967
1	144.072
1	120.217
1	170.269
1	75.8989
1	124.698
1	100.154
1	198.448
1	56.8973
1	63.3741
1	132.241
1	90.6975
0	7.95648e-06
1	102.81
1	389.019
1	139.071
1	79.0465
1	126.949
1	80.1757
1	86.4179
1	115.401
1	134.006
1	89.6925
1	117.98
0	6.91558e-05
1	128.118
1	103.785
1	96.6163
1	85.2242
1	69.9127
1	51.7652
1	135.956
1	175.686
1	50.5023
1	237.887
1	120.459
1	117.245
1	53.4277
1	225.282
1	85.4184
1	233.79
1	130.403
1	52.7453
1	186.741
1	131.834
1	74.1059
1	123.235
1	115.853
1	76.2831
1	170.239
1	105.922
1	116.394
1	48.4477
1	63.2343
1	55.336
1	66.6429
1	99.3187
1	51.5387
1	98.7543
0	21.9778
1	114.548
1	72.4357
0	19.1272
1	223.732
1	128.762
1	97.8855
1	45.1612
1	128.724
1	48.4583
1	80.0758
1	53.9415
1	140.03
1	78.4873
1	59.636
1	45.2415
1	67.9681
1	149.356
1	91.9702
1	90.7187
1	125.804
1	139.991
1	103.232
1	82.7929
1	145.948
1	84.595
1	190.212
1	88.6287
1	123.888
1	97.0102
1	156.109
1	188.733
1	120.85
1	63.2733
1	52.1805
1	215.002
1	141.346
1	74.0663
1	285.624
1	95.0281
1	43.2646
1	118.458
1	116.19
1	54.0526
1	142.892
1	117.155
1	44.5965
1	108.238
1	169.593
1	70.2626
1	195.934
1	92.252
1	66.0154
1	92.0558
1	96.0801
1	84.8303
1	99.7047
1	170.926
1	171.879
1	143.797
1	65.53
1	41.6183
1	134.674
1	137.455
1	85.886
1	144.784
1	188.167
1	87.6744
1	86.9725
1	113.643
1	78.9923
1	94.6466
1	105.933
1	71.0681
1	49.5645
1	116.6
1	51.5645
1	190.987
1	94.0907
1	90.5846
1	185.437
1	92.6151
1	79.9277
1	82.0743
1	217.822
1	99.8589
1	190.52
1	179.968
1	101.216
1	119.099
1	207.329
1	53.8657
1	84.7591
1	127.292
1	108.732
1	137.29
1	153.266
1	77.2328
1	100.8
1	188.265
1	156.494
1	144.251
1	122.716
1	80.0892
1	187.575
1	166.965
1	138.387
1	74.3892
1	148.109
1	99.2442
1	160.358
1	101.872
1	102.554
1	117.04
1	47.6455
1	93.8984
1	78.279
1	162.774
1	40.4734
1	83.7055
1	65.9284
1	129.453
1	99.824
1	124.967
1	173.8
1	93.4346
1	55.507
1	129.981
1	123.196
1	101.549
1	105.195
1	110.834
1	143.747
1	221.228
1	42.4028
1	66.3191
1	78.2946
1	140.154
1	101.368
1	75.9968
1	192.701
1	86.2155
1	30.492
1	96.6735
1	184.131
1	68.9264
1	143.749
1	138.316
1	140.912
1	91.1106
1	245.694
0	76.8874
1	93.2489
1	81.2064
1	133.571
1	67.8223
1	75.2924
1	133.322
1	220.669
1	114.713
1	120.192
1	108.769
1	91.5293
1	44.4125
1	91.8518
1	141.632
1	146.915
1	113.552
1	76.0336
1	112.833
1	84.4248
1	79.9158
1	70.9919
1	137.178
1	61.833
1	125.581
1	231.176
1	65.052
1	240.612
1	84.4167
1	145.245
1	79.8447
1	125.679
1	136.062
1	62.5821
1	181.307
1	52.1747
1	116.462
1	222.597
1	103.257
1	121.181
1	105.929
1	134.333
1	138.204
1	90.5392
1	57.5362
1	85.5249
1	180.043
1	133.427
1	98.2596
1	107.744
1	78.3758
1	190.912
1	92.251
1	81.6697
1	62.1274
1	106.407
1	70.5548
1	82.8144
1	99.6109
1	173.84
1	109.706
1	94.0265
1	64.112
1	166.47
1	104.072
1	78.9544
1	150.323
1	103.285
1	124.561
1	37.548
1	220.006
1	149.265
1	222.108
1	219.107
1	165.085
1	69.1251
1	67.6374
1	146.416
1	169.988
1	78.7269
1	99.2636
1	89.7939
1	133.186
1	103.972
1	100.046
1	88.6945
1	195.334
1	89.8506
1	254.572
1	64.7421
1	136.669
1	116.255
1	98.401
1	61.3261
1	91.8964
1	88.9291
0	7.8408e-06
1	159.752
1	44.9832
1	149.644
1	136.637
1	82.6782
1	176.737
1	31.5743
1	129.243
1	110.839
1	74.3486
1	68.2976
1	89.051
1	99.2101
1	125.586
1	170.244
1	84.3536
1	106.799
1	52.1332
1	108.056
1	143.851
1	115.772
1	57.7462
1	70.3955
1	140.748
1	145.467
1	174.322
1	182.993
1	98.9261
1	77.803
1	105.803
1	63.61
1	112.529
1	61.3434
0	0.000169597
1	132.767
1	153.843
1	83.2001
1	46.2667
1	130.176
1	90.2471
1	66.2701
1	99.7982
1	84.219
1	61.6803
1	62.1517
0	66.6336
1	109.778
1	73.1278
1	149.136
1	78.1831
1	110.929
1	89.2017
1	180.548
1	142.383
1	145.205
1	121.651
1	93.0031
1	121.285
1	59.8716
1	58.8931
1	75.7899
1	120.621
1	65.4885
1	151.23
1	125.816
1	205.019
1	106.499
1	77.8352
1	77.0098
1	154.428
1	69.5061
1	103.698
1	83.5933
1	119.775
1	112.009
1	115.947
1	49.7584
1	96.1139
1	66.2419
1	68.4049
1	183.613
1	166.8
1	111.714
1	58.3974
1	96.0173
1	102.699
1	149.258
1	58.4234
1	145.458
1	140.518
1	61.6424
1	81.0936
1	50.7277
1	173.91
1	78.7862
1	49.1376
1	81.5825
1	86.8336
1	123.913
1	140.9
1	112.297
1	91.0405
1	118.735
1	102.654
1	171.413
1	188.428
1	63.6886
0	15.8436
1	126.576
1	148.254
1	146.211
1	85.0886
1	192.786
1	33.5625
1	116.181
1	87.8906
1	47.7218
1	117.985
1	180.65
1	76.2474
1	114.16
1	144.154
1	152.691
1	70.2161
1	70.3399
1	112.879
1	80.7391
1	71.4387
1	86.1541
1	122.818
1	105.09
1	78.2583
1	134.179
1	80.5228
1	77.7394
1	108.909
1	98.0893
1	75.5855
1	69.2885
1	110.862
1	133.438
1	132.358
1	65.8877
1	134.554
1	99.1879
0	2.12153e-05
1	58.2547
1	74.7104
1	101.605
1	82.0611
1	159.887
1	196.229
1	169.511
1	120.556
1	79.9148
1	70.2432
1	109.49
1	82.7471
1	104.726
1	160.616
1	89.7959
1	90.7178
1	76.9294
1	58.8712
0	6.16437
1	77.4656
1	78.6664
1	118.805
1	107.219
1	55.4266
1	103.833
1	113.216
1	91.5993
1	112.363
1	101.329
1	75.9162
1	116.405
1	162.234
1	70.4806
1	97.0173
1	87.0651
1	221.765
1	156.503
1	84.5416
1	56.7084
1	69.7843
1	114.384
1	90.2573
1	146.662
1	142.516
1	59.2062
1	103.432
1	80.6645
1	50.7598
1	143.675
1	75.7248
1	98.3985
1	69.3705
1	123.596
1	136.053
1	47.9987
1	74.3239
1	84.7431
1	179.775
1	52.9851
1	131.58
1	80.6354
1	317.381
1	123.804
1	38.4085
1	41.2405
1	90.9337
1	98.572
1	85.7585
1	113.086
1	68.1525
1	151.374
1	118.761
1	69.6928
1	231.666
1	66.7054
1	91.8828
1	76.2888
1	115.384
1	176.042
1	308.029
1	87.1422
1	179.869
1	76.722
1	58.6519
1	101.961
1	86.7397
1	49.7486
1	156.271
1	100.315
1	71.3764
1	139.582
1	226.272
1	157.267
1	39.2881
1	64.6787
1	132.098
1	204.077
1	62.6086
1	93.0022
1	113.643
1	153.362
1	124.258
1	173.337
1	64.1555
1	117.119
1	136.282
1	150.057
1	106.443
1	63.8525
1	54.9325
1	71.1991
1	121.184
1	148.16
1	126.7
1	41.2847
1	98.1937
1	70.8179
1	90.0348
1	50.0345
1	130.926
1	202.447
1	67.9597
1	192.46
1	156.667
1	74.3349
1	168.206
1	79.4701
1	183.547
1	83.8234
1	94.2595
1	226.053
1	194.431
1	87.2571
1	202.872
1	188.806
1	140.087
1	181.16
1	256.532
1	74.8492
1	206.014
1	129.776
1	87.5055
1	55.5475
1	106.045
1	161.103
1	70.4871
1	217.214
1	80.4786
1	113.426
1	319.913
1	74.7642
1	60.1984
1	72.1362
1	61.6373
1	93.9077
0	7.36971e-06
1	80.3992
1	139.099
1	78.5726
1	78.407
1	170.726
1	45.6503
1	87.5468
1	111.575
1	140.043
1	147.13
1	44.8471
1	70.2744
1	137.62
1	96.6858
1	43.5031
1	93.1309
1	196.96
1	98.8856
1	77.5947
1	128.752
1	112.951
1	84.343
1	100.992
1	75.3238
1	126.104
1	144.241
1	60.0521
1	55.3774
1	170.281
1	109.305
1	104.347
1	111.702
1	120.34
1	109.937
1	92.3612
1	79.1598
1	43.2865
1	151.69
1	135.793
1	117.761
1	109.043
0	1.52652e-06
1	125.26
1	66.6202
1	77.3637
1	195.051
1	79.8392
1	204.79
1	49.8443
0	39.1445
1	142.167
1	140.187
1	95.3207
1	113.653
1	124.404
1	189.867
1	47.984
1	144.353
1	68.9508
1	76.9214
1	34.21
1	124.539
0	66.5867
1	63.7879
1	150.555
1	174.09
1	154.881
1	92.8136
1	84.511
1	132.206
1	42.9774
1	72.5311
1	60.2058
1	105.472
1	121.323
1	107.178
1	178.012
1	125.331
1	70.7278
0	7.78768
0	2.34061
1	150.644
1	175.666
1	69.7535
1	70.4597
1	87.3862
1	52.0048
1	70.8095
1	206.67
1	45.6367
1	141.429
1	97.3363
1	105.395
1	69.4437
1	96.2028
1	84.6906
1	126.719
1	110.273
1	76.721
1	77.2266
1	125.44
1	143.592
1	103.803
1	106.02
1	93.9325
1	104.737
1	94.7601
1	71.643
1	218.771
1	122.354
1	132.65
1	109.027
1	134.428
1	133.063
1	127.647
1	101.154
1	189.452
1	90.0285
1	72.9313
0	38.1751
1	67.0777
1	114.367
1	150.987
1	69.7062
1	99.0085
1	37.5398
1	67.9147
1	81.0753
1	83.892
1	110.868
1	185.526
1	91.7853
1	133.642
1	97.3019
1	76.9897
1	46.5883
1	111.487
1	87.4878
1	157.297
1	74.1395
1	223.699
1	74.4614
1	67.607
1	254.048
1	62.0934
1	96.8571
0	7.38067e-05
1	185.179
1	194.738
1	118.581
1	85.8294
1	88.2608
1	160.889
1	111.09
1	122.878
1	158.89
1	221.48
1	68.5868
1	155.164
1	113.733
1	104.833
1	136.61
1	66.3378
1	226.158
1	159.254
1	66.3941
1	127.176
1	335.189
1	85.5308
1	99.2815
1	118.085
1	45.7076
1	98.4801
1	128.855
1	96.5072
1	145.761
1	105.091
1	119.061
1	99.4918
1	81.3165
1	154.193
1	77.9259
1	57.6236
1	72.0319
1	125.988
1	66.1095
1	118.482
1	77.5653
1	89.1282
1	104.636
1	127.757
1	65.5328
1	91.1352
1	72.8335
1	52.7966
1	132.882
1	131.659
1	107.521
1	155.309
1	153.736
1	131.07
1	109.104
1	64.5888
1	148.474
1	93.1196
1	101.956
1	81.8748
1	81.9944
1	65.41
1	34.7309
1	138.649
1	100.635
1	128.119
1	53.0798
1	93.6504
1	123.851
1	126.864
1	97.4176
1	92.9708
1	110.376
1	181.034
0	6.96823e-05
1	190.472
1	76.9991
1	176.569
1	121.757
1	127.099
1	120.122
1	106.387
1	128.944
1	74.9895
1	83.3674
1	93.0095
1	139.404
1	108.313
1	100.194
1	101.519
1	198.325
1	120.876
1	199.011
1	71.6983
1	102.83
1	92.9484
1	133.132
1	126.187
1	76.0598
1	108.265
1	80.6232
1	125.755
1	158.694
1	96.2943
1	50.0927
1	69.4845
1	124.187
1	120.472
1	76.4684
1	53.1035
1	69.9396
1	93.6936
1	124.722
1	72.5612
1	114.28
1	71.0924
1	114.946
1	54.0283
1	173.891
1	48.3929
1	88.209
1	129.297
1	83.6942
1	127.429
1	141.873
1	79.843
1	96.236
1	56.2499
1	71.8605
0	11.0841
1	101.34
1	115.43
1	69.327
1	79.0966
1	92.8348
1	121.391
1	38.8797
1	83.3406
1	88.7301
1	130.319
1	108.05
1	98.7623
1	108.895
1	89.7601
1	98.6524
1	131.265
1	80.6962
1	132.684
0	2.66635e-05
1	59.2672
1	167.614
1	94.4415
1	127.844
1	68.0916
1	66.156
1	74.5067
1	203.757
1	126.279
1	107.76
1	77.254
1	72.4059
1	170.926
0	7.87567
1	61.447
1	117.697
1	62.5984
1	66.728
1	219.923
1	125.347
1	96.0447
1	69.9551
1	141.795
1	128.356
1	112.691
1	43.4753
1	202.042
1	177.158
1	58.0676
1	144.422
1	122.794
1	102.045
1	137.538
1	60.4193
1	129.749
1	80.2219
1	149.196
1	57.9637
1	87.9043
1	163.78
1	97.5744
1	82.1309
1	83.4145
1	72.0458
1	129.825
1	76.6497
1	121.809
1	56.487
1	41.4665
1	105.35
1	155.793
1	59.1059
1	69.4467
1	61.7593
1	160.407
1	161.283
1	162.35
0	6.97666
1	91.0414
1	138.893
1	67.9798
1	28.4769
1	173.139
1	192.942
1	90.3903
1	99.2673
1	76.6104
1	107.426
1	67.5482
1	115.248
1	77.5132
1	135.177
1	227.463
1	134.182
1	97.9949
1	102.51
1	215.51
1	59.6308
1	55.7249
1	127.626
1	41.6145
1	182.512
1	31.3928
1	85.3717
1	164.905
1	69.6474
1	122.81
1	116.998
1	92.3517
1	96.9091
1	84.7949
1	88.3259
1	85.8769
1	117.67
0	1.67574e-05
1	61.4386
1	72.5131
1	46.3777
1	68.1381
1	176.869
1	134.798
1	86.5985
1	114.618
1	235.057
1	35.1362
1	171.303
1	137.246
0	7.27434e-06
1	127.765
1	88.1715
1	179.283
1	102.722
1	49.6684
1	172.72
1	113.621
1	112.583
1	53.7531
1	82.1065
1	114.703
1	173.833
1	133.831
1	85.1834
1	78.1352
1	136.645
1	228.667
1	150.265
1	72.544
1	84.1152
1	95.2155
1	167.439
1	73.2644
1	128.233
1	68.8419
1	100.857
1	43.1059
1	68.3625
1	107.927
1	135.268
1	66.3499
1	93.591
1	174.921
1	76.6111
1	46.2969
1	71.8089
1	104.905
1	82.4218
1	114.289
1	70.1122
1	81.6252
1	164.021
1	193.536
1	92.7325
1	102.675
1	76.5508
1	53.0979
1	179.591
1	83.7536
1	46.5546
1	81.7988
1	191.652
1	40.227
1	92.1348
1	81.9177
1	100.209
1	53.9017
1	82.1285
1	140.445
1	80.7251
1	95.8755
1	62.3954
1	103.302
1	91.0542
1	68.6784
1	139.447
1	64.5557
1	99.6075
1	221.187
1	102.897
1	128.489
1	86.0205
1	105.347
1	64.8099
1	59.5139
1	106.902
1	146.41
1	85.6117
1	128.144
1	238.252
1	87.6294
1	82.7451
1	256.645
1	70.1544
1	97.1512
1	102.784
1	59.9582
1	70.798
1	86.5905
1	69.4677
1	112.113
1	121.302
1	125.357
1	97.8357
1	50.9152
1	105.551
1	103.332
1	108.533
1	93.3775
1	96.3653
1	69.6954
1	111.075
1	94.4593
1	173.515
1	103.324
1	86.9849
1	45.4981
1	39.8053
1	113.892
1	77.6765
1	85.0195
1	80.3089
1	108.027
1	92.2511
1	57.4362
1	100.745
1	150.449
1	115.813
1	93.6137
1	104.44
1	101.809
1	213.729
1	91.4232
1	74.4705
1	232.94
1	74.6316
1	100.872
1	102.331
1	97.293
1	84.9956
1	88.954
1	150.636
1	147.658
1	125.024
1	153.911
1	188.982
1	115.736
1	118.948
1	114.286
1	104.392
1	92.1291
1	146.17
1	92.6598
1	53.1475
1	120.516
1	172.478
1	141.6
1	97.157
1	137.704
1	77.9069
1	124.008
1	120.797
1	66.4052
1	80.8157
1	102.78
1	215.679
1	149.024
1	145.37
1	64.2775
1	141.966
1	175.518
1	114.077
1	101.107
0	34.0451
1	190.687
1	85.175
1	41.9412
1	165.597
1	158.988
1	175.661
1	132.74
1	137.246
1	87.355
1	91.7339
1	132.65
1	114.501
1	100.112
1	111.118
1	119.687
1	85.5655
1	118.598
1	144.946
1	80.0224
1	101.748
1	162.849
1	198.083
1	138.564
1	88.4712
1	144.104
1	217.828
1	71.8286
1	85.6831
0	54.7184
1	83.331
1	48.1348
1	50.7349
1	108.495
1	133.665
1	261.194
1	90.1682
1	106.686
1	85.7275
1	86.5007
1	119.315
1	34.9752
1	55.5481
1	117.676
1	233.527
1	100.768
1	115.813
1	63.8875
1	164.757
1	148.597
1	120.529
1	125.076
1	159.221
1	131.9
1	36.0938
1	107.513
0	81.9979
1	92.1666
1	122.963
1	121.873
1	277.828
1	93.2915
1	138.275
1	100.875
1	117.861
1	143.439
1	71.7309
1	61.8115
1	59.8528
1	70.0203
1	129.936
1	98.8377
1	135.135
1	182.539
1	74.1144
1	110.332
1	118.343
1	106.102
1	155.66
0	14.2573
1	109.777
1	193.384
1	92.0058
1	167.007
1	118.989
1	131.151
1	123.063
1	143.212
1	85.9113
1	79.9263
1	69.7114
1	92.4693
1	150.383
1	181.278
1	168.931
1	129.49
1	91.9702
1	108.78
1	116.037
1	70.9247
1	53.1634
1	146.241
1	66.1683
1	56.306
1	97.8901
1	65.6147
1	237.481
1	160.169
1	84.2927
1	85.8745
1	100.081
1	49.4669
1	123.083
0	25.5948
1	121.045
1	140.656
1	82.7062
1	113.102
1	87.3123
1	116.922
1	91.5386
1	68.5209
1	84.0552
1	169.555
1	40.5817
1	148.01
1	139.556
1	174.451
1	48.7034
1	136.055
1	68.2771
1	99.1214
1	110.877
1	138.668
1	147.039
1	195.024
1	95.6089
1	81.585
1	185.856
1	109.574
1	89.2746
1	95.2686
1	100.635
1	108.526
1	148.733
1	84.4532
1	192.831
1	128.477
1	72.2657
1	83.2515
1	46.085
1	125.426
1	53.4793
1	78.7727
1	42.1485
1	126.283
1	160.772
1	125.154
1	186.929
1	181.825
1	105.992
1	75.283
1	154.773
1	75.6777
1	67.7368
1	154.67
1	177.19
1	115.46
1	62.7351
1	87.7731
1	46.5563
1	96.485
1	76.1676
1	173.071
1	179.744
1	261.285
1	82.9057
1	140.212
0	21.6914
1	93.9477
1	150.965
1	129.764
1	91.8464
1	102.768
1	77.2078
1	90.6485
1	103.446
1	59.9351
1	97.8237
1	113.781
1	92.8337
1	83.341
1	224.976
1	144.145
1	41.2431
1	138.385
1	79.5906
1	83.2657
1	54.919
1	92.9308
1	126.257
1	62.0572
1	208.268
1	98.4221
1	151.866
1	100.412
1	121.628
1	73.1004
1	105.184
1	102.955
1	149.326
1	68.3472
1	40.3198
1	246.475
1	160.507
1	57.2534
1	109.245
1	94.0775
1	248.777
1	70.7887
1	116.5
1	89.5848
1	92.6245
1	100.184
1	123.779
1	127.065
1	101.789
1	102.235
1	81.4308
1	46.5183
0	0.325022
1	132.121
1	49.0177
1	48.547
1	95.0517
1	102.034
1	230.29
1	95.7577
1	119.133
1	102.375
1	95.466
1	70.9356
1	99.0753
1	139.221
1	108.348
1	94.9443
1	68.8779
1	112.503
1	124.839
1	184.516
1	96.8783
1	92.3673
1	64.2213
1	58.958
1	84.9621
1	62.0699
1	272.759
1	97.5862
1	140.37
1	77.3021
1	154.179
1	121.814
1	164.847
1	55.2473
0	40.9376
1	76.6679
1	109.499
1	154.081
1	77.1485
1	115.204
1	263.54
1	176.293
1	42.8742
1	243.235
1	167.968
1	196.051
1	78.0182
1	154.983
1	129.266
1	130.451
1	112.475
1	93.4444
1	40.5319
1	53.1584
1	60.4264
1	103.174
1	80.9784
1	46.8424
1	144.175
1	157.045
1	198.901
1	90.8632
1	53.1905
1	93.1144
1	125.756
1	190.299
1	101.761
1	44.1212
1	84.2289
0	22.8492
1	130.125
1	141.678
1	170.525
1	146.493
1	86.811
1	130.892
1	85.9722
1	77.0814
1	56.8351
1	52.266
1	79.5387
1	79.1814
1	69.284
1	149.072
1	129.483
1	173.174
1	225.211
1	117.804
1	100.977
1	84.5267
1	168.538
1	74.0657
1	120.885
1	159.48
1	128.645
1	100.623
1	96.9528
1	106.625
1	186.065
1	133.402
1	183.462
1	83.151
1	70.7957
1	85.4254
1	129.665
1	159.867
1	85.0833
1	95.9154
1	234.579
1	84.8181
1	120.883
0	1.29293e-05
1	160.992
1	135.278
1	139.98
1	77.0709
1	104.768
1	100.245
1	97.4888
1	153.161
1	100.884
1	46.5374
1	134.727
1	85.5415
1	164.123
1	303.442
1	47.3728
1	59.8803
1	44.1446
1	103.134
1	166.467
1	199.991
1	93.9436
1	99.7678
1	172.312
0	8.4494
1	134.133
1	93.2143
1	77.1198
1	156.913
1	115.118
1	164.676
1	51.733
1	108.017
1	41.1008
1	159.186
1	98.0878
1	90.0041
1	100.499
1	98.3904
1	103.025
1	174.058
1	83.6533
1	93.9903
1	184.065
1	69.5349
1	168.742
1	118.241
1	73.0578
1	145.358
1	92.5362
1	94.9249
1	92.9988
1	105.754
1	115.062
1	98.6937
1	130.493
1	95.1613
1	115.303
1	74.7509
1	95.5468
1	170.441
1	171.897
0	6.70819e-06
1	86.2974
1	84.1292
1	94.1214
1	100.952
1	75.7357
1	70.0669
1	69.6037
1	153.128
1	294.909
1	37.2561
1	57.203
1	80.3792
1	102.89
1	182.109
1	186.261
1	143.578
1	129.306
1	74.9155
1	51.6638
1	125.805
1	124.08
1	89.9688
1	106.011
1	84.5775
1	142.179
1	169.241
1	87.0503
1	71.1439
1	97.0739
1	74.712
1	173.089
1	57.9581
1	32.5615
1	91.6363
1	128.47
1	133.497
1	61.4181
1	69.1449
1	204.765
1	68.0646
1	100.204
1	118.984
1	47.3965
1	122.017
1	74.1088
1	133.146
1	150.376
1	94.8413
1	119.13
1	84.2453
1	67.7248
1	103.036
1	243.436
1	175.016
1	49.0527
1	132.104
1	153.775
1	57.409
1	95.3735
1	54.1534
1	66.6702
1	69.8226
1	49.3376
1	146.988
1	87.4355
1	154.656
0	8.27978e-05
1	195.789
1	61.2739
1	70.765
1	73.0287
1	81.4725
1	290.408
1	209.967
1	170.226
1	71.3999
1	138.216
1	54.0538
1	161.04
1	41.1102
1	75.1906
1	177.062
1	109.543
1	95.0494
1	122.864
1	77.7564
1	81.2585
1	153.865
1	43.1242
1	122.719
1	178.646
0	17.1602
1	55.4106
1	68.9638
1	169.095
1	125.753
1	71.0752
1	97.1033
1	77.0114
1	39.3659
1	92.6872
1	190.696
1	116.452
1	52.5325
1	103.221
1	126.527
1	143.573
1	144.609
1	75.7809
1	179.438
1	108.537
1	237.294
1	73.6018
1	137.487
1	49.0804
1	62.6015
1	156.529
1	101.726
1	148.465
1	45.3349
1	74.4035
1	82.1687
1	149.278
1	55.7007
1	226.277
1	209.852
1	96.974
1	60.687
1	110.448
1	183.217
1	51.7345
1	65.6379
1	149.73
1	93.0746
1	70.1945
1	128.779
1	140.768
1	115.423
1	186.261
1	146.071
1	64.3381
1	67.6939
1	113.811
1	186.594
1	115.384
1	99.2849
1	78.7
1	94.1005
1	122.043
1	111.564
1	95.1826
1	252.78
1	139.111
1	135.291
1	113.589
1	93.2631
1	206.253
1	58.8029
1	65.7538
1	238.252
1	51.5356
1	71.7324
1	103.24
1	97.696
1	83.5498
1	65.4307
1	135.633
1	119.446
1	93.3976
1	87.9163
1	45.9823
1	127.779
1	135.894
1	72.9525
1	106.533
1	89.4041
1	94.6974
1	52.4491
1	160.194
1	110.293
1	169.752
1	43.4045
1	98.6907
1	179.9
1	199.698
1	81.4817
1	187.434
1	90.3384
1	124.241
1	237.217
1	82.4762
1	136.291
1	94.4396
1	130.946
1	57.9825
1	118.033
1	121.355
1	49.1782
1	77.7736
1	162.635
1	69.5081
1	112.779
1	129.664
1	62.0603
1	120.254
1	91.4008
1	129.748
1	103.714
1	92.2833
1	223.121
0	2.76162e-05
1	110.927
1	111.886
1	141.786
1	76.0922
1	120.278
0	81.0945
1	111.122
1	97.5684
1	131.933
1	106.697
1	70.8502
1	106.891
1	64.4438
1	107.985
1	106.369
1	300.126
1	73.9296
1	109.399
1	187.123
1	174.364
1	64.7205
1	68.5516
1	152.785
1	98.8929
1	88.9434
1	115.099
1	125.076
1	113.03
1	99.3816
1	98.4543
1	70.3465
1	149.253
1	104.595
1	41.3144
1	103.509
1	159.258
1	113.268
1	184.192
1	163.458
1	96.6478
1	176.789
1	107.906
1	154.243
1	88.4784
1	122.215
1	73.2277
1	53.2848
1	100.53
1	106.671
1	161.544
1	91.2635
1	64.2867
1	138.066
1	152.615
1	63.8046
1	194.654
1	68.1763
1	137.937
1	152.849
1	70.1388
1	105.069
1	136.859
1	47.9222
1	136.903
1	205.093
1	128.237
1	92.2515
1	113.132
1	53.6924
1	95.912
1	177.142
1	67.0834
1	159.107
1	210.219
1	80.6523
1	43.1927
1	215.836
1	139.83
1	29.6148
1	81.5624
1	67.8412
1	89.2348
1	89.0652
0	3.34434e-05
1	131.685
1	112.964
1	85.804
1	145.258
1	90.434
1	79.5181
1	82.5295
1	79.835
1	75.8659
1	110.754
1	204.496
1	97.019
1	129.584
1	101.55
1	112.883
1	84.3862
1	57.5783
1	154.301
1	59.2088
1	75.8636
0	5.9143e-05
1	130.815
1	132.672
1	105.016
0	77.738
1	113.056
1	104.884
1	71.7449
1	45.0759
1	91.1287
1	42.962
1	204.275
1	160.144
0	19.5937
1	91.1194
1	68.328
1	140.118
1	120.32
1	52.9479
1	28.0501
1	83.0922
1	132.064
1	69.0076
1	71.8402
1	127.092
1	158.861
1	31.5327
1	93.5037
1	121.425
1	105.329
1	61.8526
1	96.2184
1	112.468
1	107.713
1	75.7042
1	59.5313
1	76.4925
1	100.11
1	151.727
1	126.607
1	48.1703
1	66.5714
1	115.862
1	48.846
1	103.95
1	165.76
1	129.634
1	161.566
1	86.6605
1	88.638
1	88.5391
0	4.17784e-05
1	38.7506
1	84.3797
1	115.093
1	144.951
1	52.3411
1	111.685
1	128.573
1	137.334
1	52.3066
1	91.8229
1	105.815
1	74.9896
1	68.0898
1	53.607
1	62.3053
1	188.332
1	125.673
1	63.5373
1	75.0436
1	104.368
1	152.558
1	192.105
1	208.285
1	203.474
1	111.117
1	95.0703
1	61.1788
1	114.032
1	55.1006
1	182.719
1	61.1851
1	74.1505
1	139.278
1	103.727
0	7.73507
1	96.281
1	88.3501
1	134.781
1	104.302
1	87.429
1	114.571
1	36.9644
1	125.091
1	145.282
0	2.88657e-06
1	128.081
1	90.0691
1	174.549
1	137.514
1	211.96
1	85.6056
1	56.2538
1	212.261
1	72.4636
1	108.149
1	60.5405
1	190.284
1	124.704
1	79.6314
1	86.6295
1	208.854
1	165.308
1	59.2994
1	76.0453
1	106.432
1	149.911
1	211.485
1	53.018
1	90.2376
0	4.66342e-06
1	74.6028
1	83.6403
1	139.307
1	144.72
1	103.523
1	186.092
1	108.425
1	49.476
1	132.334
1	89.9922
1	109.822
1	160.106
1	183.749
1	54.0856
1	128.069
1	71.995
1	130.289
1	106.86
1	83.8757
1	125.33
1	54.3074
1	133.718
1	44.1267
1	100.852
1	70.1209
1	98.9731
1	131.517
1	92.5254
1	234.377
1	155.254
1	83.4927
1	97.8524
1	65.5733
1	109.117
1	177.37
1	94.9465
1	200.324
1	184.587
1	176.907
1	85.4063
1	199.079
1	125.336
1	106.708
1	102.138
1	95.5776
1	97.8392
1	124.804
1	78.9258
1	109.009
1	124.272
1	150.784
1	76.6083
1	35.1814
1	186.769
1	81.3734
1	94.9901
1	90.705
1	140.336
1	191.734
1	55.4176
1	240.132
1	89.83
1	99.953
1	96.1295
1	87.8582
1	119.167
1	132.227
1	135.652
1	200.774
1	72.6117
1	73.6388
1	57.216
1	65.2287
1	102.033
1	162.01
1	94.1605
1	90.142
1	63.7988
1	71.696
1	117.054
0	1.50195e-05
1	140.655
1	56.6834
1	122.052
1	184.326
1	98.1235
1	135.117
1	157.92
1	86.7358
1	99.2149
1	129.018
1	173.303
1	105.286
1	71.5936
1	105.827
1	81.292
1	104.083
1	119.179
1	61.7994
1	75.4449
1	49.295
1	71.8075
1	63.1157
1	145.658
1	71.823
1	95.6961
1	171.313
1	167.174
1	92.2715
1	51.3722
1	133.335
1	97.7907
1	112.609
1	143.251
1	106.527
1	102.237
1	153.697
1	111.669
1	105.415
1	89.2678
1	69.0835
1	125.962
1	55.932
1	68.935
1	132.428
1	43.3448
1	126.593
1	203.37
1	150.609
1	113.133
1	77.7727
1	110.785
1	78.3256
1	106.023
1	168.217
1	75.6605
1	108.906
1	81.4538
1	105.614
1	86.9709
1	139.128
1	34.0892
1	87.6077
1	106.503
1	87.3537
1	163.316
1	70.3555
1	78.326
1	82.0718
1	82.8804
1	125.495
1	86.5326
1	86.1515
1	177.3
1	68.9767
1	224.095
1	58.1573
0	3.31456e-05
1	118.152
1	129.617
1	91.4561
1	160.99
1	185.494
1	85.3683
1	69.6707
1	44.3787
1	167.026
1	109.615
1	127.376
1	110.945
1	153.191
1	73.662
1	92.8773
1	75.6061
1	93.2574
1	68.7654
1	154.774
1	78.562
1	114.462
1	151.796
1	112.277
1	137.753
1	68.8683
1	110.834
1	160.391
1	131.919
1	89.1756
1	131.913
1	91.9211
1	37.393
1	54.5395
1	176.291
1	69.325
1	63.22
1	171.103
1	129.276
1	127.98
1	57.2796
1	203.138
1	171.339
1	159.31
1	53.6081
1	116.646
1	151.769
1	111.892
1	165.472
1	62.6152
1	107.703
1	81.9276
1	79.4283
1	87.9638
1	78.1792
1	91.095
1	126.363
1	72.2227
1	156.126
1	123.105
1	87.0661
1	81.171
1	88.7867
1	125.859
1	163.706
1	100.599
1	157.885
1	82.1964
1	65.7712
1	111.4
1	181.017
1	156.586
1	86.0644
1	65.6957
1	151.829
1	53.3401
1	108.283
1	113.647
1	65.7574
1	108.469
1	56.0043
1	100.883
1	40.1978
1	125.256
1	158.125
1	313.663
1	172.117
1	185.752
1	32.8168
1	94.7804
1	83.8945
1	69.6345
1	89.0115
1	98.1627
1	169.269
0	130.964
1	118.048
1	132.51
1	71.6183
1	88.2788
1	163.934
1	45.0305
1	129.808
1	64.5756
1	215.705
1	51.7307
1	109.342
1	174.597
1	183.277
1	83.9567
1	58.7718
1	111.202
1	122.021
1	66.1974
1	64.2392
1	87.2637
1	80.4264
1	129.164
1	52.1621
1	183.196
1	69.1246
1	76.4201
1	127.556
1	75.5583
1	93.6276
1	119.763
1	123.893
1	166.417
1	265.147
1	176.43
1	148.196
1	221.364
1	100.391
1	105.957
1	76.5775
1	76.6362
1	145.85
1	72.2666
1	117.12
1	90.6367
1	74.7678
1	148.479
1	126.254
1	77.7305
1	109.045
1	119.954
1	152.755
1	107.887
1	154.37
1	67.2337
1	109.31
1	109.083
1	288.426
1	102.462
1	60.1286
1	84.5272
1	55.9288
1	60.7719
1	59.4632
0	39.442
1	80.2513
1	131.132
1	118.413
1	66.9304
1	58.6493
1	67.0681
1	86.1992
1	105.588
1	151.076
1	68.7619
1	123.702
1	104.598
1	169.899
1	75.2589
1	113.433
1	49.8064
1	70.932
1	116.291
1	113.949
1	116.028
1	114.607
1	78.8784
1	58.3862
1	60.6681
1	233.917
1	153.497
1	98.9969
1	89.8056
1	96.8391
1	158.392
1	84.6973
1	83.9933
1	82.4095
1	89.1855
1	78.1383
1	57.9915
1	56.2818
1	139.758
1	163.637
1	99.5091
1	87.1081
1	110.101
1	118.315
1	174.793
1	84.043
1	130.11
1	74.1297
1	125.131
1	56.8726
1	49.0874
1	122.648
1	137.715
1	85.2316
1	78.7376
1	219.245
1	25.7935
1	65.5047
1	83.0539
1	75.1828
1	117.047
1	99.4654
1	74.5274
1	123.286
1	207.898
1	66.5301
1	252.962
1	110.033
1	26.2347
1	189.914
1	63.1089
1	106.337
1	225.18
1	203.497
1	85.9911
1	65.9589
1	79.7436
1	144.231
1	124.768
1	158.233
1	137.653
1	142.193
1	115.551
1	64.32
1	25.5976
1	96.7514
1	126.129
1	106.456
1	83.3273
1	100.522
1	60.7514
1	140.013
1	49.0438
1	111.595
1	221.398
1	54.0914
1	85.0634
1	110.377
1	115.764
1	176.667
1	130.925
1	154.935
1	195.714
1	128.583
1	137.071
1	83.2931
1	177.244
1	107.458
1	117.945
1	168.094
1	124.682
1	102.695
1	85.1701
1	95.04
1	50.7916
1	143.231
1	116.067
1	68.2613
1	240.259
1	130.868
1	172.086
1	205.026
1	64.8802
1	133.44
1	205.417
1	147.548
1	154.555
1	69.1179
1	77.7816
1	56.9013
1	45.6825
1	106.622
1	85.6362
1	67.6571
1	165.304
1	75.1549
1	111.895
1	55.1898
1	107.862
0	7.0444e-05
1	48.528
1	122.36
1	184.619
1	109.202
1	121.125
1	90.7382
1	85.1835
1	83.1376
1	117.815
1	121.61
1	51.3504
1	72.0798
1	72.6577
1	175.645
1	102.994
1	67.525
1	131.489
1	151.613
1	181.949
1	184.243
0	66.4791
1	97.1785
1	157.137
1	115.345
1	255.189
1	85.3063
1	53.8947
1	67.2021
1	116.076
1	164.586
1	103.62
1	72.3295
1	80.6687
1	77.8825
0	2.46072e-06
1	68.5135
1	93.4097
1	100.462
1	177.615
0	29.7719
1	123.108
1	99.094
1	125.234
1	110.336
1	124.28
1	130.828
1	79.2796
1	60.6269
1	168.185
1	84.5989
1	40.3743
1	183.713
1	133.294
1	133.15
1	160.131
1	74.308
1	82.5203
1	68.7877
1	148.208
1	72.0164
1	51.5035
1	113.824
1	70.4337
1	217.524
1	79.5029
1	101.227
1	123.867
1	116.139
1	115.423
1	61.9651
1	66.265
1	138.374
1	153.971
1	247.234
1	47.8797
1	100.318
1	69.8209
1	83.814
1	123.566
1	92.5451
1	111.685
0	9.95677e-05
1	119.79
1	107.426
1	66.815
1	73.4744
1	210.426
1	175.065
1	74.8132
1	115.518
1	86.3413
1	166.514
1	172.857
1	100.841
1	128.964
1	58.0641
1	88.455
1	135.366
1	121.862
1	239.816
1	195.504
1	62.9624
1	167.938
1	61.3572
1	43.573
1	82.2258
1	274.471
1	75.458
1	67.3261
1	137.721
1	114.542
1	57.4178
1	58.4866
1	37.1155
1	106.645
1	164.012
1	236.931
1	177.319
1	96.108
1	89.4203
1	60.7129
1	95.1121
1	104.609
1	83.9575
1	145.725
1	63.4339
1	81.3184
1	139.364
0	3.55504
1	106.239
1	96.8165
1	79.9488
1	114.579
1	125.848
1	223.139
1	115.062
1	126.391
1	59.4398
1	74.9317
1	123.357
1	175.345
1	79.7587
1	63.5388
1	127.854
1	111.114
1	84.9527
1	57.7491
1	146.406
1	192.217
1	153.659
1	80.5876
1	74.4179
1	60.1466
1	86.5637
1	183.036
1	142.073
1	128.759
1	207.856
1	73.2275
1	67.1057
1	112.31
1	109.771
1	129.648
1	116.57
1	110.231
1	127.007
1	48.3401
1	146.559
1	197.032
1	81.5363
1	69.0951
1	112.094
1	191.093
1	96.9175
1	97.7027
1	141.989
1	111.092
1	67.5226
1	124.335
1	68.4374
1	94.7558
1	123.789
1	115.007
1	54.1663
1	128.216
1	153.39
1	154.819
1	208.735
1	98.4998
1	115.151
1	109.122
1	164.28
1	88.3675
1	76.5667
1	135.769
1	55.6941
1	217.069
1	69.502
1	87.4616
1	94.2611
1	70.8147
1	92.6989
1	158.359
1	58.5784
1	129.135
1	92.8566
1	94.8315
1	81.0977
1	125.423
1	80.5217
1	63.0194
1	133.224
1	58.5241
1	147.543
1	69.3959
1	73.529
1	79.9107
1	118.512
1	99.1641
1	121.028
1	145.385
1	153.371
1	150.25
1	117.049
1	115.436
1	75.5213
1	111.48
1	60.5308
1	118.607
1	51.8956
1	148.42
1	102.527
1	35.5421
1	134.656
1	88.9978
1	59.273
1	185.938
1	46.7797
1	130.704
1	57.9008
1	182.609
1	68.5232
1	110.81
1	200.258
1	94.7802
1	161.376
1	97.6711
1	233.516
1	93.4749
1	91.6139
1	98.9484
1	63.275
1	119.238
1	127.864
1	106.746
1	60.1811
1	201.689
1	220.264
1	141.085
1	105.712
1	110.419
1	154.756
1	91.7996
1	98.3098
1	79.8009
1	80.1479
1	138.693
1	90.5444
1	105.248
1	89.1635
1	197.753
1	150.235
1	167.646
1	127.234
1	85.8237
1	62.6491
1	102.722
1	68.3994
1	153.065
1	68.4887
1	139.947
1	77.058
1	32.068
1	102.607
1	96.5986
1	209.576
1	63.1129
1	46.1577
1	204.306
1	88.5867
1	160.694
1	127.166
1	147.221
1	53.1689
1	61.9709
1	91.0793
1	57.8019
1	262.148
1	131.864
1	92.7385
1	152.044
1	75.049
1	141.673
1	122.361
1	52.5467
1	144.492
1	139.805
1	71.3493
1	117.114
1	212.19
1	64.1471
1	92.0162
1	60.1261
1	83.9783
1	134.734
1	141.598
1	188.818
1	153.528
1	87.7341
1	75.9336
1	96.1476
1	285.456
1	45.3287
1	136.312
1	74.9079
1	100.028
1	139.545
1	167.017
1	198.262
1	92.5876
1	108.337
1	82.3655
1	87.059
1	128.774
1	149.091
1	77.4374
1	101.385
1	127.065
1	70.5882
1	188.678
1	89.6264
1	164.703
1	81.0341
1	167.257
1	75.482
1	33.2803
1	55.7298
1	230.113
1	156.389
1	198.154
1	84.1835
1	122.285
1	209.567
1	90.4973
1	74.8168
1	113.645
1	84.3532
1	41.4462
1	56.2361
1	106.363
1	52.6692
1	70.6323
1	124.472
1	81.1783
1	72.7932
1	70.0401
1	109.575
1	116.735
1	136.147
1	101.354
1	127.238
1	125.641
1	117.134
1	132.674
1	103.581
1	100.994
1	102.556
0	35.3292
1	80.2055
1	76.1648
1	88.4233
1	91.835
1	305.152
1	31.3316
1	93.7193
1	103.594
1	42.3483
1	90.916
1	68.4233
1	220.377
1	110.837
1	182.601
1	75.5414
1	68.8483
1	124.515
1	109.026
1	68.3564
1	80.3331
1	98.9805
1	122.787
1	94.3367
0	21.3703
1	75.95
1	268.754
1	105.441
1	105.437
1	61.4265
1	109.826
1	46.5354
1	137.846
1	160.857
1	141.884
1	178.45
1	66.6034
1	124.1
1	83.7571
1	65.6032
1	89.842
1	120.625
1	137.402
1	146.632
1	80.7175
1	70.3448
1	61.468
1	109.81
1	150.487
1	177.145
1	51.617
1	83.6593
1	125.025
1	147.204
1	68.0384
1	49.0865
1	39.0209
1	114.279
1	143.151
1	137.891
1	89.9799
1	154.864
1	75.3147
1	112.014
1	59.6641
1	178.006
1	141.103
1	98.8704
1	96.1678
1	118.797
1	88.6655
1	38.1077
1	90.3363
1	113.221
1	120.548
1	81.4538
1	70.8911
1	67.8428
1	86.6665
1	54.8839
1	82.5498
1	67.2361
1	101.623
1	125.256
1	75.7718
0	3.79489e-05
1	98.8872
1	89.5797
1	119.274
1	146.053
1	61.0773
1	61.0831
1	108.386
1	224.472
1	283.802
1	112.822
1	127.749
1	152.659
1	74.8476
1	188.538
1	47.4676
1	114.746
1	124.443
1	107.616
1	71.5346
1	130.282
1	88.9113
1	118.357
1	64.6993
1	186.327
1	48.289
1	162.232
1	209.929
1	87.1814
1	130.426
1	105.609
1	107.517
1	44.1263
1	245.44
1	125.096
1	104.437
1	96.2514
1	68.159
1	127.691
1	138.386
1	80.4723
1	100.142
1	144.459
1	115.69
1	61.2786
1	87.9707
1	73.2537
1	123.015
1	126.037
1	146.391
1	58.0665
1	96.4406
1	65.3083
1	38.1879
1	58.1817
1	146.348
1	173.939
1	58.2822
1	87.4241
1	100.564
1	71.9893
1	52.6861
1	82.7205
1	180.814
1	186.24
1	56.6717
1	97.6326
1	59.8821
1	191.851
1	64.14
1	43.2157
1	64.3489
1	123.651
1	294.786
1	146.415
1	114.547
1	135.427
1	63.6781
1	117.747
1	122.135
0	71.2292
1	192.345
1	132.237
1	125.451
1	88.3821
1	111.054
1	96.9779
1	145.354
1	64.3832
1	118.892
1	85.6908
1	90.4218
1	53.6564
1	123.22
1	91.0929
1	113.248
1	149.895
1	61.662
0	49.3342
1	119.575
1	141.11
1	91.4345
1	107.455
1	168.551
1	135.926
1	85.4368
1	101.075
1	100.685
1	55.5401
1	83.4074
1	94.9785
1	132.75
1	88.2016
1	78.9782
1	71.3316
1	172.664
1	177.161
1	74.6121
1	59.3406
1	133.442
1	89.7437
1	108.417
1	197.831
1	70.9261
1	145.45
1	73.4332
1	96.0622
1	91.2111
1	65.4257
1	105.751
1	130.171
1	150.394
1	53.1911
1	120.562
1	118.649
1	75.6331
1	63.7401
1	205.809
1	80.346
1	92.342
1	90.9497
1	70.7797
1	98.3075
1	174.769
1	132.104
1	114.925
1	65.2654
1	42.3393
1	182.487
1	106.513
1	56.0916
1	110.322
1	55.4105
1	72.7209
1	89.0687
1	118.337
1	104.804
1	137.216
1	208.659
1	149.893
1	83.5363
1	101.264
1	71.3967
1	149.245
1	133.941
1	180.365
1	88.0129
1	245.134
1	106.318
1	69.8595
1	133.194
1	73.4959
1	83.7812
1	94.7466
1	120.741
1	78.3774
1	75.4891
1	134.133
1	125.369
1	147.272
1	137.733
1	147.047
1	109.573
1	100.453
1	69.291
1	125.995
1	118.296
1	230.81
1	74.777
1	162.787
1	66.0748
1	177.254
1	127.642
1	134.282
1	61.2671
1	130.69
1	89.9587
1	75.6851
1	155.521
1	141.642
1	39.5734
1	129.813
1	112.029
1	176.053
1	54.4784
1	99.6606
1	124.857
1	93.219
1	135.353
1	192.971
1	228.549
1	95.0056
1	110.543
1	128.51
1	74.0154
1	89.0576
0	9.88733e-05
1	42.5298
1	108.264
1	142.109
1	56.7333
1	113.057
1	90.6323
1	97.799
1	130.737
1	207.41
1	157.968
1	199.607
1	87.2583
1	173.316
1	162.087
1	124.969
1	138.679
1	240.895
1	122.671
1	140.791
1	195.389
1	192.334
1	81.83
1	124.177
1	58.9937
1	156.242
1	100.388
1	64.0365
1	63.9889
1	164.653
0	5.34722e-05
1	237.121
1	70.6405
1	92.4022
1	152.293
1	143.867
1	98.3848
1	175.542
1	144.863
1	72.208
1	107.492
1	144.696
1	90.6553
1	155.615
1	198.107
1	94.6811
1	166.338
1	124.564
1	107.536
1	85.4946
1	103.877
1	99.8157
1	78.7453
1	84.5526
1	365.902
1	177.526
1	148.11
1	106.288
1	100.364
1	80.8615
1	102.18
1	168.764
1	91.1932
1	163.144
1	136.374
1	111.207
1	50.1258
1	135.395
1	115.632
1	70.9006
1	127.306
1	124.414
1	85.5872
1	67.7725
1	145.18
1	57.5183
1	151.806
1	171.468
1	94.4063
1	133.443
1	198.457
1	170.792
1	65.366
1	152.105
1	118.596
1	103.335
1	69.4487
1	89.6624
1	67.013
1	71.3839
1	149.994
1	160.954
1	63.1732
1	73.0979
1	113.624
1	88.5446
1	113.413
1	69.2708
1	68.5097
1	46.7755
1	108.947
1	188.627
1	170.305
1	72.9555
1	82.482
1	93.9562
1	52.4109
1	179.595
1	64.6693
1	180.53
0	9.07475e-07
1	65.8488
1	126.419
1	159.564
1	155.147
1	87.4071
1	100.784
1	144.346
1	62.57
1	59.4276
1	100.94
1	164.112
1	90.7514
1	140.874
1	77.4647
1	80.5026
1	143.373
1	124.442
1	107.719
1	193.068
1	87.8265
1	101.16
1	97.9689
1	97.6523
1	63.04
1	40.3217
1	179.439
1	151.808
1	233.581
1	146.812
1	134.908
1	96.742
1	90.9229
1	104.882
1	120.755
1	126.95
1	85.9807
1	173.641
0	83.1534
1	129.322
0	5.56785e-05
1	84.2457
1	142.977
1	47.1327
1	91.2673
1	208.795
1	115.557
1	113.671
1	228.194
1	77.1722
1	107.459
1	87.4254
1	137.123
1	100.34
1	66.314
1	97.1038
1	59.7034
1	54.809
1	77.7678
1	162.156
1	107.077
1	92.0375
1	150.278
1	226.048
0	4.09747e-05
1	130.935
1	123.135
1	143.511
1	93.7404
1	60.9866
1	147.15
1	89.1473
1	139.128
1	70.0561
1	78.6717
1	228.908
1	136.904
1	74.8936
1	61.6482
1	132.165
1	92.6676
1	83.3248
1	75.0804
1	184.762
1	106.332
1	102.462
1	144.571
1	96.4693
1	54.8105
1	176.422
1	137.444
1	94.045
1	117.561
1	97.564
1	93.9565
1	42.1996
1	65.4238
1	155.905
1	63.8767
1	95.6458
1	129.149
1	208.861
1	68.8035
1	87.0876
1	109.958
1	122.755
1	114.861
1	132.372
1	105.364
1	92.5546
1	189.191
1	108.61
1	134.608
1	134.944
1	104.953
1	160.282
0	5.71551e-05
1	175.962
1	35.9644
1	188.507
1	117.438
1	117.576
1	64.1307
1	135.09
1	57.4065
1	190.491
1	84.3524
1	81.8793
1	62.6823
1	65.5145
1	153.786
1	107.185
1	125.049
1	67.0204
1	95.2954
1	106.421
1	134.642
1	47.4681
1	197.792
1	181.137
1	77.6578
1	113.893
1	161.789
1	161.062
1	117.629
1	88.9537
1	133.081
1	146.013
1	47.9559
1	51.4038
1	96.0885
1	106.195
0	3.28735e-05
1	86.9534
1	150.087
1	66.6072
1	74.2767
1	199.107
1	83.6254
1	94.5228
1	103.333
1	37.0557
1	235.586
1	84.8307
1	184.377
1	67.5252
1	111.818
1	70.7541
1	86.021
1	65.8882
1	107.608
1	107.181
1	108.248
1	225.497
1	127.059
1	73.3709
1	154.406
1	95.472
1	54.1981
1	131.788
1	60.9257
1	110.774
1	100.405
1	115.901
1	96.3132
1	255.398
1	101.171
1	134.247
1	118.526
1	92.647
1	62.4013
1	65.3074
1	133.078
1	314.75
1	110.575
1	162.244
1	130.093
1	36.1133
1	98.2974
1	88.6948
1	109.914
1	54.9298
1	148.024
1	102.474
1	98.871
1	70.0521
1	91.9303
1	110.404
1	48.1128
0	10.1558
1	114.662
1	73.8579
1	79.7488
1	123.877
1	86.6964
1	80.1855
1	170.883
1	101.825
1	66.2376
1	118.92
1	61.7953
1	89.0897
1	134.106
1	84.444
1	96.6067
1	143.979
1	79.0138
1	238.237
0	0.000222916
1	131.951
1	95.5761
1	58.9391
1	140.225
1	154.292
1	119.897
1	101.718
1	78.6211
1	153.559
1	108.509
1	109.023
1	269.627
1	112.622
1	49.2671
1	57.9434
1	142.559
1	90.0079
1	101.78
1	269.244
1	78.7171
1	89.8527
1	105.581
1	244.302
1	127.552
1	277.503
1	89.1926
1	172.766
1	176.264
1	91.6106
1	74.5295
1	86.0627
1	65.3592
1	68.0723
1	44.1675
1	191.29
1	294.46
1	100.905
1	111.019
1	67.6338
1	83.1534
1	41.5664
1	116.947
1	46.7933
1	123.8
1	181.095
1	73.0036
1	48.2513
1	88.9573
1	93.8935
1	55.6904
1	156.18
1	109.101
1	129.032
1	101.826
1	114.497
1	101.577
1	61.293
1	117.151
1	156.543
1	181.808
1	285.665
1	194.359
1	162.982
1	60.0367
1	129.976
1	97.5085
1	125.203
1	69.9919
1	55.5734
1	99.4803
1	157.43
1	117.478
1	100.774
1	122.896
1	105.714
1	103.706
1	196.015
1	42.2421
1	71.6374
1	83.6045
1	69.6142
1	165.514
1	93.9153
1	95.7382
1	119.284
1	183.938
1	71.1252
1	170.738
1	45.9563
1	84.0247
1	77.3131
1	104.874
1	142.795
1	72.1214
1	87.0183
1	83.177
1	84.9257
1	75.9759
1	95.4782
1	136.111
1	110.109
1	59.4727
1	112.707
1	82.9789
1	78.5422
1	126.655
1	146.532
1	67.9128
1	110.118
1	97.5086
1	98.7898
1	65.625
1	206.08
1	146.798
1	90.3319
1	98.844
1	113.696
1	52.9248
1	67.0979
1	71.5738
1	192.552
1	57.4994
1	70.1511
1	96.8238
1	116.638
1	90.1217
1	85.6314
1	96.885
1	79.7559
1	163.099
1	50.2388
1	102.532
1	94.6964
1	89.3103
0	22.271
1	66.5778
1	100.206
1	71.297
1	64.4936
1	217.666
1	59.4749
1	113.847
1	104.64
1	212.295
1	57.6068
1	168.378
1	215.541
1	132.4
1	166.178
1	102.589
1	118.801
1	56.6321
1	115.397
1	132.473
1	64.7006
1	188.755
1	57.2454
1	118.767
1	146.533
1	121.023
1	161.953
1	81.4208
1	148.143
1	117.072
1	41.4866
0	14.0759
1	160.757
1	167.746
1	80.4376
1	111.281
1	68.1452
1	65.7305
1	109.215
1	72.8126
1	120.808
1	137.099
1	45.5404
1	66.4227
1	74.8005
1	140.135
1	96.179
1	79.9381
1	139.183
1	101.233
1	81.7371
1	102.757
1	143.393
1	99.6785
1	107.528
1	150.8
1	80.1524
1	51.2616
1	189.951
1	133.826
1	136.518
1	119.5
1	86.136
1	59.7208
1	176.003
1	84.2863
1	99.8214
1	85.1062
1	36.6166
1	140.548
1	105.431
1	119.836
1	132.739
1	52.2478
1	115.952
1	163.436
1	92.3031
1	87.0465
1	206.277
1	68.836
1	125.07
1	229.313
1	58.9032
1	118.984
1	52.8295
1	96.1745
1	56.4935
1	76.6659
1	87.0607
1	46.3956
1	142.722
1	86.7228
1	82.028
1	78.5153
1	74.7744
1	57.676
1	167.522
1	70.8158
1	41.0065
1	99.055
1	63.1873
1	56.9962
1	79.6814
1	134.289
1	43.2929
1	58.3453
1	72.3066
1	53.4562
1	86.1018
1	64.3502
1	189.684
1	58.6583
1	174.022
1	41.2546
1	58.5567
1	75.2619
1	91.9489
1	111.815
1	89.6333
1	77.9036
1	90.5456
1	84.3094
1	66.9585
1	57.7954
1	140.348
1	113.618
1	150.035
1	59.0411
1	84.3611
1	34.7905
1	88.981
1	57.7418
1	125.551
1	90.5519
1	70.7552
1	87.0666
1	59.5246
1	146.535
1	50.5919
1	89.6631
1	52.1785
1	119.552
1	102.58
1	127.125
1	166.573
1	125.356
1	101.259
1	105.08
1	98.8744
1	190.064
1	58.8618
1	88.7336
1	36.0662
1	152.144
1	245.334
1	157.351
1	76.7926
1	99.6876
1	119.106
1	61.9435
1	54.4156
1	82.4506
1	144.545
1	64.4041
1	134.155
1	90.2862
1	138.907
1	33.9306
1	82.7733
1	137.225
1	140.334
1	119.529
1	106.523
1	107.744
1	196.469
1	169.059
1	211.209
1	135.774
1	73.8225
1	105.064
1	142.094
1	83.4194
1	174.316
1	90.0785
1	212.409
1	189.429
1	134.561
1	87.6079
1	68.4217
1	92.3597
1	106.481
1	154.067
1	109.635
1	188.974
1	101.197
1	50.9725
1	96.6883
1	96.6849
1	99.29
1	96.4714
1	118.516
1	156.535
1	125.251
1	142.075
1	126.593
1	160.233
1	135.021
1	223.312
1	89.93
1	119.954
1	258.034
1	178.515
1	80.3118
1	142.541
1	113.569
1	235.973
1	123.217
1	126.691
1	153.74
1	154.677
1	148.122
1	73.249
1	104.881
1	125.608
1	119.374
1	48.4769
1	47.6325
1	114.678
1	150.222
1	150.708
1	161.036
1	120.311
1	87.6569
1	186.36
1	60.2646
1	102.568
1	78.6247
1	72.022
1	41.1509
1	83.5828
1	75.8172
1	108.76
1	96.3196
1	52.9621
1	147.713
1	159.191
1	128.595
1	45.7782
1	182.395
1	124.283
1	141.256
1	139.664
1	128.42
1	206.807
1	157.08
1	106.286
1	62.5408
0	2.94171e-06
1	53.7557
1	97.421
1	139.603
1	52.0701
1	44.8788
1	81.3968
1	86.3493
1	55.891
1	50.8236
1	141.708
1	82.2422
1	102.188
1	87.3744
1	90.1917
1	195.579
1	80.8562
1	145.967
0	73.9275
1	94.6201
1	78.1275
1	82.8011
1	52.8013
1	36.4512
1	66.7241
1	70.0978
1	157.212
1	77.1984
0	7.9114e-05
1	159.546
1	135.181
1	67.016
1	106.489
1	58.2165
1	59.1902
1	234.7
1	131.969
1	52.8181
1	74.0215
1	86.0194
1	118.836
1	109.056
1	156.996
1	97.5957
1	129.398
1	186.669
1	242.676
1	74.3804
0	54.8988
1	157.695
1	68.0341
1	133.856
1	97.5742
1	164.744
1	63.182
1	76.7364
1	21.8269
1	168.666
1	92.302
1	121.63
1	80.348
1	126.82
1	93.2542
1	187.639
1	114.186
1	97.7649
1	97.1712
1	209.303
1	115.943
0	2.88567e-05
1	168.002
1	70.146
1	125.508
0	28.7364
1	165.325
1	132.37
1	74.9896
1	78.279
1	49.7176
1	44.0233
1	63.6088
1	115.731
1	79.5707
0	96.4327
1	196.902
1	262.829
1	116.705
1	98.9414
1	77.055
1	111.907
1	63.7435
1	164.895
1	107.542
1	189.793
1	162.269
1	79.7058
1	110.482
1	132.059
1	76.0418
1	94.4497
1	96.5231
1	171.775
1	86.0287
1	306.363
1	191.365
1	123.458
1	73.1855
1	193.027
1	259.983
1	102.581
1	96.9185
1	87.7002
1	136.765
0	3.29941
1	35.7079
1	101.237
1	142.184
1	91.4444
1	123.063
1	97.8297
1	77.2637
1	122.96
1	71.2624
1	84.2247
1	64.1856
1	112.149
1	98.429
1	86.1193
1	166.06
1	249.463
1	156.058
1	83.9394
1	145.348
1	141.499
1	77.3113
1	96.8647
1	90.1089
1	75.8642
1	152.627
1	142.305
1	166.649
0	0.000144488
1	196.153
1	109.074
1	115.723
1	30.2744
1	140.375
1	45.5209
1	125.848
1	77.9589
1	64.709
1	150.319
1	55.3669
1	135.628
1	110.937
1	83.3012
1	113.791
1	46.6789
1	165.019
1	110.114
1	209.297
1	86.4308
1	89.1712
1	61.4027
1	79.167
1	109.049
1	64.9642
1	91.8873
1	177.222
1	196.692
1	89.0786
1	144.885
1	52.9506
1	152.177
1	152.333
1	150.016
1	193.772
1	49.6773
1	68.2873
1	51.0076
1	75.9152
1	74.2548
1	116.186
1	85.088
1	104.502
1	148.746
1	105.786
1	152.946
1	111.634
1	137.118
1	75.3878
1	83.6731
1	71.0613
1	87.7611
1	79.885
1	123.155
1	129.942
1	148.066
1	146.786
1	79.5116
1	70.7413
1	94.0846
1	185.362
1	62.8006
1	231.389
1	166.759
1	83.7032
1	155.98
1	107.058
1	98.1837
1	156.297
1	244.998
1	149.777
1	244.887
1	139.554
1	54.7538
1	70.3305
1	128.292
0	1.02668e-05
1	62.8217
1	61.0688
1	103.642
1	121.566
1	140.68
1	140.401
1	121.433
1	82.8419
1	76.6857
1	24.4682
1	124.561
1	102.927
1	106.425
1	93.0709
1	107.403
0	2.63663e-05
1	176.641
0	2.03679e-05
1	206.43
1	161.246
1	78.1746
1	68.2313
1	79.0495
1	109.008
1	78.08
1	255.201
1	111.57
1	78.4713
1	181.416
1	211.898
1	107.931
1	244.765
1	78.349
1	43.9527
1	244.581
1	115.746
1	107.809
1	60.187
1	55.9282
1	236.824
1	133.064
1	59.8198
1	69.4505
1	108.053
1	88.2697
1	188.274
1	83.7431
1	127.262
1	77.3418
1	114.194
1	85.0713
1	70.3931
1	133.921
1	111.813
1	103.916
1	68.1888
1	67.9961
1	71.5693
1	72.4755
1	37.8931
1	75.6658
1	36.0703
1	88.9364
1	146.887
1	68.7336
1	114.163
1	107.386
1	52.5259
1	180.828
1	64.4984
1	275.28
1	47.0577
1	92.8481
1	69.8028
1	18.4264
1	122.738
0	3.08178e-05
1	104.171
1	65.9448
1	117.622
1	137.049
1	138.039
1	44.7842
1	86.9409
1	159.291
1	80.0657
1	53.1503
1	72.7081
1	96.7854
1	178.253
1	101.456
1	93.1187
1	121.114
1	110.128
1	111.441
1	57.0096
1	76.1928
1	126.054
1	101.003
1	53.0461
1	119.332
1	104.893
1	117.295
1	92.3862
1	229.251
1	53.1837
1	142.592
1	64.2006
1	49.6626
1	45.8557
1	172
1	178.934
1	76.5316
0	2.78193e-05
1	151.458
1	90.7673
1	105.897
1	52.4339
1	87.5296
1	156.632
1	66.9089
1	66.7598
1	242.401
1	84.7019
1	72.8834
1	42.776
1	107.634
1	51.166
1	45.4116
1	90.6789
1	83.3713
1	145.672
1	84.585
1	250.903
1	99.4506
1	141.17
1	100.61
1	99.1129
1	90.4432
1	54.871
1	66.0238
1	83.3079
1	75.1787
1	84.7806
1	96.2818
1	136.356
1	78.4094
1	48.5088
1	63.4941
1	40.5862
1	74.6148
1	118.317
1	34.1916
1	112.731
1	97.8437
1	123.193
1	112.292
0	46.4163
1	74.2692
1	96.8622
1	46.7752
1	94.5233
1	77.5197
1	180.521
1	70.4512
1	89.773
1	129.643
1	150.341
1	161.993
1	207.505
1	107.357
1	61.7112
1	128.669
1	110.093
1	152.876
1	149.713
1	102.154
1	110.858
1	97.0474
1	53.3249
1	106.43
1	119.15
1	145.021
0	0.000165294
1	91.5223
1	66.6943
1	172.304
0	93.7921
1	140.705
1	217.55
1	97.1385
1	46.6068
1	90.9383
1	120.059
1	131.838
1	92.1341
1	118.227
1	232.563
1	57.3173
1	129.36
1	93.0677
1	59.1909
1	96.5587
1	74.5145
1	68.7568
1	74.9964
1	86.1074
1	98.612
1	49.1855
1	252.832
1	125.146
1	92.0351
1	127.501
1	79.3078
1	158.071
0	87.3031
1	109.667
1	204.414
1	82.795
1	152.242
1	70.1178
1	128.115
1	134.844
1	127.853
1	98.2048
1	100.815
1	79.0102
1	94.8048
1	77.2185
1	101.982
1	74.7739
1	116.393
1	71.1888
1	176.292
1	122.407
1	137.129
1	151.822
1	91.2759
1	127.86
1	103.191
1	207.912
1	147.518
1	80.5773
1	205.534
1	58.8447
1	56.5861
1	282.017
1	100.4
1	78.3717
1	165.563
1	38.7613
1	182.573
1	82.2476
1	78.8317
1	45.4845
1	115.554
1	175.155
1	144.213
1	119.716
1	157.838
1	241.963
1	120.717
1	109.216
1	135.71
1	154.621
1	104.879
1	80.1263
1	125.951
1	75.9961
1	110.127
1	68.6016
1	107.162
1	93.081
1	62.1231
1	102.086
1	90.3932
1	107.589
1	101.639
1	129.242
1	173.301
1	112.367
1	164.078
1	164.362
1	143.108
1	101.088
1	156.015
1	89.3759
1	126.529
1	42.0395
1	111.128
1	80.441
1	169.83
1	28.0146
1	96.8844
1	68.2504
1	82.477
1	143.045
1	177.7
1	86.7155
1	106.903
1	123.55
1	105.196
1	61.9839
0	6.66679
1	95.5747
1	103.041
1	64.9575
1	181.34
1	52.4862
1	90.3993
1	51.0094
1	147.226
1	60.1252
1	40.9988
1	78.6219
1	68.6443
1	155.598
1	97.3709
1	135.079
1	119.093
1	306.116
1	96.5626
1	53.772
1	91.5668
1	231.236
1	87.0272
1	113.334
1	108.248
1	36.7372
1	122.964
1	145.731
1	95.1917
1	146.922
1	125.954
1	50.0488
1	84.9849
1	67.9553
1	65.8
1	132.489
1	125.846
1	124.191
1	173.305
1	108.135
1	102.867
1	74.0891
1	131.23
1	100.829
1	122.91
1	93.2805
1	57.7689
1	63.4092
1	92.8364
1	204.007
1	46.3106
1	73.6778
1	74.2426
1	67.5344
1	165.396
1	130.526
1	183.96
0	2.5983e-05
1	88.8784
1	117.505
1	59.7661
1	58.2753
1	57.1046
1	84.4286
1	198.01
1	147.572
1	151.79
1	85.9249
1	149.748
1	43.8126
0	3.18098e-06
1	111.349
1	128.094
1	142.993
1	119.521
1	107.806
1	56.0136
1	144.748
1	77.2165
1	150.183
1	94.9527
1	104.661
1	103.186
1	93.6906
1	84.6572
1	90.1209
1	46.6662
1	98.1384
1	79.4114
1	83.2879
1	84.348
1	78.0686
1	107.701
1	134.243
1	94.8365
1	105.711
1	92.6924
1	89.0877
1	116.819
1	45.3966
1	155.235
1	68.2085
1	77.8277
1	85.0241
1	60.6144
1	97.2731
1	195.298
1	113.083
1	109.474
1	90.5565
1	35.6601
1	138.428
1	103.64
1	133.06
1	155.28
1	104.166
1	65.6137
1	74.5287
1	47.3116
1	83.1137
1	110.084
1	36.2911
1	124.226
1	100.406
1	174.59
1	163.917
1	195.312
1	183.444
1	171.858
1	112.753
1	105.24
1	91.6875
1	156.714
1	100.18
1	111.14
1	76.369
1	85.8618
1	101.205
1	117.725
1	101.154
1	106.652
1	122.642
1	87.904
1	59.7774
1	109.198
1	82.9775
1	97.684
1	73.2085
1	92.8185
1	89.3903
1	89.9423
1	102.34
1	99.7238
1	138.513
1	48.6346
1	85.5085
1	56.7004
1	293.478
1	132.504
1	113.842
1	203.729
1	110.492
1	109.909
1	51.5188
1	117.635
1	115.521
1	87.165
1	50.904
1	123.37
1	129.252
1	98.8674
1	166.55
1	122.177
1	141.276
1	57.0583
1	170.663
1	48.621
1	66.6935
1	104.932
1	96.4087
1	137.539
1	95.1024
1	123.35
1	69.5717
1	63.9362
1	164.339
1	88.8166
1	228.94
1	241.717
1	99.9494
1	77.5549
1	53.5899
1	52.5738
1	140.206
1	68.2583
1	81.2498
1	69.9179
1	129.092
1	83.0407
1	131.655
1	94.2929
1	208.841
1	56.766
1	124.129
1	145.277
1	101.76
1	129.763
1	88.8583
1	94.0391
1	116.599
1	85.4533
1	66.3691
1	85.819
1	296.272
1	70.8162
1	63.4162
1	72.2942
1	209.696
1	93.1548
1	152.77
0	2.84868e-05
1	72.9685
1	138.918
1	92.088
1	109.278
1	76.918
1	113.624
1	146.671
1	89.154
1	68.6258
1	58.1256
1	150.509
1	100.286
1	141.249
1	207.886
1	57.0345
1	96.7704
1	89.902
1	159.632
1	88.966
0	3.10276
1	142.47
1	109.942
1	140.943
1	183.784
1	156.712
1	110.568
1	86.345
1	142.229
1	66.7648
1	122.552
1	131.66
1	109.792
1	153.214
1	85.7167
1	115.541
1	99.4944
0	24.077
1	27.8119
0	4.14471e-05
1	161.8
1	88.6024
1	39.4616
1	61.4354
1	118.688
1	164.297
1	108.147
1	40.8208
1	62.5375
1	71.133
1	111.044
1	34.2005
1	191.274
1	121.551
1	87.8434
1	51.812
1	136.312
1	109.044
1	105.228
1	138.509
1	163.757
1	108.735
1	47.7815
1	164.468
1	78.266
1	158.447
1	72.3918
1	124.164
1	105.97
1	87.1766
1	67.6275
1	124.748
1	130.917
1	165.203
1	34.3913
1	110.602
1	42.0404
1	130.598
1	146.701
1	179.373
1	224.047
1	39.8797
1	73.9652
1	104.189
1	183.943
1	92.2243
1	77.1374
1	101.961
1	98.0909
1	78.3027
1	142.345
1	52.4167
1	188.667
1	290.43
1	72.3303
1	95.255
1	65.4208
1	265.762
1	75.6947
1	89.7966
1	65.111
1	232.378
0	15.1397
1	47.495
1	187.784
1	191.319
1	81.1127
1	75.6264
1	149.912
1	144.774
1	97.0796
1	55.4451
1	134.769
1	113.629
1	92.8676
1	182.368
1	164.489
1	96.8693
1	62.3159
1	82.7451
1	81.7425
1	146.273
1	117.849
1	140.976
1	154.038
1	98.1944
1	58.8695
1	80.9516
1	65.9292
1	172.303
1	56.9584
1	79.4997
1	100.903
1	78.4413
1	162.773
1	233.644
1	143.783
1	126.519
1	67.3196
1	222.204
1	43.2306
1	70.3701
1	188.599
1	79.677
1	104.45
1	137.733
1	118.765
1	56.7715
1	42.6204
1	89.557
1	44.9416
1	41.2124
1	302.648
1	97.0728
1	184.739
1	175.275
1	85.0783
0	31.0998
1	140.734
1	222.455
1	75.9754
1	88.8937
1	51.3139
1	72.8822
1	100.239
1	34.674
1	70.9529
1	160.754
1	82.2076
1	158.489
1	79.6204
1	126.883
1	111.872
0	1.21351e-05
1	85.2674
1	176.007
1	67.1323
1	73.1308
1	75.3939
1	92.812
1	98.1097
1	59.8815
1	123.189
0	46.2078
1	68.0548
1	68.0497
1	67.0896
1	215.015
1	126.525
1	145.043
1	105.835
1	81.0149
1	325.828
1	83.0277
1	83.0419
1	177.876
1	87.1109
1	96.7555
1	233.873
1	216.127
1	81.0183
1	243.14
1	63.7518
1	123.001
1	61.5268
1	104.073
1	145.926
1	126.441
1	102.889
1	54.6666
1	189.323
1	87.027
1	76.0926
1	137.922
1	95.5346
1	102.521
1	63.1985
1	74.6488
1	58.9393
1	128.472
1	120.589
1	81.9866
1	101.346
1	72.8286
1	23.4539
1	107.44
1	214.344
1	117.687
1	81.0578
1	85.2187
1	227.459
1	93.6117
1	118.123
1	35.7886
1	92.441
1	101.523
1	62.7731
1	78.6932
1	138.142
1	147.86
1	74.2904
1	139.88
1	66.8756
1	83.3025
0	5.04289e-05
1	86.839
1	151.618
1	52.7854
0	2.53236e-05
1	50.3489
1	66.3325
1	69.8079
1	138.201
1	93.2395
1	153.427
1	256.339
1	113.405
1	158.242
1	91.8483
1	95.4479
1	162.91
1	99.3812
1	169.192
1	82.0056
1	92.0031
1	59.9535
1	140.791
1	111.779
1	108.936
1	247.208
1	103.299
1	136.085
1	139.905
1	120.539
1	71.805
1	112.372
1	111.199
1	65.8116
1	59.1038
1	177.438
1	156.216
1	107.354
1	66.0641
1	44.7403
1	84.4318
1	62.0735
1	126.267
1	83.7479
1	61.1656
1	89.114
1	128.992
1	164.22
0	34.0997
1	81.7168
1	161.955
1	95.3169
1	130.199
1	77.1376
1	86.4518
1	111.2
1	149.137
1	44.3231
1	228.639
1	54.4464
1	95.6617
1	80.5598
1	81.8584
1	51.8526
1	165.967
1	95.4197
1	41.9397
1	78.465
1	108.47
1	83.3714
1	156.692
1	87.797
1	229.544
1	121.311
1	119.755
1	37.3602
1	200.593
1	88.5195
1	109.219
1	73.4884
1	104.508
1	46.4791
1	102.955
1	131.936
1	163.643
1	114.206
1	62.0256
1	60.2069
1	143.794
0	58.6266
1	62.5574
1	114.156
1	80.9453
1	52.2203
1	148.258
1	164.635
1	48.491
1	92.8155
1	136.876
1	75.0627
1	75.9716
1	166.065
1	74.5428
1	110.485
1	95.9289
1	55.6324
1	112.906
1	72.1783
1	80.7144
1	96.9335
1	243.003
1	118.773
1	57.5435
1	41.3258
1	115.17
1	88.9187
1	52.0106
1	91.7813
1	230.01
1	77.1383
1	153.167
1	68.4466
1	106.234
1	95.6267
1	81.3911
1	95.3344
1	79.7339
1	60.1171
1	113.286
1	124.142
1	71.2882
0	32.2835
1	197.376
1	109.076
1	136.454
1	136.212
1	97.5146
1	83.3977
1	61.5546
1	84.2951
1	97.8368
1	98.6558
1	241.118
1	138.241
1	107.668
1	146.558
1	136.952
1	74.0342
1	53.6009
1	94.348
1	122.6
1	75.3875
1	161.002
1	205.862
1	59.1884
1	61.8728
1	121.352
1	123.242
1	151.188
1	190.354
1	93.6118
1	252.823
1	123.523
1	79.6823
1	144.29
1	43.7076
1	91.8408
1	144.668
1	58.6265
1	112.057
0	7.28165e-07
1	149.677
1	121.72
1	132.589
1	158.209
1	107.94
1	198.485
1	162.727
1	96.9424
1	131.194
1	108.703
1	82.943
1	112.942
1	118.226
1	99.0443
1	183.414
1	112.5
1	54.2111
1	83.6124
1	61.2042
1	125.896
1	67.5058
1	75.8938
1	79.4698
1	126.911
1	92.7336
1	61.1224
1	148.108
1	124.965
1	135.027
1	58.6472
1	108.233
1	131.505
1	102.234
1	84.2798
1	90.7924
1	206.977
1	35.1054
1	131.096
1	150.889
1	74.4225
1	86.9132
1	38.9137
1	122.801
1	71.3848
1	102.99
1	92.0037
1	214.168
1	78.3541
1	87.8059
1	93.8936
1	73.3421
1	71.8623
1	127.313
1	101.549
1	98.0198
1	96.47
1	101.576
1	65.0558
1	289.767
1	69.5094
1	97.683
1	117.054
1	79.5277
1	130.518
1	129.585
1	91.0011
1	205.394
1	81.841
1	119.866
1	94.5264
1	66.7069
1	243.203
1	155.789
1	132.169
1	237.297
1	52.5689
1	87.1842
1	215.407
1	146.279
1	106.59
1	165.615
1	140.542
1	66.2182
1	99.8017
1	263.948
1	69.8984
1	111.821
1	96.6018
1	225.388
1	55.1208
1	268.174
1	128.222
1	114.816
1	80.3113
1	41.3397
1	74.1819
1	119.609
1	130.458
1	127.816
1	66.7552
1	81.3245
1	162.476
1	127.333
1	39.9275
1	110.535
1	69.5404
1	112.166
1	191.289
1	102.256
1	104.306
1	58.0166
1	178.535
1	96.3998
1	90.2709
1	73.151
1	66.0367
1	171.432
1	115.101
1	348.442
1	94.572
1	174.141
1	68.4536
1	173.467
1	111.21
1	117.498
1	131.418
1	109.676
1	103.303
1	180.325
1	104.657
1	111.282
1	95.0589
1	76.5126
1	47.332
1	106.113
1	90.1405
0	2.4183e-05
1	106.411
1	76.6084
1	116.293
1	173.589
1	36.6241
1	184.013
1	124.062
1	91.3378
1	93.9184
1	180.301
1	94.6949
1	101.06
1	84.0223
1	158.63
1	144.344
1	91.1997
1	67.2309
1	51.1531
1	126.884
1	107.777
1	107.825
1	137.261
1	123.926
1	58.1562
1	122.508
0	19.7076
1	128.539
1	118.184
1	41.0441
1	63.3949
1	98.5839
1	78.6946
1	125.223
1	139.457
1	132.437
1	95.49
1	248.569
1	93.0617
1	51.3605
1	79.2468
1	62.9625
1	128.826
1	97.0831
1	114.859
1	112.437
1	96.2687
1	113.731
1	97.9821
1	187.731
1	68.7426
1	163.928
1	43.6648
1	134.895
1	180.005
1	105.708
1	185.7
1	62.7305
1	69.5788
1	152.177
1	204.279
1	257.067
1	84.4253
1	75.4303
1	140.753
1	178.056
1	80.9821
1	120.82
1	65.5924
1	81.0008
1	162.647
1	109.456
1	38.6191
1	80.1134
1	338.349
1	142.607
1	102.204
1	108.459
1	109.41
1	72.9822
1	139.412
1	99.3584
1	122.12
1	118.193
1	112.109
1	116.36
1	74.2851
1	187.241
1	172.905
1	103.215
1	151.047
1	75.4256
1	56.1576
1	234.535
1	196.825
1	86.2549
1	113.741
1	92.8108
1	215.038
1	81.9053
1	101.164
1	99.3512
1	90.9017
1	147.572
1	75.5813
1	83.663
1	87.0662
1	91.1512
1	155.05
1	142.876
1	167.275
1	99.0193
1	105.18
1	100.211
1	74.6122
1	252.162
1	81.5714
1	133.183
1	59.2456
1	128.461
1	191.461
1	162.661
1	95.7534
1	84.7538
0	21.6909
1	71.9737
1	69.4896
1	98.0845
0	0.000100714
1	130.362
1	126.167
1	74.3495
1	97.0321
1	118.17
1	121.436
1	78.4464
1	85.0515
1	65.3894
1	91.1713
1	140.932
1	193.962
1	158.766
1	122.131
1	77.1993
1	147.688
1	82.2241
1	150.485
1	64.343
1	190.934
1	112.87
1	120.83
1	146.03
1	126.673
1	84.638
1	206.236
1	73.6921
1	75.2131
1	84.2587
1	53.795
1	116.933
1	113.518
1	84.1861
1	59.0257
1	103.805
1	88.4279
1	100.761
1	132.802
1	48.4012
1	62.4535
1	129.773
1	80.542
1	174.014
1	138.401
1	100.447
1	51.6654
1	69.5263
1	64.8576
1	92.5599
0	0.000154431
1	110.515
1	90.7518
1	83.6177
0	22.1851
1	88.9092
1	127.343
1	194.902
1	80.7114
1	89.1585
1	136.827
0	4.88907e-06
0	28.5271
1	96.4059
1	111.433
1	147.576
1	156.008
1	155.018
1	135.957
1	66.4624
1	98.0619
1	124.53
1	51.2369
1	144.146
1	67.1238
1	48.1063
1	82.364
1	70.3331
0	1.78482e-05
1	86.4736
1	125.536
1	54.9534
1	137.793
1	130.812
1	145.697
1	151.65
1	84.444
1	183.414
1	38.7418
0	4.2954e-05
1	106.401
1	95.8919
1	113.164
1	86.0409
1	69.1353
1	156.502
1	62.5555
1	179.916
1	56.1344
1	83.849
1	155.117
1	115.918
1	187.1
1	239.786
1	110.752
1	100.85
1	63.4147
1	61.0522
1	91.7112
1	40.3179
1	184.603
1	89.8909
1	95.847
1	58.53
1	36.3059
1	85.8374
1	109.401
1	110.417
1	139.55
1	96.5711
1	63.3185
1	131.929
1	199.163
1	142.26
1	161.193
1	91.6873
1	72.5858
1	51.6289
1	127.174
1	73.8735
1	124.349
1	129.323
1	52.7762
1	56.0033
1	175.311
1	79.9956
1	201.282
1	39.6566
1	117.658
1	86.6161
1	106.842
1	91.8103
1	136.319
1	104.889
1	80.8476
1	110.935
1	102.873
1	79.399
1	113.601
1	179.746
1	181.031
1	69.7588
1	141.379
1	211.38
1	57.6079
1	109.111
1	54.7434
1	124.616
1	122.311
1	159.944
1	112.304
1	119.692
1	105.411
1	39.1505
1	152.67
1	127.792
1	89.3178
1	114.795
1	76.4967
1	116.478
1	286.336
1	77.8722
1	104.706
1	136.942
1	99.6386
1	110.976
1	75.4204
1	135.014
1	142.011
1	63.0658
1	36.599
1	173.316
1	202.89
1	117.738
1	90.1018
1	119.691
1	67.9238
0	18.7102
1	64.1769
1	90.5471
1	81.4084
1	149.761
1	309.049
1	78.2071
1	141.738
1	38.9819
1	138.46
1	73.6288
1	103.153
1	132.05
1	118.769
1	104.494
1	104.942
1	64.6488
1	109.903
1	59.4667
1	113.255
1	79.7018
1	120.215
1	134.91
1	82.9679
1	82.6288
1	88.4414
1	66.7569
1	73.6825
1	167.902
1	198.339
1	97.2395
1	79.035
1	152.477
1	99.4669
1	125.186
1	53.354
1	72.8241
1	64.5752
1	100.658
1	120.856
1	58.1613
1	190.44
1	130.195
1	214.91
1	88.2406
1	74.6293
0	73.5098
1	142.033
1	120.506
0	2.30163e-05
1	28.1467
1	164.463
1	164.489
1	82.3268
1	206.131
1	95.5303
1	126.297
1	79.946
1	125.512
1	126.405
1	145.863
1	128.942
1	75.1973
0	3.53372
1	81.0868
0	2.84681e-05
1	207.628
1	116.056
1	92.2628
1	85.2008
1	182.458
1	92.8953
0	9.05142e-06
1	101.712
1	64.3945
1	73.582
1	178.588
1	108.458
1	82.8361
1	116.653
1	131.613
1	56.7459
1	208.911
1	86.0114
1	81.5156
1	159.024
1	84.6152
1	97.3965
1	57.5517
1	224.101
1	79.741
1	85.9623
1	99.1138
1	43.7786
1	62.8466
1	143.037
1	69.1767
1	98.5857
1	110.329
1	202.921
1	170.715
1	99.2951
1	255.846
1	161.926
1	133.352
1	131.635
1	33.5721
1	84.3457
0	1.00385e-05
1	110.514
1	107.184
1	105.747
1	76.8586
1	79.0432
1	163.338
1	70.4975
1	63.2834
1	64.636
1	156.757
1	114.84
0	91.4973
0	2.76253e-05
1	290.378
1	148.124
1	96.5883
1	118.516
1	97.27
1	125.682
1	216.655
1	165.211
1	99.1651
1	37.1404
1	126.857
1	226.329
1	55.7061
1	108.648
1	44.2993
1	100.504
1	260.129
0	3.61447e-05
1	55.9806
1	116.373
1	130.899
1	125.629
1	133.206
0	7.99794e-06
1	180.476
1	138.087
1	205.975
1	126.735
1	100.311
1	138.058
1	109.887
1	92.6281
1	144.364
1	129.851
1	47.291
1	267.299
1	98.3656
1	131.325
1	65.3949
1	147.646
1	40.9861
1	163.939
1	41.5455
1	195.745
1	120.204
1	67.5744
1	63.4058
1	127.838
1	94.173
1	19.9699
1	118.054
1	85.6261
1	171.099
1	239.311
1	149.984
1	72.6236
1	77.6473
1	156.93
1	77.0533
1	102.921
1	69.4937
1	91.8308
1	101.924
1	50.7369
1	65.65
1	86.074
1	82.4637
1	80.309
1	80.1266
1	93.509
1	59.488
1	117.826
1	112.643
1	51.5286
1	117.301
1	161.042
1	55.6921
1	146.072
1	67.2473
1	38.6779
1	99.7267
1	98.379
1	244.497
1	76.4547
1	155.406
1	90.2572
1	153.775
1	132.431
1	79.3167
1	125.211
1	81.4735
1	186
1	96.6949
1	58.5761
1	101.278
1	155.526
1	204.659
1	56.5778
1	148.151
1	118.877
1	116.684
1	182.926
1	106.393
0	4.86543
1	99.1284
1	42.6138
1	183.409
1	77.7184
1	272.608
1	68.0866
1	131.761
1	124.769
0	0.68571
1	100.07
1	153.149
1	106.992
1	35.7688
1	133.143
1	186.586
1	72.542
1	55.5311
1	75.8393
1	161.574
1	66.0192
1	76.9443
1	279.652
1	138.64
1	107.57
1	73.5605
1	47.69
1	122.194
1	136.872
1	143.15
1	102.844
1	83.0462
1	69.8196
1	88.1651
1	82.9789
1	136.018
1	216.63
1	75.62
1	106.309
1	171.392
1	58.6213
1	61.7929
1	137.984
1	120.589
1	174.56
1	160.669
1	129.846
1	77.4707
1	115.49
1	80.307
1	95.1326
1	67.5456
1	88.0153
1	116.13
1	95.5555
1	66.4093
1	64.8718
1	113.218
1	130.365
1	95.2722
1	152.414
1	36.8509
1	115.14
1	39.4902
1	134.372
1	102.216
1	65.0498
1	80.0038
1	224.583
1	99.2203
1	101.332
1	93.2751
1	167.115
1	92.753
1	109.327
1	82.7122
1	113.536
1	56.6378
1	122.99
1	60.6192
1	32.2039
1	152.233
1	101.232
1	95.2765
1	101.447
1	72.2851
1	80.5937
1	113.168
1	81.3649
1	102.436
1	204.159
0	21.3982
1	123.139
1	105.421
1	57.5565
1	132.802
1	127.872
1	43.1616
1	136.071
1	69.7378
1	73.5364
1	114.705
1	182.715
1	114.335
1	44.7817
1	95.3213
1	103.487
1	92.6908
1	124.328
1	128.657
1	102.664
1	86.8269
1	76.913
1	121.47
1	39.3886
1	71.6272
1	90.6119
1	77.4541
1	87.2889
1	123.451
1	79.1547
1	186.143
1	114.635
1	164.433
1	76.3463
1	71.8481
1	141.556
1	75.1354
1	46.4376
1	80.5876
1	42.9482
1	122.228
1	236.459
1	226.011
1	117.942
1	184.043
1	36.5078
1	80.8246
1	114.006
1	68.788
1	126.345
1	79.3829
1	126.329
1	89.8486
1	97.697
1	96.0265
1	47.3093
1	90.1411
1	103.01
1	72.3895
1	190.535
1	107.277
1	148.615
1	115.073
1	83.8167
1	129.185
1	102.747
1	81.886
1	88.1674
1	175.223
1	173.506
1	80.2384
1	72.9255
1	145.559
1	104.774
1	94.5
1	107.014
1	95.657
1	156.962
1	107.234
1	88.6778
1	46.606
1	82.4054
1	141.907
1	84.2518
1	125.45
1	109.246
1	100.218
1	92.8419
1	162.543
1	104.273
1	160.618
1	204.985
1	69.0123
1	115.902
1	74.2957
1	46.1286
1	59.9843
1	103.668
1	156.938
1	69.9621
1	63.06
1	124.242
1	109.332
1	123.599
1	152.136
1	114.107
1	172.082
1	69.7929
1	90.8807
1	173.145
1	98.7943
1	50.9611
1	114.434
1	101.134
1	112.761
1	136.771
1	56.4036
1	121.891
1	133.988
1	72.7675
1	48.1226
1	104.208
1	87.3014
1	146.655
1	88.8453
1	108.892
1	58.1236
1	32.0601
1	41.3545
1	114.032
1	193.28
1	88.7639
1	121.192
1	136.144
1	51.5097
1	106.93
1	106.136
1	107.266
1	201.422
1	116.087
1	48.639
1	157.518
1	258.011
1	152.608
1	121.552
1	60.3413
1	94.14
1	105.378
1	91.8189
1	90.3209
1	199.978
1	56.5376
1	132.962
1	78.5088
1	70.0539
1	160.418
1	218.504
1	94.9196
1	146.441
1	72.7666
1	79.7127
1	204.829
0	160.339
1	110.074
1	123.194
1	80.6004
1	157.522
1	67.0841
1	89.286
1	90.1881
1	69.0911
1	111.07
0	7.83693e-05
1	76.8507
1	54.4526
1	118.447
1	85.0251
1	221.477
1	87.4074
1	258.686
0	16.0611
1	99.2919
1	93.6825
1	109.072
1	145.03
1	164.841
1	71.6437
1	203.043
1	56.6372
1	51.2145
1	71.5914
1	253.988
1	225.553
1	72.6646
1	247.711
1	57.129
1	50.0966
1	314.727
1	41.2916
1	188.753
1	126.289
1	94.582
1	125.846
1	87.8887
1	91.5407
0	40.8683
1	101.774
1	119.338
1	68.5064
1	113.264
1	68.9351
1	178.934
1	42.5578
1	95.0131
1	88.1688
1	133.756
1	46.2862
1	88.9378
1	147.022
1	122.654
1	46.9506
1	302.772
1	89.8859
1	42.6389
1	95.2484
1	120.609
1	54.8413
1	57.1776
1	266.938
1	100.658
1	98.4048
1	117.548
1	94.6485
1	94.024
1	45.9238
1	106.249
1	97.7501
1	89.2821
1	70.8199
1	69.7691
1	109.599
1	88.2171
0	44.8196
1	172.669
1	144.336
1	142.403
1	170.672
1	110.934
1	130.572
1	36.0803
1	163.807
1	89.6248
1	89.9634
1	91.5539
1	84.6081
1	102.61
1	69.1345
1	92.0559
1	94.1791
1	125.277
1	158.575
1	78.0822
1	50.109
1	115.606
1	208.417
1	124.019
1	86.5675
1	86.1398
1	61.5118
1	126.753
1	237.063
0	149.525
1	126.478
1	94.2133
1	143.91
1	123.312
1	62.7927
1	65.8942
1	54.6928
0	29.443
1	80.7908
1	62.9268
1	106.373
1	90.6067
1	121.183
1	63.2034
1	54.7397
1	99.0254
1	44.7328
1	94.6618
1	78.5178
1	90.1184
1	74.5083
1	163.369
1	47.5472
1	80.9104
1	116.306
1	95.3332
1	92.8127
1	105.922
1	130.874
1	75.8896
1	91.2784
1	114.622
1	199.439
1	125.844
1	154.175
1	77.4056
1	124.972
1	149.921
1	74.6788
1	142.213
1	147.934
1	147.16
1	185.417
1	117.767
1	65.9763
1	127.393
0	7.74149e-06
1	122.691
1	307.859
1	47.5184
1	230.138
1	99.658
1	85.7343
1	233.181
1	71.4287
1	65.0531
1	97.5303
1	45.3231
1	128.369
1	120.654
1	90.6396
1	160.66
1	96.0962
1	112.802
1	51.5969
1	150.759
1	157.032
1	113.647
1	29.002
1	146.613
1	69.7787
1	121.496
1	139.139
1	107.054
1	60.7056
1	30.8761
1	59.9158
1	65.2784
1	97.1832
1	152.468
1	129.483
1	88.4615
1	143.426
1	115.706
1	122.941
1	150.831
1	89.3888
1	60.519
1	120.527
1	122.346
1	96.3829
1	152.904
1	65.0855
1	116.081
1	157.806
1	121.176
1	172.058
1	32.2446
1	77.4213
1	207.773
1	136.568
1	133.049
1	84.9151
1	151.894
1	195.07
1	153.249
1	173.627
1	63.3911
1	84.0923
1	207.989
1	88.115
1	113.896
1	121.046
1	137.709
1	150.088
1	91.148
1	112.045
1	47.1656
1	98.0736
1	108.297
