10000	1	9900	0.00208333
0.025641	193.323	28667.7	0.0228438	3.16228e-05
1	276.774
1	215.302
1	239.631
1	282.329
0	4.79621
0	44.3736
1	211.967
1	209.119
1	339.628
1	214.25
1	380.693
0	10.7467
1	269.358
1	528.713
0	144.439
1	248.713
1	175.82
1	354.519
0	32.5511
1	259.818
1	169.079
0	15.4788
0	99.2467
1	351.853
1	151.241
1	212.57
1	195.95
1	176.615
0	20.4615
1	167.64
1	236.33
1	214.328
1	170.647
0	1.53643e-05
1	170.403
1	194.256
0	52.3215
1	376.146
0	11.5532
1	201.469
1	251.125
0	135.099
1	284.002
0	8.43214e-05
1	202.326
1	284.899
1	221.137
1	248.978
1	253.723
1	185.203
0	7.64927
1	252.522
1	187.383
0	18.1972
1	278.952
0	23.8879
1	185.663
1	262.821
0	67.4183
1	257.918
1	302.237
0	34.3115
1	303.443
0	32.6692
1	188.405
1	262.946
1	192.326
1	264.058
1	237.933
1	286.166
0	26.5881
1	201.231
0	44.7085
1	269.828
1	344.008
1	195.499
0	21.0216
1	252.509
1	321.106
1	420.603
1	299.09
1	337.25
1	260.342
0	15.8135
1	192.534
1	303.385
1	233.36
1	189.005
0	57.8749
1	375.773
0	142.394
1	302.448
1	250.646
1	206.738
1	302.642
0	36.512
1	240.599
1	187.329
1	252.629
1	360.403
1	347.601
1	319.017
1	162.934
0	33.5655
1	256.538
0	28.7206
1	228.985
0	67.7709
1	330.597
0	20.3367
1	242.458
1	201.032
0	21.0914
1	188.36
1	166.087
0	130.205
1	215.259
1	173.827
0	9.85523
1	256.795
0	43.8155
1	235.309
1	215.459
0	31.496
1	297.032
1	198.051
1	293.187
0	23.4016
1	270.621
1	250.967
1	382.978
1	244.805
1	296.623
1	253.151
1	254.671
0	28.7645
1	284.947
1	204.445
0	32.5991
0	42.3143
1	201.086
1	209.388
0	8.38514
1	356.069
1	316.991
1	284.552
1	267.946
0	10.4824
0	31.5075
1	254.005
1	235.975
1	326.109
1	235.149
1	271.303
1	228.781
0	143.265
1	273.869
1	289.014
1	255.255
1	187.282
1	330.116
1	287.182
1	209.967
1	247.801
0	29.9784
0	3.03613e-05
1	256.634
1	425.822
1	321.079
1	304.272
1	192.531
1	302.572
1	344.211
1	261.449
1	356.477
1	255.059
1	213.293
1	183.219
1	365.323
1	242.402
1	255.117
1	234.261
1	220.8
1	213.098
1	236.784
1	242.579
1	302.951
1	158.91
1	322.637
0	49.4426
0	35.5735
0	24.8415
1	208.062
1	246.387
0	71.6027
1	169.844
1	256.478
0	20.8492
0	50.7064
1	318.275
1	271.473
0	95.5618
1	206.566
1	197.01
1	235.527
0	138.503
1	200.14
1	295.105
1	347.014
1	189.674
1	301.466
1	282.536
1	190.586
1	142.53
1	357.182
1	265.455
1	350.88
0	106.743
1	201.715
0	16.8136
0	74.6
1	228.859
0	24.1836
0	92.2176
1	180.657
1	146.066
0	79.9879
0	1.33221
1	122.095
1	198.579
1	320.088
1	243.439
1	258.162
1	238.704
0	19.1919
1	307.551
1	277.743
1	339.591
1	238.19
1	479.823
1	331.897
1	181.906
0	6.63093
1	264.603
0	10.1746
1	226.526
1	246.235
0	18.2263
1	178.98
1	214.217
1	222.555
1	182.28
1	276.383
0	11.9855
1	312.566
1	181.723
1	333.687
1	248.408
1	293.736
0	77.4756
1	223.864
1	244.274
0	2.06212
1	337.767
0	80.5068
1	185.702
0	6.91033
0	148.832
1	244.29
1	336.999
1	178.739
1	150.586
1	392.541
1	379.714
1	247.903
1	211.878
1	257.46
1	338.254
1	209.532
1	157.826
0	158.81
0	7.974e-06
0	11.4768
0	10.0848
1	283.271
1	196.832
0	15.2724
0	51.7051
1	169.941
1	254.55
1	268.715
1	230.127
1	266.736
0	0.113838
1	339.839
1	255.605
0	86.7736
1	197.478
1	271.906
0	19.4499
0	51.4126
1	247.001
1	218.068
1	225.171
1	181.2
0	144.36
1	264.575
1	256.594
1	345.792
0	5.20807
1	331.387
1	326.748
1	458.709
0	13.7891
1	279.177
1	163.039
1	288.901
1	252.402
1	312.59
1	302.279
1	234.242
1	355.219
1	211.412
1	270.654
1	189.817
1	232.114
1	265.644
1	181.965
0	4.99199e-05
1	248.648
1	268.524
0	77.7883
1	230.848
1	241.702
1	303.65
1	246.276
0	49.7303
1	195.291
1	318.004
1	227.154
1	232.314
1	274.091
1	336.135
1	248.466
1	328.515
1	183.4
0	39.5435
0	4.48296
1	240.965
1	337.263
0	12.6376
0	15.1633
1	310.168
1	289.835
1	245.332
1	229.195
1	193.124
1	228.181
0	61.0005
1	235.73
1	327.969
1	393.434
1	369.792
0	92.3503
1	347.308
1	241.138
1	511.287
1	201.651
0	59.3652
1	226.185
0	0.567038
1	368.129
0	10.5043
1	214.075
1	313.393
0	1.54073
1	342.01
0	88.1361
0	84.9436
1	163.094
1	191.594
1	364.163
1	357.398
0	8.0514
1	185.128
1	224.055
1	306.441
1	204.451
0	2.9447
1	257.129
0	3.31232
0	40.8265
0	101.074
1	313.318
1	242.068
1	347.379
0	24.4433
1	218.433
1	242.627
1	298.868
1	425.902
1	172.981
1	296.352
1	186.226
1	254.882
1	224.194
1	217.722
1	261.979
0	8.51279
1	219.165
1	211.855
1	304.12
0	8.2188
1	259.79
1	228.803
1	205.96
0	7.80625
1	177.529
1	255.875
1	283.67
1	201.455
1	237.943
1	343.63
1	205.832
0	91.0373
0	123.876
1	276.102
0	27.9305
1	201.54
1	174.374
1	195.707
1	262.85
1	185.909
0	33.1889
0	5.36108
1	196.759
1	249.659
1	248.073
1	387.206
1	397.777
1	236.642
1	346.303
1	217.705
1	218.071
0	38.5506
0	21.647
1	253.924
1	278.282
1	293.894
1	326.29
1	197.138
0	28.1763
1	284.626
0	86.0109
0	32.5535
1	165.65
0	199.887
1	181.254
1	273.706
1	320.121
1	250.323
1	136.211
0	20.6507
1	240.4
0	85.9973
1	241.859
1	228.673
0	14.3108
1	212.664
1	264.25
1	212.353
1	222.753
1	243.041
1	221.538
1	225.988
1	251.125
1	256.361
0	69.0265
1	223.193
0	17.5796
1	234.076
1	184.163
1	239.337
1	276.106
1	173.288
1	234.617
1	204.408
1	340.691
1	220.573
0	66.5398
1	250.731
1	286.102
1	292.645
1	282.305
0	105.558
1	232.897
1	159.589
1	297.882
1	207.183
0	17.5213
0	31.3611
0	12.0959
1	234.822
0	5.69864
1	377.539
1	295.573
1	316.892
0	101.956
0	80.487
0	12.3967
0	10.1408
1	433.819
1	245.127
1	208.5
1	247.459
1	184.438
1	324.354
1	272.017
1	311.683
1	306.774
1	350.798
1	160.11
0	81.2678
1	317.916
0	5.38745
1	220.57
0	21.0073
0	3.46551
0	14.6768
1	275.861
1	242.925
1	226.502
1	254.422
0	0.802842
1	303.317
1	228.649
1	219.378
1	245.07
1	268.436
1	298.727
1	270.5
1	215.809
0	32.2399
0	93.0753
1	190.79
1	265.893
1	241.904
1	282.037
1	152.907
0	16.341
1	237.412
1	251.957
1	261.349
1	437.186
1	242.189
1	199.809
0	3.95237
1	272.751
1	155.454
0	5.1491
1	155.042
1	207.958
1	332.567
1	178.769
1	211.57
1	275.757
1	232.653
1	208.545
1	239.997
0	2.34142
0	57.0307
1	267.572
1	349.594
1	225.701
0	4.64312
1	213.475
0	44.4488
0	56.3332
1	350.683
1	143.571
1	397.145
1	486.537
1	208.237
0	78.5963
1	231.458
1	195.705
1	353.013
1	184.133
0	107.876
1	179.124
1	240.357
1	199.148
0	43.7849
1	244.271
0	75.6093
0	3.21291
1	249.959
0	14.3235
1	234.638
1	246.436
1	300.263
0	7.69521
1	317.88
1	202.238
0	13.2215
1	223.78
1	281.96
1	185.809
0	52.839
0	0.0348604
0	27.6701
1	276.691
1	187.175
1	269.528
1	453.992
1	269.074
1	190.006
1	162.975
1	197.511
1	296.432
1	274.118
1	283.556
1	197.201
1	226.582
1	304.351
1	232.965
1	321.676
1	164.391
1	316.114
1	216.223
1	171.013
1	356.821
1	231.279
1	223.162
1	212.862
1	214.901
0	3.01253
1	287.651
1	217.82
0	25.0123
0	19.3285
1	250.755
1	218.765
0	20.0692
1	300.575
1	355.446
1	194.904
0	10.6929
1	299.537
1	258.751
1	255.453
1	198.949
1	231.27
1	221.071
1	239.977
0	25.0525
0	1.84159e-06
1	357.965
0	72.2136
0	67.5145
0	22.719
1	236.42
0	44.1789
0	36.7114
1	201.908
1	161.768
1	237.408
1	193.451
1	233.376
1	239.422
0	81.7337
0	9.87862
1	306.285
0	105.868
1	141.035
1	237.833
1	234.024
1	253.508
0	108.631
1	301.311
1	210.194
0	26.9821
0	0.0382747
1	264.584
1	200.073
1	265.631
1	277.652
1	217.281
1	243.139
1	318.046
1	324.176
1	258.88
1	251.315
1	232.157
1	304.233
1	169.836
1	259.295
1	274.607
1	296.246
1	206.949
1	298.832
1	176.768
1	293.635
1	219.396
1	338.271
1	175.778
1	300.538
0	42.2104
1	219.943
1	241.944
1	187.724
0	17.5526
0	106.845
1	269.699
0	98.9111
0	38.4684
0	34.4956
1	317.918
1	201.158
1	315.286
1	169.063
0	19.3366
1	231.605
1	280.503
1	265.27
1	226.066
1	392.743
1	296.895
1	311.196
0	57.7402
1	269.396
1	162.258
1	157.366
1	268.73
1	241.463
0	30.853
1	210.014
0	208.594
1	245.429
1	361.092
1	342.088
1	324.583
1	388.286
1	244.894
1	219.719
1	182.49
1	211.136
1	301.949
1	212.335
1	261.926
1	186.697
1	249.196
1	182.878
1	224.748
0	62.8114
0	130.042
1	179.815
0	15.7406
1	322.056
1	170.677
1	239.818
0	28.3727
0	141.833
0	10.3072
0	32.8465
1	227.335
1	300.856
0	41.651
0	22.1681
1	161.523
0	12.0257
1	252.027
0	9.42513
0	3.30813
1	481.734
1	240.725
1	294.007
0	31.0475
0	15.2889
1	246.646
1	264.912
1	187.612
1	222.315
1	239.186
1	270.279
1	203.319
1	202.78
1	392.431
1	225.689
0	5.55237
1	199.723
0	4.99062
1	357.796
1	278.241
0	8.67247
1	285.292
1	290.051
0	49.1063
1	287.001
1	282.956
1	202.642
1	191.378
1	175.627
1	189.986
1	278.681
1	240.704
1	252.585
1	233.289
0	106.508
0	52.8834
1	257.839
1	203.273
1	295.686
0	26.9062
1	237.375
1	212.436
1	208.057
1	367.567
1	168.283
1	296.446
1	229.565
1	211.524
1	194.665
1	287.839
1	218.979
0	22.7115
1	192.96
1	199.908
0	68.0508
1	219.125
1	259.96
0	19.941
1	198.646
0	62.5666
1	322.744
1	249.992
1	199.582
0	28.8181
1	235.325
0	99.9194
1	279.482
1	322.357
1	255.14
1	306.336
1	262.274
0	13.6812
1	178.478
1	193.112
0	66.8731
1	261.907
0	29.2757
1	388.141
0	40.2861
1	265.648
0	10.7355
1	292.809
1	185.613
0	84.7599
1	229.959
1	169.706
0	67.6944
1	254.083
1	255.666
1	155.853
0	89.0259
1	250.333
1	197.974
0	49.6078
1	207.048
1	390.756
1	222.395
0	49.7662
1	306.304
1	437.656
1	256.447
1	193.559
1	330.827
1	294.465
1	335.31
1	205.314
1	215.485
1	392.425
1	341.587
1	161.438
1	414.177
1	157.682
1	266.921
0	77.7198
1	241.17
0	8.96231
1	208.206
1	338.431
1	375.178
0	33.2158
0	69.0787
0	2.87951e-05
0	74.648
1	297.566
0	22.6166
1	323.798
0	19.348
1	316.883
1	269.69
1	255.08
1	265.536
0	31.3358
1	276.823
1	193.711
1	264.64
1	460.024
1	211.576
1	262.726
0	41.657
0	21.2839
0	79.9191
1	285.143
0	22.1609
1	148.633
0	42.357
1	312.836
0	63.2509
1	379.903
1	237.527
1	241.598
1	234.266
1	285.7
1	394.01
0	12.7733
0	67.7713
1	143.36
1	196.179
1	257.13
1	252.601
1	139.448
1	243.649
1	221.97
1	385.933
1	241.191
1	240.833
1	264.357
1	246.096
0	172.209
1	199.849
0	43.8866
1	230.752
1	350.038
0	15.745
0	1.29492
1	241.422
1	329.249
1	249.334
0	19.2979
0	60.9321
1	241.723
1	282.291
1	187.888
1	267.915
1	176.479
0	24.9713
1	165.235
1	298.128
1	260.761
0	3.88073
1	216.751
1	196.334
1	226.406
1	278.377
0	0.00528824
1	302.634
1	275.555
1	287.966
1	419.788
1	418.017
1	195.568
1	204.387
1	208.772
1	273.638
0	37.2
1	224.74
0	49.5742
0	42.5681
1	335.741
1	256.301
1	371.06
0	0.116146
0	8.25275
1	284.628
1	159.167
1	179.292
1	203.641
0	34.6619
1	248.451
1	306.817
0	15.6558
1	195.874
0	1.96989
0	64.8496
1	275.932
1	170.285
0	13.6882
0	57.9679
1	306.662
1	244.579
1	204.193
1	227.331
1	244.631
0	4.01589
0	12.1861
1	225.666
0	54.0321
1	268.864
0	148.508
0	24.925
1	236.223
0	0.801527
0	56.2144
1	190.98
1	225.635
1	239.334
0	99.8049
1	230.677
1	306.677
0	9.05894
0	6.18035
0	27.7687
1	325.22
1	255.185
1	248.83
1	175.967
1	161.92
1	239.153
1	383.384
1	340.888
1	209.158
1	206.055
0	5.5117
1	218.69
1	195.064
1	230.689
1	224.097
1	254.282
1	280.289
1	234.196
1	286.161
1	391.751
1	218.575
1	286.959
1	167.218
1	193.778
1	174.071
1	220.901
1	346.772
1	222.355
1	316.038
1	176.213
1	332.008
0	100.038
1	215.276
0	25.5689
0	219.38
1	247.214
1	282.18
1	244.673
0	51.7509
1	297.239
1	277.886
1	264.831
1	288.782
1	229.409
1	310.528
1	293.856
1	220.857
1	179.201
1	352.003
1	207.767
1	642.907
0	36.8594
1	307.668
1	261.371
1	199.868
0	8.0077
1	223.919
1	243.111
0	26.1573
1	179.28
0	86.6648
1	187.136
1	280.586
1	346.208
1	311.356
0	65.6369
1	242.797
1	351.85
1	291.569
1	233.128
0	83.3178
1	255.411
1	227.558
1	236.684
1	214.338
1	352.913
1	215.7
1	263.819
1	223.261
0	17.9232
1	216.862
0	161.196
1	369.494
1	421.934
0	6.19441
1	205.954
0	19.087
1	306.976
1	361.031
0	15.4147
0	78.8971
1	310.943
1	451.097
1	280.36
0	3.58775
1	258.417
1	216.193
1	151.478
1	261.093
0	50.3252
1	425.739
1	300.915
0	36.5069
1	229.084
0	24.2862
1	311.958
0	64.7696
1	363.943
0	34.1218
1	266.895
1	319.397
1	332.772
1	187.213
1	274.67
1	244.93
1	310.998
1	227.175
1	270.505
1	317.937
1	288.709
1	400.38
1	241.761
1	227.451
1	423.837
1	196.39
1	309.806
1	206.2
1	190.676
1	276.986
1	246.694
0	35.5332
1	234.388
1	242.098
1	263.271
1	243.711
1	142.816
1	149.679
1	270.118
0	43.7203
0	0.373475
1	227.034
1	297.478
1	187.151
1	279.208
0	10.0919
1	235.05
1	196.149
1	328.974
0	28.9013
1	239.497
1	211.681
1	260.714
1	191.53
1	340.883
1	218.894
0	55.4103
1	188.314
0	22.8113
1	196.894
0	17.4437
1	282.262
1	175.809
0	0.719012
0	181.943
1	254.207
1	265.929
0	122.253
1	404.789
0	13.0079
1	388.81
1	258.358
1	189.089
0	10.5169
1	218.281
1	358.876
1	257.484
1	307.513
0	1.96508e-05
1	337.958
0	97.1888
1	228.193
1	192.586
1	339.173
1	188.012
1	234.603
0	51.8692
1	159.968
1	161.46
0	18.8289
1	291.444
1	353.968
1	250.537
1	158.051
0	21.7965
1	215.536
1	382.055
1	196.777
1	381.173
1	185.352
0	3.43326
0	17.7181
1	213.877
1	320.023
1	272.351
1	236.849
1	260.613
1	231.765
0	20.9832
1	148.834
1	428.061
1	229.821
0	4.07514
1	327.147
1	246.092
1	403.121
0	115.194
1	253.897
1	189.399
1	275.847
1	482.132
1	168.68
1	179.893
1	309.588
1	174.731
1	226.868
1	230.36
1	250.17
1	201.371
0	37.9707
1	212.422
1	305.193
1	252.558
1	212.893
0	96.5135
1	218.44
1	292.915
1	248.43
0	2.48334
0	10.7935
1	248.978
0	33.0039
0	46.4454
1	223.28
0	40.4647
1	194.284
1	202.176
1	417.192
1	331.714
0	173.333
1	211.528
1	295.079
1	182.483
1	218.096
0	34.4682
1	215.977
1	388.4
1	276.818
1	222.788
1	241.385
0	26.3895
1	215.029
1	153.1
0	20.6262
1	357.388
1	394.08
1	282.042
0	91.1045
0	107.924
1	536.408
1	465.796
1	360.367
0	3.72502e-05
1	250.957
0	3.58495
1	253.802
1	164.561
0	55.2497
1	265.976
1	337.543
1	235.893
0	90.7341
1	349.453
1	177.956
1	229.859
1	180.553
1	323.666
1	435.143
1	276.65
0	20.7555
1	258.017
1	332.337
1	267.783
1	293.616
1	261.444
0	3.19178
1	237.053
1	325.005
1	178.224
1	253.414
1	263.525
1	262.885
0	9.69815
1	205.951
0	65.4285
1	218.791
0	43.2159
1	252.801
1	264.224
1	213.346
1	211.666
1	184.33
1	236.333
1	228.945
1	226.658
1	297.432
1	182.362
1	308.463
0	136.571
1	205.195
1	276.341
1	349.032
0	89.3308
0	4.90055
1	224.22
0	1.90174
1	179.626
0	141.925
1	292.573
1	288.785
0	49.4985
0	22.2893
1	154.731
1	311.139
0	14.5644
1	285.846
1	256.37
1	238.037
0	94.3086
1	234.67
1	281.884
1	264.503
1	176.349
1	251.584
1	187.019
1	207.54
1	197.516
0	171.553
1	265.78
1	263.817
1	187.704
1	274.395
0	5.94561
1	255.62
1	258.904
0	0.493554
1	303.277
0	0.452371
1	543.239
1	259.722
1	228.821
0	14.3804
0	5.07359
0	67.0242
1	251.279
1	249.389
1	228
1	180.128
1	216.413
1	234.987
1	227.558
0	24.1648
1	226.37
1	197.677
1	320.635
1	226.283
1	272.737
0	158.011
0	320.398
1	159.824
0	28.1715
1	262.571
1	323.444
0	23.2253
1	172.081
1	193.139
0	19.026
1	218.739
1	176.075
1	211.794
0	26.2191
1	247.924
1	275.485
1	300.86
1	222.655
1	351.057
0	30.5265
1	201.721
1	209.089
1	251.916
0	49.1695
0	18.4287
1	326.784
0	2.15841
1	235.732
0	30.2755
1	206.292
1	211.226
0	11.4248
1	270.748
1	219.92
1	300.614
1	275.569
1	256.909
1	224.433
1	185.775
1	253.925
1	203.991
0	16.4165
1	179.172
1	219.455
1	171.175
1	169.568
0	46.4102
1	273.218
1	466.246
1	165.637
1	285.996
1	281.303
1	158.592
1	403.47
1	484.585
1	206.296
1	236.144
1	171.477
0	11.97
1	250.437
1	218.225
1	180.751
1	250.903
1	518.742
1	304.749
1	424.098
1	206.686
1	329.26
1	168.106
0	10.1023
1	266.245
0	72.9657
1	142.86
0	65.0754
1	197.926
1	278.172
1	366.333
0	4.68012
1	212.77
1	255.376
1	252.836
1	288.578
1	233.168
1	157.863
1	241.71
1	299.317
1	223.358
0	72.766
1	218.603
0	5.18278
1	262.781
1	214.05
1	264.439
0	13.0386
1	210.26
1	348.063
1	217.583
1	261.438
1	292.852
0	15.7633
1	215.344
1	195.189
1	253.698
1	249.628
0	58.0045
0	27.1709
1	255.636
1	238.31
1	243.149
1	289.572
0	8.06092
1	265.359
1	203.046
0	83.0118
1	208.318
1	249.287
0	10.2866
1	248.995
1	191.849
0	42.0807
1	191.772
1	320.42
1	222.944
1	163.211
1	412.649
1	186.028
1	266.61
1	191.25
0	45.8002
1	243.716
1	248.473
0	11.5353
0	252.004
1	462.327
1	290.245
0	22.1407
1	273.622
1	181.439
0	2.4112
1	239.523
1	208.254
0	148.73
1	274.57
1	239.679
1	343.312
0	111.382
1	200.85
1	338.008
1	296.89
1	202.954
1	176.953
0	0.0272262
0	7.72142e-06
1	221.082
1	225.916
1	317.944
1	129.239
0	24.5022
1	244.395
1	221.201
1	246.817
1	177.376
0	0.482528
1	384.622
1	183.512
1	197.779
0	1.0222
0	17.0393
0	7.42549
0	0.946604
1	196.605
1	231.241
1	183.883
1	260.794
1	245.929
1	202.479
0	9.96645
1	207.323
1	223.298
1	185.298
0	33.4785
1	170.641
1	191.451
1	229.696
1	174.921
1	199.482
1	248.213
1	253.445
1	186.671
1	179.14
0	125.918
1	250.929
0	49.3814
0	0.274569
0	2.57622
0	40.1044
1	263.289
1	276.715
1	238.106
1	238.669
1	231.58
0	85.5383
1	252.028
1	237.97
1	254.922
0	22.201
1	215.925
1	252.649
1	286.684
0	32.2416
1	259.684
0	82.8783
1	236.165
1	214.216
1	296.9
0	17.1637
0	6.51731e-05
1	282.092
1	405.888
1	216.003
1	205.51
0	24.3253
1	252.192
1	202.952
0	37.516
0	17.1752
1	312.661
1	195.592
1	206.55
1	147.359
1	263.075
1	200.828
1	211.853
1	256.566
0	23.2899
0	24.4991
1	275.121
0	85.3747
1	203.486
1	346.784
1	282.417
1	450.128
1	220.569
1	305.895
1	170.807
1	507.781
1	176.306
1	263.772
1	218.345
1	272.328
1	269.542
1	302.546
1	286.371
0	55.7506
1	239.353
0	40.6947
1	222.946
1	286.857
0	1.42113
1	216.615
1	237.294
0	4.02243
1	251.447
0	150.312
1	196.593
1	174.077
1	166.495
1	247.679
0	35.2372
0	10.0572
1	383.654
1	228.765
1	255.602
1	182.062
0	3.78628
1	357.476
1	236.237
1	281.85
1	274.534
1	255.195
0	7.75429
1	232.88
0	284.386
0	15.8866
1	347.905
0	29.9723
0	28.7798
1	154.476
1	213.552
1	356.905
1	297.102
1	374.481
1	222.539
1	311.986
1	234.695
1	164.288
1	167.141
1	198.949
1	389.024
1	158.992
1	254.403
0	15.6283
1	213.44
1	219.091
1	170.069
1	231.139
0	4.80245e-06
1	218.372
1	205.648
1	244.255
0	106.778
1	211.32
1	231.033
1	218.6
1	213.221
1	436.925
1	240.627
1	136.154
1	169.716
0	11.3159
1	186.573
1	259.042
1	255.212
1	200.611
1	431.008
1	385.402
1	233.887
1	372.663
1	355.934
1	219.677
1	300.335
0	60.735
0	44.795
1	217.425
1	216.014
1	257.55
1	316.788
1	258.083
1	308.558
1	279.304
0	73.0176
0	33.1928
1	286.174
1	211.18
1	214.066
1	173.891
1	231.17
1	250.438
1	250.495
1	177.017
1	262.764
1	219.103
1	238.778
0	68.5387
0	66.7278
1	258.489
1	279.259
1	232.413
1	236.794
0	56.1779
1	282.309
1	208.597
1	250.837
0	61.9057
1	223.728
0	27.7159
0	156.84
1	227.987
1	261.619
1	348.679
0	21.9563
1	281.996
1	312.663
1	340.734
1	364.833
1	273.576
1	228.587
1	338.624
1	271.346
1	239.82
1	412.508
1	232.68
1	234.247
1	260.079
0	95.9997
0	15.209
0	4.81059
1	193.32
1	297.406
1	302.091
1	270.363
1	314.635
1	199.92
1	283.011
1	208.181
0	0.567537
1	379.218
1	252.197
1	383.642
0	110.914
1	404.33
0	21.5534
1	159.563
0	54.724
1	143.948
1	247.816
0	4.90659e-05
1	197.156
0	56.8387
1	253.321
1	286.551
1	295.697
0	3.78523
1	229.866
1	369.527
0	2.30768
0	89.058
1	239.425
1	250.175
0	69.1186
1	198.241
1	234.866
0	31.9837
1	285.884
1	367.561
0	5.013
1	253.87
1	232.958
0	29.3065
1	254.645
1	179.906
0	12.5135
1	248.865
0	4.77647
1	179.765
0	3.43665
0	12.9123
0	8.82651
1	320.023
1	188.718
1	193.337
0	13.2573
1	265.613
1	235.46
1	219.074
1	310.459
1	242.559
1	220.889
1	274.885
0	17.9747
1	290.634
0	50.7261
1	211.519
1	257.001
0	23.3852
1	315.146
1	399.988
0	71.0445
1	398.502
0	32.6687
0	26.284
1	359.638
0	21.1594
1	215.279
1	239.938
1	275.621
0	54.777
0	11.1875
1	181.911
1	172.365
1	216.983
0	3.68165
1	204.016
1	260.37
1	236.904
0	3.75338
1	249.112
1	220.131
1	231.198
1	260.96
1	211.413
1	219.485
1	260.052
0	32.4815
1	390.383
0	80.5491
1	380.363
1	274.023
0	36.5454
0	17.7353
1	195.695
1	202.708
1	281.082
1	176.667
1	260.503
1	176.43
1	199.437
1	315.561
1	157.887
1	246.957
1	362.414
1	301.057
0	53.6441
1	358.773
1	284.353
1	282.096
1	410.237
1	293.919
1	184.259
1	235.115
0	135.693
1	244.566
1	214.803
0	123.491
1	233.52
1	219.328
1	292.637
1	186.254
1	321.49
0	135.814
1	247.472
1	353.28
1	292.261
1	204.824
1	364.344
1	328.069
1	253.306
1	237.51
1	142.232
1	278.934
1	180.3
1	301.843
0	295.464
1	286.238
1	217.959
1	218.88
1	258.235
1	381.171
0	86.3836
1	220.596
0	12.2401
0	2.54071
1	230.723
0	39.641
0	94.0832
1	246.706
1	223.658
1	310.612
1	190.048
1	282.853
0	7.84358
1	232.201
1	350.832
1	249.429
1	277.73
1	207.831
1	194.216
1	352.437
1	354.74
0	108.957
1	220.953
1	332.434
1	278.064
0	28.9459
1	214.495
1	228.576
1	171.971
1	193.247
0	28.8506
0	1.81146
0	57.0676
1	228.173
0	8.55956
1	195.948
1	238.666
1	181.175
1	213.113
1	423.788
1	273.587
1	236.787
0	71.6515
1	369.985
0	27.0392
0	150.671
1	284.546
1	282.985
1	217.025
1	180.23
1	263.512
0	21.1177
1	238.537
1	351.618
1	230.53
1	223.522
1	265.146
1	170.385
1	167.008
1	271.269
1	262.396
1	204.039
0	101.319
1	223.167
0	29.9913
0	15.3667
0	181.415
1	323.71
0	78.469
1	231.889
1	226.41
1	493.871
1	267.259
0	2.39663
0	22.3338
1	358.119
0	4.56553
1	227.36
1	258.154
1	264.976
1	232.731
1	266.961
1	254.403
1	388.451
0	87.7454
1	240.23
1	297.537
1	182.335
0	17.5797
1	288.485
1	199.621
1	244.642
1	379.257
1	242.711
1	278.456
1	209.614
1	198.049
0	3.69525
0	2.91402
0	47.2625
0	105.938
0	105.107
1	211.942
1	394.455
1	314.155
1	257.204
0	49.3505
0	3.29262
1	193.52
1	186.055
1	238.043
1	198.274
1	250.85
1	199.089
1	307.576
1	267.229
0	27.5591
1	287.423
1	453.036
1	311.962
1	312.379
1	193.366
1	217.626
1	199.635
1	287.898
0	46.2856
1	247.151
1	244.102
1	185.314
1	213.202
0	53.22
1	168.317
1	199.365
0	14.3572
1	340.571
1	263.969
1	181.492
1	182.77
1	187.794
0	106.587
1	150.735
1	183.731
0	20.4654
1	239.305
1	227.46
1	178.389
0	1.15673
1	198.847
1	163.737
1	164.815
1	305.437
0	77.9163
0	49.1108
1	236.887
1	280.583
1	236.387
1	203.395
1	187.141
1	295.258
1	286.521
1	299.126
1	214.107
1	297.381
0	72.2839
1	189.923
1	280.337
0	318.131
1	253
1	278.673
1	262.74
1	172.395
1	253.636
0	57.7316
0	9.91798
1	359.121
1	473.757
0	41.0233
1	244.874
1	234.828
1	225.561
1	316.721
1	302.416
1	252.566
1	205.761
1	204.041
1	193.796
0	5.25107
1	318.413
1	238.378
0	31.8302
0	9.48674
1	230.976
1	187.214
1	170.237
1	160.464
1	234.277
1	215.637
0	5.86705
1	238.881
1	318.698
0	90.1032
1	243.78
1	164.375
1	328.853
1	237.334
0	221.062
0	7.72382
0	8.08123
1	206.619
1	127.984
1	214.164
1	317.974
1	214.268
1	158.513
0	37.3335
1	288.32
1	284.077
1	281.73
1	395.964
1	311.128
1	199.771
1	220.411
1	234.452
1	197.02
1	206.037
1	135.18
1	246.916
0	16.2747
1	185.334
1	206.531
1	296.509
1	370.229
1	220.246
0	36.1048
1	367.682
1	285.97
0	20.8393
0	19.2449
1	202.82
0	2.49675
1	209.19
1	238.958
1	248.539
0	76.2122
1	195.469
1	358.387
1	219.198
1	326.657
1	368.529
0	22.5506
1	220.924
1	177.035
1	263.163
1	209.709
0	140.291
1	266.717
1	338.131
1	211.106
0	51.0565
1	259.701
1	256.675
0	9.12337
0	15.2485
1	241.643
0	9.82844
0	37.2405
1	179.747
1	372.503
1	235.314
1	230.017
1	133.074
1	178.53
1	272.581
1	276.459
1	252.299
1	205.011
1	265.892
1	263.447
1	202.082
1	218.214
1	322.479
1	224.987
1	198.719
1	163.147
1	262.947
1	254.499
1	515.599
1	292.882
1	314.646
1	244.592
0	38.8822
1	271.116
0	71.9516
0	26.6833
1	346.254
1	203.26
1	248.282
1	248.857
0	24.1626
1	243.887
1	260.686
1	174.003
1	226.52
1	203.685
0	8.51478
1	307.325
1	183.047
0	23.4122
1	370.584
0	63.7091
1	248.879
1	232.434
1	224.316
1	181.464
1	218.054
1	391.199
1	194.868
1	307.191
1	230.939
0	109.99
1	232.482
0	17.3514
1	167.951
1	274.566
1	190.773
0	13.5889
0	9.16386
1	250.895
0	38.5469
0	233.138
1	252.021
1	250.398
1	216.086
1	305.583
1	186.057
1	276.379
1	251.727
1	348.913
0	50.3898
1	197.911
0	24.67
1	247.983
1	207.097
0	59.9151
1	240.609
0	7.70315
1	172.793
0	1.03733
0	29.6192
0	28.9102
1	338.622
1	333.043
1	248.913
1	252.647
0	82.6746
1	261.187
1	230.392
1	361.266
1	181.726
1	208.821
1	257.954
1	275.744
0	7.60938e-06
1	260.006
1	381.356
0	119.818
1	205.058
0	12.6596
1	266.291
1	349.857
1	238.373
1	180.302
1	225.109
0	92.6222
1	305.833
1	264.629
1	262.86
0	13.3273
1	293.531
0	21.4751
1	200.074
1	341.696
0	20.0321
1	183.462
1	319.924
0	516.297
1	230.827
0	16.863
1	161.637
1	234.901
0	12.5215
1	293.693
1	309.352
1	402.455
1	273.753
0	6.68077
1	295.457
1	238.489
1	230.141
1	263.47
1	352.12
1	230.98
1	349.039
0	34.7098
1	247.598
0	117.445
1	246.775
1	265.376
0	17.0122
0	7.1667
1	178.906
0	2.91952
1	172.23
1	256.496
1	244.591
1	479.599
1	450.981
0	31.9292
1	173.369
1	205.331
1	204.748
0	19.3692
0	8.73522
1	236.208
1	317.572
0	26.1665
1	211.029
1	346.016
0	55.3702
1	267.423
1	261.44
1	192.872
0	21.9823
0	18.2776
1	195.886
1	161.78
1	266.412
0	57.8693
1	234.249
1	160.511
0	18.2088
1	191.162
0	105.852
1	291.129
1	215.606
1	250.129
1	188.958
1	329.335
0	275.505
1	146.379
1	231.881
1	273.627
1	160.25
0	38.2753
1	282.629
0	29.8434
1	207.002
1	229.186
0	10.3667
1	242.184
0	60.9257
1	210.589
1	286.973
0	20.4501
0	42.068
1	222.279
1	278.473
1	269.713
1	290.082
1	453.88
0	59.7252
1	188.151
1	369.696
1	261.548
1	230.198
0	27.4175
1	295.688
1	209.714
1	164.389
1	269.744
1	207.11
0	32.3309
1	222.378
1	183.938
1	255.88
1	250.328
1	217.168
1	247.033
1	350.825
1	197.503
0	2.59503e-05
1	205.24
1	225.199
0	41.2164
1	318.002
1	178.074
0	19.1435
1	243.053
1	196.924
1	227.882
0	143.422
1	200.8
0	16.9833
0	104.16
1	245.649
0	90.3147
1	202.513
1	280.278
1	269.334
1	239.05
0	34.7133
1	272.905
0	38.0251
0	87.3666
1	356.057
1	231.248
1	243.087
1	328.971
0	42.8963
1	263.314
1	319.837
1	239.545
1	275.491
1	218.689
1	261.65
1	212.983
1	248.597
1	185.196
1	273.061
0	51.7184
1	257.347
1	167.373
1	231.013
1	190.464
1	229.798
1	187.207
1	477.79
1	178.266
1	196.655
0	31.7874
1	220.219
1	546.817
1	182.578
1	278.682
0	1.46355e-05
0	7.85357
1	174.032
1	216.961
1	153.066
1	266.887
0	9.38344e-05
0	22.5301
1	265.057
0	86.9521
1	501.688
0	151.113
1	210.694
1	273.971
0	186.293
0	57.4535
0	5.19347
1	279.823
0	40.7485
1	264.634
1	331.89
1	308.162
1	394.954
0	4.0237
1	294.152
0	54.9543
1	152.931
0	21.9805
1	211.538
1	278.413
0	11.546
1	211.531
0	79.219
0	54.4224
1	226.117
1	221.226
0	20.2317
0	24.852
1	245.034
1	450.296
0	12.8519
0	80.9673
1	346.326
1	363.437
1	248.6
1	320.819
1	279.721
0	13.5972
0	105.952
0	18.3822
1	249.635
1	222.588
1	224.199
1	220.132
1	200.559
1	161.848
1	273.474
1	320.386
1	356.054
0	15.2036
1	340.223
1	225.9
1	240.388
1	250.186
1	307.057
1	138.713
1	361.631
0	104.658
0	3.595
1	204.496
1	272.304
0	10.4703
1	209.4
1	267.448
1	202.649
1	225.379
1	258.721
1	298.129
0	52.313
1	449.169
1	242.464
0	8.69705
1	283.054
1	325.912
0	10.6709
1	263.633
1	416.44
1	196.788
1	163.907
1	343.43
1	188.719
1	235.72
0	226.717
0	8.63818
1	212.752
1	201.458
1	255.353
0	25.8367
1	166.172
1	223.538
1	194.221
1	273.913
1	409.82
1	191.557
1	162.052
1	233.281
0	16.1766
0	3.59362
1	293.277
0	14.1982
1	300.409
1	275.867
0	27.1038
1	282.613
1	326.922
0	165.418
1	167.753
1	213.216
1	242.797
1	213.781
1	294.416
1	206.716
1	264.241
1	246.273
1	224.854
0	24.5797
1	172.181
1	213.915
1	360.527
0	2.1911e-05
1	201.755
1	237.063
1	186.432
1	145.697
1	322.238
1	249.819
0	11.6508
1	192.386
1	238.824
0	54.7596
0	1.80035
0	38.1681
1	248.79
1	213.725
0	20.0388
0	67.9389
1	196.479
1	265.02
1	211.361
1	238.954
1	247.483
1	372.893
0	43.2282
1	250.125
1	268.642
1	228.566
1	202.802
1	179.676
1	300.785
1	224.971
0	13.1213
1	197.907
1	209.993
1	179.382
0	19.5394
0	57.4304
0	16.0698
0	41.4331
1	368.985
1	230.681
1	229.151
1	326.926
1	264.747
1	250.723
1	349.653
1	211.65
1	405.856
0	42.7418
0	75.6211
1	160.341
1	269.529
1	189.1
1	169.805
1	269.336
1	282.072
1	372.612
1	177.978
0	19.9708
0	0.474682
0	138.433
1	272.156
1	245.327
1	243.419
1	312.678
1	149.346
0	22.6837
1	346.832
1	201.998
0	6.44314
1	187.655
1	226.972
1	160.595
1	225.774
1	298.861
1	152.418
0	15.434
1	240.403
1	210.595
1	199.728
1	275.193
1	416.066
1	395.544
1	367.066
1	207.701
0	49.5578
1	262.003
1	245.789
1	231.815
1	159.796
1	247.931
1	233.582
1	291.425
1	142.156
1	180.809
1	283.412
1	178.096
0	21.546
1	249.803
1	244.239
1	253.037
1	181.526
1	266.447
1	322.859
1	233.329
0	0.000196406
0	91.6411
1	182.649
0	113.449
1	252.584
1	252.842
1	311.407
0	2.10349
1	475.512
1	211.941
1	279.435
1	189.648
1	222.082
1	212.931
1	214.744
0	27.7264
1	156.212
1	339.341
1	218.452
0	0.156943
1	296.002
1	151.256
1	216.833
1	550.392
1	274.446
1	193.34
1	140.842
1	214.978
1	205.616
1	256.928
1	164.251
0	5.41192
1	375.781
0	63.3454
1	237.486
0	2.76076
1	238.8
0	4.82554
1	291.304
1	343.621
1	209.331
0	95.8512
0	62.2984
1	262.835
1	302.349
1	198.607
0	16.2251
1	180.146
1	188.324
1	193.056
1	262.581
1	240.924
1	198.87
1	151.245
1	221.257
0	3.27513
1	338.105
0	24.2714
1	310.324
1	224.292
1	264.207
1	215.612
1	201.803
1	245.963
0	10.1907
1	226.508
1	264.48
1	244.262
0	7.40689
1	206.593
0	1.72566
1	220.565
1	273.289
1	204.657
1	313.507
1	214.977
1	200.464
0	95.2911
1	263.377
1	179.718
1	276.964
1	305.317
0	57.397
0	67.5332
1	247.12
1	232.213
1	233.735
0	146.311
0	3.39374
0	112.038
1	240.487
1	248.01
1	326.935
0	18.0358
1	176.899
0	11.6995
1	235.446
0	18.4795
0	44.5358
1	264.986
1	242.947
1	209.941
1	310.103
0	53.4694
1	218.848
1	282.442
1	176.354
1	304.561
1	263.96
1	236.93
0	35.3055
1	274.988
1	208.033
0	21.5052
0	27.7137
1	270.617
1	390.505
1	260.196
1	186.646
1	412.822
1	249.744
1	216.477
1	187.891
1	280.724
0	44.0154
1	481.608
0	3.87084
0	25.0809
0	29.6882
1	209.781
1	232.617
0	2.38056e-06
0	2.48512
1	238.839
1	274.688
0	27.7956
1	337.088
1	203.401
1	201.594
1	350.402
1	146.155
1	177.675
1	299.554
0	37.7046
1	254.762
1	223.889
1	162.388
0	3.62888
1	349.425
1	239.698
0	19.0816
1	214.029
1	215.332
0	11.3766
1	246.485
1	173.297
0	6.38698
1	234.326
1	213.464
1	335.699
0	56.8422
1	225.618
1	491.249
1	164.423
1	345.762
1	259.773
1	193.864
1	176.686
1	276.805
0	60.4151
0	41.6217
0	35.7438
1	347.038
1	463.894
1	199.204
0	50.0939
0	1.62761
1	218.626
1	184.359
1	233.187
0	26.0412
0	15.8567
1	213.643
1	163.303
1	187.958
1	264.725
0	9.87579
1	244.136
1	199.84
1	260.094
0	12.9693
1	219.607
1	214.611
0	73.6892
1	224.872
1	189.017
0	21.6841
1	232.308
1	221.578
1	208.726
1	252.494
1	216.626
0	19.11
1	409.592
1	319.402
0	9.42141
1	346.527
1	281.482
0	22.8317
1	181.656
0	39.3288
1	175.456
1	168.106
1	285.352
0	90.2098
0	25.1554
1	187.321
1	169.221
1	227.123
1	298.216
1	365.874
1	204.626
1	285.255
0	23.1049
0	256.815
1	155.471
1	244.206
1	225.308
0	7.88935e-06
1	249.972
0	4.08219
1	207.63
1	312.569
0	155.007
1	368.195
1	214.264
0	19.2545
0	116.872
1	174.819
1	231.183
0	121.023
1	223.782
1	225.824
1	315.131
1	170.956
0	64.6635
0	45.8123
1	266.331
1	363.544
1	262.943
1	227.006
1	320.851
1	261.21
1	264.355
0	2.32904
1	187.202
1	253.998
1	211.544
1	247.116
1	249.748
0	36.8732
0	28.0736
1	240.072
1	272.354
1	200.261
0	83.0737
1	291.403
1	222.204
1	267.578
1	259.169
1	366.074
0	22.2368
1	156.199
1	245.425
0	40.1367
1	189.856
0	52.8683
1	219.082
1	223.205
1	230.737
1	310.297
0	2.06875
1	419.935
0	51.1839
1	324.344
1	213.258
1	162.966
1	205.998
1	241.418
1	247.548
1	531.808
1	209.055
1	278.275
1	126.18
0	25.6007
0	72.1482
1	218.243
1	249.087
1	373.91
1	249.808
1	330.053
1	305.144
1	278.928
0	17.4884
1	387.123
1	263.045
1	255.62
0	6.91725
1	202.387
1	252.299
1	287.614
1	293.942
0	203.729
1	245.813
1	333.333
0	100.755
0	7.65453
0	47.8216
1	520.611
1	214.99
1	288.203
0	40.5227
1	275.176
1	215.524
1	303.478
1	259.816
0	56.2312
1	200.158
1	236.809
0	37.0572
1	240.466
1	226.267
1	261.701
1	334.054
1	385.145
1	160.749
1	222.815
1	289.571
1	241.428
1	220.855
0	69.2387
0	54.9045
1	316.799
1	333.421
1	309.493
0	72.433
1	323.073
0	17.9935
1	294.108
0	49.1898
1	311.017
1	255.087
1	492.061
1	197.308
1	235.494
1	336.225
0	6.38852
0	43.4749
0	17.4178
1	292.731
1	273.096
1	159.627
0	100.826
0	19.8895
1	379.414
0	77.1784
1	148.478
1	207.544
1	214.256
1	290.942
1	248.686
1	294.945
1	349.004
0	57.0723
0	16.9506
0	3.24673
0	33.9182
0	143.753
1	433.03
1	345.704
1	201.744
0	22.7234
0	27.6443
1	326.52
1	372.554
1	283.525
1	216.694
0	116.597
1	172.721
1	199.429
1	244.428
1	296.394
0	39.9495
0	43.0955
1	183.13
0	7.28245
1	201.897
1	320.507
1	247.102
1	166.812
1	218.827
1	177.92
1	175.197
0	207.276
0	6.06134
1	185.326
1	225.349
0	73.4405
1	233.757
1	296.041
1	407.382
1	198.818
0	11.185
1	228.382
1	175.071
1	338.458
1	333.607
1	266.054
0	0.649325
1	347.236
0	32.1617
0	65.2893
0	162.802
1	315.882
1	357.1
1	694.252
1	335.845
1	373.644
1	206.119
0	209.705
1	234.79
1	286.262
0	20.4476
1	270.878
1	306.043
1	341.176
0	27.9146
1	202.184
1	381.85
1	168.056
0	4.37973
0	5.93401
1	363.018
1	265.895
0	11.9486
1	299.927
0	101.35
1	284.575
1	190.022
0	8.30599e-05
1	220.557
1	314.359
1	265.223
0	8.68146
0	5.95827
1	247.868
1	262.99
0	2.93092e-06
1	169.743
0	0.513329
1	168.773
0	66.6396
1	163.288
1	272.199
1	374.98
1	284.55
1	258.156
1	464.657
1	250.323
1	219.244
0	3.36468e-05
1	231.972
1	175.306
1	141.809
1	213.521
1	167.27
1	298.303
0	40.712
1	312.558
0	3.62595
1	254.016
1	220.877
1	192.165
1	279.33
1	263.781
1	368.462
1	319.87
1	286.213
1	197.997
1	263.835
1	206.459
1	198.133
1	222.486
1	216.438
1	243.147
0	1.44172e-06
0	32.9831
1	156.289
1	271.528
1	279.563
0	21.2263
1	209.404
1	370.378
1	266.757
1	353.251
1	263.79
1	378.223
1	217.69
1	205.758
1	244.109
1	303.83
1	204.211
1	268.987
0	7.74014
1	326.973
1	188.954
0	35.5612
1	262.417
1	409.971
1	181.993
0	15.7865
0	62.218
1	236.13
1	379.054
1	231.664
0	64.4853
0	28.0573
1	283.593
0	18.7228
1	239.972
0	0.31112
1	203.008
1	238.312
1	292.367
0	56.3661
1	182.975
1	258.012
1	236.292
0	38.0487
1	198.017
1	291.422
1	215.428
1	217.587
1	226.411
1	202.813
1	285.37
1	289.172
1	216.229
0	3.95254
1	164.811
1	285.207
1	266.263
1	213.345
0	2.2645
1	241.443
0	64.8332
1	456.948
1	262.221
1	408.364
0	83.4306
0	6.36722
1	211.096
1	257.811
0	53.9093
1	223.21
1	261.524
1	277.687
1	373.925
1	232.374
0	20.0645
1	254.631
1	200.51
1	229.978
0	49.6031
1	182.852
0	30.9369
1	291.722
0	75.065
1	166.46
1	235.176
0	38.1306
0	109.21
1	214.648
0	3.4311
1	239.186
1	253.953
1	190.268
1	396.962
1	192.756
1	212.002
1	285.103
1	309.231
0	130.13
1	413.556
1	249.19
1	243.283
1	211.958
1	248.233
0	7.86225e-05
1	296.709
1	296.281
0	14.7888
1	368.201
0	39.1921
1	297.477
1	193.197
0	1.33648e-05
1	234.784
1	226.309
1	278.517
1	170.713
1	342.515
1	155.571
1	205.539
1	279.78
1	196.643
1	274.396
0	0.235945
0	28.4382
0	25.5402
1	224.486
1	214.436
0	18.2621
1	154.717
1	273.767
0	36.3525
1	239.123
1	237.331
0	34.5189
1	360.579
1	242.791
1	251.961
1	229.482
0	3.92511
1	230.56
1	260.156
1	355.215
1	214.787
1	165.729
1	254.405
1	201.107
1	237.208
0	6.36485
1	234.756
1	134.347
0	13.9344
1	198.035
1	269.393
1	201.644
1	248.428
1	279.276
0	20.3869
1	175.226
1	298.296
1	472.052
1	220.564
1	192.75
1	234.004
1	237.217
1	328.459
0	0.357541
1	325.891
1	168.255
0	16.1047
1	315.098
1	292.075
1	247.57
1	324.297
1	339.546
0	50.5469
1	278.382
0	32.8188
0	31.9048
1	241.425
0	1.24647e-05
1	271.878
1	186.036
1	343.367
0	56.5297
1	244.938
1	289.419
1	308.22
0	228.255
0	95.7823
1	320.274
1	167.272
1	291.907
1	218.926
1	193.904
1	305.868
1	248.912
0	8.04305
1	233.357
1	273.876
1	304.255
1	163.912
1	203.039
0	92.0537
1	253.319
1	240.703
1	211.25
0	25.202
1	237.598
0	13.9725
1	211.13
1	242.638
0	39.2088
0	59.9227
0	20.6201
1	254.419
1	183.712
1	318.229
1	256.546
0	3.58557
1	258.024
1	234.946
1	328.168
1	427.93
1	221.839
0	54.8985
0	3.8537e-06
1	246.332
1	188.314
1	144.757
1	335.45
1	323.865
1	397.469
1	235.628
1	239.444
1	187.983
1	249.449
1	235.309
1	250.846
0	29.4113
1	277.469
1	298.183
1	146.556
1	361.765
1	196.292
1	335.014
1	431.28
1	183.479
1	188.774
1	260.436
1	280.512
1	233.112
0	111.833
1	219.474
0	32.416
1	301.201
0	29.932
1	175.789
0	9.10465
0	98.5747
1	296.031
0	40.0678
1	351.155
1	216.437
1	175.082
1	253.851
1	241.685
1	234.813
1	171.75
0	17.9181
0	104.335
1	338.337
1	194.977
0	8.41128
1	249.345
1	270.133
1	165.717
0	39.0589
1	349.307
1	259.271
1	269.587
0	81.945
0	5.9353
0	5.47183
0	37.7758
1	200.484
1	308.943
1	309.88
1	230.388
1	229.858
1	180.138
0	0.000115928
1	162.854
1	232.484
1	381.201
1	335.627
1	219.343
0	53.9556
1	214.396
0	4.67052
1	200.159
1	239.35
1	251.024
1	255.015
0	60.0002
1	228.997
1	245.87
1	208.986
1	127.14
0	24.1458
1	257.508
0	5.57345
0	13.168
1	166.015
1	227.674
0	45.8465
1	278.043
1	175.666
1	224.122
0	1.67424
1	295.922
0	65.4294
1	266.094
1	234.111
1	204.054
1	252.674
1	184.706
1	308.609
1	203.981
1	381.675
1	223.133
1	319.628
0	2.19894e-05
0	56.6818
0	20.4606
0	28.3347
1	266.983
1	407.798
0	30.8877
0	15.2125
1	220.88
1	270.508
0	134.87
0	2.19597
0	19.7987
1	316.687
1	184.037
1	201.905
0	116.301
0	19.9526
0	20.3599
1	281.245
0	54.7055
0	28.9903
1	215.949
1	277.166
1	249.766
1	218.877
1	195.507
1	219.034
1	292.826
0	24.8705
1	341.137
0	43.6463
1	235.2
1	193.148
1	211.573
0	42.44
0	54.3163
0	65.245
1	428.489
1	266.366
1	319.439
1	339.725
1	218.433
0	211.678
1	217.141
1	250.447
1	177.089
0	98.4883
1	199.074
1	253.678
1	234.843
1	298.983
1	298.315
1	190.218
1	393.656
1	234.193
1	284.087
1	208.428
1	321.895
1	181.425
1	278.875
0	6.37724
0	29.2355
1	245.33
1	270.418
0	60.2144
1	205.873
1	170.981
0	114.603
1	261.456
1	259.904
1	159.563
1	223.138
1	275.56
1	240.418
1	278.109
1	383.435
1	211.029
1	309.662
1	377.617
1	213.482
1	229.299
1	240.267
1	264.269
1	180.425
1	303.149
1	175.215
0	9.06733
1	270.594
1	184.258
1	189.74
1	212.337
1	389.03
1	208.102
1	230.462
0	14.5267
1	277.017
1	267.328
0	12.6664
1	211.16
1	156.196
1	200.872
0	21.38
1	230.305
1	289.025
1	178.179
1	197.242
1	214.875
1	249.784
1	179.466
1	282.272
1	261.764
0	36.7716
0	33.7429
1	263.705
1	391.96
1	264.43
1	260.398
1	281.871
1	237.902
0	26.9662
1	207.356
1	253.223
0	1.12956
1	182.915
0	4.67521
1	223.688
0	7.68025e-06
1	129.01
1	330.385
0	21.0831
1	301.485
1	153.621
0	41.0099
1	261.96
1	144.737
0	12.9368
1	448.313
1	191.444
1	208.685
1	281.145
0	2.8287
0	22.5104
1	286.274
1	196.175
1	214.627
1	229.462
1	325.674
1	316.341
1	187.345
1	163.408
1	239.018
0	1.74745
1	293.889
1	268.11
1	226.157
0	45.4048
1	286.427
1	298.108
0	4.39876
0	37.0592
1	176.5
1	253.116
0	44.1683
0	10.2743
0	74.8868
1	282.011
1	305.879
1	298.935
1	145.353
0	1.69253
0	12.494
1	225.858
1	227.877
1	202.414
1	375.156
1	157.158
1	249.079
1	337.452
1	210.707
1	390.834
0	33.2439
1	294.441
1	269.359
0	42.1104
0	5.08931
1	191.935
0	4.04555
0	6.28053e-05
1	227.116
1	286.84
1	231.272
1	243.472
1	212.44
1	378.463
1	187.037
0	30.2949
1	316.854
0	40.3828
1	240.102
1	267.697
0	18.0073
1	390.634
1	193.168
1	260.42
1	242.305
1	293.23
1	213.901
1	239.287
1	214.864
1	209.365
1	331.276
1	264.422
0	12.4281
1	326.723
1	276.278
0	9.25961
1	225.438
1	344.502
1	307.014
1	280.232
1	371.547
0	11.2413
1	308.21
1	300.269
1	254.949
1	199.845
1	328.498
1	288.314
0	156.386
0	51.2682
1	217.743
1	231.436
1	229.826
1	205.219
1	196.399
1	201.01
1	232.591
1	280.354
1	277.089
1	266.496
1	199.187
1	249.047
0	7.04837
1	293.378
1	187.024
0	3.98498e-05
1	268.275
1	199.975
1	214.794
1	195.305
1	212.064
1	203.72
1	265.099
1	177.212
1	246.969
1	154.584
1	231.577
1	307.303
1	300.864
1	332.636
1	209.915
1	169.432
1	253.223
1	181.791
1	274.872
1	320.125
1	268.329
1	181.506
1	188.304
1	302.977
0	6.45526
0	0.197637
1	128.639
1	218.759
0	147.556
1	195.136
1	207.556
1	307.081
0	39.9707
1	351.482
1	227.855
1	178.223
1	207.058
1	284.733
1	235.405
1	333.985
1	199.461
1	243.247
0	1.89738
1	265.441
1	248.749
1	297.408
1	175.307
1	185.438
1	381.226
1	305.416
1	199.237
1	248.964
1	201.783
1	176.094
0	22.756
1	144.975
1	356.157
1	249.286
1	195.917
1	199.629
1	250.725
1	334.345
1	266.617
1	221.701
1	311.149
1	356.142
1	280.711
0	73.8051
1	283.044
1	210.007
0	6.28886
1	217.213
1	182.343
1	246.726
1	194
1	278.488
1	194.48
1	193.487
0	50.2227
0	96.4953
1	293.161
1	273.067
1	273.441
1	261.727
1	232.142
1	264.081
1	207.786
1	235.865
0	44.1653
1	227.803
1	228.362
0	74.8602
1	220.149
1	239.812
0	13.1873
1	286.934
1	208.482
1	274.479
1	273.215
0	8.51687
1	203.206
1	262.578
1	165.781
0	10.5113
1	387.797
1	344.385
1	225.887
1	194.227
1	244.96
0	44.1686
1	237.208
0	83.0666
0	127.427
1	221.326
1	210.871
1	195.92
1	268.046
0	46.0599
1	178.653
1	259.887
1	191.797
1	236.564
0	14.9422
0	87.8327
1	249.155
1	217.714
1	263.123
1	262.729
1	264.792
1	314.023
1	315.113
1	306.595
1	252.962
0	8.06411
1	168.912
1	204.535
1	266.361
1	196.624
1	154.722
0	23.7362
1	232.829
0	3.63615
1	277.057
1	212.768
1	363.995
1	356.219
1	212.315
1	155.327
1	253.57
1	247.328
1	218.927
1	304.896
1	231.215
1	268.054
1	327.859
1	346.546
0	1.14331
1	788.029
0	7.02059
0	25.731
0	80.5102
1	240.497
1	244.227
0	33.3591
1	260.481
1	213.306
1	220.037
1	226.987
1	179.161
1	161.968
1	326.12
0	6.78628
1	262.919
0	40.4781
1	280.304
0	12.71
1	183.321
1	253.101
0	35.3401
1	229.992
1	352.289
1	171.985
1	209.796
1	200.489
1	271.377
0	1.85642
1	259.114
1	316.767
1	236.699
1	239.643
1	234.884
1	320.643
1	238.609
1	363.959
0	6.2943
0	29.087
1	287.026
0	10.5209
0	11.4779
1	252.248
1	368.649
0	19.894
1	184.287
1	273.365
1	188.764
0	76.0253
1	299.343
1	194.634
1	281.672
1	291.861
1	451.463
1	238.616
1	238.918
1	345.98
0	9.44545
1	345.805
1	206.677
1	273.034
1	524.33
1	213.857
1	388.838
1	269.459
1	170.164
1	224.194
1	216.514
0	40.596
1	413.917
1	299.77
1	219.549
1	194.064
1	273.387
1	217.002
1	204.928
0	29.7757
1	171.679
1	164.031
1	240.35
1	237.568
1	211.216
1	387.97
1	171.768
0	1.6045
1	211.385
0	4.78943
0	39.996
1	393.09
1	229.73
1	209.722
1	253.859
1	263.52
0	67.6558
1	291.202
1	159.521
1	207.352
1	370.709
1	228.408
1	265.543
1	308.959
1	176.255
0	25.5538
1	194.375
1	351.553
1	293.021
0	38.9952
1	249.297
1	292.619
1	320.182
1	208.668
0	37.8985
1	192.658
1	243.041
1	303.715
1	274.347
1	311.552
1	231.502
0	66.2939
1	237.087
1	253.684
1	257.402
1	335.154
1	212.574
1	277.103
1	243.561
1	240.174
1	227.84
1	224.664
1	276.714
1	242.73
1	185.545
1	240.912
0	8.66746
0	250.22
1	244.416
0	6.95973
1	206.279
1	244.027
1	247.864
0	99.7406
1	259.556
1	201.473
1	281.525
1	196.111
1	227.931
1	197.208
1	266.828
1	268.565
1	428.576
1	209.225
1	241.905
1	214.428
0	11.7275
1	252.855
1	246.44
0	74.8053
1	178.335
1	241.479
1	184.532
1	337.451
1	162.401
1	272.246
0	141.483
0	43.1941
1	212.69
0	116.173
1	254.228
1	229.438
1	184.615
1	173.862
1	305.952
0	41.1491
1	250.434
1	248.3
1	219.488
1	186.124
0	213.802
0	6.81293
1	329.06
1	308.7
1	256.264
1	280.92
1	355.737
1	321.717
1	215.38
1	335.26
0	45.0256
1	442.19
0	43.6967
1	229.577
1	291.623
1	316.478
1	256.353
1	195.83
0	14.1995
1	319.918
1	296.826
0	7.98714
1	200.033
0	12.711
1	289.676
1	247.691
1	181.753
1	271.52
1	461.255
1	261.807
1	424.797
0	51.0146
1	224.131
1	262.85
0	18.2186
1	308.719
0	181.086
1	223.969
1	349.319
1	207.156
1	204.519
1	163.376
0	23.5498
1	266.796
1	222.318
1	201.389
1	237.36
1	305.979
0	61.5711
1	236.13
0	29.9708
1	301.837
0	6.13462
1	221.836
1	251.259
1	255.809
1	312.216
1	390.282
1	221.756
1	194.431
1	251.049
0	18.4242
0	36.8492
1	244.42
0	0.801097
1	200.261
1	168.282
1	207.854
1	201.344
1	471.62
1	246.155
1	314.484
1	224.502
1	732.559
0	78.8877
1	213.114
0	8.55068
1	154.218
1	309.378
1	255.865
1	163.46
1	240.171
1	335.281
1	242.122
1	233.549
1	270.898
0	137.481
0	43.8444
1	246.716
1	214.16
1	216.02
0	24.2222
1	274.074
1	194.108
1	365.163
1	188.001
1	181.611
1	274.448
0	35.6502
1	242.475
1	219.253
1	313.913
0	6.25113
1	397.34
1	189.049
0	59.0384
1	180.909
1	181.532
1	347.386
1	170.573
1	208.563
1	269.369
0	12.6311
1	210.898
0	89.1476
1	166.232
1	244.924
1	274.954
0	28.6799
1	246.911
1	226.487
1	159.137
1	245.895
1	254.763
1	220.642
1	201.35
1	235.061
1	383.894
1	226.856
1	389.131
1	193.471
1	224.6
1	276.817
0	19.7968
0	19.8357
0	4.48999
1	380.879
1	143.845
1	243.805
0	44.4422
1	310.766
0	4.64598
0	10.9354
0	25.6848
1	263.759
1	316.719
1	244.086
1	305.239
1	488.014
0	4.86698
1	296.803
0	2.66679
0	40.1808
1	276.186
1	261.649
1	173.684
1	267.198
1	488.377
0	149.314
1	179.5
1	182.906
0	20.4588
1	212.376
1	307.353
1	299.786
1	312.895
1	200.805
1	239.099
1	227.43
0	11.6102
1	364.188
0	81.8243
0	0.0576144
1	270.86
1	193.092
0	6.42496
1	335.166
1	231.134
1	254.2
0	1.60065
1	244.061
0	21.798
0	65.4339
0	71.2683
1	260.159
1	228.274
1	233.452
1	165.704
0	13.2247
0	71.4693
1	168.124
1	223.483
1	317.484
1	203.149
1	252.811
1	344.539
1	202.95
1	186.698
1	303.928
1	198.148
1	319.525
1	214.792
0	7.80724
1	264.526
1	330.116
1	221.599
1	275.506
0	4.52205
1	265.481
1	199.314
1	231.524
1	270.724
1	240.669
1	249.014
1	341.463
1	267.336
1	158.39
0	57.7798
0	10.2298
1	207.748
0	58.5779
1	178.685
1	298.218
1	236.004
1	406.703
1	237.505
1	193.371
1	187.482
1	252.323
1	257.236
0	5.87339
1	278.603
1	293.28
0	103.76
1	240.763
1	279.955
1	163.145
1	189.248
0	30.8791
1	249.579
1	206.875
0	10.9984
1	195.793
1	237.023
0	15.2933
0	81.0912
1	278.785
1	159.989
1	343.156
1	170.635
1	148.016
1	224.004
1	220.679
1	171.924
0	32.729
1	247.955
1	332.891
1	217.296
1	218.993
1	142.363
1	196.114
1	142.215
1	310.164
0	42.6839
1	251.275
1	262.008
1	314.462
1	218.698
1	249.107
1	277.804
1	227.871
1	242.677
1	121.302
1	235.145
1	189.189
1	335.595
0	111.53
1	327.83
1	449.729
1	185.087
1	245.553
1	382.03
0	29.4596
0	232.88
1	335.761
0	237.005
1	367.931
1	174.756
1	204.731
1	281.367
0	7.34818
1	198.103
0	75.7984
1	391.206
1	179.957
1	182.075
0	3.0655
1	206.714
1	181.279
1	188.022
0	48.6287
1	268.435
1	326.886
1	246.299
0	52.6241
1	185.867
0	33.523
0	57.2923
1	225.957
0	24.5696
0	21.6606
0	61.4837
1	450.746
1	257.812
1	198.226
1	320.915
0	0.736713
1	193.986
1	196.926
1	208.359
1	278.715
1	245.401
1	292.902
1	231.386
1	216.218
1	283.396
1	219.712
1	227.084
1	287.14
1	293.782
0	10.9512
1	177.515
1	163.479
1	304.447
1	452.289
1	255.033
0	11.2606
1	234.295
1	357.126
0	6.89246
1	181.696
1	269.745
1	236.649
1	201.459
1	242.846
1	235.02
1	241.503
0	7.21383
1	383.693
1	238.996
1	258.825
1	341.757
0	8.68569
0	25.4863
1	199.101
0	112.01
0	119.558
1	206.084
1	244.434
1	256.248
0	8.15227
0	60.4184
0	4.59413e-05
1	166.717
1	260.735
1	236.745
1	260.561
1	209.686
1	156.441
1	162.747
1	256.908
1	186.435
1	267.557
1	292.27
1	246.253
0	4.93541
1	208.499
0	10.8189
1	191.026
1	130.611
1	265.026
1	122.878
1	235.829
0	51.5481
1	195.92
1	335.998
1	160.847
1	223.221
1	289.987
0	13.8379
1	347.009
1	234.847
1	392.678
1	220.693
1	209.877
0	65.9189
1	299.578
0	9.96104
1	256.583
1	171.071
1	189.62
1	186.422
1	286.122
1	205.271
1	237.709
1	196.327
1	298.979
0	0.469622
1	198.166
0	24.5584
1	245.245
1	155.937
1	276.441
1	148.282
1	249.768
1	336.817
1	174.659
1	206.865
1	287.019
1	223.437
1	200.272
0	62.8499
1	255.322
1	238.674
0	57.4601
0	21.1009
1	288.084
1	301.792
1	273.998
1	258.335
1	257.797
1	228.792
1	247.698
1	203.164
1	308.916
1	306.022
1	211.335
0	7.87024
1	321.462
1	183.609
1	245.511
1	313.337
1	225.121
1	297.451
0	95.1076
1	167.587
1	201.498
0	0.419459
0	4.55848
1	189.237
1	268.809
0	29.3672
0	1.44211
1	257.437
1	314.185
1	231.741
1	178.909
0	3.28839
1	294.657
0	133.381
1	247.294
1	260.824
0	44.6622
1	266.312
1	285.694
1	291.934
1	357.853
1	234.939
0	7.47574
1	152.494
1	216.332
1	269.038
1	531.145
1	303.714
1	248.376
1	548.912
1	253.779
0	38.2461
1	225.318
0	24.3093
1	448.274
1	292.462
0	67.8132
1	197.929
1	301.107
1	169.705
1	224.933
1	169.668
1	348.857
1	292.64
1	340.031
1	146.209
1	232.073
0	8.97199
1	184.87
1	262.832
1	227.258
1	340.086
1	251.733
1	150.077
1	190.339
1	175.161
1	247.546
1	215.774
1	259.01
0	21.9863
0	64.7366
1	230.837
0	86.124
0	94.7371
1	206.179
1	223.668
1	313.247
1	186.033
1	211.351
0	90.8687
1	194.062
0	25.1335
1	256.93
1	233.797
0	51.0292
1	221.758
1	196.02
0	116.338
1	246.738
1	175.732
1	176.977
1	210.862
1	197.106
1	236.405
1	250.124
0	3.84102
1	161.839
1	171.169
1	177.135
1	196.525
0	54.2313
1	245.574
1	270.073
1	216.419
0	51.3415
0	20.7489
1	479.041
1	222.983
1	249.167
1	207.571
0	59.3343
1	244.155
1	241.409
1	198.008
1	314.145
1	305.35
1	239.142
1	296.293
1	172.953
1	233.34
1	312.587
1	279.016
1	386.218
1	209.612
0	0.193648
1	220.608
1	268.884
1	294.39
1	465.728
0	55.4996
0	41.6082
1	194.056
1	266.878
1	238.274
1	242.672
1	289.251
1	211.294
1	249.453
1	212.735
1	178.578
1	427.206
1	276.773
1	180.613
0	19.0506
0	14.5862
1	193.204
1	281.073
1	274.409
1	367.283
1	222.877
1	230.237
0	1.6862
0	1.53445
1	205.911
0	17.2311
1	262.882
1	250.637
1	266.408
1	222.269
1	234.173
1	230.063
1	197.49
1	270.024
1	245.908
1	235.483
1	150.23
1	194.953
0	30.4518
0	29.604
1	191.446
1	257.446
0	16.8844
0	143.776
1	207.153
1	258.215
1	190.146
1	288.857
1	161.82
0	18.3673
1	199.767
1	211.746
0	28.827
1	198.539
1	226.853
1	352.889
1	211.239
1	371.09
1	218.636
1	387.266
1	194.209
0	24.3284
0	92.3123
0	14.0825
0	7.67992
1	190.748
1	173.761
1	182.562
1	177.255
1	405.33
1	237.848
1	361.681
0	109.408
1	393.597
1	278.583
1	266.539
1	317.408
1	286.232
1	198.878
1	362.268
1	249.315
1	207.097
1	286.266
1	417.57
1	197.852
1	288.543
1	197.453
1	122.794
1	221.575
1	223.034
1	232.208
1	262.966
0	17.3887
1	362.629
1	191.194
1	173.01
1	135.68
1	213.591
0	20.6428
1	217.632
1	270.109
0	43.2801
1	215.66
1	180.317
1	255.052
1	260.078
1	333.776
1	250.218
0	0.130106
1	236.216
1	220.185
1	621.325
1	235.502
1	213.685
1	181.108
1	339.041
1	280.142
0	23.2797
1	260.475
1	527.751
1	293.453
1	394.146
1	248.3
1	493.675
0	7.08224
1	250.224
1	312.774
1	261.486
1	307.489
1	301.879
1	168.568
1	403.71
1	335.863
1	223.672
1	259.154
1	307.797
0	38.8657
0	107.427
1	291.37
1	198.363
1	238.656
0	11.9686
1	247.982
1	194.509
1	167.595
1	341.94
1	181.252
1	211.326
1	156.47
1	143.314
1	310.044
1	314.888
0	33.0457
1	239.759
0	19.0796
1	238.727
1	300.737
0	1.33816
1	306.705
0	26.9504
1	245.21
1	192.602
1	223.32
1	254.641
0	25.5277
0	69.8291
1	214.271
1	452.638
1	144.382
0	49.1298
0	71.3139
1	329.933
1	371.616
1	194.26
1	316.073
1	245.266
0	132.735
1	243.796
0	30.5316
1	333.78
0	187.246
1	246.705
1	227.954
1	310.799
1	231.927
1	219.932
1	158.431
0	10.4483
0	75.6406
1	319.996
1	224.813
0	14.7774
1	198.363
1	184.39
1	213.999
0	159.434
1	330.945
1	224.46
1	228.483
1	186.052
1	152.819
0	26.4953
1	254.944
0	51.8411
1	229.144
0	80.9939
0	1.55974
0	0.498804
1	247.679
1	168.164
1	469.914
0	4.07258
0	10.1188
1	242.278
1	215.349
1	368.55
1	285.131
1	230.66
1	326.252
1	349.059
1	208.09
1	306.754
0	74.9742
0	56.8783
0	36.6031
1	189.903
0	0.391063
1	275.763
0	14.7685
0	25.1216
1	363.067
1	378.736
0	0.205548
1	301.998
1	189.999
1	241.413
1	238.103
1	272.509
1	252.274
1	282.161
0	1.99662
1	240.758
1	426.892
1	162.258
0	58.5755
1	219.677
1	251.61
1	200.326
0	114.302
0	20.246
1	238.188
1	349.88
1	215.286
0	38.5234
1	264.155
1	192.66
1	228.323
1	260.539
1	307.673
1	259.56
1	368.296
1	261.709
1	211.756
1	347.021
1	390.526
0	16.9481
0	8.24218
0	49.344
0	202.561
1	220.017
1	217.869
1	214.524
1	285.132
1	230.786
0	13.8861
0	19.2706
1	218.562
1	302.09
1	200.896
1	283.028
1	383.974
0	32.6629
1	199.082
1	228.714
1	244.835
0	57.5721
0	14.942
1	220.562
0	22.9486
0	7.33031
1	317.605
1	210.81
1	165.202
1	249.48
1	223.499
1	377.915
1	240.014
1	159.309
1	246.652
1	245.471
1	221.794
1	200.106
1	263.608
1	184.901
1	314.259
1	291.611
0	0.109636
1	262.9
0	74.9596
1	320.541
1	298.699
1	177.402
1	207.77
1	231.16
1	167.15
1	203.602
0	44.6268
1	199.294
1	231.821
1	198.402
1	158.714
1	243.023
1	288.308
1	223.565
1	158.035
1	193.594
1	309.255
1	322.745
1	210.693
1	224.502
1	240.249
1	179.834
1	225.338
1	287.861
1	260.14
1	177.744
1	213.709
1	250.565
1	226.779
1	201.222
0	61.9319
1	197.834
1	290.635
1	199.741
1	179.139
1	297.397
1	205.187
1	176.746
1	174.16
1	251.454
1	203.227
1	318.123
0	68.6174
1	216.763
1	228.3
1	217.968
1	247.63
1	250.435
0	21.5974
1	227.979
1	191.692
1	298.608
1	248.289
1	281.143
1	329.659
1	270.43
1	245.927
0	77.1732
0	23.7208
1	161.669
1	176.343
0	11.1481
1	157.275
1	206.921
1	274.569
1	165.109
1	330.687
1	241.294
1	246.504
1	278.437
1	423.261
0	18.8514
1	272.881
1	214.706
1	245.182
1	271.482
1	300.648
1	304.147
0	18.3764
0	8.56625
1	199.801
0	25.6723
1	347.563
1	245.711
1	371.08
1	197.733
1	312.604
0	62.572
0	69.0968
1	240.772
1	193.8
1	216.456
0	178.976
1	287.879
1	226.604
1	198.919
1	285.08
0	6.23328e-06
1	256.525
1	236.172
1	260.298
1	256.914
1	219.319
1	246.247
1	357.537
0	51.1096
1	138.697
1	201.981
1	274.766
0	14.0343
0	4.55941
1	347.885
1	265.829
1	207.809
1	188.191
1	332.26
1	306.056
1	241.299
1	265.094
1	271.377
0	6.42666e-06
1	195.733
1	373.939
1	216.1
1	225.12
1	202.368
1	288.418
1	190.435
0	19.1305
0	11.0577
1	171.124
1	280.735
0	17.4757
1	319.149
1	190.401
1	154.419
0	9.49459
0	18.4163
0	136.105
0	9.01171e-06
1	244.5
1	278.87
1	239.572
1	201.644
1	226.701
0	235.006
0	3.39415e-05
0	15.7785
0	46.7264
1	188.166
0	56.6271
1	334.864
1	165.602
1	251.135
1	314.816
1	239.73
1	227.764
1	192.7
1	259.611
1	284.085
1	332.601
0	26.0365
1	274.298
1	342.44
1	209.886
0	19.7341
1	401.763
0	16.6037
1	324.125
1	281.69
0	2.85178
0	6.29648
0	65.9787
1	198.225
1	271.652
0	45.8238
0	76.254
1	325.879
1	203.771
0	60.4869
0	6.53209
1	254.444
1	402.097
1	231.745
0	120.436
1	218.573
0	24.9741
1	197.711
1	224.196
1	201.035
0	19.2495
1	177.238
1	240.302
1	343.079
1	262.01
1	132.479
1	247.401
1	278.916
1	215.474
1	230.281
1	151.544
0	38.1304
1	253.92
1	183.156
1	306.74
1	239.645
0	164.833
1	177.922
0	159.469
1	216.208
1	205.244
0	105.363
1	255.595
1	242.85
1	209.603
0	73.7396
1	169.193
1	382.716
1	350.992
1	323.078
1	208.349
1	242.163
1	176.724
0	14.7803
0	49.7693
0	22.5442
1	317.863
1	222.024
1	309.898
0	16.9986
1	319.662
1	295.065
0	10.2467
1	246.943
0	7.67477
1	224.417
0	20.9125
1	214.216
0	39.4315
1	211.819
1	195.045
1	206.194
1	374.922
1	419.02
1	206.423
0	5.68631
1	305.142
1	303.875
0	8.23428
1	279.285
1	300.239
1	346.26
0	1.9725
0	55.0695
0	15.4585
0	60.949
1	313.739
1	177.484
1	193.665
1	339.63
1	215.833
0	3.05962
1	278.238
1	346.738
1	265.864
1	172.126
1	171.069
1	371.534
0	122.825
1	266.066
0	4.6058
1	163.989
1	270.74
1	316.985
1	192.44
1	220.622
1	292.726
1	287.331
0	18.9792
1	221.093
1	188.811
1	227.812
1	294.534
0	316.06
0	43.7565
1	292.547
1	283.075
1	175.262
1	239.981
1	272.367
0	156.124
0	33.876
1	274.48
1	306.555
1	254.338
0	44.0843
1	279.451
1	307.565
0	9.54401
1	215.437
1	281.465
1	248.923
0	14.5906
1	249.774
1	283.654
1	224.541
1	437.106
1	219.108
1	216.694
1	283.131
1	187.137
1	250.414
1	250.901
1	321.637
1	301.355
1	302.579
0	3.28002
0	18.1693
1	213.468
1	195.099
1	279.656
1	230.91
1	191.576
0	12.9894
1	264.002
1	301.013
0	158.713
1	257.653
1	349.683
1	283.149
1	228.667
0	33.4015
0	73.0014
0	12.8477
1	374.157
1	267.585
1	275.626
0	3.09168e-05
1	201.019
0	11.0423
1	252.544
1	270.653
1	241.374
1	262.363
1	303.791
0	83.9057
1	303.527
1	162.077
1	269.498
1	220.778
1	342.426
1	222.826
1	325.871
1	268.288
0	98.6474
0	204.057
1	269.654
1	159.11
1	551.041
1	315.57
1	181.429
0	40.9836
1	182.005
0	19.0175
1	240.978
1	231.815
1	264.742
1	244.258
1	229.072
1	205.074
1	189.397
1	212.964
1	299.77
0	14.3816
0	61.9537
1	193.105
1	152.147
0	4.20044
1	214.713
1	231.78
0	58.4545
0	9.30978
1	200.382
1	225.999
1	262.131
1	297.05
0	266.953
1	289.178
0	17.2281
0	45.14
0	30.6933
1	204.485
1	206.623
0	4.07468
1	204.636
1	191.85
1	208.696
0	0.412299
1	237.42
1	236.433
1	250.145
1	255.384
1	188.272
0	68.6735
1	259.655
1	230.007
1	206.161
1	304.061
1	233.423
1	192.509
1	166.449
1	213.633
1	222.986
1	265.485
0	1.80715
1	296.224
1	260.865
1	305.637
0	40.7589
0	67.9756
0	27.0224
1	477.241
0	42.8388
1	253.836
1	234.306
0	21.9321
1	253.781
1	226.001
1	238.702
1	252.984
1	387.104
1	279.081
1	213.905
0	42.7177
1	152.74
0	3.31016
0	100.173
1	354.07
1	380.297
0	45.066
0	7.5147e-05
1	244.668
1	261.132
1	287.793
1	221.574
1	209.002
1	260.455
1	211.758
0	2.9873
1	305.872
1	153.602
0	8.47364
1	262.87
1	202.952
1	294.844
0	4.45189
1	228.288
1	267.361
0	25.2473
0	51.3394
0	26.4267
0	112.319
1	343.696
1	212.115
1	246.188
1	246.845
1	351.545
1	151.051
1	346.493
1	211.239
1	223.273
1	256.824
1	254.851
1	239.928
1	208.873
1	307.366
1	307.5
1	395.905
1	291.278
1	318.884
1	229.576
0	8.49732e-06
1	198.872
1	222.897
0	24.9447
1	192.164
1	200.645
0	1.49751
1	341.636
1	209.593
1	234.153
1	219.165
1	269.618
1	277.782
1	195.192
0	16.3876
1	253.046
1	208.239
0	11.4775
1	225.489
1	253.096
1	359.205
1	231.387
1	160.243
1	231.399
1	530.724
1	226.317
0	8.81466
1	193.519
1	491.667
1	217.651
1	235.203
1	301.589
1	185.844
1	212.196
1	210.418
0	19.6173
1	353.434
1	253.231
1	213.436
0	7.54712e-05
1	278.996
1	384.134
1	287.508
1	303.702
1	227.543
0	32.0909
1	553.028
1	305.733
1	350.177
1	354.959
0	55.8167
0	41.4443
1	159.209
0	66.0242
1	211.795
0	34.5806
0	24.6877
0	18.3919
1	359.203
0	7.76139
1	252.722
0	5.96179
1	183.314
1	240.662
1	239.156
1	330.487
0	59.4757
1	234.141
1	220.976
1	184.495
1	230.124
1	184.517
0	39.1657
1	314.402
0	53.3872
1	282.785
1	239.587
0	142.268
1	274.469
1	184.463
1	193.178
1	418.143
1	228.696
1	204.628
0	105.07
1	213.062
0	21.276
1	295.084
1	215.606
1	207.658
0	95.1766
1	272.417
1	281.769
1	156.837
1	305.309
1	270.223
1	331.489
1	258.583
1	202.723
1	295.69
1	294.267
1	380.711
1	187.909
1	213.728
1	202.652
1	220.924
0	17.9821
1	281.157
0	40.7433
1	320.728
1	288.222
1	202.441
1	279.615
1	288.855
1	191.093
0	12.7694
0	8.74364
1	262.896
1	220.57
0	27.4761
0	34.0493
1	347.001
1	221.537
1	272.74
0	140.911
1	318.943
1	341.582
1	186.331
1	216.36
1	266.647
1	205.903
0	4.98935
1	344.679
1	239.466
0	89.1051
1	181.297
1	329.822
1	197.853
0	20.8702
1	266.144
1	240.095
1	161.843
0	7.04414
0	48.0297
0	57.7064
1	443.78
1	200.683
1	210.358
1	251.978
0	47.3427
0	7.01151
1	204.499
1	295.23
0	31.1835
1	191.296
1	167.843
1	162.209
1	195.839
1	217.515
1	193.565
1	162.791
0	13.5512
0	33.5065
1	271.043
1	218.933
0	65.3146
0	4.83875e-05
1	345.19
1	208.901
1	267.257
1	412.98
1	214.311
1	216.081
1	262.605
1	366.188
1	260.952
1	256.449
1	224.58
1	188.733
1	389.606
0	3.59971
1	176.311
0	3.80513
1	184.487
1	234.588
1	247.228
1	251.176
1	230.251
1	170.054
1	164.44
0	4.80698
1	226.03
1	280.414
1	224.377
1	203.974
1	223.794
0	109.084
1	241.998
0	11.0513
0	66.8897
1	226.248
1	271.884
1	327.445
1	234.617
1	182.423
1	201.612
1	212.353
0	30.9547
1	257.178
1	190.106
0	25.3938
1	175.954
1	170.197
1	402.448
1	217.543
1	187.417
0	9.1535
1	215.687
0	52.306
0	290.912
1	207.845
1	255.193
1	229.516
1	275.977
1	353.152
1	239.539
1	369.18
1	201.164
0	26.6171
1	184.551
0	46.8234
1	396.699
0	68.9964
0	19.6828
1	250.225
0	7.7722
1	197.176
1	267.597
1	333.111
1	184.308
1	240.119
1	173.978
1	259.77
1	207.974
1	166.953
0	74.5788
0	10.1844
1	273.712
1	196.053
0	90.115
0	74.9687
1	222.855
1	209.249
1	246.852
0	11.7312
1	219.899
0	40.8565
0	34.1175
1	241.169
1	277.182
1	230.644
1	270.285
1	287.223
1	216.193
1	214.05
1	194.402
1	373.85
1	395.498
0	2.90978
1	235.099
1	193.907
1	210.518
1	210.252
1	370.516
1	380.922
1	397.93
1	189.172
1	228.23
0	70.406
1	199.148
1	217.867
1	336.078
1	312.116
1	282.949
0	76.541
1	326.688
0	130.299
1	295.059
1	284.888
0	11.9975
1	204.979
0	6.49676
1	244.592
1	444.194
1	328.017
1	269.412
0	23.3972
0	3.93411
1	226.399
1	209.068
0	9.68273
1	235.776
1	186.528
1	267.833
1	165.074
1	141.592
0	41.9518
1	349.731
1	227.504
1	174.124
1	237.027
1	298.019
1	187.143
1	337.842
1	191.71
1	193.648
1	378.047
0	70.0901
1	244.346
1	169.115
0	72.7558
1	201.361
1	201.847
1	306.019
1	385.767
1	222.688
1	194.59
1	321.071
0	77.2384
0	26.9001
1	220.119
1	285.495
1	191.657
1	191.982
0	5.53649
1	258.565
1	240.672
1	340.631
1	357.5
1	252.015
0	3.39271
1	284.82
1	250.457
1	234.548
0	18.5424
1	171.656
1	302.398
1	218.548
1	198.606
1	275.046
0	61.7466
1	240.192
1	244.689
1	237.538
0	6.59308
0	118.2
1	229.792
1	261.685
0	21.7438
1	222.124
1	198.038
1	188.865
1	263.76
1	257.466
1	234.607
0	13.3005
1	242.104
0	8.22514
0	32.3874
1	280.888
1	317.827
1	475.442
0	10.4827
0	226.112
1	276.03
1	191.561
1	177.53
0	29.8448
0	1.99817
1	515.619
1	322.051
0	11.64
0	23.7903
0	30.6184
1	161.723
1	274.573
1	243.213
0	78.1871
1	263.757
1	413.42
0	231.65
1	329.674
1	205.76
1	212.966
1	291.523
0	101.836
1	270.703
1	341.417
1	243.146
1	321.433
1	240.993
1	303.392
1	126.775
1	224.422
1	361.504
1	287.021
1	433.498
1	285.437
1	230.372
1	282.665
0	76.024
1	286.935
1	194.429
1	251.354
0	64.6553
1	199.996
0	36.7882
1	209.894
1	160.941
1	226.144
1	210.319
1	184.07
1	251.932
1	243.983
1	441.778
1	234.186
1	182.094
0	124.467
1	206.358
1	185.02
1	217.395
1	328.992
1	226.198
1	256.596
1	413.736
1	182.249
1	288.417
0	9.90504
1	287.341
0	27.0382
1	188.796
1	228.101
1	186.948
1	495.637
1	348.19
1	219.75
1	230.046
1	235.026
1	318.914
1	278.287
1	278.6
1	251.866
1	191.53
1	353.683
0	46.3161
1	256.868
0	40.4329
1	215.302
1	220.109
1	178.669
1	213.259
1	258.859
1	376.016
1	220.757
1	310.072
0	8.68671
1	363.681
1	233.553
1	264.097
1	286.704
0	40.191
1	341.599
1	318.397
0	32.8791
1	265.619
1	206.413
0	91.1573
1	233.413
1	195.286
1	361.688
1	191.416
1	194.207
0	1.90322
1	246.073
0	21.4727
1	293.459
0	3.58545
1	260.787
1	263.14
1	208.45
1	200.944
1	294.926
1	193.064
1	328.395
1	448.094
1	244.617
1	201.251
0	110.422
1	222.949
1	310.159
1	212.912
0	1.8226
1	213.757
1	352.219
1	391.556
0	13.6833
1	336.939
1	235.393
0	47.6888
1	242.002
1	308.788
1	265.768
1	297.954
1	263.435
1	214.404
1	303.641
0	5.65979
1	281.985
0	76.2559
0	3.39432
1	182.796
1	232.064
1	384.305
0	57.9915
1	194.286
1	233.946
0	97.5075
0	80.7183
1	341.187
1	182.36
1	277.07
0	54.654
1	265.129
1	173.56
1	236.531
1	244.426
1	247.182
1	419.397
1	221.959
0	2.22673
1	292.833
1	253.426
1	194.078
1	189.483
0	24.01
1	289.539
1	335.244
0	175.901
0	33.9178
0	29.5441
1	219.784
1	338.39
1	340.726
1	320.604
0	39.3155
0	5.18723
0	15.2825
0	13.1557
0	114.836
1	192.414
1	429.036
0	17.434
1	196.718
1	199.717
0	31.4431
1	278.053
1	324.446
1	367.597
1	181.424
0	48.9326
1	301.46
1	232.353
1	255.396
0	25.4141
1	313.772
1	195.083
1	252.807
1	282.374
0	2.82923
1	180.261
1	241.978
0	0.618002
1	158.319
0	8.55048
0	7.70572
0	31.7172
1	240.916
0	48.2759
1	509.957
1	436.243
0	47.1616
1	345.438
0	79.9537
1	315.272
0	14.6357
0	3.49249
0	157.992
1	241.919
0	14.0025
1	188.092
1	253.152
1	384.683
0	11.765
1	321.801
0	36.4052
0	30.0666
1	162.131
1	279.844
1	192.355
1	272.847
1	363.872
1	407.349
1	237.043
1	223.947
1	189.204
1	194.978
0	52.5311
0	160.736
0	108.635
1	332.631
0	25.1045
1	333.586
0	124.58
1	219.485
1	337.325
0	73.5799
0	44.468
1	154.764
1	232.641
1	267.609
1	204.824
1	143.075
1	352.135
1	296.305
1	378.482
1	247.542
0	16.0927
1	265.137
1	173.115
0	155.13
1	214.203
1	192.209
0	67.0148
1	285.501
1	236.972
0	5.03595
1	154.324
0	137.597
1	459.748
1	312.276
1	193.484
1	289.316
0	56.1495
0	36.8203
1	288.848
0	4.82076
1	272.674
1	221.105
1	198.815
0	34.7416
1	278.477
1	234.819
1	246.373
1	334.783
1	339.301
1	252.085
1	264.804
0	1.43175
0	96.1051
1	204.795
0	4.79632
0	108.68
0	107.314
1	293.916
1	156.834
1	358.682
1	279.665
1	183.052
1	282.044
1	190.173
0	6.84677
1	213.022
1	268.349
1	176.292
1	225.42
1	333.414
1	231.032
1	206.231
1	221.732
1	225.594
1	200.86
1	393.957
1	153.945
1	229.972
1	245.398
1	243.633
0	165.508
0	139.956
1	303.314
1	266.545
1	344.204
1	238.855
1	202.502
1	233.457
1	362.433
1	165.059
0	135.102
1	321.924
0	7.87861
1	275.365
1	233.858
0	101.953
0	2.39382
0	11.5769
1	261.761
1	233.226
1	271.009
1	276.534
1	251.668
1	559.677
1	249.849
1	301.965
1	270.77
1	325.348
0	22.1618
1	273.338
1	192.099
1	179.405
1	160.678
1	289.366
1	169.96
1	282.242
1	284.015
1	205.898
1	150.744
1	234.337
1	246.168
0	23.404
1	220.557
1	301.047
1	174.016
1	245.669
1	168.616
0	104.618
1	199.369
1	280.137
1	217.228
1	434.101
1	205.385
1	227.14
1	230.906
1	128.808
1	208.219
1	255.627
1	206.005
1	395.821
1	176.693
0	18.9653
1	231.697
1	247.599
0	48.0287
0	16.4046
1	311.885
1	233.703
1	296.918
1	272.814
1	268.505
1	277.795
1	213.721
1	222.444
1	252.523
0	132.02
1	183.001
1	298.543
1	249.75
1	216.552
1	339.15
1	303.578
1	238.639
1	445.843
0	94.4497
0	56.5995
1	355.441
1	217.121
1	341.719
0	16.8618
1	247.729
1	280.273
0	0.891793
1	279.093
1	217.353
1	244.389
1	364.88
0	3.02027
1	244.741
1	241.753
1	239.652
1	206.279
1	380.192
1	221.807
1	275.611
1	274.215
1	191.37
1	245.823
1	262.63
0	10.9727
1	186.55
1	296.734
1	241.779
1	285.642
1	236.565
0	95.8563
1	186.056
0	36.2111
0	8.84107
1	326.403
1	210.577
1	166.965
1	255.518
1	269.991
1	146.002
1	224.853
1	138.868
1	349.716
1	187.219
1	371.071
0	67.0845
1	202.753
1	253.519
1	246.416
1	192.736
1	222.336
1	276.875
1	218.226
1	277.67
0	21.3881
0	46.9151
1	185.372
1	259.336
1	168.726
1	194.665
1	332.781
1	333.76
1	285.912
1	275.156
1	209.379
0	21.8564
1	185.577
1	217.584
0	138.37
1	276.381
1	182.155
1	216.255
1	246.172
1	250.065
0	12.445
1	442.101
0	5.70053
1	263.485
1	289.539
1	207.507
1	296.735
0	0.895774
1	232.283
1	300.966
1	236.201
1	202.788
1	278.803
1	353.964
1	252.141
1	256.579
1	204.684
0	23.3696
1	255.407
1	281
1	235.598
1	274.648
0	42.6733
1	285.462
1	216.254
1	243.242
0	9.7182
1	279.583
1	160.238
1	254.413
0	8.55248
1	235.712
1	188.202
0	124.222
1	254.708
1	240.002
1	261.561
1	342.223
1	344.786
0	40.2739
1	324.976
1	229.486
1	200.649
1	273.395
0	51.5333
1	194.815
1	256.307
1	244.271
0	35.8042
1	167.034
0	38.2303
0	51.3381
1	278.246
1	231.736
1	252.859
0	50.2469
1	245.117
1	263.746
1	437.652
1	252.818
1	241.209
0	5.90327
0	108.977
1	249.691
0	67.2295
0	53.6161
0	11.0848
1	236.87
1	312.508
1	207.356
1	306.437
1	172.811
1	177.316
1	313.679
0	66.2862
0	7.50959
1	181.922
1	295.562
1	316.223
1	238.352
0	6.47911
1	300.957
1	403.935
0	20.7621
0	48.8866
1	302.656
1	235.376
0	3.9187
1	331.477
1	188.749
1	195.429
1	171.195
1	354.369
1	249.634
1	276.172
0	2.948
1	463.231
1	359.739
1	262.42
1	224.064
1	370.243
1	365.412
0	29.4664
1	157.104
1	241.047
0	111.772
1	212.501
1	264.653
0	69.3071
1	173.389
0	54.5487
1	307.925
1	253.943
0	7.40554
0	16.4777
1	385.706
0	2.14101
1	356.94
0	99.1803
1	287.493
1	256.6
1	252.256
0	43.1147
1	225.428
0	46.8997
1	343.666
1	244.489
1	286.86
1	238.867
0	3.74945e-05
1	213.947
0	30.4665
1	197.404
1	247.032
1	256.65
1	194.921
0	8.56077
1	355.957
1	255.597
1	429.58
1	252.236
1	192.707
0	5.2261
0	86.5764
1	433.943
0	23.1406
1	405.86
1	417.578
0	17.5861
1	136.731
1	289.755
1	203.452
1	286.033
0	2.39699
1	204.237
0	7.12623
1	202.137
1	175.227
0	8.8405
1	296.236
1	284.617
0	0.369469
1	260.246
1	313.514
1	288.107
1	218.661
1	238.373
1	309.512
1	235.609
1	200.4
1	195.077
0	106.379
1	303.091
1	269.684
0	65.2362
1	310.049
1	180.663
1	254.812
0	54.4144
0	144.913
0	143.77
1	223.94
1	284.787
1	227.137
1	218.737
1	259.809
1	229.254
1	205.27
0	16.8101
1	257.22
1	190.419
0	64.5623
1	265.675
1	260.076
1	226.856
1	270.647
1	287.647
1	340.967
1	252.722
1	185.753
1	262.993
1	274.797
0	17.1019
1	229.945
1	277.84
0	21.5677
1	179.021
1	378.928
1	200.753
1	258.379
1	252.02
1	250.383
1	212.901
1	362.13
1	251.652
1	307.05
0	32.2036
1	231.623
1	149.962
0	69.0341
1	325.882
1	308.473
1	301.843
1	209.642
1	246.316
1	205.277
1	303.616
1	382.718
0	46.4249
1	246.627
0	75.1084
1	156.371
1	232.076
0	66.9006
0	38.6096
1	267.596
1	197.95
1	172.644
1	188.994
1	228.589
1	188.487
0	24.7854
1	274.78
1	258.648
1	246.882
1	312.494
1	213.894
0	25.1935
1	302.562
1	184.435
1	233.591
0	22.5125
1	337.204
1	193.602
0	79.6204
1	191.608
1	264.7
1	314.191
1	264.151
1	320.845
0	27.0578
1	317.325
0	5.46604
1	217.218
1	526.759
1	206.116
0	1.96983
0	54.0014
1	242.274
1	208.358
0	42.1955
1	276.782
1	375.51
1	211.859
1	255.311
1	245.047
1	265.504
1	230.405
1	202.884
0	64.3341
1	266.061
0	23.7583
0	43.7884
1	203.752
0	70.6981
1	261.302
0	63.8259
1	214.367
1	208.065
1	329.677
1	211.487
1	343.531
0	42.4267
1	279.14
1	241.544
1	222.183
0	95.2174
1	206.155
1	255.648
1	253.752
1	245.666
1	179.972
0	12.7726
1	218.908
0	6.62528
1	246.637
1	242.031
1	248.934
0	57.2053
1	153.657
1	274.807
0	89.6024
1	250.33
1	195.667
1	256.151
1	242.093
1	236.783
1	251.326
1	233.028
1	196.545
1	252.454
1	293.198
1	252.167
0	83.8901
0	39.6303
1	239.074
0	54.8675
1	199.341
1	251.192
1	226.742
1	267.683
0	63.2598
1	180.991
1	184.908
0	107.871
1	318.322
0	33.5935
1	189.613
0	8.4759
1	275.356
0	31.5404
1	201.76
1	272.376
1	176.206
0	155.672
1	163.377
1	176.967
1	297.939
0	55.0079
1	192.075
1	266.267
1	145.328
1	245.939
1	213.583
1	272.229
1	324.685
1	314.717
0	26.6437
1	531.023
0	109.497
1	312.622
0	125.367
0	11.6758
0	7.42047
1	164.373
1	259.739
1	203.241
1	358.308
1	246.247
1	215.227
1	274.834
0	28.2826
1	340.203
1	334.41
1	233.795
1	165.563
1	198.92
1	282.819
0	186.406
1	155.009
1	179.777
0	30.0212
0	72.5383
0	34.4583
1	302.352
1	207.96
0	6.50637
0	0.122758
1	244.124
1	283.186
0	1.72844
1	192.644
1	308.628
1	207.797
1	170.012
1	240.073
1	305.379
1	214.819
1	226.401
1	326.994
1	228.224
0	207.275
0	62.6539
1	236.2
1	183.12
1	274.846
1	451.799
1	283.027
1	157.61
1	239.592
1	276.991
1	254.208
1	283.424
1	182.342
1	257.308
1	379.978
1	168.093
1	218.004
1	225.964
1	240.224
1	207.142
1	195.749
1	252.738
1	314.143
1	187.94
0	11.3676
1	324.724
1	395.68
1	221.921
1	181.704
0	2.11096
1	205.508
1	248.231
0	51.962
1	158.207
0	7.5509
1	252.634
1	200.186
1	238.457
1	339.43
1	270.589
1	232.47
1	289.329
1	267.485
0	51.934
1	271.993
1	218.398
1	276.041
0	12.2996
1	209.762
1	244.019
1	353.423
1	225.947
0	20.5404
1	272.699
1	236.187
1	230.257
1	177.127
0	7.57652
1	300.768
1	265.018
1	189.335
1	258.893
0	43.6195
1	243.879
0	0.493981
0	59.0146
1	158.03
1	246.627
1	199.811
1	217.443
1	212.48
1	218.065
1	159.422
1	226.565
0	7.97524
1	314.518
1	256.374
1	255.075
0	29.8098
1	251.528
1	220.627
1	183.075
0	52.8221
1	193.91
1	309.96
1	189.328
1	453.477
1	217.176
0	3.2713
1	263.693
1	218.464
1	293.029
1	260.229
1	182.739
1	168.321
1	227.544
0	0.635019
1	325.383
1	232.082
1	182.967
1	326.713
1	239.294
0	18.6067
1	328.051
1	242.826
0	2.70243e-05
1	228.757
0	7.54945
1	249.995
1	218.167
1	469.99
0	50.1051
1	216.081
0	10.5173
0	38.9581
0	6.825
1	274.87
1	245.708
1	203.802
1	264.526
1	216.906
0	6.6775
0	19.8843
1	250.864
1	305.821
0	8.11068
0	60.9807
1	191.743
1	205.896
0	55.9475
1	226.746
1	273.545
1	237.76
1	244.05
0	7.7587
1	234.699
0	86.7886
1	220.986
1	267.504
1	198.313
1	203.088
1	356.584
1	204.47
1	196.47
1	203.086
1	187.444
1	242.196
1	268.695
1	267.724
1	235.366
1	284.528
1	221.737
1	237.17
1	192.577
0	11.3817
0	27.653
0	0.98445
0	35.8291
1	226.357
1	176.412
1	194.479
1	329.299
1	205.624
1	255.784
1	193.028
1	340.822
1	197.097
0	36.8948
1	205.238
1	127.144
1	316.469
1	193.486
1	235.861
1	281.842
1	188.051
1	288.232
1	244.529
1	174.015
1	210.304
1	292.702
0	54.5185
0	12.5804
0	39.1885
1	227.556
1	323.909
1	221.31
0	101.563
1	229.273
1	191.797
1	239.455
1	310.065
0	0.782179
1	383.726
1	356.763
1	175.239
1	205.159
1	298.318
1	228.676
1	228.136
1	294.379
1	397.605
1	221.28
0	8.002
1	264.629
1	367.398
1	242.695
1	218.305
1	257.618
1	472.122
0	48.5004
0	31.4981
1	355.601
1	169.559
1	247.654
1	306.136
1	219.096
1	193.292
0	99.975
1	237.05
0	20.2405
1	159.972
1	222.26
0	0.179151
1	218.239
1	201
1	246.822
0	9.59082
1	195.817
1	284.643
1	264.371
0	122.096
1	362.765
1	236.762
0	76.2626
0	1.80941
0	6.9651
1	212.67
1	237.854
0	25.9949
1	207.805
1	225.922
1	279.114
1	236.964
1	180.013
1	354.96
1	202.372
1	219.771
1	257.807
1	321.948
0	19.7789
0	20.2976
1	184.896
0	15.3462
1	259.752
0	67.6565
1	208.542
1	254.4
1	240.498
1	220.216
1	280.104
1	304.819
1	211.922
1	261.606
1	207.565
1	250.892
1	182.349
0	10.3486
1	195.123
1	208.828
1	197.705
1	375.56
1	206.123
1	204.431
1	160.064
1	189.507
1	185.421
1	339.769
1	262.514
1	248.353
1	194.075
0	9.21226
1	226.728
1	254.387
1	309.855
1	283.103
1	333.015
1	218.076
1	326.786
1	253.413
1	279.855
1	457.131
1	513.458
1	194.547
1	423.633
1	367.335
1	277.017
1	254.11
0	67.4902
1	147.433
1	320.914
1	227.838
1	205.907
1	216.087
0	0.107013
0	20.614
1	308.904
1	248.212
1	191.566
0	171.723
1	194.234
1	309.731
1	220.292
1	191.314
1	218.531
1	316.562
1	249.896
0	39.6808
1	218.468
0	28.8182
1	264.2
1	273.99
1	357.211
1	192.209
1	435.106
0	20.3196
1	233.56
1	267.967
1	195.595
1	205.04
0	20.891
1	254.565
1	294.791
1	285.022
1	177.938
0	60.0986
0	8.4768
1	186.677
0	24.3085
0	9.89808
1	326.876
1	356.524
1	232.797
0	20.0033
1	199.394
1	315.697
1	279.694
0	63.6866
1	246.967
1	214.245
1	258.467
0	171.329
1	207.014
1	254.385
1	190.782
0	57.8665
1	335.211
1	172.451
1	310.081
1	232.186
0	103.69
1	429.181
1	214.965
1	294.856
1	202.637
0	20.0116
1	212.419
1	289.195
0	5.59958
1	242.342
1	232.449
0	4.87132
1	237.764
1	379.891
1	317.163
1	305.71
1	295.105
1	210.716
1	298.744
0	76.495
1	256.446
1	260.854
1	181.692
1	323.772
1	329.015
0	26.3152
1	205.061
1	200.374
1	226.434
1	315.979
1	304.088
1	175.607
1	218.2
1	206.523
1	333.733
1	246.228
1	177.957
0	77.5734
1	226.38
1	265.279
1	159.236
1	260.194
1	312.158
0	96.3309
1	220.462
1	288.142
0	37.6952
1	121.688
1	364.476
1	362.662
0	15.5878
1	237.548
1	355.948
1	247.364
1	307.106
0	30.1748
1	255.027
1	221.296
0	23.5637
1	182.266
1	292.776
1	248.144
0	21.4265
1	309.257
1	305.61
0	65.3483
1	236.195
1	198.824
1	269.722
0	1.54393
1	264.582
1	250.822
1	448.801
1	218.785
1	176.51
1	246.636
1	178.932
1	259.313
1	238.517
1	141.32
1	244.191
1	221.408
0	31.8588
1	256.764
1	256.244
1	271.534
1	207.109
1	196.688
1	173.052
1	215.915
1	235.756
1	283.756
1	163.075
0	30.3839
0	3.26184
1	272.54
0	8.89423
1	350.55
1	406.081
0	68.7891
1	203.425
1	535.931
1	202.471
1	181.019
1	160.721
0	5.02405
1	388.127
1	240.172
0	8.44414
1	223.632
1	222.219
1	233.776
1	233.625
1	314.045
1	382.224
1	342.769
1	276.399
1	240.167
1	343.407
1	260.075
0	48.3813
1	237.911
0	63.7192
1	215.76
1	301.511
1	347.934
1	291.959
1	245.616
1	333.266
1	203.19
0	61.6629
1	209.982
0	172.636
1	207.824
1	351.585
0	64.3104
1	284.731
0	8.39587
1	291.003
0	14.1042
0	43.6656
1	211.794
1	294.455
1	208.849
1	336.18
1	221.9
1	229.243
0	15.8624
1	279.46
0	42.171
1	227.707
1	290.686
1	202.203
1	245.83
0	22.2137
1	177.14
1	244.534
1	229.618
1	310.429
0	37.7968
0	195.377
0	129.766
1	496.783
1	269.912
1	204.88
0	29.7408
1	276.069
0	16.6788
0	39.274
1	236.167
1	247.401
1	204.773
0	10.1841
1	294.124
1	200.41
1	216.399
1	213.046
1	204.981
0	73.898
1	232.513
1	280.767
1	384.32
1	257.81
1	194.126
1	226.07
1	221.811
1	178.097
1	341.939
0	52.0833
1	259.824
1	171.815
1	296.963
0	53.6337
0	43.0164
0	10.6941
1	257.385
1	197.547
1	288.86
1	271.386
1	169.94
1	252.381
0	4.59808
0	18.4664
1	277.363
1	238.984
1	211.771
0	69.7342
1	245.233
1	224.27
0	16.2173
0	0.97855
0	1.65662
1	154.068
0	112.502
1	289.686
1	241.956
1	253.666
1	243.337
0	4.94448
0	55.4172
0	116.635
1	332.271
1	253.569
1	222.234
0	5.722
1	280.811
0	63.5222
1	397.155
0	124.283
0	87.4515
1	401.569
0	89.4534
1	237.458
1	185.67
1	276.86
1	339.252
1	252.171
1	195.439
1	181.036
1	264.264
0	42.3501
1	342.591
1	239.007
1	250.568
0	139.547
1	181.884
1	185.04
1	282.532
1	313.417
1	217.508
1	225.284
1	259.992
0	14.4869
1	191.706
1	297.24
1	262.6
0	6.88599
1	244.937
1	161.94
1	292.758
0	11.386
1	222.158
1	236.123
0	22.6655
1	335.549
0	2.02084e-06
1	243.891
1	193.875
1	230.933
1	197.788
0	1.80844
1	258.474
0	79.5609
0	48.3797
1	341.841
1	157.334
1	203.277
1	269.713
1	280.928
1	375.993
1	307.975
1	288.546
1	367.914
0	8.81601
1	282.574
0	7.22576e-05
1	425.406
0	40.1101
1	210.418
1	378.366
0	12.1059
0	11.4459
1	277.953
1	246.887
1	134.32
0	20.2996
0	0.316748
1	168.628
0	29.0487
1	145.925
1	228.581
1	309.944
0	34.2144
1	282.246
1	218.079
0	21.2761
0	15.3826
1	207.434
1	206.717
1	221.392
1	216.896
1	248.507
1	357.861
0	6.95299
1	294.06
0	164.784
1	257.281
1	227.166
1	167.55
1	246.449
1	252.485
1	465.755
0	22.4299
1	280.116
1	209.17
1	194.009
1	338.126
0	70.7633
1	210.265
0	37.1262
1	204.541
1	206.815
1	314.366
1	181.266
1	221.839
1	325.196
1	321.227
1	251.757
0	39.1224
0	10.9845
0	16.448
1	183.62
0	165.834
1	157.472
1	242.223
1	202.092
1	256.176
0	98.1376
1	310.522
1	239.414
1	273.119
1	317.453
1	237.811
1	248.369
1	302.824
1	280.878
1	245.508
0	23.2707
1	202.436
1	245.1
1	216.465
0	54.7219
1	224.639
1	167.94
1	169.522
1	387.37
0	9.1791
0	158.079
1	218.97
1	193.379
0	6.61313
1	258.031
1	214.512
1	226.482
1	196.721
0	10.8904
0	16.7809
0	19.4987
0	97.2679
0	120.786
1	341.9
1	249.575
0	37.9228
0	0.0579155
1	293.471
1	202.883
1	178.944
1	285.874
1	222.341
1	231.29
0	48.5076
1	271.677
1	310.79
1	395.063
1	266.435
1	259.397
1	231.363
0	48.4892
1	237.433
1	170.247
0	36.3909
1	233.258
0	0.387312
1	183.522
1	335.836
1	276.749
1	222.781
0	1.4083
1	291.023
1	238.65
1	294.585
0	87.5184
1	248.302
1	272.687
1	223.18
0	64.0888
1	206.165
0	16.5284
0	274.563
1	231.78
1	336.076
0	109.518
1	279.041
1	240.812
1	254.407
1	287.06
1	158.448
1	256.054
1	426.18
0	14.3033
1	317.172
1	267.014
1	195.268
1	205.935
1	193.389
1	234.875
1	236.656
0	26.5704
0	87.0544
1	233.378
1	237.659
0	96.6172
1	232.989
0	29.2824
1	293.85
1	203.347
1	328.286
1	294.353
0	8.95544
1	250.281
0	3.51114
1	225.354
0	29.7964
1	312.493
1	411.228
1	313.695
1	271.433
1	212.79
1	175.822
1	191.149
1	342.518
1	184.98
1	209.327
0	25.8282
1	219.082
1	257.324
1	167.283
0	10.9843
1	367.23
1	255.568
1	226.796
1	215.497
0	71.2862
1	276.913
1	238.736
1	255.291
1	329.626
1	201.731
1	230.339
0	85.9968
1	224.313
1	208.151
1	256.176
1	195.847
1	241.193
1	253.497
1	371.572
1	305.591
1	205.952
1	212.533
0	13.3294
1	195.069
1	287.633
0	0.295571
0	2.49704
1	418.919
1	172.732
1	247.827
1	691.552
1	356.917
0	9.88129
1	180.255
1	305.341
0	4.71707
1	162.611
1	190.267
1	170.504
1	177.676
1	342.735
1	298.296
1	322.744
0	2.69907
1	319.631
1	312.37
1	288.929
1	229.349
1	322.96
0	0.461987
1	279.823
1	247.869
1	270.335
1	254.407
1	176.956
1	215.499
0	1.89589
1	235.769
0	10.2697
1	533.672
1	257.23
1	170.396
1	231.327
0	75.0206
1	246.778
1	277.229
1	336.864
1	402.726
1	321.832
0	15.084
1	264.429
0	62.2456
1	453.424
1	244.099
1	313.657
1	259.566
1	294.017
1	338.628
1	253.926
1	200.313
1	228.363
1	252.451
1	255.316
1	173.827
1	296.086
1	224.923
0	26.1957
0	13.3081
0	80.855
1	240.019
1	159.605
1	267.493
1	176.492
1	249.94
0	2.99706
1	187.108
1	341.659
0	11.597
0	8.32601
1	263.326
1	281.69
1	281.677
1	244.812
1	163.74
0	3.2777
1	371.266
1	233.364
1	251.436
0	30.9283
1	276.772
1	249.143
1	231.6
0	79.34
0	120.037
0	37.1436
1	294.116
1	250.815
1	252.366
1	355.631
1	249.07
1	209.383
0	3.14561
1	262.457
1	197.426
0	42.541
0	87.8817
1	218.198
0	58.8882
1	203.366
0	9.25225
1	171.6
1	258.429
1	199.577
1	174.505
1	248.323
0	182.343
1	335.773
1	253.058
1	256.865
1	226.07
1	345.673
0	95.733
1	299.215
1	182.015
1	261.138
0	3.77566
1	231.167
1	216.498
0	20.5296
1	235.658
1	318.609
1	198.896
0	48.3236
0	13.8985
1	215.796
1	218.392
1	223.263
1	264.108
1	238.818
1	236.703
1	235.022
1	169.88
1	237.979
1	308.774
1	268.596
1	305.681
1	256.134
1	189.439
1	328.164
1	331.261
1	218.885
0	46.3431
1	189.562
1	246.497
1	179.221
1	364.967
1	358.63
1	160.008
1	159.798
1	171.128
1	398.016
1	224.75
1	206.89
1	196.375
1	216.355
1	211.797
1	251.141
1	260.733
1	255.393
0	52.8942
1	193.534
1	167.491
0	3.30215
1	198.813
1	270.293
1	192.134
0	52.7164
1	282.592
1	184.691
1	259.04
1	243.007
1	246.352
1	247.106
1	149.182
1	257.445
1	147.695
1	374.753
1	259.776
0	24.4902
1	285.806
0	39.1654
1	263.059
1	224.383
0	8.20423
0	62.8943
1	303.091
1	280.204
1	368.176
0	95.208
1	322.181
1	212.75
1	303.405
1	259.135
1	259.645
1	263.967
1	229.272
1	429.277
1	220.371
1	236.33
0	16.1683
1	264.039
0	83.0242
1	216.248
1	164.83
1	253.334
1	338.137
0	238.703
0	0.576351
1	255.808
1	225.672
1	225.976
0	68.2596
1	176.666
1	232.861
1	216.735
1	342.02
0	2.35185e-05
1	169.239
1	198.539
1	213.914
1	278.411
0	26.8733
0	85.5549
1	266.536
1	400.198
0	12.4749
0	8.53597
0	237.468
1	280.98
1	443.943
0	15.2883
1	279.612
1	256.446
1	207.185
1	184.166
1	325.039
1	180.889
0	85.5816
0	26.2242
0	48.9471
1	203.647
1	208.505
1	264.824
0	9.02488
1	206.174
1	170.508
1	250.105
1	290.221
0	7.54769
1	193.829
0	47.2689
0	52.0511
1	227.846
1	292.895
1	336.649
1	212.854
1	420.926
0	12.8465
1	261.024
1	175.51
1	222.205
0	126.713
1	333.602
1	294
0	95.0199
0	37.7209
1	258.194
1	202.487
1	241.742
1	322.741
1	192.668
1	215.41
1	304.436
0	1.41397
1	224.464
0	12.7075
1	440.124
1	330.348
1	211.086
1	305.198
1	274.783
1	189.073
1	303.21
0	93.1107
1	421.784
1	268.794
1	230.478
1	282.815
1	187.262
1	229.953
1	223.842
1	263.205
1	233.356
1	248.302
0	35.2546
1	512.812
1	307.309
1	235.942
1	225.887
1	253.472
1	144.977
1	310.243
1	193.163
1	226.538
1	186.146
1	190.777
1	233.913
1	194.45
1	209.789
1	325.554
1	258.916
1	312.072
0	6.24178
0	74.7056
1	335.172
1	237.554
1	276.626
0	25.1685
1	171.174
1	357.847
1	257.634
0	33.9662
1	298.989
1	226.228
1	254.201
1	233.554
1	234.382
0	25.739
0	70.4435
0	47.233
0	70.911
1	124.884
0	25.3775
0	59.336
1	253.942
1	269.442
1	315.299
0	40.3203
1	230.641
1	250.395
1	181.401
1	278.285
1	176.334
1	376.797
1	224.372
1	143.389
1	225.69
1	193.424
0	149.2
0	34.1587
1	354.773
1	306.128
0	105.206
0	46.1967
0	27.3299
0	4.10116
1	195.901
1	251.009
1	290.496
1	179.978
1	264.259
1	259.559
0	9.57999
0	1.5245
1	361.812
1	199.538
1	372.887
1	400.137
0	27.9352
1	247.98
0	84.573
1	171.404
1	277.199
1	300.167
1	227.477
1	196.53
0	13.3642
1	229.134
1	189.6
1	189.734
1	158.679
1	256.428
1	235.066
0	53.9468
0	83.8714
1	191.782
0	4.94774
1	234.131
1	262.067
1	190.124
1	168.076
1	484.679
0	2.12125e-05
1	203.182
1	260.562
1	349.689
0	100.804
1	256.959
1	273.056
1	234.642
1	302.845
1	249.886
1	215.18
1	317.302
1	280.418
1	220.293
1	181.05
1	230.686
1	306.902
1	188.414
1	432.738
1	203.564
1	199.257
1	273.793
1	254.731
0	24.9571
1	376.885
1	231.914
1	196.01
1	204.315
1	220.432
1	262.481
1	217.097
1	258.628
1	216.051
0	2.13168
1	239.851
1	286.687
1	237.33
1	158.409
0	97.3758
1	212.242
1	221.01
0	24.7925
1	535.243
0	71.1352
1	211.846
0	4.03363e-05
1	172.32
1	385.97
1	236.164
0	4.50645
1	173.903
1	266.66
1	232.608
1	208.31
1	325.249
1	224.655
1	379.656
1	236.678
1	418.376
0	0.725941
1	242.889
1	278.791
1	257.955
1	297.774
1	244.737
1	212.367
1	288.718
1	194.208
1	317.839
1	304.758
1	286.546
1	263.593
1	264.461
0	8.81195
0	251.686
1	306.323
0	174.9
1	427.947
0	21.4969
0	20.5107
1	198.24
0	11.8098
1	240.509
0	104.629
1	246.02
0	2.83623
0	29.0361
0	135.269
0	27.7421
1	247.381
1	221.65
1	229.658
0	14.8393
0	115.146
1	192.473
1	211.101
1	209.391
1	252.94
1	250.746
0	62.3893
0	109.25
0	24.0964
1	293.987
1	288.002
1	239.702
1	200.367
1	247.446
1	232.523
1	312.045
1	216.14
0	4.31729
0	16.1718
0	41.9338
1	345.725
1	264.91
1	218.566
1	183.554
1	285.856
1	380.835
1	258.297
1	238.482
1	275.446
1	187.726
1	342.94
1	230.211
0	75.6956
1	400.549
0	21.4297
0	25.0545
0	17.8711
1	278.104
0	82.7809
0	88.2063
0	0.820075
1	186.575
0	79.2003
1	200.369
1	292.661
1	276.151
1	177.355
1	204.372
1	237.48
1	191.336
0	24.7209
1	189.563
0	84.1748
1	194.968
1	252.845
0	67.0743
1	210.944
1	219.836
1	307.892
1	199.747
0	36.5505
1	397.247
1	170.735
1	148.215
1	297.479
1	187.551
1	265.841
1	178.984
1	315.009
1	275.512
0	163.26
1	210.989
1	148.205
1	250.199
1	343.577
1	304.048
0	4.90717
1	214.182
1	291.59
1	157.138
1	221.497
1	304.373
1	117.411
1	354.839
1	213.754
0	39.8958
1	359.76
1	238.656
1	205.808
0	31.3041
1	236.351
0	54.6223
1	431.508
1	223.356
1	207.631
1	267.433
0	9.83589
1	305.545
1	283.157
1	425.187
0	4.9864
1	206.022
0	41.4679
0	7.7653e-05
0	14.4953
1	341.785
1	266.138
0	25.931
1	304.233
0	116.73
0	3.98543e-05
0	2.54731
1	278.675
1	344.642
1	193.579
1	259.12
1	194.472
1	315.824
0	35.6841
1	234.863
1	220.658
1	240.224
1	221.162
1	253.958
1	522.973
1	297.367
0	58.6011
1	191.519
1	151.436
1	238.671
0	9.09916e-06
0	57.1897
0	41.0084
1	316.413
1	275.058
1	177.807
1	292.014
1	170.213
1	266.53
1	255.396
0	8.92544
1	228.035
1	355.584
0	20.7427
1	233.649
1	354.933
0	54.9076
1	325.335
1	269.693
0	0.12821
1	162.077
1	235.437
1	216.928
1	199.717
0	33.0878
0	69.5491
1	213.721
1	355.287
1	377.116
1	227.556
1	177.709
1	242.136
1	280.975
1	165.837
1	268.908
0	17.7324
1	218.824
0	31.1649
1	235.597
0	5.06481
1	195.893
1	278.18
1	283.11
1	198.198
1	324.806
1	209.4
1	197.651
0	60.7198
1	179.226
1	277.54
1	220.905
1	344.743
1	284.392
0	9.79958
1	212.07
1	235.488
0	5.08175
1	359.543
1	391.878
1	583.259
1	214.759
1	280.306
1	369.227
1	322.592
1	272.067
0	19.7604
1	230.933
1	190.859
1	323.35
1	458.538
1	299.151
0	103.329
1	237.146
1	168.614
0	1.69092
0	9.67713
1	304.869
0	11.3148
0	39.9959
1	168.611
1	292.738
1	309.199
1	199.396
1	318.216
1	234.901
0	23.4925
1	297.394
1	240.49
1	276.175
0	0.623947
1	191.446
1	226.219
1	228.194
1	480.932
1	241.888
0	41.7485
0	2.24677
1	244.952
1	186.551
0	120.511
1	323.31
0	10.1331
1	246.593
1	212.931
1	237.094
0	13.9074
0	0.755441
1	268.262
1	166.511
1	202.164
0	61.6992
1	365.039
0	0.99853
1	292.947
1	377.951
1	278.956
1	293.704
0	16.5391
1	232.72
1	186.665
1	319.398
0	33.0324
1	240.009
1	259.416
1	148.855
1	285.341
0	13.9935
1	244.169
1	239.118
0	6.08595
1	291.802
1	191.339
1	185.468
0	79.0367
1	206.79
1	194.622
1	250.737
1	196.702
1	259.272
1	285.789
1	220.036
1	208.987
0	39.2639
1	320.858
1	218.455
1	227.739
1	211.322
1	203.521
1	377.156
1	208.481
1	283.55
1	279.852
1	177.824
1	266.368
1	163.458
1	199.612
1	273.051
1	191.843
1	261.499
1	227.179
1	199.946
1	258.047
1	274.101
1	190.881
1	236.311
1	262.501
1	307.873
1	243.29
1	191.643
1	187.347
0	36.7925
1	406.43
0	0.619016
1	343.922
1	187.29
1	159.827
1	207.216
1	203.454
1	197.73
1	280.805
1	173.067
1	281.135
1	182.969
1	281.76
1	233.932
0	31.633
1	320.454
0	48.6034
1	176.759
1	243.261
1	261.112
1	189.445
0	3.27589e-05
1	216.63
0	37.7101
1	332.62
0	0.430569
1	339.781
1	247.738
0	16.2838
1	329.237
0	230.23
1	294.903
1	261.41
1	268.286
0	6.34365
1	212.669
0	14.6219
1	242.45
1	194.372
1	536.594
1	215.533
1	191.68
1	316.79
1	317.583
0	32.3362
0	101.323
1	214.775
1	220.542
1	191.455
1	321.44
1	231.471
1	345.138
1	135.837
1	229.647
0	23.7191
0	30.021
1	290.958
1	320.005
1	222.98
1	190.031
1	240.762
1	246.338
1	229.773
1	170.211
1	277.706
0	35.6961
1	414.955
1	197.267
1	185.118
1	294.889
1	147.536
1	457.027
1	263.79
1	414.744
1	221.955
1	235.528
0	13.938
0	121.298
1	308.841
0	117.431
0	6.70242
0	60.7543
0	25.8469
1	222.605
1	263.718
0	21.4238
0	22.0319
1	203.657
1	186.806
0	54.6437
1	227.73
1	208.366
1	206.528
1	161.858
1	378.619
0	59.4427
0	62.8111
0	60.8727
1	342.129
0	2.2646
1	230.184
1	207.805
1	181.202
1	177.387
1	208.399
0	110.058
1	218.944
1	225.348
1	212.66
1	244.946
1	312.156
1	295.686
1	280.828
1	190.234
1	192.203
0	48.7174
1	224.906
1	303.1
0	72.5067
1	214.114
1	296.864
1	349.431
1	200.311
0	23.2328
1	345.756
1	230.75
1	374.475
1	263.513
1	235.233
0	27.3407
0	8.61047
1	129.089
1	198.155
1	313.108
1	323.593
1	227.489
0	14.7717
1	226.71
1	376.934
1	276.871
1	202.463
1	210.142
1	208.168
0	24.1361
1	237.487
1	276.021
1	223.787
0	59.0617
0	2.03527e-05
0	66.1878
1	208.795
0	4.21181
0	32.0645
1	211.759
0	40.0282
1	193.693
1	221.167
0	67.324
1	201.258
1	197.967
1	202.352
0	4.97182
1	179.506
0	14.6208
1	222.125
1	247.319
0	1.65927
1	261.987
1	254.205
1	200.158
1	175.583
1	230.074
1	293.161
0	13.4669
1	304.261
0	39.6282
0	58.601
1	271.606
1	198.541
1	250.875
1	195.461
1	301.614
1	285.916
0	198.899
1	325.533
1	163.146
1	326.861
1	237.379
1	198.402
1	275.438
1	223.401
1	217.968
1	191.881
0	72.0552
1	253.385
0	48.7009
1	302.465
0	34.7184
1	228.442
1	152.736
1	210.321
0	166.66
1	254.839
0	20.5079
1	186.527
1	275.182
1	328.819
0	7.32652
1	225.295
0	109.953
0	9.35867
1	190.761
1	238.504
0	99.508
1	189.502
1	159.708
1	283.044
1	286.411
0	23.2336
1	206.428
1	198.743
1	269.187
0	96.6583
1	200.51
0	21.8354
1	259.99
0	31.8095
1	209.403
1	169.671
1	230.194
1	209.162
1	235.236
0	10.6538
1	261.376
1	180.347
1	329.221
1	198.589
0	4.47512
1	233.922
0	10.1881
0	0.817417
1	321.579
1	189.019
0	31.2638
1	240.421
1	226.334
1	352.035
1	419.715
1	218.164
1	315.995
1	275.517
1	229.034
1	203.888
1	220.891
1	248.933
1	304.9
1	235.461
1	294.232
0	25.4691
1	268.575
1	234.777
0	7.45024
1	213.95
0	60.2289
1	198.564
1	203.097
1	157.068
1	271.976
0	36.4547
1	180.183
1	204.307
1	248.706
1	332.128
1	160.463
1	213.644
0	24.15
1	294.435
0	5.35611e-05
0	16.5143
1	295.677
0	18.9425
1	243.671
1	276.878
1	230.773
0	30.0158
1	290.767
0	71.1831
1	390.569
1	264.87
1	255.684
1	179.35
1	211.98
0	12.5549
1	236.016
1	256.441
1	223.734
1	432.384
1	280.534
1	301.127
1	187.597
1	202.956
1	243.724
1	245.157
1	312.732
0	1.59417e-05
1	269.13
1	304.769
1	250.914
1	185.855
1	315.958
1	252.323
1	246.821
1	343.782
1	312.168
0	44.0004
1	325.873
1	265.14
1	276.183
1	168.464
1	159.899
0	39.1409
1	303.379
1	200.798
1	311.685
1	266.53
0	281.585
0	18.1719
1	242.65
1	216.763
1	246.834
1	203.337
1	400.513
0	44.6984
1	198.173
1	237.658
1	212.224
0	61.3811
1	292.268
1	410.202
0	22.7814
0	32.2994
1	325.248
1	166.568
1	265.158
1	233.325
0	0.789891
0	1.03733
1	212.785
1	162.129
1	226.46
1	190.422
1	237.812
1	240.291
1	275.02
0	69.2834
1	304.852
1	302.545
1	255.101
1	327.326
1	198.466
0	86.9446
0	28.1017
0	4.45085
1	195.922
1	312.966
0	59.3431
1	323.958
1	200.663
0	1.12712
1	201.952
0	24.7111
1	271.238
1	320.605
0	15.2275
1	449.094
1	289.966
0	12.9763
1	344.291
0	24.6658
1	286.187
1	184.17
0	10.3691
1	301.001
0	4.6264
0	37.1596
1	175.206
1	177.089
1	415.179
1	253.275
1	334.594
1	212.488
0	51.3534
1	178.559
1	243.157
0	88.1605
1	267.908
1	335.894
0	146.588
1	250.438
1	164.832
1	274.008
1	201.682
0	5.06528
0	8.17244
0	13.3428
0	48.6251
1	206.31
1	168.345
1	263.279
1	263.303
1	151.079
1	201.506
0	32.4469
1	217.105
1	253.43
0	70.0138
1	274.293
1	255.429
1	274.993
1	221.279
1	230.767
1	234.502
1	209.479
1	360.3
1	290.383
1	249.741
1	302.781
1	186.852
1	321.024
1	297.268
1	243.722
1	227.133
1	282.356
0	6.24094
1	187.597
1	200.649
1	222.268
1	163.416
1	264.499
1	263.715
1	342.231
0	6.70539
0	29.507
1	308.793
0	82.1271
1	439.717
1	230.565
1	220.395
1	189.348
1	259.114
1	395.237
0	10.7012
1	269.627
0	14.2062
1	246.539
0	6.08653
1	370.932
1	232.678
1	291.707
1	308.945
1	173.348
1	176.914
0	11.0777
0	1.63786
1	444.509
1	264.156
1	179.59
1	262.578
1	237.866
1	192.708
1	346.577
1	260.267
1	294.809
1	429.637
0	53.6955
1	209.92
1	324.309
1	167.979
1	257.84
0	17.9438
0	50.2783
1	272.372
1	279.477
1	226.281
1	225.115
0	3.42237
1	299.759
1	171.331
1	277.405
1	205.647
1	249.575
0	36.2072
1	141.152
1	284.293
0	3.38852
1	270.464
1	199.813
1	232.014
0	61.0205
0	4.20877
1	388.459
1	224.674
0	23.087
1	325.468
1	281.159
1	302.959
0	175.614
1	254.441
1	260.545
1	265.413
1	324.987
1	201.021
0	43.3351
1	267.943
1	267.081
1	222.672
0	37.7354
1	157.013
1	322.451
1	305.532
1	196.15
1	319.747
0	70.3059
1	369.823
1	352.564
0	20.8921
1	280.853
1	240.185
1	204.172
1	190.649
0	19.181
1	232.416
1	163.555
1	178.392
0	192.068
1	326.489
0	52.2554
0	41.946
1	400.495
1	254.126
1	334.142
0	6.09417e-06
1	185.828
1	212.385
1	160.589
0	45.3857
1	197.636
1	277.603
1	249.439
1	249.786
0	21.173
1	348.258
1	215.746
1	192.687
1	286.82
1	211.027
1	206.361
1	206.972
1	253.598
0	9.3871
1	394.121
1	249.361
1	260.314
1	375.433
1	172.401
0	39.8269
1	317.993
0	18.0279
1	216.774
1	203.503
0	53.9381
1	228.734
1	246.338
1	214.154
1	262.204
1	171.499
1	248.868
1	171.688
1	277.875
1	392.661
1	219.386
1	169.393
1	270.129
1	240.18
1	153.01
0	10.4698
1	250.539
0	31.7223
1	316.716
1	279.028
1	264.437
1	176.155
1	395.615
1	161.138
1	223.706
1	300.252
0	59.79
0	4.02636
1	212.99
1	260.757
1	326.411
1	278.752
0	45.3462
0	18.4902
1	257.181
1	225.582
1	324.103
0	3.11786
1	412.187
0	1.01122
0	31.2886
1	232.271
0	2.30041
1	266.229
1	194.613
1	316.556
1	174.339
0	1.46445
1	193.385
1	306.776
1	240.372
0	95.7177
1	257.988
1	185.496
1	147.674
0	35.3014
1	204.521
1	267.847
1	355.212
1	256.025
0	6.72328
1	221.791
0	46.4993
1	202.672
1	264.985
1	194.201
0	62.7242
0	97.9636
1	315.678
1	291.667
1	223.361
1	217.379
1	351.711
1	300.815
1	253.256
0	63.5656
1	229.152
1	386.179
0	2.48902
1	318.299
0	32.7747
0	1.43347
0	41.6507
1	214.191
1	212.651
1	201.822
1	237.856
1	301.64
0	8.55393
1	306.284
1	306.509
0	0.677757
1	280.586
0	28.0932
1	225.496
0	36.3166
0	33.099
1	312.215
0	6.69556
1	240.058
1	514.797
1	266.975
1	339.513
1	194.311
1	280.882
1	299.332
1	225.027
0	4.80462
1	280.688
1	319.246
1	284.4
1	294.755
1	241.105
1	177.658
1	264.099
0	38.747
0	18.1826
1	212.653
1	304.006
0	1.7563
0	25.191
0	33.0284
1	192.793
0	3.83362
1	257.43
1	261.78
1	171.172
0	137.075
0	110.695
0	9.18492
1	240.481
1	221.063
1	356.481
1	249.921
1	305.998
1	200.082
1	206.178
0	60.9355
1	226.657
0	202.471
1	240.228
1	294.333
0	35.2156
0	23.8846
1	212.079
1	342.055
0	113.675
1	270.076
1	201.29
1	273.014
1	233.194
0	19.0193
1	228.458
0	118.378
1	276.208
1	294.999
1	186.325
1	183.573
0	45.6156
1	262.272
1	223.434
1	233.033
1	207.411
1	229.813
1	203.797
0	1.72798
1	275.007
1	258.156
0	24.8746
1	299.583
0	14.0991
1	207.916
0	11.7291
1	407.02
1	239.057
0	4.02453
0	68.8278
0	16.9357
0	5.77281
1	236.638
1	345.236
0	17.5764
1	243.104
0	16.352
1	164.799
1	258.633
1	295.418
1	386.394
0	145.843
0	16.8824
1	342.593
1	231.461
1	182.039
1	331.097
0	81.2436
1	192.955
1	237.368
1	317.632
0	5.47828
0	9.62718
1	252.407
0	39.5083
1	190.904
0	23.1884
1	202.681
1	133.273
1	200.173
0	9.45252
1	240.941
1	345.933
1	322.605
1	182.167
0	4.03547
1	303.405
0	90.9848
1	189.878
1	274.642
0	27.9785
1	314.315
1	303.568
1	276.177
1	261.512
0	25.1003
1	205.447
0	4.73302
1	176.03
0	6.57793e-05
1	121.204
1	175.563
1	201.342
1	291.598
1	228.434
1	211.132
1	175.932
1	234.65
1	229.401
1	261.24
1	237.003
1	212.846
1	328.841
1	231.811
0	105.082
0	18.1702
1	198.936
0	18.4391
1	232.664
1	285.608
0	15.8521
0	29.6601
1	191.438
1	391.663
0	55.253
0	81.615
1	282.767
1	367.455
1	275.199
1	247.911
1	253.402
1	162.368
1	218.838
0	48.0455
1	260.655
1	351.38
1	207.286
0	34.8624
1	345.986
0	29.0685
1	220.1
1	230.784
1	219.071
1	313.009
1	181.477
0	10.0662
1	266.307
0	2.38389
1	344.161
0	23.9095
1	219.521
0	162.817
1	201.738
0	70.232
1	248.811
0	46.0366
1	348.767
1	204.107
1	255.28
1	192.801
1	271.916
1	348.775
1	253.716
1	181.169
0	50.1713
1	180.147
1	260.415
0	26.8663
1	369.396
0	68.0046
1	230.213
0	50.2922
0	6.06112
1	200.799
1	173.559
1	243.757
1	298.917
1	203.129
1	212.4
1	252.884
0	93.5076
1	217.5
1	216.79
0	5.03748
1	195.46
1	262.167
1	193.165
1	175.195
1	226.685
1	140.153
1	254.942
0	139.777
1	226.38
0	32.6407
1	236.957
1	144.529
1	267.162
1	286.74
0	16.4159
1	308.35
1	214.976
0	3.16968
1	216.132
1	254.417
1	255.027
1	308.35
0	17.7462
1	144.92
1	438.194
0	6.01137
0	2.46871
1	266.622
1	317.524
1	277.9
1	253.648
1	267.777
1	279.387
0	44.1226
1	291.92
1	195.239
1	304.381
1	417.031
1	251.912
1	269.38
0	26.3954
0	42.2163
1	193.126
1	210.262
1	243.639
0	69.1741
0	130.686
1	317.251
1	163.766
1	203.89
1	165.938
1	354.174
1	228.274
1	302.354
1	257.302
1	320.452
1	260.045
1	192.08
1	282.168
1	230.279
1	162.741
1	174.085
1	259.231
1	198.723
1	184.25
1	177.417
0	5.31063
1	324.554
1	231.064
0	26.1467
1	235.141
0	6.69218
1	164.291
1	232.499
1	137.868
0	193.294
1	327.266
1	234.762
1	445.246
1	242.324
1	499.13
0	56.5607
1	223.427
1	176.593
0	26.9022
1	278.635
1	228.171
1	171.237
1	209.299
1	205.275
1	301.555
1	252.286
0	59.5125
0	24.5564
1	439.569
0	14.4972
1	190.87
0	29.062
1	230.095
1	268.359
0	80.6561
0	13.4943
1	267.215
1	199.988
1	208.397
1	215.826
1	231.298
1	432.5
0	23.3717
0	58.8049
1	287.894
1	153.31
1	226.772
0	8.90775
1	285.305
1	269.61
0	0.484096
1	288.477
0	46.3503
1	289.265
1	232.353
0	6.65524e-05
1	306.434
1	252.806
1	285.361
1	184.362
1	216.559
0	22.8998
1	332.418
0	151.259
1	279.643
1	195.074
1	189.256
1	283.339
1	209.467
1	251.209
1	263.883
1	172.036
1	212.563
1	207.537
1	350.426
0	21.8971
1	330.583
1	204.88
1	178.58
0	113.003
1	253.035
1	247.539
1	343.708
1	249.689
1	274.786
1	299.044
1	347.494
1	269.858
1	256.629
1	207.169
1	434.577
0	16.5662
1	321.817
1	205.44
1	243.451
0	134.612
0	280.056
0	146.291
1	200.881
1	236.6
0	126.464
0	5.28791
1	273.001
1	152.648
1	229.582
0	21.3717
1	329.734
1	311.463
1	180.341
1	186.661
1	300.497
0	4.4179e-05
1	241.367
1	561.482
1	182.567
1	205.207
1	178.479
1	146.536
1	203.582
0	165.853
1	247.806
1	312.218
0	44.4243
0	86.7932
1	245.431
1	198.332
1	251.371
1	226.103
1	302.091
1	185.904
1	214.455
1	184.2
1	194.207
1	309.938
1	337.236
0	12.0499
1	246.034
1	275.056
1	227.993
1	212.985
1	183.854
1	379.667
1	301.13
1	225.387
1	297.323
0	5.85885
1	170.654
0	22.0715
1	233.613
1	191.625
1	309.853
1	396.788
0	24.4046
1	231.959
0	40.8796
1	635.138
1	247.399
0	14.2624
1	217.855
1	347.516
1	215.569
1	177.354
0	19.3659
0	54.4513
1	362.611
0	8.07003
0	2.02716
1	210.946
1	422.777
1	279.214
1	199.846
0	20.4984
1	299.22
1	173.441
1	170.458
1	273.492
1	211.694
0	69.8115
1	199.759
0	70.6698
1	219.183
1	213.555
0	14.533
0	5.13557
0	39.189
1	233.209
1	223.146
0	56.3439
0	3.48034
1	233.626
1	278.828
0	36.1188
1	286.414
1	224.135
1	305.605
1	199.015
1	577.427
1	233.396
1	263
1	265.699
1	251.116
1	221.912
1	325.228
1	352.142
1	182.619
1	248.258
1	192.068
1	223.241
0	11.8008
1	328.357
0	40.7108
1	214.191
1	327.661
0	33.9161
1	314.536
1	181.973
0	118.002
1	221.072
1	198.181
0	18.3671
1	222.552
0	33.2954
1	289.406
1	300.684
1	209.301
1	270.035
1	287.308
1	280.203
1	282.864
0	13.2736
1	495.388
1	280.699
1	169.573
1	194.49
1	338.123
0	86.1382
1	219.107
1	203.472
1	192.4
1	335.024
1	220.997
1	221.525
0	53.0695
1	151.426
1	210.92
0	111.715
1	262.453
1	368.782
1	223.366
1	186.26
0	36.1373
1	294.8
1	235.216
1	303.765
0	60.3505
1	213.485
0	78.7999
1	196.119
0	4.5689
1	220.376
1	224.285
1	183.807
1	275.016
1	261.44
1	200.813
1	296.506
1	260.15
1	347.07
1	184.189
1	300.537
1	381.052
1	158.817
1	221
1	292.514
1	232.778
1	229.528
1	214.923
1	338.554
1	349.302
1	293.357
1	261.228
1	274.065
1	455.689
1	287.934
1	303.527
1	278.21
0	54.1784
1	187.896
0	54.8225
1	246.233
0	40.6396
1	258.752
1	270.485
1	209.397
1	299.47
1	189.564
1	209.724
0	36.332
0	16.2551
0	50.7631
0	126.653
1	395.244
0	48.4119
1	238.166
0	22.6009
0	104.586
1	160.942
1	195.193
0	152.637
1	429.842
1	265.394
1	279.729
0	44.9387
1	193.41
1	311.777
1	218.543
1	193.113
1	228.644
1	223.616
1	159.217
1	234.56
1	236.053
0	117.369
1	200.971
1	497.495
1	312.507
1	234.805
1	353.861
0	26.5627
1	178.995
0	5.52862
1	273.325
0	40.0715
1	336.005
1	280.574
0	17.7059
1	319.861
1	185.249
1	288.445
1	337.253
0	6.95209
1	223.573
1	235.146
0	4.65206
1	136.367
0	31.2204
1	344.719
1	327.943
1	237.169
1	357.186
1	249.458
1	161.382
1	353.171
1	196.913
1	262.464
1	205.76
0	14.4715
1	242.99
1	463.684
1	225.817
0	16.3003
1	213.026
1	179.856
1	218.219
1	223.116
1	200.548
1	230.677
0	4.52264
1	237.93
1	370.904
0	57.4505
1	231.275
1	236.279
1	182.445
1	312.615
1	289.645
1	295.072
1	222.407
1	344.566
1	288.675
1	305.936
1	258.465
1	193.906
1	351.912
0	24.7207
1	219.098
0	2.09713e-05
0	59.8338
1	328.977
1	312.089
0	35.4554
0	66.9888
0	17.9935
0	1.70182
1	275.884
1	261.204
1	179.111
0	3.96286
1	197.683
1	233.68
0	23.2102
1	423.595
1	201.702
1	217.28
1	331.777
1	234.872
1	346.708
1	264.098
1	249.905
0	16.4817
1	217.033
1	186.133
1	244.669
0	7.06271
1	272.756
1	197.904
1	196.641
1	159.984
1	291.742
1	299.176
1	186.269
1	187.499
1	311.787
1	286.915
1	206.998
0	30.4766
1	318.532
1	327.647
1	270.683
1	260.208
0	73.6667
1	256.588
1	248.243
0	3.09039e-05
0	7.30776
1	227.87
1	150.796
1	273.404
1	212.67
1	368.032
1	281.37
0	73.6623
1	274.664
1	162.307
1	224.814
1	359.124
1	249.01
1	214.81
1	199.52
1	318.459
1	225.766
0	30.5355
1	231.818
1	342.542
1	224.954
1	187.71
1	157.257
1	263.68
1	321.603
1	187.159
1	212.808
1	174.517
1	297.322
0	2.65962e-05
1	296.801
0	195.023
1	215.411
1	224.258
1	243.849
1	269.602
0	210.515
1	188.49
1	171.236
0	28.2067
0	35.4803
1	190.4
1	256.556
1	169.499
0	3.54598
0	55.6089
1	170.649
1	297.466
1	224.737
0	33.8675
1	179.56
1	168.699
1	248.979
1	236.366
1	252.833
1	263.512
1	184.116
1	264.65
1	238.822
1	295.262
1	238.368
1	160.075
1	225.253
0	18.9126
0	9.96784
1	202.475
1	209.703
1	298.691
0	55.2614
1	231.157
1	209.327
1	169.986
0	45.3593
0	21.9099
1	284.417
1	289.346
1	200.987
1	210.995
1	176.839
1	290.863
1	211.915
1	292.549
1	201.959
0	1.02859
1	263.299
1	208.047
1	354.001
0	75.7525
1	230.925
0	20.6991
1	217.028
1	229.386
1	238.302
1	159.82
1	372.878
1	321.866
1	364.195
0	30.8408
1	291.233
0	16.9866
1	241.161
1	325.711
1	332.438
1	250.442
1	227.323
0	5.92348
0	60.1972
0	26.7959
1	258.963
1	288.605
0	59.1668
1	169.43
1	181.428
1	245.266
0	99.5003
1	222.951
1	349.494
1	200.224
1	172.263
1	189.712
1	220.126
0	25.448
0	143.397
1	245.359
1	281.137
1	218.386
0	43.1624
1	259.925
0	19.6928
0	74.0703
1	237.55
1	251.884
1	193.867
1	284.071
1	318.39
1	226.611
0	73.0405
0	59.5157
1	218.314
0	7.17866
1	172.195
1	263.549
0	114.379
1	280.5
0	103.199
1	372.6
0	36.1978
1	156.264
1	241.024
1	242.969
1	269.244
1	187.311
1	302.305
0	45.6561
1	222.279
1	376.807
1	273.586
0	69.3642
1	218.412
1	292
1	182.186
0	9.14154e-05
1	321.306
1	169.357
1	267.832
1	219.868
1	494.853
0	2.03968
1	339.045
0	20.5062
1	228.688
0	49.7902
1	276.015
0	39.6869
0	30.6903
1	192.895
1	227.091
1	436.011
1	201.501
1	197.189
0	46.3496
1	255.27
1	183.341
0	34.6972
1	200.864
1	244.951
0	97.4802
1	341.167
0	29.1538
0	7.5086
1	282.853
1	381.071
1	329.305
1	203.706
0	13.6331
1	252.076
0	190.076
0	9.20488
1	223.331
1	379.575
1	258.387
1	245.891
1	251.389
1	191.396
1	236.005
1	362.323
1	250.494
1	264.204
1	219.854
1	230.73
1	384.094
1	217.29
1	227.335
0	27.8962
1	249.699
1	210.88
0	22.0196
1	269.441
0	4.11181
0	29.1982
1	170.708
0	28.0043
1	307.493
1	205.465
0	3.00519
1	188.148
1	212.376
0	52.9643
1	254.227
0	17.5715
1	221.019
1	261.774
1	403.968
1	517.068
0	1.82784
0	15.1094
1	239.583
1	192.102
0	22.7551
1	262.668
