10000	1	9900	0.00208333
0.025641	230.979	24902.1	0.0228438	1e-05
1	56.3458
1	84.6187
1	56.3043
1	140.28
0	10.8783
1	66.5899
1	188.382
1	116.941
1	58.7769
1	51.5992
1	219.544
1	77.3022
1	128.514
1	72.9046
1	163.376
1	156.379
0	31.9286
1	95.6652
1	66.4239
1	54.4189
1	83.8737
1	126.889
1	117.64
1	66.0153
1	68.1868
1	102.478
1	124.589
1	150.937
1	57.4482
1	99.5998
1	198.352
1	102.106
1	102.515
1	71.661
1	71.2663
1	166.84
0	31.8211
1	100.57
1	229.132
1	102.471
0	15.616
1	67.2592
1	186.478
0	17.0259
0	67.4751
1	185.707
1	115.729
1	123.982
1	100.656
1	96.8265
1	75.4093
1	64.5408
1	59.7671
1	86.0102
0	16.2629
1	173.656
1	97.7701
1	77.0485
1	82.812
1	119.065
1	132.791
1	70.5805
1	157.63
0	3.41104
1	112.666
1	111.123
1	144.984
1	58.5583
1	68.9462
1	62.1243
1	134.776
1	65.8536
0	13.3876
1	233.218
1	174.128
1	124.487
0	47.1249
1	108.902
1	150.962
0	7.45313
1	151.673
1	155.106
0	1.67093e-05
1	69.7212
1	92.8972
1	97.1636
1	48.0205
0	8.05612
1	189.108
1	86.0452
1	97.2496
1	142.633
0	35.8947
1	152.224
1	322.281
1	77.667
1	83.8378
1	98.2609
1	102.739
1	57.5787
1	192.057
1	82.4682
1	92.054
1	141.414
1	101.768
1	68.6032
1	104.339
1	146.872
1	115.721
1	63.0881
1	101.892
1	334.132
1	82.502
1	283.299
1	123.153
1	135.27
1	69.4686
1	223.337
1	69.7525
1	130.33
1	130.513
1	93.3676
1	144.739
1	128.651
1	53.5369
1	89.6653
1	97.7663
1	45.8811
1	103.9
1	142.923
1	163.47
1	141.943
1	212.992
0	8.72411
1	134.017
1	95.8592
1	109.786
1	89.4882
1	137.297
1	188.278
1	85.4454
0	115.439
1	103.681
1	95.4651
1	54.1707
1	87.8124
0	35.9833
1	83.2662
1	102.094
1	128.106
1	122.372
1	171.479
1	92.7379
1	69.0671
1	117.946
1	154.906
0	214.079
1	91.5159
1	64.9849
1	62.6276
1	126.172
1	67.0452
1	108.256
1	130.506
0	1.24467
1	152.052
1	75.5271
0	2.54919e-06
0	1.79591
1	152.964
1	281.923
1	219.441
1	252.758
1	90.8932
1	111.753
1	104.153
1	154.908
1	26.3723
1	97.8574
1	106.463
1	149.7
1	127.021
1	112.506
0	53.8181
1	124.356
1	139.203
1	104.085
1	177.672
1	50.9426
1	101.195
1	117.312
1	134.66
1	142.21
0	24.3632
1	92.2249
1	35.5928
0	37.3114
1	157.45
1	119.627
1	89.9589
1	85.5003
1	87.3355
0	171.05
1	131.786
1	107.469
1	182.555
1	167.027
1	106.108
1	54.3587
1	47.4645
1	129.241
1	91.3889
1	103.725
1	188.596
1	98.5166
1	139.688
1	107.48
1	82.1992
1	106.042
1	54.7525
1	78.289
1	54.6379
1	151.949
1	171.795
1	130.634
1	42.2445
1	140.637
1	122.354
1	166.889
1	66.7459
1	72.3683
1	55.3005
1	196.498
1	48.897
1	70.4962
1	167.618
1	138.897
1	115.875
0	21.6374
1	217.77
1	58.6361
0	145.056
1	74.7073
1	63.9842
0	12.9367
1	71.0213
1	138.339
0	98.1006
1	62.614
0	89.5098
1	61.8368
1	101.242
1	67.5935
1	112.937
1	90.4816
1	97.0444
0	25.1844
1	95.2273
1	99.4877
1	95.0136
1	114.678
1	50.8428
1	114.534
1	197.605
1	73.1754
1	145.22
1	125.181
1	144.317
1	152.322
1	70.5402
1	108.417
1	123.29
1	78.2684
1	91.8939
1	55.3271
1	183.803
1	149.799
1	91.6628
0	28.2907
1	100.207
1	61.9357
1	74.5701
1	222.779
1	51.0118
1	69.3549
1	197.44
1	62.9764
1	105.962
0	4.83086
1	218.118
1	137.111
1	50.1081
1	84.4133
1	77.8157
1	83.2261
0	38.4718
1	220.729
1	84.1486
0	89.4683
1	258.025
1	103.903
1	89.8134
0	33.1641
1	37.4153
1	96.6639
1	68.3252
0	25.2174
1	36.8241
1	73.1911
1	62.4497
1	308.437
1	54.9519
1	55.7196
0	7.33086
1	72.2918
1	80.2188
0	93.9564
1	93.2956
1	128.793
1	67.5909
1	63.1366
1	106.562
1	97.3702
1	54.5857
1	72.5752
1	136.239
1	47.0511
1	182.535
1	135.926
0	43.1803
1	113.648
1	94.3862
1	133.976
1	143.901
1	88.0459
0	0.0182609
0	24.2486
1	75.9245
1	71.3043
1	64.1178
1	105.864
0	103.021
1	186.991
1	198.266
1	71.719
0	65.182
1	83.9161
1	64.656
1	86.9998
1	284.751
1	100.889
1	81.1559
1	90.3878
1	96.13
1	60.7485
1	94.6862
1	42.1261
1	159.389
1	34.7718
1	277.207
0	76.1149
1	218.292
1	170.627
1	207.727
1	109.449
1	107.742
0	7.88402
1	194.976
1	88.9857
1	109.065
1	125.951
0	5.00408
1	138.18
1	141.91
1	151.541
1	98.5045
0	15.0338
1	59.4597
1	192.34
1	100.016
1	147.946
1	85.2282
1	69.9971
0	32.7309
0	21.0542
1	115.012
1	91.8189
1	81.5942
1	141.528
0	2.03739e-05
1	53.2681
1	47.811
0	49.9407
1	52.5517
1	116.656
1	130.514
1	56.9998
1	79.0164
1	115.658
1	39.8169
1	94.3358
1	77.8229
1	68.9303
1	68.3265
1	134.413
1	109.41
1	45.9663
0	4.92509e-05
1	85.027
1	174.919
1	100.774
1	116.915
1	61.1683
1	89.9806
1	128.239
1	127.892
1	123.795
1	184.672
1	218.588
1	82.2278
0	4.1547
1	69.1141
1	105.364
1	83.723
1	154.238
0	3.12386
1	72.2175
1	131.22
0	110.435
1	139.717
1	53.1219
1	137.359
0	28.9737
1	82.0262
1	58.2715
1	83.4251
1	140.393
1	49.7399
1	153.559
1	163.739
1	116.167
0	87.2127
1	48.3874
1	119.449
1	223.352
1	45.5375
1	113.696
1	116.376
1	98.6536
1	59.8459
1	135.608
1	123.575
1	102.541
1	238.119
0	45.9661
1	139.808
1	210.848
1	257.736
1	158.882
1	82.619
1	175.258
1	88.474
1	169.446
1	92.2491
0	15.3626
1	108.959
1	77.7301
1	310.726
1	197.058
1	55.8185
1	113.332
1	43.4346
1	289.866
1	70.7409
1	135.757
0	17.5997
1	226.026
1	118.242
1	104.97
1	50.5058
1	317.794
1	75.5024
0	42.0308
1	79.0367
0	13.0869
1	44.8745
1	252.942
1	79.9543
1	223.363
1	117.456
1	99.7617
0	2.19771
1	93.1281
1	118.71
1	103.229
0	94.192
1	51.0686
1	151.11
1	74.3727
1	233.975
1	85.2086
1	92.8388
1	168.894
1	213.998
1	116.306
0	107.403
1	38.5469
1	78.3597
1	66.4065
1	164.431
1	115.816
0	5.76265
0	9.63504
1	143.407
1	33.6033
1	161.183
1	88.4276
1	171.874
0	15.3806
1	147.936
1	155.449
1	111.313
1	92.2242
1	66.1016
1	99.0534
1	91.197
1	126.94
1	143.824
1	67.4835
1	90.2704
1	72.9746
1	125.646
1	93.8077
1	127.953
0	1.42536e-05
1	162.428
1	95.3589
1	165.15
1	55.16
1	155.904
1	124.885
1	180.279
1	156.63
1	188.063
1	175.7
1	55.6683
1	70.167
1	141.355
0	113.232
1	182.485
0	22.1697
1	148.676
1	80.3584
1	143.177
1	95.8539
1	85.4371
1	98.4685
1	157.259
1	145.682
1	158.463
1	119.261
1	82.5772
1	72.1226
1	171.648
1	49.1439
1	87.0822
1	101.448
1	251.262
1	72.7343
1	112.573
0	119.462
1	157.315
0	98.3395
1	87.6011
1	92.2972
0	34.7852
1	81.9189
1	75.7143
1	101.199
1	141.009
1	191.231
1	80.5847
1	123.764
1	71.0738
1	99.935
1	52.5271
1	78.2111
1	64.1177
1	111.988
1	96.8995
1	62.5529
1	148.126
1	261.636
1	117.968
1	84.447
1	74.2662
1	71.914
0	5.87889
0	18.1609
1	75.5904
1	47.8929
1	48.3706
1	191.922
1	160.184
1	196.454
1	107.312
0	6.57079
1	58.0579
1	209.837
1	128.748
1	166.385
0	17.7185
1	327.035
1	135.081
1	170.916
1	143.644
1	140.087
1	77.0077
1	203.575
1	202.292
1	87.994
1	130.321
1	85.0931
1	152.356
1	125.825
1	138.57
1	26.317
1	77.8789
1	175.876
1	54.5341
1	75.886
0	4.68067e-06
1	164.298
1	53.8424
1	83.5824
1	77.2183
1	77.9147
1	57.9026
1	149.006
1	110.657
0	17.712
1	54.4789
1	109.42
0	1.31143e-05
1	102.763
1	74.5017
1	98.9567
1	178.845
1	118.058
0	104.423
1	207.908
1	155.595
1	153.115
1	97.6362
1	114.439
0	30.9678
1	96.0788
1	78.6515
1	98.0447
1	77.1517
1	191.882
1	85.9266
1	69.0502
1	64.8382
1	41.8582
1	102.728
1	157.758
1	141.79
1	217.79
1	89.0355
1	68.6434
1	134.706
0	30.9779
1	155.828
1	220.487
1	115.057
1	117.557
1	81.0547
0	2.59057
1	84.5232
0	152.358
1	102.926
0	11.8241
0	1.93495e-05
1	165.612
1	107.684
1	192.813
1	113.08
1	182.757
1	158.212
1	62.214
1	141.299
1	68.8982
1	159.389
1	54.5891
0	35.5504
1	77.8557
1	125.963
1	142.27
1	177.658
1	48.124
1	155.999
1	87.7654
1	47.9439
1	78.3482
1	114.384
1	190.806
1	32.6435
1	143.325
1	149.136
1	73.3675
1	162.901
0	10.7578
1	39.9119
1	145.62
1	82.0603
1	127.582
1	97.6089
1	94.2799
1	97.4801
0	68.9678
1	120.507
1	110.329
1	124.575
1	173.816
1	223.073
1	173.715
1	76.6396
1	68.1967
1	104.15
1	101.237
0	9.58527
1	134.829
1	151.785
1	68.2309
1	59.9022
1	92.609
1	80.3141
1	90.9947
1	140.95
1	68.4343
1	110.237
1	43.0112
1	124.52
1	119.993
1	116.836
0	2.40454e-05
1	118.965
0	23.3784
1	48.4549
0	5.73211e-05
1	59.9919
1	173.339
1	142.335
1	74.7621
1	138.409
1	137.227
0	5.27227e-06
1	88.9902
1	77.792
1	90.3747
1	129.36
1	139.464
1	70.9363
1	187.373
1	218.497
1	177.854
1	138.253
1	189.921
1	126.59
1	56.9277
1	193.937
1	83.7669
1	64.0702
1	68.4047
1	64.3248
1	61.8643
1	83.584
1	79.5055
1	69.7815
1	97.2812
1	251.353
1	140.538
1	39.9081
1	139.746
1	56.5029
1	110.344
1	72.9036
1	86.7155
1	64.3175
0	49.4719
1	95.7898
1	107.536
0	8.4446
1	81.4921
1	121.83
1	140.901
1	86.5268
1	95.5229
0	45.9518
1	165.995
1	64.5754
0	44.6484
1	170.901
1	119.319
1	95.7951
1	89.1507
1	158.736
1	70.8025
1	90.4274
1	156.479
1	246.02
1	91.4568
1	148.276
1	90.8759
1	118.994
1	92.1315
0	13.3291
1	134.177
1	166.107
1	151.196
1	80.613
1	87.2785
0	50.6147
1	206.061
0	0.00010937
1	108.812
1	52.8982
1	178.429
1	56.4391
1	91.9034
1	102.502
1	142.602
1	241.092
1	59.7616
1	42.2201
1	101.078
0	16.4828
1	71.3546
1	97.9545
1	77.6998
1	73.4282
1	301.822
1	156.883
1	67.1296
1	81.2566
1	106.608
1	54.3938
1	79.3684
1	69.1224
1	120.21
1	119.031
1	63.9587
0	32.4372
0	7.52804
1	34.1121
1	82.4925
1	117.64
1	99.2911
1	142.863
1	73.1588
1	78.5762
0	49.4118
1	79.9386
1	111.456
1	91.5119
0	13.5454
1	246.994
1	111.249
0	0.000110382
1	191.23
1	122.04
0	16.7449
0	34.3106
1	119.09
1	105.047
1	125.845
0	12.048
1	81.6485
1	90.6768
1	169.859
1	83.0785
1	99.8486
1	76.1045
0	21.1754
1	130.401
0	6.1024e-05
1	100.75
1	75.1905
1	82.8301
1	147.223
1	105.936
1	245.627
1	239.488
1	197.608
1	134.081
1	121.663
1	200.993
1	158.043
1	123.07
1	61.0918
1	48.5639
1	169.083
1	80.6063
1	124.83
1	98.3218
1	122.065
0	16.5878
1	68.8045
1	160.052
1	48.1307
1	66.8658
1	130.948
0	18.2424
1	49.3535
1	114.589
1	117.865
1	188.804
0	50.5768
1	89.2273
1	178.223
1	125.154
1	272.669
1	110.915
0	22.5173
0	10.056
1	92.1772
1	76.9746
1	111.02
1	121.641
1	111.503
1	70.9399
1	99.8549
1	133.953
1	51.4252
1	96.3149
1	134.876
1	66.4117
1	64.7251
0	2.72797
1	54.6766
1	181.795
1	74.4062
1	113.647
1	103.652
1	113.712
1	223.892
1	208.437
1	140.989
1	52.3008
1	128.425
1	55.3205
1	104.898
1	133.53
1	162.127
1	103.281
1	107.437
1	86.9378
1	78.8801
1	69.0605
1	142.419
1	131.244
1	71.1732
1	90.0095
1	238.243
1	165.097
1	115.137
1	101.223
0	4.88998e-05
0	46.09
1	97.1312
1	163.116
1	157.522
1	80.4666
0	4.03623e-05
1	74.3302
1	94.7752
1	58.057
1	160.688
1	77.1191
1	235.932
1	51.0042
1	83.967
1	158.441
1	100.124
1	105.415
1	152.299
1	69.0019
1	162.352
1	89.0876
0	45.8525
1	109.184
0	61.6992
1	116.515
0	23.4149
1	123.529
1	58.7545
1	135.534
1	93.5106
1	100.049
1	88.3442
1	61.5187
1	72.9378
1	98.2389
0	62.864
1	103.728
1	42.9779
1	131.994
1	113.571
1	150.407
1	67.0052
1	129.799
1	118.241
1	53.282
1	64.759
0	117.293
1	89.0504
1	57.3056
1	117.804
1	93.7861
1	35.8076
1	57.1488
1	219.871
1	89.6427
1	165.608
1	60.1944
1	93.9011
1	197.396
1	34.4355
1	57.5432
1	204.878
1	66.3492
1	151.181
1	88.594
1	71.5662
1	136.775
1	101.537
1	142.71
0	28.2085
0	17.7879
1	43.8893
1	66.2482
1	95.0808
1	83.2573
1	180.599
1	138.802
0	99.2665
1	145.167
1	122.013
1	92.3935
1	31.2201
1	121.563
1	113.414
1	154.998
1	95.9534
0	1.52182
0	191.378
0	5.5121
1	71.3163
0	30.2576
1	109.154
1	141.075
1	118.779
1	74.184
1	169.202
1	99.6287
1	42.3686
1	121.456
1	67.6075
1	103.397
1	121.037
1	97.9766
1	66.0775
1	172.544
1	127.44
1	184.83
0	79.0339
1	61.6985
1	108.781
1	103.542
1	144.048
1	102.409
1	31.6848
1	147.763
1	93.1525
1	75.0142
1	255.992
1	128.741
1	45.5459
1	126.313
1	31.5261
1	94.6856
1	222.064
1	78.0306
0	4.0541
1	79.8017
0	28.2803
0	1.58005e-05
0	15.2419
1	64.2207
1	124.84
1	52.6811
1	83.1767
1	112.057
1	165.143
1	164.318
0	6.52355
1	81.16
1	96.0877
1	154.165
1	143.33
1	93.6786
1	117.926
1	159.726
1	118.535
1	80.6431
1	182.29
1	81.6211
1	81.6793
1	229.16
1	92.0853
1	158.965
1	65.6756
1	112.691
0	12.5259
1	137.211
0	1.46591e-05
1	104.358
0	15.325
1	94.5772
1	74.1746
1	173.109
0	16.7369
1	48.7714
1	275.01
1	189.105
1	138.615
0	38.6719
1	189.897
1	133.087
1	99.6491
1	53.2054
1	51.5061
1	147.909
1	64.9737
1	214.011
1	142.781
0	189.637
1	106.452
1	100.949
1	81.7093
1	80.7992
1	76.0127
1	51.66
0	91.7604
1	162.363
1	61.6847
1	62.6823
1	87.5891
1	139.224
0	22.672
1	117.655
1	111.423
1	219.552
1	87.7515
0	118.171
1	131.765
1	203.992
0	29.8562
1	124.288
1	69.2872
1	258.04
1	83.4174
1	156.792
1	118.241
1	105.551
1	288.37
1	79.3868
1	90.872
0	10.2445
1	103.264
1	78.3672
1	136.924
1	155.403
0	1.63165e-06
1	229.206
1	63.6672
1	115.036
1	98.1117
0	21.3121
1	123.747
1	96.8518
1	167.274
1	171.477
1	102.855
1	52.857
1	188.219
1	107.48
1	218.551
1	67.5005
1	219.046
0	93.9116
0	0.667748
1	85.3069
0	45.6184
1	100.843
1	109.129
1	95.7215
1	75.7371
1	91.3992
1	92.4072
1	70.9464
1	99.7119
1	195.861
1	66.6385
0	46.5658
1	243.296
1	197.773
1	143.714
1	185.212
1	109.986
1	92.1244
1	101.689
1	105.408
1	75.8652
1	45.3968
1	145.18
1	149.319
0	82.511
1	108.727
1	115.355
1	128.156
1	159.232
1	184.752
1	88.6067
1	260.299
1	149.771
1	102.026
1	298.63
1	71.1791
1	65.4395
1	79.8507
1	161.324
1	52.7476
1	142.828
1	45.1565
1	146.321
1	43.3751
1	358.932
1	190.257
1	126.127
1	57.6893
1	57.3628
1	101.854
0	13.832
1	64.6301
1	184.92
1	72.087
1	105.967
1	169.333
1	108.052
1	155.682
1	77.5234
1	84.3895
1	100.972
1	47.9433
1	98.9022
1	169.669
0	31.7956
1	36.5663
1	41.6559
1	125.005
1	86.5366
1	172.532
1	189.31
1	338.079
1	91.4927
1	146.074
1	179.736
1	177.09
1	124.591
1	67.2036
1	105.513
1	107.439
1	85.0958
1	67.7857
1	107.769
1	149.503
1	59.8635
0	6.68442
1	54.9299
1	105.078
1	74.2297
1	71.7675
1	59.8162
0	27.2865
1	90.4496
1	172.614
1	169.536
1	147.042
1	154.54
0	47.8395
1	98.1813
1	229.551
1	103.053
1	161.44
1	150.799
1	258.784
1	71.2712
1	133.281
1	101.803
1	93.494
1	55.0731
1	84.1864
1	127.849
1	162.897
1	55.2317
1	157.746
1	89.5356
1	62.646
1	144.101
1	105.029
1	68.2236
1	64.2848
1	130.198
1	100.259
1	197.233
1	184.214
0	18.7755
1	147.245
1	161.049
1	69.7382
1	144.03
1	96.0161
1	84.5954
1	97.1234
1	125.108
1	104.889
1	170.085
1	58.5909
1	145.117
1	100.246
1	168.934
1	93.4466
1	198.674
1	193.622
1	122.594
1	101.228
1	78.5469
1	368.975
1	98.2263
1	177.97
1	69.5998
1	104.855
1	155.561
1	178.815
1	167.947
1	150.599
1	108.444
1	120.841
1	91.6091
1	114.838
1	73.6693
1	123.139
1	134.039
1	85.8535
1	106.629
1	155.144
1	151.246
1	99.3409
0	222.027
1	90.1715
1	100.748
1	69.2875
1	53.3321
1	119.754
1	301.821
1	70.4667
1	93.8422
1	121.172
1	99.3484
0	33.3111
1	137.838
0	59.7644
1	86.3727
1	111.096
1	86.5805
0	16.0475
1	173.233
1	78.2169
1	51.9955
1	83.4177
1	112.127
1	58.5186
1	79.1974
1	119.24
1	75.6934
1	96.683
1	51.707
1	96.4019
1	32.2169
1	116.283
1	168.055
1	68.8727
1	90.8642
0	40.9282
1	34.7107
1	257.104
0	5.76209e-05
1	173.501
1	236.234
1	77.6242
1	119.252
1	136.908
1	144.621
1	80.145
1	71.9371
1	108.514
0	70.6865
1	87.6495
1	86.3765
1	47.1666
0	92.8915
0	5.98657
1	143.242
1	73.6551
1	158.246
0	4.09911
1	163.976
1	330.392
1	134.588
1	33.5512
1	166.554
1	129.852
0	2.69963
1	203.841
0	20.8948
1	117.106
1	146.613
1	77.6036
1	156.384
1	92.7651
1	92.8722
1	71.7966
1	271.799
1	163.671
0	3.52062
1	112.069
1	62.259
1	139.112
1	87.8184
1	62.873
1	141.689
1	118.575
1	147.446
1	126.708
1	54.7368
1	169.221
0	62.8035
1	99.005
1	208.552
1	109.348
1	131.79
1	111.412
1	108.447
1	84.6769
1	252.149
1	165.404
1	125.815
1	119.779
1	100.707
1	121.795
1	107.006
1	114.36
1	101.514
1	74.4685
1	111.521
1	95.0024
1	61.3702
1	146.985
1	155.711
1	62.4942
1	166.396
1	182.889
1	173.057
0	40.8772
1	153.187
1	78.6486
1	96.8656
1	72.2963
1	238.778
0	33.8195
1	128.829
1	76.7157
1	155.383
1	116.844
1	121.959
1	80.3266
1	157.793
1	83.2255
1	83.2794
1	122.203
1	164.024
1	117.139
1	144.374
1	74.3425
1	176.176
1	192.844
0	33.8355
1	121.761
1	94.4594
1	92.5212
1	93.5754
1	171.356
1	34.4554
1	93.7
0	51.3632
1	113.262
1	88.8528
1	107.209
1	72.4478
1	142.873
1	43.656
1	56.0956
1	99.9122
1	128.021
1	99.6343
1	141.705
1	109.777
1	148.996
1	91.5091
1	240.413
1	116.618
0	84.5293
1	90.9224
1	277.436
1	43.2487
1	189.039
1	101.501
1	124.408
1	79.5223
0	3.22099
1	44.1188
1	81.9286
1	95.2019
1	113.295
1	101.168
1	62.8216
1	70.113
1	112.33
1	170.975
1	151.789
1	83.7687
1	153.951
1	123.196
1	127.003
0	2.30923
0	5.90203
1	108.705
1	186.132
1	130.774
1	165.121
1	311.242
1	110.125
1	169.956
1	205.179
1	228.44
1	63.3217
1	177.32
1	78.8516
1	117.308
1	99.2655
1	125.018
1	59.3164
1	116.504
1	151.814
1	31.4778
1	170.756
1	113.464
1	186.42
1	75.9837
1	159.152
1	89.0585
1	130.684
1	122.364
1	87.0928
1	69.7393
0	32.0399
0	74.4453
1	57.0051
1	42.7495
1	96.5194
1	448.063
1	44.8402
1	75.0642
1	200.135
1	105.676
1	59.6074
1	51.5755
1	174.107
0	5.76888
1	200.233
1	180.825
1	179.074
1	154.186
1	87.3383
0	57.7721
1	127.62
0	42.4483
1	46.3279
1	89.0941
1	112.865
1	173.947
1	54.0473
1	101.374
1	88.3556
1	96.8832
1	130.987
1	36.2674
1	114.722
1	259.598
1	205.019
1	154.087
1	62.3629
1	179.836
1	203.292
0	22.1251
0	68.4299
1	213.993
1	183.804
1	103.351
0	3.92531
1	46.0221
1	71.5845
1	129.729
1	125.38
1	80.4788
1	192.542
1	95.68
1	176.451
1	53.7141
1	127.513
1	181.719
1	82.6364
1	57.1686
0	16.7635
1	74.2673
1	101.391
1	142.084
1	50.8919
0	3.31468
1	134.802
1	110.51
1	132.271
1	110.704
1	221.526
1	64.8263
1	81.8339
1	40.8722
1	215.131
1	122.764
1	49.1559
1	176.814
1	85.3121
1	50.2659
1	146.772
1	77.9129
1	143.756
1	136.93
1	140.702
1	230.31
1	47.6598
1	101.303
1	152.306
1	176.474
1	97.0216
1	47.4201
1	62.7671
1	139.253
1	43.416
1	77.2163
1	229.205
1	167.533
1	128.444
1	107.677
1	151.043
0	9.45502e-07
1	87.885
1	195.04
1	79.3155
0	1.54868
1	119.567
1	162.571
1	54.829
1	129.598
1	105.127
1	73.5394
1	79.5585
1	146.013
1	151.548
1	91.6051
1	103.749
1	82.3492
1	165.41
1	163.167
1	69.919
1	42.3193
1	29.3941
0	3.44611e-05
1	44.9019
1	166.653
1	212.787
1	124.411
1	131.972
1	170.212
1	137.455
0	1.06975e-05
1	299.111
0	4.03183
1	85.4285
1	136.368
1	113.384
1	217.265
1	110.497
1	70.8435
1	95.9137
1	86.3718
1	79.0592
0	10.1166
1	143.213
1	89.0369
1	86.245
1	106.481
0	63.9115
1	141.011
1	101.207
1	103.54
0	23.3493
1	59.2111
1	130.342
1	306.981
1	84.9287
1	79.5741
1	82.9475
1	156.201
1	54.9945
1	46.1132
1	158.271
1	141.101
1	53.7968
1	113.657
1	69.3645
1	174.181
1	60.2953
1	192.717
1	50.4684
1	146.499
1	334.045
1	142.056
1	101.983
1	122.962
1	59.0574
1	95.5267
1	98.4653
1	80.7275
1	51.9805
1	196.09
1	144.317
0	27.1071
1	124.168
1	81.7828
1	210.372
1	106.649
1	144.545
1	377.767
1	169.661
1	124.166
1	74.4175
1	38.9467
1	133.909
1	133.42
1	77.0909
1	56.6759
1	146.245
1	78.4859
1	136.556
0	23.6709
1	127.743
1	105.501
1	109.92
1	79.5072
1	96.4407
1	146.409
1	109.656
1	108.219
1	134.058
1	79.3496
1	120.334
1	183.039
1	132.13
1	127.519
1	75.2867
1	129.491
1	158.961
0	34.5858
1	344.303
1	108.243
0	21.4021
1	166.384
0	52.1934
1	101.685
1	276.424
1	77.3548
1	100.964
0	15.1537
1	148.946
1	139.655
1	65.0715
1	150.604
1	96.2611
0	23.4419
1	90.2085
1	291.982
1	117.751
1	164.873
1	105.971
1	99.9826
1	165.903
1	220.034
1	113.056
1	102.592
1	105.656
1	83.8612
1	343.59
1	66.434
1	67.983
1	87.4109
1	116.879
1	37.4352
1	62.6391
1	66.5997
1	59.6239
1	202.533
0	1.24218e-05
1	96.0033
1	70.0529
1	76.0798
1	106.868
1	93.0219
1	183.471
0	65.7824
1	43.2386
1	84.0548
1	72.9614
1	85.819
1	197.107
1	62.4764
1	195.386
1	80.7533
1	61.2676
1	141.83
1	117.251
1	82.4625
1	94.1355
1	74.5159
1	75.3652
1	136.728
1	106.545
1	125.955
1	142.207
0	39.3553
1	77.4656
1	105.95
1	149.784
1	118.138
1	192.622
1	209.865
1	81.0301
1	43.9617
0	23.1602
1	199.464
1	109.195
1	129.581
1	131.253
0	36.6032
1	84.9023
1	220.804
1	129.478
0	4.3207e-05
1	35.3109
1	42.0032
1	108.945
0	29.2149
1	125.976
0	18.9932
1	201.138
1	72.382
1	157.126
0	297.846
1	103.254
1	124.833
1	59.8297
1	165.501
1	184.803
1	118.516
1	143.772
1	169.24
1	68.0451
1	83.9502
1	77.7609
1	156.419
1	107.825
1	155.306
1	195.928
1	91.6379
1	155.105
1	78.2141
1	104.362
1	154.44
1	154.193
1	73.7892
1	117.844
1	81.4972
1	100.199
1	109.003
1	76.0642
1	113.608
1	134.702
1	141.971
1	111.851
1	99.2282
0	20.8309
0	8.70044
0	49.6432
1	76.7311
1	314.103
1	69.5769
1	64.003
1	107.249
1	83.8246
1	149.237
1	98.3424
1	66.1157
1	101.105
1	95.2537
1	146.53
1	81.0826
1	136.442
0	87.8174
1	160.679
1	105.773
0	6.91535
1	26.9445
1	83.316
1	141.553
1	118.222
1	85.429
1	99.7406
1	182.454
1	51.0864
0	4.3977e-06
1	113.685
1	62.671
1	113.994
1	60.03
1	73.1858
0	5.98263
1	123.976
1	82.3576
1	142.073
1	135.772
1	77.245
1	104.505
1	217.929
1	117.975
1	132.758
1	70.9028
1	123.452
1	192.536
1	155.734
1	142.569
1	97.803
1	78.3908
1	98.3232
1	87.0468
1	185.167
1	169.478
1	106.171
1	110.456
1	154.417
1	95.1409
1	127.928
1	71.4458
1	158.577
1	114.565
1	94.002
1	56.4358
1	104.157
1	93.34
1	89.3215
1	68.8124
1	135.519
1	211.028
1	42.4415
1	77.3932
1	85.3066
1	101.213
1	92.6567
1	77.77
1	61.6279
1	93.2866
1	143.575
1	162.83
0	8.12429
1	153.35
1	212.611
1	103.645
1	101.139
1	51.9013
1	55.9441
0	64.0657
1	66.9012
1	171.998
1	118.897
1	138.566
1	50.8863
1	66.378
0	2.0505
1	101.197
1	169.102
1	78.1014
1	134.773
1	190.263
1	143.072
1	149.885
1	93.7382
1	72.1663
1	167.934
1	84.0489
1	90.2161
1	56.5498
1	251.742
1	257.49
0	3.72922e-05
1	56.478
1	232.217
1	97.6471
1	111.505
1	83.9525
1	25.3773
1	106.758
0	23.8133
1	110.318
1	113.036
1	176.715
1	88.6333
1	219.241
1	139.029
1	83.4053
1	53.1971
1	195.044
1	135.582
1	101.686
1	93.9128
1	75.6697
1	105.818
1	79.924
1	112.569
1	108.214
1	135.335
1	242.054
1	136.475
1	46.351
1	101.546
0	43.6748
1	83.8248
0	46.3096
1	87.8348
1	97.4658
1	111.954
1	91.2638
1	85.9161
1	167.398
1	126.709
1	90.4879
1	145.686
1	102.398
0	21.423
1	129.182
1	186.046
1	216.967
1	215.003
1	160.451
1	140.8
1	85.7105
1	62.5762
1	184.039
0	0.977887
1	67.323
0	9.75358
1	51.0076
1	127.535
1	213.854
1	65.3087
1	101.366
1	179.14
1	95.8202
1	59.9129
1	122.667
1	65.2074
1	89.762
1	143.323
1	78.0923
1	149.716
1	106.894
1	133.679
1	74.151
1	175.201
1	116.35
1	120.858
1	131.949
1	141.988
1	252.371
1	147.863
1	46.1261
0	77.5561
1	62.319
1	72.6466
1	109.026
1	123.826
1	200.117
1	84.4555
1	146.947
1	45.4003
1	99.8215
1	292.421
1	81.0128
1	112.422
1	101.955
1	63.0547
1	98.4919
1	89.0464
1	74.7363
1	65.8076
1	47.7502
1	49.6327
1	87.5307
1	212.23
1	111.186
1	51.9504
1	96.8901
0	3.06328
1	113.33
1	173.307
1	179.366
1	86.238
1	96.5047
1	142.454
1	107.729
1	75.9002
1	104.041
1	116.843
1	90.6193
1	95.9539
1	93.6937
1	86.5272
1	80.1291
1	124.036
1	175.299
1	90.7799
1	65.5769
1	86.4224
1	120.176
1	74.8188
1	52.4799
1	170.101
1	140.645
1	74.0315
1	108.731
1	104.104
1	100.407
1	117.202
1	166.797
1	57.6603
0	18.0985
1	110.974
1	87.552
0	8.83778
1	86.8686
1	101.07
1	100.741
1	180.956
1	63.4275
1	164.147
1	107.37
1	65.9909
1	102.663
1	155.355
1	143.467
1	38.5778
1	98.5147
1	92.4454
1	61.8308
1	118.663
1	99.9863
1	65.2065
1	115.864
0	102.395
1	136.702
1	69.2772
1	62.0323
0	28.1262
1	225.547
1	118.672
1	74.9134
1	228.671
1	162.319
1	48.4099
1	89.5906
1	62.6041
0	60.7168
1	143.696
1	112.264
0	11.0729
1	170.849
1	120.234
1	183.092
1	227.048
1	88.6984
1	95.6464
1	135.274
1	54.7368
1	108.048
1	164.241
1	89.4551
1	184.165
1	63.1313
1	129.569
1	128.041
1	62.2493
1	220.695
1	49.9969
0	7.30192
0	32.8438
1	102.425
1	56.4614
1	149.347
1	121.572
1	65.8305
1	87.633
1	156.535
1	185.427
1	63.9583
1	160.005
1	79.0755
1	169.854
1	245.02
1	54.2236
1	150.758
1	142.876
1	245.809
1	121.297
1	102.543
1	103.508
1	119.771
1	51.202
1	90.0553
1	135.769
1	183.387
1	83.8798
1	141.59
1	95.9139
0	3.13517
1	146.645
1	114.275
1	164.128
1	74.2725
1	32.0647
1	118.273
1	91.2478
1	198.591
0	131.759
1	108.068
1	115.436
1	146.536
1	97.978
1	125.065
1	94.3202
1	121.284
1	110.665
1	194.669
1	95.7296
1	120.465
1	46.6913
1	72.0551
1	146.285
1	247.847
1	141.597
1	110.407
1	113.115
1	55.395
1	146.044
1	161.285
1	66.733
1	61.008
0	2.6244
1	170.165
1	134.555
1	50.5906
1	113.506
1	96.6474
1	137.966
1	89.073
0	81.6501
0	36.1856
1	88.0127
1	165.691
1	77.1276
0	151.897
0	3.15064e-06
1	135.829
1	141.641
1	158.061
1	152.882
1	120.664
1	171.509
1	119.759
1	108.465
1	215.427
1	112.843
1	145.031
0	27.6603
1	70.7324
1	111.869
1	63.9212
1	85.6869
1	305.644
1	76.017
1	103.77
1	61.0899
1	90.788
1	203.131
1	153.625
1	75.2538
1	146.707
1	81.4266
1	81.7578
0	34.4877
1	174.663
1	50.6334
1	111.753
0	91.131
1	117.589
1	113.549
1	82.1666
1	145.019
1	127.848
1	207.597
1	212.783
1	133.609
1	231.781
1	78.1358
0	3.97626e-05
1	120.482
1	133.42
1	91.9297
1	96.5445
1	169.095
1	99.3387
1	170.447
1	126.867
1	82.2348
0	18.0768
1	47.8595
1	86.1428
1	146.622
1	102.664
1	113.579
1	117.214
1	102.118
1	175.592
1	80.0528
1	146.605
1	145.43
1	109.261
1	123.295
1	125.031
1	151.322
1	107.912
0	139.692
1	153.069
1	203.957
1	90.0974
1	69.5335
1	148.724
1	152.245
1	109.933
1	153.246
0	5.16147e-06
1	71.7794
1	85.0056
1	104.321
1	95.433
0	10.6057
1	114.322
1	137.316
1	85.7804
1	89.1239
1	152.125
1	93.8769
1	65.4456
1	156.41
1	50.1289
1	50.2538
1	178.795
1	121.725
1	121.016
1	158.287
1	110.723
1	66.0409
1	59.7966
1	111.41
1	136.204
1	171.327
1	78.1956
1	134.59
1	143.049
0	51.4293
1	189.079
1	68.6854
1	135.09
0	32.598
1	115.997
1	93.8351
1	127.689
1	51.2481
0	65.4975
1	152.949
1	121.821
1	159.309
1	107.046
1	133.578
1	253.151
1	171.308
1	251.738
1	137.688
1	78.4416
0	59.7042
1	133.726
1	143.1
1	107.013
1	90.3389
1	91.6704
1	75.7618
1	88.2731
1	170.319
1	85.3972
1	155.861
0	78.7643
1	64.8712
1	108.786
1	126.234
1	150.416
1	137.847
1	86.9821
1	97.6368
0	57.9138
1	166.229
0	17.1303
1	62.2632
1	89.3911
1	61.6489
1	104.035
1	94.2303
0	3.97241
1	102.63
1	190.139
1	90.8346
1	43.445
1	160.893
1	67.8787
1	77.3217
1	227.632
1	130.223
1	39.8877
0	97.047
1	68.6622
1	67.1514
1	89.6227
0	13.6813
0	145.35
0	1.516
1	144.163
1	140.459
1	160.139
1	214.253
1	149.173
1	114.277
1	122.752
1	110.416
1	176.612
0	7.7725e-05
1	164.122
1	63.0683
1	119.559
1	124.294
1	161.768
1	131.073
1	116.041
1	153.354
1	59.6168
1	158.337
1	118.465
1	128.128
1	145.197
1	61.3381
1	36.6947
1	196.216
1	116.149
1	52.4398
1	113.379
1	108.263
1	179.816
1	151.415
0	0.000127611
1	129.507
1	286.914
0	12.8922
1	87.4753
1	95.5973
1	256.468
1	161.82
1	150.121
1	106.818
1	162.978
1	81.4215
1	136.151
1	141.417
1	73.9733
1	110.638
1	154.061
1	76.7749
1	98.4199
1	144.062
1	119.735
1	68.6871
1	172.986
1	87.1568
0	7.92237e-06
1	130.147
1	94.498
0	28.5899
1	37.589
1	106.664
1	73.6977
1	88.3273
1	77.0536
1	93.6311
1	73.2407
1	168.822
1	43.5398
1	106.034
1	48.5768
1	145.53
1	60.6584
1	128.861
1	157.322
1	55.9976
1	198.653
1	62.6095
1	107.723
1	112.051
1	162.288
1	118.003
1	107.903
1	156.954
1	100.556
1	93.6318
1	143.636
1	87.8902
1	26.4185
1	88.7186
1	82.6388
1	75.8704
1	296.244
1	121.053
1	182.497
1	133.211
1	119.322
1	137.412
1	181.497
1	121.895
1	124.301
1	171.027
1	52.0678
1	118.251
1	105.141
1	68.6369
1	141.686
1	85.5626
1	25.5427
1	96.3986
1	157.858
1	111.294
1	100.563
1	191.851
1	113.339
1	224.122
1	62.0453
0	41.2699
1	122.356
1	95.1149
1	85.5812
1	75.7103
1	151.914
1	61.7928
1	176.656
1	79.3392
0	3.77686
1	69.3378
0	8.38632
1	236.499
1	116.596
1	71.1869
1	132.655
1	147.025
1	183.652
1	144.065
1	58.965
1	127.321
1	117.422
1	233.113
1	69.9128
1	89.7163
1	75.1376
1	59.8551
0	95.8276
1	187.96
1	101.243
1	78.3142
1	163.591
1	55.3879
1	102.079
1	95.3409
1	67.0445
1	188.593
1	188.667
1	83.9043
0	10.7552
1	117.632
1	97.0489
1	95.7322
1	93.1817
1	63.6966
1	67.446
1	127.717
1	57.1418
1	132.559
1	111.45
1	88.6373
1	118.184
1	111.394
1	122.31
1	185.367
1	83.8757
1	56.8225
0	19.384
1	158.804
1	214.071
1	183.141
1	169.16
1	106.872
1	117.466
1	46.7179
1	107.964
1	110.936
1	122.857
1	144.999
1	326.605
1	117.761
1	101.399
1	109.395
1	157.467
1	80.8055
1	80.2203
1	117.644
1	194.813
1	36.1104
1	87.2809
1	80.9229
1	189.74
1	72.768
1	109.964
0	70.9278
0	22.4103
1	109.063
1	123.44
1	133.436
1	74.2589
1	75.7308
1	53.8162
1	47.326
1	61.4848
1	170.802
1	116.844
1	57.2769
1	145.437
1	105.721
1	127.949
1	86.7458
1	121.017
1	60.8158
1	142.2
1	35.6821
1	127.133
1	118.383
1	77.3598
0	27.314
1	147.522
1	102.151
1	126.071
1	68.4403
1	109.262
1	101.964
0	4.24062e-05
1	140.426
1	142.838
1	164.429
1	71.0048
1	105.893
1	208.773
1	256.732
1	141.338
1	85.9443
1	156.005
1	34.4636
1	54.1637
1	323.58
1	225.645
1	157.839
1	69.4757
1	120.044
1	91.3425
1	124.934
1	102.886
1	122.679
1	98.9747
1	52.9719
1	147.503
1	90.0248
1	50.4498
1	98.6258
0	11.4369
0	1.75399e-05
1	78.8346
1	83.5866
1	119.6
1	91.7446
1	112.465
1	113.912
1	173.329
1	208.396
1	135.017
0	33.3436
1	156.257
1	125.451
1	76.2115
1	167.94
1	128.087
1	167.912
1	54.7154
1	172.215
1	71.6567
1	120.732
1	66.2257
1	86.7057
0	8.11113
1	175.837
1	161.877
1	96.5318
1	73.0903
1	194.497
1	92.4553
1	93.2566
1	135.113
1	122.997
1	234.487
1	114.586
1	86.2799
1	78.2606
1	53.7936
1	172.352
1	145.056
1	131.7
1	198.879
1	118.407
0	14.4101
1	69.6597
0	56.3702
1	83.422
1	170.641
0	7.91801e-05
1	55.8877
1	45.4195
1	121.549
1	93.8235
1	126.223
1	66.647
1	100.199
1	86.7295
1	167.829
1	104.581
1	114.727
1	279.041
1	59.5084
1	164.127
1	52.0214
1	95.8979
1	147.258
1	203.502
1	91.5516
1	131.464
1	162.938
1	149.363
0	11.4985
1	57.2919
1	308.781
1	49.0758
1	130.749
1	133.178
1	107.516
1	168.143
1	61.7724
1	150.238
1	83.4422
1	77.7183
1	81.8619
1	273.693
1	186.399
1	223.016
1	155.527
1	103.344
1	55.7141
1	73.4061
1	68.5482
1	88.2839
1	60.7076
1	66.8019
1	114.47
1	87.5074
1	141.059
1	240.022
1	130.196
1	135.511
0	37.9357
1	183.26
1	187.839
1	87.7904
0	64.2378
1	56.7629
1	105.025
1	85.1513
1	115.44
1	104.949
1	161.788
1	102.406
1	149.434
1	73.6442
1	142.244
1	146.218
1	139.381
1	73.1601
1	189.426
1	64.4524
1	72.497
1	99.6545
0	5.42219e-06
1	166.86
1	115.614
1	66.9835
1	88.5937
1	112.814
1	85.1353
1	79.298
1	113.694
1	62.7367
1	125.024
1	115.347
1	105.984
1	50.1205
1	65.1568
1	64.0444
1	74.0802
1	61.0551
1	75.2066
0	12.7307
1	191.493
1	149.97
1	53.0741
0	94.2763
1	147.639
0	84.4948
1	60.7382
1	44.8666
1	195.745
1	146.228
1	110.512
1	74.4179
0	41.9921
1	56.7919
0	19.7811
1	122.077
1	101.401
1	82.5472
1	131.896
1	108.987
1	116.912
1	166.793
1	185.536
1	94.3022
1	114.212
1	126.966
1	174.915
1	48.0101
1	152.593
1	63.8518
1	93.8395
1	127.781
1	110.138
1	103.272
1	143.343
1	91.1391
1	93.0693
1	79.2446
1	133.053
1	118.994
1	81.9483
1	102.8
1	79.291
1	158.47
1	134.029
1	108.102
1	53.3363
1	86.8197
1	132.848
1	34.0856
1	153.936
1	125.71
1	112.998
1	78.2228
1	47.1127
1	108.219
1	120.734
1	206.227
1	147.179
0	2.69418e-05
1	61.3217
1	185.77
1	100.911
1	92.694
1	102.876
1	116.303
0	201.275
1	218.322
1	51.7446
0	14.2768
1	86.0785
1	254.534
1	206.636
1	134.775
1	79.2081
1	113.666
1	53.1915
1	77.5723
1	202.727
1	70.1566
1	81.5972
1	129.167
1	103.087
1	146.778
1	107.717
1	207.654
1	80.2538
1	175.783
1	54.1307
1	56.8654
0	12.2642
1	160.882
1	57.4233
1	72.3524
1	178.811
1	139.611
1	125.983
1	186.247
1	192.281
1	121.556
0	6.68341
0	107.021
1	54.3938
1	62.5637
1	69.5117
1	56.4183
1	96.6059
1	86.7508
1	127.74
1	56.9355
1	113.599
1	83.3842
1	115.081
1	97.4509
1	88.2999
1	103.67
1	143.126
1	168.336
1	149.766
1	170.591
1	249.091
0	15.6489
1	73.7102
1	196.432
1	129.643
1	121.713
0	33.3675
1	77.9231
0	195.306
1	183.436
1	215.692
1	102.943
0	86.1539
1	99.9499
1	77.318
1	85.7269
1	113.438
1	89.3469
1	93.7013
1	99.8805
1	80.6869
1	39.78
1	72.9671
1	42.3078
1	99.7467
1	121.862
1	62.1853
1	155.31
1	194.588
0	29.0673
1	75.4091
1	135.104
1	90.4706
1	230.989
1	66.6217
1	155.476
1	85.2942
1	102.908
1	81.1993
1	108.041
1	264.747
1	98.7279
1	92.4399
1	51.8433
1	127.74
1	240.662
1	153.162
1	180.886
1	45.3571
1	116.78
0	21.9669
1	49.2038
1	107.937
1	100.62
1	95.5519
1	87.862
1	99.2099
1	179.639
1	104.672
1	159.821
0	25.447
1	87.5639
0	9.1257
1	126.041
1	116.575
1	63.6145
0	108.426
1	164.727
1	77.2254
0	11.9455
1	128.655
1	173.022
1	78.5696
1	258.24
1	318.783
1	149.775
1	142.025
1	95.9908
1	94.5979
1	98.6441
1	135.387
1	121.378
1	204.921
1	88.1217
1	68.9494
1	144.154
1	41.4657
1	143.883
1	174.376
1	147.788
1	72.1265
1	45.2535
1	267.369
1	138.88
1	100.779
1	73.628
1	72.2405
1	124.041
1	179.461
1	62.9207
1	133.814
1	64.7724
1	81.549
1	79.6606
1	141.723
0	15.7158
1	77.64
1	128.816
1	83.9782
1	115.204
1	60.2835
1	159.017
1	67.0424
1	122.267
1	104.973
1	137.536
1	125.373
1	113.404
1	123.473
1	39.2324
1	79.3773
1	69.1406
1	140.823
1	142.147
1	195.476
1	99.64
1	112.942
1	48.2924
1	106.514
0	15.9518
1	168.264
1	72.573
0	97.5405
1	100.213
1	47.8775
1	167.107
1	124.172
1	82.9229
1	148.216
1	130.122
1	165.493
1	161.786
0	2.28118e-05
1	84.7278
1	141.088
1	81.3959
1	44.7623
1	103.684
1	172.386
1	204.267
1	120.015
1	59.5146
1	85.8722
1	96.1421
1	112.988
1	85.125
1	39.5876
1	171.972
1	79.3211
0	50.2046
0	55.0892
1	207.167
1	107.282
1	95.8154
1	140.561
1	116.722
1	53.0811
1	126.87
1	57.9709
1	94.8493
1	401.673
1	127.219
1	106.117
1	136.205
1	108.516
1	93.2692
1	222.675
1	60.0067
1	40.6407
1	46.9424
1	115.683
1	214.092
1	117.581
1	111.78
1	98.6902
1	215.488
1	248.512
1	71.9421
1	133.717
1	56.5327
1	145.381
1	98.4433
1	83.536
1	69.1126
1	197.235
1	56.2533
1	57.9369
1	129.41
1	86.2263
1	130.5
1	134.136
1	80.6853
1	133.336
0	22.2966
1	134.447
1	51.5315
1	84.0908
1	56.4965
1	92.7594
1	130.528
1	78.7342
1	215.539
1	92.4682
1	170.376
1	115.336
1	118.859
1	163.566
1	103.296
1	78.1468
1	148.569
0	138.804
1	48.0444
1	71.4024
1	106.864
1	206.122
1	60.3457
1	127.186
1	156.843
1	206.367
1	224.025
1	143.638
1	92.0813
0	26.0395
0	77.6016
1	150.927
1	137.245
1	101.95
1	77.8821
1	50.4337
1	257.352
1	96.4333
1	111.424
1	143.818
1	111.54
1	82.2985
0	41.8745
0	13.8383
1	138.764
1	55.9448
1	212.548
1	123.271
0	6.73651e-05
1	96.0915
1	60.4258
1	115.28
1	76.2991
1	144.783
1	149.798
1	96.4026
1	106.15
1	60.7892
1	73.2237
1	309.873
1	91.368
1	62.2356
1	97.9726
1	178.171
1	211.324
1	170.822
1	136.135
1	58.7071
1	179.603
1	315.239
1	68.17
1	141.175
0	44.9059
0	123.201
1	165.056
1	239.141
1	131.812
1	273.128
1	98.8035
1	74.8778
1	80.5624
0	26.8284
1	46.2198
1	205.105
1	133.326
1	54.515
1	85.1596
1	72.9975
1	87.967
1	143.905
1	136.332
1	58.718
1	322.861
1	44.384
1	109.774
1	118.135
0	16.6974
0	60.4759
1	68.2011
1	114.506
1	113.864
1	119.993
1	95.3932
1	159.247
1	141.978
1	87.379
1	89.1541
1	160.399
1	208.79
1	125.745
1	124.72
1	86.4978
1	81.0059
1	90.6245
1	78.2688
1	163.25
1	41.9849
1	111.369
0	34.1873
1	122.67
1	104.234
1	95.4224
1	124.673
1	66.0699
1	148.859
1	53.5134
1	100.492
1	80.7905
1	74.1176
0	33.6623
1	90.6798
1	134.5
1	83.001
1	134.721
1	105.865
0	50.537
1	97.8992
1	158.919
0	8.09711
1	78.6107
1	115.36
1	67.624
1	124.126
1	94.7254
1	68.9925
1	188.586
1	110.072
1	124.442
1	78.5804
1	170.724
1	90.8525
1	266.146
1	134.834
1	193.218
1	214.809
1	239.924
1	78.2503
1	135.966
1	143.533
1	83.7181
1	152.761
1	108.195
0	72.4865
1	66.3831
1	151.266
1	84.7138
1	32.7475
1	169.567
1	75.6238
1	212.544
1	187.628
0	44.6392
1	78.6067
1	105.503
1	92.9683
1	179.709
1	63.7299
1	422.252
1	84.4786
1	90.6483
1	101.521
1	89.3368
1	99.2107
1	102.416
0	2.76994e-05
1	191.48
1	118.407
1	130.938
1	67.8504
1	138.268
1	157.158
1	66.2668
1	309.217
1	64.3151
1	177.242
0	6.96017
1	217.598
1	211.844
1	165.996
1	158.86
0	6.1194
1	59.1958
1	69.8992
1	92.7918
1	97.0621
1	127.006
1	95.5716
1	152.141
1	49.0748
0	3.46594e-05
1	211.074
1	226.144
0	6.84794
1	86.4211
1	58.8106
1	123.747
1	133.446
1	65.1787
1	120.996
1	85.4621
1	128.821
1	188.715
1	67.1979
1	90.8668
1	192.766
1	237.49
1	68.6365
1	124.957
1	68.3922
1	131.159
1	203.404
1	116.14
1	76.9203
1	61.7295
1	216.182
0	45.7811
1	112.786
1	281.775
1	51.3962
1	111.399
1	46.9837
0	47.5555
1	71.8864
1	131.047
1	99.0126
1	68.7089
1	136.156
1	148.023
1	80.8683
1	103.058
1	58.4467
1	100.191
1	81.3296
1	43.7117
1	124.212
1	44.0429
1	144.989
1	222.395
1	164.144
0	45.1365
0	6.13463e-05
1	113.088
0	25.2229
1	58.6343
1	100.499
0	7.06017
1	115.093
1	116.975
1	96.2697
1	219.335
1	197.876
1	70.4644
0	2.75586e-05
1	84.1353
1	81.5386
1	174.064
1	140.768
1	126.367
1	222.002
1	195.562
1	71.9441
1	162.333
1	81.689
1	160.256
1	145.675
1	230.024
1	208.45
1	91.4138
1	171.426
1	116.767
1	122.872
1	124.361
1	92.6243
0	14.8659
1	68.1435
0	12.431
1	47.842
1	74.0249
1	71.7598
1	59.839
1	114.567
0	121.159
1	71.2519
1	84.7677
1	133.994
1	65.1865
1	67.0403
1	110.769
1	295.573
1	134.022
1	67.9877
1	81.9304
1	84.9375
1	157.438
0	18.0886
1	67.8232
1	115.074
1	92.0816
1	123.345
1	130.406
1	84.5198
1	185.676
1	106.833
1	109.32
1	95.0323
0	36.1976
1	149.2
1	102.331
1	127.674
1	49.6785
1	64.4579
1	69.8671
1	43.6893
1	59.8551
1	107.785
1	33.9442
1	86.9964
1	121.203
1	97.7071
1	136.353
1	75.8028
1	103.959
1	117.839
1	60.5281
1	129.25
1	135.379
1	152.682
1	133.683
1	63.8869
1	125.805
1	142.483
1	113.915
1	88.587
1	103.012
1	55.8817
1	150.649
1	115.083
1	139.082
1	77.1523
1	109.152
1	51.9189
1	127.006
1	231.688
1	75.8931
1	141.077
1	137.268
1	47.0438
1	72.5472
1	98.9595
1	99.9552
0	26.6445
1	134.287
1	109.43
1	125.758
1	181.634
1	287.918
1	80.9331
0	29.0988
0	5.85848
1	75.2321
1	94.2053
1	109.664
1	160.553
0	1.52029e-05
1	130.594
1	145.516
0	24.2958
0	42.758
1	145.321
1	67.0683
1	178.714
1	68.605
1	87.9475
1	117.91
1	116.361
1	185.42
1	69.5536
1	52.3546
1	100.245
1	143.457
1	105.49
1	229.307
1	60.2787
1	101.56
0	45.974
1	87.2822
1	60.906
0	23.484
1	206.554
1	87.6474
1	64.1892
1	67.8962
1	168.57
1	72.6944
1	150.189
1	95.8879
1	132.019
1	90.5384
1	135.022
1	168.309
1	52.701
1	91.9656
1	64.6143
1	64.3055
0	0.73109
0	9.27153
1	92.2021
1	169.481
1	67.8773
0	169.759
1	215.878
1	144.837
0	102.631
1	81.2523
0	66.1321
1	110.527
0	238.91
1	171.461
0	13.4486
1	92.3605
1	118.935
1	167.776
1	140.459
1	68.6365
1	134.11
1	94.2139
1	115.155
0	54.3628
1	87.0409
1	152.931
1	87.6776
1	141.98
1	118.875
1	75.8936
1	57.2616
1	123.236
1	64.7489
0	14.024
1	127.334
1	129.697
1	173.288
1	101.488
1	80.7061
1	70.4009
1	60.9546
0	9.48361
0	70.2075
1	200.916
1	147.299
1	129.578
0	5.64216
1	167.611
1	117.273
1	203.117
1	100.064
1	55.4129
1	96.0204
1	250.221
1	152.08
1	222.791
1	43.5903
0	2.97773
1	82.2264
1	78.2253
1	161.081
0	8.97294e-05
0	102.409
1	61.3128
1	116.128
1	249.353
1	77.8489
1	69.7276
1	50.6248
1	85.8939
0	10.5376
1	181.339
0	9.75334
1	39.4042
0	4.4799e-05
0	41.7334
1	73.8169
1	115.592
1	150.59
1	79.8892
1	115.16
1	217.187
1	98.5538
1	129.592
1	96.0262
1	72.3811
1	139.197
0	28.0966
1	102.866
1	110.886
1	77.069
1	87.579
1	130.23
1	124.443
1	257.774
0	81.5016
1	108.852
1	80.1114
1	139.528
1	63.1181
0	34.92
1	82.2211
1	106.782
1	216.158
1	99.0907
1	140.229
1	62.3273
1	129.596
1	102.833
1	75.9429
1	233.357
1	123.995
1	66.4153
1	92.324
1	130.032
1	122.099
1	198.981
1	54.0578
1	71.2678
0	273.392
1	39.4548
1	75.2536
1	169.8
1	51.0366
1	91.7018
1	112.701
1	61.2735
1	151.72
1	141.276
1	36.2487
1	98.2179
1	184.156
1	103.833
1	235.526
1	87.0054
1	152.858
1	81.5547
1	244.556
1	102.473
1	141.216
1	63.7301
1	74.428
1	103.683
1	129.08
1	151.912
1	228.257
1	142.352
1	58.1484
1	92.8299
1	97.6242
1	96.6148
1	224.185
1	192.216
1	68.4552
1	81.7976
1	82.0658
0	3.06971
1	132.959
1	150.079
1	103.207
1	156.704
1	55.4532
1	158.759
1	114.047
1	70.9164
1	110.754
0	130.422
1	64.5636
1	100.738
1	103.852
1	112.174
1	108.286
1	116.734
1	125.312
1	204.388
0	5.27277
1	115.058
1	111.069
1	122.134
1	87.3951
1	94.8979
1	34.2995
1	132.85
1	124.114
1	128.39
1	136.079
1	204.027
1	93.7686
0	82.5177
1	84.6391
1	119.629
1	160.942
0	50.449
1	166.313
1	121.522
1	129.716
1	65.3524
1	74.7063
1	186.833
1	105.272
1	152.449
1	142.617
1	98.2063
1	54.4641
1	65.0902
1	79.3029
1	189.588
1	139.784
1	147.833
0	7.4392
1	98.3463
0	111.064
1	104.129
1	271.568
1	71.5527
1	185.605
1	52.2578
1	104.632
1	102.562
0	26.3643
0	121.859
1	186.09
1	160.257
1	186.913
1	100.032
1	91.3235
1	153.133
1	69.1621
1	177.9
1	158.688
1	222.664
1	136.166
1	107.558
1	160.35
1	105.895
1	99.6856
0	12.8556
1	96.6274
0	44.1523
1	60.6568
1	130.152
1	115.056
1	69.3916
1	113.658
0	6.93411
1	74.0374
1	166.534
1	68.1101
0	6.64748e-06
1	62.4128
1	174.789
1	147.686
1	145.945
1	168.944
1	146.753
1	161.256
1	136.263
1	132.007
1	102.301
1	148.284
1	186.866
1	131.34
1	92.3901
1	123.376
1	110.313
1	119.959
1	185.902
1	102.654
1	102.347
1	123.253
1	107.094
1	121.286
1	110.674
1	63.0302
1	200.185
1	88.2672
1	115.926
1	140.379
1	372.043
1	210.959
1	90.5661
1	132.043
0	71.6351
1	109.319
1	81.5351
1	365.342
1	69.5913
0	167.643
1	178.906
1	93.2132
1	114.628
1	217.645
1	128.855
1	79.7457
1	105.668
1	266.701
1	158.995
1	174.849
0	3.63255e-05
1	143.372
1	157.972
1	48.0389
1	121.106
1	50.5272
1	144.469
1	86.2063
1	91.3864
1	107.941
1	61.0139
1	33.8064
1	141.328
1	75.593
1	105.832
1	191.899
0	18.3574
1	142.455
1	82.8217
1	70.5913
1	73.2737
0	34.574
1	185.679
1	104.138
1	185.188
1	97.9642
1	134.646
1	198.249
1	39.7459
1	63.0782
1	110.309
1	124.365
1	161.801
1	334.102
1	182.834
1	106.525
1	124.377
1	78.5028
1	127.072
1	123.448
1	71.9919
1	35.9391
0	53.4522
1	68.1023
1	157.684
1	87.3142
1	137.527
1	67.4972
1	60.5623
1	122.307
1	76.3608
1	102.921
1	113.933
1	81.8833
0	19.5553
1	93.4112
1	83.3181
1	176.089
1	81.844
1	153.974
1	187.545
1	62.1251
1	73.0949
1	77.063
1	73.0177
1	118.05
0	40.3748
1	75.1006
1	341.102
1	61.7112
1	70.9719
1	89.9376
1	41.3722
1	116.566
1	65.6871
1	171.762
1	243.619
1	115.919
1	100.409
1	84.0011
1	91.0032
1	65.8683
1	93.5477
1	104.649
1	344.745
1	120.801
1	124.675
1	124.32
1	143.755
1	74.0464
1	67.9381
1	128.87
1	92.0248
1	269.267
1	122.204
1	70.0245
1	120.882
1	75.0714
1	79.6574
1	161.74
1	87.2931
1	75.3143
1	85.6451
1	98.4669
1	109.21
1	69.6092
1	117.469
1	80.1588
1	154.94
1	129.731
1	91.152
0	2.71029
0	9.79344
0	2.85559
1	90.6449
1	42.9395
1	52.7963
1	150.691
1	166.9
1	57.4734
1	123.561
1	47.5826
1	263.505
1	83.3632
1	202.55
1	175.665
1	144.436
0	5.23952
1	56.8838
0	16.8388
1	224.524
1	103.825
1	150.962
1	168.444
0	167.644
0	3.82903e-05
1	155.421
1	257.402
1	95.9721
0	23.7634
1	89.1242
1	73.7091
1	136.209
1	122.988
1	152.706
0	51.6022
1	177.06
1	82.5059
1	85.0077
1	54.0777
1	59.9676
1	135.696
1	64.348
1	89.6915
1	92.3811
1	79.2885
1	45.5159
1	122.309
1	69.0637
1	81.428
1	96.5949
1	54.6955
1	85.8538
1	78.3219
1	155.001
1	156.536
1	42.9658
1	109.945
1	65.7126
1	164.889
1	120.681
1	124.327
1	117.996
1	147.453
1	205.004
1	137.902
1	126.437
1	137.108
1	57.4328
1	114.246
1	49.2833
1	84.0641
1	184.156
0	81.8688
1	183.448
1	96.5293
0	16.7261
1	184.383
1	55.0993
1	216.267
1	75.4395
1	66.6997
1	174.145
0	94.3427
1	94.5977
1	63.7313
0	87.3731
1	213.733
1	57.2978
1	108.677
1	120.296
1	70.0327
1	168.967
1	151.92
1	120.909
1	116.697
1	85.2003
1	185.463
0	62.2603
0	6.0236
1	118.754
1	97.1675
1	66.9519
1	162.522
1	171.076
1	80.9266
1	171.781
1	69.1827
1	185.349
1	208.055
1	66.9211
1	95.3048
1	174.496
1	111.38
1	85.5415
0	1.43412
1	77.9437
0	8.87848
1	180.946
1	83.0924
1	162.325
1	204.314
1	65.5375
1	164.679
1	98.4481
1	114.078
1	141.137
0	105.53
1	55.2258
1	112.473
1	64.4277
1	47.6747
1	107.698
1	69.0119
0	21.5435
1	131.336
1	154.22
1	103.323
1	176.74
1	69.4329
1	67.4793
1	82.1882
1	244.522
1	199.259
1	116.285
1	53.386
1	83.2204
1	71.7675
1	139.009
1	98.9991
1	108.941
1	59.1782
1	92.434
1	80.3007
1	75.9434
1	120.62
1	118.083
1	157.329
1	41.4273
1	113.279
0	0.88118
1	130.736
0	8.67196
1	135.852
1	41.4076
1	102.458
0	18.9068
1	115.739
1	87.5694
1	70.8104
1	108.54
1	76.1365
1	229.678
1	90.8614
1	149.932
0	21.8446
1	47.0849
1	184.041
1	125.862
0	46.1433
1	113.847
1	110.896
1	201.704
1	180.89
1	100.663
1	232.139
1	78.6836
1	381.068
1	144.485
1	78.7077
1	77.8461
0	130.644
1	70.3165
1	231.399
1	95.9712
1	113.076
1	210.201
1	141.486
1	96.1614
1	71.5799
1	75.7422
1	76.9948
1	140.318
1	94.0787
1	207.32
1	148.955
1	119.984
1	87.3884
1	84.6534
1	84.2173
1	159.326
1	126.408
1	28.7948
1	66.8693
1	135.218
1	64.8128
1	66.5801
1	162.655
1	80.7413
1	111.261
1	138.859
1	56.12
1	161.284
1	64.2666
1	79.9098
1	75.2311
1	199.316
1	101.14
1	112.584
1	161.499
0	110.932
1	93.298
1	148.489
1	171.8
1	122.903
1	278.162
1	131.488
1	109.415
1	210.83
1	91.8136
1	84.5232
0	35.2828
1	100.551
1	123.257
1	97.7703
1	141.008
1	59.663
1	71.0746
1	108.249
1	112.243
1	110.6
0	16.1437
1	194.787
1	58.6212
1	122.988
0	61.3056
1	92.6771
1	81.704
1	160.453
1	101.249
0	4.12846
1	75.9871
1	334.881
1	62.1001
1	216.69
1	141.337
1	113.686
1	261.239
1	88.2153
1	94.1088
1	36.2079
1	69.3763
1	87.9682
1	152.835
1	93.3701
1	49.3509
1	85.1605
1	140.572
1	159.769
1	163.235
1	210.919
1	103.145
1	202.269
1	72.2923
1	120.547
1	185.008
1	76.1032
1	62.8295
1	76.2937
1	356.961
1	98.3697
0	65.9461
1	85.2639
1	72.6432
1	66.7588
1	60.6044
1	175.634
1	106.363
1	73.0176
1	124.477
1	214.123
1	49.8629
1	59.7041
1	211.351
1	152.614
0	17.0106
1	86.4593
1	73.4225
1	105.407
1	62.9858
1	71.8269
1	181.963
1	52.2683
1	197.77
1	53.5778
1	142.798
0	47.8684
0	20.2365
1	76.0568
1	125.247
1	132.176
1	100.06
1	83.2352
1	147.97
1	153.533
1	211.507
1	88.1683
1	49.4501
1	193.465
1	175.867
1	122.518
1	80.6903
1	157.121
1	259.089
1	129.157
1	103.769
1	95.0175
1	256.414
1	148.593
1	93.9752
1	62.937
1	200.094
1	80.8884
1	56.1821
1	151.063
0	10.3831
1	83.809
1	66.0684
1	78.6474
0	22.5327
1	160.005
1	129.125
1	160.457
1	155.701
1	89.1995
1	86.8687
1	74.8956
1	104.337
1	68.9825
1	58.9826
1	48.1374
1	143.319
1	136.517
1	141.359
1	138.695
1	227.248
1	54.0341
1	146.727
1	157.877
0	201.144
1	60.4417
1	49.7295
1	185.484
1	100.874
1	96.5701
1	70.6165
1	79.585
1	64.2719
1	230.58
0	23.542
1	70.0954
1	37.1384
1	71.315
1	81.8277
1	50.5554
1	245.609
1	46.9588
1	66.6386
1	86.2315
1	198.498
1	144.759
0	8.06454
1	139.537
1	90.5921
1	142.943
1	113.109
1	149.494
1	339.2
1	101.823
1	74.1405
1	85.6773
1	119.12
1	122.281
1	99.1159
1	79.201
1	56.4112
0	45.1859
1	71.1446
1	120.997
1	162.09
1	153.9
1	98.7203
1	160.684
1	123.614
1	60.1478
1	58.8794
1	72.4635
1	363.674
1	82.5367
1	127.463
1	48.6544
1	40.7872
1	82.5652
1	132.676
1	86.2014
1	85.9527
1	109.059
1	188.256
1	206.578
1	114.115
0	15.5007
1	213.906
0	115.982
1	146.723
1	197.097
0	0.191119
1	78.4824
0	22.4407
1	145.677
1	112.616
0	54.0616
1	81.7277
1	188.764
1	84.5848
1	107.794
1	73.5205
1	133.826
1	282.906
1	112.269
1	128.12
1	109.66
1	103.541
0	8.87043
1	120.572
0	23.674
1	116.924
1	35.5588
1	37.3975
1	82.4466
1	88.934
1	50.3697
1	103.662
1	127.775
1	82.6964
1	112.243
1	68.1978
1	87.8703
1	60.9406
1	103.682
1	152.47
1	159.419
1	132.586
1	94.0379
1	125.655
0	4.49614
1	114.745
1	67.9786
1	141.957
1	79.6464
1	98.637
1	249.894
1	175.273
1	136.026
1	169.162
1	91.9545
1	151.594
1	126.245
1	164.301
1	84.6292
1	59.8679
0	27.4981
1	142.351
1	71.1074
1	90.3548
1	132.263
1	84.8066
1	182.425
1	206.566
0	15.0864
1	63.9099
1	93.2682
1	123.538
1	68.8662
1	105.8
1	220.787
1	106.025
1	195.109
0	2.16303
1	126.401
1	103.54
0	110.073
1	149.537
0	98.0336
1	106.057
1	185.829
1	62.8216
0	7.99843
0	32.1003
1	132.292
1	98.0464
1	192.066
1	137.449
1	99.7635
1	167.832
0	89.0914
0	15.4201
1	96.5679
1	56.8562
1	77.728
1	61.5946
0	4.37836e-05
1	86.3214
1	194.969
0	15.9445
1	119.702
1	71.1562
1	71.845
1	212.274
1	79.8159
1	181.626
1	186.086
1	131.448
1	133.28
1	171.789
0	47.5488
1	106.68
1	76.7152
1	72.136
1	81.8513
0	76.4932
1	93.0392
0	46.9504
1	99.6968
1	128.115
0	89.3494
1	84.3183
1	109.927
0	5.88836e-05
1	200.265
1	152.453
1	72.0077
1	99.8669
1	85.701
1	79.0554
1	172.151
1	138.315
1	236.888
1	116.843
1	73.2771
1	179.128
1	123.703
1	70.3259
1	151.364
1	83.7311
0	15.7648
1	85.6699
0	23.2031
1	177.227
1	125.658
1	80.9347
1	88.2406
1	98.641
1	80.4242
1	132.915
1	146.092
1	77.3558
1	173.547
1	190.781
1	143.29
0	10.1236
1	137.773
1	192.7
1	161.601
1	73.2644
1	89.8039
1	177.006
1	81.2547
1	285.52
1	208.179
1	64.7746
1	75.8978
1	77.2959
1	107.748
1	187.685
1	93.4389
1	142.251
0	2.814
1	125.613
1	273.064
1	67.462
1	62.6966
1	111.447
1	90.5877
1	137.517
1	154.597
1	116.682
1	57.4754
1	248.031
1	97.3176
1	183.065
1	198.362
1	139.017
1	145.144
1	51.0943
1	255.261
1	122.188
1	66.4456
1	149.137
1	187.845
1	49.4958
1	154.454
1	105.617
1	175.425
1	61.1385
1	214.57
1	118.394
1	53.7194
1	109.265
1	41.3615
1	70.6336
1	275.782
1	81.5772
1	75.403
1	261.63
1	144.007
1	136.373
1	126.365
1	55.7221
1	112.518
1	94.8205
1	138.1
1	39.5626
1	117.644
1	86.8567
1	93.882
1	116.015
1	60.4929
1	124.137
1	65.7885
1	146.592
1	126.744
1	90.2406
1	182.702
1	75.6192
1	118.64
1	123.701
1	108.115
1	83.312
1	171.715
1	141.202
0	1.37933e-05
1	73.6193
1	109.494
1	58.4358
1	301.354
1	163.621
1	70.4832
1	57.6536
1	83.8259
1	77.2084
1	85.3068
1	34.6408
1	126.87
1	84.6843
1	96.3997
1	87.8912
1	127.509
1	101.824
1	63.4124
0	0.000167229
1	106.539
1	206.098
1	112.167
1	131.205
1	164.179
1	102.893
1	98.6285
1	78.9557
1	127.77
1	105.384
1	109.086
1	117.852
1	96.6076
1	99.6282
1	123.039
1	138.86
1	112.395
0	1.08931e-05
1	94.6868
1	171.002
1	166.83
1	116.303
0	42.2784
1	108.827
1	132.117
1	69.9417
1	279.756
1	60.5164
1	119.706
1	149.272
1	87.7336
1	116.317
1	238.123
1	144.228
1	100.596
1	67.4346
1	254.87
1	71.3045
1	107.834
1	114.374
1	134.442
1	125.534
1	75.1022
1	144.803
1	236.033
0	2.30067
0	4.37523
1	160.506
1	113.295
1	113.146
1	74.9506
1	131.293
1	72.3653
1	87.0833
1	85.9623
1	108.532
1	127.096
1	114.011
1	80.0341
1	106.646
1	106.048
1	76.0565
1	109.99
0	50.0913
1	118.093
1	146.268
1	103.059
0	1.36283e-05
1	152.051
1	144.831
1	63.4236
1	116.062
1	70.2585
1	108.569
1	88.0086
1	105.081
0	0.945294
1	157.512
1	126.87
1	91.8684
0	40.7668
0	28.0972
1	70.3932
1	95.5395
1	59.1633
1	160.757
1	84.4668
1	90.4853
1	100.944
1	91.5797
1	252.789
1	215.538
0	1.58692
1	221.706
1	166.189
1	73.621
0	0.247013
1	88.0865
1	114.476
1	82.2488
0	23.2792
1	63.0462
1	84.0181
1	216.979
1	157.782
1	102.754
1	112.47
1	193.413
0	9.51623
1	170.23
1	78.1692
1	90.1032
1	74.8191
1	129.022
1	114.963
1	52.5718
1	113.748
1	183.727
1	132.24
0	5.35976
1	62.913
1	246.167
1	133.626
1	130.032
1	130.135
1	284.775
1	74.5413
1	77.1373
0	88.4614
1	187.745
1	91.416
1	172.611
1	71.7326
1	78.3386
1	142.527
1	80.6791
1	58.9627
1	148.517
1	83.0073
1	103.913
1	57.424
1	141.038
1	66.9817
1	144.281
1	82.5854
1	98.4666
1	65.7905
1	119.174
1	90.744
1	209.419
0	9.28172
1	207.743
1	72.28
1	231.754
1	119.989
1	109.575
1	138.216
1	66.1689
1	163.388
1	80.638
1	110.606
1	135.761
1	36.2827
1	129.322
1	72.7567
1	123.788
1	105.859
1	151.023
1	164.489
1	305.611
0	3.7065e-05
1	84.2369
1	166.357
1	132.26
1	167.406
1	83.525
1	137.431
1	87.2061
1	47.1739
1	128.369
1	156.529
1	130.82
1	219.248
1	156.219
1	83.7414
1	54.0865
1	83.4799
1	101.117
1	97.6494
1	140.423
1	185.398
0	62.0676
0	98.2739
1	89.0301
1	42.5474
1	77.6832
1	138.714
1	81.1894
1	152.559
1	89.4505
1	98.7322
0	20.7364
1	202.897
1	60.2088
1	134.375
1	81.4151
1	124.307
1	71.8658
1	112.299
1	45.0526
1	113.289
1	165.277
1	159.926
1	87.6538
1	69.3907
1	116.287
1	93.4791
0	44.8486
1	268.267
1	57.6184
1	85.8434
0	16.8528
1	82.5913
1	150.832
1	149.4
1	162.602
1	86.3536
1	50.1839
1	44.8008
1	160.016
0	2.65519
1	128.003
1	135.836
0	13.063
1	93.8351
1	104.961
1	116.615
0	4.37891e-05
1	144.819
1	38.8287
1	101.782
1	143.27
1	118.734
0	154.511
1	93.7947
1	255.663
0	100.862
1	91.4092
1	75.9406
1	107.471
1	152.661
1	39.8709
0	120.391
1	243.24
1	119.626
1	88.3841
1	143.378
1	154.732
1	87.298
1	148.749
1	44.0448
1	162.326
1	72.38
1	119.434
1	155.107
1	85.3815
1	198.879
1	60.4773
0	25.6467
1	109.69
0	4.24153
1	97.247
1	118.228
1	127.784
1	40.0338
0	14.5189
1	95.6641
1	180.759
0	92.4402
1	57.3537
1	64.108
1	138.808
0	1.18483
1	214.954
1	182.436
1	120.538
1	202.029
1	105.921
1	81.1571
1	194.082
0	54.0679
1	129.191
1	117.684
1	139.057
1	80.7788
1	96.3078
1	96.6901
1	136.351
1	59.8626
1	66.6129
1	189.672
1	114.258
0	11.8304
1	55.0527
1	62.3366
1	193.281
1	81.5619
1	73.5168
1	95.6473
1	273.679
1	69.8478
1	81.3442
0	108.47
1	90.4075
1	152.325
1	184.405
1	73.6655
1	59.859
1	78.3572
1	149.724
1	157.202
1	103.017
1	165.919
1	47.4442
1	163.788
1	36.2753
1	91.8283
1	431.352
1	71.7216
1	142.185
1	100.41
1	93.0681
1	180.132
1	125.095
1	109.105
1	32.9875
1	48.1613
1	212.021
1	150.218
1	176.231
1	166.415
1	84.591
1	60.8328
1	249.644
1	179.151
0	63.5932
1	126.649
1	109.062
1	87.7554
1	130.721
1	68.8744
1	67.216
0	20.6921
1	42.4609
1	113.827
1	122.074
1	160.533
1	137.401
1	164.021
1	147.603
0	16.2923
1	143.139
1	106.412
0	8.80038
1	197.409
1	96.3054
1	93.59
1	116.573
1	320.152
1	105.52
0	5.60237
1	99.5891
1	102.96
1	156.516
1	137.072
1	100.18
0	23.4912
1	232.86
1	63.9041
1	222.86
1	46.0068
1	308.508
1	167.683
1	102.016
1	123.242
1	90.6444
1	142.822
1	136.285
1	162.836
1	106.578
1	196.091
1	130.095
1	174.556
1	52.8492
1	129.192
1	83.8392
1	98.9842
1	92.0373
1	53.3666
1	92.9117
0	56.4272
1	96.5764
1	129.544
1	108.545
0	11.471
1	71.794
1	89.7673
1	78.0086
1	84.1253
1	139.225
1	163.368
0	9.43788
1	121.445
1	70.5719
1	63.9475
0	1.73094
1	127.479
1	120.68
1	38.7929
0	2.13763
1	81.7597
1	58.0098
1	139.765
1	134.538
1	181.322
0	128.665
1	126.267
1	79.8836
1	83.4203
1	97.7866
1	339.258
1	118.991
1	154.608
1	90.3223
1	45.4667
1	137.709
1	173.972
1	248.565
1	144.141
1	76.2774
1	98.2161
1	293.305
0	31.2833
1	114.981
1	93.2419
1	130.094
1	134.983
1	106.518
1	196.961
0	20.7792
0	6.05198
1	120.074
1	91.8497
1	92.5869
1	78.1392
1	144.732
0	175.119
1	29.9457
0	5.23045
0	105.605
0	164.083
1	105.141
1	131.682
1	39.7781
1	78.9826
1	91.5898
1	121.506
1	56.3086
1	110.84
1	153.841
1	87.9399
1	132.933
1	214.666
1	70.1821
1	87.8306
1	230.524
1	52.0476
1	67.3672
1	101.421
0	20.1342
0	4.28902
1	102.309
1	87.6103
1	132.221
1	123.202
1	133.345
0	55.8799
1	139.716
1	94.3185
1	115.831
1	102.87
1	244.053
0	3.03633e-05
1	66.2068
1	81.8108
1	111.39
1	73.7222
1	65.4517
0	76.1366
1	141.955
1	160.31
1	114.411
1	156.223
1	97.9316
1	68.8691
1	117.114
1	198.594
1	135.257
1	57.9168
1	112.926
1	79.2373
1	148.038
1	78.4176
1	67.2379
1	72.7627
1	258.212
1	95.1708
1	158.414
1	157.931
1	161.534
1	160.739
1	71.8628
1	141.185
1	78.3493
1	182.341
1	90.9118
1	111.526
1	86.4911
1	205.055
1	95.765
1	179.579
1	155.733
1	164.105
1	164.828
1	63.3563
1	148.292
1	186.73
1	74.5267
1	43.4525
1	61.931
1	77.0613
1	121.038
1	126.996
1	329.471
1	80.6951
1	84.4606
1	75.8581
1	153.163
1	116.044
1	139.201
1	95.7108
1	108.701
1	142.927
0	0.407888
1	36.4355
1	87.3882
1	56.2774
1	85.9637
1	61.4935
1	88.4378
1	147.592
1	162.899
1	162.142
1	96.3676
1	175.756
1	189.135
1	139.123
1	119.409
1	70.0402
1	137.211
0	34.3903
1	272.151
1	168.164
1	76.4574
1	138.208
1	143.571
1	48.2098
1	75.1595
1	111.829
0	20.4576
1	82.6497
1	56.6951
1	171.895
0	234.55
1	93.8936
1	132.91
1	87.6175
1	68.378
0	11.3676
1	197.815
1	136.152
1	155.07
1	124.841
1	101.663
1	118.219
1	104.096
1	168.188
1	309.686
1	64.3541
1	75.3691
1	88.9921
1	141.03
1	72.5742
1	90.7199
0	63.132
1	127.052
0	1.4263
1	48.1937
1	83.555
1	133.944
1	86.1104
0	50.3546
1	114.088
1	198.68
1	80.9173
1	36.7498
1	59.1245
1	144.018
0	57.4002
1	108.883
1	86.1245
1	98.3193
1	133.321
1	253.501
1	124.582
1	117.686
1	108.159
1	383.344
1	114.291
1	109.749
1	77.4127
1	110.471
1	84.0857
1	102.252
0	137.121
1	96.357
1	227.353
1	162.396
1	109.431
1	90.675
1	97.0292
1	266.336
1	268.411
1	103.846
1	67.8731
1	120.056
1	225.89
1	110.019
1	111.139
1	120.063
1	135.697
1	105.555
1	79.1225
1	141.132
1	127.074
1	186.231
1	66.7159
1	96.5873
1	42.659
1	179.363
1	113.663
1	28.6386
1	169.516
0	74.5366
1	149.143
1	150.97
1	65.0043
1	127.673
1	146.672
1	151.988
1	69.2917
1	160.123
1	167.234
1	150.897
0	4.54696e-05
1	329.088
1	64.3454
1	123.033
1	242.33
1	125.572
1	151.564
1	58.1188
0	103.371
1	127.049
1	250.854
1	110.891
1	67.4291
0	16.3383
1	58.1259
1	108.88
1	130.527
1	175.505
1	241.702
1	89.2372
1	73.8563
1	103.71
1	54.9598
1	65.3932
1	110.996
1	89.3422
1	130.945
1	104.012
0	24.7404
1	90.725
1	170.427
1	112.764
1	94.393
1	97.7883
1	106.454
1	64.9544
1	136.404
1	115.214
1	85.2357
1	90.6714
1	270.347
1	113.159
1	165.92
1	66.8149
1	158.735
1	114.405
1	135.932
1	112.583
1	112.779
1	177.601
1	72.6763
1	148.917
1	84.5563
1	428.744
1	58.903
1	101.177
1	38.7444
1	90.3332
1	112.536
1	66.6007
1	123.785
1	108.17
1	86.4958
1	178.698
1	133.156
1	115.589
1	145.774
1	124.76
1	155.074
1	109.939
1	220.327
1	119.553
1	67.4235
1	187.745
0	29.6592
0	24.9456
1	95.6619
1	59.449
1	113.938
1	198.001
1	110.341
1	120.602
0	62.1173
1	93.8068
1	82.2787
1	151.994
1	212.866
1	228.988
1	132.148
1	69.0901
1	213.161
1	103.263
1	53.1004
1	57.7409
1	49.6911
1	107.625
1	36.8793
1	156.936
1	99.5043
1	290.937
1	287.969
1	98.4121
0	54.1084
1	122.32
1	168.861
1	60.4653
1	91.878
1	164.263
0	19.5892
1	48.8076
1	129.23
1	137.262
0	61.8373
1	64.5718
1	105.535
1	124.009
1	62.1752
0	25.8054
0	7.55085e-06
1	134.382
1	91.6519
1	114.742
1	92.7667
1	63.1875
1	83.5348
1	100.378
1	112.364
1	102.436
1	174.925
1	45.6588
1	74.9075
0	16.9794
0	22.8719
1	107.19
1	103.252
1	100.117
1	227.872
1	102.505
1	133.255
1	99.5137
1	55.0462
0	122.534
1	146.224
1	271.261
1	117.559
0	7.8058e-07
1	104.704
1	96.7127
1	160.415
1	41.7395
1	111.189
1	88.107
1	61.019
1	175.167
1	56.0011
1	115.881
1	136.662
0	35.8845
1	127.377
1	152.401
1	96.8561
1	95.8592
1	62.979
1	152.343
0	10.3705
1	135.548
1	89.0229
1	159.191
1	165.21
1	106.553
1	64.3831
1	88.8233
1	138.41
1	89.7787
1	67.8935
1	391.346
1	183.857
1	84.3466
1	137.1
1	89.1969
1	178.235
1	102.486
1	104.909
1	84.6798
1	204.909
1	99.652
1	150.767
1	124.002
1	68.9882
1	208.642
1	102.07
0	34.671
1	73.514
1	101.302
1	110.801
1	142.309
1	269.877
1	52.2216
1	87.0785
1	75.0428
1	113.093
1	79.3861
0	8.99071e-05
1	67.8068
1	90.5075
0	46.1967
1	161.369
1	128.773
1	170.839
1	107.629
1	182.304
1	103.528
1	128.84
1	133.254
1	167.291
1	61.1842
1	181.781
1	195.216
1	132.767
0	4.25417
1	134.374
1	236.493
1	87.2844
0	79.6312
1	82.5457
1	222.536
0	41.3074
1	72.616
1	83.0186
1	137.238
1	179.767
1	190.344
0	41.192
1	69.0146
1	165.25
1	126.426
1	104.852
1	157.233
1	119.032
0	42.238
1	138.798
1	96.9012
1	67.7704
1	155.491
1	107.357
1	65.2482
1	125.22
0	7.46194
0	37.2071
1	88.5016
1	74.0444
1	49.5264
1	123.343
1	74.5581
1	113.352
1	164.174
1	46.8161
1	129.343
1	83.6874
1	110.672
1	94.3242
1	126.273
0	109.008
1	76.9394
1	215.562
1	167.139
1	225.582
1	95.2191
1	61.6905
1	65.8048
1	36.0822
0	28.2088
0	67.7169
0	74.4554
1	91.2704
0	2.69705e-05
1	62.8968
1	71.6284
1	136.927
1	148.973
1	95.4089
1	188.795
1	158.69
1	75.7829
1	161.483
1	148.699
1	94.8735
1	151.758
1	237.392
1	348.33
1	71.1674
1	77.7764
1	164.273
1	180.655
1	85.4117
1	162.052
1	53.2654
1	202.772
1	59.6473
1	121.535
1	72.7606
1	178.473
1	78.6484
1	62.3615
1	118.798
1	87.6319
1	61.9454
1	92.0202
1	78.5373
1	165.108
1	87.7679
1	281.472
1	105.181
1	140.861
0	2.37024
1	111.732
1	101.226
1	62.1119
1	50.8556
1	70.1021
1	170.383
1	173.137
1	90.0859
1	126.99
1	161.042
1	53.6308
1	132.388
1	92.8543
1	93.7037
1	87.1719
1	110.918
1	122.502
1	118.375
1	192.072
1	70.5808
0	74.4488
0	19.5989
1	115.261
1	121.209
0	13.0358
1	146.239
1	157.469
1	109.952
1	151.806
1	108.589
1	90.0769
1	59.719
1	90.7544
1	56.0859
1	118.106
1	171.946
1	138.938
1	104.654
1	108.743
1	116.249
1	101.64
1	248.41
1	150.099
1	70.078
1	73.2469
1	80.2844
0	1.24587e-05
0	61.3427
0	1.40903
1	113.183
0	7.18263
1	190.447
1	112.297
1	58.7693
1	172.362
1	235.051
1	163.677
0	34.8688
0	29.8733
1	82.2427
1	165.087
1	151.133
1	130.556
1	50.0307
1	103.331
1	45.6689
0	54.5264
1	65.4258
1	48.073
1	70.9925
1	94.9284
0	55.3265
0	92.9066
1	83.1019
1	87.9674
1	96.682
1	79.7432
1	114.092
1	73.4815
1	175.328
1	164.193
1	91.9019
1	101.195
1	225.338
1	107.303
1	99.5665
0	10.6864
1	109.732
1	143.517
1	124.217
0	134.53
1	187.365
1	160.606
1	65.0702
1	80.1034
1	124.101
1	89.1699
1	212.34
1	150.389
1	113.16
1	107.38
1	70.44
1	110.537
1	102.531
0	1.18799e-05
1	218.007
1	94.3265
1	96.3238
1	126.047
1	132.24
0	61.8219
1	38.5344
1	88.6197
1	56.6251
1	79.2827
1	65.4183
1	87.8267
1	75.9539
1	223.075
1	105.604
1	81.0658
1	94.8887
1	150.77
1	132.581
1	133.561
1	127.385
1	171.725
1	128.373
1	61.8958
1	97.6998
1	152.778
1	86.9577
1	59.4634
0	50.9364
1	63.302
0	35.0573
1	96.1567
1	105.1
1	137.956
1	127.082
0	117.811
1	183.169
1	66.8993
1	78.2296
1	63.1924
1	118.55
1	63.4892
0	11.0866
1	154.16
1	134.662
1	135.252
1	89.0107
1	107.774
0	38.6573
1	64.9501
1	111.964
0	79.2181
1	128.268
1	175.156
1	83.3576
1	145.305
0	39.1422
1	75.5383
1	202.584
0	5.89089
1	128.698
1	269.224
1	97.5983
1	104.771
1	100.292
1	103.687
1	137.946
0	39.5539
1	148.356
1	111.697
0	25.4264
1	101.321
1	110.758
1	65.7208
1	65.3954
1	124.153
1	91.8122
1	206.311
1	158.983
1	90.0179
1	63.013
0	115.22
1	175.312
1	99.2455
1	37.4388
1	168.04
1	120.977
1	132.247
1	53.6942
1	143.63
1	88.0112
0	25.8961
1	95.5782
1	130.158
1	147.002
1	125.495
1	130.261
1	119.359
1	105.491
1	131.389
1	130.876
1	118.428
1	69.1147
1	103.717
1	68.0398
1	93.4291
1	62.8903
1	103.247
1	133.704
1	68.2268
1	96.6017
1	99.2795
1	158.576
1	46.9802
1	29.5574
1	162.603
1	88.7841
1	54.225
1	84.4785
1	49.6918
1	39.464
1	95.3271
1	158.157
1	239.74
1	63.8041
1	128.899
1	102.184
1	137.068
1	123.61
1	74.9866
1	187.454
1	90.2595
1	67.7329
1	236.646
1	100.954
0	161.751
1	141.93
1	50.6526
1	41.7406
1	205.119
1	102.549
0	8.34023
1	108.493
1	96.5636
0	48.1055
1	59.3491
1	174.968
1	100.58
1	201.586
0	35.5672
1	63.7482
1	67.1581
1	71.5025
1	91.7834
1	125.294
1	74.0518
1	93.374
1	94.5184
1	334.847
1	128.851
1	100.47
0	67.23
1	160.498
1	102.725
1	135.591
0	50.0154
1	177.372
1	107.086
1	146.815
1	57.1994
1	193.415
1	66.7103
1	119.868
1	97.6597
0	7.85075
1	65.1029
1	155.341
1	139.692
1	59.3123
1	48.8444
1	227.146
1	182.302
1	133.268
1	100.801
0	4.50936
1	102.781
1	79.8064
1	127.733
1	187.062
1	185.036
1	172.039
1	162.153
1	92.1284
1	99.2265
1	39.2773
1	145.754
1	84.0373
1	153.845
1	126.055
1	84.7372
1	259.375
1	174.394
1	100.345
0	5.03988
1	120.546
0	128.182
1	89.6202
1	256.626
0	4.50006
1	154.672
1	125.125
1	145.505
1	84.6582
1	142.859
0	9.19941
1	160.714
1	125.331
1	95.4655
1	74.9746
1	88.2843
1	82.7501
1	154.521
1	88.7172
0	49.6101
1	114.687
1	113.624
1	63.8322
1	88.542
1	154.598
1	79.4894
1	78.5066
1	131.491
1	73.6672
1	74.7124
1	72.4313
1	94.563
1	35.7228
1	130.591
1	102.398
1	117.49
1	66.3426
1	175.102
1	181.841
1	174.24
1	155.38
1	123.414
1	145.344
1	85.7403
1	104.757
1	62.5689
1	78.2872
1	222.183
1	113.771
1	164.574
1	153.853
1	114.179
1	33.6385
1	107.242
1	159.252
1	210.724
1	111.478
1	171.349
1	107.343
1	134.937
1	97.0041
0	9.58478
0	70.7165
1	52.0976
1	145.974
1	118.465
1	76.1012
1	108.84
1	76.1742
1	77.2951
1	67.0449
1	93.239
1	110.852
1	142.971
1	85.9201
1	212.564
1	139.898
1	100.848
1	91.4033
1	179.574
1	119.008
0	38.9569
1	156.621
1	93.3643
1	163.12
1	27.6444
1	113.071
1	44.0362
0	155.386
1	108.208
1	136.846
1	117.14
1	157.95
1	91.4465
1	112.616
1	215.829
1	60.5281
1	74.9283
1	115.091
0	90.069
1	194.653
0	154.382
1	71.1608
0	59.2295
0	2.47141
1	133.959
1	207.487
1	93.4167
1	115.643
1	88.5335
1	111.306
1	143.915
1	144.365
1	88.2789
1	55.224
1	186.454
1	177.175
1	198.322
1	83.8917
1	108.673
1	145.777
1	177.341
1	194.609
1	96.8767
1	90.353
1	92.7374
0	0.112757
1	54.3709
1	50.2043
1	67.2147
1	152.092
1	101.125
1	148.792
1	139.751
1	49.5618
1	220.713
1	40.9009
1	148.37
1	81.2953
0	31.0168
1	149.05
1	169.776
1	101.96
1	101.005
1	67.1509
1	74.0708
1	62.4539
1	102.263
0	6.05673
0	166.507
1	155.812
1	97.8082
1	110.605
0	1.64942e-05
1	76.2373
1	181.81
1	124.257
1	74.0344
1	34.4462
1	106.221
1	100.973
1	158.574
1	56.3752
1	89.2293
1	172.122
0	68.2148
1	142.827
1	55.0206
1	132.279
1	121.591
1	149.461
1	120.514
1	116.06
1	40.7154
1	245.271
1	196.467
1	61.9867
1	230.904
1	41.8334
1	80.3402
1	64.3958
1	115.115
1	75.2709
1	73.976
1	99.263
1	79.9677
1	94.9487
1	104.247
0	56.1961
0	123.378
1	250.721
1	169.627
1	128.38
1	138.662
1	150.511
1	119.471
1	92.6581
1	94.6776
1	126.561
1	107.65
1	71.3081
1	169.493
1	88.2425
1	69.2097
1	133.896
1	80.4151
1	117.928
1	56.5832
1	65.906
1	155.4
0	51.9212
1	87.8102
1	76.8983
1	84.1853
1	100.796
1	100.682
1	132.626
1	228.177
1	152.587
1	55.3507
1	84.1432
1	99.0801
0	29.8254
1	204.573
1	234.355
1	123.077
1	80.4498
1	155.151
1	63.8268
0	67.498
1	250.342
1	92.3542
1	138.559
1	84.2067
1	80.2042
1	73.2591
1	216.988
1	90.07
1	104.393
1	95.3191
0	6.34493e-05
1	149.922
1	45.0003
1	86.0827
1	104.522
1	88.8277
1	87.0733
1	70.2176
1	148.952
1	78.6616
0	6.38204
1	76.558
1	116.913
1	101.788
1	53.1847
1	61.5316
1	99.3342
1	143.787
1	144.029
1	162.529
1	79.1985
1	132.084
1	80.0849
1	52.2272
1	100.519
1	72.7427
0	88.2817
1	109.834
0	4.31814
1	56.2461
1	164.631
1	239.93
1	106.001
1	102.469
1	85.2471
1	89.7643
1	50.2682
1	53.8103
1	197.398
1	72.49
1	78.2869
1	76.4326
1	95.0604
1	114.945
1	100.105
1	105.971
1	75.6293
1	53.5741
1	115.503
0	17.1382
1	139.453
1	135.918
1	86.3046
1	71.6523
1	74.8909
1	96.2164
1	117.767
1	94.074
1	122.514
1	42.2502
1	63.5377
1	159.915
1	145.356
1	152.428
1	90.2245
1	110.251
1	102.91
1	82.4201
1	61.7005
1	133.626
1	125.895
0	11.2202
1	140.959
1	43.5819
1	97.6884
1	68.6453
1	76.665
1	275.236
1	82.1472
1	125.697
1	42.9589
0	145.131
1	110.047
1	30.977
1	85.0072
1	78.9788
1	85.3198
1	206.758
1	75.7703
1	106.523
1	144.264
1	83.902
1	113.984
1	156.393
1	112.771
1	105.551
1	169.088
1	209.903
1	117.303
1	109.871
1	113.141
0	139.733
1	195.905
1	128.962
1	129.815
1	135.509
1	91.6956
1	99.7774
1	215.495
1	67.8657
1	52.2227
1	177.617
1	151.497
1	80.8229
1	119.574
0	35.9634
1	104.191
1	184.65
1	75.6691
1	74.9572
1	72.0545
1	99.8549
1	104.23
1	122.704
1	102.133
1	90.8752
1	123.962
1	166.237
1	145.9
1	145.21
1	139.166
1	246.425
1	155.904
1	135.773
1	301.043
1	74.4396
1	84.6453
1	116.629
1	115.402
1	109.457
1	104.836
1	188.423
1	142.907
1	180.651
0	20.5726
1	85.8982
1	102.584
1	117.435
1	64.2203
1	103.713
1	321.721
1	98.8834
1	105.266
1	274.872
1	84.2031
1	120.354
1	242.223
1	96.2621
1	185.28
1	108.908
1	76.7773
1	155.854
1	92.3385
1	86.6924
1	76.6194
1	86.1434
1	65.2595
1	205.869
0	30.3415
1	178.246
1	161.656
1	145.449
1	71.9061
1	111.614
1	126.621
1	290.135
0	18.6101
1	77.7816
1	115.954
0	14.6462
1	140.279
1	114.4
1	122.528
1	146.205
1	81.6825
1	171.838
1	204.745
1	171.359
1	160.639
1	142.149
1	107.826
1	158.413
1	106.386
1	139.263
0	12.922
1	219.191
0	19.2432
1	125.1
1	66.0395
1	130.705
1	213.09
1	100.537
1	131.187
0	85.2197
1	89.8505
1	134.919
0	23.8792
1	114.856
1	34.982
1	79.4661
1	154.158
1	133.89
1	69.3992
1	42.0672
1	114.706
1	83.1553
1	130.515
1	96.2939
1	60.3175
1	112.49
1	100.515
1	104.772
1	63.0936
1	119.913
1	138.359
1	122.284
1	88.0997
1	97.1825
0	10.9725
1	72.7866
1	92.9166
0	19.8381
1	77.9784
0	17.8709
1	90.0105
0	6.61924e-06
1	217.554
1	101.202
1	61.9102
1	77.7104
0	122.71
1	168.88
1	134.05
1	35.9031
1	99.6408
1	56.045
1	138.031
1	80.3413
1	87.8279
1	89.7276
1	137.809
1	108.494
1	66.9417
1	76.4603
1	150.936
1	98.001
1	80.342
1	52.6233
1	91.7912
1	110.87
0	138.628
1	88.9322
1	109.589
0	37.7402
1	95.0372
1	186.386
0	7.48385
1	52.3092
1	79.0383
1	66.2811
1	63.3997
1	72.9188
1	76.5273
1	53.8025
1	115.705
1	100.183
1	205.947
1	125.22
1	79.6095
1	108.115
1	237.636
1	79.4373
1	79.2765
0	39.2941
0	0.15024
1	95.0285
1	186.672
1	165.831
1	87.3182
1	106.193
1	66.4567
1	112.498
1	88.1741
1	172.172
1	189.664
1	66.9622
1	99.4414
1	93.2701
1	83.6646
1	149.645
1	182.129
1	111.099
1	169.419
1	56.8422
1	148.936
1	123.463
1	166.946
1	77.5141
1	115.437
1	158.232
1	73.6943
1	149.522
1	162.303
1	189.204
1	57.237
1	196.409
1	146.58
1	49.3754
0	51.3599
1	110.705
1	73.7312
1	88.3036
1	53.6821
1	137.67
1	118.063
0	33.1362
1	168.543
1	134.952
1	108.659
1	94.3192
1	93.23
1	157.215
1	152.642
1	243.058
1	133.842
0	90.8697
1	199.29
1	138.386
1	124.625
0	70.052
1	105.721
1	138.829
1	102.456
1	87.3503
1	192.095
1	62.2921
1	114.216
1	146.214
1	129.447
1	148.723
1	105.634
1	92.4154
1	145.453
1	155.774
0	28.7595
1	89.8478
0	39.2109
1	47.3536
1	110.959
1	85.874
1	115.405
1	109.213
1	126.275
1	61.0264
1	120.774
1	94.7298
1	128.819
1	89.6029
1	113.263
1	104.228
1	81.8399
1	130.06
1	73.9551
1	173.513
1	40.1272
1	163.333
1	92.9812
1	89.8289
1	154.509
1	107.534
1	206.092
1	190.839
1	196.593
1	137.68
1	105.343
1	91.4163
0	61.2672
0	37.3069
1	57.6407
1	82.4564
1	243.471
1	119.739
0	13.3636
1	134.677
1	159.137
0	10.9686
1	103.907
1	97.7559
1	113.661
0	8.91415
1	142.788
1	62.8956
0	48.6485
1	140.177
1	55.5096
1	43.5939
1	96.2124
1	67.1118
1	105.237
1	139.446
1	277.128
1	116.065
0	13.7207
1	80.2716
1	90.0553
1	78.2744
1	158.827
1	87.5039
1	62.7482
1	67.8887
1	58.9743
1	117.65
1	28.2305
1	119.527
1	107.541
1	51.4014
1	101.298
1	169.502
1	36.8448
1	111.255
1	83.0593
1	59.653
1	175.227
1	215.26
1	145.835
0	138.27
1	121.908
1	290.891
1	95.6651
1	50.2054
1	49.6052
1	78.3099
0	7.09787
0	20.3393
1	105.131
1	176.745
1	49.3772
1	185.023
1	90.8323
1	119.323
1	61.7209
1	92.9979
1	140.895
1	51.5768
1	147.585
1	135.293
1	117.727
1	100.004
1	102.312
1	63.9224
1	220.43
0	1.0527e-05
1	125.433
0	16.1546
0	5.19366e-05
1	90.3981
1	139.569
0	35.932
1	46.0207
0	48.5744
1	76.156
1	162.919
1	62.2707
1	229.597
1	117.668
1	166.623
1	174.832
1	166.375
1	212.168
1	153.738
1	123.251
1	105.89
1	52.8686
1	114.164
1	84.3037
1	172.51
1	65.7436
1	140.005
1	95.5013
1	97.8636
1	38.665
1	117.795
1	121.232
1	66.5252
1	111.158
1	59.0485
0	41.5265
1	74.7757
1	118.394
1	114.314
1	105.434
1	102.539
1	141.384
1	167.792
1	80.4418
1	92.3401
1	89.4504
1	144.549
1	84.7513
1	171.907
1	136.412
1	59.7678
1	72.4351
1	117.28
1	133.666
1	201.031
0	11.0719
1	88.8375
1	220.78
1	101.836
1	112.365
1	120.42
1	70.6338
1	96.7267
1	75.2196
0	45.7309
1	103.665
0	9.51073
1	208.289
0	5.57499
1	51.4359
1	55.3135
1	95.6125
1	187.258
1	82.0143
1	131.337
1	163.599
1	98.5295
1	114.319
1	155.087
1	78.9439
1	59.959
1	85.8032
1	95.5351
0	193.993
1	85.1017
1	96.0101
1	120.481
1	157.093
1	248.191
1	332.75
1	159.381
1	107.6
1	137.744
1	98.2901
1	128.017
1	118.785
1	207.695
1	133.102
1	225.419
1	136.493
1	85.4764
1	74.25
1	98.1205
1	102.673
0	43.4155
1	69.6837
1	44.428
1	203.104
1	145.555
1	78.514
1	59.4371
1	82.1751
1	60.2982
1	103.835
1	61.1211
0	33.3711
0	78.0062
1	133.764
1	92.2116
1	154.09
1	87.3205
1	72.5445
1	86.409
1	58.2558
1	108.139
0	6.5602
1	154.282
1	138.295
1	99.153
1	137.308
1	56.5773
1	57.8942
1	136.412
1	76.8907
1	256.486
1	159.942
1	129.599
1	98.1792
0	30.5288
1	107.595
0	1.87119e-05
1	114.593
1	280.884
1	150.365
1	172.283
1	98.4921
1	89.1757
1	113.587
1	112.082
1	163.524
1	71.0791
0	70.4809
0	158.97
1	73.6508
1	162.349
1	144.538
1	160.998
1	132.766
1	50.6502
0	8.54221
1	226.291
1	132.942
1	133.058
1	104.706
0	32.0478
1	227.293
1	41.7974
1	248.183
1	114.615
1	350.271
1	79.6992
1	139.184
1	133.601
1	125.694
1	160.272
0	18.5386
1	79.0892
1	63.9885
1	142.082
1	217.119
1	68.0243
1	114.011
1	99.6387
1	110.886
1	59.3666
1	100.609
1	42.4554
1	57.6747
1	87.854
1	103.454
1	85.7734
1	49.8588
1	80.5596
0	59.9133
1	71.3721
1	194.661
1	58.7514
1	87.5112
0	125.762
1	179.028
1	62.7738
1	57.7563
0	2.62701
1	111.574
1	84.3731
1	154.458
0	16.3558
1	48.6754
1	62.0516
1	122.259
1	114.693
1	119.063
1	155.899
1	276.988
1	107.754
1	141.337
1	62.322
1	77.158
1	127.042
1	87.0806
1	62.9534
1	63.0369
1	88.7107
1	371.763
0	220.252
1	134.751
1	249.948
1	127.827
1	178.507
1	149.07
1	128.407
1	50.2385
1	198.114
1	56.3883
1	167.305
0	2.53455e-05
1	95.5924
1	80.1434
1	102.68
1	81.3962
1	148.279
1	75.0801
1	129.478
1	132.774
1	102.612
1	199.27
1	98.4203
1	175.95
1	157.536
0	9.92731
0	16.9678
1	259.316
1	133.668
1	111.62
1	48.9517
1	57.1959
1	113.843
1	126.394
1	75.5207
1	64.2363
1	118.234
1	80.4634
1	100.17
1	72.5113
1	47.5437
1	90.5035
1	153.22
1	113.354
1	121.53
1	71.2657
1	77.7828
1	134.278
1	137.686
1	99.6682
1	81.9583
1	146.4
1	103.579
1	69.6286
1	186.361
1	150.847
1	103.815
1	156.649
1	108.126
1	191.434
1	103.221
1	95.7217
1	382.16
1	113.726
1	70.4839
1	90.5702
1	59.779
1	81.628
1	158.688
1	159.866
1	139.424
1	107.921
1	63.7982
1	96.8414
0	32.0108
1	143.951
0	26.3689
1	90.5242
1	103.671
1	148.875
1	78.7765
1	37.1728
1	111.013
1	151.926
1	109.292
1	80.0674
1	208.715
1	122.641
1	180.548
1	82.6494
1	95.6258
1	93.3489
1	183.977
0	112.072
1	74.6457
1	204.764
1	103.36
1	41.3512
1	172.053
1	82.6969
1	105.254
1	88.5715
1	96.0419
1	109.23
0	10.72
1	85.7129
1	49.4712
1	161.919
1	162.771
0	28.6255
1	147.979
1	66.7639
1	45.4835
1	169.258
1	153.324
1	86.8043
1	138.979
1	130.154
1	90.4126
1	74.5065
1	127.995
1	164.469
1	157.68
1	98.8938
1	168.957
1	213.839
1	81.2705
1	101.492
1	222.737
1	93.8962
1	132.61
1	72.4651
1	59.8382
1	189.758
1	62.8
1	88.4125
1	124.834
1	241.052
1	97.3628
1	88.3833
1	65.772
0	2.11428
1	109.032
0	9.60498
1	109.806
1	181.428
1	259.776
1	164.03
1	150.674
0	64.2554
1	80.3265
1	96.0112
1	159.792
1	69.1007
1	87.606
1	74.486
1	122.259
1	72.3305
1	99.8741
1	177.016
1	118.957
1	172.053
1	91.9608
1	90.9774
1	208.616
1	90.3351
1	109.341
1	93.0601
0	1.73631e-05
0	13.9478
1	86.3552
1	115.806
1	123.124
1	55.8631
1	75.8544
1	246.879
1	179.785
1	167.806
1	67.3102
1	91.0061
1	117.086
1	108.009
1	136.427
1	86.1971
1	88.4094
1	51.8871
1	146.571
1	54.5645
1	122.904
1	122.101
1	206.993
1	66.6758
1	103.192
1	189.535
1	83.5952
1	60.1502
1	174.417
1	66.692
0	15.8683
1	159.521
1	299.033
0	13.887
1	153.459
1	59.6117
1	216.56
1	50.0134
1	59.0155
1	53.68
1	51.5388
1	73.4861
1	147.784
1	247.257
1	168.88
1	67.9189
0	43.3921
0	32.03
1	118.058
1	53.1696
1	77.3548
1	55.5969
1	202.897
1	121.811
1	122.054
1	91.0469
1	154.313
1	145.48
1	135.087
1	79.8724
1	118.87
1	80.3497
1	148.684
1	98.5726
1	126.881
1	61.5296
1	102.202
1	90.0035
1	134.271
1	88.2743
1	111.719
1	104.885
1	74.0241
1	214.953
1	93.3439
1	207.688
1	124.913
1	196.791
1	180.698
1	163.619
0	150.838
1	69.265
0	1.68447
1	57.0613
1	101.796
1	124.552
1	97.2044
1	132.318
1	200.662
1	50.8792
1	80.0359
1	164.282
1	90.6802
0	7.69504
1	168.255
1	85.5698
1	91.0659
1	137.347
1	125.261
1	166.052
1	93.5313
1	258.693
1	158.308
1	66.853
1	82.3239
0	5.88901
1	157.061
1	96.3032
1	244.446
1	67.5538
1	44.4922
1	217.666
1	206.635
1	77.9844
1	60.4906
1	86.8077
1	190.255
1	88.8582
1	95.4472
1	126.788
1	181.792
1	99.5526
1	65.5247
1	122.763
0	5.31115
1	35.5936
1	100.52
1	89.9327
1	125.796
1	144.883
1	49.7885
1	147.878
0	6.56781
1	130.396
0	19.6481
1	85.5549
1	193.762
1	115.297
1	95.8438
0	94.7828
1	302.823
1	82.74
1	76.9076
1	121.699
1	115.626
0	113.426
1	94.6638
1	144.656
1	94.4141
0	5.43948
1	65.0839
1	161.338
1	111.759
1	80.8617
1	98.0872
1	165.573
1	122.373
1	91.8982
1	197.782
1	112.872
1	80.6783
0	55.6204
1	132.553
1	45.4378
1	133.897
1	126.279
1	79.4498
0	18.8062
1	105.296
1	126.524
1	159.197
1	115.433
1	135.157
1	127.831
1	86.4081
1	109.403
1	101.225
0	2.88216
1	187.172
1	135.961
1	127.451
1	51.734
1	69.3286
1	163.448
1	131.221
1	293.308
0	2.1516
1	106.261
1	61.0746
1	63.1187
1	55.0392
1	87.7843
1	89.6126
1	96.8747
1	77.6978
1	71.7583
1	79.3014
0	21.3192
1	61.271
1	72.0231
0	5.06197e-06
1	72.3795
1	158.308
1	107.661
1	132.173
1	108.803
1	175.925
1	78.1083
0	16.6154
1	87.0809
1	190.913
1	80.3083
1	87.4236
1	103.717
1	140.376
1	68.0123
1	38.9999
1	54.9857
1	126.835
1	170.308
1	43.6995
1	264.758
1	66.4756
1	92.9694
1	120.517
1	139.101
1	87.4454
1	149.793
1	194.418
1	79.6981
1	194.857
1	58.9028
0	28.3046
1	66.5319
1	102.151
1	102.793
0	19.5445
1	121.409
1	213.258
1	45.0247
1	198.103
1	432.8
1	98.965
1	72.8529
1	58.7993
1	72.6324
1	39.5878
1	63.6219
1	30.543
1	44.5595
1	155.757
1	75.0235
1	74.6331
1	74.6237
0	34.0193
1	105.441
1	133.237
1	48.8277
1	86.4857
1	79.9915
1	158.203
1	178.447
1	182.637
1	148.231
0	14.5352
1	348.011
1	92.6593
1	218.881
1	62.5384
1	88.5364
1	111.297
1	82.1173
1	136.599
0	29.0704
1	99.3938
1	58.0345
1	181.145
0	97.9694
1	107.216
1	66.9438
1	210.951
1	150.645
1	111.754
1	81.1488
1	126.611
1	94.3297
1	398.49
1	161.811
1	41.063
1	133.628
1	79.0301
0	9.70633
1	120.383
1	44.0211
1	133.97
1	51.0863
1	73.4273
0	10.771
1	86.1155
1	153.241
1	156.469
1	87.3489
1	103.23
0	18.1479
1	105.655
1	174.057
0	26.5532
1	170.644
0	27.4406
1	176.954
1	152.825
1	144.929
1	121.696
0	51.6618
0	2.28247
1	52.9208
1	147.025
1	242.779
1	74.9132
1	230.676
0	4.17675
1	89.28
1	81.4242
1	114.165
1	186.172
1	84.8322
1	72.515
1	182.557
1	119.303
1	150.222
1	104.346
0	12.7098
1	61.0301
1	92.1146
0	10.7964
1	117.686
1	73.3135
1	110.622
1	195.831
1	46.6826
1	135.22
1	80.8887
0	15.2295
1	107.797
1	108.841
1	120.921
1	38.8136
1	37.2086
0	19.8091
0	3.91596
1	92.9886
1	138.346
1	193.673
1	91.0606
1	213.282
1	52.2752
0	55.0165
1	64.3652
1	122.947
1	118.299
1	109.995
1	259.455
1	126.309
0	11.1029
1	69.4283
1	62.0918
1	82.9931
0	5.27831
1	121.748
0	24.5541
1	79.3983
1	26.5101
1	31.9737
1	102.116
1	100.216
1	283.181
1	86.4986
1	74.4191
0	28.1897
1	34.2194
1	46.0667
1	135.086
1	114.815
1	102.006
1	61.5785
1	77.0005
1	146.141
0	105.138
1	160.271
1	39.4908
1	145.732
1	130.361
1	47.6433
1	107.806
1	145.899
1	126.956
1	122.373
1	77.3622
1	66.5386
1	75.4686
1	89.6435
1	122.265
1	79.6245
1	77.0863
1	87.622
0	0.682441
1	123.449
1	108.673
1	141.897
1	110.091
1	68.7985
1	183.842
1	67.1477
1	85.6915
1	84.6003
1	64.6042
1	196.184
1	109.327
1	103.545
0	66.5719
1	85.3655
1	191.284
0	18.7394
1	143.228
1	141.329
1	107.432
1	255.882
1	75.1106
0	27.9045
1	59.0269
1	91.6296
1	76.6936
1	89.5252
1	94.6377
1	66.9154
1	127.73
1	220.175
1	73.2483
1	118.815
1	84.267
1	100.922
0	49.8808
1	190.326
1	178.391
1	94.5834
1	331.503
0	3.47239e-05
1	122.493
1	136.686
0	62.729
1	106.44
1	65.8209
1	74.6863
1	88.6711
1	72.5719
0	4.46392
1	58.0264
1	78.4644
0	14.0261
1	117.355
1	126.567
1	178.291
1	253.998
1	99.7256
1	101.067
1	65.4263
1	95.5872
1	130.604
1	117.602
1	104.057
1	231.312
0	10.2736
1	166.547
1	255.668
1	122.694
1	73.9347
1	99.7462
1	193.467
1	126.709
1	91.4717
1	79.5289
1	78.3039
1	51.5071
1	68.8827
1	154.72
0	5.2803
1	356.173
1	141.104
0	28.2122
1	85.7701
1	74.4417
0	4.16799
1	80.4893
1	81.7724
1	160.992
1	115.349
1	121.409
1	121.623
1	42.3028
1	168.383
1	161.569
1	180.929
1	94.2307
1	143.64
1	139.385
1	64.2179
1	108.768
0	24.1284
1	54.7629
1	144.434
0	11.8366
1	190.015
1	207.956
1	72.3594
1	186.668
1	173.913
1	207.742
1	83.5775
0	23.3591
1	193.05
1	102.147
1	150.178
0	28.1637
1	186.618
1	171.196
1	133.507
1	128.641
1	124.642
1	35.7004
1	116.439
0	46.8152
1	120.343
1	97.6953
1	92.4812
1	306.164
1	71.8357
1	197.59
1	131.454
1	90.3794
1	157.962
1	50.4489
1	113.749
1	146.412
1	110.299
0	74.4294
1	39.3781
1	190.675
1	227.164
1	129.046
0	122.844
0	13.0859
0	9.83134
1	164.619
1	116.176
1	124.245
1	140.517
1	166.795
1	75.1392
1	129.814
1	130.405
1	122.928
1	116.245
1	68.9068
1	178.576
1	188.573
1	174.767
1	79.1205
1	90.4821
1	170.555
1	168.206
1	96.4174
1	209.4
1	103.338
1	77.7077
0	28.0746
1	108.434
0	5.19549e-07
1	131.696
1	136.622
1	129.966
1	116.841
1	150.244
1	90.4077
1	138.183
0	20.0623
1	143.647
1	101.819
1	108.124
1	249.108
1	85.2685
1	212.731
1	60.3308
1	126.087
1	28.6624
1	222.723
1	110.3
1	66.9597
1	131.503
1	64.3156
1	138.892
1	200.986
1	65.348
1	110.452
1	138.212
1	81.5925
0	3.16722
0	107.696
1	96.9899
1	142.612
1	229.316
1	88.3225
1	129.317
0	68.0087
1	140.695
0	22.974
1	83.5042
1	60.6536
1	184.25
1	94.5296
1	66.3129
1	85.0548
1	139.053
0	2.51476
1	165.703
1	126.753
1	66.8602
1	111.271
1	118.67
1	213.255
1	112.037
1	60.0447
1	111.915
1	94.4653
1	63.3704
1	149.554
1	156.03
1	237.189
1	72.2717
1	75.1951
1	60.097
1	67.1698
1	153.233
1	200.481
1	116.867
1	115.509
1	92.5546
0	11.1325
1	123.824
1	90.799
1	151.223
1	34.0436
1	130.337
1	120.352
1	229.03
1	116.682
1	99.3136
1	203.843
1	107.979
1	111.289
0	67.7728
1	196.426
1	89.112
1	68.9083
1	93.5349
0	9.01666
1	65.9369
1	117.306
1	104.947
1	184.337
1	191.846
1	99.3409
0	31.7292
1	96.5901
1	85.6029
1	307.517
1	86.1648
1	87.6899
1	116.46
1	68.439
1	112.029
0	5.0967
1	84.8195
0	2.6013
1	54.8691
0	30.1495
1	164.591
0	10.356
1	55.9926
1	212.615
1	74.9399
1	74.7306
1	100.717
1	175.781
1	184.762
1	122.869
1	169.939
1	63.6003
1	86.7361
1	175.63
1	116.789
1	214.225
1	88.8482
1	103.337
1	81.7636
1	78.6999
1	132.475
1	99.4237
1	62.12
1	80.8676
1	76.6348
1	94.0626
1	81.2672
0	28.0473
1	89.57
1	80.5383
1	99.129
1	178.932
1	65.2046
1	45.3352
1	46.0866
1	142.108
1	103.544
1	77.9946
1	123.75
1	63.6965
1	78.4509
1	117.333
1	400.834
1	163.38
1	89.529
1	81.8051
1	49.3436
1	86.3356
1	158.6
1	175.146
1	83.8565
1	89.1747
1	69.9947
1	79.6662
1	105.519
1	161.145
0	5.99726
1	80.9476
1	90.3711
1	214.997
1	205.799
1	255.526
1	68.8566
1	109.888
1	59.9642
1	93.4573
1	136.639
1	83.9575
1	71.1994
1	45.7677
1	167.187
1	182.825
1	130.975
1	49.996
1	145.803
1	91.4226
1	87.3909
1	184.712
1	118.316
1	170.511
1	170.277
1	191.883
1	166.401
1	87.7463
1	80.6059
1	67.1574
1	141.408
1	130.402
1	88.5997
1	117.527
1	119.861
1	126.096
1	85.2337
1	86.5531
1	84.7609
1	307.038
1	39.5906
1	100.59
1	158.231
1	81.0557
1	82.0725
1	216.699
1	138.474
1	70.6793
1	97.8302
0	31.4414
1	160.168
1	53.2546
1	123.968
1	94.532
0	66.8986
1	86.4469
1	121.472
1	48.1139
1	148.811
1	92.2703
1	101.977
1	102.072
1	138.761
1	148.501
0	7.01885e-05
1	92.4119
1	148.095
1	53.9655
1	85.2763
1	171.498
0	17.5116
1	49.7001
1	59.5576
1	104.167
1	181.778
1	86.075
1	299.299
1	46.7509
1	119.843
1	158.163
1	66.3295
1	120.477
1	92.4358
1	255.562
1	93.0631
0	41.1254
1	163.392
1	59.6418
1	69.8274
0	29.126
1	119.72
1	87.754
1	132.54
1	163.244
0	5.10777
1	241.992
1	156.69
0	101.021
1	49.7456
1	164.398
1	265.07
1	31.5555
1	55.2748
1	75.4119
1	84.8213
1	68.0345
1	74.0364
1	121.566
1	73.6015
0	124.061
1	81.0769
1	64.2737
1	207.436
1	181.364
1	86.3504
1	282.938
1	320.753
1	116.141
1	227.73
1	110.432
1	93.2513
1	88.4909
0	61.7226
1	139.97
1	53.303
1	76.7367
1	177.42
1	109.06
1	117.689
1	68.7038
1	74.4598
1	252.855
0	50.566
1	139.725
1	109.34
0	24.7454
1	87.6164
1	76.0434
1	46.6194
1	152.159
1	112.225
1	136.086
1	188.858
1	117.67
1	71.9057
1	55.3714
1	115.708
1	91.2226
1	209.913
1	127.661
1	97.6377
1	268.292
1	56.9623
1	160.165
1	116.28
1	155.155
1	174.014
1	108.499
1	65.0008
0	123.517
1	139.467
1	199.036
1	151.318
0	12.6539
1	61.3719
1	202.686
1	48.5776
1	206.781
1	123.343
1	47.5378
1	136.79
1	115.371
1	215.919
1	128.799
1	265.108
1	97.0993
1	51.1929
1	150.468
1	87.4978
0	6.73318
1	115.553
0	29.1925
1	105.839
1	31.2694
1	99.644
1	155.605
1	254.025
1	144.055
1	135.674
1	158.848
1	70.9339
1	216.588
1	112.695
1	137.176
1	124.64
1	138.202
1	100.377
1	146.305
1	140.079
1	103.178
1	118.85
1	112.222
1	114.415
0	25.0227
1	152.558
1	146.474
1	72.2655
1	141.529
1	167.729
0	37.6516
1	213.243
0	5.00767
1	55.017
1	42.5158
1	118.607
1	67.5089
1	60.3548
1	99.5687
1	87.6666
1	27.3759
1	86.2349
1	78.8649
1	93.4964
1	114.568
0	30.1987
1	105.118
1	190.967
1	63.2116
1	121.353
1	124.16
1	163.395
1	112.911
1	109.333
1	322.265
1	140.149
1	60.5601
0	81.585
1	103.204
1	100.11
1	67.428
1	135.271
1	134.669
1	91.1623
1	178.666
1	319.298
1	48.7668
1	110.172
0	34.4705
1	97.8558
1	101.978
1	85.1854
0	103.426
1	68.002
1	61.9746
1	100.87
1	106.554
1	124.821
1	64.673
1	243.887
0	5.46339
1	147.354
1	70.9842
1	141.139
0	13.3898
1	102.639
1	85.4869
1	108.734
1	17.071
1	177.52
0	92.9731
1	60.5028
1	114.999
1	104.489
1	79.9862
1	48.3934
1	229.097
1	124.047
1	135.99
1	123.303
1	273.301
1	69.1424
1	101.577
0	17.0443
1	120.124
1	171.674
1	105.589
1	138.789
1	133.007
1	96.4496
1	140.6
1	286.106
1	122.582
1	122.325
1	164.992
1	185.793
0	5.41421
1	82.4596
1	134.445
1	145.21
1	277.64
1	139.007
1	127.503
1	83.3135
1	75.0786
1	188.214
1	130.477
1	49.2767
1	72.6905
1	185.5
1	68.787
1	273.333
1	132.896
1	77.3876
1	227.207
1	148.127
1	115.249
1	82.6646
1	67.814
1	226.132
1	176.645
1	194.443
1	93.0979
1	139.748
1	112.069
1	132.353
1	90.1476
0	49.1698
1	119.827
1	148.16
1	65.6615
0	24.0551
1	83.5601
1	27.9356
1	155.686
0	6.23462e-06
1	119.463
1	99.1806
1	53.8558
1	76.6373
0	54.1365
1	103.206
1	75.9654
1	57.3031
0	17.8893
1	72.1174
1	75.655
1	138.875
0	8.88516
0	6.52408e-05
1	232.757
1	144.926
1	34.9582
1	130.166
1	76.8873
1	84.8164
1	77.6812
1	109.685
1	113.706
1	79.3546
1	153.002
1	118.295
1	85.168
1	174.591
1	50.6257
1	123.596
1	75.7924
0	61.2036
1	144.589
1	131.392
1	213.486
1	112.008
1	97.0085
1	107.033
1	203.772
0	90.2009
1	163.853
1	154.579
1	135.622
1	167.218
1	187.636
1	126.964
1	207.172
1	101.696
0	3.16447
1	149.709
0	45.9594
1	111.432
1	96.0861
1	194.903
1	82.9755
1	102.473
1	107.503
0	5.46523
1	156.701
1	105.996
1	45.8355
1	130.76
1	48.7878
1	149.225
1	103.235
1	142.236
1	100.176
1	191.597
1	195.833
1	49.8724
1	55.4208
1	73.9915
1	181.414
1	135.719
1	60.5999
1	139.782
1	90.9547
1	231.853
1	80.7276
1	133.901
1	239.413
1	167.022
1	111.406
1	116.988
1	134.599
1	119.006
1	81.2677
1	69.6175
1	101.659
1	81.7423
1	130.826
1	72.8531
1	115.088
1	40.0833
1	90.6271
1	191.176
1	109.238
1	126.135
1	117.347
1	102.166
1	65.9006
1	124.924
1	65.2778
0	22.4835
1	59.7741
0	0.431457
1	62.4286
0	9.78907
0	111.313
0	19.2635
1	105.042
1	94.2135
1	70.4955
1	120.76
1	184.745
1	104.305
1	176.577
1	149.115
1	124.762
0	0.000101395
1	274.705
1	50.4052
1	95.7435
1	90.5737
1	73.4177
1	130.771
1	99.4126
1	52.4374
0	7.57848e-05
1	135.007
0	49.2469
1	160.966
1	118.105
1	204.244
1	158.441
1	82.0028
1	73.1404
1	110.883
1	35.7102
1	26.1311
1	70.6169
1	77.1986
1	96.2844
1	85.2654
1	85.6409
1	119.942
1	167.616
1	83.2426
0	23.0144
1	155.138
1	154.559
1	142.957
1	188.809
0	2.46247
1	46.3839
1	153.586
1	87.7588
1	185.331
1	210.15
1	47.6567
1	114.133
1	122.037
1	156.764
1	47.793
1	53.3366
1	141.479
0	1.5346
0	47.0946
0	54.5051
1	141.285
1	146.258
1	189.14
1	136.822
1	177.731
1	143.407
1	175.883
1	94.3331
1	267.397
1	119.426
1	226.692
1	38.5725
1	135.061
1	163.489
1	78.2988
1	195.119
1	124.985
1	64.2705
1	68.7936
1	70.5648
1	112.043
1	185.642
1	179.214
1	62.328
1	122.406
1	210.777
1	41.9939
1	106.678
1	182.846
0	35.6295
1	149.19
1	137.842
0	28.3698
1	75.1651
1	50.1737
1	168.711
1	60.224
1	79.1569
1	88.8577
1	129.152
1	101.126
1	74.605
1	192.604
0	34.4921
1	164.256
1	123.32
1	48.4617
1	159.675
1	78.922
1	107.232
1	91.4012
1	123.517
0	5.28908
1	356.47
1	176.597
1	197.266
1	44.8726
1	91.2829
1	127.394
1	71.0167
1	71.2889
1	118.838
0	7.30638e-05
1	60.0704
1	111.689
1	162.216
1	51.9588
1	129.831
1	147.201
1	69.9404
0	32.6543
1	89.4939
1	204.733
1	74.6483
1	89.7713
1	102.703
1	85.2992
1	65.2307
0	20.8798
1	117.721
1	117.988
0	9.71929e-05
1	101.535
1	376.533
1	129.218
1	76.0506
1	32.0182
1	184.278
1	165.177
1	114.42
1	100.745
1	87.1256
1	148.397
1	140.677
1	48.0369
1	164.384
1	128.433
1	110.396
1	186.283
1	133.805
0	3.51758e-05
1	60.4834
1	202.708
1	284.739
1	105.384
1	64.4628
1	56.5785
1	37.6398
1	54.5344
1	144.127
0	23.5625
1	128.212
1	111.055
1	101.951
1	327.225
0	72.8236
1	151.166
1	29.8693
1	83.8965
1	182.43
1	49.4934
1	80.6701
1	135.123
1	126.316
1	37.0729
1	231.209
1	107.545
1	109.818
1	151.444
1	84.706
1	145.589
1	144.844
1	110.926
1	73.6432
1	134.612
1	134.231
1	85.8058
1	158.193
1	81.1363
1	188.936
0	5.3898e-05
1	124.097
1	79.952
1	232.932
1	98.7001
1	125.319
1	307.496
1	47.2188
1	197.403
1	101.54
1	344.84
1	109.798
1	153.114
1	141.845
0	13.5076
1	128.529
1	91.9438
1	200.318
0	1.16542e-05
1	137.896
1	134.034
1	115.723
1	120.815
1	68.2001
1	178.006
1	84.7696
1	135.349
1	127.245
1	158.709
1	132.692
1	107.974
1	137.817
1	75.6159
1	107.048
1	132.373
1	61.3451
1	52.1313
1	89.3098
1	127.397
1	56.7784
1	140.136
1	117.369
0	41.4268
1	83.9604
1	67.667
1	69.9757
1	87.0478
1	167.138
1	139.717
1	41.2327
1	199.052
1	42.4839
1	106.03
0	29.3642
1	51.2774
1	153.147
0	16.8045
1	73.4988
1	77.7206
1	59.6842
1	104.476
0	42.0316
0	59.0586
1	114.843
1	119.627
0	2.02942
1	167.683
1	113.163
1	113.095
1	94.8074
1	129.941
1	123.045
1	185.506
1	102.505
1	94.878
1	120.859
1	54.0108
1	90.9639
1	160.361
1	195.029
1	69.4003
1	198.623
1	71.117
1	60.0859
1	163.886
1	117.117
0	17.68
1	47.2237
1	66.3109
1	128.049
1	109.961
1	123.281
1	86.6747
1	157.505
1	147.054
1	74.8982
1	46.4062
1	167.464
0	29.4705
1	59.6407
1	30.5481
1	200.994
1	132.968
1	89.4274
1	30.6039
1	116.722
1	75.5716
1	191.514
0	61.8272
1	90.2078
1	113.93
1	66.1106
1	127.842
1	121.923
1	228.121
1	44.8313
1	51.3958
1	141.509
1	112.626
1	113.88
1	128.885
1	135.305
1	143.788
1	176.053
1	242.246
1	70.2662
1	104.231
1	115.088
1	63.8418
1	109.539
0	29.5944
1	188.293
1	95.3124
1	106.749
1	51.1336
1	132.12
1	108.06
1	180.983
1	116.81
1	110.874
1	126.238
1	88.1811
1	134.367
1	69.6149
1	211.417
1	184.967
0	24.1328
1	126.113
1	95.8707
1	95.5347
1	132.267
0	222.753
1	147.71
1	26.1941
1	99.4244
1	145.125
1	233.796
1	77.3197
1	123.865
1	110.736
1	153.684
1	77.4981
1	126.79
1	86.0679
1	180.758
0	8.46133
1	111.98
1	130.896
1	165.863
1	96.0422
1	141.478
1	74.7251
0	29.7754
1	85.31
1	164.153
1	37.4503
1	136.183
1	179.936
1	86.8204
1	140.417
1	204.83
1	76.66
1	104.706
0	12.6485
0	12.6689
1	145.788
1	82.1872
1	190.479
1	79.4632
1	82.09
1	111.186
1	106.567
1	81.0995
1	90.8939
1	165.555
1	30.2063
1	80.5744
1	103.36
1	112.605
1	66.1576
0	4.77812
1	87.6015
1	101.095
1	98.0713
1	69.3996
1	77.6743
1	176.805
1	195.128
1	152.001
1	91.0995
1	123.558
1	51.1012
1	187.843
1	78.0584
1	203.758
1	62.8008
1	76.2221
1	129.321
1	87.831
1	202.356
1	132.493
1	98.9735
1	77.3479
0	36.9527
0	20.2397
0	6.47166
1	166.779
1	103.617
1	63.8961
1	174.161
1	107.734
1	104.18
1	157.097
1	185.918
1	112.618
0	5.97615e-05
0	2.40501
1	97.9139
1	202.901
1	158.707
1	60.8614
1	71.8072
1	104.852
1	132.666
1	177.432
1	121.965
0	28.1922
0	73.384
0	7.00605
1	119.269
1	78.713
1	77.6757
1	178.604
1	94.2252
1	88.0123
1	37.8882
1	123.962
1	83.6247
1	160.137
1	69.1651
0	8.18348e-05
1	261.136
0	12.0977
1	100.549
1	129.477
1	168.009
1	69.7539
1	132.583
1	50.4806
1	44.5239
0	11.442
1	100.662
1	94.5198
1	80.2295
1	144.431
1	114.15
1	62.3763
0	18.0117
1	134.508
1	101.836
1	365.185
1	136.758
0	101.72
1	116.84
1	186.102
1	226.521
1	97.86
0	21.4601
1	74.9631
1	118.624
1	93.5286
0	14.7748
1	183.576
1	89.1905
1	126.282
1	191.948
1	116.354
1	34.0849
1	355.648
1	105.446
1	49.3677
1	88.22
1	119.504
1	62.5268
1	104.321
1	68.2576
0	0.000147304
0	23.5911
1	167.853
1	100.627
1	177.761
1	159.148
1	88.8478
1	86.4099
1	115.484
1	59.6195
1	74.9864
1	112.368
1	74.8469
1	128.763
1	97.3839
1	113.943
0	225.486
1	113.051
1	101.066
0	4.0757
1	124.392
1	196.102
1	143.068
1	50.1355
1	107.945
0	0.0178062
1	146.639
1	70.5877
1	101.058
0	16.4013
1	112.612
1	203.124
1	155.543
0	2.88223
1	103.637
1	86.3065
0	21.8942
1	145.105
1	166.778
1	200.724
1	55.1691
1	58.4303
1	110.356
1	155.786
0	17.5686
1	122.933
1	51.5652
1	54.0384
1	109.786
1	109.981
1	76.5561
1	90.9027
1	70.7201
0	70.922
1	59.5848
1	101.118
1	163.799
1	169.32
1	150.89
1	120.746
1	91.9871
1	161.957
1	60.1274
1	85.6397
1	153.365
1	141.465
0	2.61858
0	14.4851
1	100.209
1	62.464
1	63.2385
1	93.2787
1	123.944
1	171.673
1	78.0988
1	89.0087
1	69.8297
1	138.747
1	125.162
1	189.341
1	63.777
1	45.5191
1	89.1926
1	44.619
1	110.274
1	82.5243
1	59.7521
1	89.5138
1	158.684
1	261.286
1	117.434
1	177.903
1	108.185
1	88.0753
1	63.8375
1	55.6021
1	200.248
1	103.088
1	55.3528
1	169.856
1	128.241
1	85.7138
0	26.7775
1	72.3714
1	140.504
1	104.481
1	70.0918
1	220.802
1	79.6785
1	192.054
1	146.486
1	107.886
1	131.653
1	357.692
1	100.127
1	266.17
0	23.3338
1	103.805
1	149.977
0	64.6624
1	97.5455
1	45.3598
1	159.937
1	62.4371
1	73.388
1	77.8096
1	154.341
1	149.257
1	202.449
1	89.3063
0	14.9402
1	49.4003
1	214.087
1	85.5677
0	2.24313
1	50.4784
1	75.7296
1	78.7391
1	116.986
0	66.5145
1	102.057
1	103.18
1	124.928
1	125.76
1	139.924
1	178.673
1	219.281
1	81.1648
1	222.578
1	98.426
1	174.935
1	132.467
1	87.43
1	90.7925
1	188.521
1	61.4525
1	367.878
1	174.554
1	142.893
1	100.379
1	96.5125
1	209.271
1	125.009
1	153.681
1	242.278
1	69.101
1	119.08
1	106.597
1	72.8696
1	79.8431
1	214.256
1	68.7069
0	2.58722e-05
1	103.136
1	119.457
1	68.7948
1	178.271
1	109.689
1	97.6176
1	61.6616
0	24.6374
1	180.897
1	160.387
1	248.32
1	101.156
1	99.4193
0	49.9184
1	110.29
1	192.494
1	45.3477
1	124.546
1	151.598
1	41.5878
1	301.164
1	128.894
1	138.269
1	135.962
1	125.186
0	26.2011
1	164.272
1	122.167
1	88.3611
1	194.303
1	158.628
1	131.465
1	60.6636
1	188.24
1	101.677
1	56.2433
1	136.39
1	157.695
0	4.76109e-06
1	67.9496
1	102.274
1	144.227
1	106.218
0	4.43264
1	110.37
1	171.79
1	63.0758
1	64.4769
1	59.4311
1	74.1944
1	103.46
1	94.4549
1	211.197
1	163.996
1	144.144
1	76.1806
1	68.9028
1	56.0249
1	114.466
1	153.606
1	117.364
1	156.691
1	114.967
1	162.123
1	28.4612
1	107.491
1	50.3553
1	97.0871
1	66.1
0	1.64806
1	81.7313
1	98.5308
1	69.9288
1	66.3661
1	113.662
1	152.107
1	98.1648
1	81.8119
1	103.561
1	92.1015
1	92.1201
1	128.617
1	139.135
1	128.081
1	172.929
1	179.811
1	49.4185
1	108.926
1	59.1835
1	86.377
1	194.708
1	130.713
1	117.668
1	67.1612
1	131.435
0	40.1177
1	176.088
1	77.0935
1	162.267
1	231.808
0	5.63103
1	97.5926
1	145.67
1	222.6
1	225.379
1	68.0425
1	46.4986
1	119.434
1	75.4737
1	205.251
1	83.6828
1	147.948
1	68.8966
1	86.4755
0	41.3704
1	125.514
1	107.829
1	100.824
1	67.5632
1	230.199
1	73.6949
1	118.405
1	97.0951
1	67.3662
1	73.1455
1	176.131
1	123.919
1	179.102
1	95.8223
1	157.366
0	19.3709
1	56.541
1	45.8291
1	154.206
0	68.6546
1	127.186
1	78.2031
1	145.288
1	138.046
1	128.937
1	193.828
1	99.5932
1	113.931
0	1.43318e-05
1	129.505
1	185.619
1	136.692
1	58.4837
1	154.098
1	145.96
1	52.0895
1	156.156
1	144.56
1	111.607
1	161.746
0	16.7743
1	160.541
1	140.99
1	110.643
1	102.338
1	110.386
0	44.5034
1	124.304
1	90.8669
1	185.662
1	111.171
1	61.8808
1	54.3075
1	165.13
1	166.202
1	71.171
1	115.686
1	47.7765
0	11.1124
1	149.199
1	69.6715
1	95.8417
1	111.023
1	83.5918
0	6.57411
1	82.7667
1	36.9503
1	138.403
1	87.1645
0	45.392
1	85.8598
1	166.231
1	113.436
1	125.385
1	86.0557
1	54.7071
0	35.9084
1	180.103
0	15.3546
1	63.4057
1	207.442
1	44.347
1	48.1814
1	143.747
1	85.5435
1	73.7605
1	82.5893
1	65.2015
1	109.815
1	119.401
1	138.505
1	87.2458
1	103.839
1	53.1498
1	84.9746
1	68.567
1	266.654
1	90.5492
1	136.177
1	186.388
0	38.7954
1	130.695
0	30.221
1	143.991
1	138.574
1	134.15
1	149.919
1	102.169
1	85.914
1	67.2408
1	78.6365
1	134.295
1	87.2063
1	85.4066
1	54.6306
1	124.83
1	51.5369
1	91.0641
1	218.922
1	116.406
1	38.2381
1	103.398
1	172.458
1	231.122
1	136.582
1	92.9166
1	96.2506
1	84.7597
1	67.5012
1	103.533
1	74.7649
1	98.4444
1	135.477
1	209.001
1	61.4783
1	97.572
1	87.1814
1	86.2043
1	167.064
1	154.34
1	45.9212
1	329.695
1	157.095
1	38.7469
1	75.1036
1	173.513
1	127.125
1	180.104
0	1.83334
1	56.4235
1	77.5228
1	211.656
1	126.637
1	219.638
1	78.0644
1	186.902
1	173.224
0	51.7289
1	204.321
1	106.375
1	123.413
1	175.028
1	50.2842
0	75.777
1	134.609
1	90.4333
1	44.4483
1	119.897
1	187.345
1	49.6919
1	104.305
1	108.29
1	29.8668
1	104.072
1	288.412
1	175.497
1	84.9
1	110.461
1	161.183
1	96.9722
1	160.908
0	6.81358
1	101.665
1	128.35
1	61.4839
1	52.8514
1	91.3168
1	119.584
1	103.045
1	113.66
1	48.4053
1	79.097
1	72.7925
1	70.4301
1	92.0022
1	100.334
1	75.603
1	50.0885
1	52.257
1	162.69
0	2.6216
1	97.737
1	54.6243
1	44.0945
1	192.663
1	175.899
1	181.298
1	194.575
1	102.667
1	102.972
1	82.723
1	90.7194
1	103.422
1	72.5779
1	187.707
1	68.102
1	205.295
1	70.6917
1	50.849
1	145.192
1	172.531
1	84.4443
1	141.441
1	160.616
1	99.3355
0	9.5207e-05
1	79.2417
1	218.646
1	60.5388
1	76.9102
1	198.648
1	61.8213
1	89.5062
1	75.6625
1	99.9766
1	83.6099
1	73.8526
1	81.7861
1	102.278
0	2.60107e-05
1	234.338
1	76.5415
1	93.4951
1	136.303
1	162.021
1	79.226
1	118.769
1	163.693
1	101.844
1	59.4844
1	162.383
1	96.3832
1	169.687
1	84.8487
1	197.046
1	79.2008
1	66.1055
1	152.461
0	143.16
1	39.0818
0	65.8615
0	19.8784
1	159.231
0	82.4582
1	141.96
1	172.635
1	153.642
0	45.151
1	60.5212
1	94.6629
1	85.5771
1	208.755
1	215.957
1	105.995
1	228.008
1	79.8666
1	293.038
1	147.317
1	146.666
1	120.73
1	197.857
1	141.752
0	219.694
1	27.9094
1	85.8939
1	152.992
1	124.915
1	149.115
0	53.6941
1	107.957
1	151.194
1	58.6565
1	49.4393
0	44.9305
1	194.085
0	17.5952
1	75.6513
1	122.24
1	145.897
1	95.3473
1	315.401
1	92.9396
1	128.511
0	0.000114513
1	168.959
1	135.329
1	109.114
1	163.214
1	83.2462
1	145.52
1	131.211
1	274.997
1	81.6435
1	104.508
1	118.258
1	122.519
1	63.6828
1	104.826
1	189.659
1	54.5693
1	177.59
1	151.472
1	151.651
1	125.746
1	78.6283
1	113.591
1	97.3386
1	30.1947
1	139.461
1	85.5973
1	84.4337
1	40.3253
1	53.7344
1	192.773
1	53.9007
1	91.5455
1	50.53
0	8.03138
0	18.507
1	99.8111
1	99.6292
1	204.689
1	83.9575
0	11.3081
1	246.386
1	217.211
1	122.118
1	114.292
1	61.7762
1	114.013
1	183.216
1	150.945
1	153.499
1	106.613
1	67.1024
0	66.2145
1	75.1576
1	134.345
1	112.909
1	77.1838
1	78.7372
1	57.4637
1	127.876
1	80.5431
1	68.2303
1	79.7829
1	86.9971
1	133.824
1	106.4
1	227.547
0	12.4736
1	216.702
1	73.445
1	259.632
1	81.9836
1	199.814
0	15.6634
1	74.9914
1	134.319
1	108.541
1	125.943
1	137.612
1	182.168
1	130.812
1	173.99
1	79.6067
1	116.67
1	140.17
1	54.6031
1	65.2438
0	4.40485
1	92.3108
0	124.481
1	222.443
1	92.4804
1	145.343
1	125.066
1	56.5997
0	19.3304
1	188.045
1	66.2504
1	127.441
0	25.9589
1	103.734
0	2.97334
1	98.8349
1	110.875
1	332.301
1	56.4907
1	237.61
1	29.6514
1	219.015
1	64.9642
1	55.8747
1	68.0488
1	64.6067
1	242.302
1	121.955
1	114.021
1	70.0418
1	46.2125
1	110.722
1	57.481
1	123.645
0	17.3956
1	94.7571
1	133.279
1	91.5705
1	78.7677
0	49.2028
1	72.6169
1	69.689
1	148.443
1	117.278
1	122.638
1	127.999
1	235.243
1	72.083
1	155.323
1	42.753
1	120.444
1	103.185
1	63.3066
1	84.8274
1	95.0693
1	93.3738
1	94.8661
1	134.44
1	119.332
1	91.6319
1	103.943
0	33.3431
1	88.4932
1	56.286
0	76.9462
0	9.50977
1	181.549
1	130.085
1	85.1512
1	127.962
1	136.932
1	130.773
1	148.734
1	169.558
1	104.09
1	137.607
1	93.7138
1	90.3666
0	31.6433
1	198.468
1	52.391
1	126.997
1	181.572
1	251.981
0	32.5254
1	98.8051
1	300.287
1	86.992
1	79.4739
1	183.012
1	58.7351
1	99.1417
1	99.6476
1	235.61
1	147.553
1	77.9916
1	44.5812
1	66.1707
1	114.877
1	109.589
1	213.622
1	78.2153
1	81.7102
0	68.4803
1	54.8058
1	74.7387
1	112.13
1	183.159
1	134.369
1	87.536
1	181.735
1	112.071
1	96.029
1	102.537
1	178.491
1	42.5659
1	73.7101
1	154.529
1	184.133
0	2.71122
1	72.9966
1	137.539
1	137.26
1	86.5134
1	167.668
1	67.6498
1	315.342
1	103.413
1	136.932
1	91.5772
1	72.5835
1	78.9972
1	60.0588
1	229.754
1	88.1467
1	126.071
1	135.746
1	55.0678
1	145.659
1	109.197
1	94.6903
1	162.922
1	120.695
1	176.045
1	254.282
0	5.11588e-05
1	121.84
0	2.04572e-05
1	138.059
1	200.424
0	77.5067
1	181.362
1	140.063
0	11.0315
1	79.2086
1	57.1943
1	117.357
1	110.089
0	0.000126437
1	94.7718
0	3.24858
1	138.028
1	64.1655
1	98.8276
1	95.2589
1	177.062
1	174.148
1	158.641
1	75.2485
1	191.124
1	218.81
1	114.78
1	139.94
1	58.5799
1	68.962
1	106.479
0	17.7063
1	76.8313
1	144.757
0	8.9919
1	112.44
1	157.533
1	48.8961
1	70.1859
1	128.612
1	140.95
1	67.9517
1	236.377
1	95.8143
1	120.016
1	53.6738
1	144.748
1	155.668
1	170.931
1	172.648
1	93.9046
1	113.133
1	131.856
1	123.909
1	124.723
1	92.8762
1	41.6832
1	88.5409
1	112.158
1	144.369
1	89.9946
1	112.626
0	76.4831
1	113.467
1	157.828
1	68.6358
1	41.4729
1	152.264
1	178.274
1	202.765
1	104.821
1	82.3671
1	139.776
1	102.51
1	81.5902
1	259.851
1	75.9058
1	185.234
1	148.847
1	57.6645
1	49.5868
1	101.945
1	136.481
1	81.2049
0	69.1405
1	155.497
1	107.877
1	104.222
1	87.0104
1	108.11
1	82.4472
1	162.601
1	89.4226
1	163.971
1	194.295
1	75.7058
1	185.218
1	82.6575
1	112.003
1	110.312
1	223.017
1	56.6932
1	72.0375
1	109.47
1	147.911
1	75.5589
1	116.639
1	113.598
1	125.991
1	56.3831
1	83.4825
1	172.406
1	197.594
1	115.421
0	14.0934
0	41.8
1	147.558
1	74.3886
1	110.158
1	150.876
1	156.754
1	69.9119
0	102.951
1	99.2433
1	101.439
1	251.214
1	154.368
0	41.6251
1	76.4257
0	10.2635
1	153.999
1	186.701
1	39.9501
1	157.053
1	116.171
1	124.442
0	66.4891
1	50.3862
1	135.815
0	47.2158
0	83.5737
1	60.7092
1	99.7125
1	63.0357
0	8.50698e-05
1	48.495
1	145.001
1	184.004
0	21.0183
0	20.3172
1	221.691
1	87.1729
0	18.8779
1	49.2638
1	144.964
1	59.1097
1	117.772
1	159.228
1	34.3483
1	158.056
1	90.1317
1	56.2276
1	79.693
1	81.0789
1	305.838
1	89.4474
1	117.819
1	108.67
1	151.318
1	82.7391
1	94.9443
1	94.5075
1	50.7074
1	106.751
1	132.47
1	163.54
1	99.6602
1	233.925
1	189.862
1	105.291
1	111.237
1	83.1362
1	159.902
1	104.877
1	185.463
1	149.41
0	59.6012
0	71.1142
1	114.095
1	68.9912
1	148.762
1	101.799
0	45.0624
1	84.5778
1	64.7414
1	168.01
1	188.809
1	125.571
1	45.4636
0	11.5305
0	57.3246
1	200.05
1	138.333
1	94.2126
0	3.08918
1	219.769
1	79.4052
1	115.117
1	61.7168
1	142.694
0	12.65
1	189.368
1	123.189
1	84.9864
1	94.916
1	52.3911
1	153.176
1	118.576
1	88.5746
1	165.925
0	4.41294
1	71.8543
1	91.1177
1	110.348
1	109.298
1	141.504
1	162.683
1	201.965
1	142.936
1	171.683
1	139.52
0	73.873
1	107.995
1	71.8366
1	127.463
0	1.35535e-05
1	154.841
1	190.656
1	147.93
1	252.647
1	90.0926
1	74.4877
1	186.645
1	101.598
1	237.605
1	51.8526
1	81.7041
0	13.7601
1	103.959
0	77.1747
1	79.5095
1	221.52
1	56.427
1	46.3966
1	187.82
1	188.871
1	158.407
1	86.7407
1	162.377
1	128.396
1	68.2607
1	50.5109
1	67.9478
1	127.923
1	98.1552
0	0.0241382
1	129.251
1	92.8788
1	209.207
1	95.4498
1	82.6195
1	117.108
1	136.839
1	115.096
1	137.069
1	133.239
1	126.27
1	93.2828
1	84.0979
0	27.8159
0	9.23538
0	20.6958
1	158.974
1	124.17
1	101.588
1	126.626
1	65.7665
1	161.491
1	72.8951
1	105.578
1	107.176
1	129.63
1	124.254
1	232.688
1	113.848
1	78.9069
1	87.7119
0	73.3634
1	94.6698
0	18.8258
1	117.753
0	37.7737
1	122.252
1	122.889
0	14.7216
1	62.0012
1	40.4086
1	157.681
1	33.6313
1	111.398
1	198.095
1	64.7313
1	101.509
1	144.928
0	30.1117
1	115.246
1	121.366
1	193.063
1	62.3811
1	118.675
1	78.5393
1	107.419
1	109.941
1	75.4547
1	187.542
1	100.157
1	93.2004
1	101.574
0	2.92071e-06
1	156.638
1	96.0135
0	15.5664
1	160.857
1	102.18
1	87.1003
1	47.8044
1	218.564
1	90.2339
1	75.5604
1	195.667
1	86.184
1	132.349
1	119.937
1	121.59
1	119.615
1	207.955
1	158.717
1	46.7751
1	112.789
1	99.248
0	12.8133
1	71.0611
1	92.5006
1	95.8507
