10000	10	9900	0.00208333
0.025641	0.0256152	47997.4	0.459207	1
0	268.761
0	724.782
0	94.0886
0	9.83135
0	66.2574
0	127.343
0	16.739
0	29.1701
0	0.327272
0	4.46166
0	50.9002
0	1.88795
0	0.467238
0	7.28212
0	352.431
0	0.863451
0	58.5886
0	534.339
0	22.9702
0	170.492
0	7.6832
0	151.771
0	27.2495
0	7.89683
0	16.4478
0	61.9739
0	224.554
0	15.8501
0	33.5439
0	14.0626
0	603.952
0	10.4282
0	248.167
0	21.8257
0	8.84273
0	13.8619
0	38.745
0	35.4294
0	16.871
0	2.84274
0	53.991
0	282.901
0	30.3287
0	77.1133
0	5.45999
0	14.0999
0	10.0326
0	329.044
0	312.594
0	127.627
0	8.35729
0	4.45855
0	9.93064
1	2255.37
0	67.1679
0	9.05381
0	5.07737
0	35.4431
0	39.2677
0	153.138
0	65.4296
0	5.03303
0	43.1985
0	17.476
0	18.5867
0	4.50751
0	501.395
0	326.023
0	208.953
0	20.4995
0	25.5573
0	11.0787
0	74.6845
0	346.575
0	21.2505
0	78.4179
0	8.27121
0	6.44136
0	17.4317
0	45.7083
0	39.4413
0	1.73976
0	162.57
0	3.00499
0	0.320285
0	8.14456
0	184.566
0	29.3282
0	19.7647
0	24.2515
0	30.1747
0	57.2817
0	16.1797
0	38.6263
0	20.0874
0	18.3374
1	2048.6
0	32.0741
0	105.383
0	235.492
0	7.15443
0	41.9468
0	8.4604
0	442.963
0	24.2449
0	7.49127
0	554.46
0	37.0792
0	2675.17
0	99.5302
0	0.661545
0	1.68152
0	150.469
0	34.7527
0	33.2577
0	1313.7
0	25.0854
0	952.019
0	13.2778
0	19.2788
0	198.512
0	173.646
0	2856.23
0	13.422
0	14.8534
0	157.64
0	18.0551
0	97.1179
0	199.407
0	46.2211
0	0.712054
0	4.18019
0	135.057
0	18.4002
0	8.04186
0	79.863
0	7.52226
0	2.00954
0	28.5199
0	11.8725
0	282.032
0	23.4502
0	108.422
0	28.4811
0	132.508
0	2.8723
0	27.7433
0	6.29001
0	86.22
0	20.1435
0	18.8289
0	8.37552
0	32.1299
0	49.6191
0	8.21853
0	22.542
0	10.6554
0	422.653
0	13.9246
0	8.09145
0	51.6763
0	3.50376
0	82.7531
0	102.611
0	11.1561
0	418.441
0	658.019
0	112.836
0	13.9264
0	13.1403
0	141.964
0	4.17045
0	51.087
0	0.585584
0	47.8073
0	177.826
0	20.5995
0	95.806
0	896.657
0	30.4807
0	16.3338
0	18.5408
0	73.459
0	375.445
0	1.26792
0	48.7328
0	165.051
0	7.8331
0	42.3806
0	9.96087
0	120.745
0	26.9952
0	0.426585
0	33.5623
0	394.041
0	29.5251
0	5.33311
0	70.1742
0	48.2254
0	45.3625
0	31.951
0	225.165
0	539.917
0	46.9223
0	11.1082
0	326.054
0	413.485
0	28.6435
0	95.3704
0	60.8452
0	98.7136
0	2.86696
0	28.8134
0	44.5721
0	667.018
0	15.0983
0	16.4797
0	68.6231
0	33.1902
0	22.3883
0	2.43425
0	10.9876
0	23.3359
0	64.4017
0	1.34323
0	40.637
0	24.7538
0	15.3317
0	11.1382
0	1.19649
0	79.672
0	82.9069
0	21.6484
0	14.322
0	344.389
0	7.20649
0	122.121
0	63.1548
0	92.2103
0	55.1494
0	2.97768
0	209.04
0	299.634
0	9.59435
0	152.973
0	82.9003
0	111.299
0	6.94287
0	85.2813
0	40.9213
0	154.337
0	16.5288
0	20.1978
0	115.213
0	48.0927
0	12.8488
0	9.98615
0	16.2466
0	66.1429
0	1.78462
0	360.441
0	31.6736
0	6.8738
0	47.7866
0	25.3952
0	1098.66
0	3342.06
0	11.235
0	47.4182
0	80.2808
0	1168.43
0	2.61159
0	226.75
0	17.5073
0	59.6296
0	51.3761
0	48.1564
0	85.1401
0	2.41003
0	5734.57
0	2.48601
0	3.70605
0	23.9068
1	1769.32
0	27.7416
0	39.7591
0	29.0392
0	176.007
0	109.025
0	75.5182
0	46.665
0	5.85786
0	32.9725
0	44.231
0	50.2956
0	1415.08
0	5.19654
0	11.4539
0	4.90322
0	17.2278
0	72.4435
0	10.1676
0	19.5655
0	885.544
0	9.13357
0	140.847
0	138.186
0	3.08839
0	1156.58
0	33.2108
0	37.7913
0	47.2179
0	17.0642
0	14.5029
0	52.2773
0	4.55225
0	29.2049
0	144.896
0	763.28
0	14.9947
0	154.1
0	260.036
0	610.396
0	18.6463
0	46.6665
0	31.2105
0	525.24
0	826.662
1	1357.6
0	12.4233
0	17.0432
0	110.367
0	22.0987
0	4.26873
0	22.6146
0	7.92168
0	481.299
0	524.613
0	0.968816
0	210.926
0	150.755
0	699.213
0	27.0214
0	141.669
0	41.1856
0	814.243
0	45.5373
0	254.37
0	36.0425
0	7.64871
0	96.044
0	175.138
0	9.44193
0	8.01019
0	133.065
0	359.575
0	2.12164
0	220.086
0	10.2496
0	61.7332
0	9.51971
0	56.6125
0	33.1527
0	433.262
0	8.63329
0	25.0155
0	60.7945
0	2.44457
0	3.59963
0	18.3956
0	325.185
0	10.6292
0	221.505
0	138.823
0	223.664
0	53.7202
0	293.373
0	7.79714
0	82.087
0	37.5139
0	20.8068
0	67.7165
0	16.7512
0	37.8856
0	6.46068
0	27.0306
0	6.10866
0	73.6659
0	471.53
0	19.8497
0	11.7085
0	29.1392
0	37.3088
0	210.992
0	95.4557
0	65.0084
0	77.6658
0	395.426
0	1810.49
0	95.994
0	19.1988
0	30.2229
0	28.7805
0	286.49
0	95.4905
0	27.0687
0	273.663
0	6.54671
0	13.1116
0	2.10841
0	12.8885
0	10.2387
0	4.48574
0	80.7672
0	17.2052
0	84.524
0	167.679
0	201.503
0	165.081
0	0.870033
0	0.0444429
0	72.9165
0	56.6034
0	11.0274
0	46.6465
0	29.8951
0	64.8531
0	86.6106
0	186.672
0	1147.02
0	47.5465
0	312.634
0	53.0144
0	27.19
0	28.3053
0	0.724792
0	5.24747
0	15.4419
0	4.65927
0	43.1312
0	56.6345
0	163.333
0	1082.2
0	192.866
0	57.0837
0	3.17458
0	74.1322
0	78.493
0	52.7573
0	37.2609
0	27.8804
0	138.863
0	295.958
0	91.1963
0	88.795
0	202.711
0	702.926
0	0.774478
0	62.8181
0	19.2289
0	249.112
0	8.81402
0	84.0244
0	146.826
0	8.92909
0	11.6928
0	3.71004
0	0.80433
0	20.0861
0	28.7077
0	18.357
0	42.4898
0	14.1151
0	6.28537
0	110.085
0	9.66416
0	80.3905
0	16.3993
0	126.807
0	91.9995
0	16.3397
0	1277.3
0	104.189
0	33.8984
0	1.15471
0	474.586
0	62.8473
0	4.91876
0	51.5873
0	1068.17
0	10.784
0	36.7603
0	2.49595
0	536.08
0	58.3679
0	29.3522
0	4.41338
0	81.5302
0	6.16219
0	5.6352
0	138.835
0	18.9931
0	80.6211
0	66.2012
0	178.693
0	23.2179
0	23.2495
0	84.6986
0	18.0407
0	22.4247
0	9.08821
0	29.0653
0	8.72172
0	62.5381
0	44.3672
0	5.47154
0	8.29311
0	32.387
0	25.7027
0	8.50102
0	66.7179
0	22.0766
0	82.3855
0	54.7836
0	722.946
0	19.9542
0	323.213
0	81.9497
0	5.62229
0	22.2096
0	15.7521
0	114.824
0	1164.43
0	518.979
0	47.1332
0	277.242
0	11.5573
0	36.9322
0	10.0048
0	345.41
0	24.2592
0	27.2883
0	17.5684
0	1.79845
0	14.8344
0	9.5809
0	933.735
0	10.9403
0	54.1294
0	30.7354
0	36.1539
0	22.7463
0	21.8803
0	28.9883
0	76.582
0	153.255
0	13.8
0	0.902388
0	4.26844
0	1.74235
0	53.0402
0	323.89
0	17.8075
0	1.14907
0	5.00085
0	220.656
0	154.107
0	1018.65
0	30.4565
0	85.5993
0	7.4214
0	181.735
0	48.6509
0	52.6389
0	85.6142
0	33.8205
1	2481.28
0	0.932514
0	3.07229
0	0.932198
0	67.31
0	355.61
0	3.09539
0	68.778
0	109.776
0	6.76552
0	741.654
0	167.608
0	10.7873
0	14.8218
0	128.78
0	146.376
0	14.9175
0	7.22969
0	19.1221
0	286.384
0	14.5188
0	125.56
0	1.16026
0	143.41
0	35.2148
0	15.521
0	10.0539
0	3.82527
0	491.927
0	67.028
0	1650.14
0	10.2867
0	0.671415
0	34.8988
0	2.13508
0	631.06
0	18.4499
0	61.8822
0	49.4964
0	8.2685
0	163.177
0	57.2217
0	46.7743
0	16.0952
0	210.987
0	0.82304
0	8.57129
0	72.0788
0	92.6362
0	11.5797
0	133.12
0	37.9445
0	161.157
0	376.929
0	6.2782
0	0.190581
0	1429.42
0	5.12764
0	12.5142
0	3.24428
0	600.6
0	79.3579
0	618.431
0	1572.92
0	561.01
0	39.3564
0	365.776
0	590.433
0	3.12825
0	185.371
0	179.2
0	79.2831
0	27.9484
0	404.89
0	78.9789
0	459.77
0	2.57039
0	3.74286
0	5.36926
0	4.77231
0	208.318
0	14.174
0	43.1954
0	168.727
0	19.2185
0	1220.47
0	545.271
0	22.719
0	32.7757
0	122.874
0	6.70746
0	23.6716
0	50.7624
0	254.002
0	60.2752
0	15.986
0	19.8522
0	1.34001
0	3.74873
0	69.6962
0	148.346
0	14.3895
0	135.184
0	75.8733
0	285.195
0	114.255
0	15.8512
0	319.035
0	50.6272
0	265.228
0	47.4877
0	11.7413
0	6.81431
0	95.7127
0	171.51
0	15.1001
0	5.33312
0	49.5191
0	2.72689
0	2.92917
0	72.881
0	7.00808
0	67.7797
0	1.92975
0	232.293
0	395.296
0	656.775
0	123.557
0	234.194
0	19.1446
0	66.0685
0	11.0449
0	0.363593
0	0.30988
0	20.1668
0	6.19177
0	1.65426
0	5.46601
0	50.0811
0	35.9799
0	46.0253
0	8.64547
0	2.27846
0	97.7559
0	70.0361
0	103.323
0	383.889
0	8.45439
0	34.452
0	22.1859
0	58.2809
0	85.9194
0	49.8811
0	71.636
0	94.7207
0	36.7998
0	145.151
0	1.00337
0	69.9629
0	32.8853
0	75.5996
0	65.8465
1	837.445
0	85.3049
0	39.7937
0	24.6798
0	1554.14
0	392.667
0	915.783
0	139.903
0	66.304
0	23.1297
0	153.14
0	132.453
0	75.3401
0	75.3273
0	126.553
0	4.99914
0	16.5109
0	358.592
0	66.7147
0	189.511
0	9.92614
0	17.7403
0	77.2779
0	6.90092
0	41.9667
0	231.195
0	21.613
0	19.0142
0	62.1439
0	91.6512
0	65.2069
0	0.725835
0	36.0291
0	10.1879
0	72.6545
0	18.984
0	20.7082
0	10.4882
0	15.2059
0	437.504
0	77.0412
0	33.1512
0	85.5285
0	6.20819
0	100.471
0	37.2892
0	1.26298
0	5.26994
0	4.29716
0	46.726
0	2.49018
0	36.252
0	209.571
0	78.7331
0	2.57921
0	1.69663
0	57.7305
0	385.621
0	505.377
0	109.611
0	3.65732
0	43.6857
1	3243.66
0	36.9069
0	1.71786
0	54.1104
0	19.1667
0	350.958
0	16.1276
0	116.908
0	19.8875
0	539.109
0	39.6548
0	5.54381
0	27.725
1	782.699
0	4.36848
0	17.3546
0	28.7294
0	366.094
0	3.12726
0	577.15
0	9.03782
0	66.8318
0	299.137
0	3.25666
0	296.705
0	47.3457
0	49.9063
0	111.684
0	34.7858
0	4.11729
0	189.952
0	1.6916
0	47.3585
0	63.4906
0	9.61703
0	5.31555
0	86.6022
0	17.8385
1	2190.57
0	11.1444
0	16.302
0	16.9811
1	2552.17
0	4.72084
0	40.2166
0	20.2569
0	0.324759
0	20.5642
0	46.0566
0	49.4001
0	40.484
0	59.5556
0	630.943
0	17.5313
0	77.734
0	35.517
0	91.4794
0	127.896
0	40.8937
0	4.69232
0	21.1836
0	1477.15
0	110.743
0	299.13
0	33.1231
0	119.945
0	5.04288
0	6.96693
0	191.373
0	197.273
0	36.4323
0	9.57761
0	134.662
0	282.383
0	32.3752
0	48.8612
0	11.9658
0	8.827
0	177.516
0	5.31967
0	24.8866
1	2273.32
0	49.7955
0	30.2283
0	225.287
0	12.708
0	125.252
0	9.09624
0	21.8909
0	166.441
0	14.7998
0	26.2994
0	69.2999
0	14.6069
0	1178.52
0	107.611
0	3.70376
0	58.9851
0	66.4053
0	35.6592
0	22.7498
0	176.557
0	15.964
0	0.99342
0	67.3694
0	91.3833
0	58.6654
0	92.7038
0	6.17207
0	498.454
0	683.178
0	7.93633
0	41.9069
0	15.9969
0	3719.7
0	677.278
0	9.05341
0	65.365
0	212.828
0	36.4356
0	7.85924
0	3.63156
0	3.45078
0	194.98
0	225.63
0	8.61035
0	45.4738
0	35.5954
0	35.1617
0	31.6263
0	31.8027
0	31.6676
0	3.25458
0	6.79705
0	126.284
0	10.5534
0	90.2618
0	20.8986
0	3.43616
0	4.0758
0	252.199
0	305.556
0	13.2244
0	125.805
0	5.78464
0	20.8963
0	160.352
0	36.7837
0	252.697
0	98.4747
0	1.02945
0	10.4176
0	0.745392
0	116.049
0	15.5165
0	58.3975
0	86.2565
0	195.781
0	329.256
0	216.123
0	124.866
0	123.111
0	33.3981
0	12.7646
0	165.787
0	5.88199
0	45.0254
0	78.3124
0	15.4954
0	178.643
0	29.0919
0	69.5926
0	5.95505
0	8.9962
0	36.402
0	29.121
0	44.7556
0	677.579
0	38.2257
0	72.2377
0	6.099
0	16.8629
0	3.8881
0	68.2543
0	67.5203
0	83.3614
0	28.8992
0	29.1987
0	21.5113
0	18.4048
0	28.9971
0	55.0977
0	537.402
0	2.64746
0	398.555
0	131.26
0	137.202
0	67.2844
0	44.4422
0	255.357
0	5.45509
0	107.874
0	49.0462
0	27.4243
0	88.6936
0	18.0236
0	13.9705
0	7.35923
0	19.6138
0	14.1805
0	81.9061
0	95.5832
0	176.747
0	194.863
1	1357.73
0	29.1708
0	120.537
0	70.8288
0	35.1248
0	0.399025
0	44.4503
0	67.6218
0	24.4824
0	129.145
0	360.211
0	31.812
0	2677.58
0	39.719
0	201.204
0	26.6538
0	53.1082
0	4.19839
0	323.554
0	3.09635
0	61.0282
0	6.79468
0	54.8431
0	4.63274
0	274.846
0	592.831
0	71.9456
0	78.2945
0	88.4414
0	102.51
0	0.141385
0	370.613
0	10.7187
0	74.3935
1	1229.44
0	74.4827
0	61.6656
0	26.1722
0	146.401
0	657.331
0	30.8852
0	157.576
0	82.0337
0	31.2696
0	18.4264
0	709.786
0	33.4663
0	145.348
0	4.16307
0	123.491
0	461.399
0	11.9502
0	0.0957112
0	209.933
0	200.893
0	63.1622
0	41.0464
0	40.1071
0	40.4363
0	383.604
0	278.436
0	3.72474
0	12.5284
0	12.694
0	10.0891
0	82.8451
0	29.3637
0	30.4098
0	86.7282
0	18.5087
0	1.82492
0	38.727
0	124.659
0	30.2737
0	22.9778
0	0.0953431
0	86.631
0	119.169
0	133.908
0	27.7971
0	41.738
0	0.167689
0	9.17354
0	40.9108
0	303.09
0	31.1499
0	0.811541
0	2.05667
0	4.21397
0	75.1391
0	59.1082
0	0.756306
0	5.54781
0	5.72368
0	23.8946
0	27.5412
0	32.4371
0	4.9872
0	104.885
0	27.6051
0	15.7829
0	88.347
0	501.064
0	2.43918
0	44.1188
0	258.386
0	27.5065
0	9.44425
0	236.989
0	32.7838
0	7.44109
0	36.4468
0	49.3673
0	1.24192
0	1539.76
0	39.4585
0	42.411
0	1.46264
0	295.044
0	307.459
0	44.609
0	34.8311
0	15.7339
0	271.013
0	4.00007
0	19.1004
0	47.1046
0	175.65
0	29.0417
0	13.8021
0	1.14513
0	16.7433
0	16.7694
0	43.5664
0	6.21457
0	122.832
0	43.4593
0	193.584
0	36.7994
0	83.9188
0	27.7554
0	2867.13
0	11.9349
0	113.297
0	20.5715
0	15.9631
0	6.66803
0	95.9892
0	7.31798
0	78.5503
0	32.4197
0	92.9477
0	19.9959
0	3.17677
0	162.764
0	2.21929
0	59.8267
0	938.52
0	5.51281
0	181.067
0	23.3435
0	1543.82
0	33.6131
0	7.44852
0	12.4233
0	102.129
0	41.2769
0	7.6805
0	61.4512
0	30.0373
0	12.1443
0	159.733
0	74.8936
0	17.3597
0	51.9552
0	118.114
0	19.1228
0	7.93535
0	11.7839
0	50.3217
0	47.4417
0	46.6481
0	16.5428
0	5.9339
0	140.392
0	27.7143
0	22.6593
0	32.774
0	16.8929
0	90.1814
0	12.7922
0	7.60682
0	100.397
0	2.27793
0	297.144
0	26.3134
0	140.572
0	22.9224
0	188.423
0	13.9039
0	3.42727
0	1.10176
0	990.376
0	9.55186
0	369.695
0	51.1067
0	413.298
0	5.56124
0	145.523
0	39.9986
0	646.8
0	19.4691
0	346.607
0	18.8628
0	63.6211
0	8.09901
0	267.454
0	261.301
0	104.725
0	18.8337
0	57.1339
0	31.3015
0	16.469
0	50.9955
0	30.7578
0	16.2353
0	34.1726
0	118.038
0	55.4378
0	9.83299
0	3.47498
0	22.1021
0	73.9508
0	1145.41
0	4.91475
0	20.8628
0	25.567
0	4.32274
0	349.292
0	23.7225
0	29.728
0	83.8618
0	2.33728
0	42.8534
0	5.89377
0	612.012
0	989.006
0	164.832
0	51.087
0	7.89272
0	315.195
0	33.589
0	11.5371
0	51.8609
0	74.1614
0	50.0634
0	5.93059
0	267.09
0	78.6825
0	9.0428
0	27.9398
0	63.5083
0	47.1211
0	3.54614
0	42.991
0	157.757
0	2272.42
0	5.80873
0	421.937
0	39.118
0	42.5619
0	39.5833
0	577.469
0	18.4236
0	53.4794
0	49.4723
0	18.7636
0	49.9512
0	24.2705
0	15.3768
0	51.5129
0	6.65128
0	3.80195
0	6.76641
0	34.4649
0	1392.52
0	917.395
0	88.9672
0	10.2237
0	5.09986
0	66.2848
0	199.027
0	740.81
0	131.212
0	6.23406
0	15.5917
0	2026.52
0	1815.44
0	0.343073
0	12.532
0	2895.33
0	1140.46
0	67.2907
0	43.2987
0	94.6756
0	97.2766
0	298.333
0	14.4662
0	26.9122
0	197.056
0	3.23452
0	20.3705
0	353.946
0	136.494
0	99.3257
0	12.198
0	32.7457
0	5.1839
0	632.099
0	285.032
0	87.3472
0	77.2532
0	127.734
0	39.1059
0	32.6037
0	3.31329
0	0.89129
0	2.86186
0	3.37979
0	102.961
0	6.46545
0	5.30971
1	4061.15
0	39.6941
0	611.597
0	360.512
0	110.893
0	84.1567
0	215.433
0	122.578
0	5.54775
0	43.3836
0	14.0141
0	10.2135
0	23.1604
0	205.928
0	15.1806
0	34.481
0	12.5732
0	6884.76
0	7.83339
0	22.2541
0	8.70317
0	37.9995
0	36.2291
0	274.433
0	8.67643
0	604.89
0	74.7459
0	7.71698
0	370.351
0	452.297
0	463.534
0	23.8868
0	37.9788
0	30.0285
0	2.85611
0	47.1303
0	18.7344
0	440.884
0	2.30522
0	135.269
0	20.7549
0	45.1276
0	758.017
0	14.6128
0	46.7336
0	14.4902
0	308.587
0	3.32376
0	34.6187
0	1.78085
0	5.7084
0	216.373
0	3.80597
0	6.21987
0	186.613
0	3.73238
0	31.6195
0	91.4065
0	18.1611
0	2.97087
0	141.639
0	18.5697
0	6.86749
0	47.6953
0	84.9684
0	112.466
0	67.5969
0	24.8747
0	36.3154
0	1006.68
0	25.7605
0	35.6064
0	0.789126
0	138.466
0	46.9527
0	38.6612
0	100.275
0	60.9094
0	43.9661
0	94.1164
0	24.2616
0	93.3786
0	23.7745
0	0.669932
0	1.17422
0	47.7941
0	8.26325
0	27.1994
0	75.0516
0	13.5838
0	13.6979
0	345.646
0	17.3706
0	39.652
0	529.073
0	50.3982
0	461.762
0	59.1435
0	4.69449
0	40.4212
0	37.9875
0	398.753
0	12.4827
0	30.5948
0	12.8908
0	14.5611
0	90.497
0	34.8728
0	64.4031
0	11.3544
0	14.9174
0	38.574
0	40.5764
0	10.4791
0	163.599
0	31.5522
0	7.07418
0	1.079
0	34.0668
0	180.517
0	31.5492
0	216.198
0	36.082
0	15.4817
0	103.717
0	33.4035
0	20.1366
0	5.46683
1	1466
0	26.7081
0	41.8059
0	18.5229
0	24.8688
0	0.0388427
0	26.5996
0	21.4742
0	63.0164
0	12.178
0	531.424
0	213.235
0	12.5141
0	113.419
0	7.13852
0	21.3867
0	29.9463
0	50.8282
0	7.94111
0	124.151
0	23.4863
0	30.9446
0	544.898
0	0.191516
0	3.63316
0	2.88242
0	6.77207
0	360.842
0	39.2293
0	33.9199
0	68.167
0	63.7369
0	4.0869
0	1.77663
0	0.771013
0	14.468
0	21.0699
0	153.766
0	2.39261
0	247.077
0	3.67553
0	122.793
0	52.3894
0	237.158
0	106.391
0	18.1917
0	4630.56
0	2.08387
0	275.3
0	46.3531
0	240.758
0	15.663
0	250.109
0	5.31039
0	81.7558
0	22.8703
0	7.44376
0	29.4014
0	48.4075
0	112.73
0	22.6388
0	12.3232
1	3321.59
0	90.2378
0	63.5701
0	33.9627
0	40.8096
0	1.68938
0	21.7356
0	103.307
0	229.22
0	1016.79
0	19.4296
0	140.647
0	149.204
0	87.3116
0	349.171
0	27.1852
0	1676.62
0	15.9327
0	90.6229
0	15.8556
0	24.8919
0	9.34478
0	4.52939
0	26.2802
1	2698.11
0	150.139
0	0.385403
0	241.655
0	8.90936
0	159.632
0	26.0776
0	34.8251
0	144.936
0	3.41241
0	48.1667
0	11.3858
0	1.71046
0	2.36722
0	20.4229
0	549.757
0	18.4438
0	70.0388
0	9.26582
0	40.6825
0	4.16482
0	352.618
0	62.517
0	68.7052
0	101.181
0	14.4307
0	84.1115
0	6.94564
0	14.5099
0	93.1241
0	169.669
0	124.61
0	55.1374
0	2.49686
0	10.6311
0	71.2155
0	92.5755
0	4.09197
0	592.347
0	32.5356
0	2.27056
0	110.638
0	290.878
0	46.8856
0	18.3513
0	24.5087
0	18.8169
0	29.743
0	34.8786
0	1.50801
0	43.9368
0	95.358
0	54.5404
0	163.61
0	10.0871
0	1007.62
0	131.503
0	4.52368
0	27.721
0	9.06718
0	0.0609294
0	47.7205
0	1.10619
0	67.9357
0	98.3298
0	4.16597
0	43.3459
0	83.1026
0	12.8327
0	7.34064
0	149.212
0	33.981
0	2.64047
0	3.36764
0	50.9614
0	17.5456
0	426.465
0	15.6685
0	4.09945
0	12.9923
0	14.1813
0	60.855
0	0.406549
0	10.887
0	15.7571
0	322.281
0	11.1781
0	5.57934
0	24.6636
0	2.12877
0	600.237
0	753.176
0	30.0425
1	589.716
0	303.831
0	2.85683
0	5.064
0	932.896
0	535.684
0	16.9835
0	45.2713
0	184.256
0	12.8341
0	49.8557
0	78.7138
0	7.47993
0	41.3495
0	71.7945
0	116.656
0	14.7814
0	32.3652
0	25.8334
0	31.3498
0	3.59624
0	30.8873
0	2.91532
0	30.5099
0	40.009
0	12.8736
0	80.4125
0	11.892
0	209.744
0	56.5734
0	553.777
0	3.50543
0	68.9525
0	15.9174
0	132.096
0	442.418
0	14.9363
0	16.2941
0	151.856
0	73.7891
0	28.1124
0	150.81
0	76.7283
0	3.20713
0	68.0817
0	358.697
0	103.862
0	359.819
0	248.725
0	17.4348
0	182.201
0	15.3154
0	4.3826
0	207.332
0	238.497
0	12.6696
0	5.2474
1	1251.46
0	37.2284
0	37.9174
0	32.5797
0	12.6381
0	12.9044
0	4.18651
0	9.84367
0	152.995
0	2789.97
0	491.904
0	18.8495
0	0.322893
0	53.2668
0	18.4376
0	3605.65
0	175.379
0	32.1472
0	63.9417
0	59.9004
0	4.24338
0	76.6648
0	39.7556
0	25.9785
0	408.66
0	5.06984
0	5.67736
0	7.31103
0	49.353
0	147.935
0	60.2833
0	2.05325
0	44.0098
0	144.523
0	61.429
0	476.98
0	43.1183
0	30.0655
0	126.678
0	45.0097
0	130.102
0	5.84896
0	39.6477
0	3.35412
1	1890.89
0	70.468
0	19.6271
0	15.6234
0	171.357
0	78.9294
0	113.106
0	32.6048
0	172.885
0	38.7331
0	15.8055
0	269.05
0	71.7064
0	16.6357
0	5.74435
0	37.0266
0	38.6815
0	6.44746
0	1.00129
0	4.40608
0	73.3235
0	50.4231
0	1.13385
0	81.7954
0	3.88126
0	0.0648373
0	32.4721
0	14.9362
0	204.549
0	4.1679
0	9.66261
0	42.1376
0	34.8791
0	26.1834
0	15.2962
0	146.16
0	5.32388
0	11.1444
0	304.206
0	31.3271
0	58.0885
0	256.513
0	1.95567
0	10.5256
0	8.93464
0	0.258769
0	22.126
0	85.103
0	18.1653
0	66.985
0	59.8597
0	6.43432
0	7.42805
0	656.319
0	0.237283
0	155.375
0	60.2476
0	94.79
0	6.36081
0	134.636
0	20.9678
0	9.03021
0	43.3673
0	69.9694
0	8.58868
0	183.144
0	294.64
0	79.5495
0	120.017
0	9.50871
0	10.7589
0	83.9552
0	22.2967
0	105.714
0	2.5576
0	21.7349
0	7.6517
0	26.0722
0	8.84758
0	3.95051
0	18.6875
0	6.08786
0	1359.06
0	11.0655
0	2267.79
0	52.6593
0	11.2879
0	1.63454
0	5.95581
0	73.8476
0	413.409
0	5.21046
0	82.9895
0	115.492
0	101.847
0	590.207
0	4.61135
0	6.05781
0	2.31618
0	225.876
0	3.72032
0	49.7526
0	12.525
0	12.9914
0	16.977
0	39.9655
0	67.2476
0	73.9707
0	39.3827
0	52.6364
0	24.2693
0	19.8938
0	457.929
0	4.97778
0	7.71245
0	64.2124
0	1.94657
0	42.5678
0	91.0001
0	162.725
0	11.9909
0	5.92407
0	58.9893
0	49.0435
0	7.8676
0	0.227069
0	1.68091
0	37.0551
0	4.71323
0	299.412
0	46.3346
0	28.5046
0	5.79043
0	63.5945
0	91.5704
0	14.1246
0	13.8091
0	1.04544
0	61.8043
0	21.0094
0	41.3043
0	22.9005
0	0.223338
0	4.47807
0	84.7326
0	31.5947
0	48.5475
0	9.3764
0	11.2318
0	0.659585
0	98.4738
0	50.5084
0	0.221471
0	3000.75
0	16.1616
0	470.984
0	23.6284
0	21.795
0	53.8414
0	9.85362
0	0.0229111
0	514.437
0	8.27862
0	2.22177
0	5.46857
1	1426.25
0	65.044
0	973.092
0	5.48678
0	1.52765
0	126.409
0	219.208
0	103.357
0	637.4
0	1.5348
0	1270.85
0	117.452
0	11.7384
0	56.6257
0	2.39947
0	2.13444
0	0.740967
0	79.25
0	33.4342
0	177.086
0	4.98053
0	5.9112
0	7.37682
0	140.86
0	30.5731
0	0.369363
0	311.088
0	16.0845
0	1.87374
0	73.2762
0	2.39412
0	107.292
0	5.23254
0	11.324
0	1.04646
0	20.6696
0	26.763
0	3.67934
0	50.3164
0	97.737
0	84.9393
0	462.489
0	1.92442
0	16.8378
0	2.88989
0	469.887
0	252.786
0	11.7519
0	53.7669
0	54.1521
0	40.4619
0	2.99139
0	11.6621
0	39.9701
0	335.238
0	12.8852
0	10.5697
0	9.93154
0	229.567
0	38.3573
0	12.7887
0	4.80092
0	52.7809
0	0.338973
0	11.86
0	69.5714
0	102.512
0	0.667271
0	156.486
0	9.23662
0	11.7282
0	1158.24
0	101.558
0	7.53868
0	5.33866
0	918.697
0	0.246871
0	37.1307
0	56.1135
0	133.508
0	291.316
0	912.703
0	59.7249
0	168.616
0	17.5434
0	29.3873
0	25.303
0	2.05221
0	81.6647
0	0.886405
0	15.6407
0	0.225134
0	21.4891
0	121.311
0	50.2013
0	76.7044
0	0.812407
0	1.68601
0	25.1843
0	1.5442
0	94.4649
0	2.38736
0	15.7591
0	4.05418
0	1.18706
0	5.8944
0	72.3445
0	21.7144
0	2.66543
0	28.1345
0	282.644
0	350.263
0	80.3629
0	20.9898
0	131.153
0	72.0638
0	150.551
0	330.925
0	2.3953
0	10.1771
0	111.728
0	82.0984
0	95.498
0	18.2135
0	20.0834
0	120.356
0	1485.92
0	161.943
0	32.6003
0	77.1856
0	36.5831
0	4.05008
0	28.1584
0	74.7873
0	11.2246
0	1.19172
0	10.6223
0	2435.34
0	20.1455
0	4.11941
0	76.4646
0	6.83856
0	1.60712
0	3.89748
0	5.22484
0	11.3075
0	73.4728
0	347.919
0	5.96385
0	1.54508
0	515.977
0	104.444
0	0.337056
0	33.2415
0	15.4647
0	45.0742
0	8.45751
0	34.0985
0	42.5377
0	8.42704
0	151.809
0	67.0755
0	363.136
0	0.70113
0	16.0233
0	24.6755
0	2.63727
0	1617.57
0	26.3262
0	81.9958
0	148.356
0	122.035
0	133.125
0	9.51785
0	31.3089
0	116.069
0	61.791
0	3.67796
0	58.0392
0	0.016195
0	574.693
0	37.6749
0	13.2489
0	0.307854
0	74.8178
0	38.3536
0	196.407
0	1.26421
0	65.9118
0	28.9081
0	19.2418
0	6.22132
0	7.74187
0	5.47913
0	192.704
0	6.57438
0	17.2137
0	25.1287
0	33.7699
0	6.16894
0	1.67157
0	123.861
0	132.001
0	0.19335
0	203.412
0	1091.84
0	5.88356
0	28.245
0	3.2142
0	219.279
0	11.2347
0	591.856
0	22.8776
0	13.1554
0	20.7886
0	191.929
0	3.66779
0	44.9779
0	7.09434
0	953.751
1	4535.97
0	13.3857
0	69.6954
0	210.612
0	59.6525
0	9.83157
0	70.9765
0	3.08656
0	10.4479
0	170.751
0	602.885
0	9.52215
0	191.547
0	50.2323
0	17.7911
0	234.154
0	17.9909
0	53.2099
0	272.556
0	1439.37
0	168.782
0	61.548
0	27.3883
0	1.8448
0	1.21955
0	115.572
0	56.7559
0	23.5717
0	45.2558
0	78.7599
0	27.858
0	242.67
0	50.7246
0	32.5965
0	321.583
0	104.518
0	79.8498
0	39.5561
0	17.581
0	60.5613
0	9.56062
0	14.7476
0	8.69028
0	1.5322
0	27.6575
0	42.0401
0	45.6416
0	71.6421
0	9.47478
0	8.88005
0	99.1634
0	121.034
0	42.9064
0	52.9758
0	15.0619
0	9.73916
0	78.6907
0	19.9163
0	18.8796
0	238.349
0	1.60955
0	4.70321
0	0.239875
0	5.07022
0	222.547
0	1.75319
0	6.24913
0	21.9258
0	160.309
0	19.7126
0	523.977
0	16.9538
0	65.6866
0	17.7738
0	12.3395
0	20.505
0	75.4461
0	13.4185
0	149.076
0	8.36438
0	7.55809
0	1.71897
0	13.0093
0	0.892998
0	18.1553
0	2130.12
0	2.57186
0	18.6493
0	174.31
0	2.38682
1	1185.44
0	26.3248
0	30.3881
0	4.75301
0	127.95
0	41.3203
0	1263.03
0	38.8175
0	116.805
0	1.37439
0	193.975
0	2.55713
0	10.3886
0	4.81524
0	28.605
0	28.1841
0	34.8358
0	18.9797
0	13.898
0	1.68332
0	7.27893
0	34.3543
0	354.283
0	113.197
0	130.455
0	0.0475916
0	22.1673
0	4.48762
0	12.1629
0	125.012
0	42.612
0	379.94
0	347.197
0	49.7534
0	13.766
0	62.6037
0	17.1991
0	76.0633
0	41.4048
0	97.6286
0	46.1547
0	112.554
0	16.2172
0	186.101
0	8.11506
0	497.058
0	69.3086
0	39.664
0	103.528
0	278.677
0	105.38
0	189.867
0	339.228
0	9.06622
0	178.316
0	15.2048
0	164.632
0	0.0940695
0	16.474
0	28.8212
0	967.82
0	8.55435
0	708.691
0	71.6442
0	6.13499
0	17.7231
0	65.7915
0	33.9322
0	9.95912
0	16.2081
0	175.803
0	31.464
0	26.6032
0	2.12712
0	24.9992
0	4.23986
0	67.0561
0	600.503
0	30.7209
0	74.7306
0	65.0073
0	8.93155
0	55.9766
0	127.561
0	240.9
0	45.2677
0	78.6013
0	6.68521
0	272.279
0	121.107
0	34.9145
0	50.6754
0	149.423
0	36.0925
0	0.777293
0	22.5263
0	10.8221
0	46.054
0	35.4647
0	115.448
0	22.3216
0	17.145
0	22.3065
0	15.7613
0	16.0345
0	17.8134
0	25.7374
0	500.903
0	24.8317
0	7.29129
0	173.39
0	334.069
0	258.923
0	65.4437
0	24.4874
0	5.20522
0	127.283
0	21.8852
0	62.7034
0	58.7803
0	49.0885
0	150.21
1	3222.4
0	318.389
0	1243.93
0	74.9832
0	64.1856
0	418.472
0	4.73555
0	14.0947
0	207.956
0	22.7257
0	52.0854
0	145.253
0	355.353
0	123.915
0	42.3997
0	68.1368
0	32.5565
0	12.289
0	69.9982
0	40.099
0	260.078
0	26.0031
0	21.306
0	8.20366
0	158.869
0	23.3351
0	83.1772
0	392.105
0	10.8506
0	84.483
0	26.4526
0	57.0847
0	127.002
0	410.052
0	977.558
0	146.764
0	2.53886
0	58.3262
0	11.2909
0	137.922
0	22.2946
0	117.83
0	75.9199
0	6.24585
0	349.758
0	70.7705
0	3.85244
0	12.3509
0	19.4359
0	479.607
0	51.9852
0	27.2443
0	95.9316
0	76.7147
0	88.6949
0	8.45555
0	111.791
0	38.0351
0	26.5498
0	27.5378
0	24.6844
0	152.316
0	7.07199
0	63.2007
1	2301.98
0	2.61834
0	23.7197
0	30.9175
0	25.6732
0	164.406
0	93.0422
0	62.5087
0	36.6123
0	3.6524
0	917.831
0	294.549
0	61.2103
0	42.2406
0	3.29512
0	45.0555
0	19.3693
0	365.724
0	19.866
0	20.4092
0	8.90914
0	7.10877
0	97.3877
0	74.2074
0	2.3872
0	43.4416
0	215.197
0	125.072
0	13.2568
0	30.8452
0	8.64879
0	141.734
0	13.8936
0	165.028
0	1.84386
0	6.01113
0	55.879
0	5.59716
0	75.552
0	147.391
1	844.756
0	262.986
0	19.6409
0	34.8713
0	76.9336
0	29.2018
0	181.842
0	45.0327
0	5.4423
0	39.9518
0	600.895
0	51.4816
0	4.85277
0	37.3627
0	10.1625
0	512.357
0	283.828
0	52.4702
0	177.872
0	1.61388
0	53.007
1	3046.51
0	1345.74
0	24.944
0	48.15
0	15.0825
0	8.94864
0	36.3319
0	114.17
0	33.9105
0	19.4045
0	42.1874
0	8.26395
0	60.9139
0	116.837
0	113.331
0	20.9041
0	45.7054
0	18.1798
0	11.8698
0	48.6105
0	106.594
0	30.4537
0	47.7384
0	6.77376
0	19.7211
0	16.0862
0	1508.94
0	41.3368
0	92.2846
0	227.885
0	245.21
0	121.654
0	1369.51
0	5.15888
0	51.9095
0	285.332
0	20.7866
0	5.77738
0	91.0557
0	61.1072
0	7.61842
0	18.5315
0	115.225
0	19.6984
0	0.461765
0	885.281
0	42.8719
0	1.97995
0	36.2688
0	255.984
0	2.38219
0	5.24843
0	10.3747
0	7.29107
0	2.70321
0	16.4133
0	11.2754
0	698.312
0	111.255
0	31.8323
0	135.106
0	69.8413
0	2.33385
0	3.02894
0	81.7455
0	44.894
0	94.9289
0	128.181
0	312.791
0	105.091
0	130.017
0	135.325
0	75.1465
0	20.9231
0	64.2154
0	15.3469
0	78.5325
0	331.732
0	169.158
0	48.3756
0	19.5132
0	78.5364
0	23.3878
0	54.8542
0	7.81256
0	0.17486
0	61.6512
0	44.9436
0	95.6525
0	29.6893
0	17.2268
0	78.9215
0	3.96141
0	26.8669
0	223.858
0	43.2693
0	18.2757
0	97.0438
0	1.89452
0	279.776
0	103.314
0	2.40605
0	311.253
0	15.8257
0	124.332
0	2.7469
0	28.8709
0	54.8176
0	48.4328
0	443.535
0	202.09
0	514.021
0	74.4153
0	18.4161
0	21.8274
0	99.5795
0	332.564
0	2.82988
0	137.893
0	66.4826
0	191.9
0	6.91744
0	36.6866
0	6.05396
0	1988.94
0	25.5889
0	50.6135
0	726.611
0	11.4269
0	68.0043
0	14.9081
0	41.7723
0	6.20816
0	0.685714
0	2.22834
0	96.5092
0	363.285
0	180.412
0	34.4752
0	2.62262
0	1.65652
0	167.71
0	15.6995
0	94.3537
0	23.7024
0	17.7088
0	119.221
0	17.2833
0	15.1456
0	130.3
0	0.321134
1	701.167
0	93.6787
0	16.9013
0	11.5281
0	6.86493
0	15.0352
0	52.1179
0	36.6394
0	3978.17
0	1230.05
1	2932.15
0	1.33017
0	14.5744
0	33.0241
0	5.08242
0	74.8468
0	40.4669
0	2.18171
0	3.43594
0	2.18465
0	87.1518
0	172.948
0	94.154
0	45.78
0	172.001
0	28.8844
0	8.06767
0	30.7361
0	26.0035
0	17.9397
0	26.5021
0	54.0907
0	38.7196
0	9.57238
0	0.335647
0	25.1071
0	877.501
0	5.50158
1	1239.09
0	40.7538
0	8.0175
0	6.76319
0	183.122
0	312.373
0	106.162
0	72.6803
0	12.7543
0	0.945147
0	18.8012
0	87.1676
0	1.8156
0	15.2895
0	4.01277
0	6.21731
0	36.5029
0	0.479347
0	239.351
0	10.5517
0	7.77203
0	3.93183
0	58.6682
0	138.98
0	26.0697
0	11.7287
0	18.1342
0	10.5985
0	522.574
0	1341.83
0	77.2804
1	1775.78
0	95.6953
0	171.252
0	135.437
0	16.4404
0	13.5059
0	46.5026
0	105.276
0	649.588
0	85.4109
0	9.6942
0	55.6716
0	25.0491
0	9.76485
1	1207.56
0	21.6961
0	28.8515
0	76.5269
0	1.94597
1	1160
0	114.762
0	50.0279
0	112.943
0	9.74761
0	21.144
0	28.2403
0	115.893
0	8.24101
0	16.2187
0	258.316
0	27.4172
0	18.9338
0	56.8885
0	17.731
0	10.7884
0	8.37885
0	47.994
0	42.0515
0	73.4399
0	219.518
0	325.698
0	40.4095
0	35.9659
0	18.6414
0	353.886
0	78.6933
0	16.3836
0	53.031
0	460.941
0	4.94379
0	15.5361
0	7.46956
0	36.8789
0	64.751
0	102.374
1	1952.27
0	72.0056
0	74.5309
0	304.4
0	66.4012
0	75.1177
0	26.5083
0	217.348
1	2608.47
0	57.1714
0	2.9916
0	166.504
0	13.5972
0	60.378
0	96.6388
0	80.8845
0	46.5833
0	285.81
0	778.069
0	78.7566
0	51.8767
0	2.15265
0	1.82387
0	381.65
0	29.3466
0	14.0093
0	3.53685
0	133.656
0	28.1251
0	702.342
0	92.6376
0	18.2327
0	21.9735
0	4.0534
0	162.804
0	81.2216
0	13.525
0	28.8767
0	10.6861
0	43.271
0	17.8684
0	6.55053
0	12.8559
0	59.3794
0	20.6902
0	541.609
0	45.7764
0	78.5316
0	94.0174
0	70.094
0	660.699
0	2995.21
0	20.4499
0	8.7237
0	4.43237
0	47.6692
0	3.66085
0	7.55594
0	1920.2
0	98.8555
0	25.5883
0	6.82025
0	1.35597
0	9.96528
0	53.0831
0	398.826
0	156.994
0	137.533
0	41.7729
0	49.588
0	4.00399
0	63.0691
0	105.762
0	2226.85
0	89.072
0	82.4209
0	73.2904
0	2.63312
0	9.42024
0	425.763
0	411.556
0	540.908
0	138.063
0	224.859
0	5.6466
0	1.5645
0	7.30184
0	11.0884
0	16.6984
0	19.7018
0	10.3881
0	212.426
0	7.43828
0	1525.36
0	84.0953
0	568.864
0	88.8696
0	603.709
0	36.2809
0	9.1772
0	135.359
0	34.5174
0	57.4694
0	8.8225
0	21.8029
0	245.47
0	215.801
0	54.3758
0	1.01325
0	164.31
0	106.867
0	5.08085
0	38.8807
0	28.7314
0	107.489
0	8.29215
0	1.73709
0	75.9541
0	52.8639
0	679.863
0	44.6032
0	11.7143
0	8.90197
0	771.755
0	1654.54
0	104.236
0	388.057
0	6.81115
0	7.07651
0	161.505
0	87.768
0	60.2631
0	11.4684
0	64.7279
0	154.641
0	39.0932
0	82.4945
0	8.33427
0	13.0091
0	34.4562
0	1.15188
0	4.42434
0	67.7985
0	14.6391
0	116.19
0	2.92288
0	116.784
0	24.5401
0	17.7516
0	17.6702
0	78.8958
0	14.3192
0	16.1326
0	5.14205
0	5.26617
0	17.5203
0	26.4985
0	49.3922
0	27.8777
0	78.4002
0	8.35446
0	7.3319
0	35.1026
0	423.917
0	36.6027
0	15.0962
0	191.273
0	54.6378
0	36.6509
0	39.5516
0	34.9937
0	112.874
0	3.91933
0	137.263
0	13.0148
0	321.516
0	169.757
0	19.977
0	226.081
0	44.4131
0	1798.31
0	10.5663
0	259.145
0	18.1281
0	469.162
0	14.9681
0	207.753
0	88.1507
0	8.94825
0	4.04728
0	5.2291
0	1.01769
0	21.4906
0	11.512
0	177.887
0	1.71868
0	0.285374
0	415.162
0	8.0354
0	1138.56
0	4.32618
0	5.77171
0	64.1205
0	28.6067
0	4.9569
0	44.4956
0	5.13004
0	3.60975
0	182.867
0	94.55
0	100.073
0	11.5498
0	124.73
0	33.1498
0	39.9475
0	182.535
0	3.60267
0	30.5876
0	13.2313
0	60.4399
0	33.5848
0	41.9478
0	180.452
0	25.8287
0	363.85
0	112.198
0	99.3083
0	1.74913
0	273.148
0	32.7781
0	213.192
0	43.2624
0	66.9185
0	75.4275
0	26.623
0	10.8674
0	11.0944
0	31.2912
0	1.65098
0	37.8553
0	3.82763
0	15.2645
0	7.454
0	46.1365
0	388.43
0	41.1187
0	22.4526
0	14.6815
1	1114.36
0	129.932
0	90.9287
0	98.5455
0	83.9891
0	122.229
0	4.84199
0	102.858
0	20.9036
0	29.5928
0	69.3324
0	73.729
0	10.8477
0	9.24127
0	12.365
0	120.507
0	102.69
0	2420.85
0	327.56
0	160.798
0	7.13029
0	237.689
0	996.767
0	35.15
0	21.6297
0	48.0035
0	5.11145
0	33.0436
0	18.4026
0	1.03385
0	7.26871
0	4.65967
0	29.2322
0	1.57261
0	2.18173
0	45.359
0	62.4465
0	28.4174
0	212.953
0	97.9613
0	61.9809
0	5.77305
0	2.89366
0	42.5049
0	56.1491
0	18.5438
0	21.7594
0	58.7472
0	65.6833
0	155.842
0	13.6725
0	36.2052
0	7.04175
0	128.434
0	215.497
0	7.12652
0	109.78
0	35.2713
0	22.2964
0	19.6816
0	18.31
0	316.086
0	219.836
0	821.152
0	128.192
0	14.6187
0	99.5543
0	29.4981
0	5.91729
0	1623.71
0	8.44617
0	65.3051
0	20.3331
0	699.581
0	53.8221
0	417.262
0	167.006
0	11.1739
0	102.671
0	48.0309
0	11.0522
0	6.50353
0	166.412
0	1113.75
0	120.697
0	170.241
0	9.65361
0	17.8235
0	38.6359
0	295.41
0	385.371
0	12.4826
0	81.8016
0	49.8979
0	145.514
0	341.813
0	12.4576
0	7.44399
0	124.272
0	0.346717
0	1.89869
0	1.32763
0	1.30797
0	34.7683
0	26.828
0	55.7313
0	42.8893
0	9.87469
0	343.379
0	361.384
0	8.59128
0	19.2442
0	40.5358
0	125.468
0	48.8634
0	373.667
0	61.353
0	163.149
0	10.2983
0	3604.09
0	85.0486
0	0.345527
0	28.3861
0	77.8165
0	117.946
0	222.009
0	10.652
0	264.245
0	224.954
0	29.531
0	213.712
0	30.2068
0	10.665
0	309.084
0	218.049
0	50.9842
0	21.3773
0	120.697
0	1.93662
0	9.7628
0	1.95163
0	123.299
0	209.61
0	126.982
0	144.147
0	163.314
0	6.17468
0	24.4439
0	57.2117
0	595.349
0	1.40178
0	39.3665
0	126.971
0	153.795
0	27.9796
0	221.966
0	70.0748
0	95.7328
0	325.405
0	4.50917
0	1.31991
0	69.2059
0	5.80679
0	13.7943
0	266.261
0	21.4003
0	232.845
0	37.9422
0	11.5188
0	12.3227
0	876.348
0	119.353
0	1739.81
0	40.9608
0	408.486
0	23.6807
0	11.6716
0	24.356
0	40.0723
0	0.481286
0	3.49896
0	27.231
0	13.4212
0	30.3915
0	175.885
0	54.9338
0	64.1533
0	165.964
0	1129.68
0	120.461
0	10.0749
0	78.7672
0	6.54403
0	68.5103
0	162.495
0	35.8752
0	31.6558
0	5.05496
0	0.566978
0	43.9463
0	112.097
0	1.0935
0	7.65987
0	182.579
0	5.63827
0	1598.36
0	7.74056
0	1.07344
0	0.738213
0	350.23
0	18.2605
0	51.4092
0	103.365
0	50.0972
0	928.042
0	140.192
0	120.762
0	6.28582
0	7.20732
0	21.9274
0	3.74232
0	49.9876
0	180.083
0	1511.56
0	28.11
0	186.026
0	141.258
0	9.19236
0	17.2548
0	195.8
0	18.4677
0	27.2994
0	3.23326
0	121.955
0	7.26183
0	26.3088
0	98.2692
0	14.9561
0	127.629
0	19.6763
0	270.093
0	16.1243
0	6.11518
0	231.603
0	96.6363
0	3.68312
0	54.3768
0	443.482
0	123.217
0	9.78879
0	184.654
0	12.4188
0	10.2932
0	103.499
0	2.99829
0	113.893
0	103.081
0	62.6861
0	6.54339
0	165.034
0	1.80678
0	354.474
0	73.4372
0	0.220824
0	92.1987
0	75.6014
0	75.8149
0	253.706
0	111.006
0	11.4984
0	330.047
0	90.5186
0	206.525
0	79.4918
0	71.226
0	882.714
0	7.60754
0	272.424
0	42.8192
0	638.63
0	194.471
0	78.6264
0	55.4056
0	16.2635
0	48.4808
0	32.5864
0	44.0487
0	43.3046
0	142.205
0	12.2883
0	0.736041
0	71.7461
0	245.799
0	11.9871
0	20.6042
0	31.725
0	12.6277
0	16.4224
0	7.72057
0	97.438
0	28.94
0	37.9815
0	73.8181
0	313.802
0	174.056
0	4.3708
0	185.15
0	421.141
0	9.49443
0	11.5141
0	29.2247
0	48.7172
0	1.71325
0	109.801
0	518.49
0	9.10364
0	209.432
0	1050.24
0	27.9763
0	11.5196
0	44.3083
0	371.026
0	800.677
0	37.3703
0	110.988
0	8.98933
0	5.96825
0	100.685
0	168.509
0	4.96917
0	3.71134
0	15.3479
0	441.884
0	77.4235
0	627.871
0	436.188
0	2.27115
0	2.03762
0	133.284
0	136.887
0	66.0299
0	10.8069
0	11.2662
0	33.3925
0	356.566
0	30.228
0	110.049
0	44.9602
0	112.77
0	42.9686
0	5.93795
0	1142.16
0	5.92392
0	75.7243
0	9.86006
0	51.2026
0	1.64685
0	41.4529
0	56.5881
0	0.874861
0	6.82763
0	31.0802
0	12.3539
0	12.2113
0	0.0125261
0	47.2363
0	39.117
0	12.7275
0	400.923
0	155.446
0	41.1827
0	71.3081
0	443.415
0	236.398
0	315.06
0	941.007
0	21.4641
0	16.5308
0	77.3699
0	1.03791
0	8.18215
0	11.4956
0	278.507
0	65.0301
0	47.2447
0	40.4761
0	161.566
0	56.9517
0	357.541
0	18.8592
0	78.8076
0	14.0571
0	37.666
0	1.17742
0	92.7281
0	297.074
0	3.98961
0	4.89936
0	116.476
0	5.10639
0	42.4364
0	34.7056
0	65.7079
0	35.0596
0	20.5933
0	46.7426
0	2.84508
0	70.8157
0	126.365
0	0.0790048
0	70.3314
0	13.3021
0	29.9714
0	7.84336
0	1.74709
0	34.3838
0	490.591
0	311.083
0	10.1748
0	11.0493
0	5.94199
0	143.813
0	0.722917
0	112.557
0	3.33281
0	83.0522
0	143.76
0	11.5882
0	44.7541
0	2.96699
0	165.275
0	21.6788
0	51.1858
0	74.4878
0	522.069
0	1.21892
0	153.475
0	479.652
0	16.021
0	27.1432
0	46.445
0	3.66816
0	10.1523
0	90.5154
0	107.085
0	33.3857
0	13.897
0	48.187
0	8.02209
0	1.4758
0	73.1128
0	6.28252
0	70.4259
0	2267.94
0	10.8701
0	82.9411
0	28.3609
0	39.57
0	9.90305
0	359.863
0	169.836
0	106.023
0	10.2435
0	232.406
0	10.4075
0	142.575
0	69.0867
0	12.6943
0	20.6789
0	55.191
0	11.8832
0	31.7513
0	36.1956
0	68.2631
0	0.482458
0	252.491
0	885.668
0	13.1748
0	1.10083
0	7.33987
0	0.202743
0	109.194
0	3.43629
0	29.7697
0	34.1177
0	89.6709
0	48.5634
0	208.889
0	163.431
0	13.6765
0	0.564472
0	12.3677
0	2474.67
0	75.4574
0	10.7574
0	12.6271
0	48.8987
0	1032.31
0	6.73799
0	199.805
0	24.7855
0	13.4526
0	17.3825
0	175.126
0	51.9526
0	57.1948
0	575.142
0	15.5977
1	3292.31
0	1.46203
0	7.96294
0	37.0255
0	113.361
0	91.5944
0	20.9242
0	254.705
0	23.2428
0	95.8614
0	320.782
0	0.475333
0	0.17047
0	138.633
0	26.9135
0	470.984
0	27.7087
0	730.226
0	45.7892
0	138.651
0	19.4005
0	6.68947
0	66.3026
0	20.5582
0	2.93031
0	31.1687
0	51.548
0	6.64341
0	3.76519
0	73.0416
0	151.502
0	6.82463
0	3.01652
0	20.7429
0	16.2145
0	32.1499
0	670.819
0	5.54805
0	37.7526
0	127.193
0	37.7991
0	35.6079
0	44.4133
0	159.23
0	9.9927
0	7.75091
0	18.1171
0	259.8
0	157.026
0	90.4609
0	198.671
0	3.31184
0	15.7042
0	6.37863
0	11.4158
0	109.457
0	541.137
0	2.24622
0	238.096
0	16.6146
0	50.0754
0	700.741
0	23.95
0	146.775
0	7.14763
0	34.473
0	2.08374
0	0.954576
0	96.5616
0	651.73
0	50.7156
0	79.6669
0	256.855
0	176.101
0	234.054
0	26.7139
0	18.0955
0	13.4752
0	592.278
0	385.536
0	7.59101
0	32.3601
0	55.9957
0	7.20933
0	22.1247
0	39.9755
0	12.9826
0	2.4087
0	0.0164301
0	450.171
0	16.9601
0	2108.38
0	108.999
0	86.5243
0	52.9082
0	24.7713
0	166.987
0	198.13
0	240.836
0	10.8904
0	9.88589
0	143.233
0	96.8794
0	52.1898
0	40.2358
0	23.3105
0	41.9975
0	98.8631
0	91.9443
0	78.7763
0	13.8385
0	1.83707
0	45.9831
0	16.4992
0	54.5846
0	195.39
0	14.2942
0	110.195
0	67.7971
0	0.843952
0	50.9349
0	67.1732
0	118.304
0	13.1515
0	1673.94
0	51.7535
0	135.404
0	172.324
0	368.159
0	82.4576
0	31.8902
0	22.1905
0	11.3387
0	33.9003
0	51.9524
0	10.5372
0	1087.88
0	13.6576
0	420.273
0	12.7837
0	10.7628
0	30.3664
0	9.01266
0	14.4699
0	68.1289
0	2.84726
0	3.81588
0	29.4163
0	15.1796
0	25.7473
0	13.6027
0	0.420725
0	131.758
0	85.6294
0	634.455
0	149.198
0	32.215
0	24.7452
0	23.0543
0	32.2693
0	57.442
0	29.6969
0	85.3804
0	38.2526
0	361.364
0	2.895
0	438.312
0	46.8759
0	24.7098
0	5.07439
0	27.0436
0	2.62339
0	2.14699
0	27.0669
0	20.7706
0	11.7917
0	122.408
0	73.0647
0	42.9425
0	169.686
0	115.327
0	18.0594
0	20.9379
0	57.3142
0	44.3276
0	4.79485
0	79.7271
0	18.0202
0	6.83486
0	10.038
0	576.257
0	61.6897
0	0.74812
0	130.202
0	11.3198
0	38.7594
0	22.9835
0	10.1252
0	239.621
0	4.69876
0	16.4977
1	804.215
0	18.8679
0	18.2941
0	19.0538
0	31.419
0	754.885
0	63.0641
0	380.21
0	83.0173
0	358.604
0	0.696208
0	19.2841
0	156.346
0	406.915
0	26.7022
0	485.513
0	10.3583
0	0.443912
0	181.865
0	0.781855
0	22.227
0	24.9826
0	779.445
0	81.1246
0	13.393
0	54.6633
0	33.2017
0	53.5588
0	11.0802
0	42.7606
0	391.856
0	4.99244
0	3.64074
0	77.365
0	227.504
0	65.0804
0	14.6067
0	16.125
0	7.88334
0	1.43471
0	1509.1
0	0.59635
0	11.7577
0	5.03362
0	29.4608
0	222.938
0	41.1062
0	227.022
0	505.257
0	67.9454
0	22.6197
0	124.103
0	105.291
0	1.62639
0	62.1194
0	2.39912
0	177.487
0	9.40081
0	48.5638
0	6.26107
0	61.4029
0	8.53071
0	48.2264
0	348.566
0	0.23682
0	2.72447
0	733.1
0	421.654
0	259.047
0	10.7547
0	52.1959
0	11.9092
0	70.8534
0	53.6122
0	444.642
0	1.85667
0	20.3566
0	8.57867
1	711.096
0	12.9779
0	98.6158
0	33.8732
0	260.398
0	52.124
0	83.3632
0	75.2901
0	5.96092
0	5.72867
0	14.3971
0	3.61862
0	15.6603
0	17.1273
0	25.6619
0	6.26827
0	65.3541
0	19.0569
0	1.00849
0	48.1482
0	15.2163
0	9.0432
0	5.0388
0	36.2387
0	21.9164
0	375.786
0	32.0729
0	10.1968
0	25.9881
0	86.1384
0	5.95223
0	3.8313
0	39.9426
0	1675.91
0	2.92294
0	154.957
1	787.738
0	89.9223
0	123.786
0	46.7431
0	369.389
0	149.611
0	962.343
0	3.85615
0	7.56233
0	17.1423
0	768.323
0	23.7021
0	51.4043
0	7.64271
0	376.337
0	361.462
0	18.3611
0	188.353
0	165.227
0	75.2539
0	18.7492
0	247.636
0	29.5656
0	5.32761
0	20.0388
0	310.163
0	4.92048
0	24.1146
0	78.325
0	1650.46
0	123.6
0	111.88
0	2.81183
0	22.2376
0	18.3673
0	3.63124
0	95.7659
0	13.8465
0	5.14863
0	21.2798
0	61.7815
0	32.963
0	56.3711
0	69.5434
0	3112.14
0	204.92
0	111.882
0	354.969
0	229.473
0	9.67641
0	225.417
0	5.58488
0	3.84077
0	113.385
0	56.8987
0	3.23254
0	120.311
0	2.55378
0	205.001
0	11.8761
0	704.394
0	8.97629
0	10.3549
0	31.6344
0	0.0869944
0	127.818
0	628.688
0	696.601
0	5.07577
0	1.87346
0	12.3734
0	10.503
0	744.15
0	19.5798
0	45.4679
0	494.076
0	487.562
0	30.8964
0	47.186
0	60.848
0	41.3468
1	1832.41
0	11.6497
0	106.668
0	9.45901
0	153.284
0	0.0953159
0	7.53605
0	92.079
0	18.9333
0	143.174
0	31.9795
0	211.324
0	19.7862
0	29.5159
0	65.2464
0	23.9662
0	16.501
0	3.94933
0	151.787
0	8.10791
1	698.759
0	2.37958
0	84.7523
0	135.505
0	165.763
0	0.659296
0	1.1491
0	110.92
0	7.96126
0	294.199
0	46.9299
0	6.61154
0	156.268
0	41.043
0	1163.26
0	11.479
0	18.2541
0	30.3267
0	76.4227
0	131.524
0	68.7775
0	39.1118
0	63.4306
0	2889.38
0	69.1089
0	53.9708
0	169.372
0	153.052
0	32.7414
0	67.5993
0	2682.01
0	1.87737
0	10.8929
0	20.9179
0	3.6856
0	48.6054
0	38.7856
0	0.594307
0	419.246
0	25.4345
0	11.696
0	9.59007
0	43.1305
0	0.227114
0	27.0744
0	286.65
0	29.2722
0	278.578
0	5.53503
0	231.885
0	2.42041
0	157.1
0	93.7275
0	23.6677
0	35.7261
0	2704.9
0	127.842
0	88.9795
0	33.8005
0	209.847
0	4.43095
0	8.71941
0	20.1163
0	164.287
0	27.1074
0	42.8774
0	114.698
0	51.0175
0	24.5662
0	121.796
0	92.4933
0	160.863
0	10.9069
0	12.1532
0	0.400583
0	199.877
1	6089.49
0	9.00808
0	254.265
0	6.17309
0	6.97659
0	286.336
0	1.02968
0	78.1136
0	39.07
0	330.674
0	37.2022
0	458.013
0	34.1582
0	50.6624
0	8.86151
0	6.32722
0	95.7075
0	66.5076
0	10.8402
0	41.7307
0	333.419
0	218.031
0	28.098
0	1.0494
0	5.20755
0	73.4781
0	21.1663
0	126.342
0	2.25661
0	15.5477
0	445.906
0	45.6755
0	124.126
0	19.7233
0	2.87883
0	1.56127
0	2.01624
0	23.7208
0	144.114
0	152.707
0	7.92862
0	9.83761
0	71.0382
0	186.403
0	8.5081
0	0.942566
0	3.34316
0	100.46
0	86.2352
0	182.141
0	1.25761
0	112.709
0	57.7512
0	252.992
0	37.3364
0	10.4142
0	1457.43
0	4.47932
0	45.0304
0	23.1314
0	32.8002
0	170.827
0	99.0031
0	43.1096
0	209.417
0	5.06187
0	968.856
0	27.4089
0	47.3521
0	35.2032
0	1942.29
0	13.5133
0	56.2017
0	1124.5
0	55.7155
0	109.948
0	23.9407
0	0.364286
0	11.8654
0	1.60267
0	1042
0	2.82212
0	133.084
0	73.748
0	24.5848
0	28.9892
0	97.244
0	6.89171
0	6.72612
0	372.197
0	2666.91
0	29.5645
0	61.2921
0	17.9191
0	47.3751
0	103.774
0	540.563
0	0.357068
0	69.1197
0	6.03851
0	76.4423
0	0.596235
0	27.7664
0	44.3748
0	127.209
0	1.74685
0	39.1967
0	11.0697
0	23.0054
0	141.667
0	1698.56
0	468.55
0	214.441
0	490.169
0	147.16
0	9.77448
0	70.4986
0	26.4659
0	172.46
0	8.12811
0	14.6275
0	12.6642
0	33.9987
0	1.03423
0	23.6525
0	466.802
0	26.4777
0	8.69505
0	45.1087
0	54.0979
0	17.8559
0	165.031
0	39.0821
0	15.2203
0	24.5206
0	15.3821
0	8.52794
0	106.698
0	45.6975
0	15.7556
0	23.0603
0	45.5246
0	5.88896
0	21.8689
0	5.77611
0	12.6406
0	122.785
0	100.309
0	28.6561
0	2.97448
0	337.508
0	69.6259
0	0.27527
0	3.38026
0	530.441
0	46.2179
0	27.1204
0	171.688
0	14.9534
0	56.8613
0	24.8544
0	9.91348
0	2.24172
0	17.1066
0	6.10151
0	506.631
0	94.1973
0	11.9866
0	90.5846
0	325.042
0	0.270152
0	80.5025
0	280.844
0	8.00452
0	19.2055
0	12.4277
0	55.7587
0	5.88745
0	35.5266
0	266.276
0	40.3377
0	653.82
1	1930.88
1	3352.9
0	0.0252037
0	27.9111
0	26.903
0	25.8406
0	35.3022
0	35.0362
0	32.7402
0	8.4889
0	77.0841
0	45.5854
0	4.61948
0	56.4951
0	200.459
0	77.2778
0	32.0991
0	46.4337
0	79.271
0	43.0102
0	66.2117
0	132.17
0	127.554
0	274.876
0	111.911
0	37.7202
0	0.546035
0	542.955
0	14.9113
0	24.9595
0	1.91342
0	218.042
0	3.00053
0	100.71
0	0.393426
0	30.9055
0	1.23462
0	31.7872
0	77.1938
0	1.12144
0	1659.05
0	39.2299
0	72.4533
0	13.5742
0	12.7086
0	22.4283
0	13.3226
0	5.54965
0	58.2792
0	22.3192
0	37.2506
0	3.75757
0	47.2305
0	3.97364
0	54.7747
0	19.5842
0	7.37468
0	18.8772
0	257.962
0	41.3665
0	54.2716
0	250.072
0	21.6258
0	6.59618
0	213.73
0	14.3518
0	12.606
0	229.416
0	10.1323
0	82.2302
0	2283.23
0	2.66071
0	15.3112
0	968.115
0	21.3853
0	31.8385
0	29.193
0	161.461
0	81.4293
0	5.67132
0	16.1101
0	81.1744
0	81.0068
0	6.98049
0	369.391
0	2.62072
0	231.242
0	5406.6
0	4.27371
0	448.993
0	19.8351
0	19.0196
0	57.8772
0	2.62564
0	33.5981
0	150.889
0	6.22856
0	8.71157
0	6.68491
0	58.7308
0	619.309
0	41.8493
0	4.75601
0	1711.53
0	46.0112
0	1092.13
0	1.23905
0	283.912
0	5.37728
0	311.772
0	7.48973
0	10.733
0	857.989
0	6.69831
0	2085.62
0	11.3875
0	1.38066
0	165.236
0	52.4498
0	7.44144
0	73.5949
0	33.126
0	23.2055
0	1287.11
0	41.5354
0	15.5637
0	40.1332
0	59.733
0	16.0554
0	43.8389
0	165.056
0	32.3398
0	2.43175
0	4.14813
0	42.9794
0	25.6949
0	149.917
0	11.1777
0	9.38772
0	4.66386
0	4.56185
0	5.34435
0	134.335
0	5.44776
0	11.0422
0	27.0058
0	15.7591
0	144.802
0	16.5483
0	31.3719
0	110.306
0	32.4554
0	399.824
0	10.8343
0	54.7093
0	307.759
0	101.537
0	6.01957
0	7.59057
0	50.1813
0	9.60126
0	3.35814
1	2691.06
0	1.93269
0	33.4323
0	2.38064
0	54.1391
0	143.791
0	34.446
0	120.114
0	298.054
0	6.9257
0	136.266
0	10.1201
0	1.47711
0	5.7599
0	4.42582
0	26.4971
0	3.59596
0	220.83
0	27.2955
0	577.834
0	69.8438
0	1.21549
0	59.4446
0	2.84513
0	61.7538
0	56.6032
0	45.5898
0	18.8685
0	12.9446
0	34.6577
0	59.0639
0	32.1592
0	0.0456492
0	1657.47
0	445.527
0	16.0375
0	97.2274
0	30.8408
0	99.0252
0	3.82825
0	47.5632
0	62.0115
0	38.8389
0	3.67881
0	15.314
0	382.847
0	24.0394
0	4.66065
0	381.267
0	51.1879
0	530.162
0	598.473
0	50.4925
0	109.646
0	21.1763
0	96.4142
0	4.46641
0	392.7
0	4.129
0	17.1422
0	12.3805
0	84.6431
0	914.332
0	38.2965
0	10.0835
1	914.539
0	14.0125
0	45.3868
0	94.9595
0	388.155
0	92.195
0	32.998
0	8.21007
0	8.56241
0	1.92498
0	5.57514
0	230.718
0	3939.5
0	36.0341
0	7.12627
0	149.215
0	36.8778
0	6.72063
0	6.46682
0	56.5044
0	78.6379
0	38.3399
0	47.6836
0	8.36545
0	11.1445
0	35.9952
0	50.4633
0	34.492
0	5.9262
0	11.9223
0	15.2617
0	315.026
0	249.636
0	638.713
0	4.75265
0	12.1695
0	1.6843
0	615.194
0	1.16131
0	156.185
0	40.6046
0	382.104
0	7.12772
0	26.2622
0	43.5569
0	170.294
0	43.9872
0	604.308
0	4.07085
0	18.511
0	197.381
0	55.3498
0	19.981
0	1.50798
0	12.8932
0	872.102
0	42.495
0	1.22322
0	102.444
0	74.7649
0	17.6985
0	530.472
0	22.5549
0	13.2818
0	176.773
0	13.7886
1	1200.16
0	13.9863
0	30.3402
0	46.9451
0	0.962048
0	35.0137
0	691.789
0	108.656
0	44.135
0	25.4517
0	91.251
0	4.01289
0	1.27645
0	45.2471
0	11.9788
0	10.8272
0	14.3415
0	135.485
0	4.02667
0	14.6325
0	9.00999
0	34.041
0	2.56691
0	913.144
0	368.113
0	28.9307
0	25.1241
0	40.6487
0	62.8453
0	40.4006
0	31.3357
0	152.517
0	6.71002
0	30.7647
0	3.88012
0	7.80539
0	125.116
0	4.70836
0	22.0614
0	3.72889
0	2.30225
0	172.803
0	13.3052
0	171.332
0	14.2032
0	31.322
0	43.5459
0	41.9416
0	9.67028
0	0.267883
0	372.848
0	277.671
0	15.555
0	186.153
0	6.63805
0	18.6304
0	29.1676
0	1.21276
0	82.2709
0	375.584
0	194.459
0	82.7712
0	761.124
0	24.7989
0	3.67736
0	6.82515
0	18.4983
0	84.1878
0	9.68746
0	43.7703
0	9.91879
0	931.341
0	41.656
0	53.1529
0	104.323
0	23.5231
0	95.8216
0	21.2731
0	16.8666
0	15.1154
0	540.205
0	67.0344
0	332.445
0	204.361
0	164.096
0	1.25646
0	173.363
0	44.9299
0	23.0811
0	36.716
0	25.0858
0	0.731436
0	64.1987
0	95.4021
0	0.608968
0	169.035
0	79.9048
0	40.5691
0	72.8693
0	658.231
0	0.174155
0	812.753
0	0.539682
0	46.8771
0	21.618
0	53.8944
0	25.0877
0	31.1653
0	44.8116
0	55.5081
0	100.271
0	4.85134
0	5.1671
0	13.1781
0	1.16537
0	7.16117
0	334.911
0	71.639
0	17.8798
0	12.8849
0	1597.14
0	140.272
0	767.225
0	42.6144
0	393.796
0	0.659493
0	304.145
0	10.8294
0	3.40297
0	24.8816
0	51.0628
0	7.22246
0	18.5988
0	44.2303
0	71.0385
0	223.552
0	6.28503
1	788.097
0	1.73771
0	7.14385
0	2326.87
0	13.8889
0	146.392
0	57.448
0	2.42725
0	5.28497
0	302.866
0	15.0619
0	282.858
0	27.5411
0	14.3058
0	137.282
0	4.9395
0	24.9397
0	517.349
0	151.667
0	4.72286
0	249.447
0	19.7267
0	22.689
0	71.5715
0	152.693
0	111.881
0	66.4584
0	331.49
0	69.5642
0	88.8357
0	14.8889
0	12.5933
0	405.905
0	226.88
0	12.7832
0	35.9247
0	16.6911
0	203.18
0	10.9655
0	0.682502
0	11.2516
0	0.352705
0	80.2472
0	191.801
0	3.00522
0	93.2788
0	81.3114
0	103.681
0	1.07761
0	114.526
0	9.87922
0	50.1163
0	5.61819
0	32.3629
0	253.803
0	50.2733
0	2.91668
0	148.845
0	3855.93
0	1.90614
0	8.24883
0	405.316
0	9.94656
0	72.422
0	222.657
0	567.473
0	21.5702
0	35.298
0	2971
0	332.017
0	166.026
0	541.983
0	24.4926
0	0.995556
0	0.251523
0	57.3156
0	10.9387
0	130.242
0	39.4669
0	131.161
0	72.2677
0	0.597225
0	53.4714
0	186.323
0	60.3593
0	10.9292
0	232.97
0	97.5121
0	114.996
0	52.6894
0	2.01402
0	127.831
0	54.2667
0	6112
0	455.516
0	137.326
0	3218.19
0	388.566
0	6.67397
0	7.34571
0	2.71313
0	31.287
0	3.19295
0	105.704
0	5.01786
0	42.4764
0	42.4355
0	472.913
0	179.731
0	13.6672
0	94.2022
0	112.442
0	24.603
0	17.0222
0	16.1041
0	22.892
0	13.1575
0	267.327
0	1.91713
0	44.1313
0	47.8189
0	190.724
0	106.694
0	1.80904
0	125.084
0	122.04
0	5.15789
0	598.286
0	3316.42
0	0.328528
0	1.76444
0	1.22492
0	49.3712
0	1.7797
0	37.2383
0	58.5191
0	95.0389
0	92.566
0	133.929
0	3.83107
0	2.77271
0	1238.93
0	144.93
0	4.25336
0	52.4785
0	31.2697
0	230.775
0	26.9706
0	64.9819
0	46.2952
0	4.11677
0	53.7514
0	207.886
0	285.613
0	891.886
0	30.8238
0	4.45786
0	33.2239
0	61.6012
0	2.05282
0	45.1828
0	32.401
0	40.7284
0	174.874
0	50.261
0	225.128
0	0.319279
0	16.3889
0	105.498
0	9.61832
0	90.9947
0	32.56
0	2433.03
0	145.105
0	6.14366
0	159.836
0	363.432
0	5.58199
0	248.217
0	8.9835
0	12.9708
0	34.8186
0	404.101
0	98.2711
0	68.3201
0	69.1996
0	31.9876
0	0.0286628
0	5.42299
0	174.064
0	28.1274
0	21.5275
0	5.44652
0	23.4927
0	57.6519
0	437.341
0	307.519
0	311.422
0	18.0603
0	86.9848
0	19.4084
0	23.9191
0	17.2011
0	76.5045
0	49.1275
0	42.8174
0	6.00876
0	258.54
0	12.8424
0	19.4397
0	8.87472
0	1356.58
0	21.9381
0	59.0116
0	14.3222
0	0.00774621
0	41.1341
0	147.546
0	24.6377
0	227.689
0	54.3643
0	47.0971
0	0.0199256
0	4.84265
0	45.7983
0	3.26695
0	24.0696
0	58.9619
0	72.9307
0	64.9432
0	35.9382
0	80.3921
0	19.7676
0	21.9563
0	12.0808
0	98.9912
0	33.6112
0	41.0575
0	3.59723
1	1229.81
0	7.72053
0	60.0104
0	90.5057
0	137.818
0	288.283
0	163.749
0	0.859756
0	40.2495
0	29.0699
0	353.328
0	32.4724
0	5.21918
0	6.07369
0	5.34469
0	34.7865
0	29.5088
0	31.2799
0	40.3892
0	1.32344
0	23.8454
0	239.826
0	74.5053
0	41.7325
0	199.585
0	1026.4
0	48.1868
0	5.53952
0	14.9147
0	3.05659
0	66.6576
0	91.6978
0	6.247
0	0.204106
0	5.62336
0	1227.81
0	43.622
0	12.124
0	81.2491
0	29.8974
0	5.5216
0	16.6402
0	22.1785
0	85.6427
0	112.466
0	185.951
0	19.8672
0	71.3066
0	25.6748
0	11.2904
0	19.8267
0	2.35222
0	25.0995
0	367.698
0	1.06045
0	11.7438
0	59.6173
0	13.7191
0	45.0064
0	40.9191
0	311.771
0	31.8036
0	40.4569
0	19.6818
0	211.995
0	16.3891
0	0.00590243
0	205.283
0	1.09909
0	173.364
0	14.6466
0	113.261
0	1165.05
0	403.33
0	134.123
0	44.0611
0	38.8639
0	15.7381
0	22.9494
0	160.845
0	69.2735
1	2131.39
0	12.6503
0	63.9118
0	70.8152
0	21.1343
0	156.02
0	53.1531
0	3.61546
0	5.00532
0	2.54262
0	25.0735
0	0.441391
0	6.00526
0	925.476
0	44.8549
0	15.8584
0	123.957
0	4.80064
0	31.1181
0	5.7213
0	2.74422
0	24.3186
0	22.6058
0	136.139
0	92.0192
0	1.52676
0	12.9489
0	27.0907
0	0.688389
0	637.835
0	26.1056
0	25.7736
0	688.796
0	0.635665
0	0.228586
0	11.8311
0	16.8177
0	239.639
0	0.413541
0	0.122898
0	9.03734
0	22.2582
0	12.2165
0	89.9152
0	146.978
0	12.3163
0	20.3972
0	6.72236
0	286.525
0	36.8381
0	26.075
0	11.2081
0	11.2665
0	13.5947
0	29.7779
0	52.2043
0	2.97646
0	4.48756
0	15.8636
0	774.962
0	696.024
0	6.99923
0	13.7255
0	250.824
0	2.12681
0	41.9277
0	1.05732
0	45.1747
0	1.9116
0	10.2991
0	21.2802
0	563.771
0	134.139
0	55.9928
0	23.8656
0	14.1726
0	19.2049
0	11.3146
0	586.061
0	20.1477
0	55.6216
0	1400.23
0	41.2047
0	379.706
0	73.4161
0	560.772
0	145.26
0	3.23931
0	78.3099
0	20.6498
0	50.8739
0	18.7188
0	19.3324
0	504.289
0	624.081
0	12.9308
0	105.407
1	1419.75
0	925.443
0	80.0819
0	245.969
0	22.8066
0	11.6023
0	16.5501
0	47.2784
0	4.17442
0	392.716
0	112.029
0	62.4263
0	196.364
0	17.1778
0	5.45987
0	68.4677
0	512.726
0	15.4065
0	9.66793
0	231.589
0	10.4268
0	117.368
0	467.455
0	21.1662
0	43.1264
0	16.2132
0	37.6793
0	30.3596
0	9.36747
0	229.423
0	253.53
0	105.798
0	51.6765
0	64.0187
0	51.6079
0	25.7773
0	31.6037
0	118.272
0	14.4371
0	1798.42
0	71.0927
0	22.0018
0	18.0465
0	152.448
0	0.568451
0	2.39252
0	6.49969
0	234.734
0	5051.99
0	50.8835
0	403.808
0	15.2815
1	1687.77
0	88.167
0	174.729
0	9.45779
0	443.647
0	0.67282
0	28.5863
0	9.24464
0	5.31593
0	329.887
0	190.609
0	138.711
0	1.32282
0	10.3282
0	43.8348
0	9.13813
0	21.3098
0	80.3165
0	48.8085
0	541.35
0	169.833
0	27.3033
0	35.3408
0	42.9223
0	60.1437
0	3.57416
0	34.9094
0	81.5355
0	15.3048
0	33.8045
0	19.4102
0	3.56499
0	311.173
0	28.9179
0	583.75
0	252.48
0	287.351
0	9.86982
0	31.3613
0	11.8618
0	155.395
0	44.015
0	490.362
0	44.3336
0	77.9063
0	44.193
0	23.4283
0	410.592
0	42.0499
0	28.5879
0	115.65
0	109.844
0	8.694
0	16.7568
0	750.366
0	3.40626
0	5.13843
0	8.85103
0	16.1061
0	17.007
0	393.247
0	30.6222
0	48.8993
0	10.545
0	5.10496
0	61.7412
0	33.4765
0	644.41
0	4.08759
0	68.093
0	4.60265
0	34.7644
0	15.1017
0	21.064
0	119.234
0	82.4171
0	12.2018
0	40.2639
0	15.5317
0	8.02505
0	2.20264
0	300.829
0	53.7522
0	37.1567
0	13.2837
0	1.77819
0	42.3622
0	72.5055
0	6.06812
0	95.3313
0	247.922
0	43.513
0	25.1295
0	203.185
0	198.975
0	31.2915
0	41.364
0	705.416
0	220.703
0	0.368515
0	28.5639
0	9.87504
0	9.77798
0	31.264
0	109.325
0	817.761
0	13.4411
0	2.45835
0	22.373
0	529.462
0	189.8
0	21.2311
0	23.4713
0	15.8135
0	100.526
0	35.9652
0	9.37769
0	1059.74
0	68.3964
0	245.927
0	0.142323
0	127.736
0	1184.83
0	69.534
0	19.4578
0	55.1698
0	6.77895
0	1.58956
0	233.477
0	5.73296
0	106.927
0	92.5727
0	253.224
0	1107.77
0	317.941
0	106.815
0	94.9256
0	18.7647
0	6.40538
0	82.1814
0	188.031
0	23.8959
0	10.8105
0	7.52209
0	535.107
0	2.7469
0	139.646
0	35.636
0	44.1386
0	124.392
0	40.9992
0	112.745
0	2.27527
0	42.8458
0	12.2593
0	70.6094
0	116.247
0	9.74944
0	85.8139
0	9.57522
0	2.77928
0	182.658
0	0.53754
0	30.2905
0	974.768
0	174.713
0	21.2112
0	18.047
0	6.7913
0	36.7621
0	5.97236
0	119.844
0	187.007
0	4.10165
0	57.2079
0	52.1519
0	19.7609
0	17.1806
0	317.208
0	21.6382
0	6.53293
0	35.1504
0	132.572
0	107.051
0	20.1055
0	29.1734
0	5.94285
0	1021.55
0	22.073
0	594.363
0	908.638
0	14.0521
0	43.3594
0	189.759
0	182.546
0	35.0169
0	63.0199
0	77.2529
0	9.6938
0	17.635
0	0.0261234
0	5.73716
0	130.624
0	4.85571
0	52.8672
0	24.0285
0	3.19758
0	32.6606
0	26.4715
0	11.7791
0	50.5486
0	8.57034
0	10.37
0	13.5213
0	33.7959
0	5.39406
0	2.462
0	22.8953
0	343.713
1	2447.06
0	36.2967
0	82.5237
0	207.35
0	10.8817
0	12.3373
1	3627.62
0	23.5751
0	6.90738
0	3.88623
0	45.9934
0	171.856
0	1.18081
0	52.4168
0	7.60986
0	209.41
0	15.0555
1	2205.33
0	9.09332
0	53.5596
0	106.393
0	26.1636
0	56.4462
0	2.85662
0	61.1059
0	336.504
0	47.0984
0	1.00878
0	8.02196
0	102.953
0	36.4194
0	192.257
0	13.3761
0	338.223
0	7.21073
0	568.707
0	592.639
0	66.9244
0	78.4804
0	11.1488
0	115.032
0	192.294
0	16.3935
0	86.3933
0	204.249
0	192.863
0	324.695
0	1813.53
0	3.63993
0	2278.3
0	217.339
0	5.08621
0	40.426
0	5.26288
0	35.6357
0	8.37464
0	5.8657
0	54.3403
0	364.307
0	14.5967
0	1.75525
0	5.40094
0	20.9155
0	544.538
0	258.322
0	36.9055
0	34.7903
0	20.917
0	342.37
0	2.92566
0	31.2238
0	52.2616
0	55.265
0	137.643
0	4.53097
0	0.318276
0	6.39333
0	42.1372
0	28.6368
0	1.21476
0	16.1326
0	373.989
0	45.9503
0	9.99212
0	253.845
0	47.0911
0	70.9997
0	10.8732
0	21.9199
0	26.0135
0	635.361
0	12.2234
0	8.62357
0	56.3437
0	121.52
0	41.6014
0	138.599
0	168.216
0	297.097
0	8.80368
0	314.952
0	20.667
0	296.806
0	1.2897
0	5.94352
0	20.6359
0	255.914
0	65.1913
0	36.9516
0	104.468
0	7.13263
0	37.2826
0	35.4536
0	16.188
0	0.694945
0	214.186
0	477.587
0	85.76
0	95.3756
0	15.0711
0	9.07835
0	0.744698
0	56.5995
0	1521.54
0	38.4097
0	15.5528
0	693.738
0	32.3892
0	17.6481
0	242.422
0	15.6809
0	840.928
0	31.196
0	3.23679
0	66.0236
0	277.069
0	59.5277
0	2305.49
0	6.70596
0	0.811446
0	2.95267
0	4.44399
0	124.891
0	512.086
0	24.5365
0	12.706
0	211.732
0	20.9177
0	33.3751
0	15.258
0	291.894
0	11.4701
0	24.1896
0	0.969767
0	43.2955
0	20.3469
0	38.6033
0	385.212
0	21.1024
0	70.5343
0	92.121
0	28.368
0	85.6028
0	371.411
0	93.1025
0	328.212
0	2.90867
0	53.1163
0	247.428
0	79.3734
0	82.7561
0	5.65049
0	339.381
0	12.8465
0	99.1702
0	10.8712
0	4.75992
0	29.4507
0	132.959
0	10.653
0	22.8049
0	87.2608
0	28.706
0	0.316809
0	273.399
0	5.78168
0	0.8211
0	6.72758
0	602.789
0	4254.47
0	4.39532
0	58.954
0	118.711
0	285.008
0	22.258
0	43.574
1	3874.94
0	889.828
0	21.4987
0	3.14914
0	628.554
0	40.3062
0	41.0078
0	297.542
0	2.41024
0	41.3215
0	7.46246
0	121.083
0	34.7857
0	177.983
0	18.7339
0	83.1328
0	29.1416
0	1.75405
0	14.0475
0	17.5366
0	30.3277
0	22.3682
0	56.2696
1	1835.04
0	99.4454
0	12.3066
0	20.3933
0	41.7984
0	209.948
0	22.2272
0	118.475
0	0.218766
0	205.763
0	67.804
0	39.5894
0	141.982
0	10.677
0	12.2264
0	53.5266
0	4.52324
0	485.259
0	32.9679
0	133.943
0	1209.94
0	10.1512
0	23.7096
1	1947.75
0	25.1654
0	69.4581
0	120.584
0	10.788
0	4.67944
0	21.6428
0	17.5868
0	1.74065
0	477.305
0	27.9824
0	10.0902
0	240.651
0	3.02576
0	18.3484
0	153.955
0	4.38697
0	102.193
0	31.946
0	31.5062
0	27.639
0	24.8584
0	4.36729
0	42.6681
0	26.9604
0	26.6765
0	191.818
0	5.78411
0	1655.58
0	82.3014
0	17.6203
0	3.05949
0	34.813
0	203.601
0	28.2317
0	145.345
0	34.2032
0	23.5006
0	125.045
0	6.72105
0	3.79483
0	15.9767
0	8.0303
0	906.249
0	134.514
0	86.6463
0	13.4925
0	48.6029
0	894.792
0	11.9616
0	247.844
0	46.246
0	131.484
0	34.7407
0	108.111
0	7.59951
0	8.2412
0	344.039
0	12.0945
0	113.594
0	4979.99
0	37.519
0	16.1963
0	3.89678
0	1600.69
0	237.692
0	89.0615
0	20.5904
0	10.151
0	14.729
0	2.36498
0	238.531
0	11.4267
0	62.5459
0	90.6638
0	6.19183
0	405.389
0	8.59371
0	7.46459
0	0.618104
0	28.1125
0	991.647
0	3.01908
1	4666.46
0	57.5797
0	28.5166
0	41.734
0	138.09
0	72.3595
0	11.3879
0	106.645
0	83.4298
0	78.1208
0	766.377
0	19.6628
0	4.13236
0	0.93346
0	46.9884
0	0.454689
0	44.2485
0	144.698
0	335.902
0	136.585
1	1971.97
0	60.0043
0	295.467
0	6.54982
0	45.5868
0	287.015
0	16.5721
0	301.928
0	4.86028
0	1476.7
0	2.53553
0	401.227
0	3.91346
0	60.559
0	3019.71
0	6.20235
0	135.511
0	67.3297
0	41.5684
0	8.59922
0	19.1269
0	274.489
0	184.856
0	70.8291
0	512.333
0	26.2838
0	9.0962
0	46.7467
0	30.3776
0	93.6278
0	71.1388
0	18.6642
0	129.051
0	169.127
0	10.1214
0	58.5582
0	24.1235
0	1.95941
0	3.11313
0	36.8398
0	42.8707
0	45.4425
0	52.2103
0	7.92943
0	32.1078
0	230.626
0	2.26913
0	54.9717
0	818.85
0	59.4016
0	870.217
0	10.6314
0	420.995
0	89.2131
0	3.26785
0	56.6144
0	9.96479
0	10.0052
0	149.027
0	92.8059
0	43.7444
0	23.3797
0	39.7389
0	25.9599
0	1.14731
0	122.457
1	2365.2
0	83.3058
0	6.97779
0	4.05181
0	5.0547
0	24.902
0	7.68511
0	7.42835
0	37.1004
0	1.98799
0	1.81928
0	11.1745
0	150.441
0	66.71
0	60.7981
0	208.357
0	206.915
0	665.919
0	45.1834
0	170.824
0	330.646
0	54.7502
0	55.062
0	159.799
0	79.8422
0	33.3301
0	66.1777
0	63.3548
0	276.052
0	657.251
0	27.1787
0	23.7135
0	54.8388
0	5.05923
0	89.153
0	2.27696
0	539.341
0	349.798
0	146.142
0	745.237
0	117.549
0	1.68274
0	6.45121
0	34.6023
0	18.6923
0	27.5485
0	15.4325
0	268.374
0	37.3372
0	1.63166
0	0.315844
0	12.7251
0	56.8643
0	5.82667
0	2.94595
0	255.905
0	14.3407
0	6.66307
0	236.303
0	18.0995
0	218.446
0	10.5498
0	22.5556
0	635.987
0	28.2072
0	13.7682
0	12.4903
0	1258.68
0	26.7309
0	28.7125
0	92.6742
0	355.15
1	682.128
0	66.2386
0	39.4063
0	246.459
0	236.066
0	16.087
0	59.9051
0	202.393
0	8.85439
0	5.60845
0	2.64762
0	88.0629
0	19.6293
0	21.853
0	560.871
0	12.11
0	50.4597
0	20.9793
0	0.163697
0	18.1815
0	21.5894
0	44.5704
0	561.28
0	68.4798
0	49.781
0	1.28054
0	632.871
0	0.69414
0	18.6931
0	144.171
0	275.481
0	107.463
0	106.588
0	30.1687
0	102.644
0	190.086
0	73.3043
0	13.9446
0	86.6422
0	219.82
0	7.70425
0	103.411
0	7.70262
0	58.5443
0	10.6935
0	35.7992
0	231.45
0	71.571
0	128.268
0	41.4533
0	7.01856
0	174.137
0	17.1637
0	38.8959
0	521.774
1	1058.37
0	848.606
0	9.79105
0	10.9101
0	154.545
0	13.3436
0	89.0075
0	1.50647
0	821.641
0	1.76644
0	789.964
0	47.1364
0	58.1764
0	83.2705
0	27.4258
0	9.96221
0	100.299
0	240.327
0	15.1047
0	6.17051
0	19.4414
0	137.012
0	29.02
0	68.2212
0	31.6274
0	70.0957
0	2.8094
0	29.1451
0	93.6804
0	0.425828
0	51.1437
0	139.316
0	19.2581
0	42.4461
0	22.9934
0	82.9486
0	4.68333
0	125.008
0	920.745
0	10.3064
0	10.9326
0	8.61962
0	116.736
0	13.0633
0	25.7114
0	13.8703
0	15.3888
0	4.69585
0	206.453
0	3.56311
0	132.411
0	42.8305
0	18.0298
0	61.3694
0	66.1583
0	4.49753
0	14.2558
0	219.853
0	170.16
0	11.1922
0	6.52771
0	20.9033
0	202.279
0	4.78071
0	55.6578
0	64.2367
0	31.1001
0	11.1039
0	119.634
0	443.376
0	143.117
0	2402.63
0	0.522954
0	83.2639
0	191.598
0	131.694
0	71.2325
0	39.2912
0	2.19919
0	60.4053
0	21.1362
0	23.8646
0	31.2011
0	63.8645
0	5.28896
0	49.0775
0	17.0955
0	3.44033
0	4.19407
0	127.742
0	116.577
0	15.6689
1	1336.1
0	11.2421
0	15.3252
0	20.3676
0	1329.71
0	64.1351
0	118.916
0	258.675
0	2.07146
0	29.5964
0	31.7552
0	21.0906
0	968.062
0	75.81
0	83.47
0	237.072
0	12.8689
0	20.5591
0	16.3279
0	6.40994
0	711.561
0	12.9485
0	272.899
0	21.5112
0	27.5115
0	321.745
0	59.7858
0	177.572
0	2621.34
0	23.8655
0	23.6522
0	8.39533
0	16.3916
0	228.586
0	525.589
0	27.4846
0	63.6608
0	57.4282
0	5598.04
0	36.2847
0	594.513
0	31.8435
0	140.683
0	18.7697
0	67.1638
0	5.72035
0	2.28567
0	99.6877
0	26.7021
0	157.66
0	0.654408
0	237.471
0	132.723
0	11.1992
0	42.0753
0	79.5438
0	493.073
0	32.483
0	7.46613
0	0.479238
0	70.2584
0	8.66813
0	525.536
0	40.5092
0	34.3888
0	30.7567
0	16.6355
0	4.39445
0	426.645
0	18.1403
0	3.14251
0	70.1252
0	188.953
0	19.016
0	11.0705
0	20.8343
0	1.98421
0	1485.77
0	954.942
0	8.17222
0	0.897285
0	185.565
0	185.563
0	281.208
0	12.887
0	25.0337
0	93.0296
0	3.62028
0	90.3168
0	496.929
0	77.8687
0	90.1699
0	2.38881
0	74.0787
0	135.525
0	28.0817
0	374.569
0	1285.44
0	107.605
0	18.5467
0	12.4911
0	259.54
0	8.57743
0	75.7607
0	1023.31
0	2.41287
0	614.373
0	11.5158
0	8.13475
0	173.807
0	30.9528
0	20.4666
0	13.6923
0	3.22627
0	40.2148
0	875.587
0	28.8856
0	25.3683
0	23.4579
0	922.24
0	69.6188
0	30.8613
0	31.7654
0	74.1453
0	78.8496
0	40.3391
0	9.09204
0	3586.2
0	5.39822
0	3.11091
0	76.6815
0	2898.16
0	64.7847
0	73.5613
0	4.46284
0	3.88355
0	16.8941
0	509.273
0	25.4257
0	22.3213
0	35.6006
0	43.1623
0	6.87921
0	4.10771
0	347.513
0	50.9193
0	13.4595
0	5.15818
0	1.17478
0	1026.42
0	136.164
0	133.041
0	31.5606
0	155.882
0	30.7348
0	91.6073
0	63.1309
0	24.9346
0	15.4402
0	3.24633
0	1424.3
0	10.1053
0	366.253
0	920.742
0	8.07288
0	186.524
0	305.975
0	11.5152
0	151.137
0	5.23827
0	86.0479
0	80.9191
0	339.619
0	318.234
0	201.852
0	31.3995
0	42.4764
0	4120.3
0	163.499
0	1.37382
0	284.706
0	1.42946
0	13.5593
0	12.4246
0	46.4709
0	2.5585
0	15.5477
0	52.9423
0	25.1686
0	587.9
0	124.388
0	106.241
0	8.42046
0	78.459
0	81.4184
0	29.2857
0	15.2406
0	0.245353
0	417.988
0	1562.04
0	104.049
0	14.9722
0	29.6635
0	89.6395
0	16.5073
0	229.908
0	245.311
0	1078.55
0	50.0748
0	66.2734
0	76.4535
0	533.433
0	42.7632
0	24.861
0	10.2879
0	28.755
0	43.832
0	74.6695
0	37.5656
0	52.947
0	10.3287
0	405.962
0	74.6271
0	11.4691
0	0.977865
0	43.3724
0	51.9588
0	73.9973
0	325.498
0	16.6403
0	4.26479
0	10.741
0	52.4961
0	130.875
0	2.04821
0	35.6104
0	28.6232
0	149.344
0	147.206
0	219.559
0	31.7074
0	18.3745
0	1221.38
0	122.823
0	82.8151
0	128.013
0	10.333
0	8.67197
0	23.3195
0	22.8299
0	6.29575
0	82.6706
0	518.658
0	583.168
0	123.599
0	16.4441
0	54.1432
0	408.021
0	139.807
0	20.7823
0	214.847
0	629.964
0	0.382348
0	86.6859
0	232.993
0	149.64
0	72.8437
0	10.0537
0	59.0931
0	32.7006
0	3.33601
1	658.584
0	27.006
0	30.7962
0	12.7807
0	1.02167
0	809.123
0	789.372
0	73.8066
0	27.729
0	108.704
0	442.506
0	0.202861
0	21.7195
0	4.22419
0	13.3343
0	0.929198
0	17.2418
0	38.0885
0	4.35022
0	9.38585
0	17.3457
0	17.9767
0	208.897
0	298.723
0	38.5947
0	28.3868
0	100.975
0	82.8273
0	15.7942
0	67.0067
0	107.204
0	32.6169
0	14.1101
0	42.8198
0	48.1402
0	10.9561
0	60.2653
0	943.531
0	15.3651
0	41.9902
0	7.57639
0	23.0595
0	244.214
0	56.3348
0	12.331
0	8.53305
0	11.8617
0	148.818
0	47.275
0	46.6536
0	0.533943
0	14.021
0	3.13044
0	1.60072
0	30.0704
0	61.6917
1	2757.5
0	125.721
0	65.4044
0	137.029
0	1.11107
0	171.781
0	65.7681
0	2.71383
0	0.646464
0	58.918
0	7.1163
0	6.68254
0	31.1355
0	367.543
0	11.2169
0	7.85799
0	7.60699
0	5.91881
0	8.89179
0	143.069
0	3.05989
0	33.5134
0	49.1351
0	54.7863
0	50.0303
0	29.4272
0	697.673
0	34.784
0	65.1672
0	0.0581055
0	9.64679
0	5.32671
0	0.426603
0	64.0701
0	6.17673
0	10.2248
0	12.8286
0	8.70157
0	24.7266
0	24.5006
0	36.9148
0	7.06413
0	43.0022
0	1.01852
0	36.521
0	435.751
0	706.179
1	563.79
0	0.59657
0	14.3585
0	15.1414
0	16.4825
0	156.009
0	8.78265
0	38.4025
0	3.17893
0	260.339
0	2.44334
0	713.596
0	18.6937
0	152.997
0	51.7024
0	3.14794
0	919.957
0	257.899
0	68.8019
0	20.916
0	45.5912
0	8.32979
0	2.47426
0	6.00412
0	56.9543
0	8.59645
0	1.57533
0	311.912
0	48.1177
0	50.8008
0	1145.61
0	39.3541
0	6.26085
0	155.811
0	74.0603
0	62.5716
0	94.7587
0	62.6677
0	123.884
0	16.2962
0	114.376
0	56.8183
0	731.056
0	4.5082
0	13.0185
0	80.2291
0	1161.79
0	129.968
0	52.0385
0	3.9192
0	30.9757
0	33.4832
0	106.603
0	6.79585
0	1.83194
0	34.4183
0	3.07369
0	18.4059
0	99.6868
0	11.0408
0	14.3985
0	176.694
0	41.4435
0	231.553
0	104.392
0	305.911
0	229.482
0	80.4902
0	15.8397
0	71.1207
0	79.9536
0	141.27
0	29.7037
0	35.0695
0	358.562
0	134.437
0	33.1322
0	230.187
0	66.3832
0	65.6513
0	0.881919
0	251.592
0	41.4258
0	14.4689
0	19.9524
0	13.5628
0	6.99957
0	60.533
0	130.238
0	1005.46
0	44.1821
0	28.681
0	2.61578
0	204.067
0	21.1142
0	43.5826
0	5.14098
0	33.6172
0	0.123854
0	14.1991
0	24.3642
0	17.0542
0	34.3391
0	826.033
0	26.6409
0	171.618
0	16.8367
0	281.008
0	19.5862
0	20.9355
0	126.636
0	24.2019
0	1.46448
0	2.57546
0	119.921
0	3.22585
0	58.2297
0	4.23499
0	1.76678
0	319.475
0	69.7134
0	21.0176
0	12.1502
0	32.9164
0	57.8279
0	2.18224
0	5.63624
0	46.0744
0	17.9619
0	47.7733
0	31.3851
0	16.8854
0	39.8521
0	0.251627
0	10.52
1	1129.92
0	58.4762
0	70.0309
0	151.875
0	18.6667
0	326.337
0	23.926
0	22.0528
0	217.648
0	24.4098
0	37.1963
0	64.4654
0	79.9169
0	45.2587
0	9.30769
0	9.12339
0	44.4575
0	45.0661
0	260.862
1	1795.05
0	22.22
0	3.4074
0	51.7829
0	3.44386
0	368.767
0	37.0364
0	39.4089
0	79.9333
0	3.01001
0	10.0026
0	14.1277
0	15.628
0	5.61395
0	57.1867
0	124.19
0	9.51943
0	131.245
0	3.48063
0	17.8476
0	38.2291
0	1683.51
0	5.12606
0	66.8817
0	158.17
0	26.8236
0	0.414832
0	18.922
0	11.6454
0	2.14324
0	36.2168
0	33.1492
0	33.8235
0	176.199
0	652.969
0	123.433
0	33.205
0	7.29809
0	257.622
0	78.7262
0	3.86093
0	3.88047
0	56.2706
0	22.1731
0	7.35131
0	60.7287
0	5.48945
0	206.574
0	83.0642
0	362.124
0	55.2517
0	168.48
0	57.5771
0	43.3688
0	245.422
0	165.805
0	4.73194
0	173.273
0	16.4134
0	0.602646
0	0.767618
0	122.348
0	15.5498
0	103.204
0	26.9021
0	1.58036
0	81.411
0	36.0674
0	124.945
0	105.336
0	72.195
0	121.605
0	180.558
0	109.002
0	3.44352
0	11.0133
0	11.7286
0	615.247
0	194.05
0	66.2261
0	16.5543
0	55.1923
0	22.0476
0	544.439
0	400.928
0	171.431
0	39.3055
0	640.899
0	150.766
0	78.1936
0	27.4685
0	3.70838
0	23.3918
0	316.371
0	38.082
0	11.5958
1	1700.16
0	313.608
0	3.29893
0	5.30161
0	96.4463
0	3.15061
0	26.5769
0	6.69184
0	59.9895
0	1146.15
0	115.063
0	43.2061
1	2764.32
0	60.84
0	874.776
0	23.3183
0	261.797
0	28.0896
0	13.5556
0	886.913
0	533.239
0	2.60107
0	126.359
0	14.3196
0	5.67608
0	68.9818
0	98.7907
0	19.3363
0	80.8384
0	202.872
0	0.361529
0	79.096
0	32.524
0	62.0196
0	67.8901
0	135.871
0	77.1907
0	20.2624
0	703.105
0	1892
0	19.0434
0	130.811
0	37.017
0	22.8686
0	1220.64
0	173.221
0	23.766
0	39.7636
0	281.982
0	0.395944
0	24.9303
0	62.3933
0	565.9
0	224.308
0	66.358
1	1993.56
0	247.878
0	2.74073
0	6831.12
0	872.659
0	17.3674
0	22.8578
0	62.7572
0	63.267
0	49.6949
0	10.6554
0	79.2384
0	7.38644
0	270.27
0	435.387
0	128.37
0	43.436
0	276.584
0	12.4886
0	57.4545
0	19.9799
0	35.4373
0	42.6114
0	73.6392
0	70.7974
0	35.3963
0	616.751
0	47.4941
0	30.1688
0	25.842
0	22.0159
0	764.829
0	92.8014
0	13.1539
0	5.52181
0	1.41237
0	13.6817
0	39.9466
0	20.3475
0	80.1193
0	0.152733
0	7.70268
0	3115.3
0	8.8332
0	56.1164
0	41.8209
0	210.033
0	9.02267
0	10.7011
0	109.984
0	189.521
0	268.734
0	6.16982
0	15.9717
0	15.1381
0	35.3618
0	52.386
0	25.1966
0	154.845
0	226.758
0	724.687
0	26.4307
0	30.8725
0	210.111
0	132.337
0	18.6905
0	4.40438
0	6.9986
0	33.2262
0	24.3422
0	284.206
0	18.1017
0	67.6123
0	23.9337
0	4.16252
0	99.1875
0	90.0467
0	52.0489
0	1.91667
0	0.954209
0	20.4156
0	165.63
0	403.747
0	27.542
0	11.0387
0	448.628
0	184.315
0	49.3515
0	81.2551
0	7.74478
0	73.2726
0	4.64136
0	6.58801
0	51.5648
0	427.326
0	3.92483
0	89.1827
0	7.73967
0	0.467272
0	20.5231
0	22.4531
0	198.579
1	973.547
0	58.2477
0	40.214
0	23.4943
0	204.39
0	81.4351
0	1.52362
0	371.274
0	11.0705
0	39.2659
0	15.8605
0	376.348
0	29.514
0	1.48858
0	208.228
0	78.1535
0	38.6407
0	102.775
0	4.30778
0	257.288
0	6.49862
0	462.565
1	727.556
0	290.051
0	442.239
0	3.27144
0	18.1896
0	19.3457
0	94.1161
0	333.563
0	787.881
0	25.9643
0	2.57258
0	53.4697
0	32.6641
0	6.47075
0	12.5865
0	7.93319
0	566.028
0	421.825
0	39.1239
0	23.9852
0	85.7053
0	1416.41
0	19.9544
0	139.11
0	6.84689
0	34.9717
0	6.03704
0	729.609
0	3.80503
1	1153.7
0	244.092
0	114.429
0	1.22769
0	460.513
0	108.04
0	74.8918
0	124.929
0	40.6325
0	23.4736
0	19.7123
0	121.742
0	62.5362
0	4.96937
0	67.3247
0	90.986
0	23.4313
0	20.8767
0	633.076
0	22.4799
0	25.5986
0	64.4627
0	3.55673
0	0.29525
1	778.731
0	564.878
0	30.0802
0	122.029
0	323.277
0	33.2302
0	81.5069
0	33.9574
0	17.8042
0	5.77869
0	39.7695
0	69.8808
0	55.0272
0	35.7207
0	16.0701
0	918.265
0	2.44385
0	23.5577
0	109.53
0	4.0029
0	1.45816
0	44.542
0	25.4669
0	49.8249
0	72.9098
0	63.6737
0	79.2793
0	8.77188
0	707.456
0	2515.26
0	2.3768
0	126.801
0	38.3498
0	40.0128
0	29.6885
0	102.691
0	256.441
0	61.7111
0	21.1596
0	32.3894
0	17.5145
0	64.7418
0	38.3784
0	19.7138
0	2.02167
0	34.0136
0	5.04386
0	79.4337
0	158.635
0	8.29539
0	54.4761
0	18.294
0	125.795
0	83.1227
0	486.831
0	27.8492
0	71.6581
0	5.13775
0	72.1975
0	8.02409
0	51.4239
0	36.9756
0	2.89761
0	206.209
0	98.644
0	177.753
0	36.259
0	116.35
0	49.7352
0	1.28625
0	84.0847
0	43.9794
0	52.3868
0	21.1937
0	18.4357
0	38.4472
0	12.0902
0	15.6858
0	8.33172
0	165.147
0	751.95
0	345.469
0	0.544682
0	506.017
0	40.2616
0	70.7927
0	10.2122
0	409.762
0	456.797
0	8.12285
0	45.2224
0	61.8437
0	135.799
0	40.9648
0	4.99146
0	53.0946
0	0.0455219
0	13.612
0	30.6455
0	41.0358
0	16.2739
0	47.4953
0	303.222
0	544.676
0	7.90804
0	172.601
0	14.858
0	968.083
0	44.5061
0	41.3909
0	74.4794
0	2.63886
0	26.4183
0	378.458
0	5.33053
0	325.04
0	14.9225
0	2401.3
0	235.387
0	350.883
0	1.96428
0	30.2421
0	442.67
0	18.6351
0	3.38893
0	1.99578
0	503.822
0	165.537
0	251.829
0	157.706
0	167.799
0	8.98484
0	94.8914
0	26.9047
0	77.1839
0	38.3884
0	5.19597
0	1.12575
0	12.4528
0	625.92
0	18.8077
0	60.9802
0	10.107
0	108.092
0	705.701
0	142.552
0	89.9324
0	25.9727
0	804.569
0	2.48048
0	6.77355
0	1105.59
0	3.93936
0	150.958
0	42.9579
0	307.937
0	4.42735
0	15.565
0	3239.66
0	10.2666
0	53.8501
0	212.538
0	351.652
0	9.6807
0	28.2025
0	271.205
0	210.615
0	580.588
0	40.0117
0	2.0703
0	1940.32
0	141.638
0	7.2316
0	58.3037
0	7.65729
0	47.7667
0	3.97659
0	1.39349
0	3.18574
0	1.72854
0	9.9557
0	4.24237
0	226.711
0	20.2647
0	23.4528
0	145.836
0	9.85997
0	8.06748
0	74.971
0	58.2431
0	7.32224
0	12.489
0	39.24
0	54.6039
0	45.9966
0	5.51746
0	10.7461
0	102.62
0	10.278
0	8.67788
0	30.2425
0	22.5597
0	146.8
0	370.374
0	54.7739
0	14.0511
0	6.31638
0	150.374
0	222.044
0	127.536
0	24.9323
0	3.67695
0	4.56517
0	160.32
0	8.03626
0	63.612
0	5.27407
0	49.9547
0	3.54402
0	26.387
0	4.06832
0	10.3552
0	56.9116
0	517.968
0	10.8402
0	42.0572
0	38.2192
0	13.7854
0	79.5671
0	21.743
0	4.5873
0	376.813
0	19.728
0	114.313
0	564.205
0	29.4534
0	343.899
0	28.5017
0	146.697
0	25.8275
0	40.1598
0	14.242
0	203.896
0	2.23777
0	64.9891
0	3.55091
0	123.47
0	800.136
0	143.077
0	142.415
0	91.8892
0	46.8285
0	3.92574
0	13.6392
0	17.8451
0	10.5618
0	31.4472
0	20.0682
0	132.284
0	108.853
0	21.3299
0	8.26089
0	5.74317
0	326.831
0	40.6553
0	23.5067
0	172.798
0	28.7293
0	6.11476
0	759.3
0	10.6128
0	34.1485
0	27.9067
0	55.7567
0	3.76376
0	3.42768
0	118.612
0	135.592
0	11.1811
0	742.597
0	454.695
0	132.438
0	49.2862
0	44.0128
0	40.0071
0	8.46401
0	53.8425
0	18.1346
0	369.789
0	7.45329
0	33.8623
0	3.37843
0	28.3171
0	33.3387
0	194.585
0	30.1188
0	192.615
0	3.8137
0	18.3193
0	0.524769
0	11.0954
0	6.94932
0	36.7914
0	21.1274
0	314.094
0	1.14077
0	8.20033
0	186.203
0	361.162
0	534.039
0	2336.96
0	49.8306
0	8.31091
0	163.076
0	18.5958
0	21.2667
0	231.937
0	7.99761
0	26.624
0	3.84072
0	11.3182
0	85.1937
0	302.079
0	19.5467
0	253.283
0	87.6331
0	30.6807
0	27.9638
0	98.1517
0	33.0905
0	32.1168
0	89.1153
0	2.60494
0	13.4347
0	22.4312
0	8.64278
0	27.6541
0	13.5496
0	2.74793
0	205.685
0	2.6546
0	230.449
0	352.167
0	198.867
0	335.025
0	28.9668
0	6.99676
0	13.9122
0	80.8577
0	136.837
0	13.6985
0	209.034
0	26.6151
0	11.0862
0	95.0765
0	2.58142
0	3.16407
0	1252.58
0	17.9181
0	26.2773
0	148.713
0	93.1284
0	23.6068
0	9.919
0	6.10611
0	4.45185
0	1140.65
0	305.272
0	8.2221
0	1.9097
0	42.6245
0	18.6271
0	972.73
0	9.12262
0	24.6785
0	18.4459
0	6.42652
0	31.1147
0	27.6894
0	202.252
0	20.7357
0	7.92899
0	113.138
0	59.0544
0	243.658
0	13.7443
0	22.6219
0	214.14
0	5.70644
0	8.85818
0	7.10731
0	127.368
0	6.99758
0	10.3992
0	34.08
0	104.156
0	0.774875
0	26.7976
0	146.141
0	131.931
0	87.9927
0	13.2295
0	2.84635
0	28.6202
0	179.314
0	49.2897
0	35.966
0	271.304
0	32.5353
0	45.1225
0	379.12
0	31.4354
0	266.069
0	18.2587
0	13.0153
0	0.427273
0	6.73593
0	1241.03
0	16.7697
0	1.18591
0	485.59
0	34.84
0	7.0177
0	220.927
0	25.3548
0	141.587
0	399.989
0	815.693
0	6.86081
0	798.67
0	295.453
0	155.923
0	47.6123
0	14.912
0	21.4355
0	15.8278
0	5.17669
0	9.54267
0	142.797
0	81.8912
0	1750.64
0	171.835
0	119.705
0	1096.19
0	15.6738
0	27.9584
0	472.681
0	27.7095
0	580.75
0	106.044
0	155.948
0	8.22846
0	201.027
0	11.1943
0	68.9998
0	29.8233
0	5.13434
0	12.0846
0	6.76517
0	32.7811
0	149.718
0	6.7358
0	157.206
0	0.611686
0	2.07743
0	37.3088
0	29.6879
0	60.7969
0	11.1962
0	5.44615
0	352.98
0	126.718
0	8.51395
0	25.3202
0	96.19
0	18.955
0	90.9575
0	13.6281
0	714.371
0	46.7434
0	19.9497
0	5.70427
0	151.243
1	1087.45
0	30.0184
0	1342.26
0	15.8776
0	5.4419
0	12.4118
0	917.025
0	19.341
0	959.571
0	20.1432
0	33.2695
0	57.199
0	114.538
0	174.393
0	12.3612
0	39.4241
0	3.9462
0	17.1952
0	44.4849
0	2.04938
0	13.1399
0	108.222
0	28.25
0	179.802
0	70.2096
0	71.4234
0	1192.2
0	4.07159
0	3.2799
0	13.4135
0	80.7719
0	160.965
0	115.443
0	348.066
0	8.8924
0	91.5172
0	0.937443
0	3311.2
0	164.575
0	73.3126
0	64.1286
0	10.6707
0	181.865
0	149.636
0	20.5149
0	11.9818
0	6.29492
0	24.8186
0	295.616
0	13.4756
0	33.1154
0	35.5729
0	53.1534
0	21.3581
0	4.93516
0	10.5788
0	11.8238
0	0.812976
0	37.7032
0	21.0633
0	447.118
0	11.8748
0	3.44925
0	37.7143
0	38.291
0	75.4267
0	71.8037
0	1.13032
0	33.9526
0	35.8141
0	5.33618
0	46.7393
0	59.0783
0	7.35887
0	4.5654
0	175.33
0	6.74294
0	111.921
0	25.1243
0	2.84198
0	1.83067
0	31.7933
0	0.259246
0	6.70392
0	149.008
0	1.68746
0	818.572
0	93.9602
0	109.489
0	6.02809
0	118.455
0	9.39273
0	42.6224
0	154.535
0	356.889
0	298.964
0	7.0105
0	26.3507
0	20.3627
0	27.2203
0	50.6705
0	4.34596
0	23.4298
0	10.4006
0	15.5379
0	9.7616
0	28.9263
0	6.04509
0	379.874
0	13.0644
0	179.019
0	222.318
0	23.7682
0	9.85469
0	29.2415
0	625.843
0	5.96577
0	25.4249
0	219.828
0	7.9105
0	71.8551
0	65.7745
0	11.8808
0	13.1576
0	29.7385
0	110.95
0	31.9669
0	4.37293
0	103.193
0	57.4261
0	13.4374
0	43.3934
0	134.021
0	0.54463
0	91.4762
0	2.11412
0	289.194
0	37.393
0	0.418233
0	20.6633
0	5.36696
0	1085.48
0	303.245
0	280.002
0	10.3164
0	1.84715
0	67.0406
0	7.71195
0	336.873
0	87.2294
0	194.188
0	23.533
0	1541.67
0	36.117
0	6.75416
0	11.4105
0	2.41369
0	18.9976
0	13.1209
0	19.2635
0	191.926
0	1045.87
0	31.3323
0	77.0529
0	409.719
0	398.045
0	46.6093
0	720.267
0	19.2758
0	140.615
0	21.7911
0	5.3524
0	123.737
0	7.78298
0	581.142
0	25.0081
0	21.6847
0	13.7192
0	219.968
0	0.17708
0	1.462
0	140.168
0	0.825921
0	7.55481
0	11.3939
0	111.11
0	1363.25
0	58.6631
0	8.23651
0	167.858
0	51.2451
0	236.165
0	77.002
0	7.61535
0	34.4779
0	7.95788
0	213.495
0	397.326
0	9.79863
1	1071.06
0	63.8502
0	236.442
0	34.7375
0	1.68866
0	4.84469
0	18.1902
0	63.7076
0	8.75352
0	15.4889
0	52.1274
0	217.228
0	117.795
0	618.699
0	0.948656
0	94.3124
0	86.666
0	17.3303
0	76.3406
0	8.52861
0	48.5585
0	179.398
0	6.64425
0	342.847
0	13.9403
0	14.6691
0	97.7563
0	515.405
0	1159.1
0	869.142
0	1.79561
0	205.072
0	0.80564
0	181.233
0	66.581
0	135.892
0	26.2085
0	7.05622
0	481.348
0	64.7697
0	47.3464
0	107.796
0	75.1405
0	23.691
0	14.8928
0	17.9966
0	102.754
0	396.169
0	33.5718
0	51.8072
0	19.5094
0	309.976
0	247.886
0	79.2926
0	2.86096
0	103.484
0	8.44291
0	209.633
0	0.891095
0	27.4377
0	41.0501
0	2188.39
0	12.5947
0	23.5308
0	150.46
0	53.7291
0	13.0374
0	28.4874
0	60.3505
0	9.93367
0	16.6111
0	39.4272
0	56.4734
0	42.6262
0	109.786
0	52.171
0	4.28352
0	99.2631
0	0.703392
0	8.0095
0	1.18623
0	601.578
0	6.6936
0	75.4436
0	45.5207
0	12.8801
0	203.503
0	32.7501
0	41.8856
0	5.36688
0	89.3753
0	25.7237
0	3.73833
0	815.143
0	268.81
0	3.46534
0	5.85218
0	5.44958
0	42.7071
0	29.5311
0	135.944
0	29.5185
0	75.8035
0	5.46765
0	22.3359
0	0.0912477
0	266.048
0	77.4918
0	1061.49
0	8.11086
0	8.35637
0	8.02777
0	138.969
0	47.9596
0	1.12502
0	408.407
0	24.1439
0	44.4644
0	600.196
0	27.5068
0	34.7711
0	21.5929
0	11.2166
0	22.5744
0	406.23
0	2.05117
0	14.4296
0	57.1858
0	191.919
0	2.03019
0	11.8001
0	40.3521
0	1.61764
0	79.552
0	20.4232
0	59.2716
0	211.912
0	11.3122
0	453.178
0	0.446359
0	17.935
0	161.074
0	71.2439
0	1.28332
0	184.874
0	91.2737
0	56.8885
0	25.4286
0	270.48
0	23.094
0	19.1607
0	491.703
0	48.1214
0	14.1929
0	438.933
0	21.7796
0	2813.59
0	3.95885
0	30.9892
0	111.994
0	23.1919
0	7.01407
0	486.779
0	2.30316
1	1793.81
0	799.24
0	84.1441
0	3.93141
0	20.9853
0	36.5856
0	87.1784
0	16.3478
0	7.56664
0	0.434902
0	0.230994
0	43.8442
0	140.973
0	59.4992
0	331.547
0	10.9561
0	6.76936
0	14.5847
0	79.2356
0	14.2736
0	6.83639
0	10.8938
0	557.424
0	205.749
0	91.3641
0	38.1995
0	170.709
0	35.203
0	1891.39
0	1.39079
0	26.7474
0	209.381
0	18.7672
0	19.7851
0	9.71744
0	14.1609
0	49.8222
0	270.734
0	153.457
0	347.699
0	3.97929
0	51.2239
0	176.745
0	1129.47
0	13.0011
0	28.4336
0	516.676
0	217.122
0	152.626
0	28.5004
0	30.6759
0	46.6616
0	29.5059
0	53.9481
0	131.706
0	306.14
0	4.47329
0	12.6053
0	147.073
0	25.4763
0	4.0318
0	49.613
0	17.7533
0	8.67772
0	35.1317
0	44.2877
0	18.591
0	667.858
0	20.4547
0	32.8283
0	38.8014
0	61.4065
0	7.2947
0	70.206
0	11.9234
0	83.8248
0	3.11069
0	103.868
0	197.527
0	5.23176
0	2.74834
0	207.95
0	12.0006
0	0.423968
0	56.9768
0	225.652
0	60.4357
0	9.31248
0	0.445234
0	72.918
0	36.3341
0	8.93268
0	27.9888
0	16.3919
0	1277.33
0	6.84705
0	426.349
0	2.20894
0	51.1343
0	6.47663
0	133.581
0	910.453
0	189.822
0	108.432
0	49.8535
0	17.4781
0	10.7066
0	9.76053
0	4.5077
0	37.7559
0	17.5597
0	94.2491
0	50.5787
0	18.5943
0	18.8
0	85.2114
0	12.3313
0	519.374
0	21.0962
0	26.913
0	339.793
0	332.358
0	1.05562
0	31.3176
0	8.90379
0	3.43335
0	104.85
0	6.76637
0	34.9811
0	13.4815
0	126.306
0	2.96011
0	237.508
0	1.76218
0	12.0723
0	13.4997
0	114.603
0	15.8685
0	153.719
0	93.1527
0	28.5926
0	8.4711
0	103.667
0	14.1326
0	89.2492
0	9.827
0	58.9887
0	4.56959
0	450.391
0	19.38
0	5.29871
0	132.83
0	47.7755
0	28.0717
0	141.056
0	242.014
0	4.77522
0	0.763774
0	194.286
0	249.773
0	41.9225
0	913.202
0	118.895
0	6.10883
0	170.302
1	2125.32
0	1.58768
0	102.492
0	215.129
0	6.80808
0	1.59344
0	64.2351
0	7.62841
0	13.0696
0	35.4193
0	224.706
0	61.8245
0	934.791
0	49.5429
0	114.373
0	89.0372
0	252.748
0	908.492
0	135.719
0	188.519
0	30.7887
0	14.9
0	780.73
0	692.223
0	159.351
0	55.8678
0	23.3873
0	18.986
0	97.2638
0	93.4223
0	30.1794
0	286.03
0	35.8088
0	8.40149
0	120.167
0	4.74116
0	61.3489
0	62.6225
0	135.67
0	198.529
0	319.9
0	13.1743
0	7.37218
0	23.4268
0	41.855
0	41.5742
0	14.1054
0	13.7256
0	25.6655
0	83.296
0	13.9974
0	48.134
0	12.163
0	0.623839
0	22.1086
0	270.985
0	94.3897
0	7.52163
0	39.7452
0	94.5168
0	51.4346
0	6.18287
0	7.89039
0	100.105
0	0.352313
0	13.6938
0	74.872
0	2290.86
0	2.54857
0	38.4642
0	155.346
0	72.1625
0	28.0086
0	16.085
0	7.76654
0	32.0634
0	8.65966
0	222.746
0	15.1954
0	3.00126
0	197.148
0	1552.15
0	25.7862
0	132.415
0	137.405
0	21.7247
0	41.0084
0	42.8207
0	38.897
0	118.544
0	4.48426
0	319.448
0	18.736
0	28.5459
0	105.149
0	7.74361
0	126.799
0	9.4734
0	184.831
0	7.92814
0	18.6049
0	21.1387
0	121.296
0	622.518
0	276.171
0	20.3786
0	53.7529
0	145.323
0	138.931
0	336.21
0	54.5648
0	54.7652
0	5.39049
0	55.2779
0	74.1664
0	11.6585
0	87.8126
0	398.372
0	67.5696
0	16.9514
0	33.817
0	9.41947
0	13.0599
0	58.127
0	49.8513
0	6.10645
0	4.33509
0	17.459
0	5.78688
0	202.844
0	131.289
0	20.4412
0	22.2067
0	14.8465
0	82.3384
0	2.90063
0	32.1577
0	33.2351
0	55.2315
0	49.6921
0	20.6463
0	15.9123
0	1034.42
0	60.3195
0	3.69982
0	0.206833
0	3.04377
1	3030.98
0	7.43828
0	575.971
0	67.5857
0	279.758
0	112.192
0	27.8671
0	48.9034
0	19.882
0	28.5418
0	90.0273
0	4.59394
0	50.5718
0	269.267
0	31.3358
0	3.0256
1	1560.32
0	351.668
0	82.2875
0	62.8884
0	2541.09
0	46.3538
0	2.76437
0	207.323
0	22.1986
0	87.3754
0	15.6505
0	92.6447
0	2063.28
0	35.778
0	211.5
0	98.3362
0	135.081
0	57.3864
0	490.546
0	9.76461
0	162.904
0	3.99144
0	548.47
0	522.672
0	92.6304
0	125.295
0	10.3254
0	92.3747
0	0.999961
0	30.806
0	9.06406
0	6.39495
0	29.3266
0	4.94072
0	92.1394
0	166.779
0	58.76
0	50.5637
0	1.12147
0	5.78936
0	45.0717
0	91.3798
0	104.188
0	33.5796
0	4.77168
0	78.4954
0	45.9534
0	165.671
0	0.346808
0	48.6793
0	32.0316
0	45.0601
0	26.7177
0	294.749
0	29.9711
0	2.87469
0	48.9628
0	2.01964
0	2.83763
0	31.4525
0	80.1525
0	3.60004
0	64.1163
0	39.2558
0	13.8291
0	486.965
0	26.7333
0	4.42786
0	119.224
0	2.99178
0	11.0302
0	203.784
0	1.30415
0	692.838
0	13.8992
1	2033.56
0	37.7941
0	8.30609
0	9.01346
0	0.353634
0	41.1185
0	440.337
0	68.5612
0	6.23444
0	53.8578
0	150.046
0	11.5539
0	5.48577
0	1.31791
0	10.5771
0	716.506
0	1336.91
0	0.85582
0	229.417
0	19.8783
0	0.0820352
0	47.5286
0	47.0754
1	610.035
0	24.203
0	4.69785
0	23.7629
0	515.911
0	2.81823
0	13.2586
0	70.7246
0	111.122
0	71.1849
0	355.27
0	95.8353
0	8.32348
0	1.0395
0	123.073
0	96.3413
0	25.184
0	13.7518
0	93.7422
0	65.6833
0	116.714
0	108.955
0	18.0255
0	2391.74
0	3.31178
0	57.9786
0	980.666
0	13.1193
0	37.6522
0	557.227
0	46.0829
0	5.16826
0	12.6094
0	63.4231
0	62.3194
0	10.3223
0	132.919
0	10.3175
0	19.3177
0	11.6802
0	1239.18
0	10.4645
0	93.5736
0	56.2471
0	116.827
0	44.4573
0	99.994
0	17.5953
0	42.3658
0	0.276765
0	51.5111
0	5.53085
0	1342.41
0	118.481
0	258.46
0	12.9042
0	56.4237
0	25.819
0	17.86
0	20.8196
0	44.5919
0	576.347
0	189.22
0	30.9304
0	102.091
0	72.2357
0	299.724
0	6.08954
0	62.8232
0	37.736
0	86.6658
0	8.91597
0	166.212
0	12.64
0	21.4614
0	9.01032
0	662.14
1	897.438
0	127.396
0	88.5963
0	34.0797
0	83.3671
0	400.179
0	21.5784
0	21.787
0	8.85993
0	438.328
0	9.53166
0	99.4743
0	99.6854
0	41.5789
0	395.058
0	1410.76
0	106.32
0	2.30332
0	48.9989
0	21.6425
0	110.077
0	19.5615
0	124.953
0	38.1237
0	434.917
0	141.952
0	7.39325
0	9.08386
0	95.8837
0	35.6895
0	39.7772
0	3.86843
0	57.1677
0	111.959
0	76.5792
0	118.813
0	50.2805
0	315.352
0	1.15779
0	21.0892
0	168.217
0	16.2332
1	1243.31
0	2.86769
0	0.682858
0	10.4203
0	141.525
0	6.89893
0	9.33771
0	130.894
0	31.5582
0	11.3141
0	34.8797
0	9.15663
0	700.079
0	1.58393
0	58.6526
0	8.60113
0	12.7789
0	5.41289
0	19.1372
0	71.3167
0	37.8417
0	38.391
0	38.5721
0	4.45007
0	15.9727
0	89.1468
0	4.94531
0	85.2961
0	18.2032
0	179.868
0	131.276
0	17.8805
0	9.83713
0	302.914
0	6.40314
0	985.013
0	3.08704
0	26.4889
0	22.6507
0	66.8679
0	454.391
0	18.4768
0	4.59417
0	180.038
0	56.8791
0	4.306
0	56.3074
0	78.9074
0	12.9469
0	408.691
0	3.66496
0	65.9641
0	2179.36
0	331.561
0	16.5
0	5.92474
0	5.07686
0	0.389721
0	33.0299
0	129.485
0	4.04585
0	80.3296
0	363.888
0	15.9015
0	18.1566
0	34.3893
0	5.72488
0	106.19
0	59.6824
0	5.08147
0	34.8658
0	280.62
0	296.31
0	2.36602
0	9.99421
0	28.0351
0	10.5131
0	46.3912
0	21.4036
0	10.4935
0	123.148
0	7.40869
0	3.79072
0	207.472
0	58.4004
0	107.533
0	11.0323
0	51.266
0	19.239
0	26.6301
0	1.81816
0	6.11159
0	93.3055
0	4.79464
0	8.98661
0	28.1013
0	28.0359
0	27.3122
0	614.116
0	97.5615
0	6.76424
0	18.9221
0	709.85
0	14.5667
0	163.964
0	52.8399
0	6.02027
0	53.5222
0	7.50932
0	277.171
0	221.359
0	2352.61
0	2.39069
0	14.3109
0	9.12857
0	32.3673
0	64.1001
0	506.336
0	607.148
0	77.7206
0	31.9951
0	211.655
0	24.3256
0	84.6772
0	44.5559
0	132.108
0	48.2126
0	519.274
0	30.152
0	11.1742
0	216.666
0	19.5177
0	55.3489
0	12.3315
0	20.3427
0	26.6401
0	12.6227
0	90.3382
0	118.073
0	17.5274
0	192.297
0	14.9486
0	38.5843
0	29.6108
0	28.9768
0	4.13574
0	0.919999
0	22.0171
0	1.92957
0	99.8464
0	39.1601
0	70.1508
0	46.5468
0	21.4725
0	0.203038
0	189.309
0	1670.39
0	11.5647
0	29.4691
0	31.2132
0	18.7101
0	30.7043
0	13.7081
0	9.18237
0	1151.35
0	15.3747
0	231.813
0	62.3587
0	3.29711
1	821.87
0	71.9812
0	21.5107
0	608.036
0	0.946244
0	132.045
0	14.7402
0	308.867
0	21.59
0	53.2982
0	15.1791
0	49.9602
0	10.7486
0	8.57729
0	2.06782
0	29.9866
0	7.76902
0	22.0158
0	134.821
0	199.01
0	25.9246
0	8.99897
0	52.2504
0	11.0023
0	302.776
0	89.9083
0	13.7138
0	3.8224
0	2.67737
0	77.5038
0	7.51438
0	71.5798
0	39.0807
0	192.493
0	193.819
0	2.05721
0	51.7621
0	190.19
0	255.224
0	73.1024
0	337.993
0	56.4629
0	214.446
0	6.78127
0	180.127
0	59.3979
0	21.78
0	52.7708
0	6.06494
0	89.8002
0	32.0264
0	1.24566
0	136.273
0	3.7945
0	155.293
0	68.3165
0	91.7331
0	21.253
0	69.6375
0	1.96594
0	46.7816
0	161.761
0	5.29666
0	15.6782
0	16.326
0	28.7185
0	30.7622
0	205.356
0	3.94263
0	10.7024
0	2.21212
0	11.698
0	8.569
0	11.7383
0	19.0546
0	46.8045
0	38.7187
0	5.55799
0	0.187075
0	44.8023
0	18.6488
0	106.584
0	2.18419
0	0.684566
0	2297.41
0	1.11511
0	55.285
0	96.2071
0	209.388
0	4.40813
0	0.317486
0	0.746313
0	216.72
0	50.8216
0	25.1945
0	18.4251
0	33.7235
1	6497.53
0	11.7081
0	393.408
0	43.6814
0	193.275
0	172.181
0	205.317
0	57.7881
0	404.319
0	437.915
1	2182.07
0	42.0992
0	14.5755
0	123.712
0	7.74071
0	436.659
0	37.133
0	407.197
0	152.508
0	45.6518
0	62.0861
0	35.9638
0	29.1935
0	1533.65
0	44.6432
0	57.7326
0	493.428
0	21.19
0	211
0	62.3739
0	8.05721
0	73.6048
0	8.60293
0	9.76315
0	79.3415
0	9.1912
0	26.4093
0	176.304
0	0.020487
0	2.74735
0	21.6774
0	55.182
0	364.941
0	15.9426
0	2.06646
0	10.9671
0	14.0815
0	76.0131
0	123.147
0	45.2443
0	14.9704
0	8.5842
0	110.277
0	34.7381
0	18.7001
0	2.64205
0	48.4162
0	36.5836
0	7.25121
0	254.538
0	7.60263
0	236.354
0	36.0993
0	26.039
0	77.5562
0	26.3207
0	112.975
0	162.63
0	142.45
0	136.46
0	216.919
0	15.6957
0	32.3285
0	65.3905
0	85.2953
0	49.0105
0	118.9
0	44.4685
0	2.81101
0	58.0943
0	244.934
0	76.8275
0	6.65347
0	85.5819
0	20.4025
0	188.406
0	2.92648
0	67.01
1	802.051
0	578.3
0	9.57482
0	13.2006
0	151.38
0	16.6609
0	82.1466
0	7.02253
0	10.8806
0	23.4885
0	93.3293
0	23.6444
0	3.81532
0	21.0645
0	31.08
0	727.768
0	414.726
0	72.4148
0	141.613
0	15.3465
0	351.181
0	37.5464
0	22.767
0	36.2411
0	63.6697
0	9.27097
0	63.9588
0	13.6751
0	1.10479
0	6.63793
0	45.376
0	47.595
0	16.6744
0	2286.14
0	41.4002
0	97.4014
0	13.32
0	46.9944
0	259.287
0	258.327
0	589.153
0	7.98786
0	52.3705
0	208.666
0	82.4949
0	5.93048
0	28.7102
0	942.547
0	11.9254
0	23.6003
0	9.82267
0	740.965
0	27.8089
0	14.7856
1	1728.29
0	0.641385
0	127.795
0	172.743
0	4.89351
0	9.85799
0	23.5525
0	4.31667
0	8.42471
0	68.5425
0	37.6272
0	20.1844
0	61.0189
0	23.6518
0	61.4292
0	475.302
0	21.1549
0	202.195
0	5.69369
0	178.384
0	69.4928
0	192.968
0	7.19698
0	39.9461
0	26.0673
0	61.3459
0	11.9975
0	40.2618
0	56.8493
0	11.7051
0	112.852
0	191.589
0	168.623
0	36.1348
0	24.38
0	293.978
0	39.5482
0	40.815
0	37.7753
0	4.58025
0	40.98
0	113.533
0	1.97331
0	141.303
0	632.359
0	104.339
0	68.1572
0	43.3241
0	81.5741
0	86.8065
0	38.6929
0	107.036
0	50.5437
0	10.9016
0	83.8901
0	35.0514
0	7.97678
0	21.4756
0	187.752
0	135.245
0	1.55511
0	11.1318
0	2.08736
0	110.781
0	49.7208
0	0.137572
0	1.50839
0	65.281
0	6.94458
0	14.5764
0	1519.92
0	57.916
0	110.62
0	18.3234
0	23.9382
0	218.749
0	43.7124
0	59.4458
0	300.951
0	6.93093
0	153.284
0	7.5982
0	69.7134
0	1227.9
0	25.2682
0	32.5107
0	35.0329
0	88.3086
0	18.7689
0	3.28956
0	4.46432
0	577.924
0	13.1395
0	29.2746
0	7.38009
0	42.6939
0	78.4371
0	269.975
0	81.2344
0	19.8075
0	372.724
0	37.211
0	2.215
0	17.0764
0	9.26818
0	156.862
0	70.3909
0	29.1528
0	98.5524
0	0.416082
0	1.89091
0	18.9897
0	31.4783
0	684.876
0	0.524378
0	90.5687
0	556.228
0	6.00748
0	0.806488
0	29.4423
0	4.94183
0	29.2768
0	10.0099
0	141.424
0	24.3218
0	176.808
0	27.1036
0	46.0733
0	171.157
0	1.06781
0	73.5694
0	10.4078
0	755.364
0	5.84553
0	7.53186
0	538.128
0	62.3565
0	101
0	2.50342
0	20.2771
0	148.938
0	1.18529
0	6.77614
0	244.196
0	84.1297
0	174.031
0	59.4014
0	79.3577
0	19.2474
0	42.6066
0	33.4846
0	100.923
0	3.67189
0	15.434
0	3.48736
0	7.52552
0	108.155
0	1048.63
0	605.749
0	0.0802986
0	243.487
0	143.758
0	11.3631
0	7.68886
0	16.0089
0	14.5198
0	2.60467
0	100.721
0	20.6478
0	21.4771
0	12.3966
0	6.21988
0	7.00953
0	836.493
0	1.83835
0	118.304
0	121.589
0	33.6604
0	1.41602
0	64.6735
0	545.908
0	17.9698
1	1526.06
0	0.121543
0	28.447
0	64.7939
0	140.683
0	5.69068
0	47.9487
0	13.4066
0	49.2554
0	36.953
0	9.87183
0	7.0126
0	36.3342
0	3.07399
0	65.5557
0	9.63439
0	96.2881
0	17.6883
0	2.57293
0	9.88278
0	30.3575
0	301.081
0	99.4854
0	46.4386
0	1.86264
0	52.5745
0	4.33507
0	49.4223
0	15.975
0	3.6353
0	21.4453
0	297.632
0	385.55
0	191.117
0	58.4458
0	34.7986
0	85.8937
0	105.833
0	20.2373
0	94.5958
0	47.8819
0	22.9891
0	5.83917
0	13.2008
0	97.4492
0	28.2037
0	5.29513
0	0.024062
0	379.102
0	16.6503
0	531.556
0	1080.68
0	20.393
0	11.9195
0	424.577
0	40.4827
0	151.022
0	8.73045
0	27.1326
0	3.82957
0	92.9735
0	343.576
0	28.8054
0	65.7498
0	2.35382
0	33.035
0	14.6297
0	84.322
0	15.9183
0	29.0208
0	550.585
0	64.1583
0	88.8165
0	324.582
0	42.2786
0	196.931
0	2.91218
0	179.613
0	91.2776
0	4.25085
0	7.9783
0	616.369
0	3.15004
0	174.494
0	167.345
0	6.85828
0	168.357
0	6.24468
0	130.75
0	4.96892
0	28.0509
0	120.033
0	1745.34
0	66.9584
0	25.9359
0	1.15777
0	222.924
0	26.6925
0	80.8842
0	55.5347
0	434.811
0	19.25
0	29.7933
0	8.35209
0	52.4223
0	152.373
0	453.007
0	70.4969
0	1707.81
0	61.7715
0	22.8566
0	36.5957
0	30.3656
0	24.3112
0	7.11317
0	19.6048
0	149.059
0	158.13
0	181.32
0	185.316
0	163.783
0	25.9362
1	3591.77
0	44.9714
0	192.741
0	1411.56
0	75.0764
0	27.2413
0	23.1747
0	3.67453
0	59.776
0	5.00371
0	66.3177
0	51.0307
0	23.4328
0	15.4293
0	112.919
0	62.9729
0	217.674
0	15.1332
0	73.1856
0	502.488
0	8.65453
0	226.97
0	16.5412
0	514.545
0	94.1944
0	256.196
0	91.9665
0	31.2496
0	5.87555
0	132.343
0	4081.67
0	47.516
0	42.1214
0	6.00777
0	46.071
0	569.655
0	4.84431
0	73.9876
0	5.07924
0	544.061
0	151.861
0	1089.96
0	17.9364
0	47.0184
1	1587.21
0	52.9314
0	26.0471
0	20.3971
0	4.81437
0	6.65153
0	1359.83
0	11.2309
0	51.3406
0	301.218
0	30.6331
0	87.3591
0	17.6782
0	118.247
0	17.3094
0	74.2421
0	33.2988
0	26.9461
0	3.42205
0	1292.87
0	25.9532
0	86.7632
0	37.0885
0	0.933123
0	130.256
0	3.45055
0	2.18931
0	629.585
0	5.05996
0	9.41052
0	24.8908
0	25.4019
0	74.0575
0	1851.33
0	66.4009
0	38.5162
0	3.34441
0	29.1748
0	97.4392
0	40.2655
0	11.1798
0	37.3894
0	39.7059
0	35.8829
0	2.32668
0	40.708
0	12.5168
0	156.331
0	229.658
0	728.136
0	1174.99
0	76.5379
0	1.29249
0	58.6075
0	11.3325
0	5.42179
0	11.9723
0	70.7363
0	15.355
0	1.38656
0	7.65721
0	125.029
0	6.01534
0	31.961
0	9.36937
0	119.865
0	120.252
0	86.1932
0	49.8436
0	20.3632
0	36.8818
0	88.6556
0	17.4564
0	38.339
0	3.48527
0	44.3308
1	2372.54
0	36.9738
0	9.47488
0	28.0946
0	11.686
0	16.6022
0	348.796
0	14.3887
0	37.7679
0	35.9136
0	56.0838
0	1393.36
0	204.556
0	3.4946
0	97.4017
0	16.4483
0	19.8292
0	54.414
0	2.52802
0	5.87283
0	2.09721
0	22.2972
0	3.54901
0	26.327
0	36.5676
0	344.472
0	10.5074
0	27.8418
0	1591.3
0	49.3971
0	68.9358
0	316.752
0	234.213
0	19.4299
0	7.81801
0	2.62418
0	28.2057
0	168.949
0	302.908
0	107.716
0	4.10632
0	10.6673
0	19.9092
0	17.4573
0	12.7242
0	61.396
0	41.6639
0	45.3902
0	23.222
0	68.1273
0	24.0639
0	35.4265
0	2.63412
0	4.65705
0	8.44282
0	64.2179
0	39.3621
0	5.22171
0	88.0242
0	127.716
0	38.3206
0	104.878
0	7.84018
0	2055.22
0	1931.54
0	4.17583
0	21.412
0	14.6105
0	115.152
0	30.9345
0	16.293
0	55.1774
0	8.32222
0	5.94809
0	67.0836
0	23.8031
0	0.250927
0	21.8258
0	30.8033
0	2.22225
0	49.3701
0	540.548
0	2.4041
0	305.563
0	48.0637
0	28.5293
0	27.9834
0	80.6032
0	6.92508
0	1.53305
0	1217.28
0	83.9134
0	1210.02
0	75.6005
0	152.57
0	10.3291
0	26.1165
0	173.139
0	98.3454
0	48.4295
0	28.559
0	2.82645
0	39.7013
0	5.3739
0	29.2204
0	24.5889
0	1.9858
0	1.33628
0	197.616
0	23.5375
0	3.66079
0	4319.41
0	65.4384
0	547.711
0	0.841617
0	24.2237
0	930.672
0	24.5371
0	15.7274
0	62.0887
0	849.103
0	12.2123
0	20.6979
0	13.6695
0	9.85727
0	181.094
0	42.0396
0	5.83712
0	1533.99
0	4.20833
0	3.44774
0	292.384
0	21.6171
0	31.8248
0	17.6037
0	12.5214
0	23.1964
0	7.87117
0	0.137162
0	418.346
0	163.361
0	24.9207
0	34.0864
0	28.3544
0	41.1244
0	26.2725
0	240.267
0	950.859
0	30.3468
0	21.6525
0	113.3
0	37.0287
0	44.1742
0	253.502
0	48.2185
0	83.0141
0	80.1746
0	58.78
0	18.8418
0	4.13815
0	151.547
0	81.241
0	241.304
0	24.2252
0	244.297
0	15.5229
0	62.9533
0	0.333214
0	7.69607
0	182.634
0	292.661
0	3.31918
0	56.5375
0	218.235
0	96.656
0	119.851
0	0.755698
0	30.0211
0	39.2388
0	29.2594
0	13.3736
0	31.242
0	203.67
0	127.071
0	216.116
0	29.6507
0	365.154
0	8.1918
0	32.2451
0	51.6325
0	407.943
0	103.709
0	36.1801
0	14.4006
0	14.7494
0	19.5244
0	40.6705
0	54.3208
0	18.74
0	2.11805
0	120.879
0	52.624
0	236.56
0	14.5111
0	27.2244
0	122.193
0	26.1716
0	13.1825
0	47.3697
0	12.5902
0	475.622
0	16.2561
0	442.04
0	53.9572
0	9.66746
0	1019.01
0	54.7254
0	189.938
0	44.4309
0	15.022
0	17.0997
0	10.4006
0	82.9326
0	16.8211
0	1.31959
0	46.7248
0	3.54102
0	66.4678
0	111.754
0	114
0	0.501114
0	3.90189
0	251.3
0	3.8159
0	57.2487
0	23.4236
0	30.6432
0	22.4336
0	33.9454
0	111.852
0	6.18389
0	608.983
0	16.3228
0	262.208
0	89.4071
0	190.576
0	217.437
0	6.69355
0	9.42834
0	8.75725
0	497.511
0	23.4155
0	29.1766
0	77.486
0	256.397
0	262.034
0	41.6478
0	36.0659
0	50.4866
0	32.3405
0	5.95927
0	509.798
0	18.7476
0	6.69249
0	27.4695
0	34.0719
0	782.15
0	65.9741
0	72.517
0	236.617
0	109.475
0	8.97576
0	0.750686
0	338.508
0	62.4438
0	1.00052
0	28.8667
0	32.2229
0	1366.74
0	5.32276
0	256.462
0	81.5991
0	14.1702
0	1.363
0	21.8856
0	139.946
0	8.54766
0	29.4449
0	279.339
0	36.1779
0	230.373
0	9.7631
0	155.392
0	374.781
0	52.1254
0	113.609
0	7.56714
0	23.3592
0	24.8381
0	68.8984
0	48.7303
0	8.92737
0	199.558
0	13.2693
0	86.1912
0	10.9895
0	3.4608
0	3.94424
0	890.908
0	3.43667
0	66.7599
0	3.81628
0	36.2147
0	41.6782
0	80.5669
0	84.7368
0	242.844
0	91.2544
0	11.2297
0	63.3244
0	50.7057
0	83.0025
0	28.3595
0	48.2066
0	9.80758
0	0.307548
0	46.327
0	177
0	19.7241
0	32.1353
0	51.6933
0	191
0	14.4738
0	84.7825
0	21.8197
0	11.155
0	194.429
0	72.7134
0	84.9173
0	13.1491
0	29.9126
0	209.561
0	90.2302
0	215.077
0	9.4449
0	92.9645
0	191.148
0	15.3477
0	298.266
0	15.7323
0	8.31433
0	1.15195
0	29.4843
0	73.3897
0	2.63628
0	14.1627
0	71.5136
0	113.964
0	0.45904
0	27.2807
0	420.805
0	124.188
0	1.03895
0	9.79596
0	23.341
0	10.8405
0	15.2982
0	83.9787
0	64.1441
0	7.66912
0	484.911
0	11.3304
0	162.85
0	58.602
0	5.20917
0	128.514
0	3.94193
0	40.2792
0	25.5502
0	7.49187
0	124.087
0	2.50475
0	1.39806
0	56.3049
0	18.9646
0	4.24626
0	56.4582
0	18.3068
0	59.5828
0	33.0087
0	24.6116
0	4.28668
0	221.744
0	671.811
0	0.703278
0	151.612
0	72.6919
0	512.032
0	33.7535
0	12.1922
0	31.5522
0	54.6271
0	3.13228
0	5.1701
0	386.714
0	55.4937
0	92.4139
0	279.441
0	71.3502
0	228.7
0	93.5506
0	55.0858
0	2943.29
0	29.3234
0	59.1012
0	226.236
0	86.5774
0	17.9985
0	23.461
0	9.42228
0	13.573
0	60.9055
0	1.06059
0	65.0597
0	22.8228
0	152.943
0	6.72309
0	2.50188
0	18.3775
1	1315.6
0	2.65906
0	48.7501
0	78.5284
0	41.0969
0	4.63242
1	3052.67
0	53.3267
0	11.3155
0	940.06
0	372.194
0	194.225
0	242.782
0	5.153
0	35.0419
0	13.9155
0	96.9983
0	8.36067
0	12.434
0	88.6617
0	10.4956
0	103.277
0	60.7356
0	100.972
0	0.704001
0	128.371
0	38.613
0	1.11144
0	40.4895
0	50.8397
0	621.049
0	74.1498
0	48.1509
0	23.9031
0	24.8117
0	635.046
0	79.2748
0	551.728
0	166.336
0	198.212
0	6.54497
0	3.60386
0	45.6437
0	41.5625
0	15.403
0	492.597
0	34.9724
0	41.3303
0	6.46787
0	5.04552
0	106.906
0	4.96774
0	111.74
0	1.46923
0	9.14773
0	780.032
0	136.882
0	132.488
0	0.833823
0	117.565
0	140.181
0	257.711
0	11.7469
0	215.257
0	666.964
0	21.8719
0	34.4306
0	19.2578
0	147.014
0	70.2872
0	12.9105
0	55.508
0	21.7159
0	53.0878
0	991.523
0	92.4293
0	12.5468
0	101.033
0	2.30354
0	35.2863
0	29.2704
0	71.8294
0	75.1224
0	42.411
0	9.86041
0	61.3301
0	909.974
0	27.8388
0	58.4176
0	22.5263
0	8.89955
0	51.3553
0	1.51036
0	118.181
0	219.676
0	66.7864
0	328.501
0	52.3043
0	66.8485
0	4.30407
0	6.19329
0	65.768
0	28.3144
0	4.43838
0	8.57783
0	5.88885
0	78.8122
0	137.96
0	13.8824
0	10.5805
0	39.7919
0	53.6429
0	50.3806
0	3.64671
0	20.7076
0	48.3562
0	30.0142
0	5.75276
0	44.2875
0	7.58967
0	37.4332
0	204.457
0	69.539
0	30.8857
0	30.767
0	305.578
0	25.8398
0	62.1776
0	2123.79
0	34.5669
0	31.9374
0	37.0366
0	1.88318
0	191.303
0	0.813818
0	112.396
0	3.76421
0	278.068
0	6.21021
0	9.02197
0	6.04092
0	50.4424
0	18.1564
0	10.7161
0	10.071
0	64.9172
0	541.878
0	423.705
0	2.85591
0	36.9402
0	13.9957
0	328.234
1	2681.65
0	90.4623
0	53.4296
0	28.6762
0	66.7796
0	12.8486
0	34.9286
0	17.2878
0	53.4004
0	2.32812
0	6.89249
0	85.6376
0	11.9316
0	45.2763
0	6.5284
0	193.205
0	42.8285
0	435.601
0	0.340102
0	2497.35
0	39.5016
0	32.971
0	854.162
0	15.0551
0	15.5176
0	78.7142
0	40.6003
0	84.5974
0	82.4231
0	135.987
0	100.261
0	23.7012
0	28.8901
0	12.008
0	338.558
0	3.87319
0	21.5425
0	21.2327
0	7.24998
0	13.0834
0	24.9765
0	5.21605
0	3012.45
0	72.0912
0	7.81021
0	59.7908
0	33.244
0	217.913
0	5.23654
0	100.24
0	26.5182
0	86.5113
0	17.9925
0	18.4711
0	125.354
0	0.442824
0	349.702
0	31.4993
0	15.11
0	9.8247
0	93.9244
0	44.1603
0	27.5844
0	28.1648
0	1.66647
0	2.96134
0	150.606
0	12.3214
0	31.4814
0	1972.34
0	19.7499
0	9.42095
0	28.9032
0	25.9081
0	22.0346
0	34.6253
0	284.157
1	1294.38
0	11.5179
0	20.0915
0	18.9011
0	14.2798
0	18.3067
0	26.0318
0	61.1229
0	6.10658
0	10.1641
0	184.477
0	39.3436
0	10.6016
0	1283.6
0	69.1275
0	6.18714
0	157.77
0	242.316
0	230.028
0	52.3911
0	9.89458
0	22.3252
1	902.031
0	23.6971
0	52.989
0	228.813
0	5.38211
0	90.2649
0	15.5584
0	89.9138
0	11.7215
0	219.903
0	29.5945
0	65.664
0	253.436
0	512.625
0	45.4061
0	241.274
0	108.587
0	125.775
0	65.9605
0	14.8135
0	56.774
0	6.18537
0	59.7973
0	24.5936
0	14.5107
0	126.088
0	744.9
0	694.246
0	23.1214
0	499.932
0	114.226
0	66.5402
0	151.467
0	183.444
0	1628.15
0	0.8434
0	37.7378
0	10.4521
0	1692.26
0	12.6132
0	259.791
0	159.634
0	216.354
0	581.652
0	3.16581
0	23.6378
0	11.2353
0	37.6007
0	20.1516
0	326.27
0	555.845
0	174.429
0	40.4787
0	13.1629
0	217.271
0	191.701
0	146.575
0	81.9936
0	62.6542
0	77.6249
0	228.671
0	4.26709
0	404.125
0	45.6313
0	22.0906
0	105.873
0	3.78408
0	5.39242
0	2.53218
0	201.772
0	20.8321
0	27.1043
0	880.478
0	2.70606
0	79.3621
0	507.087
0	1.84549
0	57.1814
0	74.9899
0	16.8998
0	9.75968
0	17.8938
0	78.0157
0	123.967
0	153.32
0	19.3264
0	522.149
0	54.1361
0	40.0103
0	74.7496
0	64.1497
0	29.1032
0	25.5159
0	8.38367
0	8.15364
0	42.5759
0	523.81
0	7.87121
0	22.8419
0	38.039
0	41.1646
0	946.865
0	492.694
0	16.387
0	85.8235
0	13.7016
0	1.95061
0	33.9776
0	4.86015
0	12.8015
0	43.4088
0	128.571
0	54.0408
0	128.383
0	104.257
0	55.7839
0	28.3133
0	130.28
0	71.2938
0	2.24067
0	52.5935
0	88.9803
0	1157.48
0	14.3457
0	66.3492
0	628.833
0	55.8691
0	33.9548
0	7.0183
0	15.5074
0	184.44
0	232.077
0	741.202
0	2.51982
0	73.8062
0	21.7922
0	156.802
0	129.127
0	21.8202
0	6.46768
0	11.3025
0	278.779
0	13.4017
0	131.667
0	229.14
0	79.0502
0	5.75192
0	7.65572
0	22.5722
0	430.731
0	197.222
0	258.144
1	1109.49
0	14.9329
0	6.13626
0	25.3742
0	180.208
0	34.6289
0	47.816
0	84.2862
0	81.867
0	12.9404
0	40.284
0	15.4725
0	134.482
0	26.695
0	21.6274
0	79.2455
0	4.44722
0	118.826
0	2.38436
0	42.8907
0	27.0805
0	103.947
0	13.1721
0	81.1351
0	44.9371
0	43.6756
0	6.5681
0	31.3467
0	37.4638
0	271.331
0	7.99098
0	6.27001
0	1.90624
0	116.625
0	17.2429
0	59.3269
0	2897.62
0	509.442
0	77.9184
0	10.3852
0	23.1993
0	32.3629
0	99.0986
0	10.685
0	70.724
0	4.83065
0	18.8547
1	1837.09
0	2795.98
0	20.1506
0	11.919
0	7.03387
0	117.993
0	26.9481
0	34.9268
0	663.515
0	102.833
0	19.7553
0	76.196
0	33.0736
0	136.475
0	21.2785
0	1102.69
0	523.89
0	32.2896
0	9.25429
0	0.19747
0	44.1374
0	35.1716
0	59.9211
0	52.5371
0	48.538
0	15.5223
0	35.519
0	513.724
0	219.039
0	10.1306
0	1.59502
0	21.0431
0	74.9819
0	19.295
0	44.1697
0	10.735
0	12.1269
0	53.4804
0	9.65738
0	28.5507
0	179.164
0	131.926
0	1745.06
0	9.11766
0	0.531527
0	407.095
0	201.927
0	218.152
0	300.879
0	10.7063
0	23.6851
0	103.17
0	1643.04
0	39.3249
0	95.2735
0	14.9364
0	7.21804
0	378.098
0	38.935
0	20.2224
0	58.5594
0	48.8035
0	216.097
0	30.4232
0	299.155
0	52.3371
0	217.704
0	340.52
0	69.9229
0	7.67642
0	771.902
0	42.7201
0	52.4315
0	321.502
0	529.169
0	37.0441
0	72.2353
0	8.77875
0	10.8356
0	83.7862
0	45.5232
0	65.6474
0	13.435
0	659.96
0	9.15325
0	5.20732
0	318.444
0	30.8019
0	434.644
0	12.251
0	8.3966
0	121.338
0	26.426
0	73.3067
0	88.444
0	751.151
0	118.459
0	46.6536
0	23.8161
0	354.159
0	27.7233
0	122.075
0	53.7884
0	73.129
0	114.753
0	93.3068
0	8.45213
0	8.57724
0	26.8202
0	39.2786
0	221.306
0	20.345
0	145.265
