10000	10	9900	0.00208333
0.025641	25.3767	45462.3	0.459207	3.16228e-07
1	87.612
1	61.0259
0	18.8988
1	78.6806
1	82.0232
1	90.4591
1	103.781
1	64.2148
1	129.707
1	66.1512
1	55.7485
1	45.8605
1	77.2082
1	111.617
1	82.3618
1	116.04
1	156.904
1	70.3307
1	204.44
1	124.703
1	147.928
1	179.753
1	63.7942
1	95.5066
1	47.1379
1	138.873
1	95.6728
1	94.3117
1	67.986
1	85.169
1	68.8089
1	112.92
1	102.207
1	125.666
1	78.6248
1	78.6982
1	55.4707
1	70.3709
1	92.9394
1	116.652
1	195.586
1	197.578
1	212.552
1	125.797
1	48.7297
1	88.1479
1	101.878
1	217.524
1	101.783
1	108.247
1	103.303
1	45.6527
1	206.431
1	63.8517
1	56.5093
1	162.311
1	128.368
1	124.888
1	89.305
1	91.21
1	177.276
1	141.041
1	147.235
1	170.955
1	129.618
1	107.611
1	42.0852
1	87.363
1	139.927
1	104.06
1	182.608
1	105.101
1	32.3002
1	115.131
1	61.8037
1	65.1527
1	66.1085
1	85.5241
1	39.2263
1	131.899
1	160.569
1	72.9985
1	127.942
1	66.7329
1	79.5047
1	101.871
1	126.272
1	51.7957
1	134.296
1	47.8099
1	139.954
1	133.827
1	48.603
1	96.6503
1	117.404
1	73.9077
1	89.7342
1	223.005
1	41.0721
1	240.179
1	85.7551
1	112.214
1	83.4277
1	171.964
1	82.6692
1	96.7463
1	83.3984
1	77.3154
1	88.5731
1	106.56
1	89.821
1	65.5817
1	30.1781
1	134.601
1	80.3536
1	123.1
1	84.5977
1	47.3858
1	126.093
1	89.0771
1	32.4461
1	238.002
1	95.459
1	94.8243
1	97.6762
1	68.9155
1	73.2661
1	104.312
1	121.771
1	162.831
1	104.983
1	83.2714
1	60.114
1	69.3195
1	107.345
1	160.833
1	40.3893
1	172.473
1	158.729
1	82.622
1	90.6766
1	113.076
1	91.4886
1	58.8204
1	66.1072
1	66.755
1	61.7715
1	147.054
1	140.779
1	181.616
1	105.189
1	148.844
1	95.468
1	53.282
1	66.5359
1	116.169
1	175.53
1	100.393
1	178.16
1	91.682
1	57.819
1	63.8074
1	186.076
1	129.376
0	10.8725
1	62.3236
1	193.419
1	211.958
1	141.651
1	42.9263
1	32.6045
1	226.385
1	224.225
1	81.9688
1	92.7711
1	80.8192
1	123.857
1	85.9061
1	54.1138
1	94.798
1	228.993
1	111.714
1	204.399
1	165.084
1	83.5687
1	127.431
1	71.0838
1	85.9697
1	100.164
1	71.6623
1	156.462
1	67.6178
1	209.429
1	134.371
1	99.1414
1	35.2573
1	67.1469
1	98.0377
1	61.0535
1	170.594
1	85.9502
1	134.181
1	36.4262
1	67.6244
1	108.003
1	71.7602
1	129.171
1	122.698
1	76.6779
1	110.714
1	175.069
1	52.3165
1	113.563
1	140.461
1	106.144
1	103.837
1	68.4576
1	146.089
1	74.6294
1	124.068
1	128.9
1	97.3899
1	55.3771
1	126.139
1	50.4956
1	71.7195
1	103.843
1	80.7971
1	81.7684
1	123.378
1	93.9939
1	141.974
1	168.128
1	54.3921
1	150.143
1	193.452
1	152.725
1	65.6167
1	51.0457
1	60.956
1	252.453
1	126.092
1	173.142
1	76.7863
1	114.137
1	110.224
1	126.529
1	79.657
1	145.374
1	197.368
1	112.292
1	100.92
1	84.4349
1	72.9012
1	116.973
1	101.228
1	107.294
1	88.433
1	62.5222
1	72.099
1	148.327
1	98.2111
1	73.7534
1	107.594
1	64.0819
1	137.711
1	72.8732
1	176.132
1	112.762
1	101.33
1	173.698
1	206.324
1	90.4887
1	64.102
1	48.6611
1	170.63
1	101.209
1	83.8072
1	87.9032
1	95.2995
1	213.231
1	106.128
1	129.688
1	117.217
1	95.7847
1	36.9552
1	106.075
1	170.251
1	103.366
1	71.1015
1	119.394
1	89.252
1	210.753
1	97.9271
1	70.4109
1	94.3615
1	94.4022
1	173.166
1	205.972
1	140.851
1	120.122
1	100.964
1	140.046
1	109.094
1	64.8666
1	98.1364
1	112.847
1	117.086
1	88.2183
1	89.8956
1	150.844
1	117.496
1	185.079
1	81.3974
1	134.214
1	163.433
1	114.233
1	113.097
1	38.3951
1	63.0257
1	56.0713
1	79.8873
1	108.363
1	82.1061
1	166.394
1	173.438
1	119.744
1	55.7695
1	56.9434
1	103.765
1	79.2565
1	98.648
1	56.0704
1	95.5618
1	170.039
1	126.352
1	54.0936
1	123.462
1	156.337
1	95.1815
1	41.5876
1	87.2605
1	97.6191
1	73.7211
1	55.7752
1	205.329
1	74.0263
1	107.349
1	117.273
1	144.347
1	119.168
1	115.404
1	75.1506
1	91.6531
1	133.117
1	165.422
1	95.1157
1	103.282
1	141.767
1	53.5801
1	240.363
1	85.1272
1	39.1946
1	115.616
1	130.322
1	94.3545
1	122.263
1	101.148
1	113.213
1	132.957
1	65.5573
1	93.2777
1	96.5472
1	162.784
1	66.7483
1	114.201
1	177.746
1	34.8484
1	125.449
1	183.236
1	31.5457
1	47.7825
1	182.937
1	96.1329
1	59.8119
1	190.749
1	306.768
1	97.3417
1	170.598
1	144.021
1	127.273
1	94.5017
1	170.915
1	49.3217
1	39.7009
1	229.108
1	41.044
1	71.6804
1	39.121
1	128.611
1	121.812
1	88.173
1	97.6843
1	159.114
1	271.009
1	106.23
1	103.444
1	87.1989
1	97.185
1	68.8029
1	182.336
1	118.625
1	108.999
1	70.359
1	126.624
1	177.528
1	93.7475
1	169.253
1	126.288
1	175.805
1	97.896
1	88.0411
1	61.8415
1	104.795
1	66.1497
1	153.03
1	129.989
1	39.4492
1	60.831
1	98.8886
1	55.1566
1	53.1312
1	117.763
1	97.5831
1	53.2458
1	67.793
1	84.1954
1	56.536
1	137.937
1	177.701
1	123.763
1	138.676
1	53.8736
1	151.729
1	129.326
1	142.229
1	97.9661
1	60.6411
1	78.5807
1	147.034
1	113.193
1	94.4496
1	126.338
1	129.267
1	166.796
1	193.957
1	92.8508
1	259.559
1	84.4226
1	87.0473
1	65.2142
1	65.1018
1	89.2404
1	53.9495
1	111.683
1	55.1477
1	133.998
1	113.62
1	198.215
1	146.447
1	63.7026
1	89.4758
1	229.249
1	165.53
1	229.995
1	188.028
1	40.4339
1	170.152
1	117.143
1	57.9946
1	185.723
1	168.12
1	48.5358
1	106.442
1	61.7328
1	120.63
1	125.643
1	107.387
1	87.1079
1	135.164
1	159.76
1	93.829
1	137.851
1	102.511
1	92.8956
1	165.917
1	105.341
1	128.348
1	122.198
1	82.8978
1	108.046
1	77.6048
1	103.561
1	132.827
1	160.943
1	176.627
1	72.239
0	59.2004
1	87.4768
1	63.5966
1	52.9356
1	42.7258
1	97.627
1	69.7933
1	113.813
1	60.8815
1	146.566
1	98.588
1	126.731
1	79.424
1	78.7745
1	66.5654
1	94.5479
1	92.1533
1	81.9968
1	112.06
1	108.448
1	138.794
1	140.47
1	95.9181
1	136.727
1	105.968
1	293.189
1	101.061
1	78.9472
1	73.9861
1	92.4433
1	305.611
1	119.557
1	45.4071
1	98.272
1	76.4949
1	130.823
1	64.073
1	87.2889
1	95.5407
1	120.09
1	96.8136
1	178.755
1	75.1735
1	134.472
1	58.9175
1	79.1531
1	88.9244
1	101.892
1	69.7933
1	134.711
1	138.665
1	95.9858
1	115.876
1	103.845
1	70.4845
1	64.6162
1	158.09
1	133.083
1	143.672
1	42.4738
1	85.3809
1	67.6233
1	119.251
1	116.181
1	100.413
1	103.898
1	165.797
1	161.118
1	178.42
1	204.854
1	83.2247
1	161.016
1	100.288
1	177.33
1	92.4696
1	55.3191
1	189.916
1	126.271
1	91.1046
1	74.8991
1	189.03
1	78.3842
1	36.6374
1	145.58
1	153.697
1	86.3001
1	85.3364
1	130.016
1	113.358
1	143.43
1	126.536
1	53.0808
1	107.43
1	97.1
1	79.5105
1	82.3356
1	145.047
1	104.089
1	92.7625
1	167.686
1	112.567
1	91.5273
1	201.99
1	136.949
1	24.2979
1	128.105
1	68.011
1	60.638
1	72.5642
1	161.238
1	106.432
1	79.5572
1	222.692
1	172.211
1	100.132
1	68.7808
1	63.9333
1	87.1925
1	123.015
1	164.237
1	88.6204
1	52.822
1	100.449
1	71.8433
1	104.499
1	225.036
1	69.9987
1	91.7316
1	147.281
1	113.259
1	91.2591
1	83.3332
1	92.1915
1	111.033
1	107.557
1	168.558
1	125.837
1	127.133
1	85.575
1	74.6078
1	176.572
1	78.4818
1	180.173
1	108.16
1	160.817
1	105.332
1	81.347
1	141.456
1	57.7618
1	54.2787
1	112.418
1	129.789
1	68.3617
1	143.096
1	83.2053
1	125.391
1	47.6081
1	97.3711
1	137.6
1	336.567
1	150.466
1	139.427
1	102.275
1	190.244
1	202.188
1	234.131
1	97.7989
1	197.366
1	134.328
1	99.9284
1	65.1495
1	74.8614
1	81.9942
1	88.1542
1	118.396
1	112.984
1	91.0793
1	108.486
1	80.7417
1	108.113
1	189.175
1	99.9951
1	74.2551
0	56.8447
1	143.109
1	48.5386
1	72.7228
1	128.587
1	233.298
1	96.4379
1	83.5182
1	134.938
1	81.3806
1	82.5752
1	102.165
1	149.797
1	51.047
1	111.828
1	134.133
1	191.577
1	152.155
1	115.869
1	125.976
1	125.688
1	107.437
1	70.3076
1	92.4041
1	70.3916
1	168.692
1	87.8211
1	172.64
1	71.7138
1	223.236
1	106.501
1	110.648
1	321.257
1	149.651
1	119.555
1	165.597
1	98.6541
1	93.0133
1	35.4676
1	35.5627
1	217.38
1	85.0669
1	77.4805
1	49.8444
1	79.686
1	50.2715
1	137.587
1	154.6
1	110.637
1	57.3648
1	110.477
1	118.623
1	74.5924
1	85.6324
1	228.644
1	112.053
1	137.598
1	124.211
1	97.1408
1	52.4773
1	93.0179
1	76.2751
1	85.6762
1	84.7558
1	61.6605
1	86.4051
1	95.7462
1	239.896
1	130.751
1	43.0492
1	74.0784
1	241.689
1	103.358
1	85.7668
1	59.9499
1	141.096
1	144.652
0	15.6497
1	164.012
1	73.5252
1	42.6406
1	119.23
1	112.178
1	53.5637
1	83.2033
1	119.505
1	104.988
1	83.5112
1	71.7568
1	39.0964
1	122.683
1	87.2462
1	85.4103
1	135.112
1	141.911
1	97.701
1	106.801
1	142.698
1	244.225
1	144.52
1	123.977
1	64.1165
1	154.54
1	101.526
1	131.177
1	165.076
1	71.1181
1	153.718
1	108.069
1	67.1948
1	92.422
1	126.819
1	54.7687
1	114.483
1	119.564
1	121.552
1	72.1678
1	34.6126
1	100.818
1	139.324
1	138.689
1	107.072
1	88.9739
1	131.526
1	67.4521
1	105.735
1	100.257
1	103.221
1	46.4013
1	73.2743
1	80.8245
1	89.203
1	91.9915
1	185.986
1	129.555
1	46.8689
1	57.1355
1	129.003
1	91.8593
1	75.3236
1	46.2708
1	112.474
1	62.7379
1	123.309
1	140.113
1	107.024
1	93.1817
1	167.178
1	132.311
1	110.166
1	110.347
1	96.7464
1	59.7012
1	351.654
1	98.8774
1	150.059
1	211.94
1	95.0384
1	133.649
1	78.1812
1	89.7085
1	100.652
1	68.9109
1	111.586
1	210.801
1	62.5002
1	72.5773
1	66.5049
1	102.419
1	81.922
1	72.0231
1	111.201
1	66.2804
1	87.6084
1	101.527
1	88.3046
1	178.629
1	52.5906
1	67.1704
1	105.042
1	99.1634
1	85.968
1	300.649
1	107.696
1	71.6817
1	113.354
1	56.4815
1	36.5168
1	71.3357
1	89.902
1	58.7485
1	102.457
1	128.191
1	88.4761
1	49.0266
1	93.2889
1	49.9054
1	85.9202
1	154.06
1	108.459
0	2.84208
1	129.023
1	169.862
1	111.137
1	126.453
1	57.2789
1	135.576
1	138.272
1	103.168
1	243.117
1	117.108
1	121.587
1	203.328
1	116.951
1	91.0503
1	161.273
1	59.6502
1	88.8286
1	45.9072
1	111.635
0	56.7827
1	110.047
1	94.4328
1	73.5603
1	153.892
1	142.559
0	10.37
1	48.312
1	158.833
1	81.5729
1	122.887
1	117.726
1	43.4711
1	94.1909
1	71.2697
1	74.1086
1	90.1937
1	139.272
1	115.886
1	110.689
1	62.0383
1	107.289
1	83.2805
1	67.393
1	74.4958
1	135.322
1	72.1786
1	68.1415
1	143.609
1	51.615
1	107.108
1	155.739
1	106.208
1	41.8015
1	125.617
1	59.7977
1	84.7874
1	169.86
1	121.421
1	60.786
1	104.921
1	132.154
1	119.553
1	66.3862
1	47.9716
1	140.832
1	89.4525
1	53.6104
0	11.0975
1	153.888
1	101.158
1	60.5444
1	168.158
1	82.5513
1	109.869
1	108.956
1	98.7572
1	54.2634
1	76.6766
1	123.588
1	79.0025
1	53.3936
1	187.501
1	47.5526
1	49.9925
1	135.912
0	5.27916
1	98.0074
1	81.0069
1	160.672
1	153.252
1	115.525
1	294.967
1	81.7373
0	42.8045
1	201.649
1	85.6529
1	80.5326
1	76.8077
1	156.279
1	157.37
1	90.3325
1	148.3
1	113.608
1	127.491
1	85.5702
1	106.863
1	74.6573
1	151.687
1	65.5521
1	117.621
1	94.4836
1	131.524
1	171.998
1	46.491
1	47.0828
1	147.392
1	54.6794
1	111.165
1	101.109
1	78.4086
1	54.217
1	122.198
1	275.235
1	118.458
1	85.8596
1	50.0716
1	151.697
1	109.127
1	83.0749
1	60.7046
1	138.885
1	75.5722
1	59.5771
1	186.744
1	208.673
1	186.949
1	123.537
1	128.668
1	75.4727
1	92.1466
1	131.346
1	64.1095
1	226.394
1	85.5339
1	117.321
1	99.5489
1	199.408
1	112.422
1	70.4059
1	136.901
1	159.383
1	40.0556
1	229.303
1	73.1705
1	112.774
1	111.205
1	104.857
1	44.3826
1	82.5335
0	12.8932
1	108.696
1	126.997
1	171.82
1	117.023
1	71.1888
1	136.713
1	94.3257
1	150.021
1	49.7748
1	95.3539
1	321.679
1	165.476
1	80.6685
1	166.043
1	174.879
1	81.7473
1	85.939
1	82.0947
1	58.2075
1	78.7651
1	75.3174
1	53.846
1	94.8937
1	104.647
0	37.8183
1	99.5451
1	61.325
1	159.065
1	142.876
1	94.2017
1	111.076
1	224.84
1	48.1302
1	66.7076
1	119.941
1	107.919
1	179.481
1	94.312
1	51.6564
1	124.501
1	104.49
1	108.595
1	34.8917
1	196.738
1	284.503
1	107.36
1	28.0201
1	128.509
1	147.052
1	98.6938
1	161.702
1	90.7993
1	170.98
1	200.809
1	106.996
1	130.726
1	95.3949
1	64.7488
1	295.894
1	60.7621
1	91.1049
1	85.1984
1	54.0408
1	119.348
1	118.354
1	64.0818
1	86.8865
1	109.984
1	200.205
0	14.1904
1	182.213
1	149.455
1	119.224
1	95.0764
1	60.1782
1	39.9105
1	118.572
1	68.1644
1	63.9865
1	57.6685
1	121.257
1	160.752
1	62.4826
1	143.747
1	84.5701
1	58.579
1	45.893
1	161.511
1	205.844
1	61.6229
1	88.3331
1	234.463
1	99.965
1	90.4261
1	99.8945
1	136.895
1	150.834
1	68.6404
1	110.034
1	84.2385
1	167.678
1	93.6464
1	101.868
1	99.0247
1	81.4728
1	228.894
1	79.0864
1	91.4706
1	58.0385
1	52.7583
1	120.799
1	96.9908
1	77.338
1	152.289
1	138.369
1	175.063
1	63.1332
1	119.572
1	72.2004
1	79.5726
1	68.7532
1	169.061
1	90.2177
1	179.237
1	47.1773
1	98.735
1	150.87
1	93.0019
1	103.469
1	93.8533
1	57.7175
1	168.742
1	91.059
1	83.2077
1	141.149
1	130.231
1	71.8033
1	97.6715
1	185.479
1	134.736
1	118.876
1	115.784
1	92.8805
1	59.1061
1	99.4661
1	123.682
1	75.6508
1	199.912
1	66.6301
1	207.918
1	108.15
1	114.841
1	92.2606
1	90.0314
1	149.988
1	68.9783
1	152.084
1	37.9056
0	2.66657
1	146.043
1	83.0951
1	118.558
1	105.844
1	64.4981
1	134.597
1	65.1918
1	94.2697
1	79.5998
1	92.5717
1	74.4734
1	92.4373
1	120.645
1	69.8744
1	65.1073
1	147.118
1	129.546
1	114.225
1	73.623
1	104.76
1	77.2734
1	118.826
1	35.3661
1	109.146
1	89.864
1	125.3
1	96.708
1	127.889
1	182.768
1	78.1614
1	113.413
1	73.2271
1	92.3149
1	163.341
1	74.5837
1	163.794
1	150.082
1	102.979
1	122.354
1	96.1069
1	106.765
1	73.5723
1	71.26
1	72.033
1	143.947
1	64.6191
1	113.256
1	94.8895
1	71.1396
1	146.458
1	121.275
1	86.3093
1	45.2646
1	223.36
1	87.3182
0	11.5845
1	118.885
1	117.949
1	174.366
1	203.403
1	69.9502
1	101.279
1	176.857
1	149.985
1	141.707
1	161.399
1	100.643
1	179.593
1	154.27
1	102.555
1	77.8014
1	110.554
1	93.6876
1	72.8834
1	162.394
1	148.87
1	56.9629
1	121.902
1	172.835
1	52.2378
1	72.791
1	52.7369
1	96.4104
1	71.9925
1	148.921
1	118.472
1	193.167
1	192.163
1	159.794
1	99.8619
1	67.9884
1	77.6402
1	92.2364
1	96.8589
1	99.5512
1	56.6111
1	170.161
1	93.9961
1	172.997
1	135.099
1	65.3853
1	124.135
1	182.817
1	133.987
1	165.635
1	84.5106
1	111.531
1	35.7687
1	175.14
1	128.228
1	99.7168
1	146.011
1	315.141
1	33.4057
1	88.8118
1	37.1755
1	36.9503
1	78.4294
1	202.815
1	97.4077
1	36.1849
1	100.617
1	63.7493
1	60.9978
1	112.013
1	157.82
1	56.2625
1	66.4348
1	75.2823
1	66.7336
1	97.2479
1	209.857
1	164.229
1	163.192
1	51.5585
1	81.9483
1	73.0012
1	129.088
1	49.5308
1	80.3486
1	68.4154
1	75.5475
1	198.644
1	143.791
1	92.8315
1	234.027
1	170.126
1	148.073
1	161.858
1	80.7537
1	48.4684
1	130.726
1	95.1128
1	70.6393
1	95.3679
1	178.49
1	92.3223
1	172.809
1	143.138
1	80.2615
1	84.4744
1	187.259
1	197.157
1	92.0537
1	107.226
1	94.746
1	71.1521
1	157.581
1	60.7405
1	159.538
1	119.945
1	142.48
1	96.0436
1	175.504
1	77.2056
1	78.364
1	105.685
1	68.0718
1	70.2769
1	190.244
1	93.4088
1	113.765
1	147.638
1	79.0591
1	171.738
1	32.7153
1	61.7772
1	81.6765
1	238.238
1	183.544
1	133.135
1	128.107
1	71.8239
1	105.125
1	117.105
1	110.271
1	82.9371
1	66.013
1	129.314
1	171.587
1	76.2436
1	143.939
1	59.1482
1	53.0436
1	57.3837
1	136.368
1	65.103
1	98.4019
1	88.9436
1	49.528
1	158.754
1	94.1631
1	116.121
1	134.008
1	67.0383
1	94.767
1	78.4178
1	202.024
1	118.939
1	119.091
1	87.9387
1	99.2753
1	117.611
1	150.659
1	144.598
1	111.387
1	149.721
1	60.1725
0	45.8667
1	116.168
1	132.497
1	147.097
1	156.384
1	132.947
1	66.3768
1	62.2624
1	76.9823
1	108.736
1	108.513
1	249.697
1	104.057
1	130.634
1	80.1999
1	104.608
1	87.8677
1	90.1199
1	84.5044
1	70.2846
1	141.45
1	144.054
1	96.4496
1	53.2632
1	73.7649
1	97.0985
1	93.8742
1	196.181
1	249.192
1	94.0018
1	78.1536
1	100.535
1	93.0771
1	107.343
1	52.6618
1	84.3424
1	116.069
1	122.141
1	195.339
1	148.788
1	106.245
1	129.726
1	277.265
1	88.6434
1	89.7929
1	80.1307
1	87.9298
1	96.9316
1	223.381
1	70.2672
1	151.027
1	98.1398
1	206.588
1	47.6673
1	94.488
1	94.3053
1	110.963
1	100.681
1	126.75
1	65.5628
1	88.3595
1	81.4732
1	78.9394
1	74.1328
1	173.005
1	118.958
1	108.826
0	125.638
1	77.7231
1	134.691
1	82.9195
1	46.4069
1	82.4588
1	81.8061
1	56.3088
1	83.3414
1	139.977
1	136.337
1	82.3541
1	157.261
1	139.484
1	169.681
1	73.4716
1	106.064
1	120.186
1	115.797
1	363.858
1	83.936
1	94.8433
1	256.453
1	123.837
1	93.8392
1	151.578
1	66.2463
1	75.2456
1	52.5605
1	103.82
1	32.3062
1	321.408
1	90.6195
1	99.6179
1	167.064
1	66.3163
1	133.092
1	110.735
1	45.7003
1	71.4755
1	239.421
1	128.701
1	99.7298
1	115.496
1	81.2984
1	81.531
1	79.4376
1	119.529
1	116.38
1	139.815
1	56.8145
1	54.467
1	90.8732
1	72.4012
1	97.9191
1	203.018
1	47.7352
1	66.0207
1	143.373
1	150.458
1	95.4418
1	117.876
1	141.956
1	78.7143
1	75.8856
1	80.6844
1	45.6107
1	204.044
1	190.409
1	66.3778
1	83.8249
1	41.2982
1	160.184
1	115.79
1	253.699
1	186.593
1	292.126
1	139.593
1	72.1368
1	88.8366
1	52.9302
1	79.6501
1	73.6384
1	87.9025
1	106.789
1	69.0573
1	108.787
1	108.58
1	69.9915
1	193.011
1	70.5908
1	80.8975
1	90.5076
1	46.8309
1	149.358
1	168.663
1	128.333
1	104.116
1	54.8816
1	91.5953
1	82.4941
1	171.585
1	147.008
1	52.5552
1	88.2915
1	188.514
1	106.905
1	80.5185
1	67.6147
1	115.499
1	104.713
1	135.526
1	80.5557
1	42.9743
1	128.091
1	68.6481
1	68.4542
1	78.9431
1	36.781
1	71.0057
1	188.948
1	101.37
1	48.7348
1	115.671
1	40.3772
1	98.7031
1	89.7834
1	150.501
1	100.091
1	95.2287
1	116.331
1	77.6456
1	201.81
1	230.371
1	121.531
1	116.928
1	150.471
1	192.512
1	98.1588
1	101.594
1	41.5822
1	112.301
1	36.9867
1	110.738
1	45.392
1	78.4368
1	90.786
1	55.2581
1	176.831
0	81.8128
1	186.636
1	94.5562
1	122.196
1	177.958
1	77.4299
1	179.37
1	95.0135
1	40.7946
1	75.4422
1	71.8972
1	48.8106
1	81.0993
1	98.5776
1	42.7178
1	97.1254
1	77.9367
1	91.9005
1	116.246
1	130.61
1	134.755
1	84.4551
1	47.0907
1	220.589
1	114.21
1	39.7288
1	91.8025
0	87.3109
1	165.477
1	144.237
1	167.775
1	89.8503
1	142.721
1	171.736
1	96.259
1	103.726
1	77.8824
1	78.2263
1	181.02
1	74.0677
1	97.3795
1	98.9823
1	108.622
1	104.906
1	95.5149
1	95.2235
1	167.668
1	36.2868
1	52.8657
1	64.1009
1	88.6965
1	120.162
1	116.103
1	129.36
1	65.6835
1	226.891
1	126.352
1	89.1677
1	101.417
1	111.429
1	104.243
1	135.087
1	70.2678
1	101.219
1	193.757
1	69.4133
1	71.4357
1	154.677
1	36.3454
1	136.433
1	136.361
1	95.5067
1	182.331
1	33.6774
1	56.113
1	108.131
1	60.6114
1	92.2634
1	99.9837
1	60.5273
1	35.6175
1	44.5482
1	67.1681
1	52.9239
1	77.432
1	127.272
1	55.9167
1	149.853
1	56.7485
1	143.723
1	63.6696
1	76.1951
1	115.498
1	57.7233
1	116.135
1	149.608
1	119.22
1	111.363
1	116.889
1	175.826
1	61.3062
1	80.6975
1	142.881
1	62.7283
1	102.761
1	158.724
1	124.651
1	98.4748
1	91.0957
1	240.944
1	82.3044
1	131.715
1	213.841
1	135.889
1	203.892
1	129.604
1	86.4426
1	81.5439
1	66.173
1	69.5618
1	123.913
1	99.5298
1	92.1701
1	126.602
1	96.2621
1	54.7712
1	107.548
1	86.8047
1	75.2533
1	108.798
1	79.8595
1	140.233
1	77.9404
1	205.935
1	83.6166
1	60.4452
1	124.748
1	98.9937
1	80.2292
1	99.1996
1	66.7262
1	68.5012
1	98.1695
1	189.945
1	128.31
1	180.566
1	122.781
1	80.5644
1	164.348
1	75.2864
1	44.2266
1	252.953
1	124.269
1	55.0876
1	214.003
1	181.044
1	48.8176
1	84.4937
1	105.623
1	221.142
1	113.411
0	32.7417
1	117.374
1	179.663
1	93.1337
1	51.7555
1	81.8119
1	102.113
1	79.0876
1	144.805
1	36.5906
1	111.149
1	116.507
1	156.923
1	82.3155
1	68.5426
1	44.9479
1	125.505
1	238.117
1	118.038
1	147.414
1	52.9162
1	85.9191
1	89.3704
1	100.909
1	92.6187
1	67.0752
1	48.142
1	66.6122
1	292.925
1	68.7445
1	201.005
1	100.197
1	141.823
1	221.914
1	82.4349
1	92.0644
1	72.8378
1	84.561
1	120.644
1	106.093
1	108.463
1	130.225
1	96.4022
1	68.0311
1	95.2545
1	68.1829
1	129.138
1	45.5475
1	274.584
1	79.1086
1	102.352
1	106.892
1	102.097
1	116.299
1	46.7756
1	109.874
1	161.269
1	120.654
1	53.0197
1	108.121
1	94.0063
1	48.0227
1	124.863
1	93.1766
1	99.063
1	113.704
1	143.402
1	131.654
1	95.1231
1	113.133
1	334.212
1	103.121
1	40.7064
1	68.8972
1	63.5607
1	76.8376
1	83.4502
1	139.496
1	70.6329
1	48.3734
1	116.79
1	222.345
1	123.043
1	217.347
1	143.893
1	116.038
1	94.461
1	99.781
1	83.482
1	90.2938
1	124.379
0	37.6971
1	91.9471
1	88.0779
1	163.846
1	115.285
1	104.533
1	102.142
1	76.3854
1	83.6697
1	84.1755
1	244.34
1	99.1866
1	162.013
1	117.356
1	115.253
1	161.119
1	196.334
1	93.2314
1	54.2728
1	88.7086
1	57.5819
1	135.6
1	126.009
1	109.631
1	89.9722
1	56.8318
1	222.102
1	101.858
1	111.799
1	73.3167
1	115.423
1	120.284
1	133.668
1	72.6055
1	139.546
1	140.086
1	117.824
1	127.282
1	80.5873
1	163.873
1	116.367
1	129.171
1	357.947
1	148.769
1	82.3553
1	127.467
1	101.177
1	68.5341
1	127.137
1	146.906
1	110.59
1	63.1527
1	92.4104
1	76.4979
1	65.4551
1	109.002
1	135.025
1	187.589
1	110.244
1	230.401
1	104.078
1	57.0034
1	82.4794
1	156.934
1	296.263
1	107.936
1	86.5871
1	91.4262
1	149.607
1	123.071
1	68.7143
1	135.98
1	69.2117
1	136.415
1	100.093
1	59.7292
1	163.632
1	88.1749
1	133.228
1	140.82
1	148.122
1	106.449
1	112.429
1	70.8067
1	103.246
1	119.417
1	84.8773
1	112.719
1	116.649
1	133.106
1	163.703
1	153.99
1	71.8111
1	91.4015
1	67.4088
1	75.9858
1	117.392
1	75.8825
1	43.6418
1	133.555
1	97.6837
1	74.3438
1	82.0381
1	104.843
1	62.6843
1	61.2366
1	75.3167
1	113.645
1	142.964
1	29.9118
1	172.684
1	112.439
1	108.412
1	93.1717
1	83.9247
1	326.399
1	90.727
1	77.2727
1	172.077
1	54.1182
1	90.4299
1	55.4565
1	88.8561
1	152.896
1	163.455
1	67.875
1	116.083
1	95.1275
1	156.021
1	43.6403
1	98.6765
1	100.433
1	206.036
1	89.6268
1	54.6216
1	92.8289
1	71.7344
1	105.382
1	94.3393
1	42.6678
1	84.3117
1	139.263
1	157.21
1	112.512
1	156.206
1	42.6566
1	144.75
1	223.458
1	160.935
1	47.5954
1	130.844
1	94.5378
1	74.9297
1	44.1393
1	70.506
1	59.8272
1	74.3638
1	57.3432
1	140.957
1	211.327
1	73.656
1	79.6709
1	46.4787
1	173.34
1	214.424
1	66.217
1	159.507
1	148.028
1	111.558
1	63.6631
1	140.366
1	61.1205
1	56.9193
1	176.516
1	58.9419
1	52.6246
1	306.53
1	46.1818
1	53.158
1	34.6063
1	57.7991
1	183.923
1	117.186
1	79.5379
1	118.286
1	115.752
1	191.77
1	115.925
1	98.3309
1	62.9225
1	70.1423
1	88.4957
1	65.0385
1	135.72
1	79.5189
1	127.242
1	156.239
1	132.131
1	89.9112
1	103.31
1	105.612
1	176.32
1	132.213
1	102.782
1	64.695
1	185.315
1	43.5968
1	87.8472
1	120.056
1	130.175
1	98.0222
1	125.656
1	88.3284
1	88.9528
1	95.7388
1	80.063
1	165.937
1	92.4708
1	119.029
1	135.078
1	168.843
1	79.0698
1	171.785
1	63.2649
1	159.18
1	140.024
1	70.0438
1	89.8275
1	104.584
1	101.711
1	361.054
1	72.6552
1	77.4336
1	106.494
1	118.56
1	98.4292
1	83.6165
1	105.198
1	100.888
1	127.366
1	95.9988
1	75.8021
1	135.959
1	175.945
1	129.106
1	69.4569
1	92.8686
1	69.9572
1	80.5851
1	45.7741
1	77.2454
1	49.4782
1	62.1086
1	63.9933
1	52.411
1	95.8141
1	120.097
1	84.8462
1	174.226
1	59.4336
1	118.622
1	38.3009
1	215.867
1	117.788
1	223.098
1	127.874
1	137.06
1	294.058
1	65.2566
1	169.433
0	1.04844e-05
1	73.8963
1	55.1555
1	123.491
1	113.464
1	66.9459
1	111.515
1	112.441
1	137.766
1	143.239
1	80.5686
1	80.4719
1	53.0057
1	124.338
1	67.2039
1	74.3602
1	111.229
1	61.3178
1	67.7041
1	135.531
1	98.148
1	45.7528
1	48.6017
1	122.01
1	134.553
1	93.0613
1	79.7929
1	154.595
1	79.2386
1	98.7419
1	112.908
1	40.8845
1	92.1326
1	129.015
1	100.43
1	143.978
1	126.325
1	84.6703
1	126.766
1	72.3468
1	162.785
1	97.4248
1	169.696
1	92.1764
1	98.5223
1	112.444
1	270.333
1	83.6008
1	53.2302
1	150.386
1	51.715
1	71.525
1	96.8354
1	99.2209
1	103.784
1	124.163
1	66.047
1	97.9862
1	77.2739
1	156.985
1	149.935
1	77.9328
1	114.545
1	41.2218
1	110.79
1	183.697
1	87.4133
1	146.564
1	102.789
1	60.1513
1	49.6735
1	82.3193
1	102.236
1	64.1716
1	117.22
1	166.662
1	23.1211
1	110.907
1	178.671
1	65.3011
1	73.756
1	92.7759
1	128.707
1	51.8906
1	61.2913
1	54.1817
1	136.868
1	82.8767
1	101.698
1	210.735
1	105.553
1	55.1477
1	75.7333
1	114.556
1	74.3225
1	101.463
1	67.2574
1	41.3204
1	205.974
1	140.761
1	87.5809
1	254.747
1	136.404
1	42.8556
1	76.5833
1	79.4512
1	124.641
1	102.11
1	70.4679
1	70.3707
1	63.597
1	110.848
1	95.6233
1	129.448
1	164.727
1	101.224
1	89.5505
1	105.431
1	115.983
1	111.135
1	165.817
1	128.072
1	111.213
1	98.2504
1	152.018
1	118.197
1	100.089
1	235.666
1	232.326
1	166.195
1	117.201
1	138.55
1	145.182
1	77.9027
1	120.523
1	210.885
1	113.864
1	205.495
1	176.832
1	111.287
1	184.127
1	60.2831
1	87.894
1	111.606
1	110.319
1	154.487
1	98.4099
1	142.763
1	94.1738
1	122.719
1	81.39
1	123.752
1	141.293
1	58.9061
1	43.6261
1	56.0124
1	82.0364
1	50.3574
1	116.089
1	152.743
1	103.481
1	60.8024
1	75.502
1	35.6067
1	114.202
1	122.84
1	165.339
1	72.627
1	126.278
1	148.994
1	116.565
1	137.631
1	77.0218
1	49.2405
1	69.2971
1	119.675
1	94.7556
1	91.4517
1	112.938
1	105.061
1	109.137
1	75.6522
1	70.0466
1	114.637
1	181.112
1	163.51
1	90.1898
1	73.534
1	63.2516
1	157.738
1	53.4098
1	137.526
1	91.2048
1	130.923
1	72.9256
1	104.319
1	86.958
1	118.48
1	67.1827
1	65.1505
1	76.2441
1	138.334
1	103.989
1	88.6418
1	142.371
1	119.978
1	111.077
1	150.44
1	92.1466
1	111.072
1	65.4495
1	135.436
1	72.3517
1	57.6788
1	247.092
1	78.6953
1	156.513
1	211.253
1	131.159
1	132.89
1	134.483
1	99.7753
1	88.6495
1	120.541
1	148.397
1	105.654
1	53.4121
1	127.193
1	72.5986
1	49.1175
1	183.308
1	48.6875
1	54.6289
1	52.1841
1	102.914
1	60.7746
1	115.146
1	83.2621
1	149.785
1	93.5779
1	114.509
1	92.1161
1	106.242
1	60.7075
1	56.1017
1	102.815
1	169.523
1	60.7764
1	223.102
1	140.792
1	114.657
1	109.217
1	151.957
1	78.2564
1	66.3281
1	122.153
1	137.675
1	141.408
1	135.858
1	76.6966
1	200.829
1	90.3557
1	104.813
1	212.893
1	45.4416
1	136.945
1	152.608
1	66.6806
1	61.9159
1	163.16
1	116.662
1	101.924
1	193.969
1	137.483
1	84.4598
1	171.435
1	123.652
1	70.8669
1	38.1123
1	49.5313
1	104.005
1	129.868
1	84.6474
1	180.429
1	135.912
1	109.793
1	104.351
1	96.7018
1	68.0352
1	132.469
1	106.482
1	115.268
1	31.3739
1	108.429
1	107.15
1	108.05
1	85.6582
1	117.355
1	150.666
1	103.885
1	256.422
1	86.2881
1	108.69
1	64.6363
1	169.571
1	117.485
1	104.21
1	60.0094
1	164.019
1	68.3396
1	112.625
1	152.852
1	100.94
1	53.1687
1	54.8264
1	166.006
1	73.4673
1	69.2996
1	108.297
1	55.9923
1	107.439
1	38.6535
1	151.157
1	154.582
1	84.3511
1	177.71
1	59.4989
1	117.819
1	122.7
1	137.3
1	92.7834
1	40.0256
1	284.615
1	120.012
1	192.858
1	110.069
1	154.28
1	104.723
1	43.0412
1	136.04
1	301.51
1	119.416
1	109.636
1	172.855
1	112.746
1	50.3112
1	294.404
1	58.7148
1	112.517
1	109.985
1	130.957
1	76.1466
1	164.116
1	106.779
1	66.1482
1	95.6038
1	119.052
1	108.697
1	256.686
1	44.9749
1	139.766
1	71.3451
1	85.8736
1	127.894
1	82.1072
1	64.2238
1	87.5659
1	125.457
1	48.6126
1	60.1036
1	132.767
1	72.5294
1	65.8334
1	66.658
1	49.0027
1	103.871
1	67.9896
1	126.28
1	177.109
1	55.1098
1	124.792
1	103.461
1	254.032
1	251.389
1	183.416
1	66.7873
1	83.0773
1	104.28
1	92.4602
1	123.927
1	88.9939
1	101.847
1	132.217
1	94.3349
1	76.0141
1	269.855
1	147.409
1	134.62
1	115.101
1	116.471
1	170.865
1	89.4205
1	47.4406
1	122.842
1	83.4052
1	58.2968
1	86.2803
1	100.217
1	115.787
1	132.617
1	154.892
1	48.9362
1	120.047
1	90.2312
0	62.8968
1	77.6507
1	294.319
1	118.863
1	80.7294
1	227.933
1	134.855
1	91.7531
1	149.498
1	142.448
1	99.8287
1	62.7043
1	177.178
1	114.016
1	53.5155
1	92.2909
1	86.7287
1	264.976
1	111.595
1	89.8252
1	38.3514
1	93.5187
1	87.2058
1	114.699
1	122.806
1	104.752
1	123.836
1	74.2971
1	58.7553
1	122.249
1	97.556
1	24.2951
1	54.965
1	47.4337
1	207.555
1	114.904
1	62.1674
1	175.236
1	144.13
1	109.508
1	143.661
1	191.544
1	264.391
1	94.971
1	100.046
1	133.037
1	140.246
1	187.832
1	112.217
1	150.956
1	82.5061
1	80.3797
0	22.6958
1	317.187
1	43.2612
1	144.379
1	133.413
1	117.262
1	97.137
1	124.57
1	199.922
1	198.023
1	109.026
1	74.3559
1	69.2348
1	92.0156
1	139.335
1	90.8018
1	115.025
1	117.285
1	52.7182
1	63.9332
1	74.3955
1	68.0022
1	98.7319
1	268.243
1	88.1872
1	81.5837
1	108.454
1	117.031
1	167.817
1	59.8688
1	80.6553
1	255.137
1	86.4923
1	126.285
1	149.466
1	78.8012
1	102.593
1	73.8411
1	32.4712
1	44.8415
1	61.0354
1	70.6063
1	122.795
1	133.939
1	136.202
1	69.8601
0	5.35542
1	66.3351
1	185.465
1	69.9622
1	235.784
1	141.02
1	79.4486
1	80.1974
1	49.0349
1	57.2688
1	100.618
1	139.86
1	92.6696
1	64.2727
1	70.2161
1	110.445
1	67.0051
1	89.8399
1	274.385
1	76.3025
1	103.673
1	181.042
1	100.037
1	76.0948
1	156.933
1	83.3835
1	88.4294
1	102.797
1	62.823
1	93.4442
1	102.103
1	120.019
1	141.548
1	143.307
1	119.94
1	62.5489
1	120.367
1	80.1074
1	127.021
1	64.3634
1	104.192
1	117.015
1	59.9605
1	131.571
1	61.9643
1	56.7177
1	77.4797
1	106.751
1	79.7556
1	131.968
1	118.553
1	75.6002
1	92.7047
1	103.171
1	91.9156
1	92.0764
1	51.5498
1	92.9775
1	54.8779
1	86.3471
1	54.1961
1	90.1937
1	50.3346
1	131.648
1	109.921
1	85.9287
1	76.0354
1	89.9487
1	147.571
1	149.007
1	83.5728
1	152.762
1	92.0559
1	86.3498
1	60.1501
1	121.615
1	153.093
1	120.356
1	69.2739
1	67.433
1	68.4385
1	94.4982
1	119.392
1	129.378
1	79.9164
1	102.527
1	89.1423
1	63.2281
1	90.959
1	112.087
1	193.354
1	55.4729
1	164.96
1	93.0959
1	67.8315
1	99.8187
1	142.397
1	85.7388
1	184.106
1	157.03
1	61.9266
1	98.9106
1	74.6106
1	119.408
1	133.822
1	134.046
1	103.647
1	287.106
1	113.574
1	123.675
1	91.8658
1	240.945
1	120.601
1	56.9437
1	275.344
1	66.9196
1	34.5172
1	150.676
1	139.004
1	98.9249
0	31.6234
1	184.166
1	213.861
1	78.8144
0	5.20068
1	216.683
1	261.493
1	96.0777
1	127.09
1	106.292
1	56.4496
1	60.9508
1	125.12
1	71.4424
1	55.9542
1	48.8999
1	171.834
1	75.5178
1	184.188
1	85.215
1	142.421
1	71.0377
1	125.676
1	164.906
1	92.0414
1	89.8405
1	168.288
1	273.506
1	56.4669
1	105.343
1	183.015
1	166.747
1	63.9393
1	74.2319
1	53.5003
1	74.4582
1	121.465
1	124.68
1	74.2933
1	134.593
1	105.857
1	70.8294
1	85.9385
1	112.186
1	47.1287
1	120.926
1	160.218
1	198.028
1	82.8306
1	89.7194
1	78.8845
1	79.7508
1	163.48
1	66.9337
1	102.201
1	101.981
1	87.5623
1	113.789
1	84.5921
1	109.662
1	180.274
1	80.4321
1	99.6057
1	90.0156
1	104.815
1	119.461
1	181.623
1	127.635
1	114.734
1	197.665
1	186.375
1	96.1728
1	173.436
1	106.279
1	67.3024
1	75.1445
1	128.29
1	97.7606
1	153.46
1	86.5872
1	92.9743
1	202.44
1	71.9769
1	95.3182
1	72.7827
1	149.848
1	58.4057
1	61.9069
1	20.2236
1	56.8591
1	110.063
1	131.173
1	124.794
1	81.9369
1	71.419
1	136.305
1	98.9074
1	131.079
1	157.611
1	103.51
1	96.9289
1	92.1353
1	98.4771
0	20.4144
1	184.926
1	101.27
1	118.011
1	49.9837
1	131.67
1	105.7
1	32.8501
1	136.421
1	386.682
1	103.408
1	82.9977
1	181.238
1	73.5486
1	78.5324
1	132.637
1	106.98
1	80.3256
1	35.5414
1	130.212
1	135.672
1	53.1697
1	114.945
1	158.728
1	67.3616
1	108.509
1	167.811
1	59.5651
1	70.1228
1	155.316
1	74.4719
1	150.034
1	67.9659
1	89.3667
1	69.5597
1	74.5533
1	74.0135
1	123.679
1	118.458
1	158.754
1	66.2712
1	122.127
1	65.5943
1	72.2549
1	129.96
1	74.9312
1	117.096
1	59.533
1	83.5529
1	30.0686
1	68.7942
1	100.677
1	72.1697
1	51.4993
1	58.2592
1	85.9295
1	150.919
1	134.126
1	129.394
1	49.8795
1	62.7449
1	79.4757
1	171.662
1	84.7173
1	102.11
1	73.8019
1	142.703
1	123.952
1	119.456
1	164.254
1	118.527
1	49.8946
1	111.162
1	93.4528
1	117.998
1	129.553
1	101.637
1	84.1036
1	43.8022
1	114.276
1	122.722
1	32.8599
1	111.195
0	5.4874
1	105.759
1	138.799
1	27.3728
0	31.2689
1	103.905
1	96.5432
1	91.8902
1	87.3034
1	131.169
1	134.714
1	128.718
1	124.468
1	93.7872
1	192.76
1	81.2491
1	43.5438
1	129.924
1	243.518
1	89.6286
1	164.904
1	118.308
1	82.0405
1	166.821
1	74.8897
1	80.9136
1	97.0756
1	128.54
1	148.206
1	161.542
1	191.58
1	136.507
1	137.92
1	64.1886
1	189.916
1	78.2363
1	74.081
1	131.412
1	257.294
1	90.0758
1	136.176
1	92.9737
1	92.6236
1	69.8734
1	83.5262
1	77.5899
1	47.0289
1	123.891
1	35.4837
1	102.323
1	196.37
1	94.8962
1	90.1418
1	61.7906
1	121.633
1	69.7556
1	134.136
1	96.8533
1	106.591
1	157.13
1	83.0429
1	57.8167
1	111.19
1	89.9869
1	95.1245
1	94.9906
1	110.394
1	87.2615
1	128.69
1	172.249
1	88.9525
1	96.0503
1	101.871
1	101.915
1	72.5942
1	57.1383
1	74.8208
1	186.006
1	144.159
1	55.5447
1	167.891
1	82.4416
1	179.038
1	53.941
1	83.4284
1	137.365
1	100.329
1	213.006
1	78.2358
1	140.41
1	101.344
1	106.287
1	83.1479
1	93.0135
1	234.822
1	135.703
1	70.2848
1	86.9547
1	43.3026
1	85.7946
1	97.4242
1	133.257
1	109.033
1	104.616
1	102.339
1	39.5159
1	140.703
1	90.0438
1	71.879
1	104.185
1	156.496
1	177.067
1	90.2806
1	62.9506
1	73.1881
1	123.75
1	115.779
1	69.6198
1	102.502
1	115.108
1	147.265
1	133.943
1	113.455
1	243.805
1	101.265
1	64.7619
1	117.592
1	124.701
1	106.094
1	81.9397
1	128.29
1	102.437
1	105.948
1	134.925
1	107.095
1	176.693
1	103.522
1	123.904
1	159.279
1	109.056
1	88.8397
1	101.514
1	63.3788
1	46.4587
1	147.022
1	92.456
1	56.9187
1	90.4654
1	123.891
1	278.485
1	74.2492
1	115.145
1	123.851
1	225.829
1	76.7438
1	158.616
1	127.688
1	110.613
1	47.157
1	59.5341
1	87.3062
0	13.2183
1	230.46
1	86.4854
1	151.832
1	142.6
1	145.691
1	132.071
1	79.1543
1	94.2925
1	98.474
1	64.5289
1	242.318
1	53.8308
1	83.2982
1	217.981
1	100.628
1	84.0018
1	71.8601
1	225.477
1	69.3962
1	62.8167
1	126.571
1	57.1941
1	117.19
1	114.428
1	91.2242
1	117.97
1	112.622
1	147.229
1	182.194
1	99.3937
1	62.2343
1	55.6378
1	133.042
1	166.277
1	192.271
1	183.3
1	108.433
1	79.308
1	42.4052
1	78.8234
1	181.63
1	78.0585
1	142.113
1	103.441
1	39.1025
1	106.23
1	162.683
0	27.2319
1	98.4113
0	97.445
1	118.265
1	106.972
1	210.78
1	166.043
1	90.4757
1	112.13
1	87.3719
1	101.663
1	191.749
1	56.1268
1	57.8471
1	116.536
1	117.389
1	278.71
1	88.0148
1	133.147
1	117.338
1	140.538
1	85.36
1	73.6348
1	85.709
1	103.435
1	261.158
1	117.875
1	89.013
1	114.461
1	118.396
1	54.9712
1	264.766
1	88.686
1	143.857
1	162.277
1	133.666
1	152.992
1	60.5676
1	169.651
1	74.4482
1	152.377
1	136.568
1	106.783
1	143.869
1	64.9984
1	106.747
1	103.58
1	107.158
1	84.6767
1	389.276
1	198.17
1	75.3179
1	114.798
1	184.602
1	108.948
1	105.11
1	171.464
1	59.304
1	148.042
1	79.1562
1	180.967
1	136.207
1	69.6244
1	172.974
1	107.713
1	81.3424
1	115.868
1	80.7741
1	92.8016
1	130.113
1	86.2537
1	66.5662
1	84.683
1	109.511
1	63.1871
1	65.7001
1	82.844
1	71.1175
1	228.972
1	114.227
1	63.141
1	123.932
1	113.005
1	48.6351
1	97.6193
1	125.03
1	48.2374
1	137.001
1	130.959
1	140.532
1	42.0927
1	92.1976
1	181.14
1	42.8662
1	102.112
1	113.34
1	91.0656
1	211.582
1	266.973
1	197.499
1	79.7564
1	66.9753
1	93.5359
1	111.96
1	113.783
1	56.732
1	280.354
1	126.383
1	98.7586
1	77.1978
1	169.738
1	184.626
1	104.096
1	105.371
1	64.0434
1	126.143
1	69.9504
1	148.23
1	92.2177
1	54.4505
1	145.52
1	74.4574
1	60.1475
1	66.8605
1	70.7284
1	152.721
1	56.3422
1	89.8585
1	130.176
1	81.3518
1	85.6528
1	147.128
1	188.868
0	57.5115
1	120.668
1	60.9733
1	137.535
1	76.2891
1	177.983
1	85.409
1	101.47
1	86.5954
1	103.28
1	132.382
1	167.116
1	73.562
1	57.3878
1	100.679
1	88.2005
1	109.078
1	94.9508
1	82.342
1	83.8928
1	113.208
1	128.768
1	145.138
1	189.756
1	108.923
1	99.6369
1	86.2962
1	177.295
1	133.184
1	159.255
1	158.282
1	84.6401
1	41.5078
1	154.759
1	93.9986
1	81.8322
1	58.6631
0	63.3298
1	238.142
1	57.0253
1	129.933
1	121.532
1	149.769
1	78.7381
1	49.4166
1	184.779
1	107.565
1	253.667
1	98.3084
1	64.7192
1	79.8134
1	143.413
1	37.9166
1	76.9139
1	78.7752
1	161.341
1	162.406
1	113.861
1	72.07
1	69.2755
1	77.0544
1	169.321
1	71.4662
1	59.2179
1	138.418
1	132.462
1	225.09
1	122.722
1	178.696
1	75.7819
1	119.945
1	84.3766
1	139.332
1	76.1249
1	66.6974
1	93.2622
1	106.274
1	95.1118
1	37.5475
1	114.02
0	24.1321
1	86.069
1	77.0654
1	93.299
1	102.914
1	107.437
1	247.435
1	63.6204
1	47.3321
1	110.96
1	56.3444
1	74.6833
1	100.953
1	78.3338
1	152.792
1	110.202
1	55.1241
1	130.845
1	91.4142
1	169.79
1	106.209
1	167.495
1	163.443
1	156.794
1	57.5369
1	176.643
1	123.9
1	170.768
1	77.9761
1	44.9252
1	95.4837
1	77.5796
1	75.4849
1	191.988
1	125.777
1	100.744
1	135.971
1	99.0016
1	237.849
1	83.5596
1	58.8567
1	84.4525
1	109.166
1	126.469
1	57.8686
1	261.76
1	88.6895
1	49.921
1	72.7736
1	85.3697
1	121.903
1	92.76
1	104.522
1	135.656
1	83.9038
1	78.684
1	60.651
1	64.628
1	176.699
1	69.5208
1	79.1495
1	46.923
1	90.0022
1	119.508
1	206.038
1	78.99
1	66.8586
1	213.216
0	2.21898
1	72.2638
1	134.448
1	60.8192
1	114.469
1	77.2973
1	91.7794
1	164.384
1	111.521
1	83.2054
1	56.9969
1	136.979
1	65.6334
1	101.226
1	126.826
1	136.18
1	77.2945
1	173.862
1	117.042
1	102.551
1	137.365
1	118.758
1	103.728
1	198.168
1	72.0337
1	108.44
1	115.388
1	34.9678
1	157.207
1	65.4831
1	86.8722
1	57.4611
1	83.1217
1	120.659
1	94.8886
1	109.157
1	158.342
1	47.6147
1	91.3307
1	67.2324
1	79.3888
1	177.185
1	96.8774
1	122.5
1	97.9582
1	116.254
1	66.6059
1	121.046
1	112.714
1	79.1959
1	55.135
1	102.972
1	73.3747
1	60.4379
1	86.7729
1	182.02
1	100.131
1	147.272
1	138.976
1	54.0166
1	168.824
1	50.7602
1	49.7496
1	101.108
1	161.928
1	57.8111
1	83.4125
1	106.222
1	127.954
1	73.4088
1	93.3888
1	196.776
1	141.194
1	106.131
1	109.97
1	80.5785
1	104.173
1	135.166
1	143.166
1	126.829
1	71.7809
1	59.8979
1	78.9923
1	75.0776
1	108.173
1	101.33
1	188.944
1	86.4867
1	82.7477
1	74.4437
1	91.4145
1	151.124
1	105.194
1	80.7967
1	107.232
1	110.566
1	120.219
1	80.3193
1	46.0677
1	81.7739
1	137.455
1	143.896
1	76.3258
1	204.082
1	92.3679
1	120.809
1	182.351
1	43.1857
1	94.3096
1	49.066
1	61.7118
1	168.525
1	324.645
1	123.949
1	144.454
1	45.2012
1	279.946
1	102.806
1	179.833
1	123.049
1	73.2775
1	123.061
1	99.2384
1	78.498
1	97.3784
1	77.7337
1	96.1598
1	96.6428
1	82.2495
1	92.142
1	164.242
1	189.686
1	91.2077
1	128.454
1	143.931
1	80.1639
1	132.393
1	61.6479
1	81.8191
1	78.9091
1	188.962
1	69.819
1	151.756
1	40.9588
1	81.5776
1	125.531
1	98.3114
1	111.1
1	201.577
1	188.155
1	79.669
1	63.4174
1	271.271
0	158.859
1	129.551
1	105.244
1	126.019
1	133.796
1	97.0989
1	106.626
1	123.135
1	252.714
1	60.1885
1	218.601
1	132.676
1	73.2257
0	0.954142
1	201.566
1	88.6062
1	99.8415
1	77.2941
1	94.7113
1	121.631
1	105.315
1	112.814
1	121.979
1	56.5148
1	65.627
1	120.099
1	155.275
1	103.299
1	44.1006
1	86.7919
1	136.097
1	145.081
1	64.1929
1	84.8513
1	72.6112
1	174.336
1	134.407
1	112.858
1	90.6518
1	86.5884
1	113.344
1	46.6955
1	84.8656
1	132.041
1	67.738
1	114.65
1	127.518
1	112.26
1	167.023
1	109.536
1	58.9647
1	59.5726
1	261.475
1	60.3476
1	69.4961
1	53.9319
1	62.3274
1	63.5736
1	159.776
1	78.4912
1	130.032
1	37.3618
1	68.9585
1	142.983
1	49.6974
1	169.947
1	104.394
1	146.708
1	142.66
1	68.2332
1	74.0055
1	157.434
1	226.102
1	79.4316
1	78.8821
1	161.214
1	172.454
1	123.991
1	138.547
1	78.9473
1	83.0067
1	206.957
1	80.0031
1	76.9055
1	135.347
1	99.2056
1	41.5103
1	83.3375
1	222.882
1	333.559
1	125.539
1	141.909
1	81.4062
1	48.9704
1	75.0016
1	77.0161
1	116.899
1	82.5647
1	76.7158
1	112.422
1	83.121
1	119.272
1	211.459
1	135.249
1	142.948
1	129.943
1	117.628
1	157.343
1	207.03
1	181.187
1	220.94
1	118.069
1	136.3
1	81.7177
1	89.7707
1	143.025
1	92.1339
1	43.622
1	112.374
1	247.938
1	119.309
1	153.286
1	50.6681
1	107.888
1	95.2153
1	118.94
1	130.886
1	79.372
1	145.4
1	125.789
1	241.126
1	113.022
1	98.365
1	110.454
1	92.0809
1	119.106
1	117.989
1	146.107
1	97.3172
0	59.2827
1	81.6525
1	152.225
1	70.4559
1	40.5165
1	140.201
1	85.321
1	123.456
1	107.553
1	168.889
1	90.7731
1	167.711
1	42.1896
1	77.8242
1	152.727
1	66.6162
1	99.4679
1	147.706
1	118.036
1	128.487
1	99.2812
1	77.1497
1	41.8853
1	71.598
1	125.54
1	142.262
1	82.4862
1	67.9188
1	117.071
1	131.043
1	55.0945
1	76.4874
1	154.33
1	58.6679
1	174.737
1	217.726
1	301.517
1	146.716
1	147.349
1	46.5756
1	195.192
1	266.602
1	103.63
1	77.5995
1	101.592
1	145.777
1	68.946
1	254.639
1	111.137
1	84.3798
1	193.709
1	146.924
1	138.2
1	58.153
1	110.283
1	117.853
1	65.8738
1	57.7582
1	82.7888
1	147.251
1	56.0798
1	190.682
1	79.283
1	82.8317
1	59.0153
1	106.888
1	100.858
1	120.042
1	109.809
1	106.255
1	95.6776
1	139.333
1	90.7823
1	84.1499
1	88.2712
1	45.8923
1	80.314
1	114.636
1	96.9494
1	65.1427
1	288.502
1	84.3125
1	75.6281
1	80.6617
1	117.587
1	170.116
1	38.4772
1	144.681
1	124.805
1	158.082
1	67.0013
1	175.978
1	105.561
1	119.652
1	107.971
1	134.961
1	82.8842
1	73.7788
1	139.274
1	81.1748
1	127.367
1	57.2891
1	87.1038
1	115.194
1	166.211
1	136.282
1	70.9462
1	82.0284
1	133.532
1	66.6751
1	86.2102
1	53.9173
1	209.959
1	88.1632
1	70.3063
1	57.1833
1	291.425
1	71.7938
1	91.9977
1	228.392
1	122.436
1	180.674
1	53.1926
1	184.842
1	82.5771
1	130.097
1	86.7067
1	90.1608
1	139.662
1	120.822
1	61.0022
1	100.591
1	100.102
0	13.2533
1	31.8865
1	118.696
1	156.334
1	77.398
1	122.91
1	134.902
1	201.907
1	64.8395
1	129.069
1	86.1562
1	107.439
1	135.547
1	68.9422
1	78.1655
1	57.9426
1	162.818
1	53.1392
1	158.124
1	185.08
1	106.782
1	93.6393
1	81.9155
1	97.5858
1	77.0812
1	66.9041
1	73.1292
1	75.229
1	103.192
1	121.088
1	77.0098
1	148.197
1	56.5742
1	83.5546
1	133.974
1	127.164
1	186.736
1	160.461
1	116.475
1	92.5991
1	82.6433
1	151.722
1	176.555
1	144.678
1	94.0625
1	254.886
1	111.448
1	92.2658
1	63.989
1	113.77
1	134.404
1	93.821
1	111.279
1	139.284
1	137.548
1	69.3357
1	118.01
1	78.8267
1	67.6884
1	37.4014
1	57.0855
1	116.653
1	43.0937
1	68.8975
1	78.4685
1	90.2455
1	116.01
1	161.143
1	100.93
1	65.3166
1	158.205
1	103.822
1	71.3459
1	82.8862
1	186.049
1	154.594
1	155.168
1	94.9523
1	68.6289
1	107.52
1	101.64
1	178.847
1	67.1778
1	91.1288
1	113.817
1	76.9787
1	113.967
1	173.226
1	147.679
1	108.649
1	181.57
1	173.762
1	160.541
1	206.86
1	136.146
1	96.1691
1	57.7609
1	70.2322
1	72.9681
1	148.363
1	126.573
1	104.898
1	135.911
1	89.4256
1	57.4601
1	57.6508
1	85.5755
1	101.989
1	47.0101
1	124.468
1	111.699
1	111.508
1	238.912
1	103.028
1	106.104
1	136.027
1	80.5786
1	71.2325
1	68.3127
1	90.1753
1	69.7203
1	131.607
1	81.1425
1	77.166
1	104.225
1	84.238
1	120.255
1	109.745
1	149.256
1	94.144
1	116.243
1	117.679
1	59.4767
1	153.347
1	137.288
1	160.154
1	61.781
1	78.1706
1	113.541
1	58.0878
1	132.564
1	134.43
1	77.4558
1	64.2738
1	30.1532
1	62.8353
1	142.549
1	85.8578
1	84.7633
1	178.975
1	73.5538
1	123.501
1	84.8281
1	56.6958
1	98.8314
1	123.855
1	169.833
1	107.44
1	103.328
1	119.013
1	135.382
1	61.319
1	92.4378
1	121.232
1	106.212
1	71.5218
1	62.2536
1	143.37
1	115.103
1	49.9732
1	314.557
1	75.0894
1	119.827
1	109.963
1	80.8899
1	70.3241
1	134.47
1	140.968
1	144.94
1	69.3468
1	75.0721
1	74.6453
1	134.578
1	65.7921
1	162.827
1	148.993
1	111.951
1	135.673
1	201.363
1	74.6085
1	229.47
1	153.918
1	49.3389
1	219.933
1	61.0248
1	153.375
1	204.344
1	130.877
1	91.7767
1	57.8539
1	120.003
1	117.842
1	110.404
1	123.492
1	178.431
1	153.109
1	78.8107
1	51.0902
1	104.835
1	246.026
1	41.3021
1	95.8753
1	61.3502
1	298.398
1	215.076
1	107.482
1	179.918
1	105.336
1	158.441
1	112.909
1	94.62
1	250.788
1	63.5834
1	57.412
1	76.6665
1	199.549
1	162.478
1	456.277
1	109.726
1	100.467
1	99.7056
1	81.8199
1	129.417
1	114.279
1	74.4072
1	205.115
1	28.9385
1	64.068
1	66.454
1	73.2199
1	75.9524
1	69.6305
1	148.061
1	65.7191
1	86.9519
1	37.8302
1	142.906
1	73.4962
1	112.422
1	120.534
1	164.735
1	80.3397
1	178.993
1	80.4144
1	52.9597
1	66.1741
1	86.415
1	170.849
1	95.2404
1	41.6307
1	138.766
1	348.219
1	75.2828
1	69.1569
1	65.069
1	160.987
1	96.7236
1	67.8898
1	159.472
1	194.321
1	81.3365
1	118.587
1	85.2107
1	165.552
1	116.967
1	81.8198
1	118.887
1	125.406
1	146.759
1	54.2108
1	125.225
1	195.653
1	74.6843
1	65.3436
1	71.5083
1	111.784
1	161.221
1	71.9276
1	142.714
1	106.928
1	230.402
1	71.0403
1	130.533
1	79.7105
1	117.139
1	115.051
1	110.83
1	42.6927
1	132.307
1	93.8953
1	107.594
1	117.83
1	68.0329
1	45.2363
1	155.801
1	46.4933
1	154.053
1	160.353
1	82.464
1	86.9569
1	108.696
1	66.0522
1	41.5115
1	210.312
1	55.2078
1	95.0996
1	124.504
1	146.474
1	40.0754
1	151.247
1	48.6233
1	129.907
1	114.876
1	106.505
1	91.3173
1	78.289
1	62.2206
1	154.184
0	139.743
1	55.2609
1	82.2525
1	83.9238
1	116.182
1	78.5071
1	85.8201
1	167.233
1	78.5875
1	157.14
1	76.2095
1	106.054
1	100.631
1	145.698
1	130.438
1	137.862
1	64.1158
1	65.1497
1	80.6251
1	102.283
1	191.149
1	126.84
1	49.6244
1	62.6615
0	8.09926e-06
1	129.007
1	61.8103
1	71.5838
1	79.8583
1	130.892
1	128.018
1	139.362
1	113.467
1	118.446
1	97.8114
1	144.385
1	42.5511
1	152.045
1	155.478
1	144.544
1	98.5021
1	226.537
1	50.0334
1	123.987
1	84.4557
1	171.261
1	280.957
1	155.628
1	114.647
1	87.1316
1	75.4942
1	108.152
1	95.6151
1	46.7301
1	69.6382
1	79.1548
1	59.6312
1	162.794
1	190.269
1	76.1386
1	104.325
1	63.117
1	44.8425
1	83.689
1	121.855
1	111.73
1	86.9448
1	116.913
1	124.251
1	93.3519
1	102.735
1	83.5612
1	124.143
1	123.771
1	72.7443
1	253.353
1	142.702
1	95.5338
1	90.1119
1	147.893
1	40.0861
1	130.393
1	50.4236
1	74.4889
1	155.491
1	158.223
1	142.366
1	113.173
1	66.767
1	110.183
1	55.8687
1	111.784
1	38.5524
1	134.779
1	170.398
1	157.506
1	103.323
1	110.638
1	186.762
1	152.412
1	65.0481
1	60.4608
1	118.813
1	87.3009
1	56.3868
1	63.2513
1	44.6904
1	164.57
1	62.7993
1	94.0826
1	128.21
1	92.992
1	88.9865
1	79.5675
1	84.5853
1	166.161
1	121.439
1	109.764
1	98.8506
1	54.9266
1	99.8562
1	128.693
1	63.6767
1	155.206
1	103.483
1	72.3938
1	101.018
1	144.684
1	88.0532
1	146.553
1	96.6926
1	194.391
1	113.966
1	154.388
1	80.612
1	208.195
1	94.6021
1	43.2873
1	117.258
1	31.0564
1	233.624
1	89.5563
1	73.8305
1	114.805
1	174.928
1	130.819
1	162.154
1	91.7913
1	119.151
1	61.2983
1	53.0028
1	66.6403
1	75.1652
1	207.183
1	211.494
1	84.4998
1	58.324
1	198.437
1	100.197
1	99.3772
1	70.9252
1	100.365
1	36.9612
1	196.515
1	62.3891
1	99.2255
1	183.627
1	115.159
1	105.965
1	232.623
1	199.015
1	75.0361
1	40.9302
1	203.284
1	72.9713
1	54.4056
1	133.739
1	100.169
1	128.165
1	75.4465
1	60.8344
1	93.8775
1	126.763
1	114.704
1	71.2221
1	73.0534
1	77.467
1	63.5799
1	151.98
1	114.804
1	97.0333
1	93.5178
1	83.613
1	102.043
1	156.378
1	85.6283
1	71.8651
1	71.6244
1	177.536
1	73.2398
1	122.108
1	81.0386
1	53.2984
1	133.973
1	128.533
1	171.091
1	120.044
1	106.059
1	64.8666
1	143.42
1	63.5065
1	114.141
1	86.2353
1	88.098
1	165.505
1	102.497
1	82.9564
1	51.4979
1	109.769
1	151.28
1	48.6552
1	106.477
1	212.655
1	74.1163
1	75.4165
1	186.427
1	199.444
1	90.2519
1	84.368
1	78.6752
1	56.1795
1	79.7959
1	112.679
1	53.278
1	92.6123
1	72.3047
1	207.472
1	43.2901
1	67.4744
1	50.0127
1	147.186
1	124.669
1	115.971
1	62.8101
1	107.709
1	110.913
1	154.017
1	94.2359
1	55.5584
1	91.4008
1	81.4763
1	71.7894
1	94.7592
1	291.097
1	41.6577
1	51.7318
1	112.92
1	225.647
1	84.7649
1	45.0323
1	226.303
1	63.1167
1	91.7104
1	95.7526
1	174.943
1	119.265
1	148.073
1	91.1472
1	38.8622
1	181.648
1	123.09
1	113.06
1	31.5221
1	47.9392
1	80.2445
1	108.913
1	71.6225
1	96.9078
1	150.405
1	94.6726
1	50.1838
1	81.3454
1	69.9348
1	44.2718
1	144.234
1	56.3901
1	220.299
1	98.2419
1	54.2732
1	84.5583
1	78.5973
1	48.2264
1	133.593
1	85.815
1	43.7946
1	93.3743
1	47.6627
1	336
1	81.9978
1	73.5905
1	78.8161
1	83.3169
1	147.809
1	86.3419
1	195.354
1	145.024
1	189.474
1	80.9649
1	71.9181
1	167.116
1	77.2818
1	64.3377
1	104.395
1	90.9179
1	197.169
1	95.7859
1	71.5462
1	176.957
1	279.502
1	89.7378
1	75.2834
1	315.835
1	127.509
1	73.8373
1	49.4318
1	65.0678
1	242.255
1	160.067
1	126.259
1	107.189
1	43.3024
1	119.421
1	59.9715
1	77.1537
1	71.3298
1	149.075
1	174.223
1	198.97
1	137.04
1	93.9538
1	121.32
1	96.0584
1	60.7573
1	124.263
1	108.373
1	282.212
1	86.3809
1	88.2247
1	58.7044
1	67.8606
1	205.873
1	123.391
1	60.0739
1	51.3103
1	100.429
1	71.523
1	61.3155
1	155.535
1	170.612
1	97.4834
1	105.65
1	184.725
1	66.2335
1	136.932
1	56.7173
1	104.909
1	104.178
1	166.203
1	156.192
1	213.473
1	154.488
1	40.8545
1	94.6457
1	116.527
1	163.419
1	71.174
1	135.028
1	221.481
1	92.6056
1	100.235
1	78.7863
1	93.5474
1	59.9442
1	63.2088
1	44.271
1	146.42
1	106.036
1	136.129
1	50.3885
1	96.9774
1	109.641
1	259.861
1	96.5258
1	170.605
1	94.6951
1	113.842
1	56.6753
1	86.9127
1	76.4154
1	96.4679
1	94.3706
1	75.7466
1	135.51
1	95.9107
1	99.4167
1	54.3555
1	123.633
1	111.048
1	155.712
1	145.202
1	130.347
1	53.253
1	128.692
1	236.61
1	134.89
1	76.8826
1	56.1464
1	123.285
1	95.1342
1	66.1649
1	157.553
1	62.2922
1	74.9911
1	155.794
1	63.6524
1	95.4919
1	201.465
1	133.856
1	103.705
1	225.501
1	197.506
1	143.016
1	82.9672
1	84.3895
1	182.967
1	95.6887
1	103.972
1	95.0424
1	51.6876
1	155.989
1	97.0559
1	84.4923
1	110.724
1	205.89
1	129.88
1	95.8321
1	132.119
1	104.427
1	101.436
1	94.8217
1	98.1913
1	58.9154
1	196.271
1	94.1234
1	81.2663
1	69.1827
1	66.1068
1	123.21
1	142.638
1	99.7491
1	116.676
1	151.767
1	101.755
1	115.563
1	89.695
1	76.74
1	137.545
1	103.455
1	113.57
1	96.7806
1	68.0796
1	63.3168
1	80.9283
1	72.7707
1	81.0076
1	124.076
1	265.715
1	59.6278
1	80.6453
1	120.694
1	171.753
1	88.9576
1	80.7793
1	138.271
1	98.3731
1	107.48
1	259.479
1	48.0129
1	102.553
1	77.5876
1	62.6436
1	101.55
1	177.546
1	83.3145
1	94.3819
1	150.477
1	121.461
1	135.495
1	122.222
1	88.5725
1	94.5433
1	148.581
1	173.902
1	150.532
1	150.313
1	111.612
1	91.5107
1	114.078
1	109.358
1	107.731
1	104.393
1	42.6678
1	183.953
1	49.0427
1	122.85
1	97.8642
1	199.244
1	37.7523
1	149.776
1	394.443
1	60.9089
1	38.419
1	80.1908
1	66.9166
1	194.588
1	84.1808
1	93.5207
1	82.5913
1	215.668
1	117.51
1	52.6802
1	86.3514
1	87.9686
1	61.9649
1	41.8187
1	132.913
1	80.2844
1	110.908
1	121.365
1	63.3325
1	68.1802
1	124.612
1	203.433
1	101.691
1	51.6567
1	141.76
1	104.355
1	245.263
1	83.9589
1	116.267
1	90.1382
1	106.724
1	201.32
1	83.7525
1	93.8787
1	138.686
1	67.2287
1	153.957
1	130.103
1	119.556
1	68.4289
1	116.28
1	56.2316
1	95.5401
1	104.514
1	113.377
1	50.3909
1	110.801
1	215.769
1	135.721
1	109.358
1	66.6843
1	181.234
1	66.6351
1	69.8358
1	118.448
1	46.9054
1	109.136
1	97.143
1	131.853
1	129.535
1	104.284
1	83.0906
1	87.7613
1	66.7273
1	59.5865
1	86.6336
1	52.4731
1	120.164
1	83.1603
1	90.537
1	84.2654
1	63.8935
1	56.6104
1	46.9632
1	128.251
1	118.635
1	94.6448
1	126.445
1	107.635
1	121.38
1	52.039
1	38.5816
1	156.175
1	56.748
1	101.942
1	183.51
1	85.5418
1	68.6237
1	132.663
1	96.1863
1	156.453
1	98.8695
1	108.24
0	47.882
1	94.3594
1	139.542
1	107.646
1	73.8415
1	161.695
1	40.2392
1	106.144
1	100.695
1	81.2802
1	96.2468
1	44.0504
1	128.691
1	99.5327
1	118.157
1	117.448
1	68.4167
1	230.427
1	34.2797
1	60.9041
1	114.295
1	192.642
1	172.963
1	103.355
1	156.53
1	84.9749
1	88.0976
1	80.3638
1	141.7
1	63.5165
1	90.6743
1	112.435
1	67.4172
1	177.797
1	141.807
1	151.588
1	107.998
1	165.246
1	195.033
1	82.4709
1	102.366
1	126.112
1	61.3072
1	127.964
1	199.295
0	20.6245
1	126.458
1	75.2479
1	111.141
1	69.6045
1	90.4995
1	278.924
1	138.679
1	93.1589
1	95.2328
1	43.2812
1	139.41
1	71.6351
1	64.3386
1	161.865
1	81.6122
1	70.7703
1	113.02
1	82.5926
1	72.2993
1	60.0488
1	88.6093
1	83.2486
1	71.351
1	100.041
1	180.965
1	69.8459
1	117.838
1	55.1176
1	70.5975
1	98.3402
1	75.4683
1	119.383
1	122.183
1	93.9046
1	89.2146
1	345.69
1	120.963
1	59.4817
1	89.1384
1	39.5773
1	214.515
1	58.105
1	224.024
1	110.341
1	173.127
1	171.346
1	134.86
1	84.547
1	180.437
1	104.592
1	99.1816
1	61.5143
1	34.9855
1	89.7384
1	99.366
1	66.7926
1	167.981
1	67.5531
1	85.7317
1	89.6589
1	151.15
1	143.154
1	102.12
1	130.635
1	96.2377
1	77.1674
1	85.7007
1	69.1145
1	151.355
1	152.585
1	201.006
1	89.7646
1	107.661
1	101.861
1	146.062
1	77.7406
1	46.385
1	65.6478
1	95.2019
1	110.127
1	157.63
1	110.778
1	65.9283
1	52.5637
1	87.0201
1	151.318
1	128.977
1	98.1328
1	45.419
1	94.9706
1	79.55
1	121.014
1	51.1857
1	92.2009
1	39.9627
1	132.905
1	116.28
1	55.251
1	88.4536
1	86.3567
1	252.006
1	155.02
1	150.857
1	47.8472
1	76.6409
1	153.18
1	72.4464
1	96.9777
1	65.507
0	41.5004
1	69.9152
1	114.876
1	99.3113
1	121.506
1	89.7912
1	52.1361
1	73.6126
1	79.7154
1	109.355
1	104.983
1	147.663
1	195.153
1	102.723
1	110.197
1	130.431
1	131.363
1	83.0206
1	72.6011
1	106.507
1	73.9903
1	108.637
1	99.1855
1	70.8953
1	77.1091
1	71.1191
1	80.5106
1	45.1186
1	99.4947
1	145.102
1	90.406
1	78.85
1	51.3593
1	208.849
1	155.671
1	106.248
1	126.07
1	113.586
1	238.372
1	116.071
1	128.768
1	178.494
1	103.841
1	62.5073
1	81.4923
1	71.3281
1	114.97
1	87.4753
1	54.4898
1	122.158
1	55.3259
1	133.48
1	62.7842
1	103.992
1	181.451
1	162.463
1	66.1157
1	94.7019
1	141.842
1	105.118
1	84.5169
1	99.9174
1	140.469
1	150.352
1	137.57
1	52.6141
1	50.4902
1	113.95
1	99.8786
1	44.5783
1	162.425
1	91.3027
1	168.097
1	63.4211
1	93.8508
1	69.0596
1	152.01
1	119.117
1	79.9867
1	57.5604
1	96.3355
1	97.4251
1	102.922
1	200.889
1	76.5472
1	37.7192
1	124.451
1	76.2355
1	144.24
1	94.2949
1	115.045
1	123.732
1	188.173
1	101.271
1	78.4166
1	107.928
1	83.8699
1	109.269
1	101.765
1	110.536
1	102.652
1	146.01
1	113.201
1	100.352
1	57.4996
1	79.3967
1	142.454
1	104.315
1	94.4327
1	79.3267
1	104.33
1	135.001
1	114.917
1	87.6228
1	161.517
1	134.7
1	70.4515
1	156.641
1	99.6408
1	102.713
1	195.499
1	133.29
1	89.5759
1	86.6122
1	69.4399
1	107.166
1	76.3656
1	110.826
1	152.279
1	50.4002
1	138.655
1	60.4241
1	89.0738
1	84.8353
1	201.094
1	90.1171
1	84.1054
1	106.222
1	144.189
1	90.1586
1	121.006
1	157.489
1	154.116
1	139.453
0	24.1198
1	210.27
1	56.7996
1	89.2036
1	78.0991
1	56.7678
1	76.1277
0	5.82085e-06
1	64.412
1	47.7149
1	93.0835
1	131.27
0	47.3204
1	104.66
1	47.3649
1	103.41
1	45.1253
1	115.635
1	160.204
1	135.901
1	75.1605
1	150.253
1	173.788
1	139.508
1	47.1694
1	64.8337
1	74.1441
1	100.453
1	63.951
1	85.7803
1	265.648
1	204.779
1	42.2447
1	159.988
1	66.5336
1	82.9479
1	189.364
1	178.253
1	170.119
1	126.302
1	118.772
1	95.4604
1	107.991
1	104.992
1	114.277
1	90.3843
1	29.4535
1	98.5767
1	53.7636
1	123.628
1	231.043
1	90.6589
1	153.251
1	119.351
1	208.753
1	83.4598
1	105.384
1	167.928
1	154.348
1	152.021
1	144.149
1	223.934
1	78.2394
1	121.161
1	37.7423
1	120.662
1	87.3486
1	118.127
1	96.361
1	141.478
1	95.2858
1	69.4431
1	247.704
1	109.816
1	54.7685
1	145.723
1	141.402
1	139.944
1	62.5113
1	106.51
1	108.633
1	84.9675
1	63.773
1	109.273
1	157.731
1	43.3925
1	78.7426
1	119.119
1	75.7087
1	128.048
1	106.796
1	47.735
1	89.8102
1	254.593
1	147.255
1	90.6409
1	108.788
1	54.0332
1	71.0942
1	111.195
1	106.179
1	171.226
1	76.7619
1	104.419
1	79.8879
1	111.118
1	125.11
1	154.774
1	177.861
1	68.1824
1	76.3733
1	57.4331
1	86.0229
1	92.7451
1	83.9415
1	114.205
1	92.1197
1	80.0662
1	234.797
1	83.8215
1	144.862
1	99.4063
0	7.57128e-06
1	150.808
1	64.5385
1	181.567
1	101.71
1	149.541
1	58.7398
1	102.191
1	96.6188
1	101.655
1	157.121
1	162.144
1	48.3186
1	102.868
1	50.147
1	106.696
1	291.498
1	104.583
1	51.5909
1	206.889
1	145.369
1	91.4961
1	85.2312
1	95.0054
1	140.853
1	106.835
1	126.35
1	223.852
1	46.0645
1	46.2864
1	126.955
1	63.0846
1	107.887
1	179.74
1	104.403
1	81.756
1	97.3951
1	86.2108
1	102.476
1	188.079
1	175.203
1	65.4415
1	64.9978
1	178.131
1	274.554
1	75.2791
1	138.299
1	126.166
1	169.451
1	132.822
1	82.5466
1	85.3608
1	264.999
1	114.454
1	175.678
1	190.596
1	76.5371
1	94.9502
1	61.1557
1	118.233
1	29.9627
1	150.351
1	144.823
1	81.4789
1	98.6524
1	120.749
1	100.922
0	38.0103
1	105.865
1	100.365
1	123.66
1	157.433
1	132.88
1	125.471
1	97.3452
1	158.139
1	133.221
1	90.0653
1	69.0683
1	155.213
1	64.4276
1	189.032
1	139.816
1	129.235
1	108.537
1	116.885
1	38.9483
1	126.813
1	66.7787
1	94.2875
1	90.6679
1	192.744
1	130.489
1	134.222
1	205.811
1	140.091
1	168.066
1	67.929
1	166.877
1	113.655
1	66.9632
1	188.642
1	157.517
1	100.95
1	83.9321
1	76.0588
1	101.12
1	124
1	136.837
1	198.77
1	152.775
1	64.5593
1	89.8702
1	113.788
1	62.5332
1	260.504
1	226.884
1	73.8144
1	56.3366
1	379.403
1	61.5084
1	130.363
1	68.592
1	102.783
1	93.5622
1	109.438
1	125.53
1	112.884
1	140.199
1	68.568
1	84.0291
1	156.583
1	44.4139
1	83.0392
1	67.0396
1	167.058
1	59.5318
1	125.731
1	114.151
1	70.3016
1	76.6435
1	80.6177
1	126.689
1	102.894
1	91.5638
1	100.985
1	126.979
1	72.5085
1	140.964
1	97.4495
1	152.848
1	122.344
1	51.117
1	67.728
0	41.0251
1	127.363
1	181.79
1	64.9327
1	99.6209
1	246.852
1	61.0134
1	121
1	57.3529
1	191.714
1	95.8246
1	69.6443
1	147.956
1	88.5123
1	114.889
1	95.9235
1	194.268
1	106.698
1	98.3779
1	120.846
1	49.8237
1	166.161
1	106.037
1	117.376
1	95.8253
1	123.626
1	102.479
1	143.543
1	144.549
1	270.917
1	140.38
1	95.8929
1	183.456
1	129.963
1	73.9928
1	155.47
1	123.366
1	82.8839
1	78.8357
1	59.1806
1	136.006
1	159.366
1	57.8796
1	96.5858
1	112.978
1	187.622
1	188.317
1	69.5831
1	76.5634
1	70.5882
1	75.2298
1	94.8798
1	122.45
1	114.497
1	30.4168
1	135.072
1	77.7213
1	166.897
1	78.1448
1	94.1928
1	104.028
1	90.482
1	54.636
1	59.3244
1	72.9626
1	122.633
1	98.4728
1	67.8319
1	94.9707
1	103.174
1	130.198
1	97.9241
1	145.816
1	67.5547
1	109.261
1	118.785
1	53.681
1	165.941
1	103.293
1	66.0855
1	55.1423
1	84.0687
1	119.171
1	166.74
1	98.9604
1	50.9073
1	116.225
1	93.4597
1	111.454
1	191.54
1	106.719
1	82.545
1	91.9414
1	136.511
1	124.064
1	64.4387
1	151.504
1	50.7242
1	70.2292
1	217.717
1	55.6309
1	48.8211
1	99.8772
1	86.3176
1	70.0785
1	105.258
1	70.3681
1	111.619
1	80.8289
1	79.8107
1	65.7149
1	110.833
1	45.2326
1	104.964
1	125.539
1	72.5674
1	53.819
1	83.4894
1	61.3948
1	84.9817
1	79.2387
1	65.0654
1	49.458
1	49.8749
1	96.7379
1	124.617
1	52.2248
1	121.761
0	30.204
1	12.3519
1	92.2292
1	120.15
1	105.456
1	94.106
1	190.726
1	83.5925
1	176.178
1	57.1048
1	108.571
1	79.5244
1	126.169
1	82.6246
1	143.086
1	77.2237
1	106.868
1	121.268
1	193.538
1	95.0095
1	111.873
1	98.4453
1	101.822
1	83.0119
1	166.706
1	133.39
1	37.9687
1	125.642
1	153.442
1	76.7948
1	75.0078
1	70.5102
1	132.123
1	60.5375
1	86.9358
1	113.669
1	89.106
1	137.876
1	76.8205
1	59.6321
1	74.0704
1	73.8523
1	133.349
1	61.646
1	73.6756
1	121.105
1	131.463
1	68.4137
1	128.911
1	216.939
1	76.2097
1	155.682
1	101.519
1	327.51
1	77.0918
1	77.123
1	90.1623
1	64.384
1	55.253
1	96.4571
1	151.97
1	110.302
1	219.656
1	83.2897
1	121.268
1	100.456
1	302.508
1	69.4829
1	84.5315
1	116.842
1	157.054
1	200.415
1	114.171
1	105.981
1	56.2517
1	110.917
1	156.385
1	148.56
1	133.583
1	166.985
1	113.672
1	73.8317
1	75.6914
1	67.5711
1	78.6709
1	273.249
1	104.557
1	91.1378
1	252.495
1	113.912
1	121.951
1	95.157
1	113.853
1	137.512
1	144.702
1	131.163
1	199.243
1	53.6846
1	92.8157
1	92.8142
1	111.184
1	55.2205
1	94.4832
1	68.683
1	148.296
1	84.9495
1	141.957
1	110.084
1	63.2927
1	121.492
1	290.281
1	313.472
1	168.501
1	142.272
1	348.153
1	59.2993
1	186.762
1	33.8864
1	140.248
1	54.6002
1	118.669
1	109.793
1	79.0391
1	109.934
1	118.922
0	44.554
1	132.088
1	88.6955
1	127.04
1	48.8144
1	72.7696
1	66.2688
1	142.038
1	213.911
1	149.775
1	75.6449
1	117.488
1	120.46
1	116.688
1	42.0908
1	121.471
1	204.989
1	90.7435
1	167.553
1	76.0394
1	181.89
1	96.6497
1	111.735
1	202.856
1	107.026
1	153.533
1	50.589
1	86.3537
1	82.7552
1	71.9913
1	102.04
1	147.842
1	123.376
1	95.083
1	230.631
1	106.857
1	146.351
1	179.625
1	79.8741
1	123.004
1	58.3471
1	204.076
1	147.857
1	74.9428
1	61.6614
1	68.9336
1	298.901
1	110.614
1	200.855
1	246.49
1	95.2595
1	159.064
1	37.6889
1	97.6112
1	89.1117
1	55.8768
1	119.574
1	138.001
1	61.1754
1	128.459
1	99.7499
1	109.785
1	98.0194
1	278.424
1	103
1	59.4368
1	135.749
1	86.4095
1	147.322
1	98.0716
1	97.7747
1	53.035
1	69.58
1	145.934
1	106.85
1	68.3213
1	66.5202
1	75.5886
1	179.935
1	159.382
1	97.4373
1	110.751
1	61.6997
1	71.748
1	86.1445
1	66.1309
1	97.1497
1	48.8495
1	171.897
1	122.116
1	85.8279
1	77.0563
1	80.1547
1	149.744
1	147.776
1	134.105
1	97.8885
1	163.303
1	26.357
1	86.8643
1	76.0408
1	98.2991
0	2.5787e-05
1	123.673
1	87.9293
1	99.0294
1	99.8688
1	103.468
1	76.3057
1	179.688
1	132.146
1	161.366
1	26.4546
1	69.8558
1	301.948
1	115.419
1	52.6931
1	101.548
1	241.536
1	95.9016
1	63.9512
1	100.918
1	81.995
1	116.604
1	309.69
1	99.1797
1	152.324
1	52.4462
1	171.244
1	48.9253
1	86.3535
1	169.991
1	202.482
1	88.4699
1	113.575
1	136.44
1	105.183
1	106.093
1	209.287
1	86.3676
1	37.9941
1	59.8568
1	122.055
1	98.4821
1	136.39
1	52.9003
1	188.522
1	153.015
1	90.9847
1	78.0808
1	88.1301
1	105.019
1	87.2659
1	51.5189
1	111.228
1	141.204
1	56.3519
1	147.725
1	54.1926
1	125.378
1	108.02
1	96.2254
1	87.167
1	91.3781
1	158.974
1	119.045
1	140.121
1	103.274
1	50.9933
1	54.0842
1	81.7031
1	106.497
1	225.76
1	102.353
1	76.8067
1	68.043
1	64.8507
1	86.1198
1	148.426
1	121.375
1	80.9401
1	67.9211
1	75.8311
1	102.937
1	87.1998
1	87.9504
1	109.286
1	87.1424
1	119.121
1	137.035
1	56.8493
1	83.9689
0	12.3887
1	270.495
1	233.449
1	52.9353
1	117.948
1	92.3899
1	72.5127
1	76.6421
1	73.205
1	105.349
1	46.7339
1	66.5589
1	129.752
1	223.976
1	69.067
1	149.285
0	30.3927
1	74.9131
1	105.709
1	231.079
1	135.662
1	107.708
1	42.2923
1	120.265
1	96.6793
1	58.6503
1	134.737
1	133.741
1	95.007
1	53.6585
1	112.451
1	71.0974
1	203.031
1	60.1881
1	79.0945
1	60.4914
1	83.7244
1	124.577
0	74.4921
1	83.0554
1	78.2193
1	99.2918
1	271.573
1	122.678
1	91.0007
1	78.8889
1	111.925
1	112.471
1	129.749
1	127.982
1	66.0633
1	85.501
1	78.5198
1	156.026
1	256.246
1	49.4325
1	47.3979
1	212.833
1	82.7544
1	62.5954
1	121.913
1	157.749
1	180.012
1	101.354
1	100.97
1	85.3506
1	129.867
1	71.5547
0	5.3535
1	56.9975
1	149.514
1	92.5161
1	72.9189
1	96.0795
1	171.611
1	157.297
1	240.226
1	49.7599
1	98.241
1	70.2494
1	229.032
1	116.461
1	75.3934
1	68.6553
1	56.4269
1	71.2597
1	63.6375
1	96.609
1	140.194
1	85.7279
1	89.118
1	264.14
1	72.0424
1	50.279
1	91.1983
1	109.843
1	164.807
1	63.9611
1	128.445
1	61.7913
1	35.1344
1	59.847
1	92.1592
1	70.6107
1	58.2538
1	179.322
1	151.346
1	141.625
1	122.832
0	82.6827
1	98.6762
1	48.8104
1	70.7599
1	101.696
1	119.307
1	97.3534
1	97.5533
0	3.37331
1	57.9314
1	68.9052
1	89.4299
1	60.4339
1	95.5614
1	83.773
1	79.4947
1	93.7318
1	119.279
1	57.0293
1	207.258
0	5.48135
1	123.606
1	113.668
1	109.832
1	200.121
1	79.3316
1	55.6218
1	108.255
1	121.116
1	57.5082
1	116.619
1	177.371
1	121.083
1	124.301
1	121.493
1	117.224
1	149.206
1	103.554
1	180.001
1	121.825
1	92.5821
1	91.2313
1	82.4372
1	83.2544
1	119.748
1	113.111
0	65.1461
1	71.9405
1	56.0005
1	282.381
1	84.0928
1	98.134
1	145.773
1	126.182
1	75.2476
1	57.0154
1	119.976
1	87.268
1	92.287
1	115.847
1	77.645
1	121.21
1	128.876
1	75.0124
1	119.678
1	130.815
1	154.192
1	84.6264
1	54.1093
1	87.5803
1	72.0878
1	72.3351
1	42.2678
1	111.999
1	161.996
1	214.706
1	70.9859
1	228.857
1	88.6119
1	95.0808
1	75.2648
1	104.728
1	97.9928
1	89.3831
1	86.3887
1	124.646
1	158.246
1	85.3391
1	154.342
1	103.666
1	214.742
1	79.1469
1	75.148
1	136.069
1	99.162
1	61.8298
1	177.713
1	66.7598
1	53.538
1	55.7767
1	120.226
1	163.939
1	81.7582
1	169.326
1	175.71
1	170.743
1	53.8618
1	95.6328
1	73.5375
1	117.641
1	59.873
1	173
1	183.55
0	30.126
1	215.636
1	100.105
1	84.6007
1	63.4895
1	100.714
1	44.6498
1	156.41
1	76.108
1	65.9046
1	182.448
1	144.022
1	108.241
1	102.862
1	76.7404
0	26.7086
1	106.597
1	96.003
1	104.824
1	99.5472
1	172.784
1	107.277
1	59.367
1	102.913
1	47.5197
1	77.299
1	146.038
1	153.084
1	126.118
1	170.683
1	81.1288
1	40.944
1	139.245
1	104.025
1	264.958
1	65.6224
1	220.757
1	105.743
1	69.286
1	78.1225
1	311.974
1	138.638
1	30.9914
1	60.7262
1	185.813
1	47.8077
1	105.366
1	64.1877
1	300.601
1	191.031
1	180.164
1	90.5739
1	79.6383
1	89.7168
1	131.052
1	91.4204
1	101.19
1	51.9247
1	153.317
1	114.096
1	163.018
1	159.031
1	144.94
1	65.8386
1	165.323
1	129.545
1	54.6285
1	79.9133
1	123.219
1	82.31
1	97.3736
1	47.2744
1	122.523
1	54.2744
1	76.5986
1	73.99
1	126.943
1	40.6584
1	34.9675
1	112.765
1	174.081
1	126.237
1	108.489
1	89.5365
1	117.83
1	152.801
1	130.899
1	249.339
1	111.032
1	103.044
1	86.8355
1	94.6107
1	69.6518
1	75.3591
1	81.9512
1	79.6667
1	241.223
1	117.487
1	62.4111
1	64.6668
1	50.4754
1	79.8602
1	52.9524
1	73.4973
1	97.2626
1	121.045
1	99.0202
1	87.2504
1	155.118
1	98.1272
1	78.4052
1	111.854
1	96.9905
1	59.2941
1	60.8489
1	94.0922
1	113.274
1	114.464
1	115.474
1	80.3341
0	8.91485
1	218.449
1	176.702
1	238.173
1	145.032
1	63.429
1	88.3085
1	82.7884
1	79.7718
1	60.961
1	116.584
1	91.6252
1	146.376
1	112.782
1	94.4026
1	156.526
1	180.555
1	65.6698
1	98.2407
1	118.038
1	126.842
1	107.664
1	58.3252
1	82.4391
1	76.5346
1	140.601
1	123.384
1	107.637
1	109.779
1	73.1871
1	74.8793
1	67.1415
1	61.7648
1	174.274
1	75.8252
1	128.61
1	80.0401
1	55.4914
1	44.8408
1	48.7229
1	129.823
1	64.9875
1	220.489
1	133.192
1	260.708
1	124.713
1	121.004
1	122.687
1	90.0064
1	90.1263
1	154.697
1	85.2591
1	82.6894
1	237.072
1	101.327
1	90.5276
1	74.4532
1	72.1922
1	108.71
1	92.2597
1	155.705
1	82.3956
1	112.466
1	91.9719
1	157.679
1	152.582
1	85.1579
1	180.348
1	77.0105
1	78.6654
1	167.839
1	107.841
1	46.3966
1	136.944
1	109.095
1	137.163
1	117.288
1	87.0816
1	272.859
1	131.588
1	147.519
1	114.622
1	128.563
1	95.2583
1	177.018
1	185.939
1	50.4443
1	132.997
1	134.54
1	38.9289
1	106.364
1	172.508
1	108.699
1	89.3183
1	81.605
1	99.6796
1	149.279
1	96.33
1	84.1478
1	143.246
1	112.704
1	161.949
1	77.281
1	109.566
1	168.936
1	83.3432
1	82.9687
1	34.298
1	43.2962
1	214.794
1	97.7684
1	138.286
1	43.8593
1	159.606
1	121.359
1	172.606
1	61.401
1	79.6193
1	185.431
1	114.899
1	50.4506
1	68.1618
1	51.1193
1	125.141
1	40.552
1	79.473
1	48.0126
1	117.282
1	82.6177
1	130.847
1	136.961
1	99.5714
1	126.837
1	117.761
1	66.2278
1	145.222
1	53.757
1	84.5889
1	105.733
0	68.0297
1	95.5446
1	70.2704
1	63.7185
1	248.383
1	96.6703
1	109.113
1	44.9486
1	66.7834
1	173.253
1	118.631
1	62.0931
1	109.039
1	30.4131
1	68.5335
0	15.5141
1	65.6477
1	155.128
1	109.831
1	111.775
1	206.237
1	93.0258
1	122.78
1	179.331
1	73.6291
1	85.7608
1	46.3772
1	91.7481
1	57.9831
1	105.5
1	101.732
1	88.9632
1	41.3564
1	58.326
1	89.9804
1	166.065
1	68.5823
1	112.367
1	96.3941
1	198.088
1	95.2812
1	81.897
1	62.2864
1	174.579
1	105.425
1	75.7389
1	52.0496
1	146.244
0	49.577
1	143.278
1	43.8433
1	65.5924
1	58.653
1	136.972
1	184.704
1	79.9145
1	59.8057
1	85.2681
1	107.732
1	119.581
1	130.543
1	100.015
1	114.828
1	52.8392
1	125.555
1	105.423
1	71.3041
1	146.848
1	75.2675
1	82.54
1	99.4927
1	52.5626
0	9.12371
1	119.999
1	62.6054
1	126.47
1	148.092
1	80.1806
1	147.397
1	91.7286
1	57.8643
1	78.1695
1	37.732
1	96.6747
1	130.017
1	97.5997
1	94.6262
1	93.3663
1	47.1354
1	132.018
1	78.2686
1	155.054
1	204.973
1	105.975
1	163.22
1	130.362
1	73.8192
1	73.6363
1	72.0658
1	169.072
1	70.7346
1	87.7368
1	149.608
1	28.0914
1	79.4434
1	183.321
1	59.4692
1	53.7386
1	71.6122
1	98.8438
1	96.5869
1	70.9041
1	99.005
1	97.1083
1	137.575
1	93.4571
1	91.3153
1	242.823
1	129.853
1	140.226
1	47.5716
1	97.713
1	45.1459
1	46.7708
1	124.777
1	81.6206
1	151.141
1	68.1132
1	66.4314
1	90.7991
1	242.91
1	146.943
1	95.7454
1	110.678
1	73.467
1	144.049
1	233.791
1	144.755
1	151.992
1	154.9
1	54.9255
1	203.948
1	149.155
1	92.6799
1	99.6762
1	81.9682
1	27.8101
1	87.3429
1	221.745
1	31.323
1	165.578
1	88.2167
1	64.3998
1	70.4487
1	155.555
1	53.2303
1	156.384
1	180.514
0	1.06637
1	62.0845
1	145.253
1	85.9969
1	58.4246
1	140.82
1	76.7443
1	107.842
1	95.1642
1	110.276
1	51.0177
1	82.839
1	258.893
1	245.621
1	122.617
1	73.9538
0	0.673985
1	79.626
1	46.9376
1	69.5461
1	76.7674
1	69.9732
1	130.424
1	82.3467
1	73.4612
1	102.381
1	67.0372
1	124.07
1	138.686
1	50.7447
1	118.544
1	78.2
1	84.4808
1	140.206
1	52.1413
1	294.943
1	76.2606
1	43.0592
1	93.6202
1	138.874
1	91.4915
1	118.125
1	93.239
1	43.2691
1	102.759
1	63.0484
1	80.6853
1	79.6251
1	33.9222
1	89.7672
1	124.526
1	92.0242
1	114.551
1	72.9851
1	95.9113
1	81.7441
1	46.9045
1	64.1212
1	81.3403
1	65.6114
1	76.6682
1	104.673
1	53.3529
1	73.3866
1	63.6459
1	86.2416
1	102.937
1	83.7536
1	102.917
1	84.2898
1	68.3486
1	76.3323
1	117.063
1	87.1871
1	116.144
1	169.994
1	141.165
1	99.5029
1	47.1752
1	47.9218
1	121.498
1	153.414
1	112.134
1	69.7661
1	78.1138
1	144.012
1	137.051
1	74.726
1	108.926
1	170.59
1	98.3316
1	179.483
1	103.301
1	54.1179
1	171.301
1	152.325
1	117.279
1	58.1037
1	243.235
1	94.7497
1	162.171
1	73.4893
1	102.547
1	118.363
1	283.445
1	106.483
1	80.4239
1	73.3247
1	91.8545
1	55.8572
1	147.018
1	103.684
1	89.9641
1	159.674
1	112.998
1	89.8344
1	151.264
1	46.3356
1	90.8272
1	103.998
1	74.6201
1	236.3
1	116.239
1	49.2893
1	171.015
1	43.8007
1	66.7764
1	131.802
1	87.2307
1	124.417
1	244.354
1	53.5635
1	136.111
1	78.2595
1	63.6556
1	42.7919
1	189.117
1	132.702
1	76.8245
1	98.88
1	79.7457
1	138.482
1	63.0298
1	69.7049
1	67.7382
1	168.238
1	136.4
1	58.6622
1	96.3944
1	172.138
1	61.1766
1	76.6
1	69.2361
1	99.205
1	165.327
1	107.489
1	96.9556
1	191.178
1	149.844
1	168.507
1	113.669
1	74.6216
1	109.369
1	60.5655
1	107.235
1	75.6797
1	109.973
1	76.7086
1	88.2485
1	110.606
1	114.652
1	133.966
1	54.6865
1	48.4222
1	85.1975
1	109.242
1	146.199
1	242.384
1	77.4181
1	268.853
1	80.2805
1	34.3566
1	87.361
1	229.09
1	42.836
1	82.8954
1	68.3224
1	72.464
1	118.19
1	123.505
1	48.8544
1	123.03
1	90.5761
1	126.778
1	82.1606
1	192.795
1	102.371
1	79.5606
1	81.7452
1	47.2812
1	60.3611
1	60.0787
1	107.765
1	116.759
1	154.508
1	189.495
1	135.575
1	62.056
1	88.2421
1	89.713
1	146.379
1	114.436
1	158.794
1	86.4511
1	138.557
1	100.364
1	73.0743
1	129.065
1	134.581
1	73.9598
1	110.724
1	70.8125
1	121.048
1	144.733
1	123.35
1	110.484
1	216.465
1	143.952
1	101.004
1	120.534
1	172.914
1	249.776
1	115.758
1	76.7449
1	132.626
1	95.2997
1	100.305
1	124.525
1	114.874
1	111.616
1	115.577
1	58.8628
1	91.0156
1	60.229
1	111.392
1	70.8154
1	87.4077
1	169.649
1	274.64
1	77.9906
1	159.719
1	69.3008
1	275.667
1	106.008
1	85.2549
1	89.0364
1	71.2128
1	110.463
1	67.0782
1	93.3114
1	108.805
1	117.462
1	136.707
1	97.1817
1	62.0123
1	86.4852
1	121.458
1	119.042
1	110.277
1	127.458
1	55.9684
1	99.8873
1	91.1605
1	114.516
1	76.7377
1	69.4043
1	64.4906
1	108.606
1	183.683
1	111.831
1	225.631
1	242.679
1	86.0636
1	141.146
1	81.7874
1	100.772
1	88.3857
1	89.1288
1	67.693
1	202.018
1	71.7294
1	84.3125
1	53.4106
1	84.5191
1	80.6043
1	93.5735
1	31.1415
1	105.788
1	93.074
1	48.7844
1	121.035
1	75.4161
1	75.8053
1	69.48
1	114.687
1	163.565
1	169.965
1	160.02
1	99.4949
1	121.434
1	162.282
1	67.7221
1	94.969
1	153.651
1	205.475
1	55.2534
1	71.6563
1	77.5243
1	112.548
1	72.1134
1	91.0855
1	59.2327
1	116.024
1	51.225
1	77.6097
1	134.706
1	98.6947
1	108.988
1	82.1554
1	109.802
1	137.05
1	75.8524
1	72.0694
1	69.8021
1	187.649
1	81.2941
1	79.6626
1	226.14
1	72.3527
1	150.805
1	77.6644
1	91.8388
1	135.103
1	205.045
1	167.092
1	74.7618
1	119.801
1	112.059
1	51.435
1	138.904
1	208.917
1	64.0816
1	134.287
1	88.2319
1	135.405
1	73.023
1	77.1796
1	143.435
1	180.662
1	118.052
1	52.5052
1	183.227
1	119.161
1	169.896
1	117.685
1	134.662
1	127.338
1	88.3147
0	3.71344
1	137.835
1	103.791
1	47.5109
1	48.5095
1	155.557
1	67.0164
1	59.1618
1	129.02
1	160.361
1	53.8878
1	123.129
1	78.3233
1	70.6819
1	59.4005
1	119.288
1	58.6453
1	73.7471
1	222.812
1	116.667
1	98.5342
1	284.584
1	74.0324
1	61.8529
1	35.2843
1	87.5306
1	90.6869
1	175.052
1	97.4884
1	39.3156
1	89.6516
1	92.6595
1	90.1792
1	87.1482
1	158.355
1	75.9797
1	74.9965
1	85.1777
1	130.75
1	115.155
1	44.6125
1	77.6413
1	79.6716
1	216.762
1	85.1616
1	100.247
1	99.5378
1	122.049
1	94.1135
1	35.1197
1	107.641
1	192.659
1	81.262
1	60.9181
1	160.195
1	51.6849
1	67.8543
1	138.559
1	132.782
1	31.4715
1	84.5366
1	88.1071
1	51.6651
1	160.468
1	84.0538
1	153.241
1	53.7408
1	30.5245
1	91.3574
1	96.548
1	91.0044
1	162.209
1	99.5435
0	0.998627
1	109.962
1	132.39
1	107.625
1	46.2897
1	94.6003
1	110.171
1	69.4691
1	138.413
1	101.569
1	211.841
1	232.385
1	98.658
1	208.79
1	87.855
1	84.4429
1	161.291
1	148.406
1	130.358
1	68.8522
1	212.386
1	113.917
1	145.318
1	192.659
1	70.2083
1	86.7832
1	124.224
1	116.629
1	97.7251
1	91.2134
1	124.03
1	100.069
0	3.45846e-06
1	118.453
1	150.097
1	205.108
1	111.198
1	59.9532
1	127.61
1	84.2141
1	130.756
1	70.5656
1	63.7164
1	211.807
1	83.5509
1	113.276
1	117.231
1	140.23
1	63.8707
1	49.7596
1	70.005
1	80.2771
1	39.7812
1	85.129
1	240.494
1	73.308
1	110.094
1	120.846
1	164.401
1	149.741
1	166.71
1	166.045
1	73.5
1	78.0139
1	188.92
1	62.0758
1	69.7236
1	111.16
1	73.8139
1	84.7327
1	104.424
1	174.607
1	147.489
1	113.582
1	155.114
1	186.291
1	131.347
1	192.56
1	93.1127
1	27.0925
1	128.657
1	147.816
1	138.372
1	145.204
1	60.7096
1	94.937
1	112.439
1	109.912
1	112.973
1	69.1379
1	84.1852
1	70.1323
1	174.467
1	55.3636
1	86.6254
1	84.087
1	196.85
1	131.224
1	61.8971
1	43.3694
1	151.298
1	142.99
1	65.9029
1	79.54
1	171.674
1	106.722
1	104.447
1	72.443
1	114.843
1	57.6616
1	71.5783
1	98.6698
1	72.0009
1	136.42
1	101.453
1	101.193
1	248.236
1	66.2615
1	147.369
1	240.835
1	118.217
1	73.4714
1	73.6761
1	69.6156
1	127.135
1	81.7136
1	47.4933
1	148.159
1	116.307
1	169.461
1	133.814
1	118.036
1	146.178
1	154.884
1	41.5379
1	139.177
1	152.914
1	123.168
1	271.551
1	105.737
1	93.2086
1	180.328
1	255.951
1	69.6863
1	100.629
1	278.446
1	111.065
1	172.296
1	58.7199
1	99.6037
1	111.228
1	79.4498
1	155.029
1	202.711
1	103.729
1	86.1813
1	87.8109
1	57.1594
0	57.3323
1	133.076
1	204.542
1	57.0937
1	77.4446
1	67.3722
1	82.94
1	73.8411
1	118.409
1	126.465
1	90.5418
1	102.467
1	176.059
1	166.521
1	126.769
1	88.3644
1	41.3108
1	158.552
1	143.712
1	155.981
1	116.977
1	130.381
1	93.7434
1	110.121
1	68.6512
1	155.038
1	121.818
1	49.2422
1	31.6855
1	143.297
1	109.696
1	94.2226
1	91.6677
1	89.9127
1	95.5753
1	131.643
1	65.3685
1	127.159
1	85.5353
1	304.913
1	126.509
1	67.1186
1	37.6562
1	156.45
1	251.969
1	89.9218
1	100.604
1	108.06
1	103.929
1	71.5737
1	78.4335
1	153.907
1	98.9581
1	131.465
1	68.0131
1	86.4474
1	71.0066
1	67.1196
1	70.3816
1	69.4187
1	162.658
1	175.035
1	55.8286
1	273.149
1	115.454
1	56.1793
1	48.7634
1	100.454
1	61.1302
1	86.5898
1	135.155
1	143.106
1	258.136
1	118.66
1	121.264
1	54.3564
1	55.879
1	229.623
1	72.442
1	162.734
1	68.4546
1	105.322
1	278.478
1	110.548
1	67.5241
1	123.2
1	149.572
0	36.1685
1	117.179
1	66.8538
1	122.76
1	79.4121
1	76.8295
1	106.492
1	96.8403
1	97.6194
1	113.172
1	90.8262
0	83.28
1	62.4834
1	60.8517
1	138.863
1	88.3053
1	121.406
1	70.7522
1	89.0979
1	150.252
1	120.897
1	42.0003
1	105.11
1	71.0964
1	70.5434
1	171.713
1	143.373
1	196.518
1	119.311
1	67.3319
1	121.337
1	239.352
1	112.051
1	80.9166
1	60.8961
1	172.809
1	123.357
1	145.247
1	148.815
1	75.3149
1	138.837
1	55.6864
1	78.9636
1	124.497
1	155.226
1	83.175
1	91.1228
1	56.853
1	95.3885
1	60.1579
1	106.053
1	93.935
1	129.905
1	78.0301
1	110
1	136.512
1	217.536
1	141.923
1	101.174
1	107.992
1	106.899
1	127.502
1	139.985
1	114.2
1	79.7891
1	99.9188
1	176.044
1	66.1847
1	82.4913
1	142.332
1	155.844
1	114.397
1	129.886
1	176.221
1	101.546
1	35.624
1	51.2488
1	123.59
1	77.1993
1	40.2562
1	92.1564
1	116.511
1	114.086
1	205.354
1	98.2007
1	144.725
1	97.9642
1	170.22
1	168.538
1	63.8006
1	173.87
1	100.549
1	120.387
1	139.869
1	121.686
1	166.514
1	78.1404
1	81.6497
1	58.3299
0	23.5218
1	130.918
0	7.52171
1	62.1137
1	77.6893
1	121.803
1	72.5701
1	56.4793
1	74.3602
1	102.838
1	93.929
1	81.728
1	65.3173
1	107.714
1	72.7295
1	143.019
1	112.624
1	71.6935
1	147.652
1	139.728
1	76.9138
1	144.04
1	235.912
1	122.729
1	106.273
1	96.0382
1	57.7066
1	47.3572
1	33.8928
1	65.3831
1	139.128
1	77.1526
1	155.607
1	99.9665
1	123.93
1	207.503
1	89.6487
1	138.581
1	74.8782
1	62.5236
1	77.0188
1	97.2882
1	60.3809
1	127.506
1	143.248
1	141.05
1	147.631
1	77.7579
1	100.954
1	109.751
1	100.326
1	130.041
1	65.723
1	213.252
1	166.005
1	84.525
1	95.5416
1	73.9848
1	92.3069
1	85.6061
1	79.5859
1	86.2127
1	102.102
1	58.7798
1	115.445
1	40.5647
1	79.0693
0	1.4239
1	147.171
1	108.629
1	90.8345
1	53.0615
1	85.0865
1	119.917
1	110.794
1	107.321
1	42.7129
1	96.1772
1	123.834
1	80.6335
1	109.199
1	60.958
1	64.7674
1	124.13
1	136.174
1	227.72
1	175.794
1	82.4728
1	193.091
1	119.392
1	105.488
1	110.493
1	159.413
1	68.5377
1	85.992
1	107.46
1	40.8736
1	90.7029
1	113.922
1	58.975
1	118.481
1	54.235
1	89.034
1	115.696
1	97.3638
1	131.747
1	107.163
1	65.2075
1	118.566
1	70.9379
1	110.755
1	84.2236
1	64.9477
1	136.34
1	77.2265
1	152.105
1	69.1611
1	96.6466
1	74.4856
1	132.388
1	79.5096
1	238.815
1	81.7623
1	100.863
1	165.587
1	62.1243
1	71.4938
1	113.042
1	137.24
1	77.4304
1	110.383
1	161.161
1	83.8613
1	171.621
1	91.6363
1	110.581
1	62.5814
1	143.908
1	127.96
1	149.823
1	66.5136
1	82.6936
1	136.351
1	115.715
1	60.2623
1	101.253
1	164.955
1	32.7511
1	66.7125
1	40.3488
1	67.8073
1	195.968
1	83.3078
1	86.2331
1	153.187
1	160.627
1	99.2628
1	72.0021
1	259.509
1	119.523
1	69.1071
1	75.4956
1	109.088
1	132.436
1	60.827
1	64.9582
1	156.051
1	142.633
1	142.619
1	118.552
1	75.9146
1	67.7328
1	114.477
1	158.934
1	70.6529
1	64.0374
1	130.031
1	76.4779
1	67.7305
1	154.654
1	170.093
1	60.1429
1	100.486
1	248.437
1	160.202
1	91.4917
1	104.023
1	83.9678
1	134.769
1	96.9974
1	155.509
1	85.729
1	93.2052
1	87.1203
1	43.6821
1	150.59
0	9.13933
1	127.704
1	134.98
1	63.1923
1	70.4818
1	142.429
1	64.4259
1	68.1715
1	132.627
1	95.1877
1	124.158
1	102.15
1	104.666
1	99.1834
1	187.249
1	118.965
1	105.782
1	85.0448
1	50.7181
1	83.7773
1	145.546
1	151.223
1	79.5256
1	69.837
1	106.52
1	92.7692
1	76.5098
1	87.8164
1	43.3283
1	155.942
1	96.0004
1	177.072
1	122.227
1	54.0179
1	181.645
1	91.543
1	81.9342
1	89.7965
1	147.467
1	94.8346
1	106.46
1	115.571
1	56.1437
1	100.645
1	132.917
1	67.8496
1	60.0556
1	101.22
1	197.436
1	62.084
1	64.263
1	127.723
1	136.35
1	116.199
1	42.2337
1	112.613
1	82.5365
1	92.7234
1	48.4196
1	115.532
1	150.439
1	70.7263
1	57.1019
1	46.4604
1	90.0315
1	104.745
1	206.797
1	91.4592
1	78.1408
1	161.505
1	74.5009
1	118.615
1	66.3408
1	78.9567
1	66.464
1	38.7608
1	59.1288
1	204.929
0	7.98767
1	176.411
1	56.589
1	207.714
1	95.0123
1	58.4044
1	120.621
1	101.423
1	138.919
1	141.855
1	141.689
1	261.757
1	102.818
1	108.539
1	109.058
1	78.9378
1	102.126
1	49.125
1	54.879
1	75.0887
1	186.479
0	72.3216
1	117.563
1	101.14
1	101.919
1	54.8498
1	149.929
1	110.434
1	83.4797
1	58.7662
1	109.811
1	204.175
1	211.284
1	224.493
1	131.791
1	73.7243
1	70.3346
1	128.979
1	97.8115
1	155.706
1	71.001
1	87.5705
1	112.023
1	144.329
1	118.921
1	163.01
1	49.8198
0	16.9084
1	65.9799
1	133.216
1	78.5128
1	100.267
1	88.3223
1	283.732
1	110.013
1	212.244
1	191.383
1	96.6251
1	130.814
1	65.4016
1	88.8614
1	178.492
1	151.837
1	60.3406
1	131.992
1	77.7153
1	81.0305
1	151.072
1	162.159
1	173.623
1	378.77
0	26.2253
1	132.302
1	81.1541
1	93.5268
1	111.162
1	144.136
1	72.4454
1	102.732
1	105.324
1	200.716
1	102.993
1	44.7685
1	120.538
1	49.2505
1	140.029
1	80.3885
1	141.564
1	142.222
1	107.318
1	62.6525
1	160.137
1	93.0704
1	93.5609
1	148.504
1	93.8042
1	151.972
1	116.151
1	112.41
1	69.9381
1	67.3498
1	70.2388
1	101.954
1	152.323
1	191.762
1	108.992
1	103.519
1	135.584
1	69.9129
1	157.36
1	136.835
1	215.088
1	80.2592
1	110.043
1	115.748
1	72.105
1	56.7746
1	99.9958
1	69.0905
1	151.583
1	144.724
1	42.491
1	133.708
1	130.216
1	48.3835
1	217.923
1	59.2515
1	105.004
1	126.982
1	55.4245
1	104.708
1	119.432
1	121.414
1	105.743
1	159.542
1	69.2547
1	113.419
1	108.546
1	95.3351
1	249.152
1	115.241
1	135.923
1	55.3646
1	70.075
1	78.6441
1	111.784
1	212.952
1	92.7053
1	55.3817
1	113.662
1	98.7854
0	30.0704
1	106.078
1	133.174
1	146.571
1	69.7135
1	86.9729
1	89.2315
1	215.631
1	144.774
1	149.161
1	113.884
1	71.1958
1	67.668
1	85.4197
1	162.79
1	97.7095
1	87.8874
1	80.787
1	81.5951
1	170.325
1	147.698
1	291.284
1	101.013
1	184.531
1	162.189
1	85.2788
1	186.668
1	89.0832
1	58.6998
1	92.3922
1	212.814
1	60.7984
1	124.12
1	52.9757
1	146.953
1	106.173
1	96.9943
1	120.408
1	209.726
1	97.9186
1	166.462
1	171.443
1	57.7164
1	49.4556
1	104.967
1	74.9377
1	71.0027
1	297.948
1	90.5198
1	155.189
1	89.027
1	75.6551
1	167.621
1	71.378
1	79.6141
1	100.043
1	115.917
1	98.111
1	76.2223
1	62.5274
1	86.2369
1	114.02
1	168.154
1	94.0992
1	118.536
1	104.426
1	103.012
1	67.3649
1	144.019
1	91.5341
1	34.2349
1	88.4448
1	57.2703
1	49.7905
1	71.5351
1	95.5403
1	85.273
1	79.0757
1	103.421
1	71.0975
1	176.023
1	57.7975
1	165.548
1	53.8425
1	362.565
1	133.005
1	100.536
1	43.8301
1	187.704
1	83.903
1	163.736
1	87.785
1	52.7245
1	99.8856
1	120.139
1	66.9341
1	55.5072
1	58.7023
1	157.941
1	55.3569
1	99.1895
1	59.8323
1	92.3919
1	77.7858
1	102.861
1	218.924
1	125.863
1	96.1842
1	79.33
1	93.5019
1	72.9165
1	98.5072
1	52.5845
1	155.499
1	72.1626
1	73.457
1	80.5622
1	121.638
1	94.6438
1	92.4414
1	77.0533
1	209.914
1	81.4514
1	156.464
1	52.7221
1	80.2627
1	68.2165
1	60.9708
1	103.06
1	191.978
1	45.4766
1	58.2154
1	158.998
1	74.2814
1	121.466
1	159.086
1	163.704
1	45.7011
1	114.917
1	158.304
1	66.9619
1	311.109
1	76.976
1	156.388
1	77.125
1	71.4811
1	193.456
1	91.0189
1	86.5214
1	96.2099
1	109.929
1	48.307
1	126.828
1	99.7305
1	107.634
0	7.7059
1	31.0759
1	80.7572
1	145.764
1	72.3052
1	93.2395
1	111.139
1	26.1094
1	83.1956
1	135.171
1	128.061
1	149.612
1	71.7175
1	148.559
1	80.9793
1	127.398
1	138.961
1	78.454
1	163.99
1	52.1114
1	115.007
1	101.809
1	105.103
1	58.4511
1	135.973
1	114.179
1	127.631
1	279.859
1	63.2652
1	220.054
1	108.675
1	62.8781
1	51.6785
1	102.488
1	127.903
1	163.395
1	116.377
1	65.4801
1	102.153
1	65.4438
1	84.2317
1	48.2128
1	97.3248
1	67.2414
1	64.8918
1	167.337
1	80.317
1	178.661
1	54.5663
1	130.692
1	127.959
1	116.713
1	113.511
1	65.9208
1	93.3038
1	152.389
1	103.382
1	98.205
1	138.824
1	52.6088
1	56.1418
0	17.7934
1	99.2623
1	109.119
1	64.3696
1	37.1243
1	98.4907
1	65.6159
1	186.833
1	114.06
1	79.6955
1	88.8735
1	66.9501
0	21.9285
1	52.5468
1	81.63
1	113.418
1	146.233
1	61.2389
1	220.969
1	90.9763
1	47.8259
1	119.585
1	123.085
1	100.832
1	146.128
1	94.9916
1	99.8146
0	9.7171
1	64.6682
1	132.901
1	86.7752
1	61.9462
1	119.635
1	59.7328
1	145.567
1	161.535
1	63.4626
1	91.7467
1	92.4403
1	138.824
1	69.2221
1	149.089
1	44.0574
1	62.9622
1	140.621
1	107.012
1	118.273
1	112.944
1	89.5175
1	74.9196
1	93.8964
1	124.641
1	106.74
1	146.731
1	60.7567
1	137.548
1	75.0659
1	83.6761
1	85.9373
1	114.839
1	85.3072
1	98.2293
1	81.6884
1	211.201
1	81.1403
1	41.4534
1	125.944
1	83.6016
1	77.9167
1	141.485
1	118.52
1	56.2416
1	180.703
1	39.5819
1	96.3142
1	135.568
1	60.3595
1	169.284
1	100.275
1	90.5255
1	156.349
1	76.3756
1	44.5066
1	82.8656
1	77.0739
1	44.7344
1	54.9688
1	105.061
1	109.896
1	122.817
1	84.9031
1	127.744
1	115.455
1	58.2029
1	131.484
1	147.598
1	132.994
1	214.205
1	127.665
1	40.5688
1	117.096
1	213.944
1	185.244
1	91.854
1	116.45
1	91.9867
1	78.0104
1	111.903
1	81.537
1	73.619
1	142.112
1	166.566
1	221.643
1	83.8752
1	120.543
1	204.472
1	49.0101
1	68.237
1	60.9478
1	70.4238
1	54.8941
1	118.794
1	127.883
1	46.7256
1	113.266
1	98.2661
1	182.213
1	60.6273
1	137.939
1	63.3918
1	74.4645
1	38.5823
1	183.526
1	108.475
1	82.5154
1	131.027
1	129.098
1	217.529
1	114.632
1	66.7174
1	77.933
1	77.0003
1	59.7562
1	66.8965
1	229.031
1	55.5673
1	85.6946
1	126.904
1	118.064
1	202.757
1	152.39
1	88.7987
0	9.95139
1	95.5012
1	231.609
1	317.565
1	113.6
1	79.3712
1	159.453
1	22.0355
1	142.262
1	135.275
1	189.18
1	58.9932
1	216.1
1	75.7054
1	105.51
1	152.021
1	165.608
1	70.7367
1	229.421
1	133.619
1	178.424
1	51.3999
1	204.119
1	175.121
1	60.9473
1	146.749
1	97.3756
1	104.177
1	98.9546
1	174.748
1	122.366
1	87.5767
1	125.162
1	68.198
1	44.4144
1	68.839
1	130.176
1	154.948
1	74.7942
1	115.766
1	188.014
1	190.921
1	36.0863
1	94.1825
1	85.2705
1	172.288
1	81.9043
1	135.334
1	96.7836
1	83.2711
1	135.31
1	79.2351
1	176.745
1	100.82
1	100.632
1	71.7965
1	55.5768
1	100.992
1	167.191
1	123.127
1	95.753
1	103.969
1	121.564
1	121.091
1	105.991
1	144.175
1	112.644
1	85.7964
1	186.271
1	83.4602
1	322.423
1	89.3719
1	113.497
1	112.217
1	91.8286
1	137.127
1	99.0283
1	64.9454
1	58.5259
1	145.689
1	94.19
1	97.9418
1	102.41
1	113.021
1	119.21
1	283.206
1	54.8308
1	152.382
1	129.352
1	97.0043
1	76.2913
1	122.904
1	102.278
1	90.1894
1	126.533
1	138.423
1	136.758
1	84.2985
1	82.0813
1	74.2862
1	146.925
1	135.22
1	267.758
1	90.5453
1	81.4413
1	69.1356
1	132.122
1	79.9459
1	126.846
1	71.8621
1	44.3928
1	37.2643
1	69.8754
1	89.0926
1	132.394
1	107.336
1	248.88
1	81.8989
1	99.6526
1	80.4055
1	122.387
1	87.2538
1	167.808
1	101.548
1	141.903
1	121.963
1	57.6143
1	103.273
1	52.1466
1	87.9457
1	128.372
1	57.9404
1	96.3976
1	140.534
1	94.4521
1	125.637
1	168.048
1	118.455
1	140.5
1	69.8415
1	81.6289
1	216.221
1	232.204
1	55.3362
1	56.8851
1	167.298
1	162.243
1	63.9439
1	149.882
1	91.808
1	55.4568
1	46.0252
1	100.512
1	93.7811
1	212.899
1	96.5683
1	287.049
1	81.4044
1	109.336
1	108.662
1	58.6644
1	303.59
1	43.4518
1	97.0534
1	82.0823
1	84.7462
1	52.3828
1	91.3404
1	110.849
1	104.07
1	80.2529
1	84.683
1	72.5782
1	264.878
1	35.9454
1	46.4469
1	130.432
1	173.906
1	108.057
1	89.301
1	129.186
1	87.3693
1	162.528
1	64.7005
1	197.447
1	161.093
1	77.3248
0	0.680164
1	120.266
1	86.8324
1	139.261
1	111.903
1	69.511
1	104.722
1	55.5516
1	176.926
1	94.8088
1	147.006
1	124.637
1	125.469
1	54.528
1	177.914
1	150.506
1	97.5349
1	105.901
1	91.3576
1	103.997
1	133.945
1	43.0617
1	120.764
1	266.511
1	59.9605
1	106.588
1	104.454
1	122.51
1	166.864
1	98.6261
1	106.455
1	219.709
1	148.817
1	71.6933
1	86.0731
1	196.612
1	69.334
1	96.8393
1	74.9969
1	164.607
1	238.975
1	96.8976
1	192.095
1	143.422
1	104.302
1	168.792
1	133.793
1	116.641
1	170.121
1	54.8078
1	148.542
1	140.276
1	114.38
1	55.361
1	116.024
1	30.5547
1	101.729
1	180.403
1	85.8994
1	89.8687
1	61.7559
1	108.633
1	155.89
1	22.7493
1	52.7405
1	135.978
1	92.9347
1	116.104
1	115.929
1	124.332
1	72.9861
1	54.7905
1	147.597
1	92.4607
1	72.5483
1	43.4796
1	42.704
1	67.1629
1	326.124
1	120.897
1	95.1618
1	91.8258
1	89.1711
1	107.654
1	121.411
1	121.646
1	133.434
1	75.8734
1	100.287
1	25.4657
1	146.66
1	156.604
1	116.893
1	116.063
1	149.236
1	154.459
1	112.86
1	125.409
1	226.84
1	145.748
1	190.256
1	75.9402
1	124.314
1	128.891
1	71.6842
1	219.027
1	61.2757
1	70.5795
1	125.754
1	128.369
1	68.5037
1	66.4371
1	101.383
1	154.948
1	90.6361
1	94.375
1	55.519
1	113.291
1	89.3
1	139.844
1	67.9456
1	72.6452
1	98.884
1	117.196
1	121.876
1	125.53
1	72.3403
1	73.9924
1	258.37
1	275.596
1	105.643
1	59.4333
1	60.7574
1	157.024
1	91.3669
1	108.488
1	81.6081
1	66.7775
0	15.9015
1	116.773
1	121.101
1	85.5538
1	82.9122
1	142.859
1	140.379
1	74.6131
1	128.871
1	92.1987
1	48.0022
1	98.1567
1	140.599
1	140.881
1	130.714
1	129.886
1	155.649
1	45.372
1	104.86
1	210.291
1	99.4169
0	0.464784
1	149.911
1	155.756
1	89.4983
1	112.029
1	207.03
1	108.779
1	85.9007
1	111.763
1	132.508
1	215.855
1	129.491
1	119.939
1	103.529
1	85.1885
1	91.0266
1	107.674
1	131.221
1	68.8406
1	72.9224
1	56.3719
1	59.2725
1	116.069
1	82.8507
1	72.2502
1	194.838
1	31.3989
1	46.9756
1	27.6795
1	104.471
1	79.6227
1	134.64
1	125.426
1	117.954
1	129.938
1	81.2715
1	81.994
1	96.6388
1	58.6645
1	64.3783
1	59.9281
1	55.2296
1	122.95
1	157.395
1	36.4862
1	95.9649
1	110.547
1	121.947
1	72.5473
1	125.086
1	91.1656
1	58.441
1	67.7519
1	73.6581
1	132.509
1	121.39
1	96.3384
1	49.4691
1	75.8479
1	103.912
1	65.1212
1	122.681
1	82.2813
1	61.6061
1	86.1699
1	109.681
1	73.6744
1	211.227
1	123.06
1	115.66
1	55.2596
1	130.083
1	95.2846
1	118.455
1	84.0935
1	130.721
1	99.6881
1	145.976
1	85.7229
1	80.3495
1	129.823
1	65.8151
1	76.5426
1	141.402
1	62.1106
1	95.0917
1	180.956
1	96.8288
1	148.671
1	182.907
1	133.766
1	116.864
1	203.572
1	63.0437
1	91.4539
1	71.2985
1	172.336
1	37.5699
1	147.395
1	143.559
1	92.0037
1	132.22
1	92.4293
1	89.7598
1	94.4276
1	108.84
1	98.1656
1	42.6951
1	91.7127
1	41.5955
1	148.734
1	137.886
1	159.375
1	184.904
1	113.999
1	129.85
1	95.0586
1	86.6899
1	66.9515
1	85.0331
1	48.9804
1	94.7227
1	177.207
1	146.06
1	121.479
1	68.2987
1	47.8768
1	60.1333
1	68.8042
1	79.5014
1	86.6929
1	107.333
1	72.8177
1	55.6966
1	36.3656
1	51.3633
1	74.275
1	112.291
1	64.2732
1	79.1114
1	130.014
1	76.9133
1	86.1441
1	146.012
1	125.873
1	128.744
1	60.2326
1	68.1492
1	248.441
1	142.156
1	65.0341
1	66.1265
1	82.0953
1	121.172
1	38.1489
1	50.0397
1	95.4747
1	108.33
1	93.7463
1	86.7236
1	95.5789
1	50.1216
1	79.2604
1	104.99
1	144.161
1	133.494
1	106.622
1	192.076
1	71.1657
1	61.1788
1	96.5253
1	115.724
1	95.6969
1	41.9384
1	75.7518
1	105.581
1	70.6965
1	64.6641
1	54.4975
1	150.121
1	123.835
1	247.819
1	102.675
1	93.0197
1	49.6887
1	187.869
1	90.2087
1	107.989
1	101.883
1	52.5877
1	59.3673
1	128.146
1	96.0146
1	152.293
1	120.946
1	110.04
1	86.3246
1	100.738
1	61.9997
1	101.446
1	105.021
1	146.028
1	88.8055
1	45.907
1	75.3226
1	72.5069
1	146.285
1	53.6841
1	101.463
1	52.4355
1	121.812
1	135.223
1	87.9524
1	88.2495
1	97.8863
1	137.384
1	61.7891
1	38.7642
1	98.8278
1	77.3165
1	154.019
1	103.957
1	70.8514
1	46.811
1	61.7222
1	104.009
1	123.281
1	100.381
1	179.214
1	29.5528
1	119.085
1	59.838
1	116.775
1	163.135
1	148.921
1	89.7629
1	57.5095
1	97.6626
1	337.323
1	85.3883
1	110.958
1	98.51
1	66.0638
1	89.7607
1	190.448
1	160.457
1	112.089
1	113.069
1	96.3941
1	126.89
1	189.05
1	96.1125
1	84.8296
1	147.96
1	61.5133
1	166.802
1	101.151
1	158.131
1	178.949
1	48.8226
1	105.301
1	153.808
1	152
1	122.186
1	114.411
1	128.259
1	100.891
1	73.4415
1	88.3373
1	134.799
1	102.307
1	67.4797
1	87.9552
1	79.4561
1	39.6125
1	86.3733
1	103.462
1	158.518
1	148.772
1	280.975
1	124.482
1	53.5188
1	116.463
1	101.399
1	88.8354
1	60.7402
1	110.86
1	123.11
1	104.625
1	122.907
1	136.211
1	136.209
1	182.2
1	151.444
1	111.577
1	88.4373
1	49.09
1	130.097
1	60.4825
1	133.167
1	154.982
1	117.336
1	104.86
1	72.6409
1	74.8817
1	142.383
1	109.541
1	96.6357
1	149.327
1	98.3897
1	78.7746
1	129.074
1	92.7028
1	98.196
1	97.2082
1	106.574
1	69.3775
1	144.57
1	44.5072
1	80.3039
1	142.147
1	128.957
1	50.9336
1	78.9895
1	112.424
1	120.181
1	123.585
1	131.935
0	14.8639
1	47.6812
1	110.036
1	96.6669
1	59.5114
1	95.705
1	152.585
1	107.206
1	214.794
1	149.791
1	131.889
1	107.139
1	163.951
0	56.1228
1	169.888
1	45.8384
1	69.541
1	121.647
1	95.724
1	69.8626
1	64.2533
1	202.648
1	95.073
1	121.802
1	251.029
1	87.3611
1	62.1489
1	124.975
1	88.7951
1	57.19
1	54.6485
0	45.3969
1	92.1158
1	122.136
1	117.245
1	170.301
1	70.2332
0	2.4872
1	79.6002
1	105.198
1	145.575
1	61.205
1	105.007
1	85.3577
1	142.942
1	114.326
1	101.14
1	42.8788
1	176.88
1	115.803
1	54.4335
1	110.821
1	180.762
1	71.1413
1	128.591
1	172.865
1	63.4531
1	118.169
1	135.94
1	90.1797
1	117.03
1	38.373
1	201.459
1	329.672
1	78.9132
1	131.326
1	128.847
1	97.5381
1	64.0611
1	128.97
1	78.0009
1	61.4395
1	98.9962
1	137.182
1	121.449
1	109.797
1	69.1762
1	84.4752
1	76.4866
1	108.806
1	61.7531
1	113.555
1	86.7855
1	108.652
1	182.444
1	94.8195
1	128.206
1	153.866
1	218.204
1	100.948
1	202.019
1	74.6444
1	63.2349
1	132.388
1	89.014
1	99.3256
1	109.524
1	125.054
1	79.2379
1	72.2295
1	181.386
1	127.747
1	56.3139
1	85.3215
1	65.9913
1	82.1379
1	189.658
1	148.449
1	181.409
1	236.254
1	70.618
1	99.5522
1	178.658
1	119.469
1	143.102
1	118.566
1	88.857
1	95.4787
1	77.0393
1	153.295
1	149.623
1	101.087
1	191.722
1	102.922
1	190.735
1	45.1135
1	69.9436
1	58.5794
1	121.911
1	80.6832
1	229.759
1	72.1781
1	147.897
1	185.487
1	80.4097
1	70.3399
1	54.503
1	112.7
1	191.21
1	44.6432
1	73.331
1	87.9531
1	154.061
1	90.4619
1	235.12
1	546.079
1	127.615
1	36.121
1	93.6778
1	73.5623
1	129.185
1	80.2077
1	117.439
1	108.414
1	88.5675
1	68.5193
1	44.1118
1	111.836
1	69.053
1	52.6262
1	50.6316
1	89.5446
0	121.568
1	173.86
1	139.207
1	89.0897
1	156.783
1	136.559
1	64.3091
1	91.6165
1	143.369
1	45.8371
1	134.727
1	115.206
1	88.1448
1	114.287
1	123.039
1	103.35
1	76.6579
1	102.994
1	91.1858
1	160.271
1	68.01
1	44.3134
1	119.786
1	149.617
1	86.9321
1	129.047
1	92.6254
1	118.342
1	42.9877
1	146.77
1	175.234
1	187.087
1	136.047
1	81.5607
1	107.342
1	82.6939
1	37.7649
1	143.368
1	146.698
1	67.9058
1	184.141
1	140.767
1	121.984
1	108.859
1	75.216
1	112.576
1	178.308
1	133.243
1	91.0164
1	227.973
1	201.109
1	142.798
1	172.777
1	90.8588
1	124.883
1	119.148
1	101.786
1	165.104
1	61.0502
1	46.6429
1	116.249
1	117.945
1	107.823
1	120.926
1	84.5837
1	130.92
1	62.0651
1	101.273
1	174.248
1	99.0927
1	128.113
1	134.141
1	43.5668
1	220.892
1	107.868
1	159.699
1	128.056
1	78.4034
1	105.752
1	50.6094
1	32.2733
1	104.472
1	202.794
1	45.4288
1	116.63
1	100.682
1	159.585
1	180.516
0	5.1938
1	149.679
1	146.411
1	141.029
1	63.3084
1	99.419
1	98.7265
1	101.83
1	81.6253
1	258.671
1	136.611
1	148.494
1	73.0194
1	102.975
1	55.0507
1	96.5274
1	47.3379
1	170.584
1	65.7692
1	193.558
1	80.4689
1	126.981
1	112.286
1	132.763
1	188.438
1	101.83
1	164.544
1	80.097
1	156.423
1	87.781
1	128.384
1	141.812
1	98.7613
1	180.483
1	91.9626
1	48.568
1	71.5701
1	58.5741
1	140.905
1	109.005
1	179.07
1	113.699
1	143.931
1	166.438
1	143.043
1	133.184
1	179.052
1	82.3542
1	62.8251
1	77.3772
1	119.505
1	74.8664
1	94.0073
1	86.8374
1	87.7803
1	173.462
1	124.87
1	96.4375
1	112.988
1	56.5193
1	110.827
1	71.8104
1	72.8191
1	112.358
1	102.884
1	45.7632
1	65.421
1	244.002
1	92.4368
1	146.976
1	172.539
1	76.0542
1	116.678
1	88.2293
1	104.733
1	128.91
1	174.904
1	72.683
1	123.421
1	101.599
1	125.191
1	105.408
1	236.115
1	93.5367
1	123.193
1	139.004
1	51.4125
1	123.25
1	129.752
1	78.2176
1	62.9124
1	161.296
1	146.763
1	169.475
1	194.184
1	38.0031
1	106.726
1	133.919
1	80.835
1	115.82
1	69.0438
1	91.2582
1	95.5481
1	139.904
1	129.778
1	88.2719
1	130.787
1	92.5802
1	105.229
1	122.663
1	145.534
1	174.447
1	187.672
1	98.4012
1	164.475
1	42.7271
1	48.7749
1	197.58
1	56.9617
1	124.173
1	321.242
1	84.7334
1	114.723
1	97.1504
1	109.581
1	256.339
1	113.262
1	96.202
1	169.14
1	44.2968
1	103.308
1	117.713
1	116.769
1	68.1469
1	181.611
1	77.3817
1	229.435
1	150.998
1	178.144
1	116.591
1	279.894
1	167.558
1	98.0376
1	58.5483
1	88.7604
1	65.1163
1	76.5939
1	155.349
1	127.515
1	93.8185
1	76.6508
1	106.888
1	188.559
1	64.2451
1	84.0025
1	137.812
1	100.347
1	41.0859
1	143.62
1	44.2854
1	91.2759
1	126.975
1	70.9908
1	175.708
1	76.3342
1	206.439
1	91.9517
1	222.812
1	83.2545
1	131.881
1	140.183
1	119.873
1	32.5529
1	330.407
1	157.893
1	139.264
1	66.9965
1	97.2063
1	153.55
1	129.028
1	162.538
1	90.0296
1	89.132
1	59.7365
1	113.382
1	120.753
1	165.607
1	55.1264
1	79.7665
1	116.199
1	149.908
1	134.093
1	112.962
1	50.0815
1	96.1764
1	202.375
1	128.181
1	159.895
1	66.2369
1	85.9218
1	90.0011
1	160.63
1	89.7203
1	45.639
1	72.8956
1	125.741
1	71.0109
1	99.1445
1	80.5537
1	94.3811
1	241.92
1	119.845
1	100.787
1	121.842
1	103.755
1	110.377
1	144.182
1	64.8228
1	120.958
1	57.9351
1	147.834
1	117.129
1	75.0601
1	125.245
1	133.716
1	113.765
1	46.3938
1	130.49
1	101.961
1	85.7387
1	159.844
1	90.8831
1	72.1536
1	114.517
1	56.4698
1	91.4147
1	47.6208
1	69.8979
1	92.2554
1	113.815
1	119.19
1	56.0874
1	86.2983
1	114.498
1	86.1809
1	78.0304
1	246.939
1	103.472
1	284.754
1	111.955
1	58.1336
1	120.721
1	116.297
1	78.3751
1	85.116
1	80.1678
1	163.11
1	158.672
1	126.963
1	117.332
1	117.285
1	94.4452
0	2.40787
1	196.285
1	80.3442
1	114.149
1	78.1026
1	59.4043
1	44.6257
1	112.389
1	160.09
1	175.725
1	68.3081
1	130.656
1	32.569
1	95.3028
1	71.6179
1	62.9826
1	81.3175
1	46.2177
1	89.0668
1	121.232
1	171.115
1	108.365
1	60.1617
1	84.2915
1	60.6874
1	155.803
1	78.5355
1	174.065
1	111.846
1	113.142
1	74.2207
1	135.221
1	96.5625
1	234.127
1	50.2859
1	99.1273
1	131.932
1	111.124
1	37.3359
1	97.0338
1	187.009
1	73.4104
1	70.8965
1	108.132
1	64.326
1	108.912
1	134.806
1	170.307
1	79.2305
1	75.3605
1	62.925
1	155.761
1	151.005
1	92.3214
1	146.927
1	129.245
1	86.4727
1	117.582
1	142.468
1	126.835
1	132.939
1	111.857
1	56.5507
1	139.506
1	108.278
1	201.526
1	84.0491
1	86.468
1	167.339
1	40.9617
1	82.5328
1	99.4237
1	105.904
1	163.216
1	95.3745
1	90.3114
1	155.565
1	62.6063
1	49.3361
1	64.9801
1	229.353
1	52.3741
1	59.5247
1	122.346
1	73.8828
1	83.0286
1	95.3975
1	180.455
1	48.7335
1	64.0132
1	89.4428
0	90.5533
1	244.204
1	97.7977
1	118.111
1	82.2046
1	75.3952
1	133.927
1	40.1097
1	79.8812
1	161.606
1	161.593
1	67.5337
1	86.8354
1	152.035
1	88.426
1	113.437
1	58.1802
1	41.7477
1	142.268
1	174.314
1	101.113
1	140.135
1	143.122
1	48.058
1	102.346
1	374.475
1	82.2242
1	67.7936
1	65.4099
1	72.0621
1	54.5419
1	58.5894
1	137.567
1	97.8816
1	67.6422
1	128.25
1	72.7508
1	110.055
1	124.46
1	127.19
1	194.978
1	91.4281
1	98.135
0	4.55006
1	78.821
1	80.2162
1	60.6696
1	112.598
1	136.292
1	91.9833
1	149.785
1	108.495
1	50.433
1	147.493
1	140.019
1	178.145
1	87.1773
1	75.3553
1	48.521
1	138.624
1	180.038
1	58.9285
1	209.925
1	84.2928
1	96.056
1	152.036
1	66.7836
1	125.868
1	84.0208
1	81.2536
0	40.7674
1	138.968
1	101.03
1	161.417
1	127.38
1	86.5663
1	197.944
1	99.0236
1	99.3685
1	108.04
1	195.134
1	48.9454
1	181.953
1	68.9665
1	75.49
1	180.961
1	109.422
1	68.2099
1	216.09
1	112.977
1	75.7929
1	200.742
1	113.149
1	224.065
1	128.218
1	186.933
1	128.297
1	49.1893
1	143.785
1	51.9617
1	132.382
1	115.432
1	73.3116
1	116.172
1	126.659
1	58.1018
1	119.289
1	147.076
1	188.678
1	122.154
1	81.881
1	196.288
1	54.1121
1	84.4478
1	58.0402
1	73.9706
1	41.8221
1	36.8248
1	231.992
1	115.473
1	97.6579
1	121.608
1	127.148
1	39.8349
1	78.0574
1	76.4688
1	122.758
1	70.2282
1	102.959
1	186.974
1	288.584
1	108.835
1	79.0911
1	31.8876
1	183.702
1	72.0705
1	89.582
1	97.7524
1	84.2483
1	149.189
1	106.684
1	102.143
1	133.225
1	64.8156
1	145.907
1	40.9246
1	58.5715
1	65.3696
1	95.1651
1	67.4512
1	158.582
1	81.8344
1	59.1187
1	66.353
1	72.4634
1	155.507
1	152.322
1	128.588
1	155.614
1	69.9743
1	139.28
1	165.84
1	143.678
1	197.669
1	217.545
1	70.8379
1	103.698
1	100.379
1	186.28
1	91.9839
1	152.164
1	159.574
1	72.7986
1	96.1926
1	62.1704
1	95.0044
1	164.597
1	104.15
1	62.6369
1	57.5269
1	45.5639
1	88.0177
1	118.249
1	280.938
1	201.41
1	129.342
1	126.27
1	157.197
1	65.9867
1	41.6374
1	84.3241
1	136.275
1	146.473
1	166.302
1	91.9077
1	109.307
1	174.83
1	180.411
1	64.5921
1	106.638
1	147.667
1	204.424
1	139.393
1	158.387
1	185.169
1	161.305
1	162.152
1	43.2567
1	110.962
1	79.3464
1	78.9942
1	99.961
1	79.8343
1	125.149
1	299.434
1	101.18
1	199.156
1	122.334
1	148.431
1	140.471
1	111.842
1	204.54
1	184.093
1	60.3491
1	89.3978
1	120.188
1	133.764
1	102.041
1	34.3
1	98.1564
1	117.957
1	228.187
0	46.0102
1	51.7212
1	120.896
1	170.762
1	37.1571
1	106.724
1	91.4866
1	47.5302
1	105.167
1	201.547
1	74.8161
1	77.8361
1	47.4575
1	243.396
1	225.32
1	74.445
1	79.8603
1	74.5766
1	118.719
1	142.751
1	85.275
1	97.8192
1	61.6671
1	105.2
1	96.2042
1	143.076
1	158.495
1	262.161
1	92.4111
1	102.075
1	144.948
1	96.6063
1	162.662
0	2.09077
1	115.399
1	98.1801
1	162.925
1	84.673
1	71.3044
1	66.4897
1	97.2352
1	107.733
1	122.869
1	70.0246
1	108.977
1	259.768
1	203.728
1	148.652
1	153.039
1	190.527
1	58.0543
1	164.127
1	75.9918
1	158.436
1	104.567
1	80.0729
1	59.1832
1	76.6967
1	60.6069
1	42.0855
1	80.5846
1	85.8223
1	50.9596
1	93.5603
1	102.905
1	101.565
1	163.745
1	62.4613
1	106.016
1	158.625
1	71.5005
1	166.181
1	106.397
1	174.531
1	58.0016
1	95.1775
1	107.87
1	62.4413
1	104.629
1	181.276
1	87.6915
1	99.6571
1	183.426
1	97.8288
1	104.369
1	167.824
1	38.7109
1	93.0648
1	199.379
1	175.978
1	126.571
1	179.367
1	120.582
1	212.526
1	70.2593
1	90.514
1	98.3038
1	70.1921
0	44.1977
1	48.6972
1	150.463
1	87.057
1	80.7447
1	121.492
1	62.7112
1	134.499
1	88.9158
1	138.098
1	55.2573
1	75.1274
1	112.084
1	189.566
1	48.4355
1	146.401
1	138.273
1	67.1201
1	62.7443
1	105.437
1	116.918
1	97.8772
1	68.3548
1	87.0154
1	39.2035
1	125.357
1	158.721
1	97.2268
1	162.236
1	171.749
1	137.919
1	75.9794
1	79.3284
1	40.6547
1	70.4699
1	100.645
1	110.396
1	181.719
1	130.803
1	180.943
1	132.894
1	77.2254
1	99.9661
1	146.545
1	69.2261
1	99.4002
1	91.6657
1	128.679
1	71.6888
1	171.118
1	63.494
1	86.9279
1	134.394
1	165.658
1	27.5979
1	85.6958
1	55.1858
1	142.633
1	146.687
1	57.5097
1	84.9895
1	83.4376
1	114.845
1	70.3442
1	75.505
1	56.7962
1	83.7108
1	40.6293
1	197.653
0	53.8402
1	123.435
1	122.891
1	108.353
1	170.05
1	131.276
1	60.4289
1	38.2453
1	166.883
1	76.067
1	48.3371
1	157.557
1	240.646
1	117.789
1	222.668
1	77.4375
1	132.621
1	60.3307
1	122.407
1	78.1478
1	30.6123
1	102.042
1	117.409
1	221.792
1	103.839
1	127.403
1	73.0587
1	189.737
1	130.717
1	73.8748
1	107.048
1	90.899
1	160.617
1	153.292
1	243.63
1	164.763
1	99.7289
1	155.356
1	69.2372
1	159.22
1	112.684
1	114.919
1	61.7199
1	122.616
1	172.984
1	122.893
1	190.025
1	42.011
1	146.297
1	292.647
1	104.317
1	126.08
1	94.2277
1	65.8341
1	106.121
1	48.5327
1	79.012
1	102.868
1	83.1394
1	60.4418
1	125.471
1	57.447
1	48.183
1	64.762
1	59.812
1	100.297
1	166.126
1	157.15
1	128.646
1	102.65
1	69.0214
1	143.41
1	70.674
1	49.0512
1	45.0961
1	130.004
1	81.7198
1	61.514
1	81.749
1	102.986
1	178.723
1	202.519
1	133.814
1	127.67
1	136.775
1	151.803
1	49.7936
1	78.6866
1	80.1543
1	318.024
1	123.674
1	59.7617
1	71.8694
1	211.172
1	127.265
0	27.7867
1	118.403
1	147.722
1	119.462
1	104.78
1	119.246
1	77.98
1	141.027
1	121.54
1	53.3415
1	174.833
1	113.831
1	56.7427
1	156.678
1	95.2884
1	63.4949
1	52.9182
1	83.7381
1	67.659
1	109.544
1	58.6943
1	177.579
1	61.5777
1	160.139
1	105.069
1	168.176
1	60.7586
1	53.7309
1	73.4197
1	50.785
1	141.734
1	127.418
1	66.2788
1	75.1606
1	99.9744
1	156.735
1	105.893
1	132.152
1	93.8625
1	82.6974
1	118.342
1	124.757
1	86.1674
1	102.892
1	175.734
1	73.9212
1	66.5451
1	110.871
1	169.454
1	90.1734
1	64.5885
1	199.637
1	107.783
1	81
1	114.099
1	121.462
1	82.2016
1	94.8702
1	56.7083
1	41.0807
1	162.905
1	66.3418
1	148.507
1	98.4797
1	175.225
1	110.459
1	59.1226
1	116.313
1	80.236
1	105.018
1	76.0545
1	99.2186
1	35.9465
1	94.823
1	74.8464
1	99.5059
1	72.8293
1	62.326
1	105.985
1	81.7876
1	82.1114
1	144.232
1	129.462
1	181.586
1	73.404
1	123.532
1	116.756
1	71.5333
1	111.639
1	80.9167
1	66.8177
1	134.332
1	99.9677
1	121.671
1	103.29
1	69.4766
1	161.892
1	45.4639
1	163.133
1	96.9142
1	85.2178
1	74.6553
1	58.4348
1	69.2939
1	91.0941
1	107.032
1	118.532
1	37.3313
1	129.001
1	199.107
1	132.758
1	125.62
1	63.2437
1	97.6613
1	41.9245
1	95.5614
1	65.9783
1	255.753
1	81.3016
1	159.963
1	85.6335
1	79.9136
1	108.655
1	313.768
1	104.83
1	133.399
1	106.506
1	123.659
1	150.565
1	91.8659
1	58.1109
1	96.0692
1	55.7277
1	81.161
1	115.422
1	56.028
1	77.3748
1	122.212
1	117.333
1	57.1416
1	98.715
