10000	10	9900	0.00208333
0.025641	25.3838	45461.6	0.459207	3.16228e-08
1	121.743
1	235.668
1	126.333
1	267.568
1	193.92
1	234.772
1	232
1	156.588
1	167.322
1	225.417
1	163.03
1	245.245
1	209.077
1	175.85
1	312.183
1	143.485
1	174.495
1	138.075
1	213.933
1	332.618
1	271.402
1	106.475
1	139.036
1	260.025
1	140.039
1	198.989
1	173.431
1	201.759
1	228.3
1	180.148
1	193.902
1	169.31
1	158.737
1	153.402
1	140.912
1	189.81
1	200.649
1	200.875
1	208.994
1	251.653
1	186.364
1	163.184
1	266.414
1	197.402
1	175.182
1	153.188
1	160.592
1	224.698
1	134.982
1	216.399
1	177.068
1	202.896
1	256.556
1	207.056
1	233.979
1	247.627
1	278.837
1	195.293
1	267.044
1	211.832
1	180.063
1	203.949
1	218.363
1	185.694
1	249.308
1	297.894
1	231.414
1	179.074
1	154.722
1	157.602
1	281.537
1	194.25
1	129.073
1	274.429
1	166.855
1	128.21
1	384.483
1	214.693
1	245.626
1	178.373
1	204.088
1	186.342
1	151.739
1	209.218
1	121.149
1	145.423
1	208.368
1	121.589
1	297.285
1	159.428
1	287.137
1	223.905
1	254.559
1	135.77
1	214.925
1	189.514
1	289.106
1	221.156
1	260.291
1	334.203
1	183.295
1	151.738
1	175.167
1	173.479
1	200.664
1	235.521
1	175.976
1	154.499
1	256.563
1	326.106
1	188.604
1	204.927
1	167.468
1	152.938
1	296.361
1	241.58
1	137.54
1	242.428
1	184.059
1	152.755
1	172.281
1	194.694
1	172.355
1	224.836
1	149.004
1	176.852
1	167.298
1	191.863
1	134.796
1	165.919
1	158.189
1	111.698
1	238.891
1	215.418
1	147.165
1	190.225
1	157.496
1	229.989
1	136.558
1	241.971
1	285.084
1	257.232
1	230.083
1	148.953
1	216.036
1	292.485
1	153.553
1	161.134
1	352.013
1	157.264
1	260.009
1	213.824
1	190.789
1	160.763
1	221.916
1	190.593
1	257.865
1	231.555
1	184.846
1	145.937
1	160.698
1	201.635
1	131.95
1	259.473
1	227.68
1	309.362
1	183.349
1	186.564
1	220.146
1	173.718
1	159.939
1	150.914
1	250.739
1	198.947
1	159.896
1	217.798
1	222.878
1	177.628
1	216.708
1	159.368
1	188.692
1	158.068
1	243.074
1	261.994
1	214.973
1	126.617
1	324.721
1	200.987
1	216.85
1	147.723
1	163.279
1	298.525
1	140.679
1	338.742
1	162.596
1	258.438
1	204.631
1	174.634
1	193.173
1	304.088
1	223.43
1	184.071
1	159.501
1	172.409
1	178.874
1	163.486
1	195.406
1	182.093
1	120.321
1	181.203
1	198.515
1	128.115
1	253.277
1	188.94
1	193.365
1	182.846
1	225.566
1	250.07
1	116.252
1	212.97
1	234.606
1	168.843
1	164.211
1	186.833
1	174.661
1	210.75
1	154.187
1	143.238
1	222.586
1	327.735
1	186.004
1	175.592
1	130.698
1	229.365
1	279.175
1	232.371
1	202.891
1	241.871
1	187.422
1	273.865
1	232.721
1	190.063
1	212.388
1	243.586
1	186.775
1	143.244
1	184.107
1	233.935
1	157.829
1	176.108
1	191.715
1	140.393
0	10.5434
1	240.775
1	156.242
1	215.263
1	191.14
1	195.21
1	327.364
1	198.463
1	182.808
1	156.016
1	192.429
1	277.828
1	145.114
0	1.04445e-05
1	261.101
1	146.151
1	344.835
1	232.862
1	278.292
1	187.5
1	319.882
1	178.683
1	143.978
1	236.368
1	193.567
1	249.518
1	171.512
1	200.915
1	194.255
1	187.365
1	160.938
1	197.78
1	177.332
1	279.069
1	164.9
1	155.466
1	164.617
1	241.738
1	180.205
1	195.751
1	163.938
1	151.029
1	220.95
1	169.34
1	156.563
1	210.576
1	226.068
1	336.751
1	188.482
1	194.929
1	196.943
1	261.872
1	229.442
1	174.335
1	167.636
1	294.199
1	166.905
1	193.595
1	186.558
1	231.086
1	150.027
1	202.365
1	163.87
1	252.196
1	204.58
1	169.993
1	233.897
1	210.321
1	309.645
1	199.565
1	273.807
1	264.226
1	161.203
1	224.619
1	206.84
1	267.784
1	190.378
1	146.204
1	166.013
1	195.584
1	201.01
1	270.073
1	148.17
1	229.773
1	170.384
1	225.857
1	378.143
1	309.801
1	241.664
1	223.279
1	197.222
1	150.701
1	123.85
1	233.152
1	156.057
1	179.269
1	226.322
1	172.864
1	177.878
1	177.181
1	152.302
1	178.199
1	280.73
1	189.78
1	158.584
1	253.86
1	173.356
1	137.57
1	281.184
1	167.87
1	181.897
1	103.08
1	243.009
1	252.898
1	184.843
1	215.595
1	192.98
1	269.75
1	182.728
1	182.561
1	210.984
1	253.073
1	255.146
1	200.984
1	205.892
1	144.456
1	217.052
1	217.334
1	217.042
1	189.564
1	171.655
1	246.153
1	121.333
1	170.322
1	186.382
1	208.395
1	216.808
1	193.531
1	202.806
1	241.337
1	122.995
1	208.492
1	156.146
1	165.184
1	376.438
1	255.572
1	159.017
1	197.635
1	178.437
1	229.315
0	6.05843
1	211.829
1	215.136
1	252.731
1	136.283
1	182.585
1	213.653
1	143.473
1	193.061
1	190.872
1	291.693
1	160.282
1	211.426
1	267.204
1	440.77
1	119.876
1	237.133
1	253.405
1	211.353
1	161.178
1	181.779
1	220.882
1	196.112
1	232.998
1	235.143
1	282.524
1	110.162
0	28.2043
1	147.809
1	231.256
1	158.056
1	180.915
1	196.86
1	145.302
1	236.798
1	157.949
1	277.306
1	161.09
1	185.646
1	220.301
1	171.287
1	217.17
1	188.563
1	220.104
1	164.519
1	158.273
1	209.31
1	149.469
1	205.275
1	126.706
1	196.818
1	153.325
1	227.994
1	240.756
1	157.699
1	140.519
1	161.195
1	171.053
1	249.77
1	208.243
1	179.324
1	284.862
1	182.6
1	156.506
1	232.467
1	169.23
1	165.548
1	221.359
1	162.746
1	235.387
1	120.872
1	213.676
1	197.874
1	266.724
1	184.083
1	243.756
1	271.345
1	158.517
1	215.048
1	276.68
1	134.901
1	181.155
1	304.367
1	224.005
1	174.291
1	281.186
1	198.789
1	165.165
1	153.153
1	127.199
1	216.47
1	197.376
1	133.108
1	149.875
1	182.465
1	160.489
0	35.217
1	172.903
1	179.641
1	162.579
1	166.981
1	182.401
1	152.829
1	202.859
1	144.625
1	175.434
1	138.761
1	173.023
1	186.163
1	221.36
1	196.875
0	19.7268
1	224.238
1	198.271
1	201.547
1	173.984
1	147.532
1	230.436
1	176.482
1	182.659
1	157.5
1	213.317
1	182.383
1	253.742
1	177.462
1	224.374
1	221.039
1	222.225
1	195.561
1	245.716
1	233.593
1	151.333
1	285.984
1	138.021
1	218.141
1	200.662
1	313.109
0	55.3953
1	274.564
1	162.143
1	227.766
1	131.064
1	221.819
1	166.827
1	188.136
1	298.842
1	184.977
1	225.031
1	123.098
1	346.853
1	165.11
1	212.091
1	144.292
1	225.589
1	220.961
1	181.759
1	172.607
1	257.724
1	195.061
1	221.844
1	190.481
1	137.041
1	212.978
1	195.781
1	166.58
1	151.958
1	140.846
1	269.34
1	195.713
1	198.242
1	201.232
1	255.985
1	175.334
1	158.259
1	267.921
1	179.705
1	147.133
1	202.898
1	302.783
1	212.654
1	143.727
1	145.952
1	182.646
1	193.06
1	187.835
1	243.814
1	201.615
1	276.767
1	254.625
1	140.37
1	243.048
1	160.231
1	203.181
1	182.506
1	184.018
1	201.116
1	204.981
1	247.096
1	342.519
1	149.607
1	226.179
1	164.988
1	191.62
1	246.347
1	328.952
1	225.377
1	234.096
1	186.737
1	184.541
1	248.002
1	115.942
1	196.828
1	175.251
1	182.899
1	179.805
1	202.842
1	179.113
1	199.987
1	236.008
1	188.071
1	188.992
1	180.574
1	184.276
1	250.432
1	198.317
1	295.287
1	192.837
1	191.903
1	181.775
1	241.364
1	229.883
1	181.707
1	221.435
1	265.166
1	213.276
1	266.773
1	211.801
1	205.905
1	170.278
1	230.609
1	186.648
1	168.676
1	208.044
1	228.047
1	218.234
1	227.075
1	141.349
1	174.032
1	168.969
1	177.037
1	168.122
1	147.21
1	185.182
1	220.271
1	190.261
1	131.755
1	184.744
1	211.112
1	214.458
1	299.094
1	198.88
1	179.457
1	151.706
1	262.693
1	146.599
1	143.174
1	320.184
1	237.806
1	231.811
1	197.833
1	230.018
1	172.637
1	224.715
1	178.23
1	181.488
1	182.124
1	182.488
1	167.646
1	330.305
1	218.064
1	206.157
1	174.784
1	186.545
1	239.201
1	291.332
1	136.883
1	138.761
1	177.468
1	294.896
1	136.239
1	196.417
1	233.439
1	134.711
1	197.759
1	221.952
1	213.339
1	193.025
1	280.871
1	208.273
1	124.983
1	261.767
1	202.897
1	193.117
1	155.559
1	212.243
1	140.083
1	205.396
1	162.382
1	167.073
1	177.834
1	188.773
1	222.401
1	137.6
1	182.584
1	142.836
1	257.785
1	184.602
1	311.85
1	220.666
0	29.3239
1	233.762
1	208.014
1	164.748
1	131.995
1	176.799
1	170.105
1	224.252
1	201.819
1	204.463
1	232.725
1	201.181
1	266.607
1	241.996
1	158.889
1	164.658
1	212.056
0	101.836
1	216.957
1	240.698
1	166.371
1	186.382
1	259.729
1	198.234
1	128.538
1	282.704
1	238.711
1	169.428
1	254.886
1	165.313
1	300.511
1	220.024
1	260.771
1	185.979
1	205.529
1	212.983
1	185.867
1	155.476
1	185.698
1	283.897
1	190.541
1	129.478
1	144.472
1	190.569
1	260.637
1	180.301
1	224.345
1	171.48
1	178.695
1	257.371
1	190.676
1	134.843
1	204.247
1	210.266
1	239.795
1	228.368
1	152.379
1	179.234
1	261.286
1	336.719
1	232.78
1	184.097
1	146.862
1	251.937
0	35.3859
1	334.718
1	309.229
1	109.107
1	195.044
1	216.247
1	190.013
1	215.734
1	207.231
1	262.58
1	247.522
1	189.429
1	215.966
1	249.642
1	150.988
0	24.9972
1	225.728
1	251.173
1	266.435
1	198.87
1	310.224
1	214.904
1	209.352
1	124.22
1	188.608
1	202.958
1	205.315
1	261.124
1	274.062
1	183.449
1	254.648
0	26.8221
1	239.47
1	216.19
1	185.164
1	177.29
1	330.859
1	205.34
1	153.581
1	163.364
1	194.919
1	169.543
1	181.545
1	214.195
1	220.868
1	284.17
1	149.27
1	221.917
1	161.827
1	267.541
1	219.405
1	249.291
1	218.934
1	171.187
1	178.272
1	154.165
1	218.999
1	198.437
1	331.753
1	188.154
1	183.395
1	196.283
1	211.844
1	192.372
1	185.121
1	186.04
1	264.583
1	156.304
1	122.44
1	205.666
1	179.097
1	213.576
1	183.906
1	258.145
1	150.62
1	154.389
1	214.652
1	204.42
1	271.721
0	23.5289
1	148.587
1	231.895
1	166.946
1	188.361
1	207.341
1	225.781
1	214.808
1	242.608
1	179.642
1	277.514
1	149.233
1	194.672
1	158.315
1	233.201
1	201.885
1	203.476
1	154.69
1	186.321
1	225.433
1	158.846
1	167.102
1	187.624
1	167.098
1	147.175
1	175.532
1	213.717
1	187.652
1	244.635
1	221.359
1	159.35
1	226.066
1	194.757
1	157.001
1	202.097
1	225.193
1	206.156
1	182.46
1	195.54
1	179.4
1	230.532
1	202.538
1	266.205
1	159.419
1	177.194
1	253.972
1	194.848
1	179.092
1	195.422
1	237.991
1	176.792
1	185.953
1	203.077
1	156.312
1	142.579
1	151.223
1	147.822
1	198.512
1	208.076
1	188.034
1	261.35
1	210.02
1	181.849
1	224.475
1	321.097
1	272.372
1	124.603
1	146.673
1	185.986
1	165.127
1	218.442
1	380.046
1	206.747
1	144.768
1	171.618
1	449.646
1	161.992
1	261.166
1	176.732
1	188.332
1	296.692
1	221.08
1	188.354
1	184.554
1	149.186
1	181.118
1	188.693
1	201.926
1	215.539
1	166.42
1	254.538
1	244.914
1	260.706
1	221.861
1	141.409
1	212.33
1	164.754
1	286.809
1	175.531
1	210.886
0	73.1362
1	233.985
1	171.167
1	248.395
1	238.84
1	137.604
1	173.602
1	165.981
1	187.919
1	158.232
1	198.364
1	246.766
1	229.532
1	251.133
1	269.214
1	309.02
1	326.145
1	165.672
1	209.209
1	163.673
1	179.569
1	190.538
1	187.213
1	208.839
1	162.437
1	156.691
1	259.315
1	253.079
1	289.88
1	199.986
1	235.66
1	268.877
1	180.655
1	189.054
1	225.888
1	210.598
1	180.418
1	232.258
1	189.822
1	271.663
1	180.773
1	187.884
1	186.953
1	227.378
1	181.262
1	282.986
1	176.962
1	158.616
1	213.632
1	344.107
1	157.563
1	134.257
1	191.413
1	205.003
1	170.034
1	155.013
1	135.631
1	181.536
1	168.237
1	369.719
1	346.422
1	271.355
1	160.844
1	155.554
1	169.084
1	165.932
0	5.86164
1	206.75
1	177.619
1	191.218
1	170.835
1	215.304
1	396.553
1	245.371
1	291.68
1	172.007
1	203.321
1	191.017
1	172.894
1	220.964
1	253.092
1	169.226
1	209.639
1	172.64
1	127.973
1	170.968
1	196.178
1	251.636
1	199.844
1	124.378
1	211.201
1	183.723
1	188.275
1	369.578
1	188.128
1	206.752
1	148.211
1	202.15
1	156.764
1	173.36
1	219.118
1	175.852
1	280.746
1	191.574
1	134.599
1	145.542
1	150.836
1	173.157
1	165.731
1	254.24
1	253.186
1	163.714
1	238.099
1	211.13
1	213.995
1	161.876
1	189.308
1	200.625
1	229.376
1	230.636
1	267.832
1	181.532
1	121.082
1	110.544
1	251.012
1	201.263
1	215.463
1	210.075
1	205.739
1	255.295
1	182.093
1	143.358
1	241.286
1	244.386
1	181.002
1	191.619
1	149.746
1	228.199
1	225.749
1	177.96
1	132.999
1	155.222
1	208.314
1	185.133
1	251.542
1	277.044
1	152.08
1	173.492
1	332.148
1	266.11
1	245.489
1	192.126
1	186.587
1	150.053
1	252.425
1	148.837
1	165.635
1	189.216
1	178.606
1	174.414
1	194.753
1	177.932
1	145.158
1	135.18
1	218.177
1	314.485
1	163.124
1	224.779
1	227.054
1	136.088
0	11.0901
1	276.704
1	143.007
1	230.076
1	145.874
1	230.227
1	203.636
1	195.632
1	198.138
1	399.814
1	191.837
1	195.238
1	202.503
1	152.518
1	181.017
1	159.334
1	237.818
1	163.529
1	166.109
1	233.835
1	216.98
1	259.143
1	119.686
1	197.19
1	195.137
1	180.327
1	222.097
1	251.77
1	177.741
1	290.953
1	209.439
1	197.566
1	249.345
1	291.455
1	201.476
1	271.156
1	253.569
1	234.922
1	197.404
1	236.676
1	148.507
1	133.032
1	228.012
1	264.692
1	197.721
1	219.11
1	238.449
1	170.139
1	197.841
1	233.3
1	213.931
1	115.63
1	200.076
1	230.115
1	199.62
1	213.597
1	184.431
1	197.547
1	164.894
1	243.339
1	198.033
1	141.213
1	180.445
1	138.794
1	206.326
1	156.057
1	155.412
1	178.765
1	184.606
1	212.719
1	181.824
1	184.697
1	314.304
1	269.03
1	145.306
1	217.634
1	235.79
1	134.52
1	226.833
1	191.488
1	130.841
1	159.992
1	145.521
1	134.734
1	318.172
1	190.853
1	246.95
1	209.155
1	283.66
1	188.807
1	210.079
1	180.062
1	153.015
1	263.816
1	149.961
0	94.616
1	228.692
1	143.166
1	238.322
1	227.179
1	187.067
1	186.123
1	192.377
1	165.471
1	202.427
1	170.994
1	177.151
1	235.294
1	224.024
1	258.229
1	176.151
1	208.557
1	194.828
0	72.0018
1	219.2
1	415.073
1	114.04
1	245.059
1	171.522
1	227.193
1	140.32
1	202.288
1	151.337
1	144.531
1	116.765
1	222.852
1	230.31
1	155.057
1	196.473
1	176.613
1	189.372
1	258.987
1	203.716
1	273.612
1	209.56
1	265.602
1	274.572
1	160.037
1	189.491
1	233.474
1	198.838
1	216.651
1	226.89
1	167.889
1	223.51
1	189.239
1	190.839
1	151.735
1	179.738
1	237.554
1	196.877
1	245.314
1	197.4
1	137.068
1	219.463
1	257.326
1	201.172
1	240.854
1	159.073
1	215.709
1	299.742
1	191.007
1	238.446
1	126.182
1	248.99
1	237.335
1	152.163
1	159.987
1	220.247
1	426.7
1	174.664
1	237.587
1	190.362
1	213.405
1	212.555
1	261.477
1	238.636
1	236.627
1	165.862
1	227.146
1	192.797
1	254.133
1	194.897
1	187.457
1	184.64
1	179.305
1	253.141
1	207.765
1	135.042
1	194.991
0	27.9005
1	267.23
1	271.916
1	219.976
1	192.575
1	187.45
1	180.676
1	178.253
1	170.605
1	238.299
1	197.504
1	181.326
1	242.947
1	198.523
1	178.564
1	271.566
1	137.021
1	250.078
1	213.957
1	237.866
1	246.759
1	214.477
1	163.182
1	158.043
1	209.495
1	185.931
1	139.038
1	202.268
1	211.742
1	131.892
1	200.92
1	163.328
1	155.294
1	261.606
1	115.033
1	162.799
1	219.54
1	298.784
1	190.402
1	280.648
1	182.222
1	219.722
1	292.367
1	188.321
1	205.201
1	231.472
1	224.231
1	155.812
1	177.88
1	243.603
1	114.492
1	208.786
1	169.357
1	124.639
1	264.774
1	236.564
1	164.972
1	183.837
1	144.617
1	337.256
1	286.519
1	140.439
1	228.23
1	163.579
1	156.552
1	207.018
1	219.734
1	146.632
1	193.813
1	187.071
1	150.045
1	204.529
1	325.005
1	210.821
1	231.338
1	211.854
1	270.445
1	236.025
1	229.454
1	143.035
1	226.892
1	187.625
1	197.497
1	305.04
1	281.496
1	289.716
1	195.772
1	286.217
1	94.385
1	246.48
1	130.356
1	267.71
1	131.265
1	188.073
1	199.896
1	251.754
1	316.178
1	411.895
1	196.783
1	151.242
1	224.696
1	189.551
1	180.643
1	209.38
1	246.708
1	179.704
1	206.47
1	218.093
1	308.601
1	136.912
1	173.336
1	178.519
1	220.631
1	274.818
1	200.839
1	174.831
1	226.627
1	182.874
1	152.924
1	247.122
1	173.618
1	202.94
1	185.525
1	205.578
1	171.305
1	199.502
1	166.322
1	155.197
1	251.058
1	149.4
1	252.704
1	224.578
1	200.859
1	178.528
1	328.153
1	261.598
1	98.6238
1	208.591
1	290.655
0	7.81639
1	123.081
1	172.712
1	235.65
1	214.618
1	237.064
1	218.933
1	463.375
1	219.472
1	182.182
1	162.587
1	151.453
1	104.444
1	202.683
1	144.45
1	125.954
1	278.699
1	197.532
1	172.664
1	159.606
1	130.623
1	238.092
1	173.267
1	172.57
1	237.719
1	194.539
1	294.109
1	185.945
1	229.788
1	166.495
1	170.86
1	181.191
1	260.774
1	152.606
1	237.685
1	128.184
1	247.513
1	149.639
1	175.13
1	186.002
1	141.642
1	146.239
1	357.488
1	166.096
1	169.035
1	219.591
1	156.791
1	184.121
1	284.358
1	264.884
1	311.328
1	168.144
1	124.846
1	195.305
1	253.843
1	169.227
1	223.045
1	203.706
0	13.0175
1	184.659
1	246.358
1	228.106
1	136.575
1	225.923
1	143.576
0	7.30266e-06
1	187.664
1	162.659
1	163.218
1	145.037
1	183.074
1	129.213
1	167.331
1	272.844
1	238.842
1	189.524
1	165.748
1	120.029
1	203.399
1	236.636
1	187.189
1	183.751
1	192.252
1	130.208
1	137.856
1	200.361
1	194.81
1	133.8
1	176.262
1	185.615
1	180.35
1	243.992
1	163.861
1	233.139
1	170.306
1	175.22
1	214.272
1	224.708
1	164.029
1	219.444
1	173.781
1	235.647
1	204.583
1	177.592
1	213.688
1	238.8
1	301.685
1	180.021
1	181.255
1	160.279
1	237.945
1	192.363
1	251.352
1	227.296
1	251.36
1	192.523
1	231.457
1	161.698
1	234.693
1	208.494
1	261.372
1	209.087
1	154.701
0	3.42224
1	227.08
1	176.023
1	217.466
1	150.782
1	196.761
1	172.388
1	274.568
1	156.923
1	272.375
1	235.488
1	168.917
1	311.263
1	351.049
1	164.237
1	196.099
1	209.255
1	191.929
1	367.323
1	288.815
1	235.413
1	261.987
1	260.341
1	168.99
1	252.942
1	231.292
1	216.652
1	153.706
1	207.151
1	269.057
1	166.13
1	267.965
1	190.294
1	173.821
1	215.535
1	232.187
1	150.7
1	273.585
1	233.406
1	209.981
1	159.134
0	62.2778
1	212.158
1	169.705
1	130.029
1	116.6
1	154.672
1	248.508
1	277.144
1	365.117
1	124.202
1	250.491
1	138.367
1	175.04
1	192.889
1	193.524
1	289.022
1	196.787
1	163.263
1	226.618
1	301.909
1	179.431
1	233.482
1	162.785
1	153.294
1	137.344
1	195.124
1	173.991
1	134.699
1	147.781
1	149.98
1	215.705
1	238.893
1	246.419
1	206.501
1	210.032
1	185.485
1	212.473
1	232.814
1	246.553
1	229.9
1	152.278
1	157.565
1	134.201
1	279.074
1	152.829
1	138.036
1	143.505
1	191.037
1	166.669
1	257.98
1	232.4
1	278.889
1	166.156
1	178.591
0	63.6551
1	203.365
1	142.527
1	228.417
1	267.099
1	157.868
1	178.799
0	76.4942
1	225.696
0	40.182
1	196.124
1	245.222
1	244.116
1	157.956
1	285.226
1	149.659
1	146.132
1	161.442
1	214.49
1	145.618
1	133.502
1	217.366
1	163.87
1	201.64
1	217.095
1	184.863
1	162.913
1	285.731
1	184.159
1	216.848
1	193.073
1	177.621
1	249.111
1	210.923
1	236.489
1	164.05
1	137.868
1	158.528
1	182.936
1	186.268
1	141.781
1	222.273
1	179.715
1	146.332
1	239.038
1	180.747
1	231.091
1	223.632
1	213.137
1	312.574
1	211.134
1	165.275
1	163.461
1	195.027
1	217.819
1	326.062
1	232.248
1	157.839
1	175.929
1	282.912
1	181.66
1	276.325
1	217.942
1	272.241
1	181.285
1	303.115
1	217.785
1	217.386
1	134.802
1	266.936
1	206.445
1	191.976
1	139.607
1	165.901
1	163.867
1	172.102
1	181.348
1	223.178
1	163.584
1	279.346
1	196.783
1	226.358
1	275.994
1	183.841
1	252.582
1	139.43
1	239.18
1	198.373
1	198.548
1	221.928
1	210.743
1	190.283
1	182.338
1	223.019
1	205.898
1	149.116
1	137.308
1	187.145
1	162.483
1	167.585
1	175.217
1	232.787
1	152.557
1	185.963
1	202.165
1	231.877
1	186.345
1	205.657
1	156.87
1	183.182
1	192.118
1	175.136
1	189.338
1	158.172
1	311.451
1	187.314
1	210.735
1	177.122
1	236.905
1	138.453
1	234.22
1	152.231
1	299.783
1	275.883
1	221.126
1	203.655
1	211.169
1	214.882
1	253.483
1	199.871
1	212.982
1	164.063
1	183.536
1	177.126
1	165.189
1	207.616
1	185.118
0	11.2838
1	233.36
1	165.36
1	166.212
1	149.5
1	207.96
1	300.9
1	192.932
1	211.373
1	251.84
1	210.575
1	223.838
1	184.4
1	251.018
1	220.307
1	181.997
1	201.448
1	182.561
1	175.608
1	232.569
1	210.078
1	177.899
1	162.485
1	185.692
1	307.667
1	222.124
1	167.545
1	204.82
1	196.094
1	176.823
1	388.257
1	205.288
1	286.514
1	246.296
1	187.947
1	269.91
1	163.704
1	162.536
1	142.569
1	244.277
1	212.161
1	161.77
1	153.078
1	284.97
1	224.098
1	158.687
1	168.5
1	189.188
1	210.907
1	209.677
1	224.457
1	230.255
1	237.165
0	2.43129
1	215.998
1	228.721
1	157.084
1	254.476
1	151.828
1	205.284
1	173.445
1	202.523
1	217.646
1	152.224
1	215.435
1	152.084
1	155.558
1	159.443
1	154.875
1	197.308
1	163.854
1	254.093
1	299.405
1	208.894
1	176.124
1	261.468
1	234.143
1	182.679
1	188.729
1	153.967
1	143.452
1	208.771
1	166.457
1	97.3392
1	146.613
1	184.78
1	145.127
1	191.848
1	215.279
1	173.71
1	335.188
1	202.24
1	252.416
1	153.346
1	164.119
1	262.33
1	173.147
1	168.466
1	193.952
1	195.813
1	293.212
1	174.418
1	187.757
1	181.046
1	229.223
1	235.51
1	344.868
1	225.154
1	154.507
1	164.017
1	334.66
1	219.191
1	196.564
1	260.646
1	228.777
0	2.30233
1	140.807
1	219.745
1	264.869
1	286.864
1	122.361
1	212.737
1	190.192
1	152.128
1	254.116
1	179.965
1	158.995
1	228.195
1	207.406
1	202.216
1	208.415
1	356.342
1	242.315
1	281.416
1	267.706
1	245.33
1	153.09
1	149.721
1	242.666
1	176.959
1	200.532
1	258.111
1	155.15
1	155.114
1	210.007
1	181.361
1	209.459
1	198.378
1	262.911
1	259.095
1	155.283
1	372.636
1	140.529
1	180.159
1	148.119
1	211.625
1	142.722
1	199.98
1	199.569
1	222.679
1	176.974
1	164.952
1	140.972
1	210.706
1	193.557
1	166.954
1	257.54
1	211.12
1	162.548
1	218.828
1	173.794
1	138.138
1	164.24
1	230.614
1	170.855
1	173.532
1	203.606
1	184.459
1	244.115
1	165.704
1	263.054
1	170.898
1	142.62
1	180.724
1	133.738
1	269.325
1	177.959
1	235.656
1	161.898
1	177.653
1	137.91
1	182.837
1	178.975
1	256.767
1	274.123
1	233.266
1	281.026
1	228.79
1	275.99
1	193.878
1	232.013
1	185.342
1	175.142
1	219.308
1	215.21
1	185.39
1	406.287
1	189.763
1	274.584
1	200.795
1	181.192
1	126.643
1	287.239
1	169.84
1	195.738
1	260.653
0	1.99231e-05
1	240.965
1	232.627
1	164.359
1	182.974
1	202.144
1	231.767
1	197.632
1	144.057
1	290.741
1	156.181
1	189.558
1	185.478
1	308.454
1	183.655
1	241.398
1	252.299
1	150.429
1	188.438
1	146.959
1	250.176
1	250.174
1	225.654
1	282.077
1	188.853
1	128.738
1	259.296
1	198.11
1	198.839
1	166.412
1	192.647
1	206.626
1	164.229
1	426.006
1	132.201
1	219.707
1	266.69
1	262.401
1	208.837
0	19.0601
1	162.514
1	206.705
1	167.68
1	219.472
1	196.3
1	194.95
1	162.744
1	178.508
1	150.24
1	212.235
1	151.944
1	240.792
1	190.375
1	129.925
1	290.45
1	199.635
1	214.254
1	132.139
1	253.584
1	342.192
1	171.288
1	176.864
1	232.542
1	288.886
1	207.011
1	234.237
1	222.468
1	139.458
1	270.204
1	274.906
1	130.815
1	131.299
1	173.317
1	139.667
1	200.172
1	214.816
1	172.682
1	186.067
1	186.667
1	186.235
1	259.138
1	134.748
1	204.994
1	194.073
1	148.518
1	254.65
1	187.949
1	125.279
1	155.651
1	321.845
1	216.053
1	258.463
1	194.911
1	179.883
1	310.304
1	158.371
1	184.775
1	187.054
1	169.353
1	172.516
1	185.989
1	168.02
1	145.169
1	140.329
1	161.725
1	148.58
1	260.878
1	153.895
1	229.955
1	144.362
1	234.301
1	199.317
1	210.801
1	156.939
1	178.042
1	208.291
1	258.968
1	174.532
1	231.8
1	235.05
1	130.462
1	190.818
1	240.25
1	194.28
1	158.826
1	156.903
1	201.028
1	266.334
1	145.502
1	245.039
1	223.524
1	270.05
1	390.597
1	201.709
1	171.29
1	186.922
1	227.46
1	187.71
1	175.774
1	209.848
1	182.359
1	199.308
1	196.443
1	241.977
1	230.726
1	157.495
1	218.612
1	172.372
1	155.559
1	183.124
1	127.73
1	259.418
1	183.788
1	160.107
1	230.027
1	206.903
1	196.49
1	105.594
1	159.189
1	276.165
1	230.097
1	176.621
1	189.43
1	165.681
1	211.134
1	175.375
1	146.519
1	194.959
1	203.332
1	241.052
1	117.926
1	191.362
1	180.004
1	229.903
1	174.714
1	270.965
1	218.007
1	235.303
1	181.241
1	165.139
1	154.35
1	255.779
1	186.058
1	154.866
1	323.281
1	189.287
1	256.365
1	176.187
1	153.978
1	233.629
1	188.123
1	221.515
1	214.14
1	206.027
1	149.803
1	222.04
1	159.81
1	243.985
1	155.462
1	248.532
1	181.038
1	219.639
1	255.155
1	166.621
1	173.198
1	136.818
1	171.147
1	233.66
1	195.605
1	178.582
1	192.402
1	242.813
1	388.096
1	290.548
1	219.305
1	346.708
1	160.571
1	186.699
1	212.421
1	215.363
1	137.59
1	149.639
1	119.101
1	175.227
1	193.194
1	258.161
1	237.093
1	168.76
0	91.1092
1	236.666
1	140.338
1	150.08
1	312.973
1	130.701
1	164.934
1	220.535
1	171.528
1	195.234
1	273.194
1	156.61
1	164.672
1	185.104
1	311.737
1	248.741
1	198.19
1	287.714
1	180.22
1	237.861
1	185.626
1	180.956
1	163.277
1	183.167
1	234.725
1	244.221
1	193.125
1	189.507
1	199.8
1	163.762
1	216.705
1	221.124
1	209.934
1	130.025
1	224.779
1	162.907
1	199.018
1	172.774
1	169.305
1	150.968
1	291.35
1	206.475
1	237.608
1	218.002
1	212.858
1	262.367
1	169.394
1	269.186
1	164.731
1	161.453
1	280.33
1	154.22
1	168.912
1	143.646
1	128.884
1	250.402
1	191.286
1	235.77
1	271.677
1	167.898
1	201.432
1	180.151
1	188.541
1	181.866
0	21.7701
1	185.887
1	219.242
1	223.476
1	131.119
1	267.443
1	188.822
1	151.939
1	178.714
1	354.906
1	169.007
1	260.413
1	251.51
1	199.311
1	188.499
1	221.986
1	208.108
1	224.051
1	243.038
1	243.706
1	188.401
1	236.737
1	151.024
1	197.294
1	232.566
1	147.456
1	237.793
1	127.897
1	147.977
1	179.136
1	147.33
1	113.21
1	294.2
1	248.412
1	357.265
1	205.376
1	292.146
1	317.904
1	211.005
1	178.988
1	224.139
1	215.38
1	215.426
1	162.083
1	188.921
1	238.207
1	194.278
1	236.389
1	143.681
1	216.837
1	189.691
1	318.021
1	202.524
1	294.988
1	170.766
1	269.208
1	254.65
1	239.839
1	179.627
1	161.021
1	167.637
1	129.365
1	148.59
1	150.811
1	226.33
1	217.102
1	256.008
1	239.587
1	184.063
1	248.822
1	208.503
1	258.201
1	276.828
1	191.329
1	215.418
1	208.866
1	192.192
1	123.029
1	182.829
1	246.924
1	143.87
1	195.493
1	243.618
1	281.469
1	165.384
1	202.285
1	203.852
1	223.332
1	228.888
1	148.837
1	139.714
1	193.993
1	188.544
1	123.415
1	195.25
1	236.947
1	170.051
1	160.452
1	202.857
1	202.295
1	206.7
1	220.263
1	156.107
1	198.483
1	204.941
1	250.523
1	225.75
1	225.325
1	147.635
1	218.198
1	133.312
1	184.796
1	146.101
1	210.655
1	303.62
0	2.78825
1	125.729
1	183.652
1	195.604
1	162.852
1	208.78
1	178.591
1	187.479
1	206.384
1	265.277
1	168.418
1	165.744
1	157.089
1	122.939
1	161.772
1	184.249
1	168.553
1	174.864
1	181.452
1	141.003
1	277.564
1	189.906
1	145.816
1	189.31
1	149.559
1	188.004
1	253.278
1	201.985
1	212.905
1	232.739
1	172.067
1	240.465
1	212.339
1	236.181
1	235.009
1	257.592
1	179.381
1	205.002
1	252.381
1	146.329
1	216.881
1	183.402
1	200.078
1	284.18
1	239.256
1	189.325
1	319.744
1	195.833
1	191.663
1	182.17
1	181.076
1	189.047
1	182.683
1	253.377
1	135.86
1	158.732
1	237.425
1	203.095
1	138.491
1	241.59
1	331.445
1	168.546
1	201.808
1	198.686
1	210.301
1	283.818
1	272.433
1	163.167
1	164.323
1	254.403
1	181.701
1	223.623
1	156.342
1	221.709
1	238.954
1	214.964
1	238.209
1	148.882
1	161.575
1	156.602
1	172.029
1	134.985
1	196.509
1	177.091
1	181.536
1	226.527
1	249.98
1	188.187
1	147.389
1	233.424
1	104.686
1	183.802
1	249.368
1	211.455
1	189.599
1	174.262
1	198.174
1	236.647
1	254.852
1	133.613
1	235.037
1	171.005
1	257.682
1	171.062
1	201.246
1	229.316
1	228.307
1	295.374
1	437.861
1	181.413
1	151.749
1	164.862
1	165.892
1	290.119
1	233.829
1	202.202
1	165.043
1	175.286
1	184.766
1	270.085
1	158.887
1	149.012
1	206.331
1	180.25
1	140.149
1	251.348
1	156.636
1	207.368
1	191.734
1	185.808
1	230.157
1	185.309
1	185.499
1	255.238
1	150.496
1	180.888
1	233.125
1	190.952
1	211.183
1	257.814
1	267.004
0	21.0809
1	163.612
1	322.926
1	148.23
1	130.195
1	150.95
1	157.27
1	219.566
1	170.76
1	169.432
1	172.547
1	236.535
1	209.426
0	21.9772
1	224.848
1	171.845
1	219.392
1	177.111
1	164.88
0	66.7871
1	164.859
1	163.24
1	224.958
1	169.262
1	211.356
1	170.476
1	136.321
1	192.54
1	211.938
1	188.123
1	264.305
1	193.419
1	178.922
1	187.853
1	212.033
1	172.332
1	177.495
1	193.585
1	140.195
1	191.33
1	239.403
1	197.74
1	196.75
1	213.163
1	205.204
1	205.816
1	234.077
1	199.673
1	225.835
1	216.411
1	206
1	263.21
1	147.882
1	236.185
1	245.157
1	243.037
1	141.206
1	251.444
1	233.91
1	140.977
1	191.599
1	273.597
1	192.974
1	119.276
1	213.839
1	185.188
1	237.048
1	259.89
1	181.719
1	189.302
1	168.761
1	152.414
1	205.391
1	229.006
1	232.74
1	226.458
1	136.846
1	140.46
1	257.793
1	276.336
1	236.304
1	230.282
1	208.434
1	258.13
1	160.545
1	277.414
1	372.032
1	223.817
1	149.995
1	156.244
1	136.102
1	246.122
1	131.568
1	171.612
1	244.264
1	202
1	176.215
1	128.457
1	185.708
1	140.823
1	187.335
1	146.633
1	186.148
1	139.539
1	162.668
1	187.18
1	158.239
1	222.131
1	188.079
1	166.419
1	179.034
1	157.847
1	317.557
1	242.856
1	133.934
1	298.492
1	145.036
1	145.959
1	173.739
1	164.135
1	166.187
1	192.349
1	138.857
1	216.447
1	128.124
1	171.255
1	136.232
1	203.394
1	201.439
1	301.337
1	158.759
1	208.812
1	220.415
1	226.055
1	150.295
1	151.033
1	154.481
1	227.208
1	185.946
1	220.707
1	231.641
1	160.677
1	170.456
1	204.198
1	147.109
1	206.299
1	187.157
1	152.638
1	221.116
1	188.561
1	200.992
1	280.163
1	379.211
1	143.746
1	230.511
1	234.703
1	179.825
1	188.886
1	249.704
1	218.777
1	136.971
1	175.699
1	231.613
1	197.228
1	154.601
1	155.972
1	192.944
1	255.156
1	195.634
1	277.516
1	172.924
1	238.643
1	200.303
1	157.954
1	222.699
1	193.735
1	173.003
1	245.841
1	197.017
1	154.74
1	216.212
1	113.532
1	143.743
1	210.908
1	274.789
1	193.745
1	240.061
1	192.019
1	183.853
1	168.859
1	246.158
1	212.408
1	167.304
1	199.318
1	187.901
1	231.22
1	273.254
1	257.481
1	224.718
1	212.674
1	170.825
1	242.598
1	300.981
1	293.009
1	194.043
1	326.266
1	157.718
1	169.916
1	139.605
1	225.929
1	182.182
1	160.522
1	148.406
1	160.583
1	200.658
1	205.983
1	222.654
1	156.052
1	235.954
1	152.448
1	245.328
1	160.245
1	210.392
1	160.677
1	196.812
1	179.088
1	161.892
1	232.849
1	178.739
1	179.39
1	172.333
1	170.108
1	219.396
1	194.499
1	351.698
1	246.437
1	225.357
1	171.53
1	248.181
1	155.646
1	178.822
1	130.119
1	173.741
1	232.397
1	171.176
1	165.059
1	177.186
1	151.625
1	174.466
1	169.216
1	266.659
1	166.672
1	192.175
1	129.827
1	233.072
1	154.487
1	153.302
1	162.768
1	222.67
1	165.402
1	176.417
1	244.348
1	159.418
1	279.421
1	216.392
1	219.769
1	135.737
1	172.059
1	186.075
1	168.028
1	261.989
1	135.068
1	258.933
1	173.564
1	177.344
1	154.301
1	237.111
1	173.375
1	168.695
1	242.038
1	285.944
1	254.89
1	144.498
1	268.306
1	210.944
1	165.43
1	294.403
0	5.65116e-06
1	245.063
1	242.748
1	227.081
1	245.255
1	280.775
1	175.357
1	170.983
1	177.808
1	218.71
1	260.643
1	160.343
1	180.344
1	130.14
1	210.991
1	207.079
1	116.543
1	149.672
1	202.457
1	261.351
1	206.072
1	206.354
1	192.56
1	159.761
1	185.992
1	134.821
1	185.588
1	217.077
1	355.49
1	158.877
1	160.422
1	250.209
1	298.257
0	53.836
1	205.823
1	150.519
1	254.714
1	257.252
1	168.887
1	254.638
1	173.427
1	171.594
1	231.104
1	150.416
1	170.598
1	227.022
1	207.395
1	177.055
1	129.189
1	171.222
1	145.256
1	196.235
1	220.928
1	152.432
1	201.384
1	139.408
1	157.368
1	212.938
1	232.105
1	149.411
1	153.795
1	192.871
1	214.659
1	169.511
1	183.843
1	210.728
1	146.746
1	207.394
1	235.139
1	305.973
1	205.451
1	172.876
1	189.454
1	141.359
1	245.722
1	170.349
1	250.708
1	147.858
1	210.454
1	218.626
1	208.656
1	223.049
1	175.777
1	216.549
1	214.897
1	150.918
1	166.986
1	167.478
1	267.931
1	212.262
1	205.188
1	237.273
1	213.824
1	185.979
1	240.282
1	142.644
1	219.577
1	258.383
1	210.431
1	181.989
1	222.084
1	202.37
1	192.648
1	174.177
1	169.691
1	195.218
1	204.193
1	179.817
1	124.215
1	190.457
1	186.547
1	163.507
1	307.31
1	160.581
1	211.828
1	255.377
1	187.868
1	225.228
1	150.247
1	212.828
1	244.882
1	187.063
1	182.719
1	143.604
1	207.865
1	167.876
1	211.099
1	173.612
1	141.56
1	199.504
1	190.9
1	317.208
1	134.053
1	152.861
1	256.94
1	186.842
1	283.214
1	157.335
1	222.188
1	227.523
1	187.596
1	145.174
1	194.524
1	214.538
1	207.199
1	185.309
1	164.974
1	130.86
1	191.846
1	218.657
1	231.772
1	191.765
1	202.778
1	206.661
1	249.821
1	179.353
1	200.765
1	163.372
1	189.658
1	212.35
1	158.66
1	268.548
1	128.18
1	179.575
1	139.528
1	154.525
1	179.679
1	243.433
1	251.921
1	264.576
1	177.174
1	177.881
1	164.246
1	172.478
1	208.35
1	302.286
1	214.556
1	216.704
1	161.209
1	208.358
1	234.698
1	292.717
1	232.895
1	183.491
1	129.429
1	226.143
1	197.383
1	187.228
1	168.841
1	203.391
1	175.607
1	261.901
1	141.052
1	157.618
1	132.711
1	191.597
1	221.248
1	175.608
1	161.107
1	271.793
1	115.336
1	195.515
1	187.46
1	212.799
1	115.252
1	132.868
1	171.423
1	215.22
1	230.041
1	174.412
1	236.979
1	222.761
1	229.076
1	231.406
1	285.169
1	157.811
1	207.268
1	424.782
1	152.513
1	215.614
1	152.017
1	202.873
1	187.309
1	203.786
1	121.717
1	160.965
1	136.344
1	192.088
1	178.978
1	183.775
1	209.537
1	172.077
1	229.647
1	189.953
0	9.65441
1	167.774
1	182.183
1	154.028
1	164.897
1	202.04
1	200.051
1	299.757
1	213.504
1	202.12
1	181.279
1	188.701
1	118.298
1	224.11
1	167.906
1	251.764
1	355.691
1	127.222
1	171.532
1	276.074
1	260.903
1	173.301
1	134.806
1	340.739
1	162.172
1	160.298
1	115.41
1	113.113
1	248.022
1	337.788
1	201.933
1	230.497
1	205.178
1	154.986
1	241.495
1	160.456
1	124.292
1	113.621
1	186.979
1	321.035
1	231.328
1	183.344
1	244.026
1	255.212
1	132.585
1	234.974
1	208.241
1	202.946
1	116.215
1	215.611
1	141.265
1	135.845
1	280.86
1	250.553
1	213.789
1	305.421
1	214.042
1	133.043
1	185.194
1	166.735
1	182.447
1	283.559
1	246.19
1	130.661
1	214.27
1	157.713
1	261.407
1	269.706
1	218.643
1	188.165
1	181.64
1	300.778
1	201.115
1	215.103
1	162.307
1	153.892
1	167.728
1	226.321
1	196.38
1	293.28
1	242.45
1	195.681
1	222.591
1	200.646
1	233.632
1	191.768
1	182.582
1	275.079
1	217.788
1	158.406
1	254.58
1	297.431
1	197.911
1	160.204
1	297.378
1	183.885
1	175.369
1	147.364
1	228.408
1	170.712
1	185.894
1	273.696
1	161.289
1	198.907
1	217.529
1	281.034
1	163.582
1	211.025
1	181.927
1	187.845
1	142.34
1	210.6
1	252.432
1	207.573
1	171.381
1	146.054
1	109.91
1	208.347
0	9.85864
1	277.93
1	176.102
1	238.661
1	233.612
1	215.156
1	171.887
1	389.72
1	223.411
1	254.946
1	215.326
1	310.89
1	157.427
1	232.905
1	151.418
1	295.692
1	210.829
1	207.689
1	157.005
1	132.803
1	261.822
1	148.264
1	211.073
1	199.602
1	242.412
1	170.213
1	209.91
1	304.558
1	165.485
1	254.405
1	196.027
1	130.196
1	139.292
1	176.994
1	191.863
1	245.442
1	145.674
1	218.759
1	164.097
1	211.809
1	163.858
1	144.527
1	174.652
1	213.947
1	387.467
1	198.345
1	230.425
1	158.284
1	149.676
1	198.335
1	244.448
1	149.122
1	275.327
1	143.93
1	170.8
1	153.816
1	206.995
1	171.871
1	279.792
1	174.353
1	173.863
1	194.641
1	225.827
1	158.863
1	315.738
1	225.479
1	241.971
1	179.477
1	193.95
1	227.053
1	212.033
1	152.316
1	229.069
1	286.512
1	170.954
1	184.612
1	281.848
1	217.779
1	146.797
1	192.857
1	343.767
1	233.049
1	224.418
1	238.866
1	136.001
1	178.116
1	210.97
1	227.357
1	141.494
1	174.685
1	288.023
1	183.413
1	218.249
1	180.172
1	270.978
1	161.602
1	148.296
1	347.599
1	277.335
1	145.708
1	125.122
1	166.804
1	162.945
1	229.007
1	217.76
1	214.724
1	180.766
1	145.623
1	141.07
1	198.457
1	222.01
1	365.041
1	401.14
1	311.341
1	201.641
1	193.95
1	203.633
1	263.095
1	119.648
1	233.135
1	242.157
1	139.251
1	159.482
1	181.16
1	171.42
1	175.464
1	181.618
1	156.118
1	133.226
1	230.25
1	248.912
1	193.062
1	278.425
1	166.885
1	197.163
1	162.116
1	162.347
1	203.803
1	162.312
1	180.408
1	151.71
1	158.924
1	206.894
1	221.847
1	177.223
1	230.377
1	212.283
1	271.637
1	229.492
1	182.032
1	188.96
1	194.045
1	175.671
1	284.522
1	215.832
1	332.702
1	188.944
1	179.919
1	243.217
1	211.721
1	134.853
1	266.226
1	225.323
1	196.272
1	254.128
1	152.113
1	191.558
1	345.661
1	173.927
1	208.854
1	166.066
1	180.867
1	358.598
1	160.836
1	245.187
1	219.055
1	200.717
1	167.555
1	157.953
1	162.417
1	235.618
1	192.834
1	154.706
1	135.26
1	174.012
1	300.989
1	179.841
1	144.545
1	148.381
1	198.098
1	300.737
1	170.923
1	164.551
1	250.202
1	360.505
1	226.913
1	143.772
1	274.795
1	163.936
1	210.248
1	196.663
1	252.864
1	228.393
1	151.591
1	220.58
1	135.888
1	165.02
1	168.008
1	120.005
1	238.257
1	142.761
1	175.659
1	113.035
1	168.202
1	164.714
1	224.559
1	149.583
1	189.744
1	160.242
1	189.244
1	229.315
1	265.179
1	195.713
1	143.012
1	325.34
1	175.738
1	321.689
0	5.70123
1	284.529
1	202.298
1	148.876
1	298.271
1	154.278
1	218.702
1	176.416
1	226.27
1	169.174
1	155.159
1	159.845
1	209.271
1	183.999
1	203.643
1	238.585
0	63.0384
1	238.334
1	207.663
1	205.861
1	212.674
1	166.915
1	196.484
1	205.403
1	191.776
1	160.627
1	218.709
1	154.954
1	169.382
1	159.712
1	167.923
1	148.324
1	174.543
1	242.571
1	250.762
1	302.074
1	227.803
1	194.987
1	202.107
1	181.626
1	231.707
1	226.234
1	213.062
1	232.191
1	308.316
1	255.975
1	413.883
1	201.376
1	180.584
1	190.481
1	183.279
1	220.604
1	201.598
1	186.466
1	194.648
1	220.357
1	198.469
1	226.375
1	212.251
1	217.42
1	159.596
1	224.965
1	239.255
1	182.939
1	194.65
1	217.812
1	233.881
1	275.82
1	151.527
1	234.636
1	169.55
1	144.054
1	188.128
1	157.768
1	212.283
1	163.24
1	209.909
1	161.512
1	160.423
1	220.474
1	208.982
1	137.206
1	202.908
1	141.913
1	136.457
1	151.02
1	194.996
1	217.745
1	310.919
1	243.384
1	243.594
1	156.519
1	158.232
1	255.492
1	337.947
1	197.81
1	156.175
1	213.118
1	272.666
1	269.387
1	176.917
1	172.84
1	264.538
1	186.42
1	152.681
1	252.266
1	246.151
1	255.85
1	160.729
1	166.819
1	220.381
1	275.772
1	181.983
1	163.094
1	201.633
1	231.165
1	189.515
1	215.518
1	189.498
1	138.455
1	313.806
1	202.628
1	139.891
1	215.632
1	203.51
1	164.285
1	189.357
1	201.62
1	202.306
1	160.047
1	238.343
1	271.94
1	360.485
1	179.788
1	185.465
1	174.619
1	187.85
1	211.345
1	164.91
1	207.177
1	149.125
1	200.041
1	232.075
1	185.888
1	177.21
1	115.733
1	140.891
1	184.659
1	286.698
1	212.685
1	212.836
1	254.298
1	154.938
1	176.425
1	208.785
1	215.179
1	167.815
1	138.31
1	305.975
1	213.142
1	218.924
1	149.937
1	246.959
1	213.613
1	142.214
1	147.496
1	199.618
1	176.404
1	321.113
1	165.996
1	200.893
1	183.184
1	179.2
1	134.558
1	276.878
1	182.794
1	206.326
1	118.796
1	213.502
1	146.589
1	138.611
1	246.683
1	180.554
1	219.193
1	186.97
1	207.463
1	263.774
1	233.76
0	30.7544
1	203.929
1	156.774
1	180.834
1	255.494
1	222.61
1	197.723
1	253.325
1	197.715
1	173.705
1	162.709
1	178.194
1	167.785
1	152.772
1	190.787
1	231.927
1	190.684
1	220.702
1	168.026
1	249.65
1	246.893
1	210.873
1	219.324
1	173.557
1	186.711
1	203.549
1	223.167
1	190.651
1	243.762
1	170.743
1	167.741
1	155.3
1	182.511
1	156.026
1	174.914
1	214.279
1	231.223
1	181.118
1	145.795
1	181.829
1	190.434
1	188.898
1	245.632
1	213.751
1	207.906
1	241.048
1	320.363
1	175.494
1	165.235
1	248.625
1	168.573
1	177.825
1	213.527
1	295.5
1	201.392
1	174.806
1	150.313
1	181.005
1	210.591
1	208.723
1	207.636
1	139.13
1	232.162
1	176.065
1	163.866
1	181.037
1	174.999
1	152.91
1	143.128
1	205.85
1	149.606
1	243.013
1	227.645
1	184.511
1	323.723
1	191.429
1	204.412
1	256.101
1	215.819
1	190.593
1	188.168
1	321.754
1	208.523
1	186.586
1	176.716
1	158.028
1	209.41
1	202.212
1	266.905
1	212.713
1	307.165
1	162.068
1	144.942
1	166.666
1	166.656
1	248.329
1	151.745
1	349.829
1	298.63
1	179.932
1	159.983
1	133.676
1	254.431
1	144.664
1	144.385
1	273.074
1	142.584
1	218.676
1	203.28
1	198.05
1	176.632
1	207.822
1	289.914
1	215.115
1	177.37
1	190.358
1	209.709
1	267.24
1	283.887
1	116.492
1	182.77
1	141.182
1	223.214
1	162.515
1	157.758
1	161.682
1	138.244
1	227.378
1	212.813
1	177.409
1	217.557
1	177.638
1	204.57
1	232.241
1	231.525
1	195.488
1	154.013
1	256.956
1	281.413
1	187.971
1	158.163
1	215.914
1	153.66
1	199.272
1	229.679
1	131.306
1	198.471
1	171.405
1	439.74
1	177.894
1	254.733
1	197.528
1	205.358
1	215.526
1	256.078
1	226.38
1	295.432
1	184.506
1	201.822
1	116.468
1	399.255
1	216.495
1	191.519
1	145.055
1	183.177
1	242.78
1	241.978
1	159.769
1	134.482
1	221.897
1	169.564
1	196.736
1	195.351
1	147.038
1	238.786
1	154.882
1	278.316
1	258.927
1	178.785
1	190.667
1	223.23
1	212.345
1	168.632
1	286.326
1	181.117
1	155.976
1	163.486
1	244.275
1	227.754
1	238.025
1	262.462
1	206.989
1	308.529
1	222.849
1	251.14
1	169.591
1	234.67
1	118.641
1	190.162
1	140.681
1	207.5
1	161.97
1	127.861
0	5.17104
1	181.84
1	155.272
1	226.407
1	243.854
1	213.813
1	183.521
1	175.953
1	230.393
1	174.227
1	212.831
1	134.746
1	257.811
1	269.291
1	243.159
1	154.648
1	233.24
1	177.472
1	245.362
1	166.537
1	184.389
1	179.184
1	192.568
1	150.894
1	235.781
1	214.235
1	243.096
1	197.205
1	166.735
1	274.988
1	164.861
1	170.522
1	240.25
1	180.244
1	197.247
1	198.146
1	230.021
1	159.43
1	206.325
1	197.603
1	166.494
1	246.799
1	168.389
1	190.385
1	209.191
1	251.562
1	117.605
1	273.968
1	211.303
1	155.291
1	202.387
1	229.517
1	149.175
1	169.899
1	257.375
1	134.365
1	163.977
1	217.135
1	197.123
1	179.805
1	247.849
1	148.046
1	172.765
1	208.431
1	155.426
1	163.031
1	207.754
1	222.154
1	205.712
1	248.641
1	178.089
1	157.037
1	195.344
1	162.637
1	211.487
1	217.29
1	180.58
1	268.417
1	154.105
1	238.379
1	270.708
1	219.737
1	224.513
1	143.848
1	195.838
1	172.131
1	148.221
1	191.101
1	130.578
1	200.751
1	179.366
1	145.801
1	212.071
1	245.804
1	240.923
1	152.914
1	170.745
1	251.35
1	130.581
1	162.987
1	255.573
1	228.345
1	163.903
1	206.927
1	168.203
1	238.817
1	242.265
1	164.926
1	242.428
1	245.247
1	189.453
1	177.35
1	133.141
1	168.04
1	157.574
1	236.291
1	178.75
1	185.74
1	187.761
1	121.769
1	294.62
1	294.334
1	208.237
1	151.414
1	137.891
1	207.225
1	205.766
1	244.917
0	18.4574
1	178.85
1	185.528
1	162.156
1	216.726
1	121.984
0	28.435
1	283.332
1	162.647
1	276.724
1	183.945
1	207.434
1	190.506
1	126.574
1	276.593
1	210.483
1	134.666
1	202.147
1	245.849
1	256.565
1	172.551
1	200.218
1	179.456
1	173.506
1	207.738
1	195.369
1	244.778
1	161.611
1	132.142
1	151.341
1	149.552
1	304.854
1	192.521
1	198.392
1	198.549
1	214.421
1	157.455
1	171.025
1	167.316
1	180.016
1	230.779
1	176.298
1	136.183
1	197.966
1	295.394
1	217.992
1	162.655
1	195.157
1	225.664
1	314.659
1	179.062
1	199.256
1	227.807
1	147.128
1	109.261
1	155.513
1	203.952
1	211.491
1	164.773
1	135.367
1	132.066
1	147.027
1	179.982
1	231.115
1	308.209
1	150.738
1	167.279
1	154.827
1	346.532
1	227.523
1	393.945
1	199.212
1	400.042
1	192.364
1	196.661
0	48.0388
1	211.289
1	164.124
1	202.723
1	144.334
1	151.079
1	284.04
1	207.791
1	180.479
0	0.286354
1	188.487
1	197.496
1	124.656
1	198.349
1	152.616
1	180.358
1	183.989
1	280.907
1	142.925
1	163.716
1	180.682
1	241.204
1	203.003
1	266.523
1	215.667
1	174.421
1	184.871
1	168.84
1	210.972
1	165.203
1	250.29
1	192.081
0	15.3733
1	323.106
1	243.24
1	263.689
1	179.036
1	170.901
1	212.278
1	331.105
1	212.48
1	229.044
1	277.093
1	251.337
1	176.452
1	150.419
1	222.148
1	264.853
1	187.383
1	177.997
1	197.142
1	178.517
1	151.594
1	174.287
1	301.518
1	144.132
1	116.723
1	154.053
1	149.725
1	167.191
1	208.095
1	178.87
1	179.355
1	171.781
1	168.721
1	137.044
1	305.332
1	174.647
1	187.543
1	131.694
1	304.613
1	145.883
1	176.038
1	206.267
1	148.797
1	167.166
1	273.403
1	139.564
1	338.53
1	169.797
1	208.9
1	225.198
1	218.574
1	165.406
1	144.621
1	171.1
1	251.24
1	173.12
1	182.041
1	171.941
1	214.275
1	133.541
1	212.268
1	230.851
1	199.966
0	20.7345
1	183.81
1	208.298
1	170.828
1	174.96
1	205.272
1	226.739
1	155.844
1	206.496
1	201.533
1	134.502
1	184.897
1	277.156
1	196.697
1	334.748
1	181.519
1	193.458
1	157.525
1	206.088
1	222.82
1	167.139
1	304.891
1	139.225
1	153.015
1	150.922
1	416.557
1	137.172
1	186.697
1	200.876
1	366.915
1	164.983
1	317.078
1	191.504
1	183.427
1	159.597
1	194.764
1	276.272
1	153.304
1	233.436
1	114.904
1	171.908
1	164.461
1	177.308
1	179.738
1	163.018
1	219.775
1	215.455
1	225.882
1	222.05
1	180.607
1	150.934
1	197.975
1	167.022
1	223.099
1	218.61
1	189.263
1	219.16
1	234.676
1	223.71
1	211.241
1	134.253
1	230.547
1	198.158
1	179.457
1	196.731
1	192.878
1	253.155
1	276.509
1	288.098
1	164.923
1	206.299
1	257.681
1	128.589
1	221.009
1	216.244
1	173.221
1	194.091
1	188.969
1	157.588
1	184.212
1	315.114
1	234.207
1	245.634
1	205.341
1	167.837
1	229.396
1	193.084
1	215.673
1	224.132
1	154.916
1	214.647
1	179.446
1	167.291
1	266.922
1	178.732
1	147.584
1	242.813
1	226.305
1	201.376
1	284.722
0	81.5783
1	132.88
1	157.168
1	172.329
1	157.917
1	291.583
1	210.234
1	171.1
1	154.696
1	207.469
1	238.826
1	220.67
1	264.478
1	222.67
1	198.019
1	270.909
1	208.73
1	153.008
1	211.911
1	146.262
1	185.53
1	258.441
1	151.136
1	128.48
1	179.124
1	227.192
1	117.099
1	155.031
1	110.283
1	173.705
1	214.996
1	230.19
1	150.215
1	155.63
1	214.895
1	150.192
1	170.686
1	244.707
1	213.839
1	169.115
1	174.572
1	236.558
1	228.878
1	153.746
1	223.694
1	227.831
1	142.306
1	158.09
1	242.375
1	158.728
1	214.763
1	154.315
1	154.923
1	197.206
1	170.167
1	178.356
1	206.582
1	191.803
1	234.826
1	207.262
1	216.503
1	135.293
1	217.798
0	118.549
1	235.319
1	208.693
1	190.575
1	203.61
1	165.095
1	175.368
1	205.725
1	279.624
1	240.841
1	166.293
1	251.56
1	280.162
1	122.426
1	241.351
1	232.283
1	204.719
1	158.805
1	132.349
1	269.699
1	203.313
1	310.246
1	202.085
1	175.647
1	292.461
1	232.28
1	152.418
1	161.273
0	9.52606
1	155.819
1	251.242
1	253.224
1	163.286
1	235.442
1	127.241
1	228.67
1	142.4
1	168.231
1	184.663
1	152.312
1	242.184
1	167.304
1	273.324
1	239.976
1	216.028
1	110.438
1	254.305
1	152.473
1	198.805
1	267.964
1	220.39
1	192.457
1	211.889
1	143.084
1	209.032
1	183.956
1	241.613
1	157.02
1	175.256
1	170.778
1	148.684
1	190.759
1	165.08
1	185.565
1	197.168
1	161.924
1	164.005
1	227.581
1	126.835
1	200.755
1	381.237
1	171.86
1	139.708
1	129.479
1	186.892
1	223.328
1	158.613
1	301.727
1	152.054
1	251.418
1	159.281
1	178.921
1	196.254
1	182.302
1	162.34
1	225.344
1	191.745
1	183.405
1	218.583
1	164.987
1	216.713
1	215.512
1	193.582
1	247.431
1	178.683
1	215.3
1	160.072
1	270.076
1	266.483
1	153.808
1	157.141
1	299.908
1	194.329
1	184.109
1	202.505
1	165.001
1	192.184
1	183.235
1	156.064
1	155
1	240.329
1	159.837
1	175.007
1	235.58
1	273.763
1	170.234
1	226.291
1	256.925
1	271.385
1	240.517
1	177.061
1	253.033
1	139.267
1	191.919
1	139.995
1	318.821
1	153.527
1	327.509
1	276.31
1	374.585
1	189.257
1	139.146
1	214.006
1	166.976
1	350.816
1	312.549
1	136.284
1	147.647
1	198.137
1	225.886
1	232.148
1	251.974
1	176.521
1	228.374
1	222.423
1	215.303
1	220.956
1	198.884
1	169.822
1	215.752
1	211.431
1	161.638
1	197.192
1	232.729
1	116.382
1	183.713
1	201.741
1	191.871
1	193.272
1	308.909
1	174.001
1	143.552
1	259.996
1	146.197
1	202.607
1	337.911
1	172.272
1	248.157
1	150.733
1	166.03
1	179.84
0	118.412
1	195.953
1	220.259
1	250.006
1	321.741
1	211.046
1	175.506
1	164.793
1	166.532
1	283.102
1	358.12
1	273.186
1	169.813
1	266.996
1	156.337
1	199.136
1	165.342
1	239.095
1	162.655
1	196.518
1	206.764
1	198.864
1	251.6
1	255.707
1	227.394
1	156.28
1	176
1	208.243
1	199.648
1	274.094
1	168.434
1	117.646
1	177.843
1	312.182
1	255.512
1	220.453
1	127.182
1	115.559
1	158.499
1	232.359
1	302.352
1	217.403
1	158.47
1	172.513
1	227.713
1	199.419
1	120.271
1	247.202
1	252.266
1	148.929
1	182.949
1	185.536
1	142.198
1	178.831
1	184.257
1	194.203
1	272.501
1	203.425
1	189.292
1	231.576
1	197.661
1	195.934
1	256.61
1	372.34
1	130.415
1	192.681
1	253.478
1	175.994
1	137.175
1	157.913
1	223.649
1	267.95
1	233.835
1	122.329
1	145.856
1	151.757
1	252.121
1	220.409
1	184.445
1	187.547
1	136.003
1	249.25
1	155.851
1	182.717
1	153.457
1	193.484
1	182.409
1	182.964
1	186.75
1	185.735
1	164.949
1	141.699
1	325.686
1	170.566
1	194.602
1	135.258
1	182.779
1	187.728
1	210.165
1	136.652
1	190.69
1	167.1
1	251.375
1	184.55
1	141.59
1	155.854
1	183.465
1	333.704
1	173.868
1	249.889
1	185.818
1	196.448
1	309.418
1	204.114
1	356.225
1	164.972
1	140.982
1	270.325
1	164.189
1	179.347
1	174.9
1	185.183
1	209.41
1	338.428
1	248.817
1	183.006
1	184.196
1	210.934
1	280.172
1	160.983
1	153.57
1	212.114
1	228.76
1	328.939
1	316.056
1	185.659
1	183.547
1	200.882
1	391.226
1	223.658
1	184.006
1	187.788
1	212.611
1	170.225
1	291.175
1	186.403
1	178.036
1	288.832
1	156.278
1	196.344
1	226.881
1	203.308
1	256.476
1	254.621
1	151.922
1	186.798
1	170.348
1	158.301
1	330.872
1	164.15
1	168.167
1	215.543
1	226.291
1	193.361
1	279.131
1	142.882
1	167.774
1	184.695
1	267.475
1	137.825
1	185.689
1	186.719
1	140.336
0	17.333
1	258.504
1	164.993
1	227.133
1	164.194
1	140.729
1	177.212
1	174.23
1	196.065
1	218.74
1	208.837
1	172.663
1	312.332
1	264.893
1	225.522
1	165.781
1	274.737
1	223.09
1	164.272
1	150.5
1	176.978
1	189.472
1	153.084
1	233.807
1	325.032
1	168.887
1	198.228
1	159.836
1	187.042
1	281.945
1	210.003
1	196.343
1	161.989
1	270.779
1	140.566
1	195.693
1	102.187
1	239.541
1	246.642
1	225.269
1	162.368
1	211.753
1	171.717
1	229.322
1	247.378
1	271.445
1	142.666
1	147.036
1	134.316
1	267.029
1	211.111
1	298.473
1	196.246
1	228.443
1	182.699
1	160.753
1	165.447
1	147.531
1	265.545
1	207.218
1	205.439
1	229.491
1	185.227
1	199.971
1	305.316
1	176.973
1	224.262
1	185.19
1	381.574
1	145.032
1	250.069
1	163
1	231.309
1	142.728
1	177.6
1	191.486
1	345.4
1	261.379
1	185.392
1	160.69
1	197.814
1	187.67
1	318.192
1	232.216
1	229.735
1	253.613
1	191.057
1	228.23
1	238.631
1	261.078
1	253.171
1	298.495
1	221.052
1	222.712
1	143.395
1	208.101
1	174.853
1	170.367
1	186.83
1	230.413
1	240.594
1	153.593
1	195.25
1	201.839
1	160.363
1	202.682
1	209.067
1	149.939
1	214.622
1	189.165
1	231.952
1	202.816
1	171.297
1	195.271
1	172.967
1	247.599
1	162.833
1	203.122
1	199.632
1	190.744
1	210.132
1	198.768
1	162.83
1	211.511
0	11.9796
1	221.593
1	184.317
1	135.101
1	134.507
1	211.717
1	133.691
1	190.005
1	167.457
1	292.812
1	172.215
1	217.106
1	230.108
1	223.885
1	216.538
1	145.76
1	208.968
1	182.89
1	248.056
1	255.263
1	186.367
1	153.788
1	318.396
1	168.377
1	207.507
1	162.019
1	196.561
1	230.537
1	230.155
1	184.712
1	176.113
1	203.776
1	235.586
1	216.301
1	158.661
1	322.357
1	203.517
1	227.009
1	147.345
1	224.243
1	260.485
1	310.592
1	252.392
1	292.253
1	230.368
1	187.231
1	181.705
1	154.488
1	176.452
1	184.183
1	222.049
1	253.134
1	253.799
1	146.904
1	262.583
1	178.218
1	176.008
1	138.79
1	193.277
1	243.138
1	166.597
1	180.886
1	182.102
1	180.914
1	299.428
1	203.45
1	211.524
1	242.019
1	212.876
1	160.277
1	248.563
1	196.4
1	186.745
1	166.417
1	230.489
1	222.085
1	224.842
1	164.001
1	185.416
1	164.624
1	184.863
1	187.123
1	174.011
1	206.582
1	183.908
1	220.799
1	220.572
1	155.375
1	142.004
1	342.169
1	147.714
1	257.056
1	186.646
1	228.618
1	221.267
1	165.232
1	151.002
0	51.6008
1	242.588
1	190.885
1	218.733
1	172.514
1	199.102
1	137.111
1	181.721
1	367.68
1	189.307
1	142.223
0	14.0875
1	247.11
1	190.18
1	267.074
1	234.787
1	231.954
1	193.074
1	164.026
1	184.057
1	214.777
1	349.029
1	194.602
1	264.731
1	249.154
1	202.601
1	276.599
1	197.671
1	295.404
1	280.262
1	160.706
1	199.659
1	207.373
1	240.912
1	205.311
1	234.509
1	192.249
1	278.186
1	125.615
1	130.924
1	215.827
1	203.375
1	260.281
1	215.778
1	194.17
1	179.419
1	185.847
1	184.583
1	147.619
1	213.321
1	177.686
1	186.048
1	194.976
1	187.873
1	173.376
1	198.004
1	303.09
1	253.29
1	188.193
1	151.982
1	231.015
1	225.571
1	182.165
1	218.328
1	213.016
1	160.277
1	251.292
1	157.025
1	180.577
1	205.17
1	174.427
1	157.885
1	167.881
1	134.411
1	259.221
1	235.146
1	176.835
1	156.44
1	279.765
1	170.154
1	203.213
1	232.034
1	234.064
1	144.445
1	203.954
1	362.438
1	365.784
1	218.345
1	152.525
1	177.799
1	285.013
1	300.782
1	209.223
1	175.163
1	275.263
1	155.867
1	257.295
1	261.307
1	131.822
1	264.884
1	249.33
1	185.757
1	238.499
1	180.327
1	244.76
1	191.43
1	133.649
1	196.621
1	187.391
1	179.431
1	213.877
1	191.169
1	203.339
0	144.401
1	252.824
1	214.213
1	231.404
1	233.956
1	231.72
1	175.843
1	140.336
1	257.882
1	236.891
1	182.525
1	153.338
1	166.437
1	200.076
1	281.963
1	169.505
1	144.578
1	226.505
1	229.389
1	202.787
1	329.12
1	162.57
1	218.977
1	274.566
1	110.359
1	229.178
1	211.881
1	202.583
1	133.154
1	188.063
1	211.359
1	211.181
1	255.354
1	186.544
1	207.604
1	156.014
1	142.716
1	180.004
1	154.246
1	206.414
1	241.218
1	140.527
1	274.531
1	194.105
1	199.259
1	164.012
1	137.264
1	254.849
1	160.711
1	149.753
1	226.027
1	156.541
0	49.5724
1	170.371
1	176.802
1	193.413
1	182.59
1	125.675
1	197.95
1	244.811
1	232.264
1	257.174
1	193.648
1	143.006
1	150.514
1	207.507
1	215.748
1	187.796
1	175.98
1	233.129
1	190.315
1	242.601
1	156.793
1	191.177
1	217.446
1	294.755
1	244.532
1	392.494
1	236.581
1	202.635
1	317.48
1	224.917
1	191.335
1	186.029
1	288.189
1	196.994
1	187.742
1	176.064
1	213.899
1	185.215
1	231.214
1	235.834
1	226.597
1	262.34
1	153.219
1	197.016
1	189.364
1	207.059
1	266.213
1	122.237
1	207.716
1	185.837
1	170.679
1	223.994
1	230.395
1	327.334
1	206.023
1	115.784
1	186.425
1	144.173
1	219.462
1	203.539
1	201.681
1	198.773
1	204.61
1	151.318
1	190.616
1	188.781
1	199.672
1	209.113
1	143.839
1	180.197
1	161.097
1	153.669
1	232.215
1	290.26
1	184.443
1	194.594
1	234.359
1	168.284
1	149.961
1	265.84
1	281.714
1	206.528
1	285.503
1	196.556
1	295.983
1	163.825
1	151.647
1	191.829
1	182.446
1	249.399
1	246.571
1	219.523
1	269.001
1	212.708
1	220.776
1	186.81
1	148.048
1	278.382
1	191.94
1	169.358
1	145.67
1	197.954
1	224.173
1	145.938
1	130.014
1	154.109
1	141.394
1	237.54
1	177.454
1	325.309
1	176.225
1	314.286
1	245.739
1	197.381
1	222.022
1	183.404
1	199.906
1	199.794
1	164.758
1	194.749
1	242.729
1	198.81
1	177.656
1	136.028
1	179.842
1	149.461
1	187.424
1	200.482
1	162.402
1	154.844
1	202.161
1	193.045
1	207.029
1	204.557
1	200.211
1	227.125
1	201.541
1	193.006
1	132.374
1	181.68
1	173.036
1	253.384
1	208.292
1	165.562
1	162.248
1	266.367
1	420.507
1	279.905
1	214.661
1	174.275
1	246.459
1	203.343
1	253.922
1	157.783
1	247.363
1	213.473
1	211.007
1	165.032
0	338.162
1	161.054
1	156.945
1	181.633
1	163.324
1	188.022
1	131.444
1	222.122
1	172.259
1	202.768
1	195.358
1	220.934
1	283.371
1	225.251
1	234.607
1	192.418
1	184.021
1	173.797
1	220.091
1	184.258
1	166.42
1	146.914
1	258.941
1	175.41
1	141.861
1	143.491
0	6.55962
1	193.906
1	206.377
1	241.152
1	190.056
1	186.455
1	238.738
1	201.303
1	311.451
1	164.362
1	180.539
1	157.129
1	153.523
1	162.444
1	191.33
1	148.136
1	136.767
1	186.416
1	218.199
1	236.036
1	108.027
1	211.424
1	242.003
1	196.277
1	193.04
1	147.477
1	144.559
1	163.634
1	379.846
1	182.87
1	302.125
1	217.262
1	181.997
1	170.585
1	183.19
1	162.552
1	237.66
1	197.851
1	228.761
1	141.992
1	172.731
1	183.888
1	184.059
1	154.522
1	198.521
1	268.759
1	152.969
1	142.658
1	222.678
1	230.574
1	248.498
1	204.278
1	168.922
1	276.222
1	266.571
1	158.365
1	163.436
1	245.899
1	153.173
1	253.603
1	157.692
1	167.01
1	360.959
1	330.56
1	177.872
1	325.34
1	192.547
1	258.991
1	223.514
1	180.063
1	194.447
1	213.384
1	174.508
1	183.474
1	287.31
1	225.906
1	117.761
1	278.845
1	203.301
1	180.244
1	179.563
1	229.313
1	194.78
1	209.079
1	172.176
1	257.565
1	180.715
1	153.076
1	236.059
1	145.343
1	188.95
1	223.088
1	141.709
1	176.035
1	249.177
1	148.181
1	201.961
1	263.502
1	154.771
1	186.737
1	184.05
1	253.091
1	205.668
1	180.349
1	185.581
1	148.43
1	151.21
1	143.829
1	176.989
1	151.31
1	172.527
1	192.695
1	148.956
1	226.421
1	158.432
1	162.424
1	183.821
1	158.849
1	323.098
1	246.447
1	160.59
1	182.34
1	151.484
1	219.656
1	140.536
1	134.481
1	207.398
1	143.546
1	192.868
1	271.578
1	170.732
1	160.786
0	45.256
1	189.213
1	240.692
1	203.528
1	186.907
1	209.8
1	208.804
1	163.722
1	272.736
1	175.835
1	155.198
1	145.471
1	121.38
1	325.258
1	231.857
1	188.39
1	153.875
1	232.066
1	208.915
1	154.556
1	239
1	251.066
1	208.123
1	183.799
1	287.842
1	172.381
1	242.299
1	141.018
1	166.946
1	178.225
1	221.822
1	163.68
1	265.238
1	147.979
0	4.283e-05
1	160.394
1	111.904
1	184.484
1	246.016
1	212.952
1	282.678
1	213.32
1	219.599
1	351.867
1	204.685
1	164.714
1	204.832
1	262.001
1	238.692
1	255.266
1	201
1	237.518
1	190.627
1	163.487
1	153.957
1	182.503
1	187.892
1	204.477
1	196.013
1	251.549
1	165.565
1	210.007
1	152.833
1	179.157
1	205.705
1	219.176
1	179.471
1	184.013
1	194.017
1	215.997
1	196.754
1	272.586
1	213.971
1	172.381
1	196.438
1	216.018
1	231.91
1	208.769
1	181.589
1	199.26
0	33.5867
1	183.264
1	180.244
1	180.988
1	175.194
1	449.566
1	192.684
1	261.224
1	155.03
1	209.834
1	315.627
1	149.763
1	100.355
1	234.385
1	252.561
1	305.21
1	129.674
1	179.796
1	150.676
1	177.6
1	180.085
1	227.025
1	218.932
1	152.702
1	124.677
1	161.492
1	184.416
1	238.841
1	211.129
1	182.407
1	277.331
1	167.782
1	165.452
1	189.751
1	174.871
1	231.992
1	179.381
1	155.143
1	195.423
1	200.446
1	165.385
1	159.959
1	157.371
1	130.955
1	261.63
1	199.447
1	218.468
1	232.786
1	230.557
1	137.318
1	222.621
1	189.413
1	332.904
1	228.167
1	215.311
1	194.511
1	166.724
0	39.3188
1	159.184
1	136.654
1	159.083
1	223.089
1	267.323
1	189.356
1	172.951
1	545.19
1	246.688
1	141.998
1	135.7
1	194.909
1	358.662
1	169.467
1	221.435
1	161.723
1	186.152
1	247.725
1	234.066
1	236.479
1	204.781
1	188.888
1	215.747
1	183.425
1	189.322
1	228.729
1	240.544
1	240.608
1	259.976
1	169.474
1	173.583
1	216.523
1	152.886
1	183.06
1	228.884
1	188.332
1	186.565
1	264.208
1	152.294
1	313.137
1	198.073
1	131.527
1	171.642
1	258.656
1	205.185
1	221.273
1	178.307
1	235.787
1	158.325
1	296.77
1	244.781
1	210.444
1	180.402
1	253.651
1	158.777
1	226.045
1	220.087
1	149.02
1	203.625
1	186.774
1	203.194
1	157.445
1	162.173
1	184.698
1	203.564
1	273.791
1	168.566
1	206.907
1	337.791
1	221.334
1	168.481
1	264.261
1	220.137
1	154.124
1	335.845
1	155.529
1	251.339
1	171.397
1	161.223
1	251.561
1	140.821
1	214.763
1	230.139
1	182.338
1	183.305
1	238.722
1	252.62
1	160.801
1	162.03
1	243.256
1	230.856
1	134.258
1	212.258
1	297.139
1	203.885
1	105.812
1	230.959
1	149.68
1	153.24
1	195.774
1	180.211
1	205.202
1	183.876
1	155.248
1	143.224
1	169.215
1	142.489
1	220.475
1	182.545
1	239.752
1	148.954
1	164.361
1	172.667
1	284.95
1	176.419
1	211.014
1	307.571
1	169.953
1	198.133
1	221.427
1	131.345
1	140.431
1	194.185
1	212.156
1	165.459
1	243.595
1	322.866
1	183.692
1	219.363
1	254.005
1	127.575
1	181.653
1	211.346
1	178.083
1	325.084
1	191.98
1	334.196
1	173.238
1	146.124
1	194.5
1	158.907
1	305.36
1	256.285
1	125.418
1	213.826
1	197.393
1	186.372
1	171.643
1	265.843
1	159.146
1	192.586
1	185.758
1	184.409
1	260.323
1	172.169
1	203.14
1	292.863
1	133.087
1	152.398
1	206.367
1	246.255
1	315.221
1	203.058
1	186.224
1	173.645
1	157.85
1	179.811
1	182.716
1	206.63
1	216.857
1	220.901
1	185.141
1	218.053
1	210.919
1	163.013
1	285.637
1	267.67
1	130.154
1	198.873
1	152.326
1	172.266
1	210.03
1	156.906
1	217.247
1	311.899
1	183.368
1	136.539
1	173.937
1	237.796
1	144.529
1	295.402
1	237.347
1	138.921
1	186.367
1	153.241
1	265.251
1	219.078
1	170.331
1	141.427
1	184.623
1	247.008
1	200.834
1	159.31
1	312.842
1	139.63
1	162.022
1	180.935
1	183.594
1	148.073
1	178.579
1	158.24
0	18.7934
1	230.264
1	206.226
1	205.552
1	213.684
1	159.466
1	272.633
1	162.185
1	173.322
1	183.385
1	207.122
1	360.597
1	176.553
1	264.41
1	159.593
1	295.089
1	150.607
1	239.489
1	177.737
1	248.158
1	186.193
1	243.22
1	185.266
1	176.564
1	209.917
1	177.952
1	177.834
1	158.077
1	214.305
1	142.34
1	259.044
1	150.415
1	275.889
1	134.949
1	285.92
1	211.466
1	145.034
1	274.459
1	157.413
1	215.269
1	170.083
1	167.528
1	183.655
1	133.356
1	167.682
1	117.153
1	174.558
1	217.578
1	170.847
1	244.914
1	209.164
1	224.353
0	38.8455
1	176.021
1	231.317
1	179.34
1	153.246
1	154.163
1	189.001
1	215.146
1	386.74
1	355.517
1	206.525
1	246.185
1	253.531
1	176.456
1	195.824
1	276.379
1	124.412
1	193.363
1	216.405
1	251.812
1	159.73
1	172.42
1	178.832
1	285.971
1	288.572
1	228.133
1	185.756
1	142.583
1	159.396
1	257.131
1	156.742
1	247.243
1	206.341
0	1.58967e-05
1	150.298
1	165.484
1	215.295
1	272.223
1	264.735
1	187.486
1	196.97
1	168.751
1	140.715
1	226.803
1	321.068
1	284.142
1	247.01
1	270.469
1	243.297
1	248.669
1	193.609
1	222.971
1	142.838
1	283.961
1	182.928
1	154.138
1	139.686
1	192.105
1	271.595
1	160.193
1	216.091
1	162.352
1	214.795
1	173.223
1	202.333
1	150.801
1	187.45
1	160.228
1	196.608
1	354.754
1	131.953
1	177.082
1	178.072
1	171.293
1	283.679
1	231.516
1	317.431
1	177.243
1	206.259
1	240.172
1	211.221
1	205.765
1	165.34
1	185.087
1	214.466
1	185.307
1	328.599
1	207.872
1	193.354
1	165.123
1	233.725
1	306.033
1	217.016
1	159.677
1	159.889
1	177.531
1	182.535
1	240.344
1	136.967
1	239.139
1	167.368
1	198.808
1	199.309
1	207.889
1	154.769
1	223.916
1	156.744
1	234.185
1	179.959
1	207.002
1	261.133
1	216.682
1	186.897
1	245.492
1	295.754
1	176.759
1	156.195
1	205.373
1	148.201
1	208.887
1	167.525
1	149.051
1	295.608
1	210.103
1	271.841
1	133.109
1	219.962
1	216.6
1	135.23
1	142.634
1	154.624
1	286.152
1	179.135
1	228.416
1	161.869
1	154.177
1	144.234
1	183.518
1	156.041
1	210.291
1	171.407
1	164.282
1	145.007
1	134.887
1	161.774
1	260.158
1	146.678
1	185.805
1	153.006
1	332.486
1	174.243
0	2.57063
1	253.569
1	158.59
1	235.719
1	289.832
1	153.481
1	202.445
1	115.913
1	243.57
1	202.687
1	154.797
1	133.129
1	134.778
1	341.292
1	192.525
1	193.183
1	195.28
1	145.209
1	223.292
1	127.999
1	169.788
1	221.271
1	153.291
1	213.131
1	147.986
1	174.509
1	175.813
1	164.201
1	155.592
1	154.038
1	190.314
1	152.589
1	151.305
1	250.033
1	140.814
1	184.452
1	235.496
1	154.757
1	244.814
1	147.289
1	168.575
1	266.148
1	127.475
1	222.725
1	177.524
1	152.261
1	190.819
1	160.034
1	217.029
1	188.008
1	221.306
1	206.192
1	205.625
1	150.841
1	236.894
1	198.416
1	163.304
1	312.678
1	162.707
1	227.812
1	254.226
1	158.632
1	164.902
1	286.788
1	245.892
1	326.206
1	171.493
1	167.608
0	42.3954
1	275.733
0	11.3312
1	232.606
1	175.849
1	150.646
1	189.531
1	172.773
1	163.283
1	256.542
1	164.621
1	173.421
1	212.29
1	180.262
1	224.003
1	167.493
1	159.23
1	246.179
1	217.495
0	44.0975
1	235.919
1	161.356
1	195.755
1	147.026
1	172.933
1	352.924
1	171.624
1	202.109
1	252.629
1	226.887
1	387.917
1	221.026
1	190.976
1	194.216
1	233.233
1	238.943
1	163.158
1	266.125
1	144.067
1	110.984
1	200.796
1	185.179
1	209.467
1	184.682
1	231.841
1	191.382
1	188.272
1	217.319
1	239.522
1	191.898
1	273.644
1	268.328
1	192.911
1	178.765
1	181.084
1	246.957
1	180.815
1	226.39
1	195.84
1	184.693
1	215.671
1	176.362
1	136.591
1	186.552
1	186.491
1	202.721
1	214.571
1	185.365
1	209.2
1	202.507
1	167.833
1	184.064
1	264.961
1	250.918
1	214.754
1	214.001
1	201.864
1	242.064
1	138.05
1	222.716
1	191.204
1	163.094
1	240.509
1	201.439
1	179.977
1	178.698
1	161.963
1	211.188
1	209.569
1	244.657
1	151.921
1	159.127
1	146.072
1	136.473
1	198.013
1	212.74
1	138.817
1	181.795
1	150.395
1	203.348
1	140.255
1	205.945
1	257.672
1	193.329
1	279.534
1	169.854
1	292.297
1	176.481
0	11.696
1	199.677
1	220.812
1	283.713
1	214.171
1	338.388
1	189.418
1	147.816
1	222.957
1	183.098
1	156.95
1	272.127
1	258.453
1	164.238
1	152.811
1	206.474
1	183.668
1	195.679
1	183.787
1	157.234
1	214.085
1	268.874
1	112.819
1	384.551
1	201.301
1	227.095
1	158.088
1	145.61
1	251.037
1	183.681
1	123.106
1	280.935
1	237.618
1	135.003
1	187.106
1	122.348
1	271.4
1	193.213
1	172.649
1	202.089
1	173.457
1	250.626
1	201.074
1	270.968
1	190.673
1	128.55
1	181.651
1	220.366
1	201.201
1	165.413
1	177.554
1	250.048
1	192.697
1	170.149
1	180.492
1	263.513
1	248.469
1	171.318
1	267.285
1	145.2
1	150.505
1	220.375
1	151.845
1	150.891
1	176.441
1	170.059
1	240.8
1	166.206
1	193.775
1	192.616
1	198.458
1	218.346
1	147.486
1	210.338
1	160.129
1	161.098
1	280.743
1	212.446
0	4.94275
1	199.106
1	262.02
1	206.052
1	170.17
1	211.14
1	220.804
1	191.965
1	161.11
1	204.79
1	187.237
1	229.229
1	180.543
1	232.127
1	131.15
1	218.505
1	246.353
1	210.456
1	260.456
1	187.046
1	210.979
1	208.704
1	259.336
1	188.235
1	125.277
1	224.955
1	218.315
1	178.292
1	256.472
1	310.895
1	282.508
1	205.361
1	169.914
1	156.336
1	190.66
1	213.102
1	132.822
1	258.822
1	187.17
1	201.742
1	231.729
1	212.786
1	205.684
1	200.003
1	129.547
1	174.162
1	339.108
1	150.743
1	213.39
1	159.616
1	163.637
1	190.584
1	279.994
1	132.28
1	199.496
1	243.07
1	215.437
1	276.414
1	182.917
1	221.439
1	206.778
1	151.477
1	153.774
1	294.833
1	184.721
1	331.779
1	216.192
1	218.019
1	212.811
1	206.419
1	292.829
1	113.931
1	238.161
1	228.012
1	204.086
1	257.714
1	162.112
1	208.706
1	142.959
1	227.223
1	220.506
1	225.402
1	163.656
1	151.501
1	227.648
1	234.531
1	184.467
1	149.298
1	133.587
1	227.037
1	189.973
1	122.357
1	174.023
1	140.28
1	189.786
1	177.331
1	170.468
1	215.152
1	145.438
1	219.923
1	131.9
1	270.801
1	197.993
1	236.709
1	152.23
1	352.796
1	169.355
1	256.749
1	163.922
1	234.906
1	170.261
1	202.644
1	233.547
1	221.55
1	150.603
1	226.22
1	148.501
1	154.707
1	164.291
1	177.235
1	205.993
1	263.94
1	191.83
1	250.158
1	154.917
1	202.176
1	256.001
1	234.269
1	170.826
1	240.838
1	163.592
1	281.043
1	184.378
1	169.933
1	199.466
1	302.959
1	174.332
1	153.839
1	185.482
1	313.974
1	189.93
1	165.808
1	334.6
1	214.066
1	306.786
1	247.558
1	221.002
1	142.817
1	227.259
1	154.821
1	235.629
1	128.64
1	184.793
1	327.807
1	172.189
1	212.889
1	269.589
1	136.076
1	263.308
1	227.305
1	180.44
1	208.246
1	175.164
1	172.936
1	213.818
1	199.729
1	229.67
1	238.046
1	182.222
1	256.824
1	199.963
1	236.446
1	195.244
0	6.55745
1	246.69
1	160.651
1	211.317
1	282.476
1	220.332
1	162.918
1	162.572
1	171.945
1	227.861
1	203.227
1	259.039
1	106.222
1	165.8
1	232.274
1	185.612
1	192.167
0	9.48216
1	201.67
1	163.118
1	268.314
1	209.999
1	316.116
1	213.926
1	168.189
1	269.488
1	175.188
1	192.626
1	169.655
1	260.418
1	251.915
1	178.453
1	166.353
1	136.463
1	158.554
1	191.675
1	172.077
1	195.402
1	115.909
1	303.4
1	174.65
1	154.56
1	172.105
1	160.464
1	217.583
1	215.128
1	181.965
1	232.752
1	210.105
1	169.019
1	211.862
1	111.094
1	143.539
1	127.143
1	172.724
1	284.359
1	172.195
1	152.845
1	137.66
1	194.468
1	166.152
1	143.66
1	201.744
1	178.475
1	169.814
1	178.164
1	170.952
1	269.747
1	189.243
1	272.638
1	155.109
1	131.415
1	174.156
1	195.872
1	217.648
1	199.434
1	194.854
1	208.677
1	184.427
1	198.744
1	235.466
1	143.772
1	177.537
1	243.817
1	299.555
1	190.363
1	255.891
1	416.172
1	156.619
1	193.088
1	184.966
1	193.979
1	143.828
1	255.367
1	123.456
1	235.45
1	183.431
1	345.444
1	166.049
1	173.064
1	204.211
1	172.049
1	143.475
1	176.865
1	185.987
1	176.088
1	228.228
1	208.153
1	268.7
1	223.918
1	190.471
1	264.755
1	175.638
1	168.995
1	207.108
1	223.563
1	248.484
1	148.083
1	168.225
1	199.609
1	215.309
1	203.752
1	243.551
1	181.048
1	152.935
1	221.189
1	170.409
1	168.471
1	223.709
1	198.532
1	350.307
1	295.178
1	162.093
1	308.852
1	143.916
1	263.06
1	264.006
1	327.182
1	225.461
1	225.203
1	213.981
1	268.694
1	361.173
1	204.964
1	233.815
1	133.032
1	163.869
1	167.854
1	168.724
1	213.498
1	192.272
1	262.53
1	166.492
1	163.814
1	171.031
1	131.381
1	275.389
1	180.134
1	270.655
1	170.373
1	148.956
1	225.213
1	138.24
1	146.453
1	152.548
1	135.897
1	138.105
1	178.085
1	163.442
1	188.34
1	252.813
1	161.372
1	225.047
1	239.902
1	201.918
1	129.264
1	172.111
0	12.8881
1	195.261
1	144.994
1	221.389
1	374.627
1	212.991
1	184.651
1	146.254
1	227.625
1	142.225
1	137.173
1	171.046
1	226.376
1	195.152
1	142.433
1	216.139
1	202.568
1	249.469
1	192.347
1	188.495
1	260.118
1	180.813
1	319.581
1	233.792
1	145.053
1	215.116
1	190.282
1	221.407
1	226.745
1	216.444
1	175.94
1	210.231
1	196.697
1	161.752
1	198.194
1	165.17
1	286.343
1	136.315
1	317.292
1	251.36
1	199.865
1	134.183
1	163.329
1	178.048
1	176.304
1	182.757
1	187.131
1	155.104
1	186.741
0	36.4511
1	207.789
1	234.335
1	206.909
1	188.394
1	192.229
1	229.146
1	158.838
1	178.852
1	197.989
1	167.376
1	208.013
1	165.947
1	213.124
1	156.047
1	140.224
1	144.631
1	150.399
1	183.395
1	204.436
1	198.279
1	139.514
1	230.878
1	181.387
1	197.831
1	188.735
1	153.397
1	191.253
1	181.609
1	197.078
1	132.674
1	161.009
1	221.258
1	240.33
1	211.839
1	223.754
1	276.795
1	228.991
1	134.316
1	147.989
1	155.124
1	234.133
1	130.685
1	135.721
1	211.652
1	138.17
1	183.774
1	140.721
1	197.866
1	165.868
1	208.754
1	147.217
1	212.035
1	158.906
1	174.908
1	208.768
1	237.815
1	175.051
1	131.829
1	215.958
1	168.806
1	126.374
1	180.858
1	177.311
1	319.105
1	205.44
1	139.14
1	140.421
1	196.222
1	167.923
1	290.805
1	180.501
1	187.762
1	179.666
1	197.767
1	270.166
1	187.169
1	205.126
1	328.886
1	240.949
1	204.356
1	239.564
1	204.73
1	237.613
1	147.755
1	178.053
1	206.374
1	135.451
1	291.903
1	244.435
1	134.212
1	182.898
1	147.494
1	238.386
1	339.209
1	151.145
1	221.345
1	198.861
1	175.604
1	346.544
1	259.323
1	239.167
1	175.623
1	188.498
1	136.901
1	162.912
1	191.06
1	272.604
1	133.037
1	217.257
1	213.89
1	121.276
1	163.437
1	154.37
1	211.416
1	219.637
1	244.764
1	235.631
1	161.736
1	209.833
1	159.768
1	190.175
1	166.764
1	175.854
1	152.506
1	206.283
1	156.907
1	264.207
1	205.868
1	237.933
1	178.352
1	287.97
1	190.815
1	190.559
1	194.938
1	202.066
1	189.991
1	268.655
1	179.21
1	153.838
1	221.646
1	191.261
1	168.906
1	149.611
1	187.394
1	168.292
1	172.17
1	168.108
1	238.887
1	279.128
1	147.07
1	250.817
0	2.78957
1	127.28
1	397.771
1	250.145
1	238.975
1	153.038
1	276.818
1	184.986
1	196.169
1	192.317
1	163.377
1	175.38
1	194.035
1	183.619
1	140.334
1	216.313
1	162.706
1	192.617
1	256.366
1	172.557
1	190.313
1	154.183
1	220.766
1	246.546
1	205.091
1	239.217
1	284.891
1	183.318
1	161.302
1	152.247
1	186.491
1	169.216
1	215.002
1	263.668
1	178.85
1	230.049
1	229
1	263.579
1	155.946
1	201.966
1	208.091
1	171.1
1	171.308
1	169.672
1	163.068
1	147.347
1	162.09
1	244.011
1	161.218
1	184.982
1	214.464
1	232.809
1	181.941
1	126.46
1	159.36
1	381.276
1	172.444
1	203.044
1	132.748
1	278.038
1	252.737
1	217.625
1	151.83
1	215.641
1	231.008
1	227.71
1	152.265
1	246.106
1	168.089
1	265.923
1	160.46
1	172.409
1	132.274
1	175.717
1	170.239
1	162.611
1	187.446
1	173.702
1	134.516
1	146.843
1	254.017
1	283.136
1	243.843
1	178.423
1	156.44
1	246.158
1	211.212
1	137.667
1	171.049
1	196.846
1	149.503
0	6.47493e-06
1	268.66
1	229.821
1	206.902
1	144.3
1	208.236
1	178.743
1	228.511
1	122.189
0	48.6916
1	153.508
1	229.933
1	285.686
1	253.972
1	192.068
1	206.58
1	256.474
0	8.34986
1	225.945
1	231.741
1	260.964
1	191.963
1	283.366
1	188.72
1	192.01
1	207.266
1	212.416
1	269.933
1	160.683
1	159.239
1	214.322
1	165.881
1	234.682
1	158.676
1	280.527
1	203.987
1	223.183
1	290.341
1	133.873
1	254.976
1	215.924
1	201.124
1	181.988
1	234.604
1	190.634
1	148.644
1	199.836
1	165.189
1	169.566
1	160.459
1	152.317
1	268.648
1	167.94
1	252.292
1	214.246
1	139.208
1	189.892
1	137.702
1	160.997
1	167.225
1	364.266
1	178.825
1	237.837
1	205.323
1	155.628
1	248.692
1	152.765
1	229.878
1	196.916
1	204.54
1	194.612
1	251.255
1	194.106
1	140.947
1	180.49
1	165.625
1	164.622
1	257.918
1	270.357
1	204.445
1	146.728
1	186.421
1	294.85
1	266.695
1	197.026
1	364.148
1	144.528
1	136.342
1	276.147
1	181.677
1	167.667
1	207.295
1	283.045
1	204.058
1	158.114
1	174.48
1	167.859
1	203.337
1	238.716
1	148.805
0	2.78731
1	199.567
1	222.511
1	185.13
1	154.744
1	257.577
1	276.168
1	145.773
1	170.778
1	183.544
1	347.817
1	185.309
1	318.008
1	205.28
1	248.081
1	238.8
1	186.506
1	91.904
1	213.57
1	191.445
1	293.683
1	150.26
1	216.179
1	240.047
1	259.56
1	217.684
1	181.429
1	172.965
1	213.232
1	199.454
1	226.839
1	203.529
1	167.195
1	221.136
1	160.496
1	242.89
1	259.449
1	252.364
1	220.591
1	270.942
1	249.732
1	168.112
1	164.089
1	238.541
1	268.467
1	135.107
1	182.864
1	121.252
1	253.895
1	270.599
1	133.886
1	181.974
1	209.424
1	182.514
1	169.132
1	154.465
1	213.075
0	57.9819
1	308.048
1	163.086
1	214.424
0	84.2515
1	215.468
1	317.845
1	150.921
1	165.116
1	172.852
1	368.432
1	187.911
1	206.602
1	195.915
1	197.584
1	200.926
1	169.196
1	198.987
1	332.972
1	172.146
1	239.916
1	174.35
1	367.714
1	217.253
1	185.981
1	164.197
1	215.196
1	166.078
1	135.954
1	260.029
1	156.88
1	152.576
1	244.76
1	163.103
1	150.233
1	175.736
1	147.8
1	160.664
1	153.504
1	199.365
1	248.075
1	253.76
1	219.905
1	246.192
1	138.846
1	174.132
1	167.564
1	150.081
1	152.297
1	255.181
1	139.353
1	181.933
1	230.802
1	154.144
1	198.405
1	224.074
1	194.034
1	162.05
1	136.458
1	219.955
1	170.069
1	164.454
1	167.623
1	169.595
1	190.047
1	152.409
1	260.224
1	175.662
1	199.209
1	172.247
1	187.339
1	213.703
1	129.004
1	198.867
1	194.91
1	182.635
1	144.206
1	154.138
1	164.288
1	178.988
1	137.307
1	247.94
1	175.157
1	170.272
1	220.555
1	196.558
1	220.32
1	325.449
1	252.537
1	367.069
1	205.02
1	326.363
1	273.768
1	214.227
1	146.982
1	234.887
1	124.819
1	240.364
1	323.786
1	262.099
1	211.675
1	221.045
1	212.604
1	233.868
1	153.999
1	204.01
1	192.809
1	179.685
1	211.919
1	181.155
1	183.389
1	130.327
1	197.619
1	164.3
1	208.211
1	133.922
1	216.429
1	193.431
1	156.077
1	220.399
1	195.685
1	156.898
1	227.698
1	176.686
1	222.388
1	216.711
1	122.663
1	213.052
1	137.851
1	201.965
1	290.844
1	197.119
1	176.304
1	165.013
1	242.103
1	196.334
1	250.296
1	181.884
1	142.685
1	166.785
1	189.871
1	406.167
1	238.687
1	140.737
1	231.217
1	249.193
1	190.971
1	177.113
1	243.267
1	206.757
1	148.312
1	264.822
1	175.466
1	147.897
1	262.026
1	194.093
1	304.697
1	180.277
1	238.457
1	156.52
1	199.546
1	169.682
1	179.306
1	257.361
1	263.08
1	261.598
1	195.887
1	202.689
1	209.564
1	145.988
1	131.394
1	204.669
1	252.301
1	335.278
1	166.582
1	145.64
1	178.211
1	218.393
1	156.598
1	195.446
1	173.774
1	237.051
1	161.317
1	216.194
1	114.406
1	247.204
1	197.248
1	327.562
1	202.74
1	159.103
1	175.722
1	155.826
1	337.374
1	185.955
1	200.954
1	198.194
1	207.494
1	156.357
1	229.465
1	201.562
1	284.369
0	19.4502
1	276.472
1	243.1
1	194.445
1	193.519
1	341.401
1	367.248
1	174.061
1	169.339
1	193.731
1	168.709
1	353.704
0	0.194942
1	182.291
1	225.414
1	175.795
1	171.804
1	185.291
1	243.513
1	185.535
1	150.938
1	236.007
1	183.442
1	155.322
1	425.672
1	214.393
1	246.002
1	199.742
0	3.37871e-05
1	204.661
1	288.868
1	202.234
1	135.409
1	248.26
1	240.527
1	161.414
1	154.903
1	154.694
1	281.941
1	188.525
1	246.488
1	213.775
1	215.528
1	230.093
1	127.081
1	163.466
1	227.668
1	191.641
1	125.452
1	194.512
1	210.26
1	266.646
1	192.737
1	244.169
1	265.696
1	246.192
1	196.454
1	211.214
1	276.748
1	184.335
1	184.639
1	231.076
1	193.318
1	163.508
1	195.934
1	155.942
1	171.048
1	197.497
1	175.746
1	202.458
1	132.53
1	161.723
1	295.029
1	226.897
1	179.966
1	183.331
1	181.437
1	267.249
1	186.982
1	155.524
1	235.507
1	235.93
1	140.767
1	168.909
1	293.065
1	238.919
1	218.609
1	168.364
1	332.433
1	241.411
1	289.957
1	208.948
1	296.92
1	174.808
1	187.588
1	255.679
1	239.474
1	234.927
1	170.535
1	140.797
1	133.583
1	180.385
1	303.953
1	476.86
1	157.779
1	259.82
1	186.264
1	165.791
1	171.985
1	191.939
1	205.716
1	332.619
1	215.989
1	205.065
1	165.369
1	266.987
1	257.96
1	176.813
1	198.164
1	198.832
1	241.033
1	157.363
1	208.108
1	167.849
1	188.754
1	222.266
1	181.786
1	201.512
1	213.373
1	254.659
1	170.861
1	213.864
1	251.78
1	193.531
1	226.126
1	140.938
1	209.006
1	138.153
1	196.689
1	213.876
1	334.6
1	166.085
1	169.332
1	285.002
1	165.913
1	185.624
1	228.248
1	185.534
1	188.911
1	140.25
1	147.171
1	156.43
1	318.659
1	358.393
1	271.452
1	276.103
1	140.922
1	125.13
1	147.991
1	182.558
1	294.316
1	169.475
1	238.008
1	131.54
1	256.695
1	136.183
1	160.129
1	222.594
1	292.157
1	195.421
1	224.95
1	207.867
1	200.503
1	186.814
1	191.72
1	180.364
1	247.216
1	224.315
1	219.063
1	139.69
1	246.061
1	232.719
1	167.905
1	179.404
1	234.177
1	205.721
1	331.131
1	166.974
1	147.701
1	179.766
1	239.353
1	204.833
1	194.588
1	156.903
1	278.961
1	186.098
1	169.49
1	194.414
1	152.701
1	148.026
1	156.954
1	222.577
1	151.688
1	160.862
1	196.984
1	449.473
1	214.011
1	158.776
1	170.944
1	184.871
1	279.418
1	164.147
1	169.228
1	218.002
1	214.869
1	280.018
1	169.799
1	252.348
1	269.897
1	155.912
1	222.575
1	191.73
1	188.376
1	165.788
1	184.973
1	161.52
1	193.215
1	239.828
1	256.723
1	187.14
1	218.355
1	242.633
1	160.564
1	246.559
1	249.312
1	190.611
1	148.43
1	250.167
1	152.549
1	248.012
1	182.634
1	145.971
1	184.617
1	190.624
1	180.407
1	181.306
1	184.843
1	189.204
1	242.719
1	176.927
1	226.485
1	208.758
1	186.19
1	227.508
1	272.803
1	243.426
1	230.466
1	218.252
1	239.011
1	244.909
1	291.032
1	196.697
1	233.421
1	175.502
1	156.508
1	237.264
1	192.169
1	181.869
1	186.032
1	312.222
1	150.83
1	166.545
1	117.233
1	155.295
1	247.03
1	172.221
1	272.096
1	189.767
1	226.984
1	261.332
1	205.547
1	177.267
1	249.384
1	136.766
1	213.634
1	170.606
1	220.786
1	167.656
1	149.972
1	193.361
1	187.583
1	147.149
1	153.104
1	177.624
1	192.509
1	231.017
1	206.087
1	140.024
1	187.901
1	316.793
1	160.651
1	165.521
1	203.141
1	144.521
1	195.427
1	182.558
1	183.089
1	222.892
1	181.32
1	213.352
1	192.131
1	155.054
1	156.296
1	183.018
1	248.086
1	153.036
1	217.106
1	214.15
1	207.089
1	149.213
1	168.702
1	203.214
1	222.205
1	153.932
1	188.106
1	158.393
1	237.545
1	175.487
1	188.594
1	170.671
1	165.682
1	382.463
1	140.14
1	247.766
1	192.441
1	148.099
1	176.579
1	175.359
1	147.073
1	205.927
1	190.385
1	225.128
1	160.7
1	213.028
1	176.275
1	110.333
1	163.963
1	139.539
1	152.263
1	139.766
1	231.638
1	146.929
1	191.509
1	227.349
1	180.645
1	173.138
1	169.877
1	350.821
1	301.379
1	289.673
1	228.78
1	203.788
1	181.858
1	236.274
1	137.62
1	250.807
1	204.437
1	249.404
1	159.083
1	151.8
1	139.127
1	203.889
1	204.094
1	265.119
1	154.592
1	211.051
1	176.589
1	192.334
1	133.579
1	212.958
1	159.716
1	304.306
1	160.313
1	120.326
1	255.658
1	160.814
1	213.822
1	166.244
1	186.591
1	166.837
1	230.529
1	163.916
1	211.484
1	216.028
1	276.105
1	214.34
1	219.282
1	173.896
1	108.045
0	94.3472
1	187.646
1	145.719
0	142.594
1	184.691
1	192.675
1	264.736
1	135.928
1	155.72
1	148.453
1	201.147
1	135.077
1	198.475
1	156.176
1	185.351
1	241.15
1	292.418
1	221.249
1	291.171
1	172.781
1	279.848
1	209.199
1	183.288
1	228.076
1	263.114
1	199.91
1	231.231
1	236.337
1	196.56
1	243.723
1	168.129
1	132.517
1	152.076
1	137.226
1	262.807
1	212.132
1	147.063
1	167.503
1	211.427
1	186.613
1	269.396
1	231.84
1	275.643
1	197.27
1	159.7
1	169.685
1	126.795
1	218.776
1	160.932
1	132.282
1	227.527
1	252.876
1	131.793
1	203.489
1	180.157
1	209.254
1	270.672
1	231.897
1	223.082
1	224.694
1	236.952
1	188.165
1	233.371
1	325.897
1	222.461
1	155.475
1	212.286
1	182.703
1	228.144
1	297.773
1	187.743
1	199.204
1	223.943
1	265.219
1	227.554
1	255.892
1	176.719
1	235.206
1	230.745
1	274.336
1	155.573
1	153.847
1	220.637
1	143.961
1	209.004
1	274.03
1	265.224
1	204.981
1	210.875
1	221.488
1	208.344
1	208.614
1	300.525
1	176.612
1	133.01
1	135.196
1	161.817
1	182.434
1	248.765
1	184.892
1	194.175
1	202.387
1	198.581
1	193.656
1	282.651
1	201.234
1	329.274
1	220.404
1	163.709
1	322.465
1	181.347
1	191.709
1	195.452
1	226.005
1	196.082
1	187.562
1	204.019
1	339.545
1	148.956
1	392.528
1	290.905
1	171.268
1	227.072
1	199.979
1	177.848
1	159.803
1	209.833
1	183.084
1	270.562
1	218.248
1	167.103
1	163.802
1	138.911
1	210.089
1	150.315
1	150.448
1	239.462
1	266.18
1	261.694
1	173.179
1	202.091
1	207.332
1	124.589
1	151.088
1	176.798
1	198.014
1	220.144
1	224.454
1	148.48
1	192.374
1	195.602
1	163.583
1	245.6
1	167.974
1	163.797
1	161.244
1	172.665
1	245.188
1	252.708
1	181.151
1	173.323
1	169.89
1	180.214
1	237.938
1	207.687
1	135.849
1	169.333
1	185.977
1	235.408
1	164.868
1	180.144
1	216.942
1	187.602
1	264.081
1	196.961
1	190.622
1	241.64
1	147.971
1	213.842
1	125.047
1	207.866
1	169.63
1	271.422
1	407.951
1	352.11
1	212.266
1	183.139
1	172.804
1	177.306
1	232.135
1	188.131
1	155.694
1	178.577
1	206.279
1	163.276
1	207.514
1	154.234
1	290.952
1	203.19
1	186.398
1	220.799
1	198.154
1	191.992
1	301.791
1	178.637
1	171.618
1	242.141
1	149.992
1	177.057
1	197.665
1	113.57
1	209.582
1	216.968
1	185.819
1	159.645
1	216.242
1	132.791
1	209.155
1	126.188
1	231.088
1	234.247
1	221.791
1	273.989
1	275.635
1	175.719
1	230.974
1	167.894
1	209.832
1	199.62
1	126.7
1	194.804
1	240.424
1	243.256
1	231.285
1	308.394
1	157.454
1	171.557
1	287.893
1	174.846
1	131.923
1	367.238
1	136.358
1	258.043
1	218.951
1	252.509
1	198.329
1	228.42
1	155.57
1	206.924
1	172.157
1	145.982
1	138.055
1	219.145
1	249.077
1	196.689
1	213.976
1	147.458
1	205.289
1	179.146
1	240.399
1	185.422
1	179.538
1	175.913
1	160.183
1	237.855
1	169.362
1	132.761
1	171.054
1	219.43
1	260.74
1	140.922
1	192.867
1	131.544
1	162.443
1	409.516
1	144.302
1	333.508
1	181.867
0	80.7341
1	185.677
1	316.734
1	171.391
1	292.595
1	197.926
1	173.075
1	162.6
1	197.963
1	268.362
1	227.515
1	168.262
1	207.936
1	206.604
1	163.088
1	202.294
1	165.978
1	248.535
1	172.341
1	242.019
1	257.143
1	156.89
1	262.272
1	151.471
1	166.308
1	138.654
1	158.954
1	155.463
1	154.006
1	189.739
1	169.923
1	194.163
1	237.7
1	150.352
1	199.735
1	151.525
1	139.253
1	190.739
1	180.08
1	140.168
1	164.379
1	198.622
1	139.366
1	223.617
1	291.571
1	168.881
1	214.482
1	172.769
1	156.416
1	252.48
1	192.627
1	200.072
1	191.157
1	192.002
1	136.56
1	227.6
1	193.649
1	201.78
1	173.517
1	236.361
1	208.637
1	172.954
1	158.307
1	212.686
1	137.618
1	155.722
1	179.91
1	138.605
1	189.631
1	120.741
1	242.186
1	179.816
1	285.109
1	157.504
1	145.561
1	198.446
1	263.182
1	216.056
1	158.637
1	132.358
1	210.443
1	150.593
1	267.312
1	208.159
1	194.098
1	209.942
1	333.284
1	263.417
1	250.222
1	177.854
1	411.443
1	293.273
1	148.339
1	155.687
1	162.632
1	135.638
1	246.018
1	238.31
1	157.496
1	260.622
1	156.687
1	202.273
1	254.42
1	237.83
1	161.81
1	199.068
1	134.367
1	211.154
1	161.384
1	224.206
1	222.056
1	173.881
1	488.5
1	102.025
1	204.667
1	204.457
1	229.743
1	256.004
1	259.378
1	255.794
1	130.619
1	237.99
1	211.557
1	167.142
1	236.591
1	152.48
1	202.003
1	176.684
1	240.086
1	152.527
1	194.909
1	174.395
1	269.472
1	233.231
1	237.001
1	189.514
1	174.538
1	149.298
1	219.486
1	188.615
1	183.265
1	280.769
1	239.763
1	182.858
1	197.042
1	226.577
1	158.221
1	107.179
1	283.223
1	221.846
1	284.464
1	317.05
1	165.411
1	152.723
1	204.138
1	265.356
1	229.891
1	154.553
1	163.972
1	211.822
1	144.105
1	202.127
1	168.307
1	195.952
1	214.39
0	5.64097
1	130.023
1	167.195
1	277.086
1	174.311
1	171.773
1	201.95
1	260.831
1	160.077
1	158.375
1	212.041
1	210.987
1	159.027
1	330.364
1	159.237
1	166.185
1	194.05
1	266.965
1	251.901
1	147.357
1	164.405
1	189.641
1	150.006
1	132.689
1	244.708
1	210.197
1	205.729
1	134.966
1	171.076
1	315.767
1	158.603
1	157.556
1	308.354
1	149.618
1	295.833
1	185.407
1	306.225
1	217.674
1	151.418
1	256.676
1	152.14
1	175.434
1	236.095
1	224.472
1	200.119
1	177.701
1	183.013
1	242.696
1	133.539
1	166.552
1	149.001
1	194.695
0	8.03981
1	240.448
1	119.388
1	178.572
1	188.859
1	237.657
1	257.051
1	221.009
1	164.83
1	226.923
1	163.175
1	198.168
1	229.65
1	264.726
1	207.975
1	192.054
1	344.665
1	137.4
1	155.605
1	340.453
1	243.574
1	257.301
1	222.54
1	126.228
1	177.874
1	157.568
1	150.032
1	170.861
1	211.574
1	175.656
1	202.498
1	219.762
1	404.271
1	194.863
1	154.164
1	366.895
1	219.361
1	152.297
1	241.322
1	239.079
1	249.27
1	229.673
1	274.315
1	176.383
1	234.228
0	15.6609
1	175.664
1	249.057
1	119.562
1	215.655
1	237.186
1	256.634
1	250.251
1	194.809
1	237.184
1	178.694
1	149.238
1	192.872
1	224.153
1	177.422
1	113.829
1	156.306
1	230.488
1	149.03
1	162.737
1	156.548
1	179.517
1	320.158
1	145.281
1	214.2
1	186.011
1	181.835
1	216.613
1	194.778
1	341.14
1	139.318
1	134.863
1	207.481
1	216.346
1	242.217
1	190.417
1	205.33
1	225.157
1	368.559
1	145.76
1	239.675
1	210.133
1	197.094
1	257.405
1	200.682
1	293.541
1	191.587
1	217.654
1	197.388
1	232.879
1	270.718
1	169.145
1	215.586
1	187.237
1	204.536
1	168.568
1	143.622
1	246.665
1	147.989
0	39.5068
1	261.922
1	148.025
1	189.877
1	184.072
1	160.22
1	237.371
1	167.157
1	194.501
1	242.581
1	224.066
1	162.127
1	203.67
1	153.391
1	232.333
1	177.622
1	154.665
1	189.191
1	196.4
1	152.874
1	147.484
1	171.415
1	176.129
1	116.646
1	301.254
1	258.634
1	191.97
1	242.721
1	170.647
1	160.933
1	199.052
1	134.32
1	257.597
1	163.971
1	194.262
1	204.059
1	149.498
1	151.573
1	106.561
1	247.278
1	187.683
1	156.616
1	277.818
1	206.463
1	172.176
1	173.372
1	222.597
1	194.033
1	209.412
1	241.975
1	229.681
1	260.059
1	199.054
1	243.194
1	229.704
1	156.857
1	183.443
1	231.789
1	172.142
1	235.568
1	194
1	236.936
1	168.923
1	137.463
1	218.498
1	147.03
1	333.43
1	152.083
1	327.755
1	174.972
1	159.923
1	146.393
1	144.084
1	268.915
1	205.828
1	201.527
1	195.564
1	279.394
1	146.186
1	315.596
1	257.063
1	170.562
1	202.004
1	124.872
1	159.765
1	170.315
1	159.266
1	205.274
1	275.916
1	159
1	136.323
1	164.914
1	237
1	174.229
1	223.9
1	255.311
1	238.065
1	152.009
1	255.045
1	200.729
1	181.98
1	187.044
1	191.794
1	216.591
1	220.516
1	183.075
1	206.245
1	342.286
1	177.517
1	206.948
1	236.482
1	134.114
1	285.748
1	237.982
1	175.813
1	183.114
1	216.026
1	185.338
1	254.027
1	197.199
1	190.314
1	163.439
1	179.4
1	200.111
1	304.496
1	181.049
1	146.332
1	208.882
1	184.686
1	208.765
1	185.505
1	197.68
1	198.704
1	181.587
1	178.168
1	187.251
1	209.915
1	360.338
1	233.72
1	148.172
1	114.435
1	160.043
1	157.539
1	190.111
1	195.648
1	169.604
1	295.283
1	139.253
1	240.15
1	198.945
1	159.743
1	257.564
1	252.025
1	209.742
1	212.707
1	435.563
1	224.649
1	215.087
1	175.288
1	207.106
1	169.152
1	172.864
1	246.587
1	143.007
1	187.22
1	249.156
1	283.681
1	173.212
1	167.316
1	147.172
1	138.976
1	184.875
1	195.411
1	203.912
1	166.179
1	279.625
1	164.674
1	227.315
1	223.923
1	214.679
1	212.559
1	182.708
1	143.53
1	176.569
1	220.847
1	146.713
1	257.443
1	304.64
1	180.771
1	168.609
1	221.203
1	165.397
1	196.097
1	225.048
1	243.945
1	239.568
1	360.297
1	172.768
1	290.565
1	223.932
1	239.372
1	244.878
0	50.2456
1	152.427
1	221.489
1	180.623
1	218.824
1	170.691
1	178.058
1	165.824
1	232.195
1	171.931
1	158.512
1	222.512
1	219.768
1	199.034
1	201.551
1	226.128
1	242.589
1	143.307
1	265.497
1	236.472
1	220.833
1	203.4
1	217.406
1	159.355
1	218.751
1	141.524
1	160.039
1	275.237
1	149.419
1	178.225
1	246.085
1	210.33
1	140.596
1	158.139
1	200.643
1	197.573
1	292.614
1	202.43
1	194.896
1	191.075
1	222.127
1	201.007
1	137.094
1	274.799
1	212.217
1	187.629
1	147.414
1	167.827
1	202.77
1	189.336
1	136.416
1	266.054
1	144.158
1	161.441
1	278.783
1	206.679
1	203.032
1	227.848
1	236.567
1	196.501
1	179.268
1	224.343
1	218.775
1	308.954
1	258.204
1	147.066
1	177.882
1	221.945
0	45.8144
1	209.142
1	198.524
1	186.837
1	188.198
1	178.633
1	218.148
1	248.015
1	258.059
1	173.039
1	187.814
1	289.896
1	193.3
1	188.516
1	172.285
1	160.249
1	277.785
1	233.39
1	246.024
1	166.374
1	224.154
1	215.576
1	125.506
1	256.358
1	237.796
1	273.341
1	387.224
1	162.121
1	168.391
1	207.148
1	192.396
1	284.335
1	161.479
1	290.751
1	143.597
1	215.332
1	233.848
1	123.484
1	148.254
1	175.477
1	195.109
1	216.389
1	223.813
1	182.228
1	178.824
1	238.965
1	215.799
1	173.628
1	315.642
1	237.917
1	264.478
1	246.651
1	142.006
1	228.283
1	256.455
1	199.743
1	193.156
1	199.471
1	255.237
1	178.352
0	90.1102
1	229.655
1	206.81
1	163.911
1	155.593
1	211.503
1	206.485
1	193.973
1	168.13
1	193.07
1	189.645
1	290.818
1	146.003
1	251.201
1	159.507
1	146.337
1	143.639
1	219.885
1	277.368
1	230.935
1	205.654
1	231.053
1	157.094
1	223.189
1	188.95
1	180.789
1	320.195
1	159.6
1	269.081
1	248.065
1	138.945
1	221.33
1	237.606
1	189.083
1	151.734
1	233.29
1	240.217
1	160.45
1	133.466
1	188.162
1	233.416
1	225.759
1	184.519
1	145.154
1	195.448
1	189.591
1	288.213
1	161.722
1	148.681
1	203.602
1	176.646
1	267.371
1	196.976
1	183.279
1	156.832
1	167.816
1	166.357
1	292.109
1	171.64
1	141.67
1	225.868
1	245.359
1	144.591
1	232.059
1	206.684
1	213.15
1	215.109
1	232.073
1	140.025
1	178.867
1	262.734
1	215.164
1	186.281
1	203.222
1	159.646
1	247.553
1	155.311
1	233.547
1	148.698
1	102.775
1	178.732
1	221.574
1	158.229
1	161.186
1	167.807
1	255.983
1	298.333
1	189.497
1	225.528
1	194.074
1	280.869
1	177.3
1	220.451
1	260.501
1	226.946
1	187.782
1	247.84
1	146.502
1	251.361
1	251.903
1	144.796
1	223.737
1	279.166
1	166.421
1	199.654
1	198.44
1	212.858
1	227.917
1	223.373
1	213.694
1	162.734
1	269.478
1	173.041
1	194.196
1	345.456
1	232.431
1	206.729
1	183.328
1	177.084
1	211.484
1	189.608
1	161.435
1	376.504
1	154.327
1	280.899
1	185.046
1	162.081
1	189.861
1	226.765
1	151.252
1	274.868
1	158.219
1	151.817
1	202.805
1	215.35
1	220.428
1	196.812
1	193.105
1	146.364
1	182.83
1	199.788
1	234.429
1	250.541
1	170.621
1	104.492
1	216.281
1	299.496
1	126.156
1	217.73
1	210.736
1	225.006
1	168.524
1	165.053
1	255.734
1	191.817
1	288.886
1	234.401
1	176.772
1	202.045
1	206.54
1	131.149
1	145.473
1	263.514
1	219.804
1	203.088
1	171.975
1	185.671
1	197.748
1	191.378
1	292.577
1	186.84
1	205.326
1	156.407
1	140.585
1	141.535
1	186.465
1	194.732
1	222.215
1	214.592
1	170.969
1	169.977
1	198.808
1	218.482
1	157.908
1	269.214
1	226.498
1	165.953
1	111.442
1	207.061
1	121.438
1	137.057
1	267.078
1	264.442
1	208.899
1	195.126
1	197.63
1	262.996
1	181.591
1	258.889
1	256.745
1	207.579
1	198.791
1	161.216
1	236.758
1	167.163
1	199.372
1	160.767
1	243.034
1	231.235
1	211.973
1	147.027
1	251.37
1	273.729
1	184.47
1	165.735
1	170.401
1	138.57
1	222.656
1	284.719
1	143.541
1	217.57
1	199.182
1	182.601
1	219.546
1	194.859
1	172.678
1	168.164
1	184.838
1	189.772
1	315.6
1	332.858
1	254.738
1	208.426
1	232.351
1	230.789
1	154.277
1	153.134
1	175.441
1	180.053
1	166.27
1	155.367
1	344.095
1	161.826
1	146.877
1	264.492
1	296.728
1	170.453
1	174.231
1	209.632
1	175.868
1	176.311
1	171.004
1	209.201
1	163.105
1	197.603
1	273.156
1	278.686
1	308.655
1	175.293
1	202.511
1	176.661
1	206.138
1	215.979
1	194.724
1	164.727
1	295.758
1	159.202
1	265.089
1	193.575
1	274.816
1	250.603
1	248.841
1	227.796
1	251.429
1	178.018
1	248.656
1	160.557
0	9.01282
1	135.184
1	200.595
1	151.054
1	119.603
1	341.38
1	176.793
1	244.572
1	204.054
1	150.832
1	219.794
1	298.646
1	210.305
1	213.222
1	278.694
1	180.529
1	171.321
1	189.661
0	2.12802
1	202.171
1	199.998
1	307.297
1	151.627
1	232.83
1	182.177
1	310.126
1	169.241
1	328.615
1	194.559
0	90.3674
1	179.757
1	185.32
1	182.476
1	170.808
1	161.801
1	127.459
1	169.199
1	192.438
1	147.576
1	204.601
1	195.334
1	151.262
1	207.667
1	129.572
1	168.78
1	159.899
1	232.782
1	209.481
1	260.015
1	183.664
1	202.796
1	190.807
1	179.199
1	194.832
1	203.877
1	133.791
1	158.964
1	170.612
1	208.899
1	174.669
1	165.438
1	208.398
1	229.316
1	318.671
1	135.256
1	268.07
1	161.186
1	154.274
1	124.37
1	151.361
1	178.387
1	172.188
1	140.128
1	164.112
1	220.58
1	195.569
1	178.246
1	211.49
1	226.671
1	174.18
1	213.652
1	261.343
1	197.814
1	116.957
1	154.837
1	152.313
1	194.459
1	235.515
1	241.13
1	292.631
1	203.721
1	172.189
1	207.528
1	195.676
1	268.72
1	207.409
1	165.519
1	194.949
1	164.297
1	166.145
1	211.16
1	152.522
1	169.276
1	212.154
1	162.629
1	216.194
1	210.483
1	150.714
1	239.203
1	237.943
1	191.599
1	189.078
1	190.796
1	176.078
1	142.594
1	237.968
1	182.072
1	220.469
1	279.605
1	204.743
1	225.796
1	210.361
1	159.978
1	141.533
1	232.629
1	155.802
1	214.361
1	166.64
1	204.003
1	172.178
1	184.995
1	172.598
1	153.649
1	204.122
1	242.942
1	157.397
1	224.491
1	162.092
1	187.714
1	236.181
1	190.339
1	185.663
1	190.487
1	353.843
1	193.654
1	210.163
1	241.527
1	191.915
1	204.26
0	38.6923
1	233.579
1	261.333
1	159.341
1	226.676
1	176.742
1	203.686
1	217.01
1	181.45
1	198.898
1	241.439
1	180.561
1	164.926
1	166.21
1	256.085
1	220.257
1	197.967
1	161.366
1	146.269
1	243.548
1	226.779
1	206.693
1	234.778
1	205.543
1	184.316
1	263.507
1	163.718
1	198.217
1	182.661
1	252.626
1	175.799
1	260.049
1	192.538
1	275.658
1	241.148
1	325.38
1	220.009
1	143.211
1	195.904
1	200.57
1	160.668
1	146.72
1	252.145
1	149.236
1	175.349
1	185.047
1	157.349
1	224.417
1	144.085
1	115.573
1	202.089
1	226.741
1	156.408
1	171.92
1	203.662
1	260.566
1	268.86
1	217.745
1	227.497
1	177.924
1	290.994
1	135.655
1	252.327
1	250.502
1	159.336
1	167.608
1	208.926
1	180.161
1	257.935
1	219.166
1	276.932
1	167.237
1	204.595
1	221.937
1	230.144
1	144.976
1	99.1612
1	265.895
1	262.222
1	160.8
1	175.354
1	164.219
1	251.382
1	150.55
1	196.891
1	234.445
1	210.432
1	184.604
1	181.274
1	288.586
1	180.113
1	174.614
1	219.97
1	227.137
1	205.854
1	199.677
1	225.753
1	199.713
1	194.149
1	220.021
1	159.477
1	247.233
1	171.577
1	175.58
1	175.982
1	173.885
1	157.099
1	192.297
1	157.731
1	209.951
1	197.028
1	311.103
1	188.683
1	138.662
1	146.429
1	237.169
1	287.328
1	182.471
1	156.877
1	234.559
1	145.901
1	144.136
1	210.04
1	188.466
1	199.477
1	193.017
1	134.466
1	163.764
1	197.818
1	164.969
1	303.137
1	225.259
1	138.509
1	231.795
1	225.483
1	121.594
1	193.652
1	186.758
1	156.802
1	262.285
1	154.493
1	162.251
1	226.008
1	179.792
1	279.839
1	173.847
1	198.413
1	246.29
1	193.465
0	40.9387
1	308.974
1	235.96
1	305.046
1	211.351
1	276.239
1	143.243
1	219.862
1	178.388
1	193.658
1	173.693
1	251.501
1	313.684
1	244.389
1	177.395
1	144.907
1	185.358
1	175.783
1	217.89
1	185.294
1	233.994
1	350.425
1	185.517
1	144.969
1	135.629
1	202.459
1	182.569
1	382.852
1	138.333
1	159.429
1	218.277
1	143.209
1	162.158
1	226.432
1	187.194
1	196.737
1	273.313
1	304.15
1	233.548
1	178.64
1	131.732
1	215.364
1	261.982
1	207.074
1	180.821
1	277.171
1	171.861
1	123.076
1	257.536
1	164.902
1	215.376
1	143.67
1	125.624
1	199.986
1	211.044
1	194.694
1	165.197
1	154.215
1	190.915
1	169.11
1	152.904
1	402.505
1	181.907
1	171.388
1	213.432
1	184.892
1	175.798
1	205.531
1	285.579
1	192.382
1	114.778
1	151.826
1	225.97
1	197.736
1	182.254
1	187.817
1	175.544
1	201.52
1	184.511
1	139.488
1	207.085
1	226.626
1	236.189
1	146.463
1	216.015
1	186.644
1	172.891
1	180.682
1	173.052
1	189.352
1	152.304
1	243.88
1	159.558
1	173.97
1	174.678
1	282.013
1	186.6
1	228.55
1	239.011
1	205.974
1	172.477
1	150.851
1	243.121
1	214.439
1	183.826
1	193.254
1	185.287
1	185.194
1	247.734
1	206.104
1	151.031
1	159.532
1	179.263
1	225.053
1	196.318
1	190.582
1	171.508
1	171.372
1	214.307
1	155.554
1	157.766
1	254.431
1	352.744
1	211.348
1	216.032
1	219.3
1	235.197
1	241.3
1	131.846
1	264.862
1	168.367
1	205.619
1	170.85
1	221.179
0	105.885
1	162.303
1	179.907
1	273.196
1	168.981
1	226.057
1	192.92
1	237.304
1	157.774
1	279.2
1	181.95
1	234.208
1	178.584
1	198.316
1	251
1	202.595
1	167.619
1	182.732
1	185.297
1	163.611
1	141.022
1	259.153
1	183.994
1	134.943
1	226.258
1	152.317
1	209.999
1	144.554
1	201.583
1	185.286
1	183.864
1	160.823
1	130.652
1	201.903
1	259.818
1	207.901
1	162.254
1	229.829
1	247.186
1	223.474
0	1.65375
1	139.002
1	216.733
1	267.9
1	196.301
1	208.278
1	360.197
1	208.764
1	190.48
1	229.125
1	191.433
1	147.557
1	229.729
1	163.531
1	230.101
1	201.267
1	241.928
1	200.378
1	246.167
1	309.139
1	220.892
1	183.13
1	199.506
1	197.227
1	164.288
1	121.774
1	204.948
1	161.154
1	250.09
1	177.972
1	183.935
1	142.254
1	198.002
1	154.347
1	195.187
1	148.035
1	301.749
1	253.671
1	251.894
1	188.928
1	168.871
1	186.554
1	204.984
1	217.042
1	195.376
1	234.517
1	247.08
1	290.501
1	209.887
1	184.503
1	174.034
1	224.763
1	195.4
1	180.138
1	296.898
1	194.427
1	169.812
1	177.193
1	154.056
1	165.734
1	297.636
1	175.993
1	174.245
1	200.916
1	234.774
1	141.539
1	195.071
1	232.5
1	171.283
1	190.225
1	170.392
1	200.002
1	300.369
1	185.148
1	286.004
1	168.738
1	228.815
1	163.718
1	289.227
1	110.226
1	172.817
1	225.502
1	188.901
1	132.316
1	168.825
1	237.627
1	256.064
1	183.912
1	156.155
1	187.285
1	311.354
1	152.249
1	243.556
1	226.895
1	188.709
1	169.844
1	150.821
1	206.843
1	160.797
1	224.018
1	184.995
1	230.586
1	160.835
1	157.208
1	201.682
1	240.695
1	170.826
1	240.087
1	177.17
1	190.833
1	279.673
1	186.037
1	170.763
1	214.79
1	234.396
1	154.937
1	236.666
1	192.601
1	223.114
1	236.252
1	244.959
0	21.5007
1	221.89
1	405.57
1	190.51
1	187.221
1	204.475
1	151.945
1	144.027
1	253.928
1	222.741
1	189.981
1	259.211
1	231.677
1	213.363
1	204.914
1	205.94
1	318.546
1	175.476
1	188.038
1	156.518
1	181.192
1	214.274
1	228.106
1	185.197
1	263.342
1	216.13
1	220.578
1	237.679
1	249.175
1	234.04
1	199.792
1	200.601
1	152.138
1	167.644
1	198.552
1	262.094
1	216.472
1	151.314
1	202.281
1	249.789
1	199.237
1	227.247
1	365.944
1	159.664
1	150.951
1	150.273
1	145.53
1	167.564
1	207.781
1	307.196
1	175.006
1	276.343
1	176.488
1	159.151
1	244.826
1	207.097
1	157.395
1	198.637
1	151.037
1	181.774
1	183.38
1	138.147
1	277.608
1	201.655
1	206.877
1	194.349
1	180.709
1	158.79
1	261.179
1	134.192
1	169.947
1	152.719
1	189.563
1	186.659
1	202.534
1	153.719
1	216.336
1	491.992
1	207.841
1	292.024
1	290.878
1	197.6
1	325.278
1	203.301
1	156.394
1	151.151
1	216.525
1	174.291
1	249.152
1	241.616
1	168.279
1	266.888
1	182.793
1	170.734
1	228.355
1	265.819
1	156.179
1	134.392
1	189.018
0	54.6122
1	204.655
1	206.263
1	174.347
1	155.622
1	140.213
1	164.986
1	165.876
1	198.153
1	263.732
1	182.077
1	169.558
1	299.564
1	190.494
1	162.821
1	259.532
1	186.277
1	210.69
1	142.055
1	162.688
1	264.962
1	161.363
1	204.562
1	217.654
1	178.683
1	230.092
1	190.001
1	307.531
1	202.42
1	201.988
1	349.929
1	160.586
1	278.279
1	290.848
1	222.316
1	241.108
1	177.456
1	188.418
1	133.811
1	140.936
1	221.35
1	266.764
1	176.495
1	165.157
1	199.15
1	252.452
1	270.883
1	214.253
1	257.558
1	258.283
1	192.028
1	177.374
1	217.834
1	162.026
1	194.901
1	235.836
1	145.455
1	236.917
1	146.259
1	244.331
1	177.107
1	248
1	193.525
1	173.233
1	214.242
1	294.003
1	200.917
1	145.667
1	135.024
1	295.474
1	241.492
1	140.572
1	233.731
1	420.288
1	173.335
1	272.098
1	197.706
1	176.931
1	166.504
1	270.719
1	308.022
1	187.118
1	157.438
1	164.615
1	180.198
1	245.515
1	275.357
1	278.91
1	188.5
1	154.328
1	229.069
1	243.274
1	381.239
1	190.371
1	200.076
1	203.449
1	180.243
1	189.798
1	361.139
1	202.452
1	216.838
1	155.394
1	182.999
1	266.279
1	143.149
1	258.338
1	154.121
1	232.216
1	134.9
1	279.654
1	199.194
1	170.637
1	158.408
1	238.338
1	192.309
1	251.519
1	256.613
1	231.304
1	241.409
1	125
1	151.171
1	199.167
1	128.327
1	215.018
1	167.499
1	166.352
1	297.524
1	136.522
1	181.133
1	172.527
1	152.253
1	167.491
1	240.569
1	161.336
1	191.959
1	185.81
1	160.575
1	193.647
1	155.395
1	289.379
1	323.571
1	179.127
1	161.631
1	168.263
1	139.183
1	205.657
1	178.692
1	263.608
1	175.587
1	357.856
1	192.35
1	158.005
1	332.944
1	298.744
1	159.241
1	280.878
1	291.662
1	139.845
1	260.554
1	197.531
1	320.922
1	123.992
1	166.66
1	221.022
1	191.782
1	244.065
1	198.666
1	153.138
1	196.89
1	186.105
1	338.213
1	184.056
1	132.262
1	138.378
1	197.895
1	187.028
1	198.238
1	177.107
1	170.316
1	150.823
1	175.088
1	397.746
1	240.442
1	141.695
1	209.583
1	182.943
1	252.456
1	170.937
1	133.708
1	231.319
1	133.965
1	153.496
1	170.048
1	192.061
1	237.957
1	185.051
1	174.121
1	174.967
1	248.316
1	160.687
1	223.227
1	254.304
1	175.067
1	220.411
1	235.541
1	230.453
1	176.289
1	215.487
1	191.593
1	158.378
1	156.81
1	244.675
1	210.241
1	197.878
1	249.947
1	145.103
1	236.404
1	214.605
1	259.39
1	145.11
1	114.593
1	345.82
1	198.561
1	187.033
1	187.911
1	188.671
1	199.312
0	108.543
1	151.071
1	165.965
1	254.028
1	275.906
1	294.643
1	234.569
1	162.032
1	174.974
1	188.313
1	182.131
1	223.883
1	221.941
1	189.581
0	54.02
1	214.113
1	112.347
1	216.979
1	328.92
1	203.252
1	202.368
1	190.622
1	150.612
1	195.157
1	497.975
1	193.242
1	139.487
1	169.548
1	240.056
1	205.893
1	150.152
1	204.183
1	183.84
1	219.076
1	423.61
1	239.382
1	244.179
1	229.788
1	278.466
1	145.636
1	207.128
1	168.061
1	208.312
1	199.872
1	250.501
1	155.78
1	208.111
1	222.86
1	259.313
1	291.257
1	154.832
0	45.0561
1	276.98
1	171.811
1	201.474
1	158.769
1	330.604
1	224.489
1	162.984
1	202.793
1	217.461
1	154.125
1	200.014
1	185.76
1	199.204
1	188.372
1	153.981
1	190.326
1	206.843
1	225.554
1	310.003
1	228.982
1	174.972
1	242.729
1	184.028
1	162.664
1	171.089
1	156.372
1	206.608
1	173.846
1	176.026
1	218.489
1	270.692
1	213.751
1	221.57
1	196.489
1	191.572
1	176.237
1	199.305
1	180.884
1	138.25
1	211.861
1	191.521
1	172.007
1	152.333
1	159.237
1	156.761
1	145.675
1	226.048
1	226.083
1	142.795
1	190.962
1	340.268
1	173.474
0	21.4897
1	280.555
1	159.614
1	175.762
1	128.22
1	218.76
1	230.035
1	175.381
1	288.856
0	71.6033
1	169.848
1	183.172
1	235.451
1	191.633
1	299.55
1	142.941
1	296.046
1	137.303
1	151.32
1	157.444
1	139.204
1	177.387
1	139.598
1	156.224
1	241.69
1	321.486
1	135.751
1	242.503
1	167.118
1	340.23
1	126.844
1	216.483
1	184.914
1	186.614
1	190.081
1	197.413
1	174.64
1	175.712
1	222.887
1	338.541
1	196.204
1	251.19
1	302.622
1	165.233
1	203.061
1	326.098
1	282.478
1	166.601
1	239.403
1	189.1
1	162.512
1	267.689
1	164.466
1	216.702
1	138.852
1	132.322
1	256.576
1	165.5
1	180.292
1	218.219
1	272.52
1	237.644
1	146.811
1	194.693
1	234.757
1	165.648
1	160.73
1	166.824
1	202.172
1	322.285
1	201.026
1	257.096
1	261.945
1	224.478
1	174.494
1	269.272
1	184.765
1	176.887
1	154.323
1	160.383
1	173.439
1	190.871
1	176.71
1	164.188
1	161.083
1	220.738
1	139.108
1	177.04
1	153.569
1	154.103
1	233.155
1	177.566
0	9.07553
1	210.755
1	190.321
1	262.422
1	234.511
1	198.836
1	212.031
1	233.769
1	157.092
1	162.279
1	304.861
1	303.271
1	213.21
1	263.168
1	290.959
1	193.03
1	171.184
1	209.805
1	221.89
1	146.144
1	239.559
1	270.803
1	172.722
1	160.092
1	271.237
1	336.32
1	136.336
1	210.805
1	257.959
1	159.735
1	200.015
1	213.961
1	145.042
1	209.117
1	280.11
1	270.291
1	197.754
1	174.261
1	114.703
1	184.147
1	178.674
1	250.457
1	305.674
1	161.601
1	253.306
1	183.664
1	182.887
1	214.762
1	242.989
1	163.441
1	206.816
1	142.133
1	212.019
1	234.597
1	444.431
1	255.961
1	229.655
1	188.107
1	96.1725
1	264.33
1	227.496
1	236.847
1	227.839
1	204.267
1	181.716
1	240.161
1	214.511
1	196.045
1	162.09
1	307.149
1	271.463
1	233.134
1	294.443
1	226.586
1	151.991
1	242.107
1	179.038
1	241.574
1	227.323
1	148
0	0.928765
1	181.33
1	294.885
1	202.394
0	18.0537
1	246.796
1	173.858
1	178.211
1	250.054
1	131.951
1	173.13
1	151.542
1	167.158
1	128.145
1	209.57
1	246.795
1	197.865
1	198.207
1	221.075
1	140.675
1	186.689
1	160.877
1	169.135
1	153.016
1	128.45
1	124.59
1	149.944
1	192.234
1	191.041
1	231.161
1	207.674
1	183.719
1	205.992
1	198.436
1	276.556
1	218.201
1	120.963
0	21.9858
1	222.715
1	260.76
1	251.451
1	221.686
1	133.401
1	322.258
1	183.467
1	191.797
1	206.562
1	289.978
