10000	100	9900	0.00208333
0.025641	1.27561	47872.4	4.82284	0.01
1	81.688
0	104.477
0	2.3022
0	118.431
0	49.716
1	105.579
1	93.9032
1	96.4899
0	96.5372
0	18.5398
0	8.81986
0	11.9167
0	101.323
1	160.806
0	7.75096
0	47.0919
1	118.33
0	6.19773
0	26.7289
1	72.8516
1	144.513
0	81.8198
1	242.254
0	6.18414
0	13.5674
0	41.2114
1	109.049
1	76.7735
1	258.338
0	14.0292
0	117.238
0	25.1265
0	119.638
1	144.784
0	6.00298
0	186.118
0	5.45481
1	170.324
1	155.881
1	198.081
1	80.0553
0	5.11225
1	243.389
0	118.992
0	226.29
1	109.019
0	134.928
0	44.5052
1	86.0424
1	197.831
0	6.85968
1	231.335
0	5.51464
0	114.105
0	181.275
0	42.9579
1	153.487
1	211.787
1	55.5241
0	118.707
0	69.4641
0	38.408
1	312.951
1	168.106
1	57.1254
1	55.2539
0	18.2038
0	29.3053
0	11.9709
0	40.5462
0	18.2262
0	62.7668
1	103.735
1	195.53
0	12.3129
0	427.841
1	233.269
1	344.056
0	3.67836
0	3.92643
1	98.1988
0	21.9758
1	202.038
0	101.832
0	21.6688
0	111.827
1	54.7128
0	41.064
0	36.4149
0	124.783
1	400.252
1	282.926
1	164.253
1	150.132
0	277.127
0	80.7575
1	71.5431
0	54.6873
1	58.3306
1	156.54
1	107.061
1	42.9556
0	190.034
0	63.9689
1	187.701
1	118.375
0	71.722
1	339.8
0	19.6637
0	179.494
0	18.8404
1	155.897
0	49.619
1	152.5
1	215.532
1	243.459
0	3.95443
0	53.8534
0	53.1846
0	86.8229
1	91.6247
1	59.3798
1	85.8687
0	54.1054
0	18.0801
1	158.99
0	16.6911
0	49.7457
0	2.98037
1	62.7206
0	26.6464
1	39.2097
0	253.059
1	239.856
0	15.5817
0	13.7098
1	166.603
0	28.2864
1	90.3589
0	17.6211
1	94.9454
0	19.2373
1	196.785
1	121.828
1	64.6817
0	200.847
1	86.8734
0	26.1926
0	53.7848
1	105.639
1	152.41
0	33.1164
0	6.35717
1	135.072
1	171.711
0	5.94727
0	41.4612
1	224.779
0	23.6291
1	208.562
0	7.23304
0	34.8512
1	111.819
0	39.435
1	42.2422
0	12.5896
0	26.7333
1	185.488
1	220.015
1	350.211
0	43.2969
1	170.083
1	135.508
1	75.7441
1	55.5737
0	40.9441
1	329.565
1	178.792
0	0.309786
0	50.496
1	67.3334
1	110.267
0	37.8976
0	81.3164
1	50.8658
0	141.098
1	245.238
0	83.6354
1	38.8332
1	108.71
1	182.289
0	21.3316
1	34.5613
1	55.055
0	31.1844
0	61.8597
0	333.05
0	24.7861
1	163.509
1	102.685
0	4.35846
1	737.197
1	179.283
1	187.192
1	321.718
0	18.0576
0	12.6386
0	3.11053
0	35.5
0	3.99931
1	135.541
0	10.0689
1	60.8276
0	60.5593
0	8.26875
0	75.8698
0	17.8844
0	33.2702
0	2.83299
0	6.6223
1	121.072
0	10.8244
1	124.809
1	196.128
0	218.737
0	85.8831
0	14.3341
0	32.8583
1	57.8318
0	47.131
1	236.962
0	31.1518
0	77.426
1	82.0191
0	44.1145
0	51.9815
1	401.973
0	88.5546
1	156.601
1	203.496
0	56.59
0	27.724
0	218.765
1	105.191
1	185.022
0	10.5666
0	41.1397
0	33.7345
1	126.682
0	80.4299
1	157.131
0	19.0322
1	136.996
0	36.6193
1	161.554
0	48.5567
0	213.687
1	115.392
1	173.959
1	104.644
0	56.2909
1	198.808
1	187.784
1	102.199
0	26.6388
1	42.3621
0	23.8502
1	42.1197
1	138.444
1	223.714
1	73.8977
0	1.75555
1	158.481
1	232.398
1	97.3167
0	167.612
0	76.2893
0	0.205124
1	291.179
1	171.99
0	23.8365
1	184.862
1	134.438
0	75.2723
0	19.176
1	115.363
0	207.86
1	126.496
0	22.3606
1	368.87
1	276.061
1	169.099
1	161.787
1	175.139
1	110.319
1	181.631
1	101.255
0	21.983
0	64.8415
1	158.301
0	62.5506
0	12.6174
1	345.044
1	110.725
0	25.9765
0	28.5832
1	112.591
1	157.249
1	149.04
1	122.662
0	13.6879
0	180.383
0	2.38604
0	23.7972
1	74.6116
1	189.194
0	26.0532
1	115.722
1	117.545
0	123.499
0	6.92488
1	201.103
0	74.2018
1	145.597
1	143.901
0	122.678
0	48.9706
1	84.9982
1	134.309
1	146.861
1	139.01
1	149.131
1	125.764
1	226.462
1	264.261
1	95.4353
1	153.959
1	94.1198
0	19.5013
0	12.1873
0	172.059
1	232.558
1	181.391
1	246.317
0	33.0648
1	192.285
0	7.31467
1	172.78
1	55.9657
1	204.707
1	199.603
0	21.3928
1	209.184
0	80.5237
0	74.2428
1	376.191
1	149.079
0	138.955
0	78.3482
0	2.42524
0	14.9759
0	279.687
1	165.01
1	101.655
0	25.2274
0	0.277527
1	65.6417
1	95.0877
0	41.3276
1	225.851
1	522.415
0	6.67139
1	197.395
1	133.651
1	124.683
1	191.279
1	213.271
0	101.263
1	50.6343
1	178.561
1	270.862
0	4.76425
0	30.6643
0	68.6903
0	51.236
1	192.493
1	83.5736
1	116.202
1	129.792
0	27.0859
1	86.9838
0	41.4263
0	69.3056
0	33.4544
1	84.5989
0	113.407
0	81.2033
0	169.638
0	192.02
1	65.413
0	1.12164
1	204.146
1	239.784
1	277.77
1	130.185
0	146.485
1	225.902
0	37.1519
0	40.1874
0	30.1534
0	25.0052
0	41.1556
1	116.825
1	63.5159
0	76.0855
1	264.958
1	193.953
0	64.2375
0	23.7593
0	34.7924
1	263.975
1	241.919
0	239.503
1	78.9544
0	74.0395
1	83.8368
0	8.29935
0	2.51017
0	10.9855
0	5.61644
1	112.4
0	28.849
1	82.2108
0	41.0548
1	115.298
0	42.3674
0	36.6643
1	86.9593
0	23.2195
0	9.05046
0	139.434
0	2.18432
0	63.8358
0	17.6215
1	90.6116
1	180.466
0	16.2805
0	83.4686
0	1.5506
1	183.41
1	195.602
0	321.636
0	0.111775
0	127.041
1	160.762
0	29.9581
0	107.161
0	1.11346
1	100.607
1	194.845
0	67.0597
1	209.676
1	204.469
1	265.562
1	96.4132
0	3.96041
1	272.353
1	101.062
0	75.3656
0	32.3398
1	191.813
1	48.5571
1	144.52
0	43.2735
1	159.498
1	68.0002
1	103.546
1	70.6965
0	155.248
1	94.4464
0	38.6512
1	78.8825
1	264.061
1	176.399
1	77.2861
0	90.534
1	135.95
1	50.9089
0	1.19447
0	85.057
1	153.447
1	277.034
1	204.456
0	14.2776
0	29.2761
1	193.385
1	122.044
1	146.804
0	1.33224
0	22.9734
0	19.4372
1	156.105
1	83.7085
0	14.4335
0	62.2551
0	20.2399
0	7.06198
1	136.557
0	252.456
0	0.900103
1	255.677
1	50.631
1	71.5857
1	35.9191
1	313.581
0	2.19114
1	132.505
0	17.8661
0	0.785188
1	128.129
1	160.064
0	15.6557
0	14.5246
0	101.154
1	82.3014
1	203.943
0	0.530927
0	0.788017
0	279.732
0	9.51428
0	103.304
0	39.2509
1	319.345
1	184.194
1	89.6472
0	19.1988
1	106.077
0	65.5037
1	180.727
1	307.129
1	77.0165
1	216.765
1	106.626
0	104.855
0	55.9691
1	150.886
0	86.0387
0	23.8728
1	212.261
0	3.32224
0	24.2174
1	99.4555
1	143.447
0	29.4478
0	143.967
1	133.908
1	107.22
0	78.8527
0	58.0654
0	80.8402
1	180.152
0	4.3673
0	7.18439
0	0.359523
0	22.3757
1	58.8937
0	6.16454
0	35.6807
1	110.215
0	80.1984
0	89.9368
1	150.551
1	89.263
0	22.5365
0	42.023
0	2.46198
0	10.8186
0	68.8981
0	22.5523
1	129.584
1	172.155
1	93.6487
0	3.64552
1	139.325
1	272.888
1	190.325
1	145.79
0	98.7268
1	127.046
1	100.155
0	118.673
0	29.1311
0	26.6717
1	93.0088
0	20.3497
0	14.7507
0	6.88609
1	152.341
0	175.715
0	13.9976
1	112.207
0	0.245184
1	275.603
0	34.8694
1	146.597
1	202.796
1	56.6244
0	189.394
1	182.671
0	72.1905
1	176.459
1	151.678
0	7.2616
1	127.041
0	22.6468
1	72.5838
0	10.4839
0	13.7344
1	112.343
0	25.3875
0	24.6293
1	372.778
1	94.4825
0	31.755
0	16.0687
0	32.2097
1	79.7043
1	146.17
1	119.529
0	34.3069
1	127.039
0	13.6355
0	63.6301
0	37.4169
0	4.23261
0	1.54742
1	178.795
0	136.786
1	90.5313
0	113.56
0	27.0496
1	249.822
1	172.124
1	169.709
1	34.8458
1	110.981
0	19.2323
1	60.5973
0	1.28791
0	17.2529
0	9.65108
0	78.9477
1	106.476
0	12.6306
1	121.826
1	140.837
0	20.3551
1	186.848
0	259.352
1	123.084
0	53.6319
0	4.24499
0	19.9109
1	183.467
0	34.4842
1	132.101
1	117.408
0	51.231
1	148.457
1	153.774
0	118.663
0	36.1065
1	271.948
1	32.6651
1	104.644
0	32.8779
1	67.1419
1	167.276
0	43.8584
0	0.292396
1	172.096
1	136.387
1	54.3275
0	114.064
0	19.1556
0	3.23211
0	10.6741
0	30.0361
1	124.563
0	63.44
0	10.6307
1	85.3494
1	147.418
0	95.4489
1	99.3181
1	199.35
1	135.701
1	174.991
0	6.38732
1	154.393
1	122.122
1	103.387
0	94.5536
0	146.794
0	52.1685
0	126.667
0	11.7481
1	141.113
0	28.7725
0	14.8811
0	12.905
1	70.8407
0	57.4377
1	347.635
0	2.38401
1	96.0686
1	217.984
1	222.472
0	7.69537
0	24.5318
1	140.308
0	97.8129
0	7.38218
0	28.8666
1	339.378
0	24.8751
0	58.8153
1	55.9553
0	119.43
0	40.6252
0	4.12818
1	40.696
1	125.539
1	141.369
1	51.41
1	68.401
0	42.7139
0	62.7037
0	99.2107
1	37.3591
1	77.1277
1	184.887
1	297.997
0	42.3341
0	95.4759
0	20.9326
0	5.60042
0	22.6211
1	83.2062
0	10.3313
1	319.476
1	86.417
1	131.186
0	17.1171
0	13.2358
1	154.363
1	245.638
0	48.8472
1	90.1973
1	67.081
1	74.0966
1	154.644
1	131.824
1	129.664
0	189.033
1	102.686
1	98.4576
0	1.69597
1	104.956
1	192.073
1	54.5998
0	0.0265754
0	84.0934
0	23.6508
0	11.9705
1	167.908
1	77.0254
1	110.05
0	86.8431
0	4.07575
0	16.6107
0	86.7685
1	82.3066
1	147.422
1	108.516
0	57.6758
0	18.4466
1	216.566
0	9.59375
0	4.94326
1	160.593
1	114.091
0	108.519
1	78.1484
0	42.0228
1	313.599
0	129.082
1	89.536
1	134.965
1	173.936
0	24.674
1	170.833
1	129.33
1	114.871
0	12.2755
0	29.571
0	106.979
1	184.165
1	78.8059
1	66.3231
0	104.896
0	3.20435
0	62.0721
1	251.444
0	45.8166
0	66.1247
1	157.67
1	114.566
0	59.6213
1	180.203
1	94.1408
0	8.48854
0	2.1385
0	22.2717
0	76.7956
1	20.631
0	15.9879
1	125.702
0	2.48772
0	83.3042
1	37.559
0	28.9338
0	74.9393
1	175.336
1	113.651
1	135.062
0	11.5593
0	61.3636
1	146.815
0	4.73206
1	186.753
0	9.65978
1	126.165
0	111.323
0	214.862
1	118.048
1	165.742
1	47.8972
0	42.2078
1	128.8
0	20.2116
1	145.713
0	38.1141
1	243.74
0	65.161
0	12.2888
1	250.129
1	106.388
1	127.373
0	56.699
0	108.41
1	104.852
0	6.10071
1	247.38
1	100.507
1	63.0158
0	8.66483
0	177.921
1	100.594
1	79.1407
1	117.409
0	2.05818
1	128.872
1	185.211
1	77.1673
1	324.219
0	5.29899
1	173.928
1	179.849
0	8.33738
1	133.657
0	20.0473
0	50.6084
0	7.21106
1	116.552
1	270.24
1	104.889
0	307.613
0	251.554
0	566.102
0	17.6701
0	23.334
1	76.3888
0	30.4021
0	7.11373
0	77.5965
1	208.188
0	25.986
0	66.8037
1	154.532
1	128.581
0	15.6307
0	12.8628
1	153.986
0	3.70303
0	60.3921
0	36.8918
0	180.699
1	64.0466
1	178.704
1	103.908
0	13.549
1	113.793
1	70.8217
1	194.613
1	64.6495
0	30.9462
1	102.707
1	188.281
1	132.917
0	188.233
0	89.3867
1	57.5535
0	13.6781
0	36.1121
0	43.3922
0	0.500931
1	171.147
1	153.107
1	81.5372
1	61.4418
1	267.909
1	79.9921
1	95.0667
0	10.8774
0	23.3549
1	91.8795
0	123.298
1	278.99
1	123.084
1	264.538
0	20.6313
0	73.2803
1	124.171
1	82.2028
0	3.60787
1	220.662
0	12.3241
1	70.2875
1	341.065
1	147.763
0	50.485
0	30.9747
1	104.18
1	157.844
1	168.406
1	99.1973
1	178.483
1	108.758
1	87.6302
1	134.176
1	68.3262
1	140.074
0	71.8869
0	21.9518
0	7.1017
0	22.9953
1	103.192
0	71.52
1	178.527
0	48.5384
0	134.43
0	26.6683
0	6.51472
1	102.094
1	119.868
0	21.7324
0	3.93682
0	11.4357
1	167.351
1	341.185
1	172.857
0	9.50703
0	0.643636
1	108.455
0	15.6005
1	238.075
0	39.3836
1	72.4227
1	104.139
0	27.9706
0	146.768
0	22.3292
1	161.463
1	89.3859
1	267.163
1	61.7781
1	176.057
0	27.9775
0	0.198385
1	168.012
0	358.703
0	144.584
0	100.637
0	8.97389
0	60.953
1	275.938
0	42.646
1	77.3632
1	123.612
0	4.88114
1	203.366
1	134.409
1	190.51
1	156.149
1	138.118
0	12.4831
1	130.732
0	102.151
0	51.8397
1	51.5426
1	190.812
0	6.70746
0	23.5345
1	224.94
1	82.9252
0	1.27885
1	194.413
0	179.205
1	84.3253
1	184.866
0	73.69
1	144.161
0	219.982
0	64.8304
0	2.12004
0	67.6167
0	4.53214
1	109.281
1	502.559
1	172.513
1	197.241
1	401.568
1	143.038
0	52.0683
1	143.26
0	1.49261
1	48.1159
1	141.973
1	108.639
0	20.8598
0	15.0993
0	103.118
1	193.332
1	131.447
1	57.0856
0	10.3714
0	46.255
0	127.338
1	219.987
1	97.7879
1	151.263
1	135.737
0	84.3523
0	0.0667559
1	165.266
1	165.582
0	3.62658
1	740.122
0	35.5212
0	12.5916
0	50.3256
1	124.87
1	82.7603
1	111.429
0	11.5375
0	68.2494
1	163.651
1	80.751
1	45.5744
1	142.972
1	248.939
1	273.378
0	31.6303
0	18.7458
1	120.726
1	236.728
0	69.3187
0	59.3912
0	2.82728
0	136.995
1	150.739
1	406.681
1	63.2852
0	10.3498
1	277.867
0	1.48465
0	24.5955
1	70.0292
1	100.717
0	37.1937
0	10.9138
1	225.147
0	17.3269
1	247.246
1	64.9945
0	16.3268
0	0.171773
0	118.273
0	0.308165
1	85.9956
0	16.3749
1	226.676
1	55.4173
1	91.2133
0	14.6436
0	6.29848
1	173.971
1	157.535
0	4.85197
0	31.329
1	209.236
0	31.77
1	97.7416
0	39.2688
0	82.2432
1	129.631
1	59.2816
1	245.712
1	142.623
0	271.458
0	158.992
1	113.461
1	111.715
1	138.612
0	2.36553
1	281.651
0	72.3863
0	64.6324
1	72.33
1	106.744
1	77.2584
0	57.9254
1	67.9112
1	91.7354
1	152.879
0	30.8674
1	136.364
1	196.55
1	161.56
1	111.325
1	73.8742
1	427.916
1	175.66
1	184.515
1	141.174
1	109.348
1	191.312
0	53.1765
0	145.65
1	130.127
1	165.399
0	84.6844
0	29.961
0	17.5092
0	42.0019
1	72.353
0	49.7498
1	136.432
1	206.289
1	64.1944
0	12.7822
1	119.357
0	9.6717
0	41.8226
1	298.843
1	109.827
0	5.31638
1	128.297
0	127.117
0	129.795
0	97.083
0	82.9844
1	75.0213
0	4.13017
0	350.235
0	21.7879
0	299.367
0	6.03335
1	425.409
1	176.325
1	104.994
1	182.941
1	145.891
1	217.24
1	284.065
1	250.327
0	22.7345
1	86.3184
1	97.9795
0	62.6335
0	57.8042
1	172.092
1	90.087
1	60.9066
0	92.441
1	187.593
1	89.0696
0	8.15636
1	161.039
1	101.197
1	168.012
1	77.1939
0	56.442
1	127.098
0	39.4334
1	167.023
1	150.073
0	73.0971
1	66.2405
1	204.486
0	19.671
0	323.058
1	39.5615
1	334.268
1	100.214
0	21.5873
0	8.28622
0	43.8108
1	101.428
1	248.508
1	308.761
0	36.5244
0	180.414
0	25.5196
1	94.1164
1	83.6941
1	225.129
0	7.23017
0	8.9663
1	98.7179
1	241.764
1	86.2976
1	77.5863
1	211.249
0	67.9605
1	337.037
0	144.904
1	61.125
1	203.519
0	60.6976
1	37.7759
1	79.7397
1	95.3296
0	46.5641
1	147.954
1	296.559
1	77.4316
0	109.993
1	85.8772
0	36.1349
1	72.0878
0	27.504
1	172.936
1	158.066
1	79.2015
0	21.8048
0	15.8217
1	100.47
0	4.28843
0	20.3095
0	9.25139
1	143.424
1	69.5247
0	16.2815
1	124.204
1	102.264
1	96.9733
0	152.511
0	27.5101
0	7.02693
0	2.47448
1	108.809
1	118.267
1	273.499
1	36.3511
1	74.7224
1	64.4237
0	31.2375
1	76.4398
1	131.082
1	119.228
0	18.6415
1	280.761
0	36.6628
1	49.8888
1	75.2992
0	10.2321
0	1.5481
1	89.7299
1	128.131
0	15.7901
0	18.6176
1	56.6724
0	8.2851
1	76.9504
0	119.818
0	19.3048
0	30.7067
1	316.286
0	34.995
1	64.5816
1	125.12
1	117.15
0	21.2915
0	52.7974
1	111.792
0	74.8758
1	86.1055
0	25.8271
0	38.235
0	228.829
0	0.316188
0	58.7446
0	7.29365
1	113.951
1	158.648
1	129.316
1	426.584
0	96.1149
1	144.239
1	111.709
1	124.844
1	49.6455
1	139.121
1	93.0566
1	193.575
0	74.8473
0	60.9553
1	329.654
1	159.275
1	131.107
0	4.05325
0	52.9234
0	85.3027
0	96.4359
0	17.4133
0	17.1397
0	10.5815
1	153.239
0	10.1047
1	111.137
0	59.4848
0	28.8508
1	237.882
1	105.978
1	84.246
0	47.4518
0	65.6289
1	300.004
1	342.114
1	70.3935
1	88.922
0	48.2274
0	182.561
1	229.156
1	112.76
0	35.966
0	12.7154
1	120.742
1	222.725
0	22.2521
0	12.3256
1	233.949
0	371.097
1	102.338
0	2.40931
1	209.215
1	190.793
0	25.1475
1	96.5201
0	11.5688
1	50.5974
0	76.965
0	120.527
0	62.6799
1	190.04
1	105.932
0	40.1627
1	236.138
1	57.1628
1	120.046
1	114.483
0	9.24543
0	4.03241
1	155.571
0	4.37112
1	141.613
0	229.791
0	106.764
1	56.2468
1	142.302
0	26.1743
0	139.001
0	29.2986
1	161.569
0	3.71674
0	22.2963
0	211.872
1	142.402
1	148.907
1	239.867
0	6.87895
1	209.416
0	68.5412
1	77.2909
0	32.325
0	59.8594
1	366.096
1	71.5289
0	28.3769
0	9.80136
1	254.663
1	288.398
1	82.7017
1	100.235
0	37.5064
0	7.27333
1	344.14
1	229.024
1	319.173
1	88.8697
0	21.1207
1	184.773
1	115.284
0	51.2134
1	92.6936
0	96.6561
0	2.30011
0	19.5354
1	165.776
1	237.637
1	71.3037
0	89.6042
0	105.762
1	89.6131
0	53.6425
0	50.0569
1	113.522
0	2.71806
1	268.5
1	59.2603
0	5.16746
1	74.265
0	7.72717
0	205.381
1	226.75
0	45.8687
0	26.5955
1	112.702
1	195.403
0	9.21806
0	24.0754
1	97.8911
0	118.459
0	4.66206
1	185.768
0	18.3011
0	1.31326
0	7.32766
1	262.363
0	14.1341
0	44.6575
0	53.3397
1	143.725
1	134.583
0	204.025
0	50.1723
1	229.383
1	167.419
0	31.0267
0	115.988
1	120.467
1	97.992
0	3.80552
0	37.5191
1	223.213
1	105.705
0	29.6097
0	8.06427
0	25.4972
1	154.137
0	74.891
0	7.0316
0	96.8459
1	49.4104
1	270.915
0	43.3433
1	161.702
1	112.699
1	287.197
0	7.46808
0	30.9771
1	99.2544
1	299.621
1	644.35
0	102.372
0	24.3392
1	112.7
0	5.8187
1	89.5099
0	4.98528
1	110.589
1	358.421
0	37.553
0	27.5267
1	530.397
1	74.3244
0	4.17783
1	63.8047
1	142.802
0	9.61369
0	41.4572
1	197.782
0	93.2981
0	59.8749
0	17.0913
0	49.088
1	49.1323
1	100.598
1	194.154
0	13.8033
0	176.461
1	73.7267
1	64.5299
1	368.617
1	110.025
1	108.774
1	187.355
1	97.7888
1	296.654
1	132.125
0	100.86
1	121.293
1	93.5026
0	1.60005
0	76.8849
0	93.6673
1	93.966
0	15.0994
0	0.474618
0	1.91961
0	82.8027
1	149.883
1	205.899
1	120.129
0	50.7698
1	171.866
0	16.2722
1	125.671
1	115.725
1	233.533
0	20.3808
1	69.2815
0	61.6821
1	255.858
1	187.398
0	28.7944
1	184.414
0	22.9724
0	39.6215
0	24.3832
1	76.3092
0	41.6234
0	44.455
0	100.809
0	41.3669
0	93.7435
1	246.457
1	130.34
1	166.721
0	14.4404
1	164.41
0	10.8283
0	94.7501
0	53.0038
1	167.172
1	110.989
1	70.9282
1	237.439
0	21.6026
1	248.429
1	135.628
1	169.04
0	21.7941
0	1.40178
0	12.8295
1	137.822
1	93.6574
0	9.96367
0	7.99896
0	34.8587
0	17.4059
0	2.68083
1	95.5096
0	35.6098
0	92.0631
0	33.5492
1	239.38
1	100.43
0	41.0363
0	24.4103
0	92.9711
1	159.838
0	226.409
1	204.266
1	133.149
1	315.409
1	128.773
1	127.89
1	70.6779
0	26.4475
1	278.515
0	144.472
0	21.4732
0	16.9168
0	3.30977
1	185.116
0	52.4511
1	137.897
1	149.57
0	246.584
0	13.7129
1	217.039
0	11.0023
1	263.164
1	50.3581
1	50.2633
1	503.112
0	86.3298
1	212.215
0	16.5771
1	182.715
1	390.216
0	11.125
1	203.33
0	11.1305
0	72.5117
1	212.534
1	149.995
0	28.8381
0	4.86485
0	57.9921
0	3.72951
1	175.383
1	207.007
1	110.327
0	146.667
1	299.632
0	39.3233
1	54.5727
0	87.1298
0	38.9096
0	36.0583
1	255.777
0	43.7927
1	122.959
1	203.311
0	24.493
1	183.833
0	48.2525
1	110.498
1	202.237
1	130.109
0	59.5856
0	54.7273
0	14.0557
1	114.685
0	38.2104
0	75.4747
1	161.452
1	229.588
1	162.309
1	81.521
0	6.05098
1	111.505
0	14.0405
0	11.5908
1	90.9294
1	180.716
1	159.435
1	250.551
1	52.4392
0	37.3543
0	2.83104
0	52.7877
0	59.9833
0	21.163
1	111.49
0	39.8324
0	27.4962
1	94.7823
0	49.8691
0	37.8011
1	48.9595
1	78.368
0	116.348
0	16.1047
0	81.7027
0	13.8074
1	221.584
1	260.795
1	98.555
0	9.93037
1	163.349
1	96.9918
0	68.5465
1	345.369
0	178.449
0	22.2729
0	17.1338
1	164.269
0	17.8847
1	58.5588
0	17.0186
0	90.7618
1	106.155
0	27.4789
0	0.662288
1	150.484
0	177.003
1	110.734
0	9.70463
1	58.1614
0	139.393
0	20.1288
0	4.06012
1	93.3034
1	67.1372
0	150.295
1	130.72
0	55.1591
0	18.2698
0	14.2408
1	236.143
0	70.3641
0	51.379
0	14.7724
1	96.2583
1	182.868
1	112.572
0	2.62117
0	19.3384
0	32.1991
1	129.565
1	254.586
1	223.018
1	219.915
0	48.7138
0	8.13181
0	85.672
1	134.1
1	186.576
0	41.5573
0	14.8797
1	128.317
0	35.3808
1	114.12
0	11.8688
1	159.951
1	63.7618
1	112.974
1	139.714
1	172.703
1	107.557
0	40.6301
1	144.791
0	13.8426
1	127.019
1	114.005
0	41.7352
1	60.1212
0	30.2804
1	120.704
1	76.8916
0	13.4199
1	138.831
0	15.8069
0	22.6032
0	62.5858
0	7.71814
1	172.839
0	273.534
1	149.461
1	53.2743
0	38.9106
1	72.1535
0	34.309
0	22.0359
1	223.516
1	36.2163
0	80.8003
1	228.518
1	387.212
0	64.5917
1	74.1458
1	36.5275
0	1.26662
1	298.762
0	16.6616
0	30.9476
1	266.223
0	134.746
1	161.431
1	88.903
1	131.77
0	117.083
0	7.3867
1	156.74
0	22.7235
1	97.5897
1	55.3316
0	122.032
0	17.9775
0	93.5383
1	31.3265
0	7.98815
0	31.2784
1	127.845
0	219.156
1	110.356
1	121.194
1	46.7795
0	87.7256
1	67.6607
1	33.6907
0	320.124
1	194.718
0	0.177413
1	183.593
1	217.863
0	148.739
0	56.1906
0	14.2326
1	72.5847
1	110.054
0	1.35399
1	152.647
1	177.497
0	58.4256
0	350.584
0	14.4996
1	113.207
0	83.9506
0	176.929
1	63.5452
1	154.787
0	170.245
0	26.5776
0	20.5085
0	14.8757
1	36.3435
0	20.2626
0	16.6664
0	158.703
0	15.4116
0	65.5117
0	20.3015
1	126.621
0	37.376
1	88.9158
1	172.553
0	127.058
1	133.383
1	147.628
1	105.246
0	17.7751
1	165.644
0	28.3998
0	17.1758
0	7.4773
1	95.8266
1	128.068
0	119.972
1	206.714
1	90.4144
0	99.2936
0	175.152
1	311.545
0	177.229
0	43.2137
1	131.854
1	131.374
0	116.58
0	32.8946
0	3.63827
1	73.4277
1	183.18
0	46.5019
1	136.418
0	46.1843
0	453.001
1	204.035
1	287.49
1	60.5065
1	122.663
0	216.908
1	136.274
0	21.5932
0	28.3366
0	15.5742
0	104.975
1	202.93
1	214.169
0	26.6849
0	14.0962
0	5.85978
1	129.07
0	14.2144
0	36.1051
0	1.03261
1	54.4984
0	22.2551
0	162.69
1	371.829
1	242.685
1	51.4251
1	200.91
0	4.36785
0	211.898
0	29.556
1	89.0181
0	17.8132
0	7.82536
0	115.017
0	8.3108
1	176.259
0	12.6807
0	271.06
1	170.441
0	30.2897
0	94.7843
0	18.6156
1	109.238
0	16.1793
0	57.6551
1	107.586
1	178.44
0	12.8202
0	68.93
0	66.5699
0	5.2918
0	17.8366
1	72.1995
1	155.843
0	139.136
0	75.3513
0	81.5269
0	38.46
1	102.424
1	68.8054
1	69.5927
1	107.865
0	29.9244
0	208.022
1	322.563
1	37.2597
0	330.778
1	121.466
0	132.513
1	197.326
1	78.9667
0	4.50457
0	12.8994
1	262.094
1	126.93
1	77.4734
1	195.768
1	54.7255
1	83.8833
1	128.885
1	161.717
0	3.5941
1	188.503
0	100.05
1	79.5421
1	122.067
0	20.3952
1	82.5109
0	90.5285
1	104.683
0	55.219
1	83.3385
0	30.9646
0	3.66723
0	59.5112
0	122.334
1	178.117
1	443.765
1	144.51
1	86.6982
0	6.89195
0	9.10871
1	305.455
1	34.5119
1	76.8206
1	126.082
0	204.941
0	76.0998
0	52.6438
0	7.04734
0	19.0951
0	9.50939
1	154.819
0	41.9129
1	163.139
1	118.465
0	54.6294
1	92.0543
0	52.0623
0	212.295
1	215.087
0	32.0792
0	14.8453
1	310.779
0	2.75585
1	104.911
0	1.57382
0	73.5851
1	199.86
1	141.571
1	59.3628
0	320.794
1	322.997
1	241.369
1	182.195
1	137.588
1	103.613
0	12.2814
1	67.6019
1	120.536
0	5.93796
0	8.19058
0	74.8728
0	21.4369
1	420.57
0	108.701
1	109.066
0	10.0463
0	82.4043
1	161.595
0	96.0785
1	145.825
0	16.6539
0	109.602
1	168.756
1	89.5613
1	73.7441
0	70.0857
1	97.4961
1	160.482
1	121.68
0	91.3134
0	11.5929
0	38.798
1	127.698
0	41.7555
0	21.6237
1	61.6089
0	1.10271
0	9.95559
1	173.305
0	55.5869
1	122.68
0	103.72
0	1.27079
0	4.67944
0	6.25113
0	16.7617
0	30.8328
0	3.99921
0	2.19817
0	11.4511
0	45.9367
1	127.747
0	13.092
1	201.335
1	122.458
0	36.0786
1	92.0474
0	42.5448
0	7.58704
0	120.736
1	277.583
1	147.888
1	106.57
1	207.615
0	8.28045
0	5.61108
0	78.7903
0	10.9225
0	212.241
0	89.3562
0	11.56
1	221.767
1	98.5891
0	51.0863
0	17.4729
0	15.1512
1	112.938
1	170.485
1	165.411
1	164.309
0	24.7787
0	1.63014
1	154.416
0	4.21562
0	67.3463
1	74.4395
1	104.819
1	275.711
1	93.6418
0	33.2382
1	306.822
1	105.616
0	37.4533
1	182.57
1	197.676
0	100.811
1	85.289
0	12.2454
1	168.423
1	96.2363
1	134.104
0	183.513
1	186.019
0	125.514
0	18.6033
0	16.7342
1	190.984
0	42.6668
0	8.77569
1	94.6189
1	272.144
0	69.8024
0	202.587
0	139.648
1	62.0202
0	2.48583
0	35.4639
1	70.7779
1	412.624
0	99.7292
0	36.5974
1	96.4151
0	4.74826
1	57.2195
0	51.043
0	8.65768
1	54.1397
0	17.3436
1	162.747
0	15.8008
0	1.96973
0	317.752
1	63.9292
0	64.292
0	7.59337
1	55.3666
1	102.593
0	58.4148
1	230.532
0	1.98542
0	83.3942
0	2.39005
0	13.0165
0	83.0634
1	173.221
1	128.46
0	73.481
1	82.6217
1	138.057
1	194.255
1	123.559
0	5.32978
1	93.0334
1	153.959
0	173.118
0	6.65248
1	76.0887
0	99.6841
1	346.952
1	196.622
0	36.3716
0	280.102
1	89.4422
0	34.297
1	80.3185
1	124.979
1	85.393
0	20.5215
0	16.1634
0	2.08674
0	108.142
1	145.882
1	179.882
1	191.779
1	101.523
1	113.206
0	22.3063
1	99.527
0	86.0606
1	86.5196
0	25.8738
0	124.889
0	19.3242
0	31.0613
0	44.477
0	27.6402
1	336.976
1	107.091
1	82.0645
0	24.9001
0	1.96035
0	31.2617
1	97.3199
0	12.1814
1	92.3875
0	1.6288
1	106.342
0	62.8162
1	55.6297
0	44.9156
0	52.8229
0	0.0353234
1	178.18
1	240.199
1	49.4484
1	135.334
1	109.14
0	40.6311
1	39.7844
0	21.3382
0	79.6134
0	22.7672
1	143.825
0	1.12823
0	135.549
0	18.7878
1	289.487
0	3.65143
0	38.0125
1	380.481
0	4.78953
0	54.9878
1	261.16
0	54.8186
1	202.142
1	115.032
1	82.949
0	33.1495
1	60.7886
1	40.0549
1	279.193
1	110.818
0	38.4016
1	200.978
1	171.36
1	120.127
0	68.3623
0	29.8765
1	109.51
1	120.037
1	76.5865
0	153.41
0	1.93225
1	69.6165
1	220.045
1	139.991
0	35.0109
0	93.9254
1	92.8784
1	158.678
1	95.3823
1	337.059
0	95.4706
1	114.255
1	102.603
0	79.5446
1	127.813
1	85.5019
1	98.8226
1	153.506
1	103.078
1	244.384
0	4.19489
0	137.69
0	7.3384
1	145.282
0	16.4397
1	51.1576
1	130.086
0	213.417
0	30.8949
0	38.284
0	10.8752
1	153.5
1	134.312
0	11.2824
0	0.0232033
0	105.829
1	83.0886
0	46.2419
0	85.2878
0	227.675
1	108.944
0	15.8588
0	18.8168
0	84.2433
0	28.9222
1	113.727
1	82.2938
0	8.89368
1	193.729
1	177.012
0	14.8001
1	143.534
1	119.162
1	138.063
1	248.527
1	129.757
0	6.79005
1	85.0229
1	128.677
0	56.8893
0	1.8782
1	162.253
0	81.4804
1	159.857
0	15.1071
0	70.1951
1	101.531
0	80.9451
0	21.0311
0	0.705572
1	65.1929
1	141.477
0	32.1361
1	38.624
0	72.6071
0	32.5258
1	133.761
1	497.014
1	193.333
1	55.0159
1	202.582
0	40.8168
1	170.136
1	213.436
1	45.9702
1	145.346
1	177.106
1	94.0555
1	188.346
0	151.046
1	214.883
0	40.4299
1	93.0637
0	238.036
1	214.993
1	91
0	0.899548
0	40.107
0	105.841
1	129.734
0	76.4104
0	310.064
1	58.4951
1	112.555
1	128.105
0	18.1166
0	4.21412
1	100.217
1	93.5243
0	147.2
0	21.2213
1	383.761
0	23.4485
0	16.5594
1	101.097
0	46.5177
1	133.575
0	76.7769
1	173.571
0	127.071
0	18.528
0	92.8701
0	28.1192
0	145.943
0	98.3901
1	104.796
1	307.071
0	0.353859
0	22.0123
1	113.304
1	360.215
0	97.8382
1	133.69
1	132.915
0	101.553
1	141.803
0	15.3853
1	198.358
0	298.187
0	38.9041
1	130.277
1	48.6422
0	7.72783
1	93.8056
1	140.385
0	80.4252
0	29.6234
1	89.5118
1	117.574
1	272.978
0	41.4275
0	26.1711
0	146.33
0	29.0812
1	68.7687
0	65.8224
1	182.246
0	123.456
1	224.518
1	57.9227
1	301.272
0	52.8891
1	31.6795
1	84.9701
0	3.8653
1	67.5252
1	141.745
0	271.174
1	238.451
0	36.2645
0	30.3816
0	18.7012
1	131.731
1	81.5338
0	206.206
1	120.228
1	130.363
0	26.3745
1	202.391
1	85.9144
0	0.312534
1	108.313
1	343.192
1	168.49
0	45.5819
0	32.68
1	164.11
0	17.4031
0	37.5771
0	15.5737
0	149.901
1	129.356
1	78.9882
0	24.5685
1	84.6101
0	610.037
0	204.272
0	217.094
1	146.902
1	137.56
0	127.832
0	22.1258
0	23.5077
1	87.9461
1	89.93
1	222.976
1	63.0382
0	334.528
1	150.047
0	3.88279
1	221.464
1	116.382
1	269.495
0	78.4337
0	69.9706
1	206.099
1	162.768
1	126.136
1	189.042
1	80.0229
0	38.1342
0	26.6521
0	1.5908
0	31.1067
1	40.1238
0	308.472
1	82.7404
1	213.507
1	210.167
0	34.1008
0	26.5019
1	269.979
1	185.874
0	7.71869
1	112.112
1	183.299
0	23.3351
1	77.0526
0	13.3238
1	127.853
1	73.3291
1	85.1579
0	109.349
1	123.426
1	110.614
1	274.691
1	360.301
1	123.386
1	188.144
0	17.2983
1	177.901
1	66.534
0	181.809
1	83.3007
0	32.4542
0	27.0165
1	253.712
1	166.186
1	127.254
1	240.519
1	273.22
0	24.7417
1	206.326
1	129.715
1	81.852
1	375.57
1	123.127
1	105.741
0	60.9007
0	47.2709
1	155.044
1	117.882
0	114.601
1	94.8013
0	67.7138
1	158.558
1	328.522
1	94.1698
1	53.881
1	212.963
1	141.025
1	71.9567
1	150.252
0	120.823
1	158.545
0	51.8208
1	117.2
1	145.59
0	28.3843
1	147.137
0	137.039
1	134.878
0	67.2039
1	193.638
0	0.262676
0	220.117
1	159.477
1	86.9187
0	140.175
1	146.218
0	24.7779
0	75.759
0	48.8622
0	100.699
0	0.743568
1	101.067
0	40.9399
0	6.86376
0	56.5036
0	26.7855
0	93.7421
0	13.634
1	178.644
1	291.644
0	34.3172
1	183.806
1	320.668
1	407.795
1	158.024
1	175.285
0	83.1067
0	10.2913
0	34.1042
1	169.422
0	16.5364
0	34.9368
1	38.3059
0	3.32515
0	13.374
1	144.216
0	27.0752
1	85.0749
1	71.4513
1	94.0425
1	167.373
0	13.503
1	117.947
1	102.731
1	348.767
0	163.162
0	92.0755
1	58.581
0	12.6828
0	75.6805
0	40.8031
0	20.2683
1	171.196
0	306.763
0	310.125
1	125.364
0	53.118
0	21.8953
1	142.54
0	36.6946
0	170.352
0	28.4053
1	121.772
1	97.8576
0	10.8047
0	122.853
0	73.8059
1	440.716
0	12.5984
0	165.272
0	53.9567
0	92.7752
0	198.845
0	126.27
1	99.8674
0	33.1584
0	84.197
0	46.8186
0	250.736
1	201.17
0	26.2139
1	75.3239
0	0.70572
1	296.188
1	93.813
0	83.5978
0	58.6713
0	40.9594
0	71.2277
1	114.625
0	6.97224
1	130.101
0	134.653
0	84.2577
0	50.5258
0	18.3434
1	129.363
0	0.937966
0	13.21
1	151.941
1	198.96
0	75.2736
1	254.473
0	73.0991
0	2.90288
0	20.3288
0	83.9003
0	5.62151
0	46.7306
0	0.378868
0	37.704
0	41.7677
0	33.4397
1	178.523
0	167.626
1	150.111
1	204.296
1	56.4249
1	102.826
1	385.508
1	91.8438
1	184.729
0	1.65457
1	60.0751
0	0.554168
0	88.0424
0	4.25754
0	19.8512
0	0.0167634
1	106.085
0	6.58657
1	122.054
1	97.4357
1	28.6133
0	149.467
1	60.8891
0	123.958
1	161.341
0	96.7101
1	239.563
0	2.16259
0	51.1903
1	240.446
0	85.9078
1	163.236
0	35.5741
1	318.742
0	10.4898
0	27.4481
1	101.209
1	155.761
0	44.0026
0	9.58861
1	255.227
1	177.726
0	392.49
0	153.697
0	45.3259
1	78.9637
1	166.543
0	178.044
0	28.5756
1	91.8861
1	111.869
0	2.37489
1	71.4433
1	135.668
0	7.37781
1	68.0556
1	199.118
0	4.11473
0	106.333
1	135.312
0	214.336
1	124.893
1	48.4762
1	195.007
0	2.15883
0	4.04658
0	43.6385
0	120.266
0	59.6821
0	105.185
1	95.286
0	20.5679
1	138.816
1	215.779
1	139.523
1	85.7658
1	395.443
1	389.779
0	11.6461
0	25.6579
0	6.00587
0	0.868528
0	13.3979
1	147.355
1	101.378
1	195.566
0	1.56337
0	1.11015
1	78.1321
0	35.4487
1	370.595
0	57.3102
1	99.4903
1	245.993
1	126.973
0	36.8488
1	111.57
1	107.432
0	17.0005
1	47.7447
0	22.4193
1	109.675
1	141.693
1	86.7664
1	125.662
1	152.497
1	73.7807
0	59.9561
0	40.7408
1	95.3534
1	194.901
0	12.596
1	364.777
0	28.1665
1	165.134
0	2.8968
0	359.767
0	25.302
0	182.086
1	189.219
0	10.1783
1	73.6074
0	164.495
0	23.0607
1	73.8057
1	152.808
0	40.6848
0	1.36789
1	128.918
1	100.985
0	42.8853
0	144.497
1	209.091
1	227.081
1	367.448
0	335.198
0	32.1341
0	22.212
1	188.423
1	77.55
0	35.1765
0	7.20031
1	113.129
1	103.079
0	3.30441
1	73.8288
0	55.7412
0	106.141
0	46.4116
0	69.2969
1	236.725
1	110.753
0	104.408
1	337.169
1	213.545
0	35.2003
1	154.656
1	97.1388
0	50.65
1	282.679
1	192.126
0	5.66783
0	25.3208
0	47.3524
1	131.897
1	132.287
1	170.367
0	47.1254
1	161.313
0	47.4388
0	4.54342
1	247.392
0	72.1932
0	4.43823
0	100.567
1	76.5842
1	199.429
1	89.7004
1	330.182
0	2.94219
0	128.13
1	221.045
0	35.1149
0	138.876
1	80.5123
0	76.7085
0	29.2575
1	125.911
0	74.9853
1	421.755
0	22.7429
0	18.0816
0	41.2658
1	67.7376
0	20.3113
0	1.86831
0	13.2225
0	16.2618
1	129.113
0	109.973
0	129.922
0	11.8783
0	240.249
0	90.892
1	84.6751
1	135.474
0	33.6992
1	187.438
0	225.504
0	26.9536
0	6.30017
1	115.814
0	20.2228
0	25.3628
0	144.335
0	22.3222
1	162.985
1	147.597
0	115.099
0	86.5041
0	53.5425
0	13.69
0	19.8857
0	26.9794
1	79.4799
0	65.6082
0	214.592
1	63.9484
0	62.7937
1	166.094
1	134.538
0	15.6777
0	14.7486
1	209.947
0	70.9969
0	125.677
0	121.366
1	196.082
1	108.748
0	71.0245
1	208.136
1	161.703
0	228.864
1	96.3869
0	73.9756
0	33.3648
0	6.68583
1	46.1615
0	42.7568
1	77.6648
0	3.00035
0	75.0036
0	28.9195
1	250.846
1	94.4796
1	244.05
1	377.266
0	152.715
0	6.13331
0	20.0152
1	205.199
0	1.47245
0	117.476
1	248.647
0	19.933
0	28.1333
0	16.482
1	182.965
0	84.5734
0	13.9407
1	131.074
0	134.006
0	73.3088
0	19.1121
0	5.49137
1	198.03
1	152.503
1	169.996
1	184.84
0	125.947
0	8.32509
1	63.792
1	158.352
0	34.5613
1	430.897
1	105.337
0	38.0175
1	203.414
1	47.1975
1	129.901
1	270.497
0	25.0969
1	121.118
1	139.523
0	268.04
0	158.406
1	131.029
0	27.9629
0	3.14061
1	191.269
1	144.416
0	7.94191
1	300.515
0	0.205274
0	84.4417
0	26.9317
0	40.1701
0	109.716
0	23.9747
1	91.1967
0	11.0472
0	66.6426
0	95.2047
0	40.3912
1	216.378
0	316.871
1	128.09
0	10.5333
0	22.4192
0	5.42994
0	1.2468
0	17.3321
1	309.784
0	109.352
0	15.7149
1	129.347
1	128.469
1	129.416
1	355.892
1	184.983
0	146.499
0	46.3556
0	4.97329
0	74.9068
1	122.246
0	37.2792
0	42.8451
1	283.002
0	16.5018
0	14.6423
0	55.514
0	23.5748
1	65.0472
1	320.368
1	147.944
1	272.726
0	1.17797
1	141.511
1	127.892
0	16.0149
0	16.3458
0	40.4734
1	70.2542
1	163.642
1	100.418
0	8.84027
1	143.72
1	74.2602
1	111.248
0	5.69576
0	26.9136
1	46.4108
1	157.231
0	42.8222
1	127.224
0	23.3031
0	22.5542
0	86.459
0	145.158
0	32.5671
1	116.998
0	217.205
0	122.206
1	116.796
0	285.3
0	1.33766
0	3.75931
1	342.88
0	93.8483
0	39.8755
0	164.97
1	113.97
0	40.297
0	41.0722
0	176.527
0	96.9007
0	14.3002
0	126.608
0	24.3906
0	189.093
1	141.438
1	266.265
0	0.236318
1	96.4113
1	209.047
0	21.4955
1	73.0938
0	2.04376
0	257.53
1	193.529
1	92.4378
1	93.5899
1	305.993
1	51.1835
0	456.178
0	170.265
0	54.742
1	58.3612
0	45.6159
0	153.014
0	1.7647
0	10.3761
0	90.3139
1	109.276
0	18.1182
1	217.808
1	80.4738
1	295.95
1	135.678
0	10.991
0	25.1117
1	157.901
1	441.955
1	191.048
1	102.423
0	31.0375
1	133.081
0	89.1125
1	70.1077
1	172.903
0	94.9288
0	17.9593
1	135.596
0	41.5758
1	117.418
0	113.229
0	43.7055
0	103.309
1	197.111
1	142.259
1	111.503
1	134.161
0	0.898759
1	240.378
0	37.8162
1	111.786
1	81.3359
1	327.037
0	0.215275
0	15.6116
0	15.8387
1	183.426
0	30.8168
0	23.1275
1	103.253
0	101.01
0	34.5268
0	25.2369
1	168.38
0	15.3876
0	5.65013
1	115.656
0	115.213
1	114.79
1	239.875
1	125.099
0	100.029
0	27.4827
0	23.0278
0	12.8037
0	15.2132
0	65.6151
0	107.167
1	159.023
1	105.984
0	91.2366
0	7.89704
1	186.904
0	1.22416
0	30.1353
1	207.274
1	192.693
0	65.8634
0	6.26613
1	191.905
0	8.20899
1	138.178
0	2.49823
1	178.277
1	349.104
0	55.5793
1	135.936
1	192.512
0	140.003
0	158.305
0	33.4102
0	10.4816
1	181.343
1	169.315
0	22.3395
0	2.65157
1	169.489
0	15.439
0	216.102
0	16.0982
1	88.9868
1	83.9528
1	252.905
0	101.724
0	11.8408
0	69.9358
1	117.431
1	93.4448
1	91.4756
0	126.009
0	21.7112
0	159.843
1	57.5205
0	34.5512
1	260.641
0	4.21158
0	15.6095
1	139.297
1	113.275
1	44.9167
0	15.6368
1	184.131
1	138.329
0	56.5224
1	116.458
0	19.0503
1	203.479
1	217.593
0	187.631
1	296.335
1	133.087
1	80.2928
0	35.1137
0	3.76382
0	50.4692
0	71.9034
1	164.8
0	16.9692
1	130.33
1	136.139
0	32.1931
0	85.9368
0	92.3195
1	89.8461
1	225.368
1	158.425
0	20.7572
0	23.5819
0	28.4156
0	20.217
1	103.651
0	80.2187
0	131.804
0	50.5889
1	253.399
0	14.2968
1	145.955
1	82.5458
1	95.5096
0	38.6324
0	131.067
0	25.0763
1	247.608
0	23.5853
1	42.1163
0	1.76292
0	6.57233
1	139.648
0	18.6634
0	19.2909
0	42.0769
1	332.817
1	109.375
0	28.0566
1	282.338
1	136.517
0	6.79195
0	57.121
0	100.492
0	23.9698
0	27.6955
1	77.5161
1	132.225
1	120.275
0	32.2382
0	61.5447
1	49.7755
1	116.442
0	141.691
1	89.6901
0	122.577
1	119.878
0	5.75979
0	92.0836
1	159.917
1	110.961
1	141.938
1	138.162
1	207.072
0	18.8521
1	130.725
1	153.898
1	244.071
0	65.2405
0	205.716
1	224.329
1	104.441
0	22.2393
1	143.6
1	152.48
0	11.9481
1	94.4841
1	165.657
1	36.6337
1	139.824
0	2.67198
1	137.45
0	11.2347
0	39.3554
1	196.661
1	407.734
0	160.888
0	13.5764
0	6.4521
0	53.055
0	14.1838
0	18.3014
1	88.279
1	77.6904
0	57.3677
0	20.4716
1	75.6971
1	62.8199
1	131.728
1	82.6366
1	143
0	55.219
0	87.9536
1	160.446
1	86.7575
1	205.712
0	82.458
0	13.7939
0	22.0335
1	347.137
1	89.3751
0	3.50017
1	121.816
0	37.6567
0	273.985
0	27.2661
0	10.4196
0	84.6258
0	10.3542
1	98.1654
0	9.43946
1	126.156
1	255.57
1	146.658
1	122.656
0	128.826
0	46.4608
0	1.13703
0	181.113
0	7.99962
0	63.0167
1	52.1741
1	159.453
0	69.0212
0	4.67809
1	75.8934
1	70.559
0	37.8193
0	10.0918
0	188.692
1	99.9978
1	170.214
1	129.684
0	118.919
1	52.1235
1	83.0282
1	279.638
0	95.8636
0	9.39951
1	138.648
0	10.9792
1	73.5682
0	19.2781
1	107.79
1	152.257
1	48.359
1	127.091
0	53.3324
1	65.9202
1	88.2039
0	9.50599
0	0.474353
1	123.839
0	12.5651
1	138.601
1	154.176
0	51.6864
1	138.89
1	183.508
0	41.208
0	7.39492
1	566.503
0	103.245
0	92.2565
0	55.2389
1	285.255
0	16.432
0	43.1408
1	116.026
0	64.1655
1	157.894
1	73.7106
1	155.382
0	22.6108
0	45.634
0	16.6329
1	192.408
0	0.313639
0	19.9722
0	57.6677
0	158.449
1	159.708
0	5.62604
0	7.58426
0	51.4961
0	18.4724
0	47.7357
0	8.71957
0	88.1292
1	187.967
1	77.1756
0	54.6427
1	179.443
1	79.976
0	32.7059
0	5.95261
0	0.369818
0	96.037
0	11.4296
0	6.48247
1	57.803
1	125.476
1	89.1904
0	268.924
1	49.3881
0	147.44
0	17.2503
0	5.60991
0	65.5324
0	14.6924
0	21.4808
1	281.69
0	72.3435
1	130.801
1	88.8331
0	5.8529
0	52.5002
0	25.0215
1	286.126
0	60.6629
1	87.413
0	6.35747
0	3.30022
1	232.082
1	90.5136
0	116.641
1	133.504
1	73.5028
1	168.792
0	34.3532
1	346.231
0	83.9069
1	60.8487
0	220.153
0	118.542
1	148.487
0	124.898
1	54.4062
0	8.96659
0	153.629
1	184.568
1	158.689
0	155.503
1	55.867
0	31.3806
0	33.1509
0	25.1327
0	5.80482
1	89.9198
0	151.406
0	2.12186
0	8.44467
0	11.4442
0	4.5717
1	118.762
0	25.0625
0	32.567
1	105.702
0	44.9425
1	125.008
1	137.408
0	21.2903
0	2.92108
1	163.377
1	278.046
0	16.7913
0	16.6737
1	127.061
1	308.241
1	269.227
1	142.279
1	78.7714
1	176.952
0	7.43179
1	84.4292
0	31.4621
1	197.938
0	45.6662
1	65.5104
0	40.4624
1	97.0335
1	109.481
0	170.367
1	182.438
1	109.86
0	46.5469
1	77.0178
0	42.1519
1	111.443
1	237.91
0	55.5618
0	8.0919
1	218.718
1	110.115
1	301.202
1	170.254
1	82.5459
1	93.7416
1	258.656
1	95.68
0	9.75515
0	9.77597
0	118.091
1	205.688
0	72.4106
0	114.985
1	476.05
1	96.4327
0	16.4329
1	186.195
0	8.16593
1	134.088
0	0.422012
1	177.461
1	101.566
1	137.35
1	63.5013
0	28.6788
0	27.877
0	8.33299
1	123.636
0	3.18581
1	89.6613
0	86.7122
1	126.853
1	153.564
1	210.943
1	66.2922
1	105.947
1	121.776
0	44.8034
0	9.40545
1	137.062
0	36.9039
0	33.9229
0	4.50373
1	441.485
0	79.9217
0	85.8632
1	262.556
1	143.73
0	74.0737
1	208.246
1	67.0414
0	42.6724
0	23.4965
1	142.921
1	70.3573
1	247.108
1	116.109
0	63.0243
1	111.979
0	16.7021
1	137.283
1	111.457
1	162.36
0	18.3341
1	119.914
1	243.17
1	90.9307
1	152.809
1	124.346
1	78.2929
1	111.498
1	100.626
1	117.838
0	162.06
1	90.3178
1	131.318
1	185.224
1	450.354
0	66.5633
0	4.21545
1	250.978
0	54.8862
1	200.415
1	232.795
0	39.4828
0	9.22561
0	54.9451
0	43.5761
0	4.55525
1	82.4259
0	17.7097
1	65.748
1	201.046
1	105.223
1	156.436
0	5.29384
0	1.70394
1	110.422
1	67.6621
1	264.185
0	29.5734
1	130.798
0	19.6272
1	158.284
1	47.2897
0	89.1564
0	3.28318
1	134.266
1	69.0442
0	0.875569
1	173.156
0	13.9113
1	96.501
1	151.745
1	225.354
1	135.441
0	40.4466
0	11.8711
1	223.321
0	28.2111
1	40.1466
1	213.389
1	89.8125
1	177.029
0	23.4278
0	77.1449
1	278.342
1	195.903
0	19.6901
0	142.678
1	106.666
0	55.2425
1	82.9798
0	22.159
1	169.244
0	24.4342
0	145.266
1	148.952
1	188.414
0	1.18946
1	112.118
0	5.31926
1	54.1411
0	81.7002
1	183.647
1	244.127
1	129.237
0	51.8034
0	3.98338
1	137.909
0	26.156
0	43.513
0	62.6471
0	73.6399
1	168.422
1	178.308
1	153.198
0	9.74439
0	6.61791
1	141.961
1	107.962
1	336.557
1	133.378
1	276.44
0	36.5956
1	178.982
1	96.8091
1	113.024
0	17.476
0	297.704
0	12.0541
1	176.938
0	33.0736
1	144.258
0	223.09
1	92.5164
1	61.1676
0	181.158
0	384.68
1	67.8399
0	41.5656
1	169.573
0	27.598
1	110.756
1	153.202
1	180.251
1	82.5196
0	71.5469
1	140.524
1	48.7876
0	38.9006
1	103.645
1	162.976
0	75.3556
0	24.2276
1	235.174
1	97.314
0	108.987
1	187.632
1	341.001
0	23.1727
1	120.127
0	44.2761
1	129.364
0	3.13715
0	19.3321
0	106.768
1	80.6816
1	54.7451
1	125.162
1	73.0863
0	22.8698
0	9.84228
0	1.08513
0	47.3921
0	48.0988
1	139.103
1	65.8728
0	12.0059
1	128.556
0	25.7078
1	302.082
1	96.4738
1	127.001
1	269.573
0	73.77
0	24.8712
0	24.4876
1	224.029
1	166.492
1	44.4184
1	266.479
1	177.21
1	219.024
1	155.867
0	46.072
0	282.161
0	12.0202
0	0.935013
1	144.266
0	24.1682
0	11.6303
1	131.422
1	150.91
1	170.339
1	91.9196
0	56.6079
1	241.158
1	157.748
0	36.6066
1	134.365
1	211.71
0	8.45574
0	3.27451
1	153.666
0	96.6502
1	206.183
0	35.2931
0	8.20129
1	205.405
1	147.684
1	61.4195
1	254.941
0	3.36284
0	19.9349
0	14.7145
0	92.2565
1	111.662
1	122.644
1	162.986
1	181.01
1	147.551
1	114.578
0	20.7678
1	89.0522
0	22.0005
0	36.5943
0	34.5661
1	118.013
0	41.9437
0	2.72687
0	0.388657
1	146.639
0	4.90516
1	117.014
1	166.667
0	13.3527
1	102.901
1	75.6361
0	83.1437
0	126.097
0	12.5398
1	263.951
0	0.719211
0	25.0604
0	3.90992
1	135.001
1	109.63
1	146.311
0	0.803157
1	43.3145
1	170.848
1	55.3788
0	12.9697
1	113.96
0	1.70604
1	77.8675
0	109.159
0	3.56967
0	19.9844
1	136.42
1	71.5815
0	38.5613
1	227.491
0	2.18621
0	2.58394
0	8.93246
1	105.221
0	31.816
1	436.25
0	50.0234
1	297.245
1	197.127
1	108.659
0	181.234
1	138.319
1	251.504
1	133.406
0	207.124
1	453.733
0	13.4824
0	7.90235
1	533.511
1	144.024
1	370.117
1	182.047
0	55.9039
0	42.9487
1	323.228
0	22.2797
1	244.892
0	0.200321
1	228.186
0	6.95882
1	203.175
0	119.005
0	45.0335
1	154.739
1	166.061
0	3.7758
0	3.68859
0	0.366048
1	153.643
1	50.1322
1	75.3008
1	109.953
1	350.852
0	51.0591
0	108.611
1	110.895
1	234.481
1	92.76
0	74.1234
1	184.039
1	117.038
1	86.6752
1	312.864
0	82.9524
0	13.8858
0	77.0479
1	110.381
1	179.606
1	136.794
1	177.645
0	32.6738
0	80.9286
0	105.375
1	183.031
1	83.0234
1	117.758
0	41.2042
1	188.42
0	81.9851
0	25.5747
1	146.765
0	7.80521
0	136.414
0	70.643
0	153.302
1	257.935
1	165.673
1	270.439
1	41.4454
0	77.3605
0	20.5616
0	154.294
0	7.93764
0	5.28699
1	60.3835
0	38.8666
0	5.72278
0	59.7725
0	23.3036
1	358.721
1	100.529
1	402.802
1	308.107
0	54.8307
1	110.212
1	87.2177
1	130.365
0	141.279
1	120.278
1	181.57
0	34.3758
0	1.923
0	60.0712
0	93.9931
0	52.9857
1	95.0725
0	6.00728
1	181.842
0	58.7398
0	322.542
1	130.799
0	22.192
0	81.0264
0	64.1817
1	238.262
0	1.48114
1	85.4469
1	109.274
0	31.536
1	299.085
0	20.6286
0	118.407
1	230.479
1	47.5548
1	608.319
1	141.446
1	104.042
1	191.161
0	11.1438
0	35.9192
1	167.961
0	7.87968
0	220.954
0	12.6728
1	53.3754
1	223.448
0	33.4917
1	184.253
1	65.0751
0	4.07081
1	107.072
1	190.733
1	130.523
0	72.4675
1	96.3625
0	189.599
1	84.2484
1	148.549
0	1.47886
1	155.034
1	193.994
0	16.9587
0	121.004
0	5.67546
0	48.6712
0	46.8995
1	162.091
0	98.3246
1	70.4016
0	30.1395
1	158.068
0	40.0162
0	139.671
1	70.7762
1	161.975
0	15.1028
1	139.036
0	113.935
1	126.795
1	179.756
1	122.914
0	17.6523
1	116.801
0	44.6346
1	115.475
0	12.7772
1	280.102
1	144.348
0	111.245
0	29.2831
0	16.3582
0	8.65535
0	78.6524
0	36.5722
0	14.7212
1	108.164
1	125.356
0	109.27
0	183.243
0	81.3015
1	48.1718
1	187.011
0	28.8347
1	196.999
1	123.92
1	261.949
0	16.2982
0	9.5793
0	15.4169
1	123.156
0	23.1851
1	101.542
0	34.5787
1	373.052
1	269.547
0	52.405
1	451.283
1	237.051
1	133.261
0	11.8736
1	208.721
1	145.669
1	96.8368
0	13.514
0	65.7529
0	14.5839
0	51.7369
1	175.54
0	19.3751
0	31.1961
0	57.0274
1	250.079
0	143.649
0	27.4997
1	38.8675
0	23.7448
1	64.6474
0	25.9772
1	141.613
1	132.704
0	48.8935
0	100.937
1	210.674
0	88.4401
1	109.596
0	6.17308
0	34.6839
0	10.0729
0	15.055
1	171.953
1	311.274
0	2.44919
0	405.568
0	0.409252
0	29.7767
0	55.5532
0	11.9999
1	33.9282
1	187.776
1	81.0914
0	4.79955
1	117.056
0	95.4462
1	141.525
0	17.4339
0	85.7943
0	0.0822622
0	27.4527
0	14.9655
1	304.025
1	129.252
0	20.1661
1	49.7413
1	156.726
0	5.62173
1	349.665
0	30.3228
0	4.01347
1	43.6392
1	158.062
0	4.08076
1	293.51
0	32.9923
1	691.915
0	136.992
0	59.4914
1	155.889
0	150.08
0	146.217
0	42.6423
1	181.135
0	3.62451
0	71.5063
1	298.183
1	126.233
0	7.63358
0	32.3862
1	344.735
1	133.452
1	83.3491
1	172.316
1	236.588
0	88.8882
1	136.027
0	9.59422
1	112.753
1	180.23
1	92.3501
0	6.35395
1	103.518
1	130.723
1	177.463
1	137.428
0	4.85593
1	263.026
0	17.4784
1	135.442
1	98.4033
1	171.243
1	41.6868
1	66.4698
1	278.429
1	150.147
1	44.6104
0	10.9612
0	4.84212
0	60.1865
1	250.629
1	64.7706
1	126.133
1	193.218
0	14.1864
1	87.7067
0	3.55292
1	150.382
1	241.67
0	62.9553
1	274.851
0	37.8292
1	158.275
1	188.369
0	62.1197
0	23.1414
1	60.1837
1	104.473
1	76.0792
0	53.4299
1	176.211
0	0.473025
1	282.942
0	248.546
0	80.361
0	0.597048
1	147.807
0	1.09854
0	18.7384
0	7.09972
0	1.45897
0	99.4601
1	85.8124
1	237.196
0	162.86
0	27.2275
0	15.8161
1	134.364
0	120.957
0	43.7667
1	86.4234
0	1.21517
1	161.02
0	4.64074
1	190.829
0	70.5733
0	37.2639
1	92.4819
0	12.3641
1	124.26
1	234.469
1	95.7243
1	107.474
1	101.781
0	1.99623
1	247.483
0	257.255
0	7.30176
1	178.669
1	148.822
0	21.988
0	65.3996
0	56.4292
0	15.5927
0	44.8444
0	0.487352
1	148.051
0	38.6261
1	133.377
0	77.5818
1	34.5525
0	30.7001
1	117.205
0	19.8307
0	81.4376
0	22.1623
1	69.2972
1	119.898
0	40.2074
0	14.6747
1	137.522
0	26.917
1	267.905
0	57.9651
1	228.25
1	103.109
1	112.354
0	15.8142
0	32.0962
0	52.0724
1	75.823
0	8.65645
1	180.973
1	63.1949
0	27.2691
0	24.9804
1	144.799
1	48.3401
0	4.41618
1	105.304
1	188.25
1	255.682
0	6.70074
1	85.4662
1	90.6095
0	113.652
0	207.267
1	85.4851
0	20.5079
0	14.8152
1	40.135
0	9.01381
1	147.999
0	387.593
0	6.06571
0	32.6059
0	38.9755
1	223.034
1	170.366
1	100.073
0	56.2328
1	250.728
0	74.9815
0	117.642
0	9.60269
0	59.1116
1	55.5227
0	23.4231
0	6.01422
0	5.65722
0	23.6618
1	188.051
0	66.9455
0	13.2632
1	110.948
1	216.631
0	12.6714
0	46.013
1	117.179
0	12.4321
1	97.348
1	272.379
1	51.5806
1	215.536
0	221.467
0	2.80627
0	11.7393
1	107.721
0	19.4854
1	107.338
0	6.75237
1	224.79
0	14.7347
1	107.305
0	91.7171
0	49.5443
1	88.3869
0	2.96987
1	127.146
0	18.1046
0	69.2935
1	182.97
1	41.44
1	153.392
1	99.8347
0	24.6514
0	6.75552
1	113.992
0	1.76182
1	63.2015
1	123.576
1	176.777
1	123.688
1	465.671
1	46.4835
1	63.5359
0	26.1052
0	140.705
1	146.764
1	256.3
1	185.154
0	68.5038
0	217.368
1	361.213
1	109.881
0	76.0899
0	191.913
0	12.0546
0	39.7004
0	43.6266
1	402.456
1	34.4824
0	68.9278
0	47.0518
1	141.282
1	107.288
1	208.098
1	162.998
0	7.60598
1	95.0488
0	89.9163
1	122.199
0	11.6935
1	137.401
0	35.3266
0	7.42986
1	173.513
0	43.29
0	1.05113
0	12.4844
0	26.9359
1	111.147
0	3.5696
1	119.337
1	79.5254
0	41.3877
0	65.9414
0	14.3114
1	65.2314
1	105.679
0	193.019
0	295.577
0	20.8713
0	51.0106
0	21.5026
0	46.2773
1	62.584
0	1.30994
1	107.996
1	154.464
1	167.092
1	115.371
0	7.53333
0	68.254
0	42.3365
1	74.6583
1	247.207
0	1.92561
1	99.1376
0	212.304
0	98.837
0	0.170078
0	0.821297
0	25.4729
0	46.8015
1	215.247
0	14.5046
1	205.495
0	54.1977
1	77.7439
0	209.513
1	147.155
0	1.39527
1	104.862
1	132.009
1	100.874
1	214.319
0	13.3533
0	61.6226
0	35.6623
1	74.8534
1	106.882
0	114.231
0	24.652
0	97.4034
1	51.4442
1	156.878
1	324.794
1	157.538
1	121.518
1	98.0793
0	3.26969
0	171.142
1	84.8512
0	15.0611
1	239.272
1	118.008
0	11.3074
1	116.158
0	9.14432
1	88.1603
0	10.1558
1	150.185
1	113.641
0	24.28
1	194.697
1	289.391
0	46.5122
0	15.3088
1	60.0048
0	7.0713
0	88.7821
0	87.8158
1	222.633
1	231.263
1	71.7443
1	173.486
0	20.9037
0	7.33248
1	351.396
0	22.5434
0	39.1329
0	173.3
1	219.641
0	69.8174
1	167.409
0	46.9062
1	96.0922
0	306.778
1	120.773
1	200.583
0	38.9407
0	8.20296
0	56.8363
0	36.5456
1	74.1032
0	45.4857
1	105.372
1	203.666
0	0.841089
1	182.037
0	54.5104
1	113.14
0	190.906
0	55.2838
1	134.93
1	321.53
0	3.70662
0	10.5717
0	10.9672
0	62.9524
0	121.299
0	19.8139
1	158.851
0	7.61638
1	116.338
1	147.635
0	1.14232
1	180.682
0	43.863
1	198.911
0	111.648
1	173.167
0	16.0216
0	73.5939
1	43.8742
1	256.466
1	104.758
0	181.497
1	156.689
0	43.0405
0	2.78918
1	139.574
1	56.4302
1	63.3126
0	12.9251
1	130.107
1	142.257
1	87.9618
0	29.084
0	40.5106
1	54.5228
1	108.674
1	221.765
0	40.6144
0	35.0708
0	142.026
0	63.8425
1	112.241
1	157.852
1	58.5419
1	266.611
0	321.252
1	69.148
0	66.4543
1	85.9151
0	47.5857
0	41.2322
0	39.0916
1	74.6532
1	312.617
0	1.12954
0	24.0765
1	110.217
0	42.5202
1	139.259
0	95.1968
0	8.69643
1	160.696
1	179.594
0	134.187
0	82.4728
1	128.419
0	132.096
0	7.4899
0	101.535
0	41.0027
0	8.0043
0	19.0746
0	291.777
0	44.3996
0	19.4274
1	105.323
1	174.281
1	85.7169
0	31.6795
1	118.778
1	84.7868
1	268.581
0	17.3449
1	117.771
1	107.672
1	403.291
0	16.783
0	3.24376
0	20.7481
0	86.5057
0	13.2612
1	122.701
0	10.1469
1	145.111
0	19.6423
1	103.175
1	110.088
1	116.657
0	45.753
0	11.0757
1	77.1474
1	173.565
0	1.55336
1	106.239
0	2.22533
0	202.903
0	89.5079
1	157.368
0	9.28857
1	67.0752
1	114.601
1	87.7522
0	38.3963
0	48.129
1	106.803
1	160.6
0	65.3064
0	59.3522
1	110.516
1	178.924
1	174.42
0	62.0867
0	11.6753
1	102.599
0	134.868
0	21.2716
1	92.6351
0	6.23438
0	1.22939
1	332.523
0	7.86289
1	131.185
1	161.087
1	110.657
1	66.0326
1	260.125
0	7.27122
1	162.713
1	191.687
0	7.92801
1	47.009
1	126.143
0	12.8011
1	177.697
0	11.6391
0	0.533879
1	188.657
0	122.952
0	15.4973
1	209.2
1	98.2989
0	5.65155
1	196.341
1	230.613
1	370.755
0	62.2833
0	10.5197
0	2.67944
0	32.2227
0	90.9146
1	62.8043
1	151.585
1	126.596
1	172.36
1	128.649
0	12.1222
1	102.733
0	34.7667
0	46.0618
0	102.752
1	280.471
1	200.803
0	67.106
1	195.857
1	156.851
1	188.698
1	67.4755
1	310.461
1	83.8675
1	206.175
0	23.2407
0	19.9774
0	5.92733
0	9.72255
1	231.497
1	184.809
1	79.6134
0	37.9076
1	72.1231
0	7.73293
0	4.93382
1	119.324
0	12.0549
1	200.918
0	41.5009
1	78.3085
1	218.411
1	148.139
0	66.7228
0	264.525
0	29.6842
1	94.7868
1	236.944
1	124.957
1	67.641
0	4.03353
0	8.13264
0	27.9151
1	126.268
0	78.4971
0	34.7889
0	84.9255
0	48.4379
1	45.5053
0	16.5654
0	50.8449
1	55.3912
0	183.051
0	0.718058
0	367.735
0	158.436
1	175.199
1	204.077
0	5.33734
1	103.81
1	195.033
0	14.9993
0	61.5892
1	126.214
0	30.7467
1	79.9898
0	39.7972
1	124.967
0	76.7683
0	168.748
1	70.8111
1	318.219
0	10.9891
0	76.1322
0	26.0769
0	42.1177
1	92.7287
0	5.37724
0	6.12802
0	21.2548
0	143.186
1	103.909
0	79.0052
0	7.61051
0	20.4739
1	38.4981
1	229.655
1	161.398
0	3.60247
1	159.348
0	5.36123
1	82.2737
0	4.32029
0	104.825
1	129.129
0	12.9592
1	114.407
1	158.934
1	143.079
0	64.642
1	537.34
1	382.26
1	78.9622
1	247.791
1	60.4874
1	65.6211
0	36.1958
0	2.45928
1	177.486
0	124.711
1	122.568
1	135.175
0	101.275
0	9.36245
1	328.11
0	0.158429
1	272.613
1	215.037
0	34.6686
0	61.0027
0	35.2507
1	163.821
1	117.085
1	64.0602
1	84.9828
0	139.289
0	143.388
0	13.2015
1	194.833
1	90.9572
1	227.572
1	303.988
1	96.7534
1	483.952
1	176.349
1	157.902
0	84.9455
0	41.9986
0	76.6029
1	213.505
1	383.592
1	113.93
1	84.7842
0	0.151287
1	107.592
1	373.858
0	69.5828
1	288.075
1	82.7304
0	1.47645
0	35.3831
1	142.175
1	242.288
1	128.184
1	209.756
0	8.90016
1	114.564
1	164.147
0	26.1666
1	280.98
1	114.814
1	231.908
1	236.911
0	3.41442
0	0.857811
0	3.42266
0	16.4808
1	371.454
1	251.231
1	275.281
1	103.922
0	90.2153
1	307.432
0	15.389
0	8.47675
0	197.509
0	24.482
0	37.4868
0	5.77325
0	360.531
1	283.448
0	27.3181
0	157.154
1	62.5808
1	145.578
0	0.432551
1	70.4178
1	371.248
1	246.652
0	54.4748
1	99.1273
0	155.639
0	6.22422
1	150.893
0	0.656571
0	26.5565
0	83.6416
1	294.927
1	73.8159
0	19.6918
0	78.3862
0	2.2107
0	78.2209
1	249.343
0	55.1331
0	19.7162
0	8.01039
1	73.0165
0	29.2359
1	142.163
0	38.517
1	131.479
0	94.4731
0	16.7643
1	215.452
0	73.1628
1	93.6562
0	48.0988
1	130.881
0	56.413
0	30.9988
0	96.8781
0	66.3334
0	12.9765
1	136.781
1	245.65
1	165.072
1	67.1777
0	33.714
1	148.388
0	0.520598
0	77.676
1	267.094
1	126.127
1	320.986
1	377.707
0	5.77522
1	116.493
1	232.062
1	100.644
0	34.1885
1	130.854
1	109.04
1	152.275
1	308.585
1	176.455
0	11.6213
0	269.178
0	0.542251
0	1.74111
1	189.494
0	78.5085
1	100.29
1	192.108
0	34.4202
1	203.501
0	22.443
1	60.6628
1	233.908
0	44.1994
0	150.516
0	78.9466
1	61.8576
1	99.7234
1	127.08
0	19.1958
0	119.313
1	118.793
1	128.237
0	16.8777
0	12.5109
0	5.40276
1	163.916
1	155.486
0	45.4173
0	35.7532
0	122.455
0	3.79103
0	9.35845
1	53.697
1	363.463
1	141.323
1	149.732
1	218.663
1	134.309
0	28.5006
1	160.644
0	0.939297
1	152.221
1	88.5128
1	93.1743
0	38.3436
0	29.1862
1	127.747
1	152.888
0	49.522
1	112.103
1	31.8488
0	50.5466
0	24.1555
0	34.7496
1	108.39
1	69.9398
0	86.812
0	15.3496
0	100.629
0	2.90299
1	202.311
0	39.4956
0	4.63175
0	36.1586
0	189.298
0	120.119
1	202.68
0	128.058
0	75.4125
0	97.4397
0	30.0727
1	117.783
0	6.08625
0	11.3919
0	23.6586
1	133.876
1	86.8876
0	31.2938
1	45.7958
1	77.4073
1	91.3274
1	279.012
1	64.1371
1	57.7027
0	3.81615
0	76.5007
0	170.217
1	63.499
1	171.829
0	37.9959
1	96.2528
1	68.7204
1	93.8591
1	195.839
1	106.152
1	127.057
1	278.281
1	105.501
0	43.5632
0	88.7948
0	15.3694
1	131.728
0	14.6461
1	453.045
1	109.136
0	83.6318
0	26.4949
1	160.689
0	8.5707
1	164.187
0	335.723
1	183.277
0	83.3795
0	50.9158
1	192.384
1	324.193
1	139.732
0	131.233
0	7.46614
0	12.2428
0	2.21837
0	30.2997
0	69.8641
0	83.2976
1	52.1217
1	62.7291
0	34.9161
0	116.76
1	72.8852
0	79.5683
0	48.2432
1	97.5415
1	159.559
0	29.1279
0	112.313
1	101.105
1	71.4795
1	230.574
0	13.443
1	99.2067
1	292.735
0	19.6469
1	155.118
0	69.4517
1	74.6798
0	7.79515
1	275.809
0	3.59479
1	206.8
0	35.2496
0	23.9965
1	120.019
1	75.0392
1	177.512
1	160.705
0	25.1122
1	89.2351
1	381.131
0	46.7095
1	143.23
0	31.8132
1	116.313
1	113.726
1	128.84
1	161.579
1	91.4796
0	13.5341
0	9.10859
1	260.103
0	35.1073
0	4.19754
0	32.0403
1	138.027
1	119.632
0	24.1189
0	209.389
1	97.958
1	179.217
0	80.9595
1	136.939
0	8.20304
1	106.962
0	20.6049
1	243.412
1	183.772
0	156.365
1	92.2981
0	5.65238
1	87.3979
0	4.31491
1	340.028
0	185.063
1	145.083
1	170.612
1	95.7676
0	9.83568
0	19.5798
1	57.3721
1	237.455
1	89.4093
1	242.386
1	166.813
0	132.246
0	55.3622
0	294.195
0	38.839
1	92.0495
0	82.4708
1	145.059
0	16.8002
0	2.5308
0	53.9971
1	154.032
0	66.8176
1	106.047
0	75.6878
0	54.4464
0	41.9682
1	79.3793
0	81.4546
1	93.5313
1	98.4515
1	92.2485
1	145.959
0	109.132
0	47.6521
0	41.1163
0	13.86
0	10.5409
0	31.2983
1	150.282
1	303.869
1	146.67
1	119.451
1	220.091
0	121.883
0	84.5457
0	43.8445
1	225.879
0	1.77754
0	81.5865
0	0.211605
1	92.4962
0	54.8171
1	295.363
1	62.8414
0	17.7703
0	36.2592
0	64.4321
0	35.7563
1	70.657
1	194.95
1	206.514
1	57.5337
0	49.3243
0	84.5053
1	123.737
0	21.3516
1	95.2358
1	194.888
1	95.1011
0	28.3851
0	33.4723
1	96.1562
1	71.6649
0	16.0106
0	308.724
1	48.2028
0	4.25899
0	33.2158
1	135.311
0	22.4795
1	93.5398
0	10.4073
0	118.545
1	143.52
1	245.332
1	234.721
1	218.579
1	50.8138
1	65.9052
1	61.0154
0	110.248
1	129.5
0	1.53386
1	56.1733
1	163.092
0	22.743
1	55.047
1	108.479
0	64.9081
1	262.745
0	96.12
0	55.6184
1	151.269
1	114.109
1	110.938
0	31.8389
1	222.969
0	25.5606
0	13.831
0	27.4187
0	71.7821
1	96.1933
1	92.9329
1	93.7304
0	152.778
0	55.6593
0	24.4868
1	143.227
0	303.742
0	10.8536
0	10.2092
1	128.805
1	68.5635
1	117.874
1	63.1744
1	288.563
0	10.5785
0	22.6044
0	79.5246
0	16.8822
1	157.522
0	166.739
1	163.601
1	126.357
0	31.6409
1	159.823
0	73.9424
1	88.9966
0	21.3034
0	7.3786
1	109.473
0	8.60728
0	24.6147
0	68.6691
1	231.604
0	43.6352
1	60.2664
1	90.2565
0	24.1129
0	14.5183
0	11.4478
0	96.4304
0	129.294
1	126.376
0	61.2111
1	109.362
0	59.9309
0	42.5905
0	68.7076
1	185.828
0	13.4057
0	28.6289
0	28.9182
1	150.858
0	7.33141
0	64.1663
0	63.2826
1	71.7003
1	248.131
1	102.344
0	72.1423
0	237.39
1	274.003
1	105.056
1	173.766
1	118.103
1	226.163
1	100.678
1	87.2495
1	68.3389
0	3.6064
1	317.893
0	48.3694
0	36.5356
0	32.0873
1	252.916
1	116.791
0	0.52158
1	20.3701
1	118.234
1	85.5242
1	197.635
1	84.4334
1	256.288
0	80.2669
0	6.52887
1	190.028
1	164.259
1	132.924
1	123.493
1	137.326
0	212.963
0	23.4678
0	11.2066
0	78.9674
0	34.3234
0	24.2757
1	407.108
1	117.412
0	91.0191
0	66.1966
0	0.45138
0	22.8361
1	107.241
1	61.4813
0	20.1524
0	12.8765
1	507.458
1	52.7775
0	4.79942
1	56.4808
1	99.4956
1	48.7148
1	150.503
0	2.51732
0	80.2745
0	39.5146
1	269.83
0	34.87
0	26.5909
1	56.1925
1	42.4353
1	51.2895
1	198.684
0	14.0179
1	146.256
0	30.7006
0	11.2877
1	94.413
1	203.828
1	57.6346
1	110.91
0	135.446
0	17.212
1	118.22
1	63.9106
0	20.885
0	4.69863
1	110.93
1	140.375
1	67.0816
1	383.814
1	183.3
1	103.57
0	72.1451
1	116.664
1	278.664
1	64.946
1	143.258
0	40.5055
1	132.039
1	356.343
0	179.115
1	70.504
0	38.808
0	23.6213
1	114.021
1	229.697
1	422.475
0	34.6747
0	48.8031
0	263.707
1	135.217
1	139.072
1	108.351
0	110.176
0	85.3505
0	98.555
1	249.724
0	56.4195
1	339.19
0	24.6738
0	6.98875
1	169.495
0	0.666793
1	65.0453
0	28.8082
0	5.53752
1	199.696
1	117.52
1	84.9193
1	188.05
1	83.2366
1	126.29
1	126.37
0	12.1019
1	173.162
1	177.301
1	143.429
1	138.608
0	21.5101
1	104.628
1	101.846
0	10.242
0	27.0093
1	105.998
0	24.0354
0	32.3714
1	207.217
1	263.622
1	159.231
1	82.6902
1	91.3413
0	117.186
1	75.7194
0	29.7709
0	24.8094
1	96.2635
1	207.181
0	0.531894
0	20.6779
1	118.17
0	23.5169
0	156.954
0	24.4198
1	242.156
1	185.644
0	18.0722
0	33.1484
0	87.3757
1	184.041
1	237.804
1	111.503
1	114.596
1	194.507
0	4.20437
1	88.1127
1	264.784
0	341.642
0	8.63644
1	78.9671
0	20.3596
0	33.099
0	25.1476
1	166.493
0	0.591729
0	9.1522
0	9.8539
0	7.75333
0	40.9919
0	97.8749
0	137.606
1	260.212
0	8.40363
0	29.6276
1	235.575
0	48.9488
1	246.399
0	1.91094
1	154.865
0	63.4721
0	27.345
0	21.4591
1	167.591
0	2.41073
1	68.2557
1	169.23
0	36.02
0	3.56765
1	198.609
1	175.215
1	251.244
0	87.1079
0	27.38
0	33.3806
1	274.652
1	88.4756
0	11.0683
1	59.2201
0	99.8751
0	46.4801
0	29.7593
1	298.604
0	20.9081
0	31.5216
0	223.565
1	95.2362
1	131.121
0	27.8569
0	2.7668
1	85.244
1	305.969
0	6.86818
1	77.7182
0	25.6885
1	105.952
0	10.4773
0	143.824
1	273.346
1	142.314
0	56.4985
0	7.20029
0	20.5971
0	20.9102
0	42.617
1	130.269
0	133.534
0	215.315
1	159.363
0	0.885753
1	78.4108
0	2.81545
1	200.943
1	214.91
0	13.309
0	19.9938
0	6.70939
0	132.461
1	325.981
0	20.6272
0	147.876
0	5.63498
1	204.346
0	63.5618
1	213.085
0	3.21822
0	28.9404
0	16.7991
1	101.683
1	226.836
1	108.953
1	109.521
1	124.227
0	205.823
0	36.4853
1	118.005
1	237.232
1	132.779
0	3.49036
0	45.7835
0	93.3168
0	60.9322
0	10.4998
0	13.9658
0	127.514
1	159.574
1	409.476
1	118.255
1	258.909
1	254.204
0	3.77134
0	18.0481
0	30.1495
0	35.4977
1	223.685
1	270.404
0	6.39719
0	57.5308
1	225.069
1	127.426
1	66.4422
1	107.013
0	71.4768
0	19.8453
0	16.4164
0	1.11265
0	67.0427
1	162.102
0	52.3746
1	250.539
0	33.5822
1	321.955
0	73.4712
0	157.488
1	53.3551
1	120.936
1	43.0164
0	24.4116
1	91.2327
1	173.317
1	200.993
0	10.5423
1	190.76
0	29.0016
0	67.2275
0	31.8228
0	6.16612
0	122.035
1	202.647
1	497.809
1	141.882
0	74.9492
0	115.82
1	161.057
1	130.316
0	27.1149
1	279.645
0	47.5391
0	102.091
1	118.789
0	45.8047
1	310.493
1	168.848
0	31.2545
0	219.004
1	199.565
0	38.9343
0	66.589
0	27.5857
0	121.417
1	97.8843
0	0.983263
0	119.062
1	195.666
1	108.236
0	5.00576
0	52.4601
0	20.5133
0	17.9908
1	400.921
0	21.9608
0	44.294
0	10.5231
0	156.117
0	32.7722
1	93.8279
1	362.645
1	101.479
1	456.202
1	140.386
1	97.6964
1	246.265
0	9.46569
0	8.55548
1	151.239
1	311.426
1	110.535
1	53.2217
0	59.3825
1	104.149
0	58.5032
0	11.3672
1	73.7496
0	13.4415
1	218.322
0	117.241
1	421.885
1	101.52
1	69.8405
1	112.163
1	83.5002
1	129.077
0	111.647
0	129.472
1	106.433
0	41.3857
1	63.2868
1	146.921
1	204.199
1	203.077
1	216.409
0	19.5442
1	172.157
1	99.356
1	90.7426
0	34.0216
0	10.1481
1	277.366
0	153.18
0	39.1302
1	126.657
0	14.0797
0	22.8918
0	83.4716
1	112.554
0	25.1237
1	162.032
0	115.094
0	79.0193
0	54.9124
0	4.09459
0	8.43694
0	45.8111
1	44.9165
1	203.548
0	45.1
1	181.304
0	354.914
0	9.60999
0	18.9262
0	61.9112
1	176.543
0	98.7457
1	314.621
0	21.6164
0	117.819
0	9.09775
1	152.695
0	34.3672
0	22.3123
1	42.0006
1	150.013
0	166.295
1	78.3544
0	12.3801
1	105.571
0	104.371
1	113.258
0	2.8681
1	136.305
0	115.36
1	91.4421
0	6.25377
0	5.28684
1	207.997
1	94.965
0	4.57641
1	183.403
1	389.578
0	23.403
1	116.146
0	70.9975
0	25.0089
1	345.551
0	56.4887
1	153.672
0	58.8291
0	9.07314
0	23.4097
1	225.548
0	99.6437
1	23.5078
1	91.5673
0	0.249826
1	61.5786
1	147.586
1	197.94
1	194.402
1	68.494
1	218.497
0	350.381
1	99.4812
1	166.024
0	18.9232
1	160.947
0	36.9701
0	452.423
0	50.7949
1	179.503
0	25.6372
0	16.791
0	113.099
0	58.7319
1	154.046
0	44.9839
0	9.70077
1	83.8584
0	39.5749
0	8.4487
1	121.635
0	24.9427
0	19.6651
1	140.052
1	85.0922
0	12.0175
1	225.643
0	12.6212
0	11.7897
0	18.7866
1	164.758
0	32.2392
0	58.6733
0	54.0983
1	124.128
0	4.13525
1	129.146
1	112.916
0	14.6993
1	257.79
0	205.686
1	69.1179
1	197.44
0	74.3806
0	45.5291
1	163.854
1	215.109
0	77.9144
1	72.6332
1	103.628
0	37.288
1	60.1986
0	2.70434
0	12.6066
0	9.8444
1	64.8833
0	43.8285
0	17.6103
1	113.361
0	6.9991
0	6.93589
0	18.2013
1	100.245
1	134.551
1	42.4245
0	39.9181
0	84.7336
1	242.732
0	3.67157
1	333.046
0	133.732
1	81.0153
1	355.809
0	251.458
1	57.6581
0	27.7627
0	89.8425
1	109.959
1	92.0383
1	281.053
0	13.6874
0	136.892
0	7.452
1	109.459
1	206.914
0	64.953
0	87.8683
0	20.769
0	31.671
0	97.0848
0	5.3314
0	7.58048
1	170.46
0	34.4543
1	185.895
1	111.772
0	3.39967
1	285.828
0	89.9179
0	26.5913
1	134.065
1	475.058
1	187.69
1	194.792
1	147.657
1	156.777
0	298.367
1	241.583
1	89.8033
1	136.068
1	433.534
0	12.1933
0	42.035
0	36.4097
1	212.521
0	10.8773
1	156.837
1	103.066
0	67.503
1	93.3267
1	129.117
1	76.8914
0	14.7519
0	0.0246137
0	70.3976
1	63.4119
0	297.334
0	6.74703
0	21.0732
0	15.0598
0	36.6973
0	108.093
0	111.483
0	9.20524
1	137.539
0	124.73
1	110.664
1	157.858
0	10.7845
1	122.062
1	131.592
1	92.4724
0	50.0785
1	91.7039
1	134.108
0	22.4769
0	63.9303
1	185.611
0	24.6657
0	89.4415
1	162.498
0	98.9225
0	38.2552
1	184.019
0	48.7489
0	13.9453
1	166.916
1	162.944
0	0.464843
1	86.2938
1	126.421
0	23.2285
1	95.197
1	352.09
0	6.38032
0	40.8504
1	64.5102
1	59.958
1	149.818
0	402.037
0	40.0923
1	128.042
1	152.56
0	9.75047
0	9.24914
1	140.386
0	9.07457
0	6.53514
1	270.24
0	268.022
0	29.8697
0	0.687853
0	0.643899
0	114.558
0	121.144
1	127.815
0	55.0921
0	47.0751
0	4.12252
0	10.1466
1	163.067
0	13.1276
0	59.7484
1	192.087
0	52.3105
1	155.439
0	17.3135
0	0.126124
0	8.15313
1	151.868
0	68.7084
0	18.9521
1	136.849
0	339.701
1	322.865
1	94.8954
0	21.7699
1	136.782
0	14.0958
1	281.225
1	109.357
0	13.697
1	237.794
0	39.7638
1	208.62
1	120.077
0	42.3734
1	91.0366
1	398.011
1	117.491
0	90.1502
1	160.607
1	148.898
0	200.573
0	290.955
1	56.0247
1	112.296
1	147.819
0	18.2377
0	161.199
1	209.346
1	75.7558
1	111.368
0	96.7466
1	151.152
0	159.13
1	75.2904
1	130.284
0	15.9959
1	84.7998
1	160.025
1	369.283
0	50.6896
0	14.6533
1	60.2483
1	132.996
0	0.52142
0	63.4791
0	18.7015
1	145.797
0	32.927
1	158.444
1	87.6698
1	84.0918
0	9.48962
0	19.3928
1	65.2779
0	21.2094
0	140.105
0	29.7615
1	172.472
1	108.684
1	52.8197
1	182.672
0	39.3413
1	120.748
0	29.2318
0	34.4837
0	101.06
1	219.356
0	87.8685
1	101.78
0	48.2839
0	11.4453
1	109.704
1	334.169
1	180.066
0	132.511
1	261.917
1	93.9759
0	7.07425
1	37.2123
1	173.171
0	31.2157
0	44.6577
1	74.3205
1	155.001
0	259.929
1	151.706
0	95.8328
1	116.906
0	3.03945
1	152.443
1	209.002
1	71.9003
1	267.378
1	53.2384
0	48.4185
0	4.43807
1	143.862
0	113.238
1	172.054
0	6.37374
0	12.2899
0	8.32164
0	16.1969
1	70.627
0	93.8773
1	110.233
1	138.083
0	8.22714
0	60.9694
1	131.165
1	139.08
0	40.5172
0	17.2286
0	119.826
1	96.4494
0	33.1962
1	136.817
0	31.1866
1	263.521
0	10.6776
0	2.27642
0	19.2012
1	231.458
1	72.9378
0	82.4373
1	90.0215
1	139.32
1	202.778
0	74.9323
0	35.1096
0	11.3367
1	165.37
1	144.216
0	65.3878
0	200.955
1	53.7853
0	31.3945
0	56.4537
1	58.9909
1	201.536
0	49.3122
0	10.5214
0	127.959
1	87.232
0	50.268
0	130.144
1	289.501
1	83.1006
0	32.0106
1	241.083
0	21.7359
0	29.2661
1	75.0942
1	229.611
0	3.58424
0	29.2357
0	70.2559
1	283.911
0	27.7761
0	27.1869
1	69.4194
1	280.662
1	311.473
1	88.511
1	375.371
1	141.936
1	140.159
0	44.1342
1	241.804
1	48.5393
0	6.76758
1	105.829
0	4.85163
0	19.3221
0	11.6267
1	141.067
1	221.713
0	157.907
0	28.7814
0	59.696
1	259.655
0	7.60276
1	75.4886
0	98.2672
0	24.7475
0	20.2094
0	1.68204
0	227.083
1	138.604
1	114.782
1	93.7437
0	39.3688
0	5.84704
1	83.6774
0	194.402
1	61.607
1	265.627
1	90.2481
0	92.3702
0	49.9255
0	22.0187
0	48.9081
1	185.611
1	74.0124
1	284.63
1	56.3905
0	2.60276
1	185.706
0	34.8355
0	360.591
0	29.8213
1	283.099
1	104.273
0	365.861
1	94.3899
1	92.3558
1	45.0731
0	491.428
1	256.337
0	5.374
1	623.685
1	268.332
1	59.1497
0	37.5801
0	14.1099
0	41.9231
1	142.825
0	18.2508
1	131.232
1	146.738
0	8.37628
0	20.9944
1	183.807
0	55.7014
0	11.0176
1	184.096
1	178.894
1	262.33
1	124.303
1	165.746
1	187.305
1	103.77
1	215.844
0	49.5394
0	52.2602
1	102.873
1	173.469
1	137.562
1	314.626
1	190.502
0	41.6304
0	20.1519
0	130.794
0	83.1293
1	129.672
1	112.58
1	38.0851
1	190.295
0	10.8792
1	126.469
0	28.8349
1	250.127
1	149.922
0	15.5338
0	71.1419
0	11.7755
0	21.2936
1	89.3812
0	36.3721
1	83.0394
0	2.3493
0	41.0662
1	148.601
1	249.558
1	59.0925
0	5.2082
0	90.3376
1	61.4009
1	187.136
1	48.5067
1	81.7556
1	181.987
1	114.527
1	213.989
0	31.8851
0	3.40161
1	125.528
0	44.9404
0	25.3298
0	3.90562
0	5.3093
1	128.306
1	80.2215
0	6.95204
0	3.77982
0	3.71872
1	39.2245
0	9.97883
0	45.156
1	147.364
1	99.9646
0	152.441
1	147.917
0	43.273
1	111.561
0	32.6047
1	96.7395
0	13.5837
1	227.488
0	61.2085
0	30.5132
1	254.533
1	385.68
0	101.188
1	88.3819
1	78.4674
0	17.1529
1	149.049
1	273.156
1	188.663
0	1.24361
1	409.554
0	92.6263
0	9.49294
1	157.33
1	231.783
0	60.5761
1	78.4277
1	239.073
0	74.3869
1	155.345
0	9.57983
0	18.2996
1	229.089
1	358.413
0	137.76
1	70.4755
1	100.587
1	116.592
1	180.926
0	26.4765
0	22.3887
1	246.163
0	1.87348
1	77.2999
1	271.308
0	0.614614
1	274.964
1	77.0443
0	56.0498
0	30.8878
1	234.991
1	189.679
1	212.591
0	152.053
1	104.967
1	43.5056
1	350.403
1	103.601
1	105.825
0	48.5932
1	321.756
1	220.678
0	2.02671
1	108.938
0	3.17351
0	8.39904
0	118.503
0	2.55978
1	201.589
1	64.3886
0	10.4839
0	99.0781
1	198.541
1	31.3995
0	8.43508
1	371.364
1	302.728
0	30.4605
0	80.2599
1	127.843
1	286.251
1	208.906
1	255.096
1	168.072
1	155.94
0	91.4784
1	118.933
0	1.3947
1	151.144
0	529.23
0	197.3
0	37.2659
1	56.8504
1	83.5665
1	192.793
0	5.11401
0	30.5166
0	103.638
0	8.98134
1	128.005
1	44.2957
0	130.355
0	18.6873
0	20.8544
1	74.2933
0	22.2885
0	8.10516
1	235.383
0	53.5492
0	51.8541
1	159.701
0	166.019
0	27.3479
1	101.034
0	26.8787
0	1.01694
0	14.1563
0	6.92345
1	184.311
0	22.1881
0	16.6228
0	60.8648
0	71.2858
1	278.206
1	287.808
1	134.618
1	137.889
1	59.9787
1	48.3164
0	82.1463
0	36.1427
0	25.6395
1	170.244
0	79.6064
0	136.105
0	31.5719
1	259.131
1	118.545
0	20.3479
0	49.24
0	105.454
1	99.2594
1	93.2935
1	72.7974
1	115.065
1	70.4818
1	45.8521
1	159.68
1	72.3688
0	22.407
1	110.334
0	89.2466
0	3.48556
0	21.2354
1	596.814
0	40.462
1	81.6767
0	29.0662
1	38.7545
1	255.17
1	50.7369
0	34.0577
1	187.705
1	92.8864
1	184.883
1	232.227
0	36.4789
0	29.5806
0	3.59771
0	42.4032
0	19.6086
1	96.0794
1	106.988
0	25.3829
0	30.6655
1	109.759
1	113.633
0	41.9131
0	26.8703
0	14.0684
0	13.9007
1	112.072
1	53.3343
1	146.408
0	31.7897
0	67.3758
0	18.3048
0	106.21
1	187.053
0	44.9888
1	155.511
1	129.44
1	172.553
1	119.183
1	133.175
1	87.0643
0	6.35194
1	136.436
0	61.9797
1	68.3712
0	7.54005
1	78.5434
1	88.2648
1	172.689
1	79.1334
1	91.2815
1	125.547
0	3.26836
1	156.848
1	193.91
1	109.888
1	129.702
1	119.662
0	9.85231
0	25.3032
1	110.122
1	161.517
1	154.652
1	139.175
1	76.7669
0	72.0166
1	199.072
1	141.024
1	109.279
1	70.7922
1	96.1915
1	155.634
0	5.45526
1	141.678
1	160.702
1	139.119
0	9.05383
1	152.288
0	51.6872
0	52.2005
1	41.2844
0	180.211
0	25.6442
1	285.039
0	32.874
0	9.46782
0	120.814
0	5.63357
0	1.26187
0	15.2662
1	156.472
0	76.664
0	19.6847
0	32.2942
0	42.9845
0	35.9427
0	38.2673
0	87.3283
0	0.724099
0	7.03496
0	64.6966
1	332.889
1	163.713
1	136.549
1	261.367
1	109.238
1	203.915
0	53.6062
1	104.064
0	26.5436
0	2.88117
0	65.1002
1	127.601
1	211.413
0	219.728
0	22.734
1	129.718
1	75.371
0	46.3315
1	159.574
0	58.4676
0	39.717
0	68.7151
0	5.05469
1	171.592
1	191.906
0	56.1984
1	260.188
1	166.621
1	252.294
0	31.8419
1	105.05
0	61.315
0	22.3915
0	9.78964
0	43.1998
0	96.5012
1	55.8801
1	159.735
1	70.6351
1	137.501
0	3.44083
1	75.1198
0	17.589
0	4.63748
1	162.814
0	43.2411
1	149.675
0	11.6339
1	135.95
0	98.602
1	131.994
1	140.221
0	118.45
1	92.7721
1	279.895
0	88.6361
0	9.57821
0	56.6425
0	35.2737
1	153.783
0	107.305
1	88.1736
0	51.8566
0	26.0779
1	91.3347
0	4.33626
0	31.0275
1	156.614
0	110.25
1	194.911
1	125.523
1	82.0578
0	95.6891
1	83.1968
0	15.5382
0	10.5859
0	14.8932
1	80.738
0	28.149
0	8.83941
0	7.73682
0	31.6071
1	53.5998
1	89.7184
1	311.784
0	68.9873
0	43.4164
0	31.6452
0	34.0375
0	19.4102
1	147.766
0	14.1579
0	29.4394
0	11.162
1	93.155
0	10.5596
1	79.8885
1	199.406
0	103.992
1	276.595
0	52.1503
1	141.396
1	203.641
0	18.2884
1	104.285
0	14.5407
0	26.8701
0	35.7498
1	120.516
1	291.816
0	16.4965
0	110.711
1	131.825
0	25.0765
1	279.147
1	115.65
0	0.942722
0	10.3004
0	0.0748285
0	39.3339
1	147.786
0	58.6563
1	269.788
1	47.083
1	171.286
0	41.2215
1	272.221
1	258.253
0	25.4343
1	62.0164
1	132.819
0	193.275
0	84.8236
1	52.9874
0	4.58025
0	2.90142
0	86.2846
0	55.36
0	33.3729
1	62.1023
1	166.222
0	5.69877
1	256.273
1	91.5382
0	39.9472
1	87.6378
1	31.4682
1	144.692
0	173.731
1	253.856
1	110.371
1	171.096
0	7.23334
0	95.8835
0	108.444
1	74.9621
0	36.2166
0	44.3725
0	90.7574
0	35.1363
0	26.7569
0	15.9379
1	166.215
0	44.6368
0	5.74826
1	112.176
1	143.707
0	33.6269
0	157.597
0	23.0316
1	63.8765
1	101.476
0	9.204
0	14.0726
1	242.602
0	130.545
1	154.988
0	14.4927
0	14.9372
0	16.1138
1	225.72
0	5.74862
1	226.138
1	130.506
0	132.963
1	121.809
0	47.7832
1	68.9022
1	380.277
0	194.586
1	159.259
1	208.737
0	74.3481
1	146.673
0	1.40035
0	4.75207
1	78.0294
0	5.23768
1	211.681
1	248.497
1	135.631
0	34.4827
1	179.091
1	117.434
0	60.0114
1	180.066
0	19.1573
0	19.553
0	182.834
0	52.4232
0	49.6178
0	35.6588
0	292.042
0	11.6745
1	62.3042
1	92.5626
0	5.34481
0	13.5553
0	13.795
1	140.093
0	69.2722
1	73.9566
0	36.4678
1	202.539
0	0.63695
1	164.3
1	248.866
0	153.809
0	161.569
0	15.6541
1	148.727
1	175.374
0	54.82
0	74.536
1	126.608
0	25.3804
1	223.241
0	22.1981
0	48.6886
1	242.344
1	64.1147
0	4.00785
0	1.41387
1	269.336
1	75.6133
1	167.352
1	62.0147
1	88.0175
1	408.578
0	113.286
0	8.8093
1	577.946
1	66.4297
1	349.222
1	180.68
0	75.8184
1	189.397
0	54.1548
1	355.982
0	115.625
0	35.4886
0	160.066
1	144.734
0	11.9863
1	164.358
1	65.8565
0	35.0876
1	268.62
1	102.509
1	65.868
1	84.6136
1	141.473
1	116.074
1	242.713
0	6.10026
1	143.995
0	71.4115
1	201.724
0	110.709
0	15.3317
0	72.7826
0	104.054
1	183.396
1	102.525
1	91.3654
0	15.7923
0	110.796
0	46.8926
0	22.5179
1	95.5846
0	28.9897
1	194.457
0	38.5417
0	24.0419
0	23.8644
1	120.403
0	42.2829
0	23.6957
0	65.3872
1	254.206
1	209.434
0	10.5805
1	45.4754
1	210.996
1	105.971
0	67.4675
0	0.928727
1	105.34
1	84.2729
1	105.338
1	147.974
1	206.395
0	128.451
0	127.54
1	112.6
1	104.321
0	20.3853
1	156.671
0	8.69627
1	73.1681
1	173.347
1	150.493
0	1.34244
0	66.2583
0	12.691
1	64.8504
1	481.286
0	42.2032
0	13.1773
1	63.3632
1	147.529
0	2.95461
0	459.535
0	1.87067
1	157.376
1	259.696
0	36.4223
1	71.8574
0	34.5556
1	197.178
1	80.6144
1	122.27
0	10.1587
1	291.235
1	136.237
0	55.6603
0	56.0705
0	2.74753
0	0.0885157
0	60.7155
1	118.476
0	20.4332
0	41.1561
0	29.4946
1	185.29
0	9.49408
0	61.2597
1	195.283
1	82.5392
0	29.6133
0	20.1209
0	28.1914
0	41.2061
1	121.3
1	121.15
1	331.529
0	45.9271
1	172.718
0	13.0051
1	96.2176
1	362.567
0	38.2716
1	175.05
1	185.353
1	110.696
0	70.559
0	4.43034
1	222.569
0	196.825
1	106.382
1	157.55
1	119.56
1	67.9474
0	109.343
0	22.2584
0	76.8816
1	129.731
0	8.66269
1	152.711
1	258.437
0	44.0056
0	21.9814
0	3.82343
0	95.9364
0	21.479
0	65.9122
1	30.5113
0	43.9273
0	2.92379
0	46.788
1	170.857
0	5.5357
0	148.884
0	8.43226
1	248.163
1	89.0827
1	195.274
1	68.1743
1	128.073
0	25.9626
1	89.4112
0	3.94027
0	9.8153
1	86.243
1	121.936
0	75.5855
0	148.639
0	257.453
0	25.9556
0	116.807
0	11.103
1	169.27
0	143.959
1	114.987
1	102.516
1	178.302
0	18.4273
0	0.323157
1	93.255
0	15.0706
0	16.9899
1	68.3048
0	82.1216
1	165.876
0	141.704
0	73.333
1	69.1636
0	25.0617
1	82.0896
0	67.4128
1	151.869
0	22.1152
1	244.391
1	150.271
0	148.549
1	241.256
0	140.91
0	60.7077
0	6.00459
1	66.9995
1	77.8427
0	7.22189
0	9.10771
0	13.9872
1	144.932
1	71.1296
0	207.659
0	63.3284
1	271.252
1	188.806
0	55.4779
0	13.1634
1	83.322
0	45.0975
0	29.1112
1	595.984
0	67.1876
1	101.609
1	155.601
1	203.151
0	10.6366
0	34.5004
1	178.005
1	193.707
0	115.02
1	57.4657
1	140.23
0	22.7195
0	14.3009
1	165.17
0	183.38
0	25.1816
1	71.1324
1	130.899
1	117.864
0	70.4109
0	0.509282
1	111.209
1	122.3
0	23.7371
1	149.241
0	14.2592
0	163.748
0	41.7145
1	195.392
0	144.338
0	7.35458
1	268.233
1	174.501
0	8.66698
0	26.4427
0	37.2001
1	104.947
1	189.804
1	124.781
0	63.1526
1	74.3775
1	134.034
1	153.376
1	90.0022
1	92.445
0	37.9577
0	10.4995
1	169.353
1	242.772
0	83.8895
0	8.70061
1	184.04
0	15.6777
1	109.944
1	138.831
1	196.73
0	10.9093
1	63.5496
1	93.6672
0	25.001
0	109.598
0	0.60796
1	121.521
0	5.92046
0	62.8249
0	114.681
0	30.4154
1	122.208
1	129.383
1	313.76
0	114.24
0	154.586
1	215.19
1	247.581
0	90.0337
1	184.286
1	177.249
0	97.461
0	13.7652
1	76.4668
1	115.088
0	92.5788
1	161.904
0	17.1761
0	50.9862
1	244.315
1	169.225
1	62.3749
1	255.01
0	2.00942
0	32.8721
0	32.8612
1	29.533
1	110.884
0	249.7
1	184.45
0	0.0807678
1	270.504
1	162.975
1	75.7052
1	203.626
1	128.497
0	70.1767
0	26.7646
1	113.584
1	367.441
0	22.9244
0	8.60154
0	26.6287
1	276.913
0	14.722
1	70.6164
0	1.16469
1	137.791
1	215.492
0	16.7573
1	234.7
0	29.204
1	193.274
1	88.7789
1	81.4718
1	245.671
0	112.018
0	30.6065
0	0.234345
1	181.769
1	443.825
0	11.9095
1	432.655
0	42.2627
1	207.644
0	226.455
0	9.55772
0	24.7542
1	275.432
0	36.2173
1	112.607
0	12.7261
0	41.5857
1	181.002
1	124.069
0	26.971
1	240.284
1	98.5364
1	184.992
0	137.91
1	305.802
1	171.966
1	62.3183
0	12.3673
1	190.478
1	106.878
0	1.43484
1	71.4116
0	2.25934
0	24.9525
1	301.108
1	268.154
1	445.359
0	23.2925
0	36.6268
1	112.885
0	56.9559
1	121.505
0	0.335627
1	105.398
0	74.5819
1	96.2068
0	14.794
0	3.59583
1	117.298
1	212.365
1	100.935
1	156.945
1	122.444
0	6.47279
1	92.7512
0	22.2642
0	20.2776
1	333.504
1	95.6076
1	148.182
0	94.6818
0	21.2744
1	91.5922
0	10.7624
1	103.704
0	40.8174
0	47.9359
0	41.6384
0	27.1087
1	202.589
1	100.174
1	163.715
1	93.2059
0	1.60074
1	183.488
1	123.983
0	229.676
0	5.53794
0	6.65883
1	81.6572
0	257.942
0	6.03407
1	150.624
0	75.8618
1	125.192
0	35.5919
0	7.80213
1	43.6635
1	99.5706
0	5.35273
0	21.4743
1	400.9
0	5.30775
0	84.0886
1	39.7589
1	79.7196
1	97.8141
0	61.6113
1	221.893
0	18.3832
1	85.8442
1	67.4281
0	70.7682
1	120.515
1	183.153
0	2.9533
1	88.0741
1	53.8167
0	24.5849
0	38.0029
0	19.0845
0	129.028
1	136.91
0	15.824
1	129.089
1	177.263
1	238.466
1	155.413
0	77.5816
1	207.073
1	73.0384
0	31.2977
0	85.0149
0	15.6816
0	4.46618
0	33.7774
0	71.5847
1	140.258
1	77.4391
1	245.126
1	193.349
1	171.053
1	92.7771
1	221.07
0	70.135
1	100.119
0	49.5104
0	36.1884
0	8.62431
1	166.923
1	157.261
0	19.144
1	48.6162
1	64.6785
1	96.2521
1	151.436
0	5.24654
1	109.679
1	86.3963
1	44.3323
0	84.9156
1	71.9331
1	72.9369
1	101.286
1	99.3255
0	6.9918
0	26.5217
0	62.857
1	130.111
1	102.619
1	214.984
0	8.35382
0	4.42416
1	75.275
1	119.369
0	7.23997
1	101.334
1	173.54
0	42.7688
0	88.4949
1	83.1842
0	56.4412
1	126.077
0	85.3729
1	308.051
0	120.264
1	135.124
1	226.537
1	269.704
1	295.27
1	68.7342
0	53.1337
0	14.4465
0	90.6114
0	1.23599
0	18.4628
0	3.39868
0	88.4392
1	366.325
0	33.2623
0	50.1343
1	238.29
1	183.261
0	23.6129
1	234.744
0	111.536
1	127.776
1	88.7379
1	89.5673
0	20.2534
1	104.924
0	230.508
0	9.30175
1	132.329
0	83.5233
1	133.886
0	26.609
1	78.0659
0	11.5347
0	89.0127
0	13.1711
1	226.517
0	40.2045
0	34.2333
0	129.644
1	138.14
0	75.4578
0	1.8281
1	108.387
0	173.303
1	91.8784
1	54.7576
1	204.675
0	1.32751
1	106.304
1	66.6616
1	109.619
1	108.689
0	6.23692
1	140.415
1	218.389
0	41.2133
1	185.028
1	137.711
0	142.898
0	23.529
0	27.0255
1	268.605
0	3.39056
0	3.16115
0	35.6832
0	38.944
0	207.214
0	38.5254
0	38.2157
0	12.9933
0	19.142
1	214.104
1	148.256
0	41.9938
1	229.16
1	192.343
1	195.261
1	264.755
0	28.8176
0	5.10916
0	33.7918
0	1.30973
1	140.863
0	230.582
1	123.328
0	114.516
1	254.408
0	51.9425
1	169.149
0	14.8758
0	26.0698
1	83.1536
1	307.085
1	366.059
1	181.282
0	92.2651
1	151.084
1	40.1246
0	0.534964
1	287.079
0	0.0822098
1	535.845
0	121.245
1	105.145
1	163.884
0	29.0865
0	26.525
1	93.6033
1	74.2957
1	152.066
1	61.6176
1	358.05
1	187.374
1	146.969
1	251.815
1	96.0071
1	132.725
1	138.214
0	16.535
1	176.666
1	122.623
0	30.1776
1	164.401
1	193.288
0	7.08977
1	367.933
1	154.212
1	101.174
0	184.323
0	49.1106
0	51.4825
1	168.336
0	46.3604
0	50.79
1	216.737
0	58.8718
0	12.0954
0	59.8762
0	134.659
1	70.795
0	66.4976
1	137.531
1	97.7824
1	200.306
0	11.7173
0	87.4591
1	156.128
0	18.2101
1	205.905
1	226.585
0	16.883
0	141.726
1	233.668
1	168.5
1	344.342
1	86.0373
1	121.67
0	68.06
1	167.726
0	74.5266
0	56.7382
0	0.198299
0	41.2257
1	170.39
0	68.5601
0	27.9143
1	79.3725
0	7.55325
1	121.256
1	288.621
1	44.4979
1	42.6395
0	73.547
0	14.2271
1	214.383
0	0.0998432
0	24.8779
1	141.619
0	26.8397
0	6.7205
1	96.1212
1	145.467
0	108.926
1	113.149
0	31.2141
1	66.9333
0	18.8204
0	5.40246
1	150.546
0	1.84665
0	56.8606
0	23.2132
1	283.395
1	128.958
0	61.6898
0	176.999
1	97.4805
1	129.866
1	102.56
0	33.0159
0	16.5629
0	5.19679
0	15.9107
0	13.7789
0	49.1081
1	278.819
1	133.242
0	149.754
1	174.841
0	47.8594
0	53.144
1	130.952
0	8.98182
0	8.35033
0	52.4836
0	1.1349
1	243.496
0	8.33458
1	116.558
1	185.805
1	92.8388
0	23.8686
1	151.25
0	51.8358
0	162.034
0	20.2412
1	104.016
0	4.57339
0	90.4949
0	20.7406
1	138.572
1	104.924
0	5.09302
1	113.427
1	121.827
1	195.35
1	109.329
1	67.7347
1	135.388
1	119.755
1	130.059
0	26.5529
1	131.702
1	86.1628
0	47.3046
0	25.125
0	20.0155
0	83.7568
0	40.1102
1	110.5
0	27.7689
1	44.593
1	47.0842
1	39.7371
1	80.5918
0	36.4988
1	67.5523
0	21.9707
0	33.6794
0	8.33238
0	18.3184
0	59.2606
1	216.596
0	63.7547
0	4.46304
1	292.032
0	64.4093
0	40.6706
1	215.5
1	108.089
0	6.78084
1	140.245
1	608.172
0	70.2019
0	38.0707
1	161.077
0	185.872
1	146.213
0	84.4992
0	3.74748
1	192.325
0	3.58441
1	292.671
1	63.8232
0	0.725477
0	0.0639883
1	93.7467
0	86.7721
1	103.588
0	12.2156
1	99.4593
1	210.209
1	228.096
0	38.8885
1	145.191
1	142.937
1	281.247
1	243.725
0	48.8887
0	54.8618
0	127.608
1	180.521
1	370.067
0	69.7065
1	246.671
1	123.994
1	129.763
1	189.074
1	137.696
1	128.484
0	99.8299
0	136.14
0	30.6168
1	225.878
0	70.0972
1	141.36
1	236.04
0	20.3537
1	82.4446
1	118.979
1	126.31
0	65.6458
0	34.6499
0	130.31
0	53.9387
0	139.628
0	64.0763
0	2.04254
0	12.7816
1	261.027
1	211.662
1	73.2876
0	15.4721
1	114.591
0	18.344
1	189.976
0	6.61919
1	86.582
1	60.734
0	0.999747
0	145.629
1	167.625
0	1.28231
0	37.8641
1	170.056
1	128.837
0	320.543
1	120.901
0	16.6193
1	94.7218
0	42.0809
0	2.00722
1	95.2674
1	111.106
0	65.4082
1	97.4838
0	11.2739
1	190.112
0	33.7702
0	47.6981
1	310.296
0	4.38135
0	10.0591
0	185.455
1	220.31
1	219.56
0	12.8198
0	26.994
0	54.1249
1	69.1892
0	54.9756
0	109.582
0	119.299
0	70.6441
1	278.421
1	53.4079
0	115.81
1	228.554
1	138.473
0	24.9539
0	16.1648
1	96.7213
1	104.538
1	159.208
0	25.2168
1	332.208
0	1.66646
1	340.237
1	70.762
0	23.5189
1	175.877
0	115.398
0	80.4048
1	137.863
1	89.9764
0	51.4388
0	142.028
0	25.0719
1	361.332
1	156.786
1	237.551
1	301.013
0	91.893
1	119.944
0	43.8206
0	66.7934
1	186.392
1	51.2729
0	5.47554
0	48.9402
1	177.057
0	10.0503
1	198.052
1	69.501
0	548.093
0	14.4175
1	139.268
0	77.564
0	23.351
0	4.19896
0	22.8421
0	129.663
0	28.1456
1	86.8274
0	7.05705
1	135.789
0	45.0181
0	86.0467
1	144.014
1	84.1853
0	17.9121
1	95.937
0	39.7261
1	146.272
1	78.285
1	176.681
0	9.34549
1	147.891
1	66.0095
1	109.197
1	308.49
0	0.822193
0	46.077
0	87.9265
1	142.221
1	65.3061
1	135.499
1	114.187
1	90.697
0	48.1558
1	153.306
1	102.202
1	253.307
0	28.0416
0	27.7939
1	162.164
0	3.6536
0	220.976
0	30.4135
0	20.381
1	77.9253
0	131.1
1	90.0834
0	30.103
1	121.659
0	165.571
0	96.5179
1	82.4874
1	89.8337
1	254.407
1	69.8122
1	177.928
1	103.713
1	196.063
0	25.5762
0	41.5852
0	37.5017
1	108.139
1	80.8564
1	172.577
1	114.653
0	1.96196
1	339.676
1	274.397
1	396.154
0	4.28583
0	3.56715
0	83.9963
1	106.182
0	175.831
0	10.383
1	416.655
0	4.62329
0	3.0236
1	94.9659
0	28.3681
0	49.2472
0	57.8119
1	242.101
1	228.851
1	59.08
0	2.56806
1	34.3301
1	112.269
0	29.5229
1	148.401
1	92.0258
1	49.6694
1	64.4187
0	12.934
0	49.4069
0	33.7201
1	131.076
0	18.4919
0	12.573
0	11.3686
1	368.165
0	160.611
1	162.88
0	47.5432
0	22.3117
1	181.291
0	125.855
1	112.327
0	7.16903
0	63.7491
0	47.8265
0	119.092
1	76.4497
0	64.9371
1	216.111
1	261.384
0	8.05598
0	19.4929
0	35.1084
0	137.052
1	368.371
0	16.7819
1	43.9204
1	106.369
0	99.2783
1	148.256
1	170.65
1	134.994
1	87.8439
0	28.7336
1	91.1799
1	164.174
1	166.139
1	133.907
1	146.47
0	7.94104
0	37.0168
1	540.201
1	195.515
1	91.6865
0	86.2821
0	108.452
0	7.17465
1	61.6934
0	2.95076
1	94.5162
0	38.4884
1	269.954
0	73.7503
0	12.107
0	16.2037
1	108.835
1	242.051
0	0.999193
0	13.5953
1	129.749
1	112.702
0	63.3963
0	35.6314
0	1.17229
0	46.7268
0	46.245
0	62.2202
1	57.0083
1	161.151
1	105.76
0	66.558
1	420.525
1	92.6119
0	25.9675
1	144.09
1	133.561
1	59.4688
1	278.977
1	375.882
0	7.88397
1	158.551
0	111.085
1	65.8817
0	20.3788
1	138.467
0	7.01997
0	10.6838
0	1.47732
1	44.7104
0	8.4064
0	24.7546
0	155.725
0	7.70054
0	3.6983
0	13.218
0	82.0196
0	27.8187
0	25.1208
0	89.5091
0	98.2471
1	202.438
1	55.3303
0	18.5458
1	88.7634
0	36.8968
0	43.2769
0	14.4365
0	56.1459
1	167.27
0	64.6662
1	120.182
0	14.8186
1	84.9035
0	147.014
0	20.1033
0	10.9204
1	99.8272
1	97.093
0	12.8855
0	13.4431
0	0.661468
1	126.507
0	32.4168
0	30.139
1	122.787
0	126.967
1	163.295
0	0.758968
0	12.1265
0	97.4157
1	112.313
0	20.2493
0	25.1663
1	395.878
1	116.337
1	143.143
0	8.1192
0	39.4421
1	75.4308
0	1.43138
1	272.258
0	0.664927
0	33.0283
1	216.629
0	9.23665
0	117.701
0	42.7134
1	145.095
0	3.03949
0	10.5212
0	66.5479
1	209.133
0	0.0459462
1	115.6
1	91.1811
1	72.1604
1	80.5035
0	229.4
0	48.4625
1	69.6282
1	235.487
0	96.7269
0	167.29
0	109.499
0	36.0468
1	180.733
0	45.373
1	72.1919
0	104.513
0	3.54135
1	127.862
0	20.4652
0	9.53125
0	114.935
0	76.4763
1	69.6667
0	1.84667
0	74.4314
1	260.98
1	137.08
1	62.7431
0	180.789
1	103.184
0	17.8518
1	97.4643
0	48.1571
0	5.24365
0	17.1879
1	210.233
0	49.0182
1	127.87
0	36.1886
0	122.568
0	97.8718
1	85.781
0	42.977
0	13.0568
1	203.89
1	79.3986
0	35.4948
0	89.5387
1	52.6506
1	123.521
1	205.408
1	75.1818
0	0.500515
0	23.9964
0	55.8356
1	131.579
0	33.5435
1	174.014
0	28.8006
0	114.812
1	191.014
1	98.0071
1	104.221
1	165.725
0	83.8379
1	245.479
0	6.08083
1	57.0202
0	86.9933
1	55.4955
0	7.9277
1	115.342
1	136.818
0	4.35149
1	86.9799
0	37.2105
1	119.427
0	76.3293
1	109.238
0	0.222198
1	171.219
1	73.2813
1	99.8229
1	96.0257
1	264.448
1	118.445
1	96.6679
1	306.822
0	20.5666
1	135.992
1	83.8864
0	72.4651
0	1.40059
1	121.834
1	129.514
1	87.4682
1	186.431
1	135.705
1	170.435
0	46.6661
1	71.0474
0	12.5908
0	86.4113
0	123.111
0	13.5839
1	252.837
1	188.438
1	52.2468
0	240.233
0	6.88658
0	204.763
0	39.4227
0	0.279085
1	102.688
0	0.549324
1	130.134
1	93.3916
0	17.6504
0	45.5121
1	75.2279
0	164.89
0	4.96452
0	65.1411
1	129.997
1	492.527
0	73.9118
0	1.64577
0	105.739
1	157.722
0	20.5096
1	88.6267
0	10.1489
1	77.1113
0	0.84103
0	191.45
1	91.3175
0	27.7176
1	150.325
1	91.3598
0	57.9803
0	71.5974
1	254.12
1	454.566
0	13.0619
1	249.291
0	25.2847
1	236.016
1	267.154
1	105.53
0	49.9557
1	110.305
0	55.321
1	347.102
1	138.79
0	51.3573
1	143.034
1	194.182
1	145.999
1	288.892
1	255.411
1	94.1856
0	1.65152
0	76.97
0	29.0157
0	23.2904
0	6.27766
1	171.74
0	6.85486
0	30.4254
1	134.342
0	165.7
0	98.7775
1	352.513
0	3.79281
1	108.42
0	18.7049
1	83.5659
0	12.2452
1	94.4348
0	40.0383
1	116.909
0	94.9506
0	86.2574
0	8.47269
1	54.6782
0	100.947
1	137.153
0	22.3537
1	184.822
1	171.796
0	63.6413
1	94.2437
1	178.144
1	168.262
1	229.576
0	16.6894
1	63.3086
0	49.1202
0	8.56189
0	35.2129
0	233.306
1	236.684
1	85.479
0	30.0923
0	93.483
1	305.835
1	160.048
0	12.7115
0	4.73289
1	183.937
1	113.796
0	15.6347
0	19.1955
0	1.68435
1	123.004
0	86.4842
1	108.475
0	57.1359
1	552.409
1	132.526
1	51.7455
0	6.60077
1	200.783
1	188.244
1	101.599
0	29.2178
0	27.1391
1	145.716
0	7.81185
1	82.1046
0	59.6572
1	56.6205
0	118.628
1	159.768
0	32.774
1	75.0058
1	86.6002
1	231.205
1	57.7201
0	18.1324
0	44.1323
1	242.27
0	9.94093
1	144.038
0	10.0433
0	185.072
1	182.231
0	45.8081
0	77.4634
1	442.003
0	19.924
1	192.89
1	130.437
0	0.94866
1	199.799
1	269.607
1	157.058
0	13.1682
0	39.6634
0	342.464
1	151.758
1	170.302
1	151.978
0	8.00679
0	7.36685
1	134.934
1	181.157
1	149.693
1	109.957
1	68.4744
0	35.2825
0	200.449
0	11.5777
1	156.389
0	2.65592
1	119.564
0	23.8048
0	2.47818
0	32.8889
0	65.4498
1	94.4635
0	78.384
0	4.96584
1	238.464
1	100.612
1	306.951
1	104.523
0	0.680395
1	126.207
0	28.8571
0	49.9479
0	23.6442
0	47.2947
1	179.873
0	36.3049
1	54.7267
1	236.852
0	46.483
1	81.875
0	32.1048
1	115.364
1	98.2362
1	72.9712
0	7.14178
1	149.32
0	87.6313
1	99.0512
1	126.513
0	99.9499
1	86.5501
0	69.2114
0	2.7092
1	127.219
0	0.933941
0	21.4376
1	51.6487
0	37.7068
1	384.016
0	147.627
1	100.152
1	80.2948
1	350.92
1	116.637
1	170.728
1	133.121
1	134.177
0	8.33365
0	44.1476
0	59.3763
1	60.5781
1	162.657
0	4.11904
1	127.206
0	31.6113
0	38.6128
0	1.96816
1	143.395
1	141.038
1	131.163
1	131.874
0	32.153
0	35.4111
0	93.2286
0	12.1116
1	105.239
1	178.806
1	89.0197
0	7.43544
1	112.42
1	121.544
1	79.0542
0	27.8808
1	199.921
0	113.926
0	17.4659
1	263.663
1	72.6126
1	212.385
0	300.148
1	145.473
0	142.321
1	97.5244
1	116.22
1	206.838
0	2.40378
0	77.6471
1	305.389
0	1.70667
1	132.206
1	142.76
0	7.08603
1	133.965
1	94.6555
0	23.4583
1	302.168
0	15.224
1	219.03
0	117.601
1	368.051
0	3.07818
0	8.51366
1	54.7906
0	20.5999
1	266.265
0	13.3992
1	81.2077
1	85.4419
0	31.2211
1	221.772
1	111.776
0	7.17262
0	20.6557
0	17.7642
0	16.9777
0	157.077
0	30.541
1	233.593
1	213.82
0	28.9971
1	166.306
0	26.982
1	151.75
0	163.944
1	141.575
0	34.7589
1	126.523
1	105.553
0	4.06345
1	165.754
0	173.213
1	77.3776
0	243.632
1	60.4736
0	3.34643
0	68.7661
0	69.6026
1	94.8575
1	66.6969
0	72.7985
0	178.22
0	31.1004
0	51.0787
0	77.0531
1	83.2734
0	176.478
1	176.116
1	140.108
1	105.845
0	10.79
1	312.441
1	87.8543
0	5.75161
1	65.3283
0	9.26086
1	150.707
1	100.559
0	33.0601
0	35.6424
1	83.8638
0	6.24179
0	22.1825
0	3.99806
1	42.5189
1	301.025
1	174.329
1	130.53
0	25.4636
0	63.2113
0	79.5981
1	106.439
1	84.0225
1	109.576
0	251.893
0	18.775
0	19.7772
1	324.106
1	42.1233
0	86.931
0	35.8358
1	294.436
1	201.876
1	182.536
1	68.9655
1	340.177
0	5.72123
1	138.921
0	30.1937
0	74.658
1	333.451
1	99.4189
1	62.9846
0	94.3692
1	44.6992
1	54.5173
1	110.659
1	176.407
1	227.655
1	154.007
0	227.799
0	80.9271
0	3.87826
1	205.706
1	125.148
0	71.9226
0	25.3818
1	251.42
1	116.576
0	53.4261
1	161.863
1	106.819
1	84.1351
1	136.104
0	239.784
1	62.0179
1	127.061
0	166.832
0	2.75919
0	13.401
0	91.899
1	92.3092
1	185.903
0	95.2215
0	58.7758
0	0.495581
1	144.772
0	111.201
1	354.554
1	172.568
1	200.358
1	49.8239
1	193.043
0	25.1097
0	18.697
1	108.029
1	48.5419
0	172.572
0	5.91715
1	143.825
1	365.179
0	4.60233
1	93.1485
0	78.6002
1	112.799
0	0.707708
0	140.339
1	99.5873
1	115.815
0	78.1307
0	153.156
0	165.51
0	271.954
0	5.09987
0	88.5677
0	52.6566
1	182.644
1	270.394
1	50.0418
0	9.1974
0	6.78683
0	70.4783
0	125.213
1	262.258
1	255.167
0	42.0268
0	25.505
1	142.235
1	149.046
0	2.71634
1	133.557
1	108.96
0	22.4911
1	139.289
1	43.3811
0	48.124
0	46.9345
1	196.436
0	254.962
1	236.567
0	27.8522
1	220.933
1	81.6746
0	35.2146
1	122.328
1	188.974
1	97.162
0	26.6062
1	172.78
0	64.3429
1	214.029
1	147.563
1	185.915
1	101.744
0	39.1912
0	14.3923
0	39.9178
1	88.2233
0	13.1778
1	288.127
0	61.5683
1	224.293
0	22.2744
1	98.3363
1	144.087
1	109.226
0	8.54433
1	113.507
0	34.6215
1	207.322
1	260.495
0	25.5508
1	122.832
1	150.874
0	28.4879
1	55.0271
1	116.097
1	145.48
0	67.9962
0	22.1277
0	37.0277
1	233.459
1	122.557
0	32.6977
1	112.206
1	199.897
0	8.10778
0	81.1171
1	35.5772
1	127.842
1	126.486
0	9.89944
1	98.6254
0	33.7658
1	79.0184
1	81.1201
0	116.888
0	25.0801
1	158.862
0	0.980448
1	146.473
1	150.36
1	304.856
1	261.426
1	124.01
1	108.046
1	263.865
1	230.185
1	102.635
0	4.64663
1	217.716
1	167.93
0	70.804
0	159.652
0	54.2086
0	22.1633
1	201.309
1	103.623
1	133.483
0	26.0345
1	78.6566
1	57.5219
1	136.219
0	0.0202137
1	280.58
0	46.1305
0	22.2424
0	18.5013
1	124.035
1	39.4716
0	20.3009
0	31.4871
0	181.88
1	68.4196
0	16.7521
0	11.6047
1	146.188
0	77.4035
0	1.28276
0	97.3131
0	20.204
0	2.08424
1	228.178
0	77.6227
0	13.7848
0	80.0799
1	140.555
1	86.7923
1	166.604
0	31.4786
0	5.19588
1	286.266
1	35.0978
1	127.982
1	89.9441
1	81.6809
1	157.617
1	178.357
0	3.12159
0	71.6936
1	123.573
1	134.559
0	80.5358
0	14.3301
0	223.604
1	60.8985
1	153.896
1	127.362
0	44.9404
0	298.239
1	91.0274
1	40.0184
1	129.286
1	108.378
1	77.2099
1	170.635
0	5.21123
1	130.796
0	289.134
1	95.1271
1	128.804
0	5.05365
1	82.8926
0	114.535
1	96.5685
0	78.0086
1	111.407
1	127.617
1	237.251
1	187.895
0	519.045
1	432.145
1	222.132
1	86.823
0	193.769
1	238.031
0	28.2241
0	20.2502
1	173.193
1	93.3715
1	109.004
1	145.198
0	41.1273
0	15.1049
1	112.356
0	79.703
0	35.0565
1	236.458
0	149.223
0	3.57997
0	75.4793
0	0.0445797
0	9.27297
0	269.074
0	35.3426
0	2.70491
1	74.3767
1	138.743
1	134.602
0	1.46676
0	191.607
0	85.4194
0	16.6557
0	80.2251
1	77.1264
0	37.8606
1	238.077
0	112.573
0	96.6331
0	8.59411
0	81.4757
1	297.558
1	200.949
1	132.334
1	115.385
0	18.1168
1	95.9204
1	75.3665
1	349.398
1	96.2899
1	123.549
1	201.148
1	184.168
1	130.038
1	223.874
1	153.173
1	128.052
0	7.75769
1	82.3509
0	16.8898
0	132.129
0	65.4338
1	156.381
0	19.7566
1	233.515
1	160.922
1	75.6151
0	2.85442
1	150.583
1	147.559
0	204.225
1	124.684
1	110.743
0	29.4383
1	57.5452
1	85.7122
1	161.103
1	174.217
1	131.067
0	198.344
1	109.528
1	124.136
1	26.8782
1	243.835
1	43.797
0	7.77589
0	48.1981
1	76.9043
0	13.7123
0	30.6973
0	169.601
1	165.609
1	101.243
0	8.54925
0	1.56139
1	182.981
0	36.7036
0	19.2642
0	313.746
1	54.7956
0	1.98181
1	106.412
1	57.5331
0	36.765
1	120.248
1	82.229
0	98.0429
0	102.587
0	90.4075
0	59.5884
0	53.5494
0	11.7313
1	192.8
0	5.70695
1	159.075
0	62.125
1	82.576
1	182.833
0	41.8494
1	107.834
1	96.0428
1	209.148
0	0.345602
0	25.9708
0	96.4138
1	88.0336
1	122.509
0	2.39416
0	199.505
0	61.4539
1	217.826
0	12.425
1	127.849
0	13.3066
1	93.504
1	117.03
0	37.4102
0	22.4309
1	131.005
0	12.7201
0	34.2319
0	181.615
1	448.778
0	1.95258
1	77.6368
1	108.905
0	158.223
1	210.703
0	27.1358
1	137.068
0	315.221
1	54.4543
1	136.946
0	29.9075
1	201.137
0	99.8437
1	99.5821
1	266.724
0	9.45018
0	41.6004
0	13.9657
1	81.3696
0	8.10052
1	225.446
1	161.892
0	39.3976
0	49.5866
0	219.025
1	116.128
1	99.5177
0	91.5921
1	148.304
0	29.955
1	63.6832
1	208.624
0	3.83164
0	27.9463
1	132.749
0	3.56098
0	47.528
1	312.327
1	109.402
1	40.528
0	80.1515
1	92.4602
0	56.165
0	22.3087
1	100.119
1	137.926
0	42.1188
1	134.071
1	151.87
0	21.9428
1	103.158
1	91.7003
0	16.6043
0	7.69345
1	153.065
1	100.335
1	90.2599
0	75.7481
0	38.7186
1	67.7318
0	113.168
1	172.974
0	51.494
1	103.536
0	26.2413
0	8.0345
1	287.014
0	37.8643
1	431.695
1	99.6036
1	199.974
0	36.9876
0	76.9733
1	118.369
1	181.519
1	174.079
1	312.938
0	25.775
0	7.28853
1	158.088
1	100.777
0	9.85416
0	149.277
1	126.744
0	191.033
0	19.4579
1	113.662
1	243.552
0	2.26136
0	56.5959
0	158.885
0	2.9343
1	275.892
0	94.1105
1	395.43
0	11.7489
1	201.479
0	8.87344
1	257.964
1	85.302
1	137.469
1	91.067
0	83.3863
1	58.2526
0	10.1083
0	10.5034
1	175.604
0	13.9939
0	49.0302
1	120.798
1	148.761
0	6.95766
0	68.864
1	62.5947
1	74.9976
1	73.4508
1	104.208
0	137.892
1	87.3108
1	165.566
1	178.383
1	101.918
1	186.939
0	70.4747
1	118.752
0	5.04509
1	87.4425
1	87.5639
1	168.561
1	251.474
0	5.55128
1	162.156
1	220.681
0	112.659
1	228.072
1	136.871
0	12.1446
1	110.545
1	172.076
0	37.0479
1	77.1181
1	162.367
0	14.1167
0	2.49088
0	22.2569
0	4.06472
1	102.875
1	252.02
0	37.9791
1	111.518
1	170.51
1	127.182
1	55.364
0	64.2035
1	103.804
0	60.9195
1	231.485
0	3.20057
1	325.48
1	100.992
1	396.793
0	89.0406
1	198.299
0	71.8507
1	26.3791
0	25.0237
0	48.6388
0	7.89305
1	150.005
0	39.883
1	112.272
0	1.73461
1	158.858
1	235.528
1	116.7
0	97.7355
0	74.8063
1	185.907
0	6.7621
1	44.1065
1	76.1682
0	38.4074
0	46.4184
0	43.1967
1	154.17
0	41.8713
1	184.372
1	147.177
0	135.685
0	109.752
1	188.059
1	44.6124
0	182.684
1	61.2145
1	180.141
0	377.262
1	170.26
0	9.09383
0	104.194
0	5.74593
1	76.6742
1	184.152
1	188.546
1	106.552
0	97.7533
0	2.49152
0	44.6049
1	72.8126
1	146.028
1	121.031
1	245.853
1	93.5316
0	38.4551
0	61.35
1	158.157
0	40.9087
1	360.723
0	129.618
1	162.965
1	149.619
1	231.72
1	123.602
1	310.155
0	2.08256
0	124.937
0	9.2818
1	134.933
1	103.51
0	41.9506
0	93.3954
0	34.7062
0	8.75503
0	0.412884
0	27.0632
1	105.603
0	157.559
1	201.69
1	57.447
1	220.584
0	63.6981
0	135.309
1	235.388
0	9.85493
0	10.6642
1	73.8173
1	203.209
1	128.481
1	146.451
0	107.074
0	22.8068
0	9.51448
1	102.405
0	5.43578
0	18.8725
0	5.9214
0	6.24023
1	120.935
0	11.5885
1	140.966
1	159.698
1	129.715
1	65.0344
1	185.504
1	424.656
0	70.7273
1	420.296
0	8.01186
0	32.8147
0	32.6976
0	46.3589
0	31.2278
0	182.305
0	8.63428
1	187.127
1	304.859
1	109.702
0	81.6549
1	117.7
1	56.3969
0	48.8592
0	18.3452
1	151.145
0	53.023
0	12.5669
1	42.0042
1	78.6014
0	41.7585
1	154.668
0	5.6507
1	50.6091
0	44.4419
0	30.8455
0	162.813
0	8.3372
0	7.08121
1	131.148
0	12.3672
1	119.509
1	95.9463
0	77.7152
0	23.3801
1	144.535
1	180.486
0	61.2429
1	152.696
1	219.259
0	40.4029
0	68.1617
1	209.47
0	12.5388
1	142.474
0	11.5054
0	6.20564
1	72.5859
0	129.635
1	98.3818
0	219.122
0	102.757
0	17.8117
1	191.255
0	21.7981
1	201.241
0	23.1717
1	112.57
0	15.2094
1	164.946
1	310.745
0	18.5945
0	52.0723
0	44.0588
0	28.25
0	67.6606
0	91.7806
1	132.568
1	127.242
1	80.7863
1	164.544
0	21.7619
1	219.124
1	84.4782
0	168.863
0	221.288
0	40.8093
0	59.6328
0	6.80786
1	155.866
0	1.96191
1	73.5879
1	251.367
1	98.3314
1	79.0568
1	219.167
1	101.922
1	114.303
1	61.0239
1	103.867
0	11.1186
1	128.454
1	255.436
1	97.8896
0	52.5273
1	162.073
0	1.71413
0	33.3941
1	83.7092
1	81.5789
1	104.258
0	62.0105
1	70.3975
0	59.9517
0	28.3343
0	114.495
0	11.0733
0	105.113
1	83.7675
1	137.384
1	140.728
0	43.3884
0	6.27411
1	131.083
0	19.6476
1	192.034
0	31.2099
1	80.1219
1	192.056
1	311.734
1	189.45
1	74.2117
1	49.04
1	454.261
1	49.2553
0	133.836
0	175.203
0	323.5
1	212.329
1	116.613
1	143.059
0	63.8121
0	9.18056
1	158.704
1	160.563
0	0.648392
0	98.9671
0	32.3981
0	75.4557
1	141.118
1	144.417
0	2.1234
0	9.23538
0	20.9721
1	160.962
1	282.62
1	152.613
0	16.1116
1	377.961
0	68.1615
0	148.571
1	95.6444
0	142.971
1	129.39
1	105.568
1	107.501
0	32.1928
0	9.19456
0	19.7885
0	31.2716
0	63.1931
1	317.124
0	96.7953
0	10.6828
0	39.5469
0	127.039
1	130.574
0	333.012
1	96.0886
0	48.4723
0	49.5249
1	181.67
0	22.5667
0	114.598
1	212.426
1	295.596
1	210.342
0	10.5266
0	26.7889
1	210.392
1	76.955
1	74.2065
1	87.1726
0	54.7489
0	187.778
0	102.076
0	313.279
0	30.2872
0	51.8001
0	53.187
0	76.4953
1	208.964
0	18.9326
0	7.31894
1	164.223
0	8.36279
1	160.724
1	217.445
0	21.5508
1	230.204
0	146.393
1	253.539
1	124.002
1	59.2656
0	99.1395
0	29.6758
1	140.513
0	70.4782
0	3.06857
1	240.115
0	13.34
0	10.8337
1	117.064
0	151.411
0	7.17251
1	422.753
0	11.4273
0	53.4043
0	3.27341
0	108.211
1	121.972
1	208.804
1	118.351
0	262.621
1	152.009
0	4.31838
0	8.31078
0	83.8382
0	100.426
1	78.908
0	4.05665
0	21.4468
1	177.659
0	30.1007
1	103.512
0	17.9815
0	124.081
1	159.524
1	37.6625
0	98.7607
0	1.98266
0	34.5173
1	87.8653
0	24.9873
1	190.252
0	20.2923
0	48.4349
1	204.844
0	32.3022
0	22.0973
0	70.4211
0	0.968798
0	10.8173
1	126.925
1	225.606
0	52.3704
0	61.9571
1	120.963
1	502.12
1	148.081
0	1.26057
0	3.40687
0	18.0939
0	47.4058
1	97.6656
0	164.441
0	0.0169012
1	175.494
0	29.0128
1	161.546
1	88.4192
1	338.618
1	214.788
1	90.5484
1	95.9169
1	214.59
1	248.307
0	16.6484
0	3.0915
1	130.086
0	61.7932
0	56.3994
1	186.26
0	34.8869
0	4.63588
0	9.80091
1	180.901
1	148.26
1	126.192
0	14.4525
0	134.144
0	0.848886
0	71.4876
0	282.779
0	106.611
1	68.1758
1	91.9704
1	115.822
0	18.3009
0	138.477
1	99.6121
0	122.349
1	204.1
1	101.897
0	4.55547
0	26.6294
0	209.413
0	150.34
0	26.9179
0	33.9043
0	20.388
0	119.737
0	1.06151
1	238.412
0	334.281
1	337.502
1	220.304
1	107.295
0	32.4593
1	394.509
0	9.89978
1	130.97
0	12.7093
1	108.988
1	201.556
1	138.945
0	11.0594
1	110.51
1	202.392
0	109.811
0	11.8824
1	107.155
1	264.418
0	8.7587
0	14.2167
0	156.706
1	186.719
1	168.665
0	20.5603
1	227.785
0	57.3556
0	68.1272
0	0.238048
1	179.202
1	157.776
0	146.226
0	34.3457
0	112.91
1	190.997
0	93.9879
1	97.9879
0	41.8771
1	293.141
1	107.38
1	75.0273
0	1.36349
0	23.2998
1	113.68
1	101.698
1	241.012
0	73.0189
0	171.183
1	88.233
1	242.271
0	46.1145
1	169.945
1	168.606
1	82.725
0	1.09605
1	131.133
1	244.022
0	131.835
1	82.2671
0	13.7467
1	125.756
1	111.875
0	184.166
0	50.8203
0	16.2354
0	54.2827
0	56.7489
0	14.8332
1	148.971
1	200.926
1	209.887
1	75.2917
1	117.192
0	12.0771
1	302.399
1	207.163
0	33.45
0	38.1841
0	5.69866
1	102.097
0	145.885
0	15.6245
1	129.978
1	83.4128
0	156.231
1	104.403
0	11.1444
1	91.2489
0	4.64256
0	0.9791
0	93.0416
1	288.514
1	98.1734
1	70.9546
0	33.8836
1	59.0937
0	241.225
0	60.7769
1	143.525
0	39.3012
1	255.553
1	61.9606
1	216.567
1	187.127
0	41.8206
1	110.916
1	332.895
0	24.5279
0	64.7559
1	107.533
1	139.038
0	48.1507
0	192.946
0	51.8046
0	138.374
0	36.7586
0	104.407
1	64.0618
0	60.2948
1	258.858
1	262.76
0	35.2082
1	161.541
0	7.47172
1	182.863
1	196.31
0	3.47599
1	71.9987
0	1.99881
0	7.31388
0	55.87
0	1.50737
1	165.146
1	70.5404
1	335.341
1	210.594
0	68.6624
0	31.8598
0	0.420069
0	31.4474
0	13.9471
0	9.32344
1	84.1926
0	118.955
1	177.045
1	132.336
1	146.818
1	217.228
1	115.193
1	167.134
1	67.8059
0	114.615
0	24.6752
1	159.671
0	33.058
0	16.9072
1	302.444
0	57.7239
0	101.966
1	112.921
0	11.3329
0	26.4613
1	233.079
1	192.965
1	137.198
0	5.14778
0	31.4353
1	123.162
1	123.827
1	185.596
0	81.8653
0	4.78436
1	139.482
1	301.815
0	51.8746
0	44.9696
0	180.24
0	224.971
0	26.3937
1	287.528
1	114.475
0	44.6353
1	178.705
0	2.35957
1	75.8962
1	49.8624
0	63.1061
0	24.1808
1	271.907
0	48.354
1	185.442
0	25.9669
1	88.2572
1	88.9928
0	74.1151
1	165.758
1	122.775
0	67.6242
0	32.9181
1	62.2364
0	89.8642
1	161.922
1	105.118
0	36.027
1	157.45
0	178.889
0	203.809
0	21.5344
0	108.134
1	121.058
1	153.758
0	31.8273
1	235.592
0	55.9993
1	96.9943
1	193.158
1	117.932
1	259.308
0	170.607
0	168.251
1	224.827
1	101.143
1	269.151
1	217.334
1	52.0978
1	110.495
1	196.187
1	109.774
1	148.949
1	196.056
1	150.733
0	5.90132
0	25.1617
1	77.5534
0	22.0801
1	349.097
0	30.6811
0	4.62878
1	179.218
0	85.9738
1	205.486
1	268.856
1	158.015
1	73.2106
1	163.676
1	241.748
1	178.617
0	18.0816
1	153.519
0	36.8776
0	42.1297
0	32.5476
1	155.396
1	125.802
0	71.1355
0	199.641
1	168.66
0	0.0720667
1	202.637
0	4.97053
0	11.792
1	145.961
1	128.001
1	175.282
0	4.50444
1	420.468
0	208.759
1	106.515
1	150.356
1	276.328
0	64.0221
1	180.134
0	18.8606
0	78.1785
1	199.403
1	195.619
0	97.4953
0	77.9484
0	49.1276
1	104.606
1	217.917
1	223.673
1	146.017
0	105.679
1	156.811
0	153.433
1	225.851
0	3.66797
0	262.089
0	33.4336
0	29.9471
1	176.704
0	61.3028
0	5.25618
1	81.8697
1	165.413
1	155.804
0	7.20047
0	135.303
1	110.612
0	28.1975
0	97.0862
1	104.973
0	71.1226
1	150.737
1	80.0211
0	13.8162
1	71.9452
1	80.2457
0	18.7897
1	204.84
0	14.0613
1	178.547
0	124.236
0	11.6614
1	154.977
1	97.2901
0	3.98981
0	116.09
1	99.2587
0	7.68014
0	23.7897
0	35.5529
1	211.505
1	194.364
1	153.464
1	207.53
0	110.747
1	120.95
0	53.4079
0	19.0476
0	58.0548
0	95.4776
0	4.53285
1	149.687
1	140.982
0	284.722
0	19.8846
0	17.0684
0	46.6738
0	101.693
0	0.437762
1	160.859
0	22.0494
0	85.3018
1	93.3893
0	6.93502
1	92.2071
0	4.63495
1	122.271
1	166.79
0	6.12916
1	180
0	48.366
0	366.505
1	195.396
1	151.991
1	109.178
1	109.147
1	139.89
0	23.6523
0	12.5369
1	59.2599
1	78.534
1	240.232
1	164.866
1	346.832
1	189.525
1	79.6818
0	20.434
1	132.774
1	208.937
0	31.2992
0	51.0888
0	5.98948
0	64.2724
1	107.129
1	379.612
0	19.3298
0	4.85875
1	94.2102
0	46.5217
0	44.7154
1	318.666
0	17.4794
0	26.0847
0	5.41333
1	85.0866
0	63.082
0	4.25653
1	102.959
0	218.884
0	88.9924
0	146.908
1	245.655
1	165.873
1	67.806
0	6.64034
1	130.771
1	193.659
1	245.862
0	4.57872
0	6.78142
0	34.9727
1	159.803
1	179.545
1	59.5064
0	5.22897
0	15.833
0	0.639944
1	543.699
0	47.9178
1	166.365
1	110.118
0	29.4544
0	71.5834
1	69.4915
0	24.4671
1	115.484
0	74.3513
1	201.402
0	111.342
1	34.9219
1	105.555
0	53.2142
1	166.92
0	3.27032
1	289.29
0	7.13768
0	327.359
0	17.3683
1	280.727
1	103.285
1	118.25
1	110.362
1	113.001
1	195.061
0	9.58002
0	16.0577
0	14.4061
1	71.5484
1	75.8154
1	86.9265
1	65.3422
0	13.4093
0	13.6567
0	8.50045
0	1.75343
0	34.605
1	127.477
0	18.5024
1	37.0313
1	150.218
0	72.1678
0	4.27813
1	101.247
1	89.4269
0	41.15
0	2.31902
0	6.20025
0	11.4062
0	16.1453
1	142.216
1	109.448
1	46.2476
1	152.648
1	211.534
1	331.475
0	50.2048
0	5.81098
0	9.61635
0	8.06665
1	242.489
1	134.346
1	147.906
1	216.919
0	1.10736
1	165.434
1	275.239
1	104.908
1	167.813
0	34.6559
0	17.4111
1	147.193
0	12.128
0	103.276
0	32.5415
1	285.998
0	17.837
0	8.94606
1	274.321
1	169.515
0	60.8732
1	739.038
0	69.1041
1	133.607
0	36.5306
0	67.0921
0	12.9418
1	159.807
0	18.7154
0	145.337
0	67.2139
1	267.75
0	56.1502
0	29.7702
0	55.3747
1	168.978
1	220.703
1	323.485
1	89.8187
0	15.2089
1	70.2835
1	112.973
0	73.0026
1	115.61
0	19.2443
0	11.1598
1	178.566
0	69.7772
1	238.726
1	276.888
1	54.9333
1	137.07
0	12.6466
0	104.914
1	62.4863
1	120.221
1	59.2312
1	91.4677
1	237.779
1	43.3466
0	18.9939
0	157.662
0	203.87
1	29.1941
0	57.5599
0	4.0127
0	14.2844
0	96.5064
1	114.911
1	172.085
0	93.6971
1	63.9856
0	75.5256
0	35.5123
1	224.096
0	24.0714
1	169.674
1	141.633
1	133.951
1	101.532
0	7.47766
0	98.1369
0	110.248
1	39.9741
1	86.517
0	63.8467
0	258.578
1	69.2731
0	157.642
1	152.736
0	9.42522
1	116.785
1	101.26
0	17.1337
0	9.88465
0	45.1668
0	18.1923
1	120.093
0	27.401
0	18.8773
0	45.1472
1	117.995
0	59.5986
0	7.57974
0	242.903
1	158.421
1	140.965
0	97.9962
0	1.34457
1	218.194
1	95.8956
1	111.275
0	2.1735
0	9.99504
1	129.887
0	19.1959
1	200.352
0	41.9262
0	48.2467
0	678.288
1	83.2407
0	2.98112
1	31.1365
0	37.3889
1	77.0391
0	10.8384
0	42.7801
1	116.213
0	33.619
1	416.283
0	39.9881
1	224.183
1	106.875
1	160.736
0	50.6619
0	4.94266
1	106.224
0	43.7686
1	151.923
0	196.339
1	227.773
0	41.3504
0	10.7321
0	14.7651
0	17.4746
1	237.688
0	62.0955
0	42.3688
0	42.4935
0	60.354
0	11.4766
1	289.04
1	153.971
1	196.155
0	91.2919
0	66.3635
1	144.72
1	154.75
1	90.3183
1	120.888
1	63.8455
0	7.54852
1	230.449
1	73.95
1	236.859
0	6.80363
0	134.879
0	140.045
0	133.409
0	36.5122
0	76.3263
0	79.3998
0	31.9114
0	106.694
1	217.795
0	30.9955
1	175.797
0	26.3204
1	198.654
1	91.9497
0	60.0756
0	23.8164
