10000	10	9900	0.00208333
0.025641	2.32886	47767.1	0.459207	0.01
0	5.30587
1	52.3285
0	34.4615
0	18.9443
0	3.52808
0	9.48419
0	329.157
0	34.1493
0	15.0607
0	25.9603
0	26.9821
0	21.6016
0	1.6982
0	121.574
0	54.5805
0	47.5789
0	7.2711
0	11.0527
1	110.8
1	203.974
1	275.208
0	32.7874
0	36.7846
0	75.0611
0	53.9793
1	81.383
0	131.067
0	3.86739
1	52.5006
1	81.7357
0	66.5056
0	9.16356
0	101.895
0	24.1179
0	72.3631
0	382.481
0	8.91305
1	53.9481
0	44.0551
1	126.2
0	139.735
0	214.45
0	11.2289
0	91.4738
0	23.5649
1	151.136
0	158.528
0	120.37
0	11.2624
0	60.7578
0	35.2082
0	277.661
0	85.042
0	6.31859
0	22.8906
0	33.1102
0	7.4336
0	23.2016
0	28.2875
0	15.6153
0	3.76941
0	39.0007
0	2.9957
0	188.361
1	92.6442
0	25.61
0	28.5628
1	192.962
0	5.11494
0	67.7412
0	21.1682
1	75.9485
0	6.61908
1	141.442
0	58.9184
0	92.9405
0	32.8208
0	98.5708
0	29.4196
0	201.905
0	120.559
0	153.038
1	80.3837
1	99.5165
0	32.2071
0	95.9669
0	8.36514
0	22.1078
0	72.7824
0	162.862
0	52.0869
0	16.1764
0	259.772
0	88.6082
0	32.8823
0	65.749
0	4.17824
0	13.6777
0	1.4217
0	48.4426
0	48.1032
0	29.9028
0	1.32216
0	44.8749
0	167.074
0	62.1017
0	20.4963
1	438.544
0	5.68092
0	14.5622
0	12.4821
0	29.3165
0	71.3679
0	1.79446
0	162.235
0	12.5005
0	0.207762
0	23.6353
0	0.961231
0	34.3303
0	0.319613
0	13.8337
0	22.8426
0	32.2738
0	4.99903
0	55.3126
0	37.6993
0	1.31447
1	218.068
0	7.79855
0	74.075
1	237.579
0	29.9183
0	0.296664
0	21.2454
0	61.1047
0	91.2768
0	39.134
0	1.09047
0	6.07475
0	41.7408
0	19.8074
0	112.293
0	34.4679
0	75.9552
0	42.2846
0	17.1169
0	39.5176
0	245.522
0	1.30063
0	109.254
0	20.5925
0	85.4754
1	127.412
0	52.665
0	84.0992
0	19.2792
0	1.87014
0	354.837
0	9.21869
0	199.098
0	680.886
0	1.52584
1	224.71
1	240.328
0	3.10392
0	90.8562
0	38.59
0	307.26
0	5.52903
1	85.8199
1	156.431
0	0.462863
0	44.3403
0	442.381
0	280.215
0	27.2255
0	77.9536
0	107.644
0	56.8776
0	76.6325
0	33.7449
0	58.9844
0	127.686
0	34.2855
1	77.6206
1	150.694
0	66.6232
0	32.2089
0	14.5106
0	0.0192786
0	61.0054
0	5.12975
0	101.061
0	16.6111
0	191.924
0	38.5056
1	60.0685
0	85.5236
1	397.389
0	6.91325
0	191.346
0	16.2414
0	58.8031
0	89.352
0	66.026
0	2.30289
0	106.044
1	146.409
0	25.6699
0	24.412
0	1.07157
0	0.556498
1	80.3497
0	73.614
0	0.755991
0	13.6289
1	379.241
0	88.3039
1	109.321
0	32.5134
1	146.315
0	0.752296
1	115.476
0	7.45237
1	267.314
0	99.7018
0	14.3063
0	8.69575
0	7.02794
0	247.619
0	52.9041
0	56.2285
0	40.2185
0	2.90105
0	40.1273
0	14.7524
0	16.5073
0	10.2389
0	16.4837
1	66.6068
1	631.696
0	8.48543
0	25.163
0	35.3917
1	470.783
0	50.3234
0	5.4383
0	46.5871
0	233.3
1	129.215
0	52.0422
1	109.081
1	120.734
0	128.666
0	180.461
0	8.12636
0	28.3537
0	13.445
0	88.4623
0	55.1442
0	221.825
0	261.43
0	173.578
0	1.06701
0	78.357
0	10.2933
0	196.447
0	47.1468
0	70.2427
0	326.243
1	93.8635
0	8.21952
0	22.7949
0	69.8685
0	80.9105
0	3.65638
0	64.4599
1	118.953
1	104.698
1	152.512
0	62.343
1	99.666
1	378.807
0	180.757
0	55.455
0	9.61226
0	72.6507
0	43.6372
0	149.129
0	19.779
0	5.69084
0	40.5806
1	319.079
0	23.003
0	10.4118
0	35.3439
1	234.15
0	187.795
0	141.748
0	11.2782
1	228.249
0	8.01346
1	130.772
0	29.5884
0	7.12062
0	14.5427
0	95.0215
0	58.0026
0	95.8101
1	147.766
0	156.925
0	102.657
0	11.4264
0	16.7772
0	12.1028
0	37.4154
0	57.7405
0	19.3052
0	6.53689
0	97.1167
0	4.63427
0	84.5099
1	48.936
0	18.2099
0	52.0033
0	27.0192
0	380.718
0	2.47176
0	65.8472
0	6.65674
0	626.343
0	13.5761
0	116.133
0	21.4957
0	0.995317
0	5.26117
0	22.5977
0	36.2882
0	16.7653
0	2.06295
0	49.8536
0	44.9336
0	319.913
0	237.948
0	138.162
0	188.417
0	78.0047
0	45.4463
0	453.923
0	24.0368
0	29.5999
0	94.9083
0	4.03167
0	24.5457
0	23.8709
1	214.568
0	13.5663
0	21.3639
0	180.118
0	18.1506
0	29.6318
0	163.397
0	148.153
0	7.99628
0	8.94904
0	312.156
1	86.2945
0	164.548
0	0.0659234
0	91.3773
0	60.3885
0	34.5158
1	500.319
0	61.1032
0	0.777575
0	208.465
0	0.0890293
0	19.39
1	340.865
0	38.6004
0	100.806
0	50.9851
0	50.9593
0	21.1213
0	37.6937
0	4.49652
0	9.14435
1	163.082
0	0.131086
0	19.0046
0	24.7989
0	87.9581
0	40.1133
0	14.2684
1	43.0126
0	24.2495
0	5.3321
0	3.68698
0	115.775
1	125.485
0	12.2656
0	11.6901
0	5.96266
0	246.372
0	255.373
0	17.7741
1	191.788
0	5.96524
0	143.377
1	88.7712
0	29.8509
0	7.38027
1	126.64
0	18.1146
0	105.715
0	26.9204
0	111.493
0	60.3588
0	27.9469
0	9.33954
0	178.754
0	359.16
0	18.9267
0	24.417
0	192.464
0	1.41629
0	25.6495
0	204.87
0	91.2404
0	3.64941
0	2.16269
0	2.3069
0	77.2216
0	495.499
0	1.84789
0	5.93438
0	22.4691
1	135.329
0	3.12053
0	47.5789
0	113.653
0	16.2057
0	33.2139
0	203.715
0	99.2003
0	195.411
0	6.50378
0	40.6458
1	249.585
0	5.96531
0	4.66564
0	1.62489
0	3.92692
0	273.921
0	1.36
0	39.4918
1	184.492
0	102.943
0	161.376
0	32.9353
0	92.2151
0	11.698
0	157.591
0	7.48662
0	20.8951
0	6.30302
0	9.26631
0	9.30523
0	13.9155
0	237.768
1	151.907
0	10.8033
0	13.1315
0	13.7369
0	41.9619
0	9.4155
0	35.2876
0	11.304
1	88.0894
0	5.87859
0	28.0206
0	4.45735
0	174.09
0	2.42364
0	138.562
0	84.9902
0	31.3012
0	25.5386
0	15.5766
0	4.93212
0	67.4434
0	47.0552
0	8.03198
0	122.732
0	50.9818
1	198.715
0	291.497
1	72.3126
0	166.646
0	1.11687
0	37.4324
0	169.849
0	62.7356
1	205.432
0	118.701
0	26.7463
0	83.044
0	63.4519
0	9.83654
0	302.788
0	4.82735
0	4.5519
0	19.9529
0	0.146769
0	4.95161
1	211.878
0	346.732
1	356.779
0	3.29796
0	3.79249
0	2.1052
0	100.993
0	5.6108
0	27.5152
0	9.46789
0	65.0801
1	258.617
0	31.7064
0	29.5768
1	340.961
0	41.4181
0	13.668
0	74.7403
0	6.80763
1	130.398
0	69.2744
1	402.721
0	91.7023
1	130.075
1	177.393
0	0.257518
0	66.6567
0	74.2473
0	3.76759
0	57.3778
0	76.575
0	11.7809
1	98.7982
0	48.9522
0	6.53211
1	170.942
0	220.413
0	213.103
0	21.8892
0	67.3188
0	84.2453
0	131.453
0	26.9564
0	12.6496
1	105.79
0	41.8471
0	126.359
0	37.3914
0	154.23
0	70.2166
0	429.008
0	46.1848
0	22.5193
0	6.91957
0	91.953
0	47.5616
0	100.649
0	113.243
0	12.0567
0	10.6579
0	48.3022
0	326.992
0	30.536
1	124.996
0	13.3617
0	84.8318
0	15.3613
1	124.233
0	448.782
0	2.93191
0	10.975
0	80.7258
0	74.1363
0	21.5772
0	10.643
0	21.4085
0	347.908
0	20.8569
0	87.7198
0	106.665
0	101.004
1	133.106
0	218.944
0	4.98051
0	0.735142
0	6.17775
0	23.0274
0	168.799
0	12.8337
0	51.8534
0	15.836
0	84.0069
0	21.8326
0	84.0097
1	222.764
0	3.88255
0	122.88
0	19.3065
0	48.4314
0	4.80997
0	3.83042
0	2.05908
0	207.751
1	66.4307
0	30.1849
0	18.2589
0	84.4021
0	17.1781
0	2.19276
0	6.15752
0	31.258
0	14.9687
0	2.8498
1	139.056
0	235.19
0	1.54362
0	93.9607
1	413.371
0	49.6052
0	23.3982
0	110.767
0	35.5074
0	92.0971
0	6.51571
0	114.552
1	146.668
0	19.4711
0	14.3135
0	66.764
0	176.494
1	254.556
0	77.25
0	7.24099
0	70.7282
0	7.41522
0	84.1245
0	52.8109
0	99.3767
0	28.7484
0	113.715
0	2.58233
0	228.319
0	51.7984
1	150.625
0	37.2541
1	222.904
0	4.03908
0	16.8187
0	51.9008
1	169.736
0	105.814
0	161.67
0	32.5964
0	38.932
0	31.2183
0	0.500974
0	6.34134
0	69.7046
0	26.747
0	3.66202
0	13.7561
0	163.152
0	52.2851
0	35.2179
1	117.864
0	36.9446
0	146.05
0	19.4699
0	100.136
0	7.88131
0	106.56
0	547.152
1	201.513
1	132.34
0	117.309
0	20.1077
0	85.4194
1	61.9494
1	192.489
0	7.24602
0	52.3636
0	5.14967
1	60.9622
0	45.7388
1	311.996
0	60.9499
0	9.9838
0	56.9132
0	23.5488
0	65.8741
0	17.9319
0	0.95996
0	119.384
0	73.3295
0	289.112
0	43.9596
0	7.3144
0	29.1461
0	11.9716
0	91.6004
0	24.4122
1	111.834
0	10.8344
0	20.3095
0	24.7357
0	22.0284
0	52.9491
0	6.07955
0	11.903
0	20.6582
0	21.9327
1	292.274
0	8.6474
0	94.247
0	44.1921
0	1.05042
0	7.75456
1	231.813
0	5.08946
0	221.526
0	17.258
0	96.3078
0	110.772
0	93.112
0	6.59803
1	305.528
0	173.709
0	26.4095
0	36.2691
0	8.08633
0	6.9815
0	23.0307
0	17.4706
0	52.9321
0	54.8581
0	15.7639
0	59.0085
0	7.34478
0	327.248
1	125.332
0	9.09862
0	19.7364
0	11.7115
0	32.8755
0	37.443
0	28.9879
0	7.82833
0	49.6136
0	6.71227
0	145.378
0	2.21923
0	64.8412
1	119.703
0	89.2753
0	7.41178
0	16.7501
0	107.125
0	79.6238
0	4.85612
1	199.331
0	18.6313
0	259.309
0	8.11801
0	18.7218
0	34.702
0	28.2677
0	137.809
0	47.7984
0	7.37838
0	13.2483
0	39.4431
0	10.389
0	17.7852
1	258.345
0	106.718
0	32.208
0	11.1788
0	24.7531
0	13.5733
0	82.7121
0	8.47711
0	111.867
0	75.5349
0	659.297
0	41.4411
1	142.31
0	48.3862
0	27.8835
1	79.1489
0	64.5055
1	235.964
0	51.6851
0	88.1686
0	16.7606
0	4.25724
1	91.7361
0	185.106
0	13.4799
0	48.1921
0	143.727
0	94.1744
0	3.32156
0	106.835
0	13.0485
0	54.2078
1	50.8182
0	27.6667
0	55.6345
0	92.9377
1	112.693
0	165.099
0	41.2671
0	31.4942
0	28.9192
0	3.45979
1	55.356
0	76.9292
1	154.572
0	3.77636
0	275.673
0	11.8012
1	157.91
0	109.136
0	25.0713
0	163.956
0	21.763
0	291.326
0	17.8194
1	122.384
0	97.8225
0	37.4179
0	404.87
0	283.925
0	25.5963
0	106.754
0	42.0801
0	124.34
1	100.212
0	27.8695
0	34.1864
1	85.0418
0	43.6305
0	8.28489
0	18.9409
0	50.6135
0	242.025
0	113.198
0	12.0927
1	523.02
1	210.18
0	4.82858
0	20.3483
1	108.55
0	11.3017
0	66.4357
0	31.2011
0	47.2651
0	10.8267
0	10.1237
0	2.34207
0	7.67185
0	73.4885
0	6.91038
0	5.85272
1	117.102
0	3.59129
0	8.59137
1	154.841
0	57.1935
0	60.2188
0	24.8321
0	23.4426
0	11.0035
1	148.634
0	42.7431
0	47.786
0	91.0081
0	3.03571
1	303.903
0	212.351
0	76.6444
0	3.49603
0	112.398
0	90.8301
0	2.19959
0	20.4121
0	453.236
0	31.171
0	1.55629
0	190.242
1	153.33
1	381.854
0	14.8619
0	58.8063
0	145.638
0	26.9233
1	53.8421
0	28.1731
0	138.982
0	77.8381
0	21.5621
0	63.0612
0	11.1899
0	107.269
0	1.7476
1	96.5304
1	139.426
0	15.6877
0	77.9871
0	17.8512
0	3.45123
0	66.5128
0	30.9226
1	129.877
0	13.6839
1	118.889
0	69.6601
0	10.932
0	122.504
0	6.32616
0	16.6635
0	8.68713
1	207.423
0	32.1497
0	12.0861
0	7.21482
0	122.075
0	5.72389
0	39.3404
0	0.461528
0	307.705
0	6.89274
0	19.5909
0	35.4818
0	266.798
0	148.983
1	66.0158
0	65.7916
0	72.8514
0	11.348
1	100.517
0	55.1013
0	1.13992
1	238.845
0	2.1274
0	126.579
0	90.9023
0	51.2578
0	6.85597
0	54.8969
0	195.447
1	188.698
1	164.697
0	8.8423
0	26.2275
0	44.4639
0	12.6333
0	42.1541
0	3.12468
0	7.8084
1	109.654
0	16.044
0	215.085
0	34.6622
0	66.2754
0	67.1956
0	19.7781
0	135.589
0	0.660933
0	36.8681
0	300.978
0	5.73142
0	10.7649
0	79.9681
0	125.648
0	175.065
0	20.1291
0	72.8102
0	6.04101
0	42.4204
0	27.0919
0	175.191
0	0.55876
0	3.16453
0	22.014
0	87.8075
0	98.3719
0	154.755
0	13.3254
0	8.22421
0	64.8234
0	105.874
0	13.182
0	82.7714
0	68.1043
0	20.4225
0	30.9267
0	399.557
0	189.177
0	63.0531
0	0.68403
1	77.3409
0	179.372
1	67.6776
0	255.51
0	34.1278
0	19.9292
0	48.5901
0	7.1785
0	8.19862
1	102.937
0	102.841
1	442.114
0	3.27503
0	5.0156
0	49.8733
0	1.3878
0	1.46167
1	58.8199
0	0.608274
0	192.042
0	281.674
0	7.86425
0	0.752878
0	53.794
0	337.311
0	31.1725
0	3.64626
0	78.5698
0	7.5762
0	295.333
0	372.597
0	15.2965
1	111.768
1	130.169
0	19.6942
0	13.3836
0	7.84615
0	22.2884
0	35.8783
1	245.415
0	155.758
0	114.367
0	1.32514
0	40.6528
0	32.0144
0	77.584
0	53.2747
0	53.2056
0	0.467505
0	17.4129
0	245.608
0	65.1247
0	105.047
0	22.0055
0	68.1998
0	4.71107
1	71.5811
0	49.6438
0	4.97459
1	489.599
0	0.530497
0	71.9787
0	95.853
0	19.1643
0	24.2599
0	4.72721
0	140.2
0	38.0084
0	0.966361
1	270.445
0	64.2957
0	21.4669
0	43.6341
1	74.3865
0	5.22251
0	43.7628
0	7.86415
0	125.061
0	25.8505
1	114.435
1	57.3904
0	15.6615
0	44.8656
0	18.5881
0	76.463
0	4.70449
0	6.49951
0	130.215
0	23.0137
1	116.085
0	49.6188
0	125.771
1	242.746
0	92.7229
0	50.3043
0	15.2081
0	5.71468
0	25.781
0	182.231
0	10.9097
0	26.0275
1	232.003
0	3.39958
0	35.3226
0	0.363798
0	435.036
0	90.4052
1	91.0201
0	32.2783
0	20.1352
0	303.146
0	40.9096
0	129.956
0	37.5996
0	7.42593
0	1.88936
0	1.92503
1	185.968
0	9.24283
0	8.38954
0	181.795
0	90.8025
0	8.25163
0	120.676
0	76.5622
0	37.9442
0	92.0144
0	12.1448
0	49.1844
1	135.572
0	19.6483
0	24.2458
0	53.5956
0	100.551
0	91.432
0	36.9302
0	169.108
0	92.2664
1	156.16
0	21.4489
0	191.182
0	7.03834
0	24.326
0	13.5901
0	18.6511
0	1.44444
1	109.094
0	2.34802
0	124.064
1	188.586
0	39.1933
0	6.42451
0	41.4328
1	118.575
0	19.2808
0	0.903434
1	131.582
0	34.9916
0	41.4677
0	10.9945
0	134.325
1	170.118
0	25.365
0	144.783
0	10.7738
1	55.9557
0	49.9574
1	172.986
1	124.496
0	11.3395
0	4.39056
0	8.16629
0	77.9542
0	71.0698
0	69.1043
0	7.51494
0	104.754
0	184.476
0	18.0517
0	172.487
0	276.643
0	58.9537
0	9.44816
0	80.2056
1	120.458
0	6.27254
1	253.007
0	62.5842
0	25.633
1	224
0	204.767
1	177.463
0	29.4815
0	126.92
0	3.99797
0	241.361
1	174.52
0	12.9607
0	13.3915
0	3.43984
0	30.0984
0	61.4096
0	123.007
0	0.365687
0	15.5598
0	131.193
0	304.836
0	33.7698
0	20.5811
0	0.863549
0	23.797
0	26.1424
0	29.1205
0	83.8767
0	4.14477
0	31.4141
0	57.061
0	65.4356
0	38.441
0	5.1104
0	157.785
0	21.4317
0	31.6315
0	35.1415
1	255.268
0	11.43
0	4.09691
0	61.2297
0	269.237
0	8.02451
0	56.3387
0	88.345
0	40.4723
0	70.0852
0	20.4255
0	39.6936
0	1.34168
0	65.3056
0	4.84608
0	7.69687
0	3.40573
0	4.81205
0	37.8994
0	25.1791
0	100.254
1	283.62
0	0.474761
0	14.5338
0	14.6924
0	298.831
1	264.295
0	33.2525
0	49.8127
1	187.438
0	18.6826
0	15.1204
0	42.4731
0	12.3011
0	11.4847
1	176.158
0	19.9985
0	17.661
0	179.382
0	86.1302
0	2.42726
0	54.7969
0	29.8381
0	24.346
0	122.447
0	13.2265
0	1.11819
0	104.611
1	116.994
0	73.4972
0	37.8591
0	51.7365
0	290.915
0	15.2718
0	47.2114
0	10.107
0	2.50497
0	43.6073
0	71.3538
0	144.985
0	250.905
1	296.738
0	13.9523
0	23.8068
1	100.703
0	7.15151
0	11.5335
0	21.5221
1	63.6607
0	15.418
0	11.4627
0	243.237
0	27.3874
0	70.1289
0	2.39076
0	114.104
0	20.8529
0	22.0943
0	84.2321
0	33.8355
0	26.7135
0	19.7786
0	82.6824
1	292.365
1	84.7676
0	20.2409
0	11.6405
1	339.845
0	26.6276
1	60.8738
0	14.2616
0	26.9413
0	1.89014
0	135.558
0	22.7792
1	185.911
0	25.5818
0	240.455
0	62.4577
0	70.9106
0	44.9032
0	130.595
0	0.565332
1	284.596
0	101.156
1	39.825
0	64.5148
0	106.956
0	180.902
0	209.823
0	9.06076
0	49.2051
0	28.1122
0	94.9247
0	45.8988
0	63.7296
0	80.6381
0	137.011
1	186.485
0	13.6122
0	3.8935
0	10.3071
0	39.5265
0	12.0127
0	14.2959
0	32.1858
0	48.058
1	243.218
0	29.1115
1	201.375
0	110.104
0	52.9581
0	119.367
0	64.9022
0	210.569
1	113.473
0	84.0274
0	13.5392
0	51.5293
0	179.541
0	31.5859
1	162.435
0	42.9445
0	8.70593
1	204.401
0	97.2036
0	47.8426
1	167.58
0	12.7145
0	3.60731
1	167.177
0	72.8142
0	6.03659
0	149.988
0	5.22768
0	2.61637
0	4.51652
0	124.835
1	67.3577
0	18.1534
0	208.525
0	17.2053
0	38.9044
0	214.145
0	6.62626
0	150.757
0	20.0236
0	44.6703
0	30.0996
0	90.9807
0	20.582
0	285.72
1	76.1505
0	36.948
0	8.26733
0	189.439
0	305.278
0	3.10608
1	120.274
0	39.8352
0	39.6615
0	14.6811
0	1.11909
0	29.6163
0	33.9186
0	49.5406
0	137.778
0	22.7773
0	71.7394
0	86.6921
0	32.7223
0	97.5588
0	24.3022
0	32.7621
0	35.9036
0	9.61197
0	256.587
0	49.6628
0	42.1542
0	48.3897
0	33.3189
0	0.821851
0	23.1932
0	18.3284
0	108.566
0	90.175
0	14.1932
0	64.5567
1	137.281
1	110.318
0	3.15041
0	106.867
0	81.2117
0	38.8903
0	93.9715
0	8.32465
1	79.7699
0	16.9062
0	25.4207
0	125.555
0	83.0186
0	8.09792
0	55.2866
0	29.8082
0	7.38134
0	170.57
0	6.81665
0	13.837
0	253.051
0	9.18423
0	161.175
0	55.3651
0	5.10816
0	37.8231
0	17.4505
0	12.6314
0	3.43305
0	20.0675
0	45.6014
0	17.3828
0	62.1071
1	133.432
0	59.7952
0	506.658
0	252.899
1	115.688
0	208.505
1	267.757
0	4.65236
0	35.0431
0	22.0982
0	63.3065
1	140.56
0	49.4571
0	38.1565
0	27.5488
0	35.6346
0	37.0476
0	91.1707
0	210.02
0	32.5986
0	100.592
1	116.761
0	33.9932
0	96.1206
0	73.0956
0	30.8768
0	95.3537
0	61.3368
0	81.0103
0	19.5871
0	16.4191
0	4.23008
0	190.741
0	23.5314
0	1.5529
0	10.4867
0	0.134723
0	40.2517
0	134.619
1	421.661
0	5.01651
0	8.23258
0	22.3026
0	180.249
0	2.20029
0	0.357772
0	154.181
0	10.2606
0	94.0544
0	95.3655
0	12.3597
0	15.7938
0	13.7749
0	31.8792
0	286.59
0	33.1224
1	159.654
1	115.614
0	52.3236
0	100.997
0	186.592
0	30.1858
0	108.886
0	9.21188
0	45.5205
0	88.6499
0	16.2281
0	9.01169
0	63.4634
1	117.98
0	59.2731
0	292.782
0	8.02477
1	195.726
0	4.70774
0	23.9948
0	0.0331929
0	3.28247
0	16.0138
1	332.482
0	20.6282
0	161.207
0	10.675
0	435.581
0	125.827
0	69.5395
0	22.0376
0	38.2251
1	140.423
0	35.2995
0	23.9687
1	167.956
0	41.083
0	61.3255
0	62.1846
0	47.4234
0	8.56486
0	112.052
0	41.42
0	4.44038
0	106.426
0	17.2468
0	20.8466
0	19.8807
0	50.3363
0	194.106
1	204.188
0	23.7185
0	1.14993
0	130.836
1	212.963
0	59.6131
0	12.173
1	34.2304
0	0.963057
0	172.759
0	1.67683
0	35.3507
0	2.98249
1	173.918
0	13.514
0	79.7736
0	15.2664
0	13.7474
0	77.671
1	108.165
0	26.9803
0	38.7375
0	6.51085
0	161.813
0	154.36
0	9.24646
0	10.0724
0	9.05136
0	30.7028
0	44.3076
0	96.9782
0	77.642
0	17.8427
0	50.2163
0	137.5
0	2.85402
0	7.64231
1	275.006
0	110.728
0	10.4665
0	79.5647
0	32.8397
0	19.5907
0	218.914
1	32.4225
0	93.2563
0	81.6592
0	7.89471
0	8.22778
0	38.2562
0	16.2977
0	49.5506
0	152.703
0	46.8597
0	17.7086
1	55.396
0	25.9272
0	63.848
0	45.0599
0	64.3432
0	56.0076
0	3.4894
0	8.6453
0	61.3197
0	172.536
0	71.9222
0	8.99518
0	7.58118
1	140.691
0	407.759
0	44.4887
0	85.247
1	93.1525
0	445.073
0	0.783112
0	3.60329
0	42.6657
0	10.0187
0	89.0058
0	40.4432
0	0.188264
0	86.7381
0	18.5124
1	100.371
0	15.2457
1	117.859
0	11.989
0	63.5221
0	2.27266
0	2.30357
0	23.5585
0	0.278011
0	52.2442
1	258.409
0	9.85843
1	335.812
0	29.2927
0	25.62
0	21.5612
0	10.9768
0	105.594
0	18.8762
0	90.205
0	107.302
0	226.75
1	218.974
0	166.349
0	175.433
0	3.06746
0	70.4194
0	20.4686
0	62.9341
0	18.691
0	27.2451
1	185.439
0	68.3389
0	50.6701
1	163.118
0	62.1322
0	5.07045
0	10.6325
0	29.7871
0	218.579
0	17.584
0	34.1449
0	18.7999
1	234.761
0	64.4137
0	16.3037
0	114.962
0	10.7929
0	39.3859
0	9.39453
0	112.213
1	262.241
0	20.3317
0	18.7697
1	167.368
0	74.6945
0	6.1902
0	3.14907
0	64.0921
0	65.8245
0	276.022
0	83.7886
0	213.175
0	15.8058
0	31.5055
0	118.457
0	61.3392
0	7.87074
0	84.5765
0	39.0295
0	9.27129
0	5.11603
0	158.075
0	33.6648
1	156.988
0	23.3638
0	55.9577
0	142.279
0	14.2581
0	47.8662
0	14.1046
0	16.8367
0	39.2354
0	3.75372
0	7.44519
0	7.35773
0	29.1608
0	90.0087
0	45.0487
0	6.22135
0	41.6746
0	133.725
0	18.4265
0	55.3912
1	230.865
1	192.493
0	16.0146
0	8.17442
0	0.978117
0	26.1059
0	13.0237
0	46.2712
0	100.657
0	7.52373
0	87.3684
0	2.96798
0	6.40427
1	199.605
0	335.821
1	53.1593
0	31.3072
1	196.424
0	12.7546
1	436.111
0	9.73283
0	27.2045
0	11.5425
0	19.3322
0	2.19579
0	89.9925
0	58.1724
0	58.1324
1	177.896
0	48.3706
1	204.407
1	132.136
0	100.85
0	2.03294
0	31.5731
1	71.9744
1	319.894
0	25.5178
0	21.2126
0	21.0279
0	12.7911
0	29.5321
0	20.6986
0	149.25
0	8.8272
0	308.656
0	101.479
0	0.0320345
0	8.36033
0	53.0773
0	119.963
0	4.50026
0	260.955
0	102.426
0	144.14
0	169.693
0	16.9245
0	15.5823
0	37.4291
0	32.1929
0	19.0678
0	220.388
0	84.2611
0	30.6544
1	214.683
0	106.156
0	8.28168
0	3.31343
0	12.402
1	251.672
0	70.7559
1	175.693
1	163.998
0	435.07
0	85.7219
0	16.5975
0	56.8332
0	12.6769
1	84.9886
0	97.8087
0	32.1331
0	43.9437
0	61.9782
1	192.571
1	83.1404
0	15.7993
0	18.0803
0	35.0266
0	18.8365
0	96.4069
0	9.13804
1	176.186
0	24.9256
0	7.42796
0	11.6085
0	42.0528
0	178.201
0	342.5
0	1.73741
0	41.4229
0	11.391
0	164.118
0	238.838
0	51.2489
0	10.8896
0	36.3383
0	88.2284
0	159.357
0	2.86265
1	114.655
0	277.387
0	17.1227
0	158.616
0	39.522
0	8.40174
0	35.1918
0	69.0897
0	28.926
0	45.8741
1	57.6484
0	161.247
1	214.964
0	69.0578
0	10.8584
0	49.709
0	28.5194
0	3.91836
0	26.3704
0	3.28137
0	122.083
0	9.29951
1	60.6263
0	20.4252
0	116.768
0	72.4313
0	7.67565
1	205.203
0	2.45587
0	42.4424
0	3.72296
0	4.44756
0	13.4918
0	6.21067
0	290.683
0	104.843
0	12.4514
1	387.933
0	11.0182
0	14.3881
0	37.0145
0	41.8614
0	6.2784
0	106.931
0	14.7855
1	222.259
1	636.06
0	31.124
0	322.815
0	21.4793
0	240.343
0	3.62392
0	85.4255
1	212.313
0	37.2293
0	3.36015
1	241.788
1	114.045
0	127.992
0	79.8608
0	226.034
1	45.1193
0	15.8629
0	17.9473
0	63.4553
0	17.3781
1	320.563
0	4.50684
1	86.4467
0	94.9001
0	27.4537
0	32.3496
0	51.5905
0	37.0144
0	62.3587
1	154.877
0	7.08817
1	65.8176
0	27.879
0	294.451
0	185.977
0	16.8778
1	157.897
0	15.6969
0	62.1388
0	25.23
0	174.087
0	5.32877
1	165.514
0	13.2152
0	38.0011
0	95.9778
0	20.5205
0	86.5842
0	6.12865
0	17.7503
0	6.25441
1	140.027
0	23.177
0	48.4241
0	8.4103
0	47.1798
0	4.30178
0	49.8782
1	89.9392
0	101.216
0	15.9798
0	8.88776
1	163.697
0	55.3138
0	57.6514
0	252.961
0	23.6912
0	153.253
0	8.67766
0	4.98539
0	2.86046
1	311.908
0	18.0478
1	245.077
0	8.31727
0	6.66293
1	27.7482
1	484.315
0	47.8651
1	265.792
0	563.499
0	79.9445
0	0.483011
0	3.47271
0	37.9642
1	169.574
0	7.58502
0	537.785
0	87.3423
0	6.43003
0	102.234
0	4.51844
0	73.1144
0	167.625
0	52.5906
0	41.6915
0	56.2628
0	115.906
0	10.2044
1	92.169
0	3.5016
0	1.91912
0	82.4854
0	9.06185
0	33.4715
0	56.8622
0	165.26
0	13.7315
0	14.3487
0	145.955
0	122.28
0	29.4516
0	53.5898
0	437.783
0	25.5105
0	1.39836
0	22.8472
0	0.96903
0	37.3952
1	92.7719
0	29.9756
1	124.537
0	1.89584
0	2.5234
0	3.42071
0	2.80692
0	5.80639
0	0.742074
0	186.581
0	195.744
0	32.922
0	7.73045
0	0.146036
0	8.96075
0	92.9814
0	97.9333
0	12.7442
0	23.9847
0	299.483
0	20.6443
0	34.631
0	100.704
1	158.458
0	4.89967
0	6.68035
0	34.4511
0	247.855
0	358.827
0	19.1239
0	42.4952
0	39.2567
0	13.0697
0	38.5725
0	236.691
0	30.7327
0	86.3034
0	104.693
0	29.6545
0	22.1326
0	5.78109
0	9.94927
0	158.842
0	195.096
0	132.108
0	5.7084
0	13.4416
0	7.68718
0	33.642
0	50.8423
0	275.305
0	63.635
0	7.13392
0	74.1717
1	70.3561
0	27.0306
1	143.448
0	49.5257
0	100.124
1	387.531
0	20.8672
0	5.15923
0	3.77031
0	13.4081
0	9.63652
0	17.6572
0	7.79981
0	13.3124
0	45.4414
0	125.746
0	7.2676
0	207.427
0	23.2115
0	302.886
0	25.2036
1	125.895
0	307.578
0	26.2032
0	3.54697
0	11.3093
0	287.9
0	9.48021
0	44.8868
0	20.8042
1	244.403
0	27.6858
0	91.7123
0	0.545306
0	648.044
1	80.7077
0	124.864
0	37.0789
0	4.16556
0	15.4799
0	39.2492
0	17.9935
0	289.264
0	17.8158
0	46.0877
0	4.18196
0	284.653
0	19.4176
1	447.28
1	149.738
0	75.2128
0	34.8282
0	24.1846
0	6.19614
0	1.08409
0	31.2906
0	71.154
0	43.9531
0	144.095
0	31.3607
0	9.65811
0	25.903
1	179.691
0	23.521
0	3.6203
0	4.5657
0	3.91286
0	31.3379
1	104.637
1	97.4518
0	37.7959
0	17.1092
0	7.18337
0	20.9047
1	273.825
0	6.49649
0	12.2725
1	169.506
0	35.15
0	131.229
0	115.153
0	248.823
0	134.442
0	103.809
0	4.19582
0	0.860441
0	176.606
0	1.38385
0	4.19565
0	13.8014
0	10.1118
0	3.87864
0	14.5581
0	25.2234
0	6.77211
0	16.7073
0	52.0212
0	77.9787
0	12.2676
0	222.886
0	6.08086
0	27.6194
1	224.129
1	62.2675
0	2.45543
0	35.5298
1	115.245
0	150.984
0	21.3038
0	134.641
0	6.26042
0	72.3125
0	19.972
0	36.913
0	32.6254
0	35.2478
1	73.0341
1	303.977
0	83.7974
0	1.56614
0	363.678
0	126.103
0	218.467
0	307.285
1	283.454
0	240.481
1	60.6466
0	31.105
0	3.29447
1	701.835
0	11.8905
0	93.6036
0	50.6108
0	73.2802
0	0.0154282
1	254.458
0	229.478
0	56.969
0	0.828288
0	248.875
0	14.7593
0	25.8537
1	120.544
0	48.6775
0	112.594
0	51.5626
0	35.8527
0	50.0663
0	19.5167
1	166.591
0	43.0526
0	117.796
0	42.6914
0	22.8477
0	34.1585
1	364.47
0	17.972
0	20.8405
0	55.0521
0	6.51653
0	6.28734
0	48.3394
0	52.9275
0	165.984
0	2.7029
0	18.8478
0	32.24
0	1.42909
1	138.76
1	64.7409
0	8.71143
0	20.8781
0	2.44197
0	32.8568
0	20.1396
0	15.7632
0	445.357
0	50.4603
0	4.68225
0	65.4128
0	121.689
1	116.851
1	62.0245
1	273.665
0	41.3218
0	345.285
0	21.2535
0	36.7793
0	258.587
0	26.1882
0	4.95407
0	49.3185
0	57.9581
0	40.4138
0	77.6488
1	118.827
0	14.2858
0	97.6008
0	5.28675
0	52.3285
0	14.9567
0	19.4018
1	164.697
0	175.167
0	76.7598
1	113.085
1	285.284
0	16.6899
0	128.854
0	0.0852862
0	34.4955
0	59.6295
0	6.11929
0	102.062
0	160.845
0	28.6314
0	7.90906
0	11.5223
1	228.554
0	96.9127
0	24.2387
0	3.82625
0	20.9725
0	27.5398
0	5.49569
0	70.7602
0	175.53
0	49.0051
0	28.1358
0	116.086
0	194.188
0	209.578
0	20.0283
0	7.94011
0	6.15845
0	8.45779
0	10.7559
0	293.639
0	9.20527
0	8.92123
0	315.857
0	10.9563
0	108.914
0	37.8481
0	0.739072
1	293.153
0	161.229
0	41.7392
0	98.906
1	98.7824
0	107.144
0	20.698
0	84.4256
0	121.888
0	178.452
1	119.767
0	108.756
0	51.721
1	53.1787
0	28.6477
0	28.9126
0	31.3972
0	7.87868
0	13.8494
0	6.91151
0	33.7819
0	35.8893
0	7.4764
0	1.05644
0	29.5804
0	72.434
0	88.4065
0	42.3129
0	152.681
0	80.6973
0	24.7739
0	235.731
0	17.0871
0	53.2799
0	45.8642
0	1.71897
0	1.63954
0	0.706055
0	34.9375
0	2.67648
0	15.5185
0	157.698
0	42.1961
0	61.5058
0	3.89535
0	12.8912
0	32.2576
0	73.7082
1	53.1562
0	6.14009
0	87.6931
0	5.60096
1	157.534
1	87.0871
0	19.2558
0	18.2848
0	108.064
0	16.0466
1	174.873
0	61.9765
0	298.126
0	3.43917
0	105.143
0	8.93897
0	135.315
1	262.728
0	31.3057
0	21.9422
0	59.1246
0	83.9115
0	20.1174
0	39.0358
0	138.937
0	6.31063
0	62.7608
0	101.781
1	179.954
0	28.554
0	9.20608
0	11.028
0	13.4906
0	71.9075
0	4.12624
0	115.287
1	70.5179
0	24.6258
0	321.268
0	19.3827
0	90.2817
0	3.29429
0	243.848
0	18.6757
1	162.401
0	18.6854
0	17.7848
0	87.609
0	128.013
0	7.9053
1	77.3354
0	29.3454
0	8.81908
0	301.404
0	64.5311
0	11.3547
0	3.26434
0	12.1476
1	138.613
0	3.7916
0	7.63583
0	17.7134
0	27.046
0	39.417
0	82.7875
0	64.9848
0	168.853
0	15.5141
0	0.469847
1	107.249
1	266.64
1	86.8983
0	280.126
0	24.3561
0	31.2326
0	24.5942
0	295.734
0	1.55647
0	303.077
1	91.1532
1	224.873
0	325.024
0	14.0911
0	41.8114
0	186.535
1	66.7835
1	84.6442
0	56.1069
0	37.5243
0	102.966
0	13.1303
0	135.286
0	26.6801
1	140.47
0	115.571
0	20.1834
0	57.0778
0	10.1364
0	14.4656
0	21.6698
0	62.9318
0	121.443
1	100.161
0	102.032
0	225.974
0	170.627
0	73.7414
0	91.3375
0	26.9946
1	80.7439
0	20.5106
0	30.212
0	0.18282
0	34.8437
0	36.4964
1	67.5486
0	11.0882
0	2.58641
0	10.9225
0	10.0291
0	103.808
0	67.0364
0	47.5696
1	69.1043
0	21.8916
0	65.2017
0	13.0813
0	95.1551
0	23.5184
0	3.53945
0	2.32994
0	35.4611
1	96.8579
0	72.6556
1	214.016
1	88.3686
0	379.596
1	134.647
0	15.6919
0	20.9658
1	154.917
0	137.389
0	1.09048
0	284.314
1	112.479
0	300.774
0	43.1936
0	22.3253
0	152.645
0	79.2349
1	233.097
1	315.591
0	42.7254
0	5.18194
0	4.42692
0	85.1133
0	0.805192
0	179.04
0	79.5991
0	11.9745
0	13.2617
0	9.63927
0	126.709
0	44.3963
0	15.6102
1	134.573
0	0.987851
0	5.19261
0	29.027
0	301.599
0	97.472
0	26.087
0	23.2172
0	8.28867
0	40.3825
0	9.06504
1	186.338
0	14.7946
1	151.548
1	86.7412
0	0.613983
0	102.356
0	127.125
0	10.3462
0	8.89448
0	0.879737
0	36.9929
1	69.6946
0	4.73065
0	0.0606318
0	25.9864
0	56.4541
0	1.26165
0	108.111
0	165.865
0	21.1433
0	2.89557
0	14.0852
0	69.4626
0	70.7239
0	0.857705
0	73.7021
0	70.3283
0	5.66267
0	6.03749
0	7.27029
0	265.278
0	4.68122
0	27.9508
0	0.258454
0	41.0909
0	9.90225
0	2.40058
0	17.869
0	122.874
1	125.52
0	28.8616
0	130.905
1	54.1344
0	66.9462
0	127.705
1	116.317
0	21.488
0	192.539
0	13.1361
0	91.1451
0	24.8108
0	74.5114
0	59.9472
0	33.3624
0	51.6878
0	132.36
0	201.745
0	25.4728
0	6.56131
0	32.3274
1	327.119
0	23.4222
0	26.1157
0	129.804
0	18.8939
1	271.304
0	127.414
0	6.7076
0	19.9598
0	45.8533
1	262.869
0	185.314
0	123.089
0	34.0056
1	154.285
0	279.249
0	67.615
0	9.23295
0	10.0509
0	183.528
0	2.63555
0	75.0997
0	125.58
0	262.955
0	15.5311
0	6.59092
0	8.68928
0	1.68749
0	316.111
0	8.66602
0	35.0072
0	84.4999
1	183.619
0	29.663
1	100.912
0	81.6454
0	3.272
0	55.0794
0	48.2836
0	16.1939
0	10.054
0	53.2512
1	490.48
1	281.202
0	45.8385
1	168.051
1	83.7895
0	3.51224
0	25.9482
0	47.3709
0	20.5268
0	36.2136
0	95.1738
0	1.63584
0	77.2591
0	1.64785
0	46.2577
0	1.12895
0	70.0486
0	7.89822
0	8.5819
0	81.1223
0	32.4869
0	13.5459
0	144.247
0	0.569318
1	105.426
0	15.9145
0	4.84906
0	18.4128
0	26.0232
0	0.117891
0	193.265
0	92.3917
0	8.94137
1	109.287
0	14.5499
0	21.9987
0	45.6012
0	109.8
0	49.0584
0	59.664
0	98.4433
0	200.892
0	6.65965
0	63.0823
0	114.396
0	2.99308
0	52.9575
0	112.107
0	32.5301
1	109.358
0	7.0032
0	15.2716
0	47.5258
0	26.1617
0	211.141
0	129.649
0	66.4949
1	209.522
0	38.5063
0	22.5355
0	23.9816
0	25.7863
1	185.672
0	102.812
0	16.1117
0	19.4597
0	61.8521
0	0.641493
0	14.8872
0	82.7724
0	82.4711
0	5.92905
0	65.8692
0	36.1977
0	24.0596
0	25.9532
0	20.906
0	12.9077
1	186.915
0	52.1099
0	68.1211
1	143.78
0	0.921963
1	183.241
0	210.413
0	9.07868
1	111.093
1	232.817
0	30.6464
0	75.386
0	2.28103
1	42.3927
0	119.924
1	200.536
0	25.2169
0	43.5039
0	241.392
0	38.9952
0	122.479
0	71.9912
1	85.204
0	4.56509
0	99.7351
0	98.8776
0	9.65122
0	38.1414
0	48.5339
0	15.9422
0	19.4486
0	0.173198
0	4.54008
0	79.9092
0	7.31756
0	7.48637
0	36.4091
0	170.652
0	170.587
0	16.1734
0	20.4196
0	52.1205
0	66.3356
0	204.671
0	61.766
0	32.1119
0	63.6358
0	146.498
0	182.043
0	21.8944
0	311.694
0	259.735
0	35.3408
0	4.0726
0	48.1914
0	15.4155
0	47.5409
0	5.86399
0	7.30452
0	12.5296
0	59.0844
0	9.35451
0	39.7481
0	152.786
0	76.7906
0	31.178
0	30.3806
0	88.977
0	186.451
0	477.684
1	75.864
0	11.9553
1	411.373
0	123.821
0	83.6723
1	241.598
0	3.92961
0	39.8717
0	29.1168
0	84.0724
1	87.9638
0	95.2047
0	166.071
0	37.161
0	3.20154
0	44.0723
0	45.1217
0	22.5076
1	314.6
1	65.6696
1	124.05
0	49.1554
1	201.638
0	13.2575
0	56.9612
0	426.816
0	92.6855
0	4.47237
0	46.4097
0	8.82444
0	195.364
1	310.747
0	8.03008
0	106.82
1	465.49
0	205.382
0	0.317661
0	6.32529
0	0.814566
0	137.816
0	18.5078
0	20.0525
0	26.5251
0	66.1925
0	33.4478
0	3.57049
0	402.487
0	14.3473
1	34.9702
0	17.0341
0	4.48863
0	214.795
0	303.107
0	12.2215
0	22.2965
0	105.835
0	76.5931
0	79.0732
0	12.0115
0	85.8724
0	37.3366
1	98.1131
0	32.8327
0	17.4875
1	103.071
0	14.6324
0	7.56593
0	5.36387
0	78.2793
1	77.841
0	59.5134
0	62.4945
0	125.613
0	91.3717
0	24.9926
0	18.743
0	3.4882
0	73.3517
0	144.876
0	5.96326
0	146.235
0	26.7907
0	5.52381
0	43.3304
0	63.6381
0	8.6152
0	29.2665
0	51.7965
0	63.8088
0	76.3342
0	54.9816
0	7.06566
0	81.7563
0	32.3886
0	5.43558
0	5.58704
0	55.9975
0	28.8099
0	2.06183
0	21.4847
0	76.598
0	55.4112
0	14.3138
0	2.90095
0	6.75433
0	195.021
0	21.1675
1	289.257
1	145.99
0	1.22025
0	8.83595
0	23.6979
1	113.797
0	16.2215
0	181.761
0	74.5004
0	16.6594
0	46.1791
1	216.251
0	359.649
0	61.3876
1	129.882
0	93.4207
0	5.76358
0	9.55245
0	0.831728
0	11.6563
0	111.736
0	88.8197
1	55.7898
0	54.3552
0	80.7481
0	7.22055
0	179.325
1	111.701
0	94.527
0	23.6938
0	24.2431
0	3.86618
1	69.0019
1	299.56
0	32.4456
1	118.121
0	13.1539
0	9.55825
0	124.907
0	25.9551
0	18.5252
0	45.8158
0	27.9989
0	127.954
0	41.9276
0	60.9977
1	134
0	1.78494
0	22.7962
0	10.3484
0	4.37688
0	0.862831
0	53.5031
0	9.46431
1	584.365
0	59.6885
0	170.619
0	77.2304
0	9.92028
0	11.8997
1	397.815
0	9.62175
0	71.3724
0	74.4979
0	7.29372
0	25.829
1	78.4437
0	12.6686
0	30.3573
0	18.797
0	12.6201
0	40.5858
1	84.0476
0	28.4148
0	63.7224
1	159.759
0	9.36934
0	145.41
0	11.5338
0	16.2248
0	23.9064
0	6.09206
0	32.5877
0	126.156
0	215.639
1	133.831
0	37.2278
0	37.6767
0	21.7962
0	90.6424
0	96.9137
0	3.20756
0	7.20498
0	1.82039
0	13.214
1	96.8822
0	24.6879
0	57.2276
0	82.3041
0	38.4757
0	0.790888
0	82.7422
0	10.0943
0	66.8775
0	2.41052
0	40.8351
0	8.09723
0	12.3343
0	195.225
0	4.14677
0	32.313
0	4.78884
1	112.463
0	41.4675
0	50.1588
0	7.78035
0	1.74081
0	6.43913
0	96.4222
0	27.6617
0	12.9962
0	312.721
1	257.688
0	3.12099
1	139.725
0	9.61245
0	311.18
0	135.157
1	277.684
0	121.903
0	17.8356
0	5.76467
0	10.9112
1	52.2664
0	11.0812
0	50.5069
0	227.65
0	95.2495
0	10.5698
0	31.4555
0	231.299
1	154.845
0	335.874
0	72.326
0	37.3942
0	22.911
0	52.363
0	24.6231
0	35.159
0	186.902
1	162.881
0	17.7029
0	0.467877
0	28.8742
0	38.2435
1	171.206
0	4.70489
0	178.061
0	62.6707
0	2.45054
0	204.594
0	125.794
0	55.5195
0	77.7955
0	17.7419
1	82.3785
0	234.093
0	58.0134
0	15.435
0	17.135
0	16.9342
1	218.228
0	3.42549
0	52.4577
0	1.51502
0	59.7721
1	157.418
0	0.308945
0	53.5723
0	29.3951
0	18.361
0	0.709234
0	58.3959
0	243.992
0	207.871
0	171.795
0	25.0825
0	1.8723
1	204.939
0	25.4399
1	202.184
0	37.3787
0	279.981
0	2.40179
0	7.79092
0	64.0891
0	6.36793
0	15.019
0	18.9012
0	124.015
0	6.12268
0	73.4594
0	1.70965
0	40.2959
0	26.836
0	5.41339
0	320.989
0	260.252
0	25.8227
0	28.9845
0	189.313
0	62.2858
0	17.6442
0	74.8465
0	4.56945
0	6.9051
0	62.7753
0	42.8707
0	16.791
0	316.039
0	39.2006
0	12.6394
1	55.2956
0	206.201
0	13.3105
0	26.9625
0	15.9604
0	158.351
0	14.1292
0	21.1687
0	107.57
0	44.3355
1	127.498
0	112.407
0	10.4834
0	29.4073
0	65.0987
0	493.857
0	6.34575
0	101.865
0	44.7371
1	66.1765
0	49.7645
0	27.8816
0	0.885381
0	15.288
0	27.5053
0	48.6976
0	92.3414
0	256.914
0	14.1169
0	2.06294
1	139.047
0	78.8231
0	81.7766
0	114.274
0	4.54321
0	35.2307
0	118.536
0	18.5288
0	14.5504
0	37.6269
0	27.2187
0	18.5207
0	4.17148
0	0.625335
0	73.5812
0	125.068
0	395.396
1	184.457
0	318.854
0	11.8331
0	47.0334
0	0.274874
0	18.1267
0	115.68
0	21.5222
0	35.5699
0	78.392
0	0.93852
0	9.54806
0	59.5947
0	11.1689
0	58.6813
0	1.17796
0	17.0965
0	47.529
0	153.387
0	5.38359
0	196.1
0	18.5288
0	3.58313
0	26.2503
0	11.7724
0	12.4478
0	27.2948
0	225.36
0	151.211
0	26.0816
0	151.454
1	107.98
0	1.78049
0	21.7824
1	140.251
0	110.958
0	11.7691
0	151.881
0	50.6613
0	67.2356
1	46.6832
0	141.378
0	48.4765
1	172.33
1	80.6133
0	73.2474
0	82.6528
0	70.5282
0	71.7833
1	118.996
1	107.941
0	8.11929
0	73.4829
0	222.804
0	170.881
0	1.20619
0	22.1566
0	25.2104
0	30.4017
0	14.3751
0	2.58824
0	8.08973
0	2.33487
0	72.6356
1	125.53
0	13.4028
0	25.3272
0	7.18992
0	75.8507
0	73.4429
1	440.861
0	73.5899
0	13.6932
0	22.0102
0	19.3389
0	17.3038
0	23.0038
0	2.29807
1	123.74
1	190.596
0	15.0443
1	144.204
0	49.6956
0	43.7677
0	28.6287
0	4.21628
0	2.98319
0	24.1243
0	3.33126
0	52.2332
1	105.702
0	3.66663
0	35.0959
0	37.3374
0	104.564
0	6.74652
0	238.095
1	189.325
1	418.22
0	47.3712
0	24.0515
0	79.1901
0	86.1678
0	8.49538
0	134.445
0	295.768
0	0.99487
0	10.5763
0	1.63699
0	59.9158
0	84.9462
1	240.764
0	30.358
0	106.528
0	41.9674
0	0.47727
0	49.011
0	5.59483
0	270.094
0	18.7216
0	33.6108
0	5.23717
0	143.596
0	39.3861
0	0.546511
0	6.47611
0	41.9376
0	57.3866
0	35.1619
0	47.2011
0	26.2016
0	20.0874
0	17.656
0	39.3354
0	1.84242
0	224.755
0	91.1442
1	234.83
0	6.15631
0	4.81078
1	47.0256
0	107.908
0	17.7069
0	57.6388
0	89.7367
0	0.769118
0	16.9187
0	0.982147
0	0.430564
0	394.744
1	183.616
0	159.402
0	28.1921
0	9.07056
0	18.6352
0	8.88072
0	32.8725
0	17.6613
1	33.5919
0	0.453239
0	30.3705
0	65.9893
0	61.5016
0	113.597
0	45.3628
0	24.1069
0	123.996
0	79.2518
0	103.884
0	14.3468
1	317.29
1	215.383
0	17.5601
0	118.419
0	5.35524
0	55.2952
0	2.61688
0	28.2407
0	2.64075
0	44.9927
0	9.20428
1	91.9053
0	20.6386
0	5.52521
0	30.9126
0	6.95523
1	194.106
0	7.65457
1	167.897
0	18.5188
0	74.1764
0	50.0185
0	103.73
0	310.2
0	43.0999
0	20.564
0	10.4459
1	115.351
0	57.7537
1	591.945
0	9.88498
0	55.5298
0	71.6069
0	15.0486
0	77.7299
0	220.454
0	487.628
1	296.784
0	34.2788
0	44.9184
0	1.40781
0	0.213267
0	524.528
0	35.4877
0	70.9663
0	4.89836
0	35.0007
0	50.6859
0	45.1417
0	21.5394
0	1.95368
1	112.477
0	5.23314
0	25.8313
0	132.527
0	19.5106
0	74.1447
0	4.60736
0	37.0698
0	223.918
0	45.8264
0	45.7166
0	17.6918
0	72.4379
1	263.539
0	28.037
0	32.7235
0	14.4541
0	30.3765
0	54.9816
0	2.25515
0	80.63
1	139.808
0	22.3981
0	47.1402
1	129.978
1	149.482
0	53.8048
0	67.5307
0	117.589
0	108.767
0	0.626088
0	21.6806
0	564.573
0	11.3103
0	79.3828
0	11.1466
0	188.743
0	13.3061
0	108.211
0	4.46181
0	130.051
0	347.323
0	33.33
0	36.5741
0	59.1726
0	2.87433
0	31.6313
0	224.172
0	48.9939
0	1.39607
0	0.406418
0	422.297
0	16.6637
0	65.8028
0	22.7871
1	153.207
0	68.5579
0	10.0238
0	1.66973
0	15.1048
1	102.585
1	82.7558
0	35.6575
0	14.2338
0	6.51358
0	1.60645
0	77.0527
0	5.13857
0	4.95363
0	186.103
0	39.1423
0	12.0743
0	29.0156
0	62.1705
0	179.717
0	34.1367
0	2.67998
0	31.9339
0	26.4511
0	101.297
0	135.693
0	86.9293
0	4.46842
0	31.9136
1	43.368
0	166.737
0	27.4216
0	57.6921
0	1.46021
1	79.2777
0	1.46452
0	63.4513
1	129.856
0	57.7529
0	2.69273
0	122.297
1	68.6489
1	135.386
0	20.2351
1	139.847
0	25.4335
0	0.032632
0	1.60658
1	417.904
0	7.50056
0	45.7504
0	335.727
0	25.5424
0	296.422
0	2.06259
1	169.508
0	30.2897
0	63.9802
0	16.3828
0	15.5477
1	555.8
0	7.70949
0	37.8863
0	5.49421
1	124.102
0	57.606
0	217.39
0	191.922
1	82.567
0	36.0465
0	294.151
0	6.89048
0	342.936
0	48.5083
0	26.9017
0	31.3832
0	5.05978
0	31.1699
0	1.48293
0	49.0444
0	16.4633
0	54.4403
0	4.83173
0	16.8376
0	14.4518
0	7.75148
1	60.2361
0	5.27061
0	22.6962
0	48.6944
0	27.2824
0	26.4223
0	11.7724
1	70.2857
0	6.03954
0	6.18096
0	14.383
0	8.27226
0	28.0461
0	62.2319
0	15.7719
0	3.13258
0	67.7918
0	25.6808
0	0.804208
1	461.471
0	10.2571
0	95.4786
0	22.125
0	12.7868
0	142.87
0	1.58903
0	131.421
0	129.341
0	42.0986
0	115.007
0	57.6225
0	86.975
0	24.2622
0	40.2432
0	18.2138
1	126.872
0	2.82273
0	1.69662
0	96.6583
0	159.418
1	64.8543
0	21.9226
0	50.9106
0	7.92991
0	18.6879
0	9.84375
0	53.1057
0	70.8377
0	199.593
0	85.5039
0	20.088
0	191.639
0	4.38036
0	595.721
0	14.7141
1	92.8292
0	4.05652
0	21.0036
0	1.12539
1	92.9434
0	18.8911
1	162.183
0	197.309
0	568.981
0	21.5784
0	24.732
0	54.4172
1	103.038
0	328.285
0	30.1808
0	137.385
1	421.939
0	41.5204
0	55.045
0	130.792
0	96.6064
0	2.4587
0	16.5358
0	29.9707
0	8.89354
0	5.01911
0	4.64821
0	26.9784
0	53.2819
0	87.4483
0	4.50542
0	1.76139
0	11.944
0	9.55728
0	7.97997
0	0.196149
0	20.9952
0	234.791
1	50.6702
1	67.8349
0	4.10573
0	24.1891
0	24.698
0	8.83132
0	85.2896
1	84.8279
0	49.0978
0	37.3457
0	74.7107
0	357.513
0	1.4112
0	58.1598
0	32.3353
0	35.7941
0	5.80234
0	80.4376
0	6.5709
0	0.77264
0	27.5972
0	203.768
1	106.287
0	8.34577
0	137.605
0	12.6331
0	177.651
0	66.2638
0	70.7343
0	49.1808
0	10.5602
1	110.935
0	0.963103
1	194.902
0	22.0775
0	81.847
0	277.936
0	58.658
0	240.017
0	1.86965
0	36.7172
0	14.0291
0	7.69257
0	9.46136
0	72.2701
0	80.6029
0	5.43399
0	102.175
0	59.0387
0	63.9442
1	94.4821
0	18.765
0	39.4754
0	59.6423
0	182.903
1	78.3754
0	34.9881
0	157.396
0	10.6977
0	12.1102
0	215.162
0	99.7921
0	31.7838
0	23.2222
0	16.81
0	245.877
0	27.3257
0	21.7844
0	71.5326
1	261.226
1	197.042
1	169.118
1	153.187
0	177.85
1	139.215
0	37.3573
0	38.4156
0	250.651
0	5.50999
1	249.822
0	277.447
1	130.533
0	16.3341
0	7.78469
0	137.942
0	231.955
0	5.84942
0	24.7828
0	148.862
0	17.0024
0	13.868
0	15.5669
0	40.4302
0	537.217
0	17.003
0	384.665
0	79.0001
0	12.5395
0	24.6078
0	12.5126
1	97.6263
0	54.0373
0	42.5599
0	2.98445
0	27.9697
0	47.8757
0	3.32638
0	4.39486
0	27.028
0	9.94105
0	42.5536
0	198.03
0	45.3235
0	40.1738
0	101.594
0	98.091
1	81.542
0	339.92
0	35.4771
0	10.0401
0	12.2608
0	5.19574
0	195.356
0	597.492
0	5.23411
0	92.7918
1	130.115
1	118.591
0	160.973
0	2.334
0	126.769
0	15.7972
1	71.2018
0	145.092
0	8.73057
0	201.288
0	31.3487
0	246.776
0	29.099
0	37.0004
0	6.99186
0	49.0948
1	88.9497
0	99.5885
0	32.4114
0	24.4204
0	11.962
0	170.341
0	11.7667
0	264.069
0	140.264
0	408.276
0	66.0084
1	359.051
1	108.786
0	58.9801
0	220.832
0	412.292
1	113.702
0	208.783
0	17.412
0	45.4486
0	61.7026
0	94.247
0	45.5498
0	117.524
0	47.7987
0	68.152
0	82.1616
0	17.4819
0	13.6425
0	51.1227
0	137.997
0	233.258
0	2.82841
1	162.125
0	47.1144
0	129.22
0	5.32822
0	655.744
0	3.15938
0	6.40451
0	59.8789
0	97.2724
0	33.2835
0	47.722
0	91.8562
0	146.009
0	376.094
0	21.3353
0	92.0241
0	73.6174
0	64.5188
0	75.901
1	110.506
0	66.7188
0	43.4132
0	37.2159
0	22.8445
1	142.2
1	289.986
0	90.1646
0	8.02887
0	60.1511
0	62.5447
0	1.8491
0	7.89807
0	5.51001
0	73.1923
0	3.74774
0	36.8912
0	247.989
0	128.312
0	13.6536
0	20.7318
0	159.567
0	174.993
0	12.9075
0	62.507
1	149.47
0	421.094
0	63.5708
0	4.618
0	68.5886
1	77.9165
0	27.2849
0	2.71977
0	17.5414
1	111.719
0	130.108
0	18.5401
0	3.33675
0	40.2875
0	22.7933
0	7.75749
0	123.773
0	18.0498
0	13.6313
0	413.919
0	0.293534
0	51.7544
0	36.9976
0	20.1517
0	37.7804
0	7.18262
0	37.6101
1	275.834
0	13.5104
0	168.176
0	27.9784
1	146.049
0	76.1519
1	436.644
0	120.116
0	6.98536
1	51.8984
1	121.665
0	2.60922
0	250.745
0	3.57134
1	161.417
0	45.9798
1	373.021
0	82.5584
0	74.4869
0	67.5133
1	56.9115
0	32.424
0	2.03754
0	75.0929
0	280.449
1	250.683
0	434.477
0	13.3277
0	3.27872
0	26.284
0	49.5391
1	104.079
1	104.348
0	3.07656
0	13.5882
0	67.1297
0	50.1032
0	18.9009
0	17.8382
0	96.9132
0	71.7952
0	46.4259
0	78.5742
1	271.981
0	14.286
0	21.8457
0	38.3915
0	48.0755
1	300.287
1	45.2863
0	154.437
0	7.59513
1	115.896
0	51.6501
0	18.5317
0	5.5893
0	33.7916
0	6.69593
0	37.4112
0	114.909
0	39.6231
0	52.4885
1	235.204
1	111.779
0	0.944994
0	10.1914
0	43.2324
0	56.2252
0	266.056
0	42.8504
0	330.318
0	7.18573
0	52.6262
0	28.9608
0	7.2692
0	126.986
0	9.04201
0	24.4449
0	18.9521
0	5.80468
0	1.72528
1	113.434
0	8.76244
0	226.17
1	97.3977
0	27.9742
0	42.3749
0	52.4016
0	49.785
1	129.566
0	10.8028
0	19.3433
0	1.92093
1	38.2156
1	306.492
0	126.492
0	5.54583
0	55.284
0	3.67252
1	62.7176
0	1.8104
0	1.46505
0	1.33141
0	25.8695
0	0.1101
0	6.14787
0	113.153
0	1.12773
0	1.36991
0	155.256
0	30.2156
0	74.3026
0	89.6031
1	380.382
0	44.2416
1	315.323
0	122.357
1	197.084
0	158.178
1	197.561
1	147.179
1	148.682
0	59.2038
0	64.5297
0	85.834
0	3.106
0	35.8434
0	150.241
0	31.2487
0	2.59846
0	54.5795
0	251.864
0	49.6504
0	162.274
1	160.872
0	32.8036
0	6.64627
0	5.43175
1	234.215
0	4.81626
0	422.541
0	3.20487
1	90.1841
0	68.4332
0	54.11
0	13.3282
0	22.7371
1	439.174
0	76.6951
0	68.2326
0	118.82
0	13.9925
0	13.1587
0	58.0073
0	347.166
0	61.0206
0	252.142
0	65.7112
0	295.377
1	305.863
0	65.9888
0	16.9053
0	13.373
0	59.0275
0	39.1444
0	48.9499
0	37.8583
0	179.632
0	3.46144
0	2.09846
0	92.1031
0	21.6518
1	70.4695
0	10.4212
0	131.597
1	108.305
0	38.6015
0	32.7654
0	4.55696
0	0.388772
0	0.993421
0	39.8908
0	6.82582
0	78.5729
0	305.172
1	45.8796
0	9.65689
0	0.193322
0	22.7234
0	81.5187
0	59.1824
0	49.328
0	13.772
1	114.988
1	101.033
0	125.013
0	3.86671
0	13.0327
0	542.435
0	31.7665
0	77.9486
0	10.4832
0	67.6683
0	138.593
0	12.9425
0	123.166
0	30.9224
1	143.685
0	2.41177
1	238.427
1	89.9497
0	4.58972
0	17.6332
1	88.5435
0	53.2607
0	2.84229
0	73.8823
0	95.0289
0	153.553
0	36.0831
1	179.261
0	123.671
0	102.499
0	267.817
0	7.57242
0	141.689
0	22.2756
0	14.5639
0	11.7534
0	13.3726
0	19.039
1	80.412
0	78.5785
0	6.9282
0	3.25829
0	14.113
0	126.943
0	95.3992
0	1.11775
0	5.4285
1	124.262
0	20.7209
0	83.5537
0	32.0446
0	56.5529
0	11.7412
0	0.256617
0	36.3134
0	57.2095
0	76.9032
0	76.4996
0	26.5839
0	16.2414
0	205.989
0	51.0013
0	15.1376
0	302.773
0	80.2145
0	28.4363
0	215.586
1	100.853
0	12.7233
0	49.708
1	61.019
0	277.317
0	3.74134
0	55.4867
0	16.4202
0	7.65481
0	3.72717
0	196.079
0	22.6003
0	0.964548
0	10.996
0	32.784
0	57.5122
0	85.5815
0	16.2305
0	91.5065
0	39.7747
0	114.751
0	4.06242
0	50.4995
0	65.3653
0	45.1818
0	293.826
1	509.958
0	163.9
0	99.7878
0	232.631
1	218.049
0	32.2255
0	125.186
1	148.739
0	1.44313
0	10.9295
0	9.14389
0	306.005
0	10.9752
0	85.9029
0	4.30015
0	53.048
0	166.12
1	152.58
0	370.43
0	25.1861
0	296.853
1	103.556
1	170.253
1	49.1343
0	33.1101
1	161.016
0	1.72758
0	12.4787
0	30.0768
0	7.52048
0	79.7013
0	9.26614
1	345.895
0	76.8982
0	19.3514
0	166.803
1	302.49
0	11.5901
0	390.455
1	280.813
0	186.471
0	71.178
0	8.53073
1	123.476
0	5.16237
0	8.05864
0	42.8179
0	100.894
0	32.7716
0	24.2657
0	0.714349
0	29.8285
1	219.458
0	8.59551
0	0.534198
0	45.4411
0	4.11563
0	8.61605
0	14.5708
0	27.7565
1	137.631
0	19.423
0	1.44815
0	55.4014
0	33.4245
0	242.845
0	1.44609
0	75.9936
0	21.4136
0	35.5771
1	151.951
0	87.6672
0	21.2871
0	1.72633
0	98.2374
1	160.087
0	55.4283
0	8.9515
0	5.11082
0	272.536
0	48.9614
0	10.9308
0	35.6525
0	33.706
1	59.8513
1	109.792
0	32.3376
1	120.183
0	142.73
0	30.1745
0	46.8532
1	92.7353
0	8.43011
0	21.0748
0	9.87997
0	93.3931
1	50.3915
1	131.581
0	96.5114
1	406.925
0	65.9772
1	154.943
0	8.29347
0	50.9701
1	177.242
0	111.865
0	79.3581
0	5.91766
0	77.374
0	146.712
0	31.7643
0	35.3703
0	17.4627
0	114.357
0	105.743
0	39.3338
0	0.644066
0	18.7118
0	158.764
0	245.247
0	26.4639
0	160.516
0	8.12721
0	410.686
0	10.5217
0	14.0034
1	257.239
0	3.78075
0	21.6855
1	79.8524
0	4.30515
0	222.664
0	76.2983
0	92.9236
0	30.9579
0	8.76908
0	20.8747
0	17.8459
0	41.9195
0	114.231
0	47.867
0	51.8751
0	30.0583
0	41.6541
0	36.0784
0	1.54121
0	82.5804
0	83.4555
0	217.601
0	26.6484
0	6.40344
1	174.849
0	23.9275
1	367.248
1	249.552
0	6.42182
0	4.48304
0	135.808
0	5.82489
0	104.461
1	204.24
0	30.8599
0	15.6187
0	25.3159
0	15.4193
0	3.35633
0	298.171
0	54.1768
0	959.856
0	7.22966
0	13.1991
0	43.6349
0	2.17137
0	159.409
0	95.4795
0	80.3835
0	1.72788
0	6.89159
1	51.7001
0	131.21
0	46.7241
0	97.8794
0	9.91709
0	119.19
0	389.082
0	6.94767
0	7.86531
0	59.6706
0	13.9811
1	350.218
0	69.1153
0	112.487
0	199.267
0	445.81
0	88.1221
0	1.92646
0	15.38
1	304.076
1	70.978
0	0.151529
0	2.45785
1	90.9888
0	6.0693
0	33.6164
0	82.84
1	45.8296
1	109.843
1	276.156
0	23.5483
0	27.6763
0	51.6764
0	1.83765
0	69.3425
0	3.54657
0	70.336
0	82.991
0	12.2877
0	61.3185
0	58.4058
0	247.201
1	125.634
0	167.5
0	4.19026
0	4.47765
0	419.228
0	258.146
0	3.56373
0	74.595
0	157.113
0	29.2801
0	36.8846
0	143.324
0	8.81567
0	1.20025
0	135.159
1	150.372
0	4.27073
0	29.2796
0	108.218
0	257.071
1	148.316
0	59.3693
0	3.28698
0	78.8897
0	49.2295
0	204.338
0	5.81731
0	36.5341
0	33.3328
0	0.85914
0	147.166
0	112.022
0	38.9073
0	79.0268
1	210.78
0	70.8231
0	82.4916
0	1.781
0	14.1805
0	35.9309
0	33.4493
1	133.905
0	257.633
1	146.572
0	30.4168
0	315.166
0	9.47705
0	1.55206
0	184.616
0	53.4548
0	6.22327
0	439.803
0	9.32846
0	55.5318
0	175.32
0	8.44612
0	5.99084
0	39.5208
0	39.7666
0	0.538581
1	145.399
0	25.9988
0	41.9971
0	91.3064
0	34.4807
0	9.26049
0	670.649
1	378.21
0	96.251
0	45.9841
1	73.6653
0	49.9276
0	23.3481
0	14.2406
0	19.9753
0	2.72373
1	54.6981
0	140.238
0	49.3791
0	34.5721
0	18.8074
0	55.5067
0	75.7221
0	61.9424
0	32.528
0	5.91637
0	36.4903
0	11.3662
0	47.6964
0	98.1698
0	1.89212
0	279.357
0	222.208
0	223.098
1	423.964
0	0.790765
1	388.607
0	69.4445
0	18.9287
0	321.434
0	6.90623
0	4.6294
0	56.5902
0	264.165
0	17.4213
1	224.078
0	147.075
0	2.2067
0	294.464
0	97.087
0	46.5047
1	116.468
0	379.556
0	5.17864
1	129.557
0	128.04
0	152.083
1	148.629
1	241.808
0	73.063
0	30.5084
0	143.621
0	60.8426
0	27.2713
0	35.555
0	23.0498
0	0.914174
0	27.0645
1	47.6994
0	85.5735
0	44.9569
0	2.14426
1	431.865
0	15.9858
0	293.504
0	45.5277
1	56.3775
0	45.3583
0	105.738
0	226.251
0	249.301
0	10.8896
1	84.337
1	428.858
0	159.611
0	53.7595
0	88.2366
0	332.146
1	203.046
1	82.5365
0	21.8448
0	75.7672
0	34.161
0	27.5665
0	15.7823
0	3.41701
0	29.2939
0	21.8375
0	4.80255
0	34.3839
0	1.15259
1	112.444
0	76.4483
0	83.1432
0	168.352
0	3.2337
0	27.228
0	0.0153921
0	253.4
0	27.2091
0	4.56895
0	41.7798
0	33.8267
0	22.1799
0	0.854989
0	60.6102
0	17.994
0	9.00662
0	4.48478
0	109.779
0	4.28599
1	203.623
0	0.158577
1	124.162
0	25.369
1	317.003
0	95.2291
0	94.522
0	169.09
0	33.8741
0	2.41127
1	209.611
1	121.932
0	69.8072
0	19.4723
0	7.25869
0	10.6492
0	2.21395
0	205.511
0	109.661
1	116.843
0	8.01067
0	346.781
0	0.983847
0	2.60404
0	0.486589
0	45.6842
0	92.432
0	298.191
0	13.3338
1	61.6463
1	312.085
0	32.4778
0	49.959
0	212.27
1	53.3174
0	7.60574
1	140.436
0	32.8069
0	2.95199
0	189.39
0	20.9275
0	2.36322
0	0.517605
0	17.1585
1	303.516
1	66.3119
0	187.698
0	30.4364
0	36.1363
0	15.4684
0	10.4882
0	43.9326
0	30.4337
0	5.81895
0	88.8689
0	26.0685
0	68.9796
0	249.786
0	118.144
0	85.3435
0	38.5717
0	303.188
0	3.66632
0	65.6399
1	174.114
0	17.2819
0	21.4737
0	26.2785
0	12.4033
0	76.0309
0	8.21223
0	87.1893
0	23.8244
0	12.8819
0	22.1317
0	20.9804
0	7.5478
1	313.085
0	3.34135
0	4.16864
0	20.5962
0	238.846
0	44.5316
1	270.311
0	9.71742
0	2.1895
0	35.4082
0	262.528
0	28.3772
1	251.497
0	2.81238
0	65.0425
0	0.214333
0	25.3702
0	70.9583
0	171.912
1	208.117
0	48.079
0	8.64352
0	43.1207
0	13.6591
0	4.21143
1	88.4991
0	4.22916
0	25.8263
0	56.9683
0	398.696
0	6.92316
0	221.776
0	30.6954
0	14.3771
0	19.1175
0	220.343
0	21.6442
0	52.2677
0	41.6487
0	20.4061
0	14.3841
0	197.285
0	124.799
0	12.5436
0	1.61423
0	11.9537
0	37.0299
0	17.032
0	7.97401
0	69.925
1	185.365
0	26.2759
0	305.108
0	9.83362
1	260.806
0	13.5694
0	230.126
0	100.272
0	273.441
0	114.356
0	46.7931
1	306.486
0	95.0735
0	3.26379
0	27.5651
1	160.304
0	55.8203
0	6.88513
1	150.65
0	112.032
0	251.444
0	48.362
0	7.35294
0	41.738
0	52.1629
0	28.5835
0	4.96181
0	4.29814
1	465.273
0	293.986
0	150.338
0	4.84368
0	5.87271
1	198.621
0	275.625
0	43.5194
0	106.774
0	60.2209
1	205.296
0	54.1804
0	27.0251
0	115.159
1	270.647
0	15.0038
0	5.63539
0	3.56128
0	4.1631
0	7.59656
0	61.9131
1	416.294
0	62.4579
0	14.3423
0	31.5898
0	9.37217
0	52.8957
0	0.16005
0	13.7184
0	11.74
0	57.163
0	23.582
0	4.21652
0	354.166
0	132.049
0	61.1487
0	11.6997
0	3.38036
0	10.9772
0	4.69187
0	42.0139
0	10.7451
0	4.20437
0	95.3502
0	160.183
0	7.34497
1	60.9478
0	32.5934
0	189.235
1	89.201
0	40.6058
1	142.151
0	0.592468
0	0.280204
1	210.419
0	202.482
0	6.13495
0	15.3407
0	112.546
0	106.441
1	214.402
0	124.538
0	97.818
1	163.681
0	4.81779
0	27.0304
0	14.3188
0	10.9145
0	0.101828
0	3.60656
0	0.253183
1	47.7881
0	86.0944
0	46.3442
0	2.30486
0	40.3854
0	37.5591
1	282.526
1	232.423
0	16.7894
0	61.2993
0	44.1329
0	163.021
0	144.894
0	21.4652
0	1.46836
1	113.398
0	6.75089
0	31.2716
0	140.204
0	271.78
0	56.7953
0	5.33654
0	7.8583
0	9.65591
0	58.0321
0	20.9475
0	10.8745
1	88.8063
0	8.26836
0	345.482
1	68.81
0	6.45077
1	787.751
0	47.3795
0	72.8359
0	35.4176
0	99.7166
0	178.846
0	58.1191
0	61.1682
0	21.3666
0	27.5172
0	8.31437
0	4.44377
0	125.536
0	74.6942
0	22.6402
1	84.2367
0	238.819
0	47.5966
0	155.389
0	19.981
0	62.5701
0	162.632
0	11.8321
0	10.0269
0	31.3823
0	19.1534
0	37.4905
0	36.24
0	2.38255
0	156.588
0	0.750162
0	152.208
0	0.363945
0	169.308
0	13.3067
1	139.017
1	89.1652
0	91.6623
0	29.6859
0	150.607
0	37.8586
0	0.804223
1	75.4967
0	1.17515
0	35.1908
0	3.12263
0	18.074
0	173.209
0	5.16488
0	1.89407
0	1.87335
0	210.18
1	88.5144
0	30.9418
0	21.4128
0	45.6688
0	91.7864
0	235.058
0	1.45504
0	23.4661
0	44.3306
0	55.1282
0	0.357781
0	165.494
0	20.1239
0	62.7905
0	71.5979
0	2.9419
0	9.12993
1	316.224
0	24.0312
0	6.18657
0	34.0312
0	224.826
1	150.018
0	53.2325
0	35.8145
0	179.626
0	67.881
0	12.8844
0	137.268
0	42.3084
0	81.8281
0	37.6169
0	121.138
0	70.4963
1	132.635
0	7.89955
1	87.5089
0	24.0903
1	124.039
0	215.111
0	31.2543
0	13.5272
1	595.449
1	111.918
0	184.59
1	127.55
0	8.1697
0	97.4041
1	225.597
0	82.4065
0	10.095
1	122.146
0	260.981
0	29.9082
0	4.96522
0	29.245
0	212.433
0	360.168
0	28.97
0	205.961
0	63.6688
1	247.822
0	46.6254
0	104.074
0	185.994
0	43.3459
0	59.7525
0	33.2129
0	191.475
0	3.86267
0	17.2042
0	22.3912
0	16.0979
0	9.61589
0	13.4907
0	33.4242
0	274.942
1	53.9792
0	49.9606
0	65.4684
0	16.6327
0	0.804012
0	7.14364
1	66.6245
0	9.8003
1	229.551
0	138.57
0	4.82501
0	36.6017
0	189.462
0	67.0565
0	170.104
0	66.5823
0	43.3495
0	19.1566
0	8.47365
0	18.5886
0	464.25
0	267.699
0	1.24458
1	364.278
1	83.2889
0	35.7364
0	2.34535
0	20.5519
0	28.3649
0	11.4147
0	60.4553
0	22.5572
0	98.9576
0	167.179
0	111.229
1	311.76
0	768.382
0	48.2416
0	23.4173
0	11.35
0	28.2997
0	252.015
0	4.67219
0	21.0096
0	64.4116
0	166.434
0	17.459
0	112.805
0	9.53205
0	118.89
0	36.8639
0	19.6107
0	54.6093
0	68.2898
0	134.125
0	114.406
1	83.0192
0	22.4795
0	78.694
0	20.477
0	39.2847
0	5.47116
0	34.2055
0	14.4624
0	2.38725
0	13.5657
0	179.446
1	114.442
0	1.92748
0	627.134
0	91.0385
0	66.2087
0	125.749
0	197.421
0	49.2868
0	177.188
0	131.824
0	44.1127
0	123.562
1	90.5964
0	148.958
1	114.473
0	4.12548
0	27.2199
0	3.33791
0	3.5862
0	28.2994
0	240.123
1	182.262
0	49.6255
1	210.05
0	78.661
0	58.8674
0	112.577
1	212.158
0	59.7079
0	13.4871
0	54.7716
0	29.174
0	5.20376
0	111.24
0	11.5101
0	205.044
0	268.063
0	756.855
0	17.7101
1	306.162
0	22.2442
0	48.8858
0	10.6791
0	36.6969
0	1.74763
0	18.3316
1	266.473
1	98.8385
0	33.874
0	7.72276
0	54.455
0	452.084
0	25.6722
0	0.504961
1	113.261
0	35.555
1	60.5925
0	33.3085
0	4.25729
0	37.6769
0	0.157005
0	20.3141
0	6.2723
0	119.19
0	15.1572
1	110.102
0	126.912
0	39.7045
0	179.373
0	38.1682
0	398.077
0	38.2287
0	4.84121
0	0.265876
1	705.633
0	85.5645
0	401.785
0	8.56645
0	117.308
1	65.0919
0	194.96
0	236.444
0	109.412
0	5.49919
0	0.406099
0	38.8277
1	327.953
0	0.954488
0	0.292498
1	163.734
0	36.5701
0	344.085
0	30.8123
0	6.09073
1	415.86
1	261.515
0	94.2632
0	354.455
1	132.698
0	13.524
0	518.141
0	42.8274
0	72.2819
1	268.195
0	18.3444
0	11.4492
0	24.871
1	264.665
1	65.7298
1	105.838
0	15.0409
1	143.843
0	16.6474
0	1.72903
0	48.354
0	283.425
0	75.1759
0	56.0771
0	0.999581
0	38.3626
0	197.545
0	6.78709
0	0.528225
0	70.3994
0	222.443
1	231.475
0	70.0666
0	23.7815
0	55.2506
1	183.039
0	8.54055
0	122.312
0	2.15247
1	272.771
0	24.553
0	15.1978
0	8.79519
0	133.898
0	17.4068
0	1.35384
0	125.935
0	3.82943
0	3.30048
0	13.6657
0	83.9922
0	7.13964
1	202.418
0	15.8939
1	121.462
0	24.2794
0	32.6289
1	206.792
0	32.3619
0	9.44044
0	107.355
0	30.072
0	37.558
0	121.544
0	10.2256
0	29.9514
0	73.54
0	28.9412
0	109.36
0	73.1478
1	233.193
0	23.0035
0	54.9505
1	194.765
1	387.141
0	153.596
0	27.0186
0	4.29154
0	12.681
0	31.4901
0	42.5568
0	16.4799
0	95.175
0	346.344
0	16.6346
0	0.482691
0	58.8061
0	28.0886
0	36.3699
0	12.2987
0	121.991
0	83.3882
0	26.5616
0	182.225
0	8.49135
0	2.68121
0	39.4053
1	128.58
1	117.295
0	37.2664
1	193.834
0	68.6627
0	87.2072
0	24.6304
0	20.3673
0	26.9738
0	24.0043
0	141.667
0	30.2332
0	109.369
0	4.72479
0	2.76595
0	43.577
0	221.588
0	49.2477
0	12.6531
0	20.8179
0	27.5007
0	214.337
0	53.0768
0	19.1497
0	7.7283
0	206.724
1	52.166
0	11.5294
0	63.9843
0	14.097
0	374.207
0	64.254
0	167.142
0	113.792
0	15.2389
1	151.763
0	336.03
1	280.826
0	439.281
0	134.657
0	93.5108
0	15.5659
0	163.904
0	18.4904
0	43.5603
0	17.9577
1	145.019
0	66.1956
0	22.6394
0	16.3414
0	96.2668
0	13.0803
0	178.568
1	155.174
0	2.98823
0	37.2091
0	75.0254
0	27.8577
0	43.9901
0	93.5966
0	18.1812
0	61.7407
0	2.24439
0	35.752
0	150.591
0	43.602
0	10.0295
0	151.848
0	4.4059
0	44.2405
0	28.511
0	56.5644
0	9.3852
1	133.348
0	262.118
0	70.0906
0	53.8336
0	3.98362
0	12.0013
0	156.995
1	235.772
0	141.382
0	131.685
0	33.9207
0	47.5035
0	117.779
0	12.0346
0	44.5979
0	8.661
0	28.3729
0	15.9747
1	340.203
0	118.999
1	68.5501
0	3.10851
0	7.49267
0	38.5723
0	9.64193
0	29.3649
0	113.482
0	19.9721
0	39.8955
0	47.3192
0	19.2648
0	33.6061
0	90.0646
0	6.87996
0	8.07609
0	211.749
0	5.05713
0	20.7264
1	90.7766
0	7.35795
0	12.0184
0	73.8822
0	127.407
0	1.11529
0	219.575
0	16.9473
0	90.486
0	17.3797
1	405.962
0	15.4331
0	8.07874
0	69.3368
0	85.9934
0	135.85
0	17.4377
1	233.311
0	16.1842
0	59.3923
0	449.206
1	410.577
0	66.2403
0	0.810668
0	68.4208
0	17.7466
0	29.8343
0	36.2208
0	138.119
0	12.8289
0	4.59501
0	158.855
0	3.90261
0	5.77356
1	113.771
0	3.50669
0	130.171
0	14.6731
0	2.05286
0	3.96857
0	195.831
0	211.722
0	14.1061
0	147.306
0	19.2947
1	290.032
1	174.826
0	16.9804
0	154.74
0	10.3703
0	0.472037
0	226.296
1	127.322
0	9.0314
0	129.189
0	8.3139
1	141.339
0	3.61395
1	99.3414
0	132.071
0	57.6348
0	67.6335
0	22.2145
0	29.3161
0	76.2556
1	152.422
0	17.8352
0	76.2288
0	22.0309
0	6.13496
0	1.92033
0	49.8788
0	1.42185
0	3.43624
0	5.79004
0	51.2364
0	0.22387
0	3.39893
0	112.547
0	2.78307
0	159.817
0	17.1605
0	66.5189
0	2.32197
0	182.547
0	37.6566
0	268.388
0	23.9487
0	13.0558
0	5.6266
0	48.7362
0	87.8109
0	3.19662
0	77.9843
0	1.98382
0	15.5947
0	308.885
0	162.629
1	93.7655
0	4.50525
0	7.9046
0	108.175
1	537.952
0	223.197
0	184.242
0	42.7566
0	0.197762
0	6.91481
0	19.894
0	180.836
0	40.0232
0	51.415
0	11.9806
1	178.15
0	165.376
1	255.812
0	8.61093
0	38.0408
0	16.354
0	101.715
0	3.52109
0	7.93747
0	109.12
0	81.0379
1	129.399
0	37.2449
0	570.425
0	80.9978
0	11.5487
0	41.3384
0	43.5768
0	233.215
0	39.4239
0	12.8935
0	0.282487
0	68.0626
0	27.3592
0	107.851
0	50.5356
0	0.180603
0	104.544
0	67.1402
0	21.2666
1	190.29
0	218.455
0	14.7647
0	102.703
0	10.6022
0	7.79768
0	31.9376
0	28.0015
0	12.6414
0	6.2798
1	120.095
0	65.698
0	1.12902
0	15.7617
0	71.1419
1	238.277
0	3.76596
0	14.6709
1	482.956
0	25.7437
0	141.752
0	6.91216
0	287.669
1	116.195
0	38.0334
0	20.2669
0	1.08279
0	248.523
0	99.9501
0	40.726
0	49.2214
0	7.46093
0	0.792318
0	32.6747
0	190.258
0	3.16069
0	45.7725
1	188.377
1	173.385
0	9.77831
0	18.5398
1	664.782
0	340.114
0	14.5652
1	99.3631
0	24.8925
0	16.1276
1	187.953
0	13.3539
0	28.9727
0	8.14545
0	77.2218
0	24.8334
0	14.9212
1	177.186
0	117.51
0	68.9632
0	96.0843
0	25.5548
1	141.068
1	227.218
0	23.0918
0	155.471
0	20.9553
0	247.877
0	0.903583
0	5.06848
1	108.784
0	3.59799
0	149.453
1	87.1079
0	75.6619
0	42.2365
1	43.2747
0	148.135
0	4.84703
0	34.3618
1	161.146
0	79.4525
0	69.1099
0	27.1704
0	367.119
0	78.2377
0	195.325
0	29.9248
0	18.6379
0	31.3091
1	289.796
0	51.7822
0	451.373
0	20.9215
0	1.96695
0	52.2633
0	11.497
0	17.1396
0	242.456
0	56.1946
1	196.11
0	113.955
0	37.9947
0	22.5996
0	1.69723
0	293.593
0	24.1825
1	63.9438
0	103.387
1	171.366
1	85.2388
0	117.128
0	84.2834
0	56.2915
0	16.6526
0	6.42941
0	336.457
0	123.684
0	20.1282
0	1.53292
0	129.627
0	17.0398
0	76.4972
0	1.38396
1	144.469
0	56.5019
0	4.97524
0	3.83175
0	33.5682
1	355.125
0	260.911
0	12.664
0	23.2787
0	68.1055
0	60.2058
0	16.2888
0	5.83593
1	168.652
0	71.8381
0	188.348
0	8.13349
0	31.8641
0	185.385
0	50.2351
0	156.736
0	107.641
1	153.39
0	156.522
0	28.6511
0	314.76
0	69.9782
0	32.7224
1	314.815
0	50.9566
0	185.848
1	256.826
0	8.67372
0	7.72075
1	128.321
0	35.5924
0	117.235
0	91.039
0	79.5339
0	29.9338
0	9.68805
0	7.97239
0	51.0202
0	161.253
0	51.6535
0	140.345
0	160.568
0	24.6163
1	89.4802
0	60.3601
0	5.93172
0	176.195
0	93.8952
0	31.486
0	74.0614
0	31.8077
0	74.4753
0	131.774
0	26.3247
0	248.199
0	35.0235
0	112.726
0	0.719729
0	104.453
0	15.2808
0	51.8306
0	5.16803
0	111.208
0	32.1648
0	3.11145
0	64.1291
1	116.083
0	28.9378
1	71.5417
1	44.7293
1	98.1893
0	2.21442
0	98.0424
0	16.6575
0	21.209
0	17.9301
1	281.492
0	105.397
0	1.82237
0	267.995
0	68.6997
1	133.574
0	89.504
0	170.548
0	180.357
1	49.7828
0	121.934
0	59.1908
0	8.58743
0	59.4792
0	2.6533
1	114.747
1	214.395
0	145.565
0	56.4129
0	167.931
0	24.6112
1	567.293
1	141.469
0	107.411
0	65.8955
0	227.995
0	36.1989
0	117.756
0	10.121
0	53.8928
0	121.824
0	19.2321
1	114.435
0	64.4662
0	78.7339
0	2.1285
0	77.4876
0	56.8207
0	58.3648
1	123.942
1	92.8168
0	35.6915
0	692.491
0	57.0215
1	467.574
0	82.5663
0	31.7103
0	82.8518
0	24.7727
0	148.134
0	5.79948
0	27.8435
1	70.8929
1	58.5952
0	61.8196
0	427.382
0	5.8137
0	0.878755
0	6.34798
0	137.859
0	6.28065
0	15.5982
0	24.6769
0	128.434
0	45.0933
1	182.011
0	9.99908
0	106.646
0	60.2833
0	58.8585
0	76.4207
0	9.39593
0	15.6813
0	11.6462
0	30.712
0	20.509
0	83.2152
0	65.6619
0	20.181
0	199.086
0	38.8333
0	8.40845
0	238.193
0	28.1308
0	16.3299
0	54.4788
1	152.56
0	350.296
0	2.92367
0	50.6792
1	229.154
0	63.8024
0	3.68704
1	50.1301
0	138.691
0	14.7751
1	202.025
0	4.28472
0	101.131
0	143.249
1	160.435
0	105.518
0	448.993
0	102.185
0	0.160945
0	63.4977
0	22.4538
0	91.732
0	13.9105
1	63.7492
0	13.7138
1	292.762
0	279.011
0	3.34952
0	18.4657
0	50.2039
0	296.182
0	166.766
0	5.79179
1	211.245
0	253.485
0	21.5401
0	19.2331
0	101.205
0	74.8834
0	128.858
0	21.8806
0	72.8149
1	114.299
0	166.201
1	149.103
0	0.950326
0	46.6917
0	39.4287
0	16.896
1	291.605
0	1.50993
0	1.55681
0	43.6924
0	82.2452
0	102.294
1	139.526
1	311.747
0	9.8435
0	16.7451
0	292.071
0	81.7023
0	10.2948
0	19.6375
0	29.3361
0	2.86579
0	40.7521
0	148.489
0	0.216422
0	327.633
0	15.4642
1	182.574
0	39.8846
1	217.814
0	3.5043
0	36.6835
0	29.3637
0	110.156
1	282.883
0	47.0052
0	29.6088
0	2.37201
0	182.474
0	223.353
1	89.1403
0	21.2632
0	142.33
1	139.471
0	77.3266
1	185.925
0	55.6552
0	86.143
0	175.773
0	8.99293
0	42.9054
0	12.485
0	118.614
1	187.947
1	176.689
0	179.652
0	2.26978
0	337.096
0	97.6084
0	7.81298
0	12.4313
0	31.1379
0	224.009
0	49.5231
0	136.366
0	18.3023
1	98.5299
1	105.042
0	135.162
1	78.3764
0	35.7103
0	179.095
0	1.94395
0	2.97313
0	57.3314
0	8.88984
1	180.479
1	374.249
0	86.0492
0	85.9471
0	11.1998
0	115.465
0	229.627
0	16.6036
0	78.746
0	13.2828
0	94.1952
0	159.901
0	306.751
0	70.2587
0	22.2895
0	15.1295
1	220.451
0	17.9265
0	2.29334
1	62.9352
0	25.8565
0	61.8674
0	9.89757
0	75.34
1	289.853
0	6.11156
0	27.034
0	39.0366
0	4.16093
0	75.0879
0	11.5563
0	254.436
0	408.795
0	29.001
0	23.1444
0	111.732
1	280.841
0	38.0053
0	13.9507
0	104.89
0	241.318
0	3.96667
1	522.668
0	135.04
0	49.9147
0	260.358
0	178.412
0	14.0279
0	50.717
0	257.419
0	66.3747
0	0.957788
0	6.58598
0	3.42837
1	266.849
0	0.408475
0	3.66402
0	11.3578
0	249.812
0	17.9962
0	132.429
0	31.9306
0	231.115
0	145.433
0	2.13959
0	176.078
0	266.196
0	113.018
0	44.2907
0	224.186
0	126.943
0	228.668
0	38.0293
0	5.8858
0	185.332
0	176.536
1	118.351
0	262.463
0	69.2639
0	71.6774
0	232.922
0	74.0785
0	228.751
0	0.157333
0	0.310771
0	16.7362
0	31.735
0	297.342
0	18.3156
0	4.20842
0	38.2249
0	72.6229
0	145.291
0	13.0032
0	80.9549
0	16.5818
0	4.48568
0	14.9704
0	42.3266
0	2.49908
0	2.75472
0	30.0322
0	36.9067
0	11.4859
0	67.6373
0	100.551
0	65.6
0	45.3695
0	0.0703683
0	316.626
1	259.16
1	220.529
0	5.52659
0	9.42269
0	32.1192
0	39.1438
0	39.0278
0	33.6349
0	78.5914
0	293.052
0	27.6459
0	239.936
0	3.03799
0	30.5887
0	13.7797
0	35.1768
0	216.713
0	188.832
0	24.2463
0	101.714
0	58.6356
0	18.8912
1	266.641
0	12.7226
0	2.4531e-05
0	16.1113
0	44.5285
0	291.612
1	294.605
0	278.653
0	207.827
0	140.424
0	178.229
0	52.3822
0	24.6519
0	0.656316
0	3.78909
0	5.40614
1	186.021
0	23.3109
1	93.092
0	54.7117
0	1.42939
1	458.546
0	27.739
0	96.3181
0	0.507042
0	4.23161
0	77.9548
0	98.4087
0	8.16784
0	58.6908
0	209.196
0	41.204
0	18.6337
0	455.059
0	19.6796
0	28.0191
0	115.421
0	178.763
0	55.9869
0	68.4419
0	4.09063
0	125.465
0	46.7346
0	10.5659
1	58.8754
0	25.9021
0	87.5738
0	106.757
0	16.3498
0	20.7443
0	118.702
0	384.105
0	1.95977
1	437.792
0	57.4755
0	53.223
0	6.57012
0	6.5354
0	33.9012
0	3.33938
1	75.0389
0	74.4141
0	15.1218
0	57.7361
0	202.675
0	12.7386
0	4.5437
0	7.192
0	5.94856
0	13.7544
1	224.264
0	47.2642
0	16.1004
0	48.7696
0	27.4793
0	32.2589
0	89.4179
1	84.3172
0	85.6531
0	232.183
0	110.289
0	12.7166
0	162.606
0	13.8886
0	16.3315
0	36.4551
0	624.065
0	39.817
0	14.4948
0	120.821
0	10.5197
1	69.8604
1	133.634
0	131.105
0	3.52489
0	19.7364
1	158.373
0	6.25376
1	227.687
0	238.13
0	72.6317
0	11.9851
0	17.7249
0	7.02294
0	38.629
0	52.9907
0	9.40922
0	49.1081
0	38.1612
1	163.805
0	14.3786
1	244.61
0	1.0885
0	13.4131
0	66.7103
1	456.207
0	58.5915
0	47.6779
0	12.8318
1	94.3816
0	28.0147
0	120.156
0	3.01121
0	2.43097
0	30.5903
1	619.414
0	14.0575
1	101.768
0	87.2696
0	60.188
1	82.1227
1	227.459
0	94.7986
0	3.986
0	62.7611
0	51.878
0	230.714
0	129.597
0	104.979
0	9.87889
0	45.4564
0	18.2928
0	5.44688
1	140.631
0	55.0138
0	18.5192
1	343.916
0	7.18936
0	120.501
0	8.66104
0	80.5524
0	143.382
0	17.2064
0	144.177
0	34.3341
0	8.34844
0	144.387
0	169.534
0	228.994
0	8.14962
0	33.404
0	256.82
0	55.3437
1	262.065
0	97.0252
1	160.247
1	84.1675
0	14.7942
0	9.65932
0	124.557
0	95.5534
0	17.1904
1	283.706
0	24.4462
0	28.7186
0	5.60756
0	100.673
0	21.5384
0	8.34506
0	48.2534
0	114.387
0	10.4955
0	20.4622
0	50.619
0	66.9721
0	35.534
0	146.654
0	122.479
0	41.239
0	24.0109
0	19.5049
0	265.633
0	339.124
0	57.4386
0	9.42665
0	11.7985
0	146.89
0	7.43348
0	4.40867
0	14.1476
0	9.48509
0	16.198
1	335.772
1	63.6967
0	5.36348
0	0.570262
0	35.2476
0	11.7107
1	212.655
0	275.314
1	64.8178
0	7.29166
0	33.675
0	82.9996
0	90.9676
0	79.6757
0	54.8823
1	141.378
0	5.48428
1	127.418
1	187.106
0	26.8657
0	232.354
0	8.90594
0	93.6684
0	55.9448
0	38.5796
0	42.2548
0	50.8186
0	31.8082
0	56.9201
0	2.53744
0	3.0085
0	119.669
0	0.696757
0	16.7029
0	144.917
1	200.957
0	29.8669
0	19.6117
0	3.2759
0	3.68061
0	11.4927
0	16.9495
0	24.818
0	8.46333
0	111.746
1	213.868
0	30.436
0	5.4534
0	9.8767
0	45.5455
0	16.5685
1	248.154
0	48.3229
0	65.5166
0	24.5684
0	46.0313
1	262.516
0	121.858
0	26.6599
0	17.9231
0	16.5283
0	4.53987
0	11.2204
0	21.8093
0	14.6674
0	15.0865
0	109.552
0	20.3278
0	146.736
0	2.51051
0	7.31313
0	13.4142
1	226.079
0	328.196
0	45.6711
0	14.0312
1	328.351
1	111.039
0	29.7471
0	28.6646
1	96.6108
0	43.1038
0	9.74822
0	10.7543
0	22.9381
0	23.2181
0	304.854
0	3.12634
0	121.651
0	5.83285
0	1.52747
0	20.2917
0	45.315
0	50.3297
0	20.1772
0	17.068
0	192.359
0	73.6254
0	11.7124
0	94.6807
0	94.8858
1	230.779
0	8.16059
0	125.038
0	58.1707
0	67.8359
0	0.410688
0	195.071
1	145.014
0	72.8293
0	70.1291
0	17.595
0	14.3232
0	318.244
0	31.2831
0	7.93832
0	90.0173
0	16.9921
0	203.14
0	138.992
1	178.888
0	20.9529
0	14.2444
0	8.48426
0	43.8321
0	32.7877
1	233.978
0	42.0638
0	7.52541
0	97.7041
0	45.7403
0	16.7267
0	58.4336
0	90.1373
1	115.449
0	92.2863
1	146.196
0	49.0079
0	60.3823
0	2.28565
1	101.242
0	2.68018
0	56.3576
0	16.0988
0	259.647
0	58.0879
0	13.4024
1	288.022
0	12.9155
0	0.607792
0	22.4144
0	4.27344
0	162.959
0	33.8903
0	0.805223
1	289.049
0	7.22695
0	39.511
0	206.856
0	9.09311
0	450.793
1	55.2836
0	30.2651
0	55.1232
1	443.534
0	120.436
0	12.528
0	59.159
0	233.452
0	66.5036
1	72.1473
0	16.8176
0	49.0901
0	47.1667
0	166.793
0	17.0388
0	282.386
0	10.3798
0	4.19028
0	53.3607
0	33.2032
0	114.517
0	97.6541
0	67.8186
0	0.6882
1	48.3212
0	9.16382
0	26.0345
0	129.707
0	84.7088
0	92.1699
0	109.901
0	135.249
0	68.206
1	150.143
0	340.321
0	5.33356
0	75.0344
0	67.4008
0	1.88986
0	80.2759
0	4.53824
0	24.6579
0	20.9253
0	77.8606
1	54.5451
0	117.457
0	35.0206
0	58.343
1	176.568
0	132.035
0	63.9304
1	30.4338
0	48.4993
0	5.11456
1	220.034
0	88.8441
1	128.845
0	8.16529
0	79.2743
0	5.08669
0	74.6323
0	36.0172
0	49.8654
0	30.1088
0	7.17438
0	13.4189
0	2.38835
1	94.4428
0	93.0591
0	2.18896
1	197.2
1	153.859
0	12.1812
1	114.657
0	33.8942
0	269.243
0	1.07499
0	229.656
0	16.9994
0	140.763
0	20.513
1	244.077
0	39.0237
0	0.255572
0	40.5219
0	101.626
0	5.92741
0	100.478
0	12.0922
0	316.923
1	43.1011
0	10.6156
0	148.796
0	56.2376
0	13.0892
0	149.63
1	506.885
0	60.5721
0	25.1344
0	160.306
0	0.107486
0	55.4983
0	18.2975
0	130.005
0	0.35089
0	219.244
0	65.6425
0	29.2879
0	13.0285
1	155.271
0	13.5138
0	212.465
1	98.9282
0	14.7491
0	72.7221
0	33.5264
0	115.213
0	5.09307
1	614.648
0	84.6476
0	18.4909
0	40.6675
0	28.7871
1	157.463
1	159.281
0	96.6402
0	23.3354
0	142.97
0	50.3482
0	56.8313
0	4.86666
1	418.382
0	51.6818
1	251.584
0	269.067
0	7.28671
0	13.7032
0	237.462
0	7.2203
0	97.2402
0	1.73074
0	174.659
0	21.1041
0	75.1215
0	135.931
0	2.78783
0	9.16411
1	242.847
0	19.0875
0	1.38968
0	392.696
0	60.8813
1	113.369
0	21.1914
1	188.544
0	24.0956
0	154.693
0	22.9797
0	3.24879
0	49.1887
0	5.4054
0	4.04077
0	105.326
0	16.7242
0	72.674
1	139.443
0	11.7624
0	24.7786
0	78.198
0	83.3954
0	5.86914
0	13.5483
1	195.508
0	38.2151
0	0.219961
0	131.809
0	5.84902
0	20.7971
0	11.9271
0	32.0438
0	1.89009
1	242.213
0	8.91645
0	86.283
0	76.0252
0	315.185
0	51.8491
0	0.725963
1	127.032
1	223.699
1	53.4286
0	7.91926
0	1.69386
0	10.7524
0	7.02148
0	46.2289
0	18.1111
0	35.4356
0	8.82447
0	11.989
0	38.1289
0	152.147
0	61.9046
1	72.2501
0	6.10316
0	98.3589
0	8.125
0	3.62088
0	14.7725
0	2.6352
0	69.0667
0	10.9388
0	273.628
1	172.775
0	77.7896
0	0.780101
0	37.0972
0	90.7325
0	128.008
0	2.47716
0	8.45357
1	229.572
0	36.0948
0	274.132
0	137.022
0	6.27673
0	74.8083
1	120.167
0	25.798
0	4.82591
0	18.5836
0	68.9925
1	52.2796
0	23.7229
0	120.31
0	41.0442
0	20.3963
0	19.2339
0	21.6654
1	144.261
0	0.907867
0	66.6177
0	12.904
0	108.342
0	6.87069
1	307.537
0	209.085
0	29.8824
0	71.1232
0	2.89852
0	75.033
0	10.1468
1	153.416
0	1.64127
0	87.9814
0	17.568
0	144.414
0	19.57
0	27.7346
0	35.4822
1	253.983
1	97.337
0	15.7488
0	5.55603
0	68.7472
0	19.0064
0	15.1062
1	70.8348
0	115.824
0	48.1089
0	108.95
0	173.99
0	45.7285
1	273.363
0	41.9578
0	8.12073
0	14.3519
0	38.3892
0	12.8119
0	58.1965
1	287.266
0	146.857
0	81.1537
0	25.5831
0	126.765
0	11.4914
0	3.15283
0	6.97475
0	32.5196
0	1.3752
0	214.722
0	39.013
0	4.13934
0	16.6892
0	66.5383
0	68.3885
0	7.77281
0	11.8492
0	25.8278
1	102.211
0	18.8322
0	25.9117
0	35.184
1	101.519
1	68.2725
0	4.63646
0	8.54401
0	2.9942
1	124.553
0	134.267
0	25.0356
1	163.834
0	1.3308
0	4.89055
1	112.882
0	46.2725
0	75.0195
0	26.027
0	47.2426
1	127.236
0	2.97469
0	43.7069
0	94.7092
0	3.37094
0	138.188
0	164.515
0	10.4755
0	17.0522
0	0.30617
0	12.434
0	10.545
0	60.1117
0	32.8499
0	41.9606
0	76.1666
1	263.644
0	3.31358
0	142.188
0	4.13758
0	9.42261
0	10.1008
0	25.6959
0	44.6662
0	43.2183
0	142.518
0	259.118
1	78.2181
1	165.986
0	0.121822
0	8.62503
0	12.5419
0	12.7359
0	21.6383
0	3.71226
1	209.36
0	14.2815
0	11.2105
0	21.6901
0	23.3787
0	201.347
0	18.3629
0	19.9714
0	6.23495
0	59.7583
0	201.061
0	11.2974
0	12.3371
0	29.8361
0	101.796
0	610.254
0	3.8245
0	100.381
1	67.1725
0	11.706
0	49.1026
0	56.2019
0	38.9915
0	460.881
0	78.896
1	58.8835
0	18.0052
0	6.44101
0	7.87539
0	1.6933
0	2.73884
0	333.834
0	47.6442
0	10.2011
0	211.332
0	0.499573
0	320.368
0	22.4384
0	96.2229
0	66.6008
0	12.4156
0	166.768
0	90.3307
0	26.7253
0	38.1346
0	13.0229
1	696.198
0	146.743
0	4.75322
0	13.0856
0	275.985
0	21.1309
0	26.6789
0	155.149
1	107.536
0	0.572618
0	284.115
1	547.019
0	0.469049
1	95.754
0	114.05
1	214.789
0	13.0145
0	42.5105
0	17.88
0	62.6696
0	34.1873
0	333.414
0	40.025
0	68.1283
0	13.2235
0	82.6546
0	52.6729
0	59.0619
0	30.1487
0	124.626
0	22.0281
0	20.479
1	136.624
0	64.0272
0	2.00776
1	116.089
0	127.39
0	163.755
0	40.2374
1	47.6138
0	70.7249
1	180.269
0	18.8817
0	49.5468
0	4.34771
0	88.6817
0	39.8907
0	6.47713
0	9.54911
0	25.9851
0	105.205
0	15.3012
0	111.769
1	128.115
0	20.7384
0	47.4447
0	6.89375
1	60.2281
0	305.142
0	96.3802
0	24.8164
0	7.21423
0	5.72814
0	60.7333
0	89.4871
0	347.523
0	13.2007
0	1.44926
0	31.2434
0	117.609
0	5.5536
0	5.7284
0	1.57184
0	31.1183
0	4.06985
0	555.591
0	40.4174
1	61.8686
0	12.3088
0	16.7548
0	4.13697
0	54.9394
0	64.1054
0	22.8534
0	100.086
0	0.0788413
0	4.19819
0	89.7059
1	241.3
1	503.742
1	127.672
1	144.467
0	1.90569
0	65.8167
0	13.898
1	298.238
0	63.5248
0	5.26562
1	458.544
0	3.58162
0	31.5577
0	11.4633
0	134.079
0	82.6496
0	119.971
1	186.621
1	76.7086
0	152.189
0	127.554
0	12.8664
0	53.9535
0	36.4553
0	372.366
0	3.6283
0	9.42137
0	4.04717
0	47.2633
0	14.659
0	26.7577
0	19.0411
0	12.798
0	13.0741
0	57.0189
0	203.081
0	103.946
1	85.3324
0	0.0999333
0	18.3093
1	168.883
0	80.4119
1	144.508
0	2.17022
0	9.86255
0	15.8241
0	7.79604
0	197.163
0	115.749
0	12.4924
1	154.292
0	43.4191
0	162.201
0	45.4535
0	27.3643
0	7.31518
0	28.9154
0	18.1162
0	21.0717
1	657.543
0	49.0796
0	7.05507
0	40.8714
0	66.423
0	162.731
0	187.511
0	58.633
0	3.45628
0	88.3461
0	9.13014
1	71.649
0	39.2327
0	5.24057
0	110.448
1	167.149
1	104.38
1	241.671
0	77.5613
0	16.2534
0	31.9831
0	2.55089
0	30.9087
0	79.4823
0	6.56594
0	12.6855
0	3.37341
0	175.914
1	263.454
0	11.194
0	0.749322
0	13.9169
1	226.76
0	20.0297
0	13.4377
0	190.261
0	293.242
0	43.8027
0	71.559
1	418.915
0	7.67733
0	30.4129
0	8.00439
0	172.165
0	111.502
1	69.022
1	168.053
0	127.834
0	7.51967
0	38.9108
0	9.55809
0	73.4237
0	22.8101
0	48.4213
0	11.8733
0	7.60565
1	185.181
0	89.2264
1	89.8299
0	8.83142
0	0.501089
1	257.934
0	80.3532
0	34.403
0	26.7554
1	167.264
0	59.272
0	60.9905
0	10.6516
1	127.025
0	55.0702
1	37.2661
0	2.45421
0	17.2541
0	271.709
1	394.162
0	65.9663
0	7.95581
0	259.659
0	6.02631
0	11.8185
0	8.48279
0	28.755
0	72.6489
0	39.1579
0	0.564789
0	100.38
0	22.4176
0	5.45556
1	156.389
0	21.0907
0	152.783
1	155.788
0	492.18
0	4.3004
0	6.47679
0	10.3488
1	284.232
0	16.1934
1	328.545
0	17.7197
0	65.9967
1	194.886
0	7.6157
0	6.49521
0	0.432765
0	1.04841
0	50.0183
0	35.1788
0	34.0121
0	63.5652
0	20.7888
0	1.55978
0	6.14564
0	126.462
0	22.2665
1	367.112
0	6.17749
0	34.3628
1	169.218
0	11.7318
0	5.1099
0	231.179
0	34.8312
0	80.2549
0	42.7616
0	33.1941
0	3.36485
0	83.2189
0	34.8489
0	46.5928
0	19.3651
0	27.8048
0	5.30123
0	117.712
0	125.857
0	57.4626
0	27.255
0	22.1579
1	136.588
1	280.439
0	0.34085
0	0.0761965
1	203.723
0	10.6806
0	12.9143
0	10.9687
0	16.2177
0	19.7021
0	54.0709
0	12.1866
0	3.95034
0	31.7081
1	223.12
1	167.798
0	47.0263
0	40.1873
0	178.525
1	144.953
0	19.0175
1	181.141
0	380.238
1	172.302
0	13.521
1	104.095
0	9.43936
0	16.441
0	0.859796
0	121.083
0	75.8513
0	44.3655
1	75.6876
0	8.55545
1	68.0559
0	0.480442
0	3.37792
1	225.978
0	0.207069
0	73.2569
0	3.99668
0	130.717
0	42.1335
0	25.0747
1	507.02
0	43.5648
0	27.1085
0	175.334
0	44.9991
0	36.9889
0	36.1599
1	258.972
0	9.60357
1	172.334
0	17.0018
0	37.018
0	185.384
0	66.6137
0	16.5009
0	48.1221
0	9.65719
0	5.31482
0	2.41427
0	51.6085
1	168.708
0	104.328
0	21.4441
0	10.0195
0	45.3884
0	171.338
0	78.3505
0	70.4672
0	121.525
0	51.3734
1	161.485
0	12.3656
0	22.6438
0	18.2406
0	94.1188
1	123.767
0	49.7765
0	92.0373
1	146.066
0	96.429
0	5.34275
0	2.22429
0	11.1005
0	254.623
1	308.395
0	4.48053
1	306.919
0	22.9163
0	196.844
0	32.5283
1	168.412
1	189.327
0	41.4636
0	41.829
0	142.006
0	46.417
0	182.66
1	205.115
1	127.829
0	37.2038
0	33.1907
0	132.792
0	25.3268
0	55.0703
1	79.2311
1	162.124
1	337.852
0	12.8815
0	41.9304
0	88.4106
1	34.0043
0	50.3271
0	220.793
0	9.72443
0	275.105
0	99.1346
0	14.7182
0	193.597
0	28.4338
1	98.7485
1	223.251
0	134.348
0	62.9798
0	37.576
0	17.7753
0	31.5316
0	142.262
0	217.173
0	46.5541
0	6.58758
0	41.2668
0	30.2854
0	92.0562
0	44.3088
0	8.14684
0	5.9502
0	23.0574
0	4.21974
0	4.65762
0	70.2598
0	7.96114
0	18.128
0	56.5713
1	113.76
0	6.30706
1	195.344
0	35.6881
0	10.2173
0	150.29
0	11.7371
0	16.5391
0	9.41372
0	0.924304
0	278.028
0	4.27446
0	69.2975
0	6.56794
0	37.3075
0	2.85036
0	31.2343
0	14.3036
1	124.747
0	34.7928
0	66.7999
0	47.4703
0	0.427517
0	59.4421
0	13.7956
0	9.2029
0	11.0181
0	5.02678
0	12.1029
0	30.9121
0	19.4391
1	262.306
0	5.87092
0	0.416188
1	29.6518
0	7.06221
1	296.979
0	14.1507
0	54.7815
0	40.7259
0	507.23
0	619.603
0	87.8121
1	142.49
0	17.6454
0	4.94076
0	1.04119
0	214.766
0	318.553
0	16.375
1	289.873
0	14.5359
0	17.463
0	14.9561
0	4.44923
0	30.4657
0	18.7036
0	33.1165
0	39.1346
0	177.449
0	492.971
0	95.2596
0	2.81124
0	72.0216
0	12.4199
0	1.22957
0	18.0682
0	212.688
0	11.0676
0	3.71137
0	4.60996
0	72.9298
0	12.794
0	36.626
0	90.9617
0	57.2661
0	39.1446
0	3.15033
0	15.2985
0	13.7681
0	253.506
0	126.476
0	44.5326
0	7.75936
0	6.42141
0	156.642
0	10.4767
0	27.6877
0	3.08337
0	34.629
0	156.708
1	148.642
0	4.05314
1	62.5025
0	60.3795
0	8.14564
0	177.394
0	14.4984
0	329.216
0	4.87308
0	81.8409
0	112.854
0	80.4825
0	58.8744
0	4.71266
0	21.0158
0	20.8752
1	66.315
1	164.193
0	28.7583
1	109.267
0	93.5435
0	145.219
0	260.463
0	58.4818
0	31.706
0	0.130745
0	181.659
1	114.907
0	14.2101
0	33.385
0	335.843
0	1.95557
1	236.926
0	28.3366
0	128.546
0	112.521
0	47.3733
0	0.55838
0	0.531223
0	7.25998
0	7.72143
0	99.22
0	24.6242
0	78.0457
0	178.565
0	62.6865
0	20.1757
1	138.233
0	152.907
0	8.87096
0	132.161
0	116.229
0	25.9964
0	23.8213
0	5.82924
0	42.7465
1	111.08
0	10.134
0	9.83983
0	1.04345
1	80.2727
0	7.00042
0	27.5386
0	2.83214
0	20.9657
1	275.754
0	1.19402
0	154.309
0	18.403
0	19.6067
0	47.979
0	45.5712
0	29.0966
0	62.6058
1	53.0194
0	25.1208
1	104.681
0	25.4391
0	429.463
0	24.9389
0	113.447
0	36.2617
0	10.9968
0	31.2302
0	57.8328
0	18.585
0	4.04168
0	69.0791
0	48.7754
0	1.37466
0	107.507
0	10.6499
0	427.187
0	5.10481
0	34.8672
0	6.04988
0	178.379
0	29.6477
0	21.4701
0	24.9992
1	89.6516
0	33.6841
0	63.6538
0	27.2528
0	4.69279
0	59.3912
0	23.3022
0	27.0608
0	15.9475
0	22.8632
1	164.415
0	171.981
0	27.3596
0	153.483
0	1.36191
0	42.8699
0	134.814
1	298.252
0	56.5876
0	0.732578
0	3.34181
0	16.6081
0	111.272
0	56.3903
0	20.9389
0	51.2012
1	77.0008
0	162.249
0	32.5478
0	21.584
0	178.051
0	252.197
0	19.7209
0	6.46232
0	97.9836
0	61.6085
1	240.67
0	21.2235
1	49.9327
0	217.685
0	126.558
0	96.9936
0	21.0523
0	25.8877
1	607.057
0	16.1093
0	31.3743
1	247.525
0	21.3791
0	2.99028
0	30.5359
0	24.703
0	24.2534
0	90.4796
0	136.314
1	244.288
1	92.3808
0	4.39215
1	186.089
0	21.1853
0	2.436
0	240.161
0	94.1445
1	217.616
0	154.453
1	117.329
1	54.4418
0	14.5591
0	45.9583
0	3.19857
0	53.1446
0	4.79774
0	66.0106
0	5.11619
0	11.4079
0	26.5037
0	11.6946
0	22.0137
0	28.2225
0	10.031
0	6.37263
0	12.9582
0	55.8802
0	171.212
0	140.908
0	95.1913
1	61.9944
0	14.0316
0	103.755
0	37.2063
0	80.6459
0	35.5833
0	31.2586
0	5.73478
0	138.638
0	98.6544
0	56.3954
0	304.454
0	23.5094
0	4.64168
0	53.5623
0	149.256
0	8.2135
0	17.46
0	34.1484
0	8.83321
0	115.526
0	273.577
0	4.42987
0	8.23212
0	67.0023
0	32.8665
1	231.749
0	4.98923
0	2.90835
0	8.07854
0	6.47463
0	15.6297
0	27.8044
0	36.4198
0	39.2784
0	9.96551
0	104.08
0	81.9336
0	16.5447
1	123.564
1	111.726
0	13.3076
1	66.1231
1	259.241
1	310.189
0	13.1495
0	35.2995
0	43.565
0	0.386863
0	5.71026
0	13.856
0	101.24
1	94.3289
1	298.099
0	4.52084
0	21.6695
0	181.262
0	237.227
0	100.079
0	13.986
0	3.80445
0	28.4578
0	218.62
1	78.8205
0	72.5962
1	51.0324
0	26.178
0	24.8254
0	5.39659
0	44.3607
1	263.838
0	133.922
0	6.35138
0	5.34217
0	1.83309
0	8.6983
0	21.2607
1	123.597
0	87.7077
0	8.51931
0	9.07219
0	111.549
0	8.66027
0	75.9254
0	0.576123
0	140.382
0	13.2819
0	26.9342
1	644.391
0	44.7841
0	11.0819
0	29.83
0	17.8638
1	129.272
0	30.8402
0	22.5665
1	142.191
0	0.0614022
0	63.1122
0	14.6614
0	116.178
0	9.58681
1	120.428
0	0.654318
0	51.7328
0	55.5705
0	9.65812
0	1.3649
0	2.99846
0	9.50653
0	92.8097
0	82.5717
0	57.3005
1	89.4542
0	84.3908
0	81.2333
1	106.704
0	7.95622
0	29.1721
0	22.0114
0	282.311
0	10.6559
1	339.469
1	117.963
0	368.942
0	31.0573
0	284.933
0	111.395
0	4.15402
0	18.964
0	24.6017
0	145.564
1	128.614
0	35.3617
0	44.808
0	8.87662
0	25.911
0	154.873
1	174.314
0	0.420663
0	62.6153
0	63.2404
0	93.6845
0	13.4748
0	17.1085
0	10.3078
0	14.5885
0	33.1514
1	133.274
0	46.568
0	19.5673
0	18.0892
0	144.021
0	252.785
0	4.91303
0	21.1688
0	4.75461
0	253.295
1	106.613
1	349.045
0	195.048
0	25.0634
1	102.162
0	52.7599
0	5.09104
0	141.872
0	93.9215
0	332.303
0	18.0496
1	96.2431
0	41.3656
0	15.62
0	169.334
0	19.6047
0	70.0161
0	369.49
0	21.5245
0	7.70024
0	172.655
0	39.5855
0	144.599
0	86.8863
0	10.1924
0	31.0453
0	102.791
0	28.7022
0	88.4964
0	48.6731
1	137.068
0	20.2047
1	206.975
0	244.008
0	30.1227
1	130.394
0	175.326
0	43.8304
1	225.066
0	16.4583
0	49.2843
0	20.5262
0	236.178
1	416.346
0	73.3568
0	41.4612
0	5.15643
0	3.41428
1	167.117
0	4.98865
0	239.494
0	109.084
0	140.653
0	7.43849
0	36.012
1	252.969
1	107.036
0	270.174
1	392.804
0	42.7421
0	21.2408
1	83.9071
0	40.4031
1	162.987
0	28.9169
0	10.9981
0	24.5479
0	52.5546
0	4.65809
0	16.206
0	50.9205
0	349.539
0	27.4658
1	367.912
0	239.537
0	7.90148
0	31.3528
0	10.6053
0	27.6343
0	110.768
0	32.3267
0	36.8308
0	8.78663
0	157.243
0	6.80776
0	6.2985
0	109.891
0	406.916
0	41.5388
0	16.2057
1	70.5169
0	13.6527
0	151.455
0	5.01634
0	29.7135
0	4.38275
0	198.132
0	19.5174
0	277.95
0	10.3098
0	12.2104
0	18.3254
0	74.038
0	58.1069
0	182.349
0	5.75874
0	55.6565
0	19.5242
0	164.989
0	852.056
0	4.63294
0	14.356
0	104.804
1	260.037
1	91.7252
0	17.7953
0	71.5216
0	51.3131
0	63.1898
0	94.7527
0	23.8396
0	7.64288
0	43.9938
0	20.8327
0	16.1657
0	104.315
0	155.316
1	24.9362
0	82.0506
0	13.7416
1	120.917
0	18.3801
1	126.274
0	218.229
1	143.765
0	8.30441
0	13.6927
0	336.882
0	69.0033
0	50.9661
0	3.3026
0	22.6876
0	29.6497
1	308.549
0	43.0651
0	59.1193
0	191.51
0	454.934
0	7.84115
0	43.6792
0	12.4518
0	42.1499
0	55.4704
0	17.7132
0	0.0732597
0	66.69
0	88.5593
0	78.4187
0	24.4144
0	223.481
0	133.256
0	64.3769
0	55.9028
1	127.824
0	142.378
0	14.4736
0	151.784
0	17.516
0	16.947
0	120.022
1	392.721
0	72.2932
0	128.812
0	200.415
0	124.559
0	45.2378
0	22.7116
0	93.9544
0	4.8045
0	92.8452
0	108.355
0	31.6096
0	86.9433
0	102.008
0	110.988
0	28.2298
1	187.797
1	237.423
0	23.9778
0	68.6685
0	4.21962
0	35.1259
0	37.8356
1	96.8775
0	199.445
0	126.097
0	187.898
1	139.398
0	448.808
0	122.1
0	101.823
0	14.4134
1	135.829
0	258.727
0	11.007
0	418.994
0	36.2911
0	37.7275
0	18.9882
1	316.734
1	219.981
0	56.6581
0	30.9451
0	46.8508
0	113.149
0	31.3441
0	6.80779
1	142.385
0	63.3496
0	35.0616
0	20.7979
0	4.99362
0	36.0057
0	1.57338
1	90.577
0	16.0677
0	304.347
0	250.451
1	58.1909
0	4.75357
0	151.474
0	6.73463
0	56.8651
0	181.338
0	33.9252
0	1.01339
0	15.0453
0	7.33591
0	4.38574
0	105.299
0	54.8735
0	62.1476
0	36.9529
0	0.0866005
0	2.60863
0	50.7496
0	133.643
0	71.9362
0	9.44588
0	10.7099
0	51.5287
0	53.7893
1	295.187
0	64.1491
0	5.34975
1	155.572
0	10.5706
0	20.7733
0	47.702
0	38.7451
0	9.86679
0	27.582
1	236.18
0	82.6287
1	139.318
0	370.89
0	175.843
0	7.88844
0	18.7219
0	276.586
0	223.364
0	12.2327
0	128.799
0	5.00253
0	72.6873
0	27.511
0	69.0567
0	204.992
0	10.4845
0	20.8665
0	37.1566
0	52.253
0	51.1613
1	81.777
0	29.7925
0	166.017
0	60.5984
0	95.961
0	73.178
0	14.2876
0	111.605
0	22.1073
0	384.55
0	307.976
0	70.1982
0	92.0904
0	52.8662
0	11.9158
0	5.32539
0	214.709
0	392.692
1	165.569
0	29.8573
1	152.729
1	253.786
0	4.79702
0	42.3493
0	33.8382
0	234.87
0	75.3688
0	12.6366
1	181.686
0	26.0533
0	10.9678
0	36.868
0	91.1001
0	122.856
0	18.5471
0	254.546
0	29.2503
0	20.375
1	204.052
0	3.48356
0	11.5153
1	288.453
0	163.902
0	203.825
0	11.6253
0	0.254167
0	0.205486
0	23.6292
0	220.272
0	54.6144
0	67.4084
0	22.3363
0	16.404
0	28.1772
0	52.639
0	94.6053
0	128.422
0	22.9567
0	177.787
1	323.227
0	5.44015
0	211.91
1	50.1246
0	27.418
1	93.4629
0	58.0261
0	29.022
1	103.931
0	49.3315
0	7.60725
0	13.1485
0	64.2769
0	174.081
0	16.4151
0	179.665
0	2.9539
0	420.979
0	3.73545
0	114.481
0	10.1907
0	349.524
0	25.0979
0	6.23487
0	9.88075
1	133.661
0	280.196
0	48.9463
0	2.01573
0	97.6616
0	46.6638
1	91.2197
0	9.54325
1	128.128
0	25.9437
0	16.0538
0	9.2877
0	36.7212
0	10.0028
0	7.38385
0	31.2952
0	5.81096
0	204.043
0	2.68725
1	247.145
1	129.37
0	10.3035
0	193.937
0	23.4025
0	25.2748
0	0.057192
0	38.5843
0	2.91394
0	304.992
0	22.267
0	18.9995
0	10.3059
1	291.093
0	38.0577
0	31.3343
0	149.858
1	461.07
0	22.1847
0	44.7748
0	2.22292
0	25.5674
1	259.566
1	135.017
0	53.6508
0	32.4486
0	25.4241
0	325.54
0	4.27098
0	52.5694
0	47.4826
0	123.23
0	42.5823
0	25.6891
0	85.4924
0	31.8871
0	1.67452
0	124.986
0	35.4194
0	42.887
0	149.408
0	201.726
1	43.0907
1	110.503
0	64.2261
0	3.54569
0	17.8179
0	264.121
0	5.67484
0	2.30879
0	262.594
1	134.825
0	30.3156
0	129.436
0	141.869
0	116.681
0	8.25096
0	16.6456
0	68.0437
0	14.3607
0	2.49659
0	65.1816
0	82.2348
0	73.0488
0	2.97346
0	22.7452
0	16.7139
0	11.2131
0	14.2795
0	15.5528
0	57.83
0	99.426
0	44.0407
0	170.742
0	15.3084
1	76.5591
0	35.0803
0	162.429
0	7.30572
0	4.69923
0	118.337
0	2.001
0	1.38218
0	14.7224
0	353.721
0	7.43055
0	66.1161
0	123.975
0	5.4127
1	245.695
0	35.3606
0	38.9047
1	194.503
0	11.9348
0	7.90877
0	84.8743
1	78.8394
0	7.02352
0	1.73307
0	1.37326
0	7.77448
0	1.0274
0	75.5834
0	2.82489
0	61.6821
0	58.2881
0	47.0954
0	32.8199
0	18.4104
0	410.81
0	30.1783
1	76.4383
0	53.9595
0	4.14727
0	21.2845
0	78.9778
0	34.8193
0	28.2484
0	15.4683
0	350.525
0	94.6554
0	42.0388
1	103.486
0	24.1691
1	301.882
1	284.553
0	0.415493
0	38.5466
0	36.5572
1	65.9402
0	111.696
0	236.368
0	84.363
1	212.798
0	38.1072
0	6.28272
0	32.3553
1	113.242
0	59.5072
0	27.1452
1	263.047
0	264.382
0	18.0769
0	67.844
0	91.8675
0	13.0042
0	130.37
0	645.478
0	12.1858
0	107.159
0	0.285622
0	25.0823
1	137.732
0	27.496
0	14.6121
0	36.7157
0	251.987
0	41.0602
0	61.5011
0	5.13531
0	133.897
0	125.235
0	4.49591
0	33.4688
1	72.0691
0	59.0811
1	119.895
0	263.877
0	2.61017
0	6.51605
0	16.1283
0	10.608
0	163.04
0	252.586
0	201.595
1	484.643
0	266.41
0	6.45927
0	1.73993
0	139.756
0	85.1756
0	14.9621
0	37.1096
0	7.52367
0	93.1669
0	4.39928
0	8.38632
0	85.9175
1	161.136
1	227.578
0	158.117
0	16.6895
0	144.939
0	1.5598
0	24.4535
1	75.3843
0	166.761
0	1.34859
1	207.614
1	66.1034
0	5.14743
0	13.9116
0	16.0735
1	118.17
0	36.0893
0	59.6476
0	4.06218
0	100.307
0	23.3495
1	421.649
0	332.75
1	93.5818
1	249.39
0	113.863
0	7.39369
0	63.963
0	10.7573
0	143.967
0	84.2349
0	9.78967
0	1.1395
0	27.182
1	110.88
0	106.54
0	19.4141
0	156.71
1	275.536
0	45.9682
0	11.7074
1	447.615
0	221.524
0	27.8767
0	46.9143
0	11.0478
0	65.6982
0	3.23945
0	29.6362
0	51.3731
1	254.864
0	69.1096
0	110.959
0	146.79
0	122.355
0	22.1973
0	12.836
0	84.3749
0	9.23713
1	99.7595
0	5.85854
0	24.9491
0	35.852
0	169.925
0	6.24815
0	27.636
0	197.69
0	65.5762
0	41.3309
0	0.827019
0	134.267
1	90.0058
0	26.6892
0	23.2145
0	1.00859
0	12.7917
0	25.385
0	48.8604
0	8.46433
0	73.6031
0	28.0057
0	6.92011
0	125.195
0	63.1187
0	37.8627
0	102.141
1	362.942
0	596.372
0	81.0152
0	100.802
0	3.90112
0	77.5215
1	301.863
0	77.4365
0	0.960959
0	89.9111
0	1.04884
0	12.585
0	47.2646
0	23.1222
0	29.5626
1	87.1342
0	28.0028
1	140.375
1	236.797
0	79.8605
0	46.2131
0	20.6163
0	218.603
0	44.5117
0	26.889
0	0.442937
0	292.892
0	98.4705
1	311.241
0	24.9679
0	12.2918
0	8.61464
0	3.55027
0	70.2958
1	35.4597
0	26.2035
0	99.3513
0	26.0299
0	73.7134
1	143.705
0	52.6348
1	82.8228
0	29.8355
0	37.8203
0	17.4292
0	27.6818
0	7.90631
0	17.5592
0	337.265
0	14.8586
0	90.3667
0	22.0939
0	19.4272
0	23.304
0	14.5462
0	94.7719
0	6.52729
0	0.541705
0	32.4734
0	39.5566
0	19.498
0	89.3444
0	207.891
0	0.974669
0	101.395
0	2.92862
0	0.590321
0	77.2077
0	17.516
0	31.1588
0	46.4531
0	10.8161
0	18.7526
0	30.4553
0	41.56
0	92.6613
0	3.98191
0	19.1753
0	1.12874
0	26.5312
0	12.2549
0	1.94628
0	14.6839
0	12.5025
0	1.86962
1	288.649
0	10.8637
1	299.49
0	10.2242
0	66.7732
0	50.5554
0	152.93
1	103.192
1	43.3052
0	33.4373
0	6.74568
0	50.7515
0	15.4015
0	13.221
0	30.8716
0	11.5901
0	25.906
0	28.8726
1	298.552
1	111.086
0	13.0347
0	41.3167
0	9.42631
0	159.648
1	165.027
0	27.8609
0	0.811443
0	123.093
0	0.518917
0	0.404799
0	301.235
0	22.4383
0	2.61965
0	1.80997
0	4.24688
0	6.11921
1	147.357
0	7.47164
0	2.8738
0	4.30646
0	61.0604
0	345.663
0	28.5072
0	70.3608
0	19.4223
1	125.734
0	20.6074
0	269.698
0	34.6298
1	217.539
0	164.423
0	5.47837
0	32.2462
0	14.2408
0	36.929
0	14.2856
1	112.948
0	3.82841
0	8.46554
0	4.49196
0	158.222
0	144.196
1	130.448
0	7.65851
0	17.4563
0	153.484
0	50.9888
0	26.522
1	48.5356
0	19.5153
0	72.4288
0	4.20703
1	48.9419
0	31.0038
0	46.361
0	19.7444
0	84.4339
0	12.7237
0	84.0713
1	305.414
0	5.31748
0	4.54728
0	128.58
0	52.014
0	49.101
0	218.963
0	295.454
1	110.99
0	20.4805
1	228.579
0	3.61248
0	295.978
0	17.9051
0	18.4298
0	45.6194
0	15.3583
0	17.9266
0	46.0072
1	208.902
0	10.8219
0	127.61
0	235.305
0	64.9524
0	103.754
0	34.0706
0	25.2755
0	222.457
0	460.31
0	102.256
1	133.146
0	2.40141
0	45.3394
0	8.73742
1	81.6038
0	4.38734
0	151.86
1	116.519
0	63.9078
0	30.0759
0	5.71241
0	0.948637
0	35.1828
0	1.3633
0	195.429
0	2.40888
0	1.63144
0	58.5605
0	30.1867
0	93.1409
0	163.549
0	3.15378
0	69.14
0	0.961863
0	4.68055
1	476.146
0	3.66585
0	69.4242
0	80.8118
0	154.125
0	91.2041
0	82.0732
0	2.65438
0	4.22714
0	88.5936
0	128.179
0	134.648
1	136.468
0	16.2
0	15.4363
0	383.255
0	85.5591
0	4.33465
0	60.818
0	22.9887
0	67.0278
0	43.0998
0	11.3159
0	19.6275
0	180.076
0	81.9584
0	15.9427
0	33.5234
0	12.4639
0	100.88
0	302.657
0	8.82481
0	195.236
0	11.6331
0	22.7116
0	0.959062
0	140.423
0	7.18068
1	253.165
0	58.6129
0	37.3985
1	118.626
0	34.9926
1	152.947
1	159.38
0	381.038
0	100.103
0	15.743
0	26.0843
0	5.13894
0	346.817
0	18.3689
0	0.728653
1	257.901
0	58.4358
0	50.1597
0	0.345832
0	51.5163
0	8.89396
1	254.71
0	35.217
0	159.825
0	192.681
0	87.4095
0	24.5505
0	160.64
0	19.5893
0	124.199
0	34.053
0	8.50903
0	19.2822
0	84.2633
0	135.854
0	7.92584
0	0.688487
1	237.76
0	33.3869
0	60.5391
0	7.52246
0	28.3088
0	241.86
0	0.556302
0	186.056
0	5.38725
0	99.2873
0	23.9869
0	209.017
0	7.38787
0	332.148
0	96.9082
0	20.0705
1	137.175
0	16.4232
0	24.7437
0	14.1385
0	20.9599
0	39.1877
0	17.9194
0	8.42552
0	122.071
0	28.6312
0	99.9413
0	42.9379
1	208.008
0	3.38124
0	199.149
0	13.2932
0	55.793
0	60.8749
0	42.1824
0	182.965
1	99.802
1	279.782
0	39.9261
0	25.2058
0	111.804
0	245.862
0	5.20917
0	31.266
0	0.398725
0	98.5825
0	14.8657
0	18.8122
0	20.3566
0	11.4788
0	25.7531
0	51.1333
1	114.842
0	6.70924
0	119.19
0	73.0394
1	87.2216
0	5.2453
0	21.4459
0	7.29218
1	167.65
1	453.685
0	199.801
0	2.2117
0	81.4622
1	122.805
0	29.0938
0	32.1543
1	343.601
0	79.6823
0	72.1077
1	275.596
0	221.028
0	145.617
0	2.23541
1	301.77
0	125.254
1	186.865
0	80.0033
1	144.661
0	15.1707
0	2.83649
1	267.288
0	76.3132
0	60.6808
0	12.415
0	54.4432
1	171.175
1	144.966
0	27.5835
0	93.279
0	117.777
0	22.1835
0	2.881
0	58.0044
0	13.1392
0	102.536
1	230.683
0	125.358
0	8.10769
0	101.959
0	20.9653
0	1.11337
1	155.802
1	241.256
0	6.19543
0	128.297
0	31.7675
0	67.8126
1	202.975
0	242.768
0	98.7061
1	253.081
0	5.46055
0	21.3367
0	91.1353
0	13.732
1	226.393
0	70.8383
0	47.67
0	58.0127
0	65.8448
0	3.51637
0	0.245419
0	124.661
0	5.61977
0	91.5748
0	23.6968
0	5.02147
0	36.0444
0	71.2467
0	77.4096
0	48.3156
0	2.51633
0	67.3758
0	92.9847
0	15.5375
0	208.081
0	3.7562
0	10.0259
0	40.0067
0	14.0737
0	2.49262
0	170.021
0	35.9087
0	259.634
1	169.818
0	16.13
0	18.5757
0	112.21
0	7.03618
0	197.927
0	44.0351
0	201.231
0	138.92
0	7.98214
0	20.8912
0	2.02554
0	63.4499
0	28.1728
1	242.724
0	5.76946
1	112.267
0	237.809
0	95.5538
0	18.9193
0	7.28671
0	87.4601
0	33.5477
0	84.491
0	0.490074
0	33.0529
0	200.669
0	14.1129
1	154.911
0	160.017
0	17.5991
0	94.2145
0	177.574
0	4.64681
0	337.692
0	1.59655
0	27.2245
0	5.58294
0	251.788
0	159.111
0	153.864
0	33.9718
1	390.841
0	6.97734
0	151.042
0	17.3686
1	278.447
0	41.2225
0	33.0967
0	154.105
0	33.1707
0	137.066
0	104.333
0	24.8548
0	51.1671
0	33.5731
0	3.92118
0	69.5156
0	76.5461
0	2.04477
0	103.855
0	26.542
0	28.5467
0	13.1254
1	118.133
0	22.2886
0	26.5915
0	15.1621
0	19.0829
0	120.136
0	33.9884
0	1.66498
0	19.8059
0	523.176
0	27.1099
0	21.7872
0	414.424
0	272.603
0	2.59284
0	6.72588
0	57.6851
0	148.591
0	21.2403
0	18.0229
0	9.95126
0	52.7813
0	34.8149
0	6.28049
0	36.2343
0	37.532
0	33.9986
0	97.718
0	60.3248
0	12.0083
0	1.9789
0	70.8905
0	52.3138
1	148.563
0	45.493
0	35.8452
0	1.75923
0	24.6465
0	67.4484
1	100.486
0	109.284
0	6.00946
1	63.6344
0	29.2912
0	1.84573
0	0.360837
0	98.5466
0	158.127
0	62.8321
0	134.594
0	78.734
0	38.0742
0	114.128
0	8.0585
0	49.9933
1	150.928
0	25.4305
0	29.703
0	10.1263
1	50.1866
0	31.7726
0	52.2548
0	22.1091
0	178.344
0	154.798
0	47.7327
0	47.1631
0	59.9993
0	4.41984
0	41.3205
1	141.826
0	5.13317
0	36.6937
0	8.35742
0	52.0625
1	138.228
0	120.733
0	18.2351
0	203.702
0	35.502
1	37.3999
0	9.11297
0	106.51
0	345.506
0	3.26637
0	241.223
0	19.1512
0	53.1606
1	149.657
0	34.7121
0	69.1249
0	6.76829
0	36.0057
0	26.6537
0	11.1961
0	19.1196
0	222.625
0	0.768459
0	11.0849
0	185.884
0	220.748
0	162.241
1	120.141
0	19.3156
0	7.77127
0	35.3515
1	363.931
0	39.327
1	140.488
0	51.8139
0	29.622
0	4.6265
0	6.70258
0	242.939
0	18.7115
0	1.43362
0	52.5226
0	3.38112
0	196.397
0	21.4245
1	269.62
0	179.489
0	28.8359
0	13.0685
0	7.84869
0	68.7756
0	30.9605
0	2.92008
0	9.45753
0	119.092
0	143.506
0	54.2331
1	406.069
0	10.4408
0	6.87133
0	46.4719
0	17.1505
1	190.136
0	92.746
0	52.9072
0	8.15443
0	83.9452
0	196.981
0	69.6359
1	133.306
1	526.849
1	253.395
0	83.5317
1	208.92
0	16.1756
1	92.6083
1	63.595
0	19.2764
0	91.9356
0	51.9509
1	148.447
0	74.1453
0	10.4478
0	1.42503
0	444.75
0	326.814
0	62.3546
0	19.8021
1	149.339
0	26.1268
0	0.146936
0	84.8178
0	357.799
1	137.282
1	202.72
0	217.037
0	69.7398
0	4.08659
1	312.179
0	16.0708
0	62.3672
0	51.0916
0	29.5508
0	82.9232
0	45.6375
1	128.998
1	123.389
0	4.97871
0	393.74
0	21.0363
0	19.4394
1	112.527
0	49.0312
0	11.4971
0	3.3702
0	91.1895
0	257.251
0	36.7596
0	100.716
0	2.4044
0	176.383
0	10.8311
0	134.12
0	43.7845
0	11.4698
0	112.373
0	27.3421
0	4.40239
0	11.8365
1	25.0099
0	82.6493
0	21.8332
0	17.6675
0	199.533
0	19.0505
0	179.651
0	212.382
0	48.5202
0	403.501
0	160.029
0	7.03531
1	401.659
0	220.246
0	8.53818
0	83.5345
1	157.083
1	462.219
0	5.12011
0	83.1812
0	4.90316
1	131.07
0	55.1201
1	239.724
0	230.491
0	26.3891
0	24.7556
0	6.26599
0	219.615
0	20.3969
0	69.1836
0	5.21981
0	1.19033
0	0.186393
0	1.24673
0	2.78964
0	43.4678
1	142.47
0	5.97614
0	205.495
0	214.593
0	4.34236
0	118.803
0	9.82522
0	211.135
0	110.496
0	0.744703
0	78.4215
0	11.7601
0	37.398
0	33.8625
0	0.59608
0	6.61217
0	225.578
0	65.1935
0	73.2551
0	344.654
0	12.3289
1	240.176
0	0.673939
0	174.094
0	10.4547
0	103.198
0	39.4249
0	3.11591
0	85.1586
0	788.72
0	164.7
0	26.9399
0	4.07612
1	161.243
0	49.3435
0	3.07903
1	60.3592
0	90.9689
1	277.133
0	1.22223
0	76.0895
0	21.795
0	28.675
0	33.5149
0	16.3444
0	29.406
0	6.22702
0	55.6968
1	180.313
0	78.0914
0	4.8902
0	49.8525
0	9.16545
0	64.2165
0	75.5984
0	11.7165
0	79.0803
0	2.18365
0	332.691
0	118.189
0	36.2899
0	621.254
0	21.7691
0	72.8594
0	2.2452
1	112.191
0	159.289
1	221.27
1	151.823
0	319.189
0	7.53204
0	20.2747
0	22.5513
0	6.95268
0	71.4063
0	60.7052
0	109.571
0	47.53
1	92.3837
0	10.8637
0	25.1263
0	27.5147
0	2.22778
1	80.0312
0	224.324
1	231.12
1	344.215
0	48.5649
0	24.8788
0	44.4045
0	7.31303
1	186.107
0	48.1265
0	72.84
1	390.547
1	183.067
1	381.912
1	66.2892
0	15.7288
0	0.224284
0	37.9295
0	130.545
1	314.692
0	104.282
0	70.7972
0	305.107
0	112.141
0	9.54874
0	49.3284
0	39.1753
0	23.2945
0	12.397
0	11.1791
0	12.8757
0	55.3945
0	115.709
1	178.259
0	142.548
0	1.92918
1	69.1446
1	179.961
0	15.5678
0	16.9654
1	222.022
0	23.6516
0	182.569
0	9.82102
0	12.9057
0	21.84
1	110.539
0	88.7951
0	42.4965
0	58.7284
1	167.955
0	25.8459
1	119.431
0	58.3012
0	234.458
0	138.796
0	2.63983
0	2.21198
1	178.36
0	52.0729
1	122.93
0	20.7104
0	26.7181
0	95.1212
0	41.1282
0	18.1908
0	47.3498
0	121.754
0	6.57903
0	23.3941
0	293.403
0	80.3091
1	186.562
0	10.721
0	278.348
0	0.65001
0	288.706
0	116.358
1	175.364
0	50.7986
0	11.8672
0	11.1604
0	66.9467
1	77.7125
0	4.56486
1	249.942
0	18.8506
1	81.2634
0	119.604
0	49.3514
0	36.6061
1	435.923
1	72.6256
0	27.2924
0	5.18158
0	81.6101
0	1.1807
0	20.3899
0	214.383
0	82.6193
0	37.0582
0	15.9501
0	16.1304
0	2.5645
0	0.0190372
1	169.149
0	8.9237
0	8.79104
0	11.0496
0	26.2044
0	28.089
0	98.6393
1	45.0932
0	102.081
0	321.492
0	32.7591
1	72.6708
0	0.526708
0	7.00938
1	260.852
1	76.5341
0	135.689
0	22.748
0	5.13729
0	10.4099
0	87.8924
0	11.001
1	190.162
0	0.529294
0	0.159589
1	136.387
1	469.344
0	0.734796
0	56.5961
1	96.4093
0	82.1766
0	1.50793
0	7.93763
0	183.15
0	25.5066
0	183.113
0	130.772
1	146.529
1	161.207
0	206.414
0	141.96
0	81.2199
1	58.515
0	62.3955
0	149.344
0	91.3672
1	85.9657
0	2.59041
0	5.50693
0	18.4958
0	59.0691
0	2.59924
0	43.9865
0	11.1982
0	26.5644
1	44.7119
0	54.2432
0	5.30579
0	15.9829
0	33.5208
0	15.0132
1	86.8394
0	16.8946
0	70.2914
0	86.6885
0	19.4631
1	290.343
0	40.0875
1	95.2458
0	349.8
0	202.82
0	118.502
0	28.2043
0	137.579
0	42.6331
0	1.75395
0	9.09816
0	38.1696
0	7.79243
0	88.6853
0	2.89821
0	423.616
0	8.85727
0	51.2872
0	2.88319
1	60.2929
0	7.45288
0	52.9836
0	1.8174
0	94.1812
0	10.4211
0	28.3057
0	46.9417
0	6.44558
0	224.553
0	29.5795
0	158.153
0	27.2316
1	135.467
0	9.11554
0	97.9792
1	407.537
0	75.6591
0	151.528
0	63.7311
1	414.256
0	263.263
0	7.6027
0	2.77577
1	162.228
0	98.826
1	76.8442
0	11.8262
0	8.04912
0	22.4476
0	4.70149
0	49.985
0	36.9481
0	24.6168
0	1.78275
0	3.72805
0	13.3395
0	2.54991
0	142.082
0	35.7755
0	80.0458
0	5.24394
0	12.507
1	67.982
0	29.8655
0	41.7104
0	9.75737
0	2.23075
1	166.143
0	146.504
0	42.0695
0	103.971
0	37.0361
0	23.3136
0	5.73122
1	192.73
0	2.16124
1	194.638
0	34.8399
0	86.7775
0	32.0747
1	133.637
0	127.82
0	49.1335
0	49.8634
0	30.5283
0	25.4222
0	37.6921
0	24.7315
0	5.88879
0	41.8219
0	0.177009
1	112.115
0	6.22935
0	226.227
0	186.699
0	31.773
0	1.39265
0	18.7366
0	64.7979
0	10.9437
1	134.592
0	8.90917
1	338.348
0	19.6519
1	157.91
0	40.7434
0	222.926
0	24.5031
0	0.228125
0	24.0135
0	34.275
0	39.801
0	40.6086
0	1.00971
0	122.294
0	8.85542
0	52.0417
0	39.058
0	96.646
0	51.9638
1	208.024
0	8.41652
0	154.184
0	137.663
0	8.44195
0	91.6999
0	5.35768
0	160.425
0	63.4534
0	10.8036
0	178.105
0	30.2449
0	3.71597
0	25.8091
0	120.331
0	56.2883
0	78.064
0	36.2661
0	1.30472
0	25.1766
0	86.8618
0	127.914
0	3.26584
1	141.571
0	74.4229
0	147.277
0	67.6106
0	14.722
0	0.732214
0	22.8837
0	5.32209
0	55.1313
0	76.1966
0	25.5722
0	9.87544
0	24.4345
1	176.925
0	79.5907
0	3.52703
0	14.3357
0	286.652
0	37.7213
0	88.3827
0	15.2005
0	0.745843
0	144.193
0	3.18168
0	151.271
0	11.0212
1	112.189
0	148.478
0	3.08437
0	6.05712
0	16.6915
0	42.4482
0	42.5269
0	10.8611
0	85.9308
0	5.41307
0	0.88076
1	153.75
0	59.7219
0	1.02931
0	6.58424
0	351.258
1	176.182
0	100.881
0	26.7937
0	9.28712
0	10.5925
0	24.6192
0	30.9526
0	401.638
0	6.06143
0	116.802
0	206.959
0	16.6371
0	90.2163
0	41.7829
1	175.004
0	46.311
0	89.1485
0	4.91909
0	31.4222
0	80.7779
0	47.5226
0	2.0081
0	375.008
0	524.744
1	78.4325
0	41.043
0	16.2694
1	348.556
0	11.1292
0	18.1641
0	89.7853
0	0.891438
0	1.78466
0	158.983
1	178.152
0	30.6782
0	266.551
0	381.858
0	64.5977
0	15.2643
0	32.2346
0	26.7482
0	26.6817
0	22.7915
1	129.425
0	24.8587
0	15.0699
0	117.364
0	577.566
0	27.1837
1	41.7916
0	101.987
0	112.379
1	240.273
0	10.7201
0	30.8064
1	412.799
0	165.664
0	16.1709
0	11.6215
1	132.662
0	280.61
0	7.31173
0	106.758
0	15.0973
0	6.08354
0	19.7927
0	18.3447
0	6.87603
0	30.4789
0	118.904
0	139.299
0	68.7756
0	112.027
0	9.73424
0	35.5157
0	18.4368
0	5.01539
0	50.0237
0	100.163
0	58.8185
0	0.540157
0	3.46278
0	78.5441
0	63.0143
0	61.6136
1	150.308
0	108.038
0	11.9599
0	49.0038
0	2.35173
0	69.645
0	71.5051
0	68.1859
0	9.91726
0	16.527
0	6.70104
0	253.84
1	209.466
0	11.2095
0	29.734
1	90.3047
0	25.5111
0	42.4377
0	143.061
0	196.571
0	14.4011
0	185.351
0	13.992
0	11.2127
1	101.33
0	55.7771
1	59.2519
0	32.5367
0	18.2514
0	46.6114
0	53.0453
0	0.468335
0	63.1368
1	111.009
0	6.44911
0	14.6783
0	43.8537
0	29.1251
0	111.883
0	23.2137
0	4.25711
0	244.902
0	101.153
0	18.3998
0	72.3062
0	71.6496
0	13.2925
0	36.4192
0	97.4714
1	102.749
1	92.0785
0	6.68486
0	8.05694
1	62.4324
0	23.5813
0	164.132
0	44.7852
0	27.9529
0	53.2606
0	29.5304
0	28.0465
0	14.5554
0	24.4771
0	0.749363
0	91.8167
0	3.70024
0	154.998
0	5.38253
0	63.0781
0	83.6607
0	8.36405
0	263.703
0	20.2696
0	26.8899
0	38.7122
0	579.263
0	131.549
0	17.8547
0	8.05038
0	5.04808
0	139.147
0	1.50557
1	138.735
0	22.6229
1	174.412
0	9.60294
1	88.3848
1	215.164
1	150.693
0	25.7117
0	17.5753
0	166.933
0	41.1484
0	146.645
0	232.656
0	118.525
0	59.427
0	4.1992
0	38.1874
1	175.377
0	6.63112
0	106.91
0	30.3585
0	154.77
0	6.61315
1	125.891
0	110.648
0	2.62539
0	10.1156
0	34.6257
0	28.3481
0	44.3121
0	27.3816
0	33.1345
0	38.9601
0	86.2944
0	11.0935
0	39.9649
0	4.57488
0	14.0623
0	85.9993
0	54.1264
0	362.664
0	76.8244
0	9.3352
0	11.2305
0	168.007
0	88.2451
0	109.883
0	163.739
0	1.20597
1	89.5766
0	20.6034
0	0.989439
0	1.9362
0	123.724
1	78.5922
0	1.62331
0	129.496
0	38.4055
0	32.1407
0	11.7146
0	0.162336
0	9.45244
0	19.6879
0	45.2474
0	14.9794
0	10.8839
0	124.207
0	172.939
0	23.0991
0	113.611
0	2.64347
0	13.0106
1	111.207
0	53.4174
1	105.194
0	11.88
0	10.822
0	48.6542
0	5.05112
0	44.2894
1	120.731
0	19.5755
0	18.8799
0	0.070626
0	266.747
0	149.563
0	59.2087
0	6.36792
0	42.8104
0	59.3776
0	6.3365
0	57.4008
0	22.7419
0	14.7839
0	37.0283
0	5.26742
0	16.527
0	36.7957
0	77.9839
0	214.778
0	30.3488
0	33.4145
0	172.886
1	151.082
1	238.854
0	19.7871
0	3.97704
0	33.6398
0	63.0916
0	0.796274
1	114.871
0	20.0746
0	45.7197
0	312.245
0	40.6649
1	218.817
0	3.55583
0	0.683887
0	26.6574
0	8.97279
0	29.2336
0	356.882
0	25.5811
0	228.201
0	38.3098
0	10.6156
0	94.8226
0	345.69
0	298.535
0	51.5448
0	79.69
0	37.8738
0	73.4168
0	102.454
0	271.799
0	74.7023
0	41.2581
0	14.5534
0	11.5936
1	177.658
0	31.0336
0	62.642
0	9.57985
0	216.828
0	52.6033
0	6.51691
0	367.483
0	207.098
1	162.207
0	147.121
0	1.11643
0	61.3019
0	154.553
0	99.6191
0	32.5767
0	60.1924
1	128.241
0	57.0023
1	67.4867
0	17.424
0	8.84656
0	45.4471
0	2.24799
1	217.546
0	60.9973
0	9.09646
0	4.17181
0	128.411
0	90.3494
0	5.74648
0	202.954
0	62.2038
0	8.30608
0	167.524
0	84.7116
0	10.2817
0	0.905647
1	176.12
0	47.9175
0	38.3008
0	5.33009
0	48.6936
0	87.4236
0	1.79813
1	134.9
0	33.2094
0	67.3281
0	25.0523
0	3.83526
0	27.1135
0	165.884
0	1.49953
0	241.151
0	4.49984
0	370.977
0	127.826
0	14.5039
0	9.26866
0	39.0893
1	45.435
0	10.3483
0	23.0669
0	4.49307
0	13.9781
1	185.993
0	36.8297
0	33.6026
0	58.8739
0	18.1306
0	24.391
0	30.261
0	5.31665
0	85.1596
0	19.7245
0	137.577
0	38.5559
0	77.3985
0	20.9833
0	19.0398
0	69.0979
0	34.4339
0	4.13034
0	65.7897
1	380.168
0	25.7722
0	52.9488
0	90.4682
0	202.183
1	122.102
0	192.692
0	4.59953
1	97.4118
1	152.936
0	13.8315
1	368.104
0	299.722
0	150.17
0	9.48075
0	22.4523
0	10.4549
0	1.19773
0	14.3981
0	44.9765
0	6.0624
0	93.7476
1	166.055
0	110.37
0	26.2326
0	25.0828
0	16.165
0	50.3431
0	64.997
0	11.4763
0	33.4819
0	84.0112
0	46.9942
0	14.9751
0	19.5214
0	28.2504
1	276.409
0	15.1793
0	3.46315
0	4.69852
0	49.3423
0	11.7385
0	158.663
1	98.3175
0	50.481
1	159.756
0	224.979
0	6.64757
0	2.76223
0	31.378
0	9.6099
0	47.0737
1	207.386
0	31.5037
0	95.9361
0	5.18373
0	0.397662
0	108.379
0	7.93759
0	80.8669
0	57.6186
0	10.1902
0	46.9443
0	7.9311
0	4.56108
1	58.2642
0	41.6792
1	265.662
0	513.646
0	181.94
0	170.255
0	14.569
0	9.9458
0	5.52049
0	38.3061
1	271.018
0	14.4506
0	139.699
0	2.02418
0	0.1111
0	6.43359
0	15.6076
0	37.4164
0	52.4734
0	0.0996329
0	25.5301
1	50.8091
0	55.8814
0	98.7669
0	448.312
1	344.142
0	169.854
0	80.9525
0	7.99424
0	7.30506
0	46.4819
0	321.55
0	3.91688
0	18.2826
0	30.0368
0	114.628
0	22.5343
0	217.844
0	316.612
0	55.4555
0	80.6565
0	17.4573
0	19.622
0	61.1027
0	172.656
0	6.25699
0	57.1808
0	2.07705
0	80.4736
0	178.335
0	45.4382
0	43.6099
0	1.50077
0	4.20742
0	59.5502
