10000	100	9900	0.00208333
0.025641	2.53595	47746.4	4.82284	1e-05
1	149.83
1	54.9423
1	116.122
1	66.045
1	70.4303
1	70.0447
1	130.477
1	132.546
1	133.81
1	115.471
1	95.8879
1	128.486
1	81.813
1	137.661
1	88.5899
1	103.777
1	72.3974
1	113.002
1	48.1118
1	80.333
1	107.781
1	63.201
1	101.927
1	156.564
1	69.9643
1	88.7784
1	69.093
1	34.0363
1	121.611
1	90.6441
1	92.1319
1	107.101
1	147.426
1	47.2232
1	121.094
1	137.444
1	130.523
1	95.0851
1	93.6093
1	46.2299
1	202.285
1	100.872
1	68.6997
1	98.3272
1	101.908
1	185.198
1	42.8301
1	190.333
1	77.1648
1	66.8455
1	95.5571
1	84.9282
1	40.3988
1	85.2582
1	102.53
1	64.5856
1	91.6834
1	156.895
1	68.9723
1	104.091
0	3.07549
1	107.602
1	26.2003
1	146.939
1	178.191
1	141.393
1	105.693
1	56.4909
1	182.341
1	161.023
1	117.552
1	85.9894
1	52.7723
1	167.907
1	91.8502
0	100.477
1	98.2229
1	135.147
1	80.3485
1	158.776
1	102.382
1	108.312
1	111.422
1	45.4823
1	72.3449
1	94.805
1	102.011
1	108.717
1	132.561
1	60.5424
1	78.8128
1	109.178
1	164.22
1	122.699
1	105.909
1	131.789
1	161.842
1	131.613
1	151.464
1	110.96
1	107.527
1	118.684
1	86.0787
1	71.3899
1	65.5722
1	89.8244
1	53.9529
1	91.7693
1	107.694
1	180.828
1	170.485
1	74.354
1	107.721
1	258.253
1	64.1839
1	108.633
1	202.486
1	86.6719
1	141.759
1	58.0154
1	76.4462
1	87.1507
1	63.8234
1	79.5956
1	79.9271
1	50.8145
1	76.5996
1	58.967
1	139.239
1	126.023
1	134.075
1	93.9731
1	69.2993
1	77.7678
1	109.185
1	78.9605
1	80.9734
1	141.318
1	94.1923
1	136.524
1	114.205
1	59.675
1	156.118
1	168.31
1	139.293
1	136.09
1	132.798
1	104.073
1	171.027
1	113.955
1	134.917
1	93.4408
1	106.695
1	75.2645
1	105.523
1	108.138
1	97.6809
1	101.779
1	114.058
1	56.7153
1	135.892
1	81.6686
1	132.197
1	101.01
1	108.675
1	55.569
1	124.243
1	117.996
1	98.0151
1	197.278
1	280.293
1	162.802
1	27.0054
1	70.2169
1	105.481
1	84.3328
1	160.492
1	114.971
1	106.651
1	52.4799
1	81.5608
1	79.6122
1	67.1664
1	58.7939
1	95.85
1	69.6774
1	121.337
1	131.666
1	251.19
1	123.451
1	53.5993
1	77.4306
1	183.797
1	185.114
1	64.2572
1	73.6258
1	142.907
1	128.743
1	51.5301
1	274.247
1	245.948
1	91.2399
1	65.763
1	122.949
1	225.071
1	75.8228
1	104.172
1	74.2457
1	91.1262
1	115.536
1	142.667
1	66.1076
1	63.2765
1	193.372
1	152.613
1	186.843
1	82.9491
1	84.6458
1	147.466
1	86.2389
1	120.627
1	149.495
1	71.1097
1	68.2976
1	75.847
1	64.6385
1	71.3762
1	49.2189
1	145.922
1	133.125
1	119.269
1	147.541
1	53.7043
0	12.9194
1	114.647
1	79.8535
1	186.967
1	187.058
1	78.3771
1	130.787
1	118.036
1	128.074
1	116.093
1	110.147
1	112.403
1	153.193
1	179.038
1	109.515
1	167.784
1	73.2584
1	113.484
1	130.915
1	71.3189
1	68.8425
1	132.813
1	271.883
1	116.036
1	162.035
1	106.396
1	125.888
1	148.302
1	215.131
1	54.3129
1	203.849
1	106.578
1	78.2644
1	96.8938
1	189.534
1	47.0329
1	86.809
1	243.91
1	74.697
1	98.8395
1	62.2819
1	82.6754
1	162.473
1	127.238
1	123.689
1	28.303
1	84.2554
1	94.9714
1	83.5424
1	81.424
1	109.984
1	96.9375
1	57.7335
1	82.1428
1	50.3578
1	106.168
1	92.3073
1	138.764
1	101.472
1	180.954
1	95.3127
1	103.357
1	129.507
1	75.822
1	96.7141
1	70.8438
1	112.91
1	139.923
1	140.015
1	59.8219
1	159.711
1	88.1383
1	93.1705
1	95.3124
1	94.1331
1	96.9106
1	93.5926
1	76.5124
1	120.021
1	122.527
1	67.7515
1	91.3032
1	113.89
1	172.195
1	126.965
1	178.956
1	129.094
1	277.387
1	230.366
1	134.035
1	88.5976
1	198.456
1	98.1138
0	33.5418
1	65.7757
1	317.18
1	109.413
1	116.376
1	98.9205
1	33.307
1	72.5649
1	89.9608
1	254.094
1	102.953
1	104.363
1	37.1175
1	125.162
1	128.571
1	83.3486
1	93.1565
1	108.574
1	127.944
1	95.4873
1	92.4798
1	126.219
1	135.656
1	58.4519
1	75.7574
1	145.043
1	64.7109
1	64.6879
1	114.579
1	192.366
1	55.9449
1	86.9794
1	86.1728
1	134.537
1	230.822
1	43.9138
1	97.4927
1	234.838
1	129.99
1	60.6866
1	76.5748
1	104.662
1	207.077
1	101.147
1	102.81
1	71.3827
1	68.0528
1	65.8281
1	109.205
1	90.3708
1	82.2842
1	37.9413
1	53.5336
1	210.633
1	86.7645
1	84.8541
1	76.3739
1	70.0249
1	101.56
1	151.523
1	83.5131
1	49.9218
1	125.641
1	134.209
1	61.7499
1	152.734
1	154.875
1	87.5192
1	93.6895
1	98.7927
1	92.5451
1	71.5558
1	139.466
1	49.7917
1	130.407
1	109.097
1	67.2964
1	88.3308
1	108.447
1	192.583
1	87.8854
1	58.3266
1	140.872
1	125.134
1	133.897
1	80.9776
1	156.031
1	206.217
1	61.1869
1	145.041
1	177.568
1	147.21
1	35.3893
1	71.4356
1	281.82
1	116.121
1	30.1491
1	125.803
1	129.73
1	66.3152
1	98.9291
1	101.786
1	75.7456
1	123.738
1	118.802
1	79.4843
1	111.531
1	86.8523
1	221.869
1	126.496
1	140.448
1	53.6953
1	120.206
1	168.679
1	263.369
1	57.6453
1	71.2135
1	152.509
1	37.2283
1	61.2258
1	58.8149
1	61.7491
1	88.8632
1	67.6459
1	81.962
1	37.3287
1	75.4435
1	86.6002
1	155.486
1	132.139
1	35.285
1	114.253
1	233.845
1	58.0798
1	86.9208
0	6.95716
1	73.0114
1	105.531
1	70.3488
1	109.709
1	184.744
1	138.057
1	93.7787
1	114.628
1	136.745
1	116.939
1	249.498
1	108.11
1	66.4508
1	220.192
1	124.582
1	125.779
1	113.784
1	206.025
1	53.1278
0	57.9204
1	129.347
1	93.6103
1	68.1133
1	196.961
1	53.295
1	210.043
1	73.6496
1	49.5917
1	93.5831
1	85.6808
1	73.8564
1	89.7463
1	88.8259
1	109.031
1	71.7544
1	122.194
1	38.539
1	216.705
1	151.256
1	109.783
1	113.131
1	174.805
1	100.469
1	53.6367
1	56.2568
1	97.5821
1	103.597
1	139.752
1	89.486
1	96.3134
1	50.2441
1	90.0837
1	76.7443
1	163.255
1	205.291
1	109.358
1	105.549
1	181.974
1	208.172
1	60.0256
1	220.062
1	85.2496
1	121.206
1	82.4295
1	110.389
1	85.1845
1	91.4167
1	98.9676
1	137.954
1	103.143
1	116.917
1	86.7179
1	54.0118
1	156.904
1	204.391
1	73.8689
1	104.683
1	58.0692
1	98.5843
1	115.134
1	89.5021
1	168.547
1	67.7704
1	125.395
1	116.911
1	56.5525
1	99.0445
1	402.448
1	86.0048
1	91.0095
1	93.3558
1	71.1548
1	63.7845
1	198.229
0	146.971
1	117.017
1	31.8771
1	178.963
1	121.551
1	124.664
1	151.089
1	133.487
1	63.02
1	99.7826
1	76.9703
1	71.9815
1	99.2684
1	225.641
1	88.716
1	148.691
1	78.4777
1	188.259
1	105.568
1	69.462
1	124.319
1	154.049
1	33.5247
1	174.67
1	93.0817
1	79.4738
1	92.0993
1	74.795
1	116.398
1	549.406
1	48.4566
1	71.3796
1	89.7335
1	79.6138
1	67.4002
1	123.981
1	39.308
1	250.573
1	190.629
1	117.188
1	52.444
1	158.485
1	98.0212
1	165.284
1	47.4554
1	28.0826
1	109.675
1	97.5716
1	70.7868
1	52.764
1	88.5016
1	69.6585
1	109.026
1	72.5127
1	158.153
1	91.5521
1	134.597
1	57.8675
1	128.777
1	76.6021
1	69.7587
1	104.064
1	49.8356
1	69.8763
1	216.106
1	127.672
1	202.406
1	158.895
1	146.569
1	124.182
1	128.56
1	84.8303
1	74.7786
1	54.6198
1	63.4748
1	107.118
1	108.307
1	92.9763
1	145.583
1	124.664
1	54.3455
1	61.2521
1	98.9582
1	80.0577
1	96.0435
1	148.105
1	103.055
1	133.893
1	105.698
1	146.459
1	173.782
1	58.2265
1	78.1651
1	176.16
1	210.458
1	77.927
1	46.7761
1	78.1175
1	87.0745
1	190.193
1	137.523
1	64.1296
1	173.903
1	92.3686
1	128.903
1	110.174
1	113.143
1	101.13
1	54.9592
1	87.0267
1	44.1922
1	75.0798
1	223.38
1	114.745
1	93.7542
1	115.673
1	46.4868
1	135.618
1	48.3312
1	119.839
1	61.3572
1	130.964
1	90.1269
1	213.948
1	89.1525
1	59.901
1	123.008
1	95.6375
1	80.9918
1	86.7152
1	126.548
1	113.863
1	73.8667
1	118.377
1	64.3671
1	178.448
1	56.7251
1	88.0381
1	113.195
1	140.453
1	81.744
1	142.521
1	151.559
1	57.3584
1	63.3714
1	61.8778
1	119.598
1	182.547
1	169.657
1	76.0069
1	97.9826
1	65.1055
1	184.72
1	73.8478
1	119.121
1	91.7334
1	80.7694
1	109.625
1	100.43
1	128.772
1	89.2984
1	86.7657
1	146.973
1	97.0977
1	131.336
1	69.3719
1	153.088
1	100.548
1	198.582
1	91.8682
1	100.49
1	53.8713
1	137.738
1	86.3084
1	73.2186
1	64.5196
1	148.142
1	109.849
1	49.2389
1	77.3317
1	101.712
1	146.995
1	98.7112
1	146.097
1	87.8635
1	191.173
1	100.321
1	89.8236
1	125.081
1	133.231
1	291.061
1	80.297
1	108.553
1	147.276
1	155.566
1	74.565
1	52.7106
1	142.869
1	101.804
1	65.8128
1	81.4398
1	79.6471
1	126.489
1	120.179
1	102.256
1	56.0953
1	69.2522
1	80.827
1	58.3538
1	61.5113
1	53.3318
1	97.1581
1	51.8018
1	67.8198
1	43.0055
1	96.2719
1	181.927
1	87.679
1	89.3225
1	127.498
1	111.229
1	112.599
1	62.0515
1	74.3313
1	68.4636
1	87.9918
1	101.645
1	105.543
1	73.275
1	97.0797
1	168.352
1	129.485
1	106.781
1	106.109
1	139.714
1	103.536
1	263.435
1	143.399
1	85.8908
1	88.0948
1	105.87
1	173.767
1	138.251
1	113.041
1	80.8844
1	94.0321
1	136.296
1	149.236
1	136.199
1	75.4584
1	70.2468
1	106.94
1	59.8275
1	142.561
1	129.817
1	88.9667
1	68.9713
1	51.6587
1	136.952
1	94.0528
1	137.114
1	72.4131
1	95.945
1	51.8813
0	2.81023
1	85.0659
1	80.1268
1	60.0803
1	72.8911
1	50.7317
1	109.547
1	122.201
1	103.873
1	90.5783
1	61.9222
1	75.093
1	147.559
1	68.4397
1	78.5943
1	87.8708
1	156.928
1	100.643
1	92.9992
1	73.4584
1	133.429
1	61.336
1	82.9258
1	69.3659
1	87.7761
1	119.807
1	114.823
1	65.2621
1	70.0793
1	77.1045
1	134.779
0	140.801
1	74.3973
1	47.1029
1	81.2822
1	202.258
1	63.793
1	89.0968
1	218.42
1	46.1363
1	144.196
1	55.3244
1	99.5679
1	100.124
1	130.802
1	60.6842
1	196.732
1	100.895
1	86.738
1	110.645
1	80.5074
1	50.658
1	122.054
1	69.1914
1	94.9134
1	141.144
1	89.6986
1	74.4518
1	94.5772
1	165.622
1	208.828
1	123.732
1	89.8521
1	104.106
1	134.025
1	51.5496
1	104.723
1	55.1761
1	262.266
1	167.282
1	60.7492
1	51.8534
0	60.3152
1	44.7201
1	137.343
1	216.426
1	115.183
1	96.4007
1	128.22
1	112.465
1	91.3103
1	81.7157
1	101.873
1	102.706
1	137.948
1	190.977
1	96.6383
1	118.732
1	55.5041
1	247.417
1	77.1971
1	74.3476
1	107.014
1	54.7156
1	123.971
1	249.549
1	234.942
1	137.117
1	117.156
1	125.693
1	97.3258
1	76.8073
1	76.1593
1	84.0644
1	151.951
1	97.4725
1	129.642
1	132.815
1	117.473
1	137.829
1	78.1017
1	47.9626
1	152.317
1	72.9976
1	99.2827
1	96.7697
1	141.3
1	97.1057
1	71.2899
1	106.788
1	145.567
1	44.6997
1	87.8351
1	97.6541
1	144.587
1	52.8392
1	135.733
1	106.573
1	126.333
1	33.1756
1	95.8766
1	98.0088
1	122.544
1	65.8408
1	216.76
1	117.019
1	188.471
1	183.84
1	128.451
1	57.7272
1	97.1969
1	65.4279
1	56.3772
1	171.194
1	99.1729
1	53.2009
0	13.5377
1	114.471
1	250.089
1	221.093
1	83.1932
1	94.1998
1	120.623
1	137.107
1	115.239
1	83.2422
1	56.8597
1	83.6077
1	85.8373
1	108.608
1	135.871
1	118.91
1	115.62
1	59.6415
1	85.999
1	191.522
1	126.674
1	158.199
1	112.053
1	71.8999
1	213.044
1	135.509
1	133.775
1	82.4291
1	61.624
1	105.949
1	85.5759
1	206.318
1	103.073
1	93.4575
1	75.7606
1	129.695
1	92.5823
1	159.076
1	225.667
1	130.275
1	121.16
1	64.4845
1	238.254
1	88.6544
1	141.394
1	84.976
1	98.1108
1	36.1794
1	134.889
1	110.311
1	157.686
1	255.943
1	168.38
1	110.04
1	141.266
1	73.8433
1	97.4701
1	72.921
1	134.884
1	116.802
1	137.597
1	66.6033
1	56.5399
1	71.0667
1	97.6833
1	82.9584
1	247.465
1	67.4062
1	58.0878
1	53.545
1	88.8527
1	83.6221
1	88.2809
1	112.93
1	83.6971
1	142.046
1	130.367
1	120.233
1	153.394
1	74.986
1	134.311
1	102.645
1	100.957
1	122.03
1	85.6409
1	164.172
1	85.5013
1	125.622
1	131.029
1	80.0465
1	106.423
1	78.7861
1	173.542
1	166.167
1	95.7192
1	39.587
1	66.3674
1	59.5603
1	148.426
1	146.699
1	35.8268
1	110.018
1	81.4984
1	48.3856
1	101.824
1	105.98
1	146.736
1	52.0171
1	131.612
1	127.071
1	75.8355
1	93.3917
1	100.266
1	129.623
1	110.66
1	141.944
1	118.405
1	180.004
1	145.409
1	61.0035
1	116.463
1	112.909
1	238.258
1	106.697
1	116.143
1	138.036
1	136.902
1	43.4208
1	77.5917
1	396.503
1	113.234
1	123.462
1	91.7661
1	40.4981
1	153.713
1	82.6193
1	105.962
1	93.2945
1	77.0348
1	94.4864
1	159.648
1	141.365
1	113.753
1	94.5618
1	71.1628
1	153.307
1	110.651
1	86.2551
1	132.602
1	132.981
1	120.369
1	116.367
1	93.8435
1	94.7043
1	78.6782
1	110.61
1	81.1886
1	66.4095
1	126.118
1	109.426
1	154.855
1	75.4941
1	103.539
1	66.6518
1	39.0167
1	104.342
1	99.7349
1	186.171
1	138.735
1	74.493
1	162.538
1	115.184
1	131.808
1	72.1224
1	75.9775
1	93.8709
1	60.703
1	135.929
1	146.147
1	191.304
1	92.7151
1	49.2177
1	74.8601
1	141.419
1	130.8
1	53.3785
1	163.77
1	153.642
1	52.7387
1	137.308
1	62.6902
1	97.3276
1	86.758
0	43.0323
1	171.919
1	128.025
1	46.4841
1	94.9128
1	69.5907
1	143.708
1	69.494
1	115.595
1	182.072
1	206.205
1	61.5244
1	111.537
1	94.4494
1	37.3526
1	198.532
1	45.1701
1	96.7695
1	125.808
1	78.1766
1	255.308
1	164.05
1	53.9833
1	67.9671
1	84.4294
1	93.5412
1	197.858
1	86.6791
1	130.658
1	73.6297
1	148.863
1	59.3046
1	115.416
1	289.632
1	77.8647
1	57.4098
1	59.8442
1	37.1642
1	108.545
1	167.409
1	72.2195
1	80.8472
1	151.809
1	107.233
1	106.669
1	41.3869
1	204.809
1	102.135
1	31.3538
1	106.259
1	91.0875
1	62.1474
1	143.708
1	117.46
1	96.1957
1	170.625
1	115.877
1	130.631
1	77.0232
1	52.4091
1	125.373
1	47.4422
1	82.1728
1	88.857
1	71.1942
1	186.791
1	174.758
1	84.4273
1	99.7901
1	69.3497
1	78.8237
1	146.516
1	26.9109
1	77.6754
1	76.5732
1	58.4017
1	76.0651
1	40.7199
1	109.507
1	51.6669
1	74.6999
1	73.0658
1	91.9405
1	121.356
1	71.3501
1	140.131
1	271.915
1	76.6937
1	161.378
1	72.6031
1	84.7565
1	148.202
1	131.131
1	77.7767
1	125.009
1	150.315
1	81.0579
1	80.6419
1	195.485
1	67.2483
1	89.6503
1	73.8596
1	63.375
1	107.485
1	109.989
1	125.614
1	117.697
1	65.5207
1	193.208
0	15.9472
1	108.942
1	81.0423
1	55.9486
1	118.14
1	99.3335
1	80.4216
1	131.038
1	92.8599
1	154.768
1	126.692
1	75.7207
1	141.561
1	81.6894
1	69.8178
1	146.72
1	111.835
1	122.774
1	58.854
1	104.189
1	78.9919
1	81.5166
1	158.427
1	161.01
1	79.1664
1	79.764
1	177.301
1	63.641
1	71.455
1	55.0038
1	111.144
1	141.932
0	17.5523
1	72.7308
1	118.027
1	127.696
1	211.356
1	103.52
1	155.447
1	164.64
1	156.094
1	61.0956
1	60.779
1	88.2076
1	139.216
1	97.6921
1	96.218
1	133.16
1	152.93
1	82.5308
1	78.9292
1	75.0233
1	47.6863
1	105.693
1	96.2814
1	128.845
1	56.3234
1	69.5573
1	115.12
1	102.842
1	205.868
1	68.7787
1	118.38
1	73.6865
1	60.9656
1	139.008
1	76.1502
1	62.5803
1	92.6586
1	66.2665
1	96.0673
1	164.124
1	44.1507
1	109.252
1	80.7062
1	218.753
1	151.201
1	89.5956
1	96.6054
1	52.9389
1	66.3384
1	135.362
1	133.03
1	94.5983
1	143.261
1	89.7325
1	85.5968
1	155.495
1	66.0764
1	67.0927
1	252.981
1	126.8
1	117.54
1	54.9383
1	107.519
1	159.589
1	130.314
1	129.967
1	75.6988
1	53.1163
1	125.801
1	60.7642
1	74.0347
1	62.8082
1	43.2507
1	116.716
1	51.1949
1	52.2862
1	82.0932
1	102.477
1	179.453
1	118.313
1	78.161
1	63.8743
1	83.8734
1	178.767
1	189.294
1	80.6755
1	73.8694
1	74.8634
1	107.845
1	44.3966
1	86.483
1	82.3105
1	46.5654
1	79.0074
1	57.2558
1	136.243
1	161.254
1	59.6053
1	82.5659
1	112.375
1	85.6684
1	96.9035
1	138.299
1	110.624
1	65.259
1	39.7789
1	85.2962
1	142.477
1	100.246
1	70.7157
1	98.584
1	69.8306
1	108.003
1	41.3819
1	104.973
1	82.5472
1	124.389
1	64.4828
1	79.7397
1	92.2346
1	72.2014
1	73.7604
1	58.169
1	143.783
1	69.6903
1	304.407
1	42.416
1	84.4997
1	60.2062
1	115.593
1	70.1267
1	71.5633
1	99.6261
1	51.489
1	78.5351
1	85.6016
1	202.776
1	140.704
1	104.735
1	70.6261
1	83.7714
1	144.468
1	120.849
1	67.1648
1	185.206
1	361.437
1	170.703
1	152.884
1	106.552
1	78.5854
1	199.587
1	51.4601
1	107.136
1	98.2972
1	110.413
1	196.544
1	50.976
1	137.539
1	120.297
1	114.885
1	125.656
1	84.8366
1	89.8792
1	111.319
1	196.089
1	142.634
1	173.578
1	133.883
1	114.21
1	131.634
1	145.055
1	149.537
1	115.795
1	59.3515
1	161.595
1	70.985
1	92.6193
1	50.0857
1	107.414
1	76.6934
1	134.359
1	88.0298
1	137.179
1	85.4332
1	190.7
1	65.6421
1	98.3733
1	145.606
1	150.503
1	94.1164
1	52.8661
1	50.9211
1	119.789
1	86.4739
1	55.94
1	62.7957
1	88.7751
1	118.179
1	102.897
1	117.915
1	77.7498
1	103.197
1	140.465
1	68.5866
1	92.8197
1	106.85
1	179.687
1	94.1995
1	75.5712
1	81.0417
1	113.1
1	225.554
1	127.159
1	60.7968
1	106.191
1	78.2125
1	57.4202
1	123.625
1	97.0701
1	84.0595
1	49.9066
1	141.527
1	137.572
1	81.1614
1	135.576
1	135.036
1	86.4033
1	31.4521
1	57.595
1	116.325
1	177.151
1	103.512
1	70.2999
1	28.57
1	53.8652
1	143.497
1	75.0767
1	63.8512
1	132.759
1	62.6076
1	94.5359
1	58.1557
1	59.5891
1	120.455
1	172.1
1	176.355
1	184.43
1	208.828
1	91.2863
1	123.263
1	127.007
1	76.5057
1	69.378
1	100.39
1	122.91
1	116.031
1	103.285
1	97.693
1	141.763
1	124.611
1	227.913
1	99.6751
1	255.986
1	88.0526
1	122.564
1	114.124
1	71.2129
1	160.95
1	76.5003
1	104.754
1	62.0418
1	90.7027
1	76.7027
1	141.001
1	103.142
1	180.302
1	91.5646
1	77.8939
1	97.8491
1	364.936
1	89.029
1	142.061
1	42.0774
1	94.8961
1	166.686
1	86.6195
1	169.3
1	160.368
1	81.6265
1	69.0181
1	79.1272
1	83.6792
1	50.9058
1	67.5388
1	38.4968
1	114.154
1	79.392
1	135.84
1	86.6933
1	95.5202
1	136.136
1	125.682
1	173.504
1	172.025
1	100.086
1	196.508
1	177.494
1	174.527
1	81.3003
1	111.093
1	119.772
1	111.749
1	144.069
1	165.659
1	93.4306
1	98.3337
1	183.841
1	68.7609
1	130.827
1	104.031
1	61.0508
1	106.465
1	73.4041
1	108.349
1	162.448
1	98.8294
1	93.946
1	165.78
1	91.6384
1	185.193
1	179.272
1	169.819
1	180.421
1	85.4521
1	79.5442
1	125.217
1	97.9137
1	234.306
1	219.392
1	69.6589
1	66.4101
1	72.2828
1	50.4589
1	92.2242
1	88.0995
1	83.7296
1	53.2139
1	69.892
1	58.1991
1	111.797
1	85.0681
1	145.046
1	95.9727
1	47.2419
1	129.892
1	71.2883
1	42.8472
1	45.6729
1	287.041
1	69.4352
1	141.919
1	64.7767
1	74.1004
1	100.317
1	123.479
1	183.313
1	229.344
1	162.167
1	103.888
0	22.0374
1	118.26
1	111.287
1	101.573
1	109.366
1	64.015
1	84.0118
1	96.439
1	97.7577
1	63.2788
1	67.5972
1	50.5574
1	127.612
1	118.426
1	125.813
1	181.23
1	81.1399
1	51.3531
1	195.446
1	178.174
1	147.479
1	92.2355
1	73.3004
1	85.8137
1	93.8262
1	77.2905
1	59.8003
1	79.0665
1	71.197
1	228.221
1	122.638
1	50.2159
1	100.519
1	118.336
1	96.2189
1	103.603
1	111.132
1	93.575
1	85.8124
1	64.4092
1	74.7036
1	49.9648
1	93.0048
1	110.737
1	56.7661
1	130.592
1	60.8268
1	168.895
1	121.564
1	117.06
1	83.8136
1	77.2605
1	58.1071
1	87.901
1	133.888
1	106.242
1	114.436
1	127.722
1	72.1949
1	148.513
1	179.959
1	139.339
1	161.176
1	90.7053
1	67.5355
1	146.242
1	40.1079
1	124.361
1	93.9047
1	86.8048
1	145.86
1	92.64
1	92.8603
1	141.582
1	164.548
1	88.9908
1	73.8824
1	235.879
1	84.0899
1	106.037
1	239.318
1	197.826
1	105.47
1	69.3735
1	130.021
1	88.9403
1	85.7664
1	41.895
1	185.782
1	56.9094
1	72.7613
1	99.7925
1	110.346
1	122.273
1	88.6546
1	48.3981
1	148.586
1	116.179
1	51.8734
1	86.7323
1	120.961
1	104.797
1	122.366
1	53.9475
1	148.177
1	49.8383
1	172.737
1	45.497
1	151.085
1	89.2641
1	106.273
1	50.9941
1	69.3197
1	99.1976
1	114.196
1	102.825
1	135.776
1	78.5036
1	147.829
1	86.5662
1	75.8025
0	59.8686
1	162.928
1	105.149
1	113.233
1	63.8093
1	129.926
1	58.896
1	89.0603
1	86.1034
1	118.914
1	90.0186
1	112.44
1	135.962
1	118.625
1	179.151
1	163.53
1	137.812
1	77.9421
1	119.984
1	117.54
1	130.93
1	61.1397
1	227.923
1	61.0154
1	44.5847
1	156.764
1	82.2566
1	147.554
1	88.0393
1	151.723
1	77.76
1	109.256
1	77.1142
1	218.372
1	129.15
1	34.7862
1	151.034
1	66.7467
1	141.072
1	113.495
1	135.699
1	224.591
1	188.238
1	101.101
1	219.363
1	57.5956
1	111.207
0	7.94374
1	169.13
1	102.794
1	245.499
1	85.4069
1	119.356
1	96.794
1	158.38
1	146.483
1	71.4621
1	65.3936
1	306.788
1	55.9521
1	224.354
1	57.0469
1	92.5547
1	91.9482
1	114.761
1	305.42
1	52.4756
1	119.252
1	72.4632
1	67.5191
1	229.793
1	52.4744
1	133.734
1	65.5349
0	14.3557
1	138.855
1	153.955
1	100.314
1	109.742
1	143.592
1	204.721
1	113.108
1	78.6442
1	214.788
1	91.7735
1	52.9489
1	65.8729
1	53.36
1	89.947
1	170.432
1	181.041
1	60.2569
1	102.068
1	126.834
1	89.0089
1	159.497
1	86.4381
1	79.368
1	106.46
1	94.4317
1	190.367
1	131.51
1	89.8231
1	96.9801
1	106.244
1	82.2477
1	72.0526
1	150.991
1	63.1581
1	75.9683
1	69.3707
1	51.4441
1	61.3374
1	67.6699
1	122.561
0	214.813
0	5.22869
1	113.856
1	144.654
1	202.372
1	120.629
1	86.6733
1	104.68
1	60.7053
1	57.5984
1	287.053
1	125.926
1	80.6525
1	112.193
1	171.176
1	108.801
1	103.019
1	113.737
1	94.3168
1	102.539
1	262.683
1	87.3234
1	140.969
1	75.0348
1	82.7295
1	117.9
1	66.2085
1	81.9072
1	81.7597
1	42.5544
1	92.7856
1	131.442
1	72.7385
1	63.022
1	166.069
1	80.2971
1	130.18
1	136.758
1	262.149
1	170.91
1	151.352
1	89.2828
1	52.1495
1	64.6677
1	75.1938
1	123.953
1	170.758
1	126.941
1	50.5832
1	336.556
1	39.0899
1	106.088
1	35.8631
1	111.577
1	48.7112
1	108.848
1	127.377
1	93.1956
1	75.4233
1	232.293
1	78.0866
1	59.2345
1	111.696
1	68.8668
1	59.1069
1	133.906
1	133.125
1	90.5148
1	77.8597
1	54.4356
1	84.0632
1	60.112
1	141.455
1	78.3062
1	117.122
1	174.147
1	105.586
1	55.1337
1	99.1826
1	77.121
1	38.0673
1	68.3694
1	129.894
1	170.664
1	42.2088
1	136.923
1	54.1944
1	75.8178
1	68.1609
1	43.8544
1	70.3932
1	144.128
1	122.397
1	48.6656
1	143.963
1	96.9394
1	61.2323
1	123.15
1	78.3184
1	68.1212
1	135.846
1	136.122
1	110.501
1	75.1389
0	79.5741
1	108.535
1	73.1643
1	137.782
1	116.27
1	80.102
1	93.0439
1	72.4521
1	95.6111
1	142.723
1	261.132
1	116.746
1	109.098
1	153.581
1	89.1535
1	70.3705
1	118.858
1	193.883
1	143.987
1	89.6855
1	55.7647
1	152.132
1	76.0396
1	166.369
1	77.6776
1	96.108
1	91.0122
1	75.3429
1	75.3079
1	87.844
1	99.694
1	74.0547
1	146.251
1	114.741
1	81.8245
1	73.6941
1	152.203
1	194.532
1	146.554
1	110.573
1	112.259
1	43.2575
1	200.187
1	104.034
1	123.549
1	90.0744
1	91.9941
1	92.0728
1	143.36
1	177.867
1	133.398
1	78.2468
1	168.703
1	236.741
1	80.373
1	111.332
1	63.8934
1	161.911
1	265.699
1	121.151
1	93.0636
1	41.2975
1	131.079
1	115.199
1	151.512
1	70.2828
1	58.3789
1	93.2846
1	88.158
1	147.316
1	51.8716
1	99.8497
1	78.0188
1	125.648
1	345.95
1	65.3897
1	117.311
1	62.4989
1	47.92
1	62.7431
1	115.927
1	113.709
1	93.3575
1	123.113
1	130.795
1	65.5379
1	27.7037
1	79.4501
1	123.363
1	102.36
1	102.256
1	65.3438
1	123.105
1	86.8325
1	63.8646
1	195.636
1	111.253
1	88.1218
1	243.676
1	99.712
1	209.714
1	47.5385
1	175.124
1	91.1113
1	97.6728
1	120.841
1	92.6213
1	228.575
1	66.8751
1	138.041
1	200.022
1	114.608
1	61.8473
1	88.3649
1	163.087
1	75.2313
1	121.014
1	183.93
1	73.0433
1	76.2923
1	145.566
1	124.248
1	68.7262
1	93.1779
1	136.403
1	137.303
1	145.368
1	137.366
1	71.9947
1	120.157
1	113.313
1	69.7311
1	233.97
1	167.408
1	174.021
1	181.444
1	92.7944
1	74.8523
1	87.9463
1	132.855
1	109.503
1	160.707
1	79.2631
1	121.399
1	42.2834
1	64.9797
1	212.821
1	43.8575
1	166.033
1	75.3494
1	53.6276
1	112.679
1	229.825
1	120.596
1	204.707
1	70.1961
1	177.8
1	85.5682
1	98.1709
1	158.715
1	74.542
1	87.9519
1	47.0721
1	113.466
1	46.7917
1	216.823
1	147.077
1	194.072
1	111.596
1	190.826
1	193.689
1	61.5341
1	56.8627
1	51.5659
1	204.835
1	118.393
1	174.061
1	151.505
1	99.0156
1	147.276
1	116.782
1	107.62
1	96.2816
1	93.9978
1	90.1301
1	139.577
1	82.9045
1	153.902
1	77.7926
1	165.63
1	72.4744
1	74.5643
1	146.561
1	277.626
1	123.382
1	191.493
1	151.45
1	55.5239
1	88.7174
1	103.25
1	112.959
1	83.0892
1	272.603
1	116.675
1	105.161
1	167.931
1	307.386
1	238.696
1	36.6092
1	233.482
1	90.9987
1	124.23
1	178.617
1	97.7886
1	53.2876
1	60.692
1	98.0619
1	83.3427
1	121.866
1	161.217
1	86.9931
1	75.0694
1	83.4889
0	17.9942
1	102.376
1	60.1998
1	57.7304
1	65.8001
1	145.891
1	78.7884
1	83.2937
1	64.4611
1	48.8275
1	144.462
1	84.145
1	71.3173
1	72.7958
1	114.51
1	39.7602
1	82.0437
1	66.0539
1	57.6497
1	117.401
1	74.0471
1	63.1776
1	62.578
1	132.792
1	163.923
1	38.5132
1	57.7742
1	68.7108
1	91.0837
1	70.2614
1	91.9291
1	90.3951
1	62.012
1	83.1743
1	89.5955
1	154.593
1	181.7
1	127.328
1	116.788
1	55.5882
1	64.1443
1	56.9679
1	101.59
1	132.414
1	112.571
1	109.344
1	74.588
1	98.5384
1	208.32
1	108.152
1	119.702
1	89.8869
1	77.5002
1	82.6359
1	44.3393
1	127.275
1	161.821
1	37.5012
1	126.92
1	162.292
1	227.809
1	56.6592
1	42.3747
1	90.6268
1	162.519
1	92.4554
1	76.5012
1	89.6723
1	134.484
1	69.2508
1	80.5424
1	124.265
1	71.6253
1	117.091
1	63.3765
1	76.9168
1	128.46
1	63.5911
1	56.9736
1	107.502
1	81.5296
1	79.121
1	81.2149
1	171.875
1	71.3117
1	140.572
1	129.969
1	165.614
1	53.2424
1	156.013
1	149.724
1	253.566
1	74.5043
1	164.65
1	61.9317
1	194.434
1	86.2426
1	93.5337
1	215.62
1	102.178
1	54.7131
1	256.172
1	88.4158
1	195.849
1	136.108
1	68.1331
1	98.5039
1	143.16
1	326.343
1	59.4626
1	92.34
1	124.875
1	64.8797
1	151.55
1	249.076
1	87.3765
1	124.854
1	105.351
1	90.6753
1	95.969
1	188.777
1	118.231
1	64.4568
1	183.662
1	104.456
1	114.236
1	107.208
1	146.213
1	89.2369
1	67.5475
1	31.8564
1	112.336
1	195.41
1	46.8271
1	148.068
1	214.37
0	35.6411
1	133.277
1	55.1576
1	81.772
1	74.6958
1	81.7618
1	51.22
1	97.8273
1	77.4032
1	77.1407
1	42.5181
1	217.399
1	75.3286
1	50.8219
1	141.519
1	55.39
1	80.9602
1	93.0008
1	86.0063
1	164.557
1	78.724
1	174.881
1	107.318
0	6.58869
1	167.156
1	37.9189
1	61.8288
1	173.01
1	74.9369
1	49.6087
1	193.514
1	73.2053
1	91.2292
1	104.214
1	99.8227
1	129.734
1	131.905
1	77.8497
1	63.1176
1	55.044
1	108.588
1	72.5318
1	73.0259
1	74.5691
1	258.486
1	135.557
1	163.752
1	63.4141
1	47.8604
1	65.5475
1	120.531
1	112.345
1	106.906
1	72.0844
1	87.3514
1	320.479
1	149.302
1	107.689
1	191.113
1	184.02
0	49.6028
1	137.837
1	89.1954
1	64.6043
1	165.389
1	57.8098
1	147.21
1	55.3797
1	102.237
1	49.258
1	61.3118
1	177.669
1	119.961
1	61.6961
1	58.1028
1	80.4619
1	268.323
1	44.3565
1	100.718
1	122.926
1	51.6798
1	122.26
1	108.649
1	255.458
1	90.1289
1	188.204
1	72.3457
1	150.65
1	72.5479
1	79.7848
1	65.4418
1	171.069
1	100.401
1	89.8043
1	128.432
1	161.31
1	105.973
1	86.9163
1	99.9492
1	130.337
1	121.601
1	68.7056
1	58.8972
1	218.317
1	80.8274
1	106.253
1	50.6673
1	102.769
1	190.275
1	59.628
1	248.909
1	66.5648
1	38.3868
1	138.432
1	72.5741
1	46.847
1	59.235
1	96.6888
1	52.1043
1	121.258
1	122.436
1	104.053
1	242.613
1	107.107
1	80.7114
1	146.276
1	138.199
1	151.491
1	101.974
1	53.0362
1	113.463
1	132.355
1	135.125
1	93.6274
1	113.757
1	218.804
1	181.674
1	123.067
1	81.6444
1	136.205
1	240.757
1	89.7741
1	98.7121
1	151.956
1	60.0412
1	66.9776
1	137.631
1	137.801
1	65.7553
1	97.138
1	66.5188
1	122.547
1	42.2764
1	74.4351
1	53.8748
1	146.352
1	118.52
1	166.797
1	85.3713
1	65.4072
1	130.768
1	110.575
1	115.696
1	81.6097
1	106.048
1	115.41
1	53.1361
1	123.747
1	97.1012
1	99.8067
1	156.953
1	82.8728
1	116.79
1	147.4
1	83.062
1	123.55
1	142.949
1	130.806
1	179.512
1	88.7399
1	127.777
1	97.3127
1	130.45
1	39.6109
1	118.498
1	115.24
1	130.081
1	153.654
1	171.486
1	175.036
1	67.6449
1	115.964
1	159.639
1	61.7313
1	39.309
1	160.629
1	120.594
1	248.067
1	90.0738
1	93.1201
1	79.5219
1	175.284
1	61.9131
1	88.9471
1	81.5853
1	61.0446
1	87.3645
1	99.4957
1	122.043
1	124.201
1	101.369
1	109.051
1	89.7833
1	93.1545
1	35.603
1	110.681
1	62.4216
1	55.0495
1	83.1685
1	112.286
1	205.625
1	95.2097
1	54.1804
1	132.226
1	100.228
1	149.255
1	75.8195
1	98.1989
1	132.284
1	58.7598
1	75.1181
1	131.188
1	56.6057
1	195.67
1	133.809
1	127.824
1	66.6003
1	121.993
1	131.022
1	57.3352
1	224.104
1	42.5423
1	153.274
1	122.484
1	117.629
1	50.6057
1	167.542
1	82.048
1	88.6961
1	114.018
1	175.876
1	166.735
1	150.986
1	54.1002
1	45.818
1	163.231
1	129.896
1	76.0371
1	125.343
1	54.5611
1	101.171
0	9.84559
1	63.0126
1	34.6749
1	293.93
1	95.3075
1	67.7684
1	269.194
1	84.9371
1	166.885
1	85.9629
1	107.045
1	90.9799
1	64.5455
1	56.5591
1	104.573
1	71.5796
1	69.052
1	78.2641
1	112.323
1	83.7838
1	174.915
1	57.8836
1	133.421
1	125.744
1	86.3123
1	40.9034
1	110.99
1	75.9417
1	106.876
1	119.648
1	59.0234
1	94.5505
1	68.131
1	99.5513
1	83.0352
1	317.102
1	92.7321
1	134.016
1	163.697
1	127.484
1	125.675
1	75.9567
1	154.812
1	83.3537
1	131.751
1	163.456
1	70.6557
1	211.285
1	59.8869
1	54.6238
1	75.4706
1	109.146
1	129.796
1	125.336
1	85.7868
1	107.775
1	54.7484
1	177.717
1	109.465
1	61.384
1	182.848
1	113.419
1	79.7072
1	117.217
1	86.9803
1	76.577
1	140.918
1	166.08
1	39.721
1	85.7514
1	199.466
1	106.109
1	75.9353
1	75.4054
1	154.672
1	170.067
1	201.89
1	52.3201
1	71.6219
1	47.486
1	75.7824
1	95.5186
1	95.5638
1	81.9095
1	86.2665
1	100.107
1	138.008
1	76.4692
1	64.156
1	77.8939
1	169.398
1	41.8721
1	76.9419
1	88.2227
1	121.442
1	168.406
1	155.317
1	126.037
1	88.6929
1	185.82
1	94.3997
1	177.155
1	56.5791
1	23.8966
1	125.342
1	94.2488
1	191.414
1	157.342
1	143.53
1	128.063
1	60.1155
1	57.4338
1	99.0337
1	131.864
1	106.712
1	165.289
1	53.8362
1	121.427
1	63.6524
1	73.9199
1	80.7786
1	93.0925
1	180.54
1	150.617
1	30.5408
1	68.0272
1	110.985
1	199.277
1	151.306
1	114.961
1	80.178
1	147.491
1	156.213
1	75.4233
1	129.638
1	91.8843
1	124.374
1	231.905
1	109.594
1	51.9292
1	82.9717
1	81.2263
1	78.4583
1	49.0066
1	57.783
1	49.2712
1	124.253
1	95.7062
1	224.816
1	151.082
1	150.435
1	189.462
1	69.3885
1	62.6875
1	103.857
1	128.142
1	54.4023
1	68.7198
1	80.5797
1	48.2422
1	128.76
1	152.98
1	87.0485
1	178.618
1	196.285
1	146.982
1	120.438
1	113.506
1	124.567
1	70.8313
1	82.8914
1	149.984
1	99.8126
0	2.88997
1	110.276
1	104.567
1	114.571
1	93.1529
1	92.046
1	89.729
1	122.275
1	108.386
1	290.613
1	68.1811
1	75.9602
1	55.5729
1	64.7623
1	118.331
1	65.1128
1	113.436
1	63.0298
1	85.986
1	126.667
1	210.989
1	165.807
1	143.077
1	129.405
1	231.357
1	81.7034
1	88.665
1	71.1289
1	111.745
1	147.083
1	92.7285
1	137.398
1	112.872
1	32.8737
1	176.456
1	31.4842
1	85.773
1	61.2426
1	115.216
1	54.486
1	162.415
1	62.5042
1	151.202
1	223.731
1	43.4682
1	148.673
1	60.7835
1	106.741
1	165.937
1	63.2521
1	93.2068
1	93.8481
1	122.638
1	69.1649
1	112.357
1	200.191
1	92.0769
1	91.7318
1	102.361
1	386.301
1	49.7469
1	120.856
1	90.7629
1	113.843
1	132.625
1	64.0497
1	83.7763
1	83.4264
1	304.2
1	67.4313
1	67.695
1	144.694
1	74.2361
1	119.557
1	63.5701
1	172.437
1	114.062
1	66.3402
1	67.3227
1	120.107
1	158.148
1	55.1779
1	153.123
1	110.481
1	75.9961
1	92.24
1	92.2281
1	119.316
1	63.3284
1	106.646
1	109.111
1	99.4222
1	130.582
1	113.505
1	110.244
1	84.5414
1	63.2127
1	65.5492
1	104.414
1	215.023
1	214.701
1	175.153
1	41.0321
1	59.6823
1	40.1702
1	101.425
1	107.858
1	68.6428
1	68.2342
1	204.806
1	54.8673
1	59.0306
1	70.5617
1	86.9907
1	139.291
1	109.593
1	56.743
1	69.9386
1	78.9575
1	51.121
1	152.515
1	45.7445
1	43.608
1	131.637
1	78.483
1	52.8502
1	120.229
1	76.4117
1	62.473
1	101.936
1	154.254
1	81.5139
1	93.5548
1	141.37
1	135.458
1	203.703
1	62.8208
1	327.295
1	99.9354
1	72.803
1	49.89
1	99.1917
1	74.7951
1	230.204
1	195.416
1	110.602
1	139.441
1	94.1067
1	116.535
1	64.3856
1	53.5006
0	69.5939
1	90.1845
1	148.683
1	56.6715
1	60.1553
1	50.7376
0	24.3335
1	76.0802
1	47.7633
1	128.403
1	191.18
1	120.321
1	261.211
1	117.992
1	157.52
1	116.087
1	84.1557
1	95.9522
1	390.178
1	78.9209
1	122.12
1	73.419
1	54.3478
1	123.139
1	94.3921
1	198.123
1	109.544
1	185.577
1	179.799
1	108.327
1	174.889
0	25.4968
1	33.5832
1	74.7035
1	85.3121
1	55.0974
1	57.5092
1	69.2873
1	102.452
1	112.528
1	125.101
1	129.951
1	210.14
1	52.5888
1	284.316
1	114.316
1	105.433
1	92.1774
1	95.2903
1	69.6547
1	75.9479
1	95.8057
1	96.6596
1	179.44
1	66.9971
1	130.943
1	79.376
1	92.9608
1	126.504
1	119.955
1	66.7083
1	150.224
1	190.683
1	98.4003
1	43.4007
1	81.711
1	145.509
1	59.7043
1	78.7211
1	112.891
1	90.4034
1	87.0657
1	154.692
1	81.4752
1	112.242
1	96.1086
1	95.3869
1	68.9382
1	78.818
1	97.5738
1	95.5198
1	111.155
1	134.908
1	139.463
1	87.6477
1	100.702
1	57.9584
1	69.9445
1	102.147
1	196.873
1	112.641
1	93.7313
1	144.077
1	101.322
1	116.582
1	56.8205
1	37.5097
1	87.9747
1	95.8785
1	93.7156
1	119.649
1	125.91
1	105.205
1	84.9791
1	89.5035
1	152.338
1	142.312
1	100.452
1	78.015
1	252.166
1	66.7319
1	80.0098
1	94.2371
1	102.136
1	139.74
1	121.48
1	106.288
1	71.0303
1	92.4669
1	157.41
1	117.544
1	82.3391
1	62.8459
1	69.6702
1	148.761
1	188.024
1	106.728
1	101.762
1	110.991
1	148.758
1	135.604
1	109.299
1	86.568
1	39.3164
1	75.6858
1	96.4416
1	116.475
1	122.652
1	76.0777
1	108.901
1	52.62
1	164.944
1	140.334
1	84.0117
1	141.568
1	83.9502
1	64.0474
1	115.876
1	111.603
1	75.6809
1	70.8823
1	189.981
1	186.899
1	95.5749
1	53.8307
1	75.3224
1	95.3774
1	63.8629
1	72.2947
1	128.288
1	117.205
1	69.428
1	149.992
1	129.933
1	121.836
1	118.577
1	151.854
1	160.249
1	96.6994
1	196.271
1	112.325
1	51.7549
1	152.87
1	69.8926
1	109.217
1	62.795
1	125.255
1	111.976
1	123.446
1	174.181
1	57.4208
1	75.0602
1	61.3734
1	105.924
1	172.204
1	58.7623
1	57.7991
1	87.6694
1	75.2604
1	44.7386
1	51.2018
1	93.4351
1	254.513
1	60.0372
1	140.859
1	54.7313
1	86.1928
1	58.078
1	143.89
1	37.0305
1	110.189
1	80.5657
1	74.0056
1	215.29
1	74.3269
1	171.457
1	70.8212
1	71.9045
1	101.989
1	83.2684
1	76.6924
1	102.525
1	27.737
1	81.499
1	110.057
0	32.0062
1	89.6209
1	85.2774
1	40.1765
1	91.6055
1	167.794
1	179.412
1	120.418
1	48.5322
1	131.187
1	168.816
1	143.143
1	76.2557
1	146.013
1	133.221
1	43.8942
1	130.23
1	100.697
1	64.2324
1	83.175
1	80.5775
1	97.3066
1	124.286
1	82.5741
1	98.1681
1	185.015
1	96.1826
1	47.8841
1	88.8538
1	133.794
1	27.3872
1	100.687
1	100.873
1	69.9179
1	128.033
1	117.321
1	74.3853
1	125.053
1	57.6567
1	98.1865
1	76.1865
1	96.1479
0	36.6285
1	180.258
1	102.668
1	56.0005
1	135.771
1	56.4233
1	150.533
1	111.925
1	42.7222
1	121.548
1	117.392
1	101.097
1	120.685
1	55.9412
1	93.5097
1	164.686
1	62.6518
1	107.872
1	104.793
1	228.992
1	117.402
1	112.266
1	201.424
1	104.546
1	137.964
1	105.921
1	94.3676
1	84.9413
1	105.058
1	125.327
1	45.0777
1	117.875
1	128.556
1	145.65
1	150.785
1	103.221
1	67.0905
1	61.6148
1	101.103
1	66.4053
1	97.9348
1	164.33
1	126.195
1	117.183
1	50.7343
1	121.494
1	79.5064
1	89.3349
1	64.6879
1	125.345
1	172.64
1	199.65
1	96.8478
1	94.3186
1	132.63
1	86.8182
1	58.4947
1	100.867
1	57.9562
1	88.3257
1	74.6971
1	82.3923
1	43.934
0	13.6103
1	90.7801
1	104.617
1	33.22
1	62.0652
1	130.925
1	69.2277
1	196.563
1	86.5086
1	132.858
1	69.3781
1	69.4775
1	228.721
1	85.5369
1	59.7698
1	69.2568
1	129.691
1	74.8906
1	109.406
1	77.6
1	148.417
1	111.658
1	111.843
1	116.693
1	78.0245
1	147.867
1	48.4534
1	128.526
1	106.958
1	262.649
1	100.891
1	179.524
1	188.8
1	61.605
1	100.414
1	103.393
1	75.4221
1	118.231
1	73.1098
1	201.434
1	99.6443
1	83.2664
1	164.532
1	128.492
1	99.344
1	87.8662
1	65.0999
1	60.6533
1	189.227
1	101.819
1	58.7387
1	125.001
1	182.113
1	97.3843
1	74.0474
1	76.2539
1	118.932
1	134.513
1	63.4846
1	54.4729
1	52.8685
1	116.662
1	80.5253
1	231.668
1	150.977
1	102.479
1	100.658
1	60.1711
1	57.1903
1	85.2714
1	85.3644
1	82.8286
1	89.5052
1	60.7505
1	122.222
1	89.3784
1	150.912
1	88.6777
1	136.358
1	147.043
1	115.329
1	37.934
1	85.6386
1	95.2936
1	77.1986
1	63.0647
1	129.225
1	110.883
1	168.716
1	251.688
1	110.062
1	87.315
1	184.85
1	96.1828
1	79.7297
1	85.0271
1	153.734
1	119.613
1	135.833
1	124.975
1	149.724
1	124.823
1	141.934
1	93.8723
1	52.269
1	142.444
1	185.061
1	166.249
1	61.1666
1	266.253
1	58.2181
1	149.264
1	100.35
1	266.837
1	95.3191
1	117.931
1	197.104
1	111.707
1	117.492
1	105.978
1	199.706
1	93.2134
1	68.3723
1	93.7597
1	82.4255
1	117.495
1	81.058
1	78.2599
1	89.0624
1	116.456
1	164.793
1	112.221
1	63.8405
1	80.2843
1	81.1024
1	34.9632
1	78.0901
1	83.9571
1	56.0054
1	100.329
1	53.2749
1	90.6877
1	129.341
1	94.722
1	85.4636
1	125.604
1	96.2821
1	107.718
1	61.7276
1	63.4017
1	64.0952
1	89.9037
1	79.1649
1	74.0808
1	75.8044
1	131.321
1	106.666
1	97.7982
1	117.543
1	56.7942
1	71.3835
1	199.036
1	61.6656
1	148.536
1	56.3915
1	80.6666
1	107.857
1	62.0335
1	153.029
1	101.006
1	105.743
1	174.56
1	111.129
0	12.1671
1	104.645
1	207.134
1	63.9633
1	190.74
1	114.958
1	116.486
1	77.4984
1	228.344
1	123.562
1	87.3354
1	126.378
1	152.485
1	132.905
1	107.792
1	87.053
1	195.942
1	80.597
1	81.0597
1	121.056
1	72.1835
1	144.712
1	67.2491
1	48.4675
1	64.9911
1	115.275
1	85.8398
1	62.8969
1	94.8505
1	85.6702
1	77.3511
1	124.1
1	182.831
0	75.2655
1	23.8383
1	22.0657
1	95.9932
1	98.1373
1	131.316
1	110.553
1	90.4663
1	134.084
1	101.415
1	38.4888
1	109.682
1	89.6608
1	133.979
1	155.836
1	126.392
1	97.3751
1	156.698
1	81.2535
1	75.458
1	87.5524
1	303.788
1	157.328
1	45.2818
1	54.117
1	127.979
1	94.1042
1	39.2886
1	74.1645
1	122.701
1	60.999
1	135.177
1	243.77
1	50.453
1	99.1043
1	178.013
1	135.17
1	93.3109
1	80.9648
1	106.492
1	107.904
1	366.226
1	37.7262
1	89.8529
1	97.9678
1	168.606
1	98.9433
1	71.5182
1	39.8129
1	218.192
1	55.2624
1	127.776
1	168.812
1	89.8174
1	63.4349
1	68.0904
1	136.051
1	207.767
1	88.1759
1	99.1109
1	63.249
1	117.601
1	68.3288
1	152.878
1	112.705
1	106.688
1	59.0546
1	59.8955
1	167.32
1	117.947
1	95.1326
1	83.8228
1	84.2287
1	119.134
1	61.403
1	107.902
1	123.97
1	70.8686
1	86.9596
1	68.818
1	101.277
1	77.5643
1	94.7163
1	79.1951
1	96.5158
1	126.997
1	67.5173
1	92.2069
1	223.297
1	78.5808
1	113.038
1	124.079
1	100.969
1	93.2489
1	101.298
1	115.521
1	77.0207
1	133.746
1	196.767
1	134.005
1	112.782
1	59.4195
1	115.561
1	102.123
1	68.6113
1	76.4546
1	108.801
1	63.3925
1	198.984
1	50.5742
1	94.682
1	110.552
1	239.235
1	80.1683
1	103.309
1	117.069
1	74.7707
1	155.507
1	70.1338
1	144.529
1	171.889
1	75.9688
1	174.192
1	103.624
1	174.523
1	55.6748
1	48.0614
1	113.201
1	105.6
1	97.3165
1	85.8884
1	65.5205
1	117.515
1	138.068
1	118.389
1	94.4914
1	164.797
1	67.0856
1	94.7698
1	88.9005
1	205.867
1	142.889
1	140.184
1	94.6341
1	76.9521
1	166.942
1	65.5152
1	97.9379
1	80.3408
1	90.658
1	144.643
1	74.7581
1	180.368
1	168.607
1	81.4609
1	162.449
1	61.4253
1	306.352
1	97.8902
1	49.5573
1	57.8009
1	104.996
1	100.72
1	54.0581
1	84.5884
1	180.507
1	139.837
1	74.8312
1	45.1069
1	124.365
1	118.736
1	34.729
1	113.268
1	80.8531
1	109.276
1	92.9629
1	61.8422
1	114.41
1	145.046
1	101.188
1	77.6955
1	158.42
1	89.0223
1	125.86
1	56.1383
1	71.9644
1	82.3193
1	87.706
1	75.719
1	112.379
1	72.4006
1	41.8037
1	45.094
1	76.9693
1	49.3892
1	136.622
1	119.385
1	66.9374
1	97.081
1	107.931
1	139.761
1	170.199
1	58.0804
1	103.956
1	75.4041
1	48.7957
1	99.4192
1	70.6779
1	39.9147
1	138.258
1	37.1047
1	94.6671
1	191.096
1	188.303
1	192.199
1	77.1056
1	99.4741
1	76.1808
1	104.621
1	167.227
1	92.6735
1	107.666
1	54.6563
1	101.306
1	105.773
1	161.671
1	110.256
1	219.828
1	213.054
1	43.8859
0	39.8707
1	73.8217
1	170.452
1	123.217
1	71.0318
1	135.456
1	94.0175
1	93.3647
1	139.135
1	141.641
1	108.792
1	147.334
1	108.492
1	92.3021
1	148.83
1	97.8733
1	127.699
1	75.6358
1	119.809
1	90.8744
1	130.21
1	88.915
1	68.7249
1	113.563
1	165.579
1	189.916
1	93.5729
1	81.2769
1	124.748
1	90.9286
1	45.8905
1	96.5357
1	60.8384
1	127.254
1	119.111
1	127.163
1	80.685
1	66.601
1	81.2826
1	46.4225
1	77.7585
1	116.782
1	57.5193
1	70.9322
1	142.194
1	75.2447
1	240.777
1	61.031
1	142.505
1	128.331
1	136.198
1	62.7267
1	70.6671
1	92.5618
1	54.4264
1	65.8989
1	142.804
1	90.4261
1	105.886
1	90.1097
1	157.351
1	119.265
1	71.7425
1	150.288
1	168.192
1	132.22
1	74.8397
1	72.5192
1	50.2034
1	199.388
1	49.5086
1	100.328
1	125.409
1	62.1922
1	104.264
1	113.37
1	96.5743
1	123.159
1	168.88
1	133.41
1	84.4687
1	69.2625
1	121.725
1	61.5535
1	89.8624
1	113.469
1	126.15
1	177.55
1	149.011
1	124.15
1	309.233
1	267.275
1	128.901
1	97.4952
1	65.936
1	77.5864
1	102.801
1	141.335
1	91.4048
1	99.4731
1	126.86
1	64.7785
1	207.048
1	82.46
1	91.7478
1	93.7657
1	119.392
1	104.027
1	104.569
1	98.9648
1	81.6173
1	64.2643
1	57.0269
1	171.58
0	47.1809
0	59.4773
1	75.4162
1	57.1946
1	95.1574
1	112.544
1	82.5614
1	131.089
1	85.7571
1	109.785
1	61.9407
1	245.389
1	249.709
1	127.974
1	102.986
1	73.4957
1	188.428
1	94.3573
1	177.97
1	354.866
1	44.9375
1	111.8
1	131.287
1	143.229
1	164.127
1	72.493
1	75.874
1	171.025
1	77.3248
1	42.2487
1	136.548
1	170.503
1	90.502
1	54.4073
1	112.723
1	143.49
1	85.3116
1	74.2901
1	157.056
1	132.242
1	142.673
1	114.157
1	136.629
1	111.518
1	115.212
1	124.955
1	105.967
1	105.347
1	317.869
1	313.44
1	70.9672
1	67.696
1	84.0726
1	127.751
0	3.6355
1	164.005
1	98.4766
1	76.6402
1	132.016
1	94.3867
1	125.604
1	53.3717
1	107.855
1	81.5831
1	120.408
1	147.442
1	110.019
1	99.0033
1	119.982
1	111.717
1	73.4641
1	129.841
1	147.52
1	82.8558
1	142.361
1	38.8127
1	73.0406
1	97.5667
1	128.839
1	115.688
1	77.2967
1	92.9251
1	52.4449
1	53.267
1	100.89
1	92.7081
1	35.541
1	133.133
1	143.792
1	64.6724
1	104.072
1	111.4
1	87.2133
1	116.765
1	96.5766
1	92.5831
1	90.7876
1	135.362
1	156.607
1	70.5133
1	64.6738
1	108.743
1	176.975
1	126.182
1	74.5673
1	81.9882
1	67.8509
1	58.0471
1	41.0849
1	158.918
1	82.903
1	102.158
1	140.727
1	152.162
1	184.988
1	83.1362
1	150.671
1	94.8197
1	68.0714
1	99.021
1	114.401
1	110.958
1	65.0798
1	213.938
1	67.2204
1	72.9505
1	83.9689
1	247.639
1	126.563
1	232.077
1	180.138
1	90.2993
1	72.738
1	106.214
1	56.2149
1	225.092
1	85.0495
1	61.5238
1	84.6659
1	105.844
1	115.24
1	173.933
1	75.4122
1	105.316
1	125.824
1	96.4283
1	96.882
1	121.568
1	83.4178
1	119.294
1	73.1241
1	153.501
1	43.5558
1	104.791
1	75.0539
1	146.482
1	65.684
1	115.411
1	130.713
1	84.882
1	50.4319
1	46.0048
1	153.233
1	167.815
1	152.114
1	107.739
1	124.36
1	117.56
1	146.85
1	171.332
1	15.851
1	128.874
1	92.1237
1	156.927
1	103.619
1	175.98
1	145.707
1	126.831
1	127.475
1	108.162
1	154.205
1	111.214
1	84.2286
1	122.334
1	163.809
1	85.7993
1	77.1063
1	114.387
1	163.961
1	87.0622
1	88.9711
1	132.316
1	101.44
1	91.9777
1	226.343
1	71.3223
1	143.378
1	63.8856
1	78.9343
1	149.987
1	39.6203
1	110.715
1	177.083
1	20.9112
1	162.867
1	104.655
1	157.979
1	78.47
1	34.6283
1	156.67
1	83.5379
1	94.6749
1	138.58
1	40.6428
1	126.545
1	69.3964
1	155.723
1	127.463
1	70.6744
1	129.668
1	38.4956
1	66.9003
1	76.1344
1	161.722
1	101.49
1	78.2174
1	143.169
1	91.2553
0	4.14564
1	130.192
1	112.813
1	114.913
1	103.672
1	150.222
1	112.593
1	107.812
1	102.706
1	55.6323
1	102.109
1	163.759
1	75.1966
1	76.0795
1	105.305
1	164.028
1	111.729
1	48.9718
1	217.019
1	147.497
1	89.4836
1	104.922
1	119.488
0	123.536
1	117.056
1	120.968
1	140.684
1	155.664
1	31.6239
1	36.8655
1	62.5664
1	89.797
1	76.1945
1	145.567
1	56.9769
1	140.726
1	105.511
1	100.539
1	88.8241
1	177.452
1	188.811
1	137.76
1	61.2137
1	72.7698
1	70.3075
1	84.7177
1	119.822
1	131.427
1	78.5181
1	141.151
1	86.8936
1	292.721
1	65.8425
1	181.41
1	79.0125
1	88.2201
1	236.592
1	74.2239
1	83.8049
1	117.372
1	126.727
1	102.947
1	104.55
1	73.8483
1	107.922
1	157.669
1	69.5499
1	58.1715
1	108.251
1	180.134
1	94.9404
1	119.74
1	156.415
1	188.089
1	44.1053
1	65.4777
1	161.937
1	95.733
1	179.771
1	46.0701
1	162.066
1	73.4379
1	154.056
1	135.624
1	211.898
1	198.095
1	115.703
1	116.165
1	97.0446
1	82.8421
1	101.615
1	63.2577
1	192.174
1	94.3878
0	39.8334
0	30.5027
1	87.7277
1	189.348
0	6.73036
1	121.454
1	162.002
0	12.3573
1	25.9512
1	106.433
1	134.394
1	210.131
1	150.931
1	111.594
1	220.055
1	145.942
1	100.66
1	104.171
1	148.265
1	164.622
1	111.456
1	43.2253
1	205.905
1	211.629
1	112.885
1	135.533
1	112.948
1	187.467
1	107.722
1	232.849
1	140.285
1	74.0402
1	149.993
1	112.902
1	215.953
1	111.682
1	78.6831
1	110.69
1	150.054
1	56.6858
1	74.0529
1	82.3877
1	157.615
1	128.78
1	98.2164
0	140.124
1	82.3232
1	81.1827
1	80.1581
1	91.9999
1	205.137
1	142.802
1	93.1968
1	64.4264
1	58.8046
1	89.8962
1	207.335
1	79.7924
1	152.526
1	136.006
1	79.174
1	87.754
1	109.273
1	47.778
1	158.62
1	203.621
1	134.972
1	144.8
1	67.7562
1	72.0253
1	67.8214
1	112.074
1	128.771
1	85.9925
1	49.8459
1	73.8401
1	115.073
1	84.8917
1	89.182
1	136.342
1	93.0686
1	64.9583
1	96.1021
1	106.016
1	44.195
1	95.4343
1	165.61
1	114.617
1	142.746
1	128.841
1	118.068
1	262.634
1	176.254
1	65.5473
1	93.5537
1	200.978
1	140.898
1	80.8963
1	67.6825
1	110.248
1	114.153
1	93.6059
1	87.8454
1	115.985
1	69.1617
1	39.4536
1	211.476
1	118.951
1	110.908
1	91.8436
1	104.756
1	52.2113
1	99.5082
1	136.091
1	91.462
1	132.92
1	120.081
1	174.187
1	235.215
1	128.008
1	79.0142
1	120.253
1	157.581
1	77.8056
1	68.9039
1	82.4757
1	62.2682
1	119.387
1	184.589
1	127.592
1	79.0121
1	95.5175
1	172.332
1	102.318
1	52.1427
1	93.3986
1	90.6103
1	74.0926
1	57.0436
1	47.5497
1	122.369
1	102.056
1	95.6584
1	172.28
1	115.724
1	117.18
1	147.343
1	74.0519
1	90.6289
1	85.153
1	155.853
1	62.6484
1	102.528
1	142.341
1	152.881
1	88.423
1	193.125
1	80.2547
1	151.359
1	88.646
1	133.183
1	123.16
1	136.567
1	71.6981
1	79.09
1	79.2559
1	160.1
1	62.8333
1	125.191
1	79.8694
1	108.296
1	94.7855
1	51.4244
1	70.7971
1	71.894
1	74.446
1	61.0015
1	88.2777
1	108.201
1	134.471
1	64.8931
1	106.991
1	78.723
1	144.504
1	88.9063
1	203.371
1	41.1065
1	34.2616
1	85.169
1	77.5448
1	135.933
1	134.365
1	62.1866
1	109.391
1	72.1066
0	28.3896
1	108.17
1	141.517
0	7.75561
1	132.459
1	76.4188
1	58.7779
1	150.633
1	112.221
1	96.3769
1	86.8284
1	63.7431
1	274.817
1	156.154
1	185.687
1	118.734
1	104.888
1	104.992
1	63.5176
1	128.023
1	114.315
1	95.6213
1	69.1336
1	132.51
1	110.647
1	142.691
1	91.2114
1	85.0451
1	112.673
1	79.2796
1	92.8611
1	189.755
1	58.8663
1	103.032
1	73.5972
1	60.7921
1	190.557
1	188.298
1	107.78
1	110.404
0	33.3388
1	61.7934
1	136.659
1	199.793
1	70.7309
1	59.0027
1	199.058
1	70.7282
1	110.289
1	118.665
1	142.104
1	69.7072
1	146.376
1	141.688
1	102.723
1	92.3833
1	121.098
1	151.273
1	86.674
1	81.7511
1	77.5278
1	62.4809
1	144.351
1	167.431
1	94.9739
1	85.1339
1	50.7583
1	111.832
1	110.956
1	99.8857
1	126.178
1	83.5968
1	130.05
1	88.512
1	116.777
1	154.742
1	32.4004
1	131.507
1	108.35
1	113.392
1	121.064
1	64.0409
1	107.072
1	169.714
1	72.5981
1	101.276
1	134.834
1	72.5737
1	126.721
1	35.1055
1	65.2417
1	56.2046
1	107.621
1	153.501
1	130.258
1	118.218
1	122.15
1	118.184
1	160.88
1	184.722
1	130.415
1	109.519
1	111.337
1	247.299
1	195.554
1	92.6499
1	67.8119
1	148.325
1	109.967
1	204.415
1	46.422
1	130.076
1	69.613
1	84.6635
1	63.4606
1	58.1394
1	90.4418
1	134.966
1	178.849
1	89.3768
1	142.825
1	112.098
1	85.9878
1	99.123
1	127.507
1	145.891
1	127.008
1	123.011
1	135.763
1	172.816
1	82.6174
1	100.104
1	107.954
1	96.9455
1	121.888
1	122.371
1	196.121
1	307.363
0	6.73492
1	128.453
1	140.772
1	105.526
1	64.7962
1	73.2901
1	186.841
1	84.2397
1	67.215
1	132.532
1	138.86
1	116.203
1	199.067
1	70.5279
1	109.532
1	120.369
1	136.519
1	151.193
1	56.8335
1	77.1478
1	171.093
1	199.801
1	174.471
1	166.641
1	87.8305
1	268.025
1	92.4075
1	116.261
1	111.328
1	130.968
1	50.8175
1	135.53
1	40.3509
1	44.0961
1	100.749
1	173.848
1	80.4205
1	115.157
1	99.1077
1	69.8766
1	108.013
1	237.81
1	57.9774
1	105.363
1	87.698
1	252.663
1	87.5185
1	80.3011
1	104.587
1	42.8991
0	22.8183
1	108.974
1	79.2542
1	72.4184
1	203.08
1	84.3401
1	82.2454
1	104.626
1	155.964
1	108.454
1	154.212
1	151.676
1	96.8664
1	54.2524
1	39.4071
1	73.1698
1	88.3277
1	83.6026
1	153.323
1	124.359
1	151.625
1	172.515
1	118.117
1	153.387
1	75.6547
1	93.9759
1	100.551
1	81.6926
1	101.827
1	118.306
1	143.613
1	83.0006
1	63.6989
1	130.523
1	123.017
1	54.8785
1	217.333
1	67.6297
1	168.562
1	38.6562
1	80.8633
1	59.6841
1	97.3379
1	113.702
1	54.9117
1	79.2129
1	118.933
1	70.6314
1	111.512
1	106.436
1	107.567
1	134.214
1	85.3511
0	24.1623
1	74.9054
1	126.478
1	86.5652
1	51.0979
1	175.617
1	73.2783
1	142.759
1	111.898
1	131.855
1	71.8599
1	161.523
0	76.1381
1	207.95
1	51.7255
1	142.665
1	37.1918
1	73.5643
1	35.8152
1	54.1478
1	78.7445
1	105.618
1	103.424
1	140.191
1	92.4276
1	76.8356
1	44.7973
1	196.024
1	43.374
1	82.6566
1	71.6157
1	45.0128
1	64.6455
1	73.911
1	46.4733
1	145.195
1	139.736
1	95.4632
1	162.762
1	73.7892
1	29.5505
1	37.2507
1	91.8051
1	151.824
1	174.218
1	118.378
1	115.755
1	182.885
1	69.1247
1	123.345
1	105.819
1	169.443
1	150.901
1	115.085
1	117.481
1	49.2076
0	3.4595e-05
1	268.722
1	135.173
1	104.699
1	85.6065
1	230.34
1	105.527
1	107.78
1	105.073
1	162.164
1	252.898
1	112.364
1	264.697
1	90.5248
1	71.3803
1	106.65
1	45.8624
1	148.292
1	53.4552
1	137.219
1	141.432
1	49.2288
1	141.959
1	47.9491
1	55.247
1	68.0929
1	41.351
1	66.1682
1	81.5109
1	90.1246
1	54.8987
1	140.852
1	193.681
1	65.2972
1	106.399
1	197.732
1	69.5143
1	124.211
1	61.272
1	35.9529
1	161.219
1	76.6873
1	87.6842
1	237.633
1	181.023
1	47.7667
1	36.8762
1	68.1399
1	135.537
1	75.6126
1	45.9259
1	84.4584
1	121.945
1	106.021
1	112.585
1	73.4066
1	144.157
1	167.2
1	176.583
1	84.8912
1	128.473
1	105.522
1	100.808
1	71.4137
1	103.725
1	106.012
1	52.7142
1	69.517
1	90.7478
1	75.0141
1	89.8338
0	31.6841
1	42.5513
0	57.5962
1	101.189
1	48.8194
1	103.359
1	110.012
1	154.7
1	128.156
1	111.968
1	165.264
1	64.2672
1	81.4682
1	75.2562
1	102.502
1	75.592
1	152.695
1	72.3462
1	86.1587
1	34.97
1	113.179
1	70.8893
1	66.312
1	158.748
1	81.8552
1	118.245
1	115.694
1	47.3749
1	122.872
1	100.944
1	169.747
1	102.73
1	82.5323
1	135.395
1	254.544
1	63.3602
1	103.454
1	140.281
1	183.42
1	76.0706
1	66.5168
1	45.5437
1	53.9945
1	177.606
1	190.38
1	44.954
1	233.742
1	152.682
1	60.9182
1	128.107
1	93.9202
1	83.1547
1	45.7769
1	96.0502
1	109.398
1	129.197
1	52.4559
1	87.4092
1	203.679
1	43.4486
1	133.705
1	176.196
1	96.3627
1	247.45
1	125.939
1	94.576
1	295.636
1	110.959
1	77.2983
1	108.53
1	56.1342
1	227.794
1	144.857
1	102.476
1	155.22
1	129.478
1	183.432
1	47.6809
1	127.283
1	93.4737
1	89.2263
1	128.615
1	77.3716
1	255.263
1	179.404
1	77.9366
1	160.178
1	110.388
1	49.0349
1	106.206
1	75.3999
1	70.8459
1	272.053
1	69.9001
1	99.5086
1	223.436
1	143.037
1	111.719
1	45.0284
1	56.3445
1	106.256
1	95.1606
1	74.3671
1	84.4884
1	72.9636
1	91.7995
1	81.2066
1	65.776
1	85.9429
1	54.2015
1	100.74
1	197.175
1	160.451
1	137.121
1	88.5847
1	46.424
1	48.2186
1	136.744
1	148.907
1	139.576
1	36.7369
1	146.609
1	126.859
1	120.104
1	77.1744
1	185.555
1	102.198
1	41.3559
1	133.936
1	69.9784
1	216.095
1	39.4345
1	115.037
1	102.06
1	96.2509
1	193.115
1	138.531
1	126.226
1	65.2358
1	155.755
1	107.234
1	150.959
1	121.343
1	184.698
1	93.6697
1	127.163
1	86.789
1	147.901
1	163.371
1	100.749
1	94.6377
1	96.5855
1	78.0718
1	196.621
1	89.126
1	100.448
1	114.283
1	70.0955
1	90.6293
1	115.233
1	94.7571
1	70.986
1	130.254
1	114.297
1	87.9133
1	114.957
1	128.869
1	104.358
1	61.4429
1	131.552
1	59.9417
1	130.467
1	134.147
1	93.953
1	79.8595
1	129.978
1	95.1244
1	48.0208
1	122.195
1	119.893
1	80.2972
1	129.418
1	220.354
1	76.1312
1	181.24
1	76.4727
1	141.483
1	143.085
1	45.8093
1	55.665
1	92.2505
1	102.264
1	128.541
1	128.105
1	141.488
1	98.0236
1	26.4682
1	50.5797
1	93.8449
1	136.489
1	78.6097
1	48.1152
1	216.676
1	50.3498
1	159.565
1	119.166
1	126.72
1	54.6091
1	124.521
1	63.379
1	114.967
1	160.61
1	148.918
1	83.1939
1	109.002
1	35.275
1	169.494
1	168.04
1	177.941
1	134.741
1	186.706
1	74.424
1	215.686
1	96.1195
1	108.104
1	185.952
1	89.4098
1	153.938
1	100.37
1	138.353
1	160.864
1	53.4245
1	60.7141
1	142.1
1	88.1106
1	202.367
1	82.101
1	89.5121
1	80.4292
1	60.1158
1	226.701
1	119.121
1	225.795
1	55.3921
1	192.784
1	105.036
1	63.2636
1	137.852
1	100.727
1	79.7165
1	109.211
1	55.3506
1	99.0773
1	120.782
1	60.9256
1	149.546
1	61.7361
1	207.036
1	207.086
1	181.794
1	119.566
1	191.253
1	57.6012
1	82.4609
1	57.4699
1	70.9663
1	124.633
1	138.044
1	69.5812
1	158.871
1	64.16
1	142.395
1	74.0595
1	76.0057
1	62.5632
1	173.632
1	50.4151
1	143.465
1	133.736
1	105.826
1	45.2668
1	46.2767
1	134.884
1	81.7827
1	149.191
0	0.290088
1	106.393
1	73.0493
1	108.702
1	59.2953
1	143.735
1	41.9254
1	165.194
1	116.1
1	92.8548
1	134.673
1	127.492
1	127.772
1	84.7396
1	182.776
1	145.018
1	135.378
1	117.126
1	112.859
1	91.6073
1	49.2233
1	97.9345
1	157.749
1	49.025
1	85.3951
1	66.825
1	54.7522
1	131.726
1	140.651
1	184.772
1	107.555
1	99.7593
1	126.444
1	61.6546
1	60.1681
1	66.0259
1	102.219
0	43.8822
1	76.2403
1	91.6962
1	77.0249
1	107.639
1	76.5319
1	101.782
1	176.412
1	58.0722
1	53.7417
1	92.1453
1	140.518
1	118.006
1	115.332
1	103.679
1	100.405
1	130.265
1	246.819
1	130.029
1	81.4361
1	56.4454
1	127.589
1	66.151
1	229.473
1	142.235
1	157.005
1	109.981
1	172.146
1	139.684
1	225.679
1	41.9172
1	86.5961
1	177.614
1	225.632
1	177.588
1	81.8397
1	58.2195
1	155.196
1	169.481
1	50.5934
1	205.912
1	53.6927
1	86.4376
1	188.328
1	102.756
1	87.195
1	88.1029
1	216.761
1	134.798
1	111.727
1	88.4483
1	224.85
1	214.108
1	168.474
1	99.4344
1	47.5455
1	118.257
1	190.404
1	82.4223
1	86.7965
1	81.846
1	145.786
1	77.8592
1	120.762
1	118.614
1	87.8398
1	146.877
1	79.9828
1	75.1499
1	124.533
1	161.555
1	72.7425
1	93.4244
1	124.12
1	80.2021
1	105.226
1	111.234
1	61.2311
1	100.714
1	93.7477
1	227.237
1	103.239
1	98.8397
1	85.0437
1	72.6538
1	88.7237
1	80.613
1	195.805
1	203.968
1	89.1901
1	99.0451
1	58.8489
1	77.662
1	111.855
1	79.2251
1	199.781
1	122.734
1	203.909
1	130.072
1	183.475
1	114.181
1	41.558
1	96.8951
1	146.601
1	141.576
1	160.272
1	58.3215
1	113.662
1	182.028
1	150.431
1	52.3212
1	139.915
1	148.871
1	113.966
1	61.145
1	48.9681
1	114.413
1	58.5651
1	47.9282
1	102.978
1	83.3771
1	120.461
1	68.974
1	50.7671
1	100.738
1	54.3058
1	137.296
1	157.31
0	19.0343
1	101.771
1	194.144
1	71.045
1	157.157
1	81.4428
1	48.0041
1	86.9643
1	176.218
1	120.294
1	149.297
1	115.537
1	82.5089
1	56.618
1	57.5192
1	170.601
1	133.022
1	93.6032
1	128.598
1	35.0158
1	213.889
1	106.22
1	98.1271
1	188.44
1	123.172
1	67.0214
1	134.933
1	233.07
1	45.2401
1	61.2917
1	77.4435
1	138.164
1	122.706
1	97.8361
1	175.091
1	108.486
1	85.0718
1	75.9657
1	138.923
1	204.219
1	112.629
1	171.347
1	105.254
1	95.9413
1	146.247
1	79.9957
1	129.548
1	90.6415
1	110.319
1	169.244
1	108.325
1	117.938
1	174.633
1	74.5245
1	167.086
1	105.446
1	264.08
1	133.933
1	215.068
1	166.952
1	79.9532
1	141.766
1	106.706
1	136.737
1	80.8733
1	128.725
1	119.85
1	170.35
1	120.012
1	78.4263
1	87.9914
1	106.503
1	142.761
1	62.932
1	50.6159
1	64.6726
1	48.4311
1	110.498
1	69.1819
1	44.6656
1	57.1023
1	113.409
1	110.95
1	71.6049
1	142.075
1	84.5013
1	125.262
1	113.981
1	56.3139
1	132.46
1	95.3058
1	87.776
1	99.084
1	89.8876
1	113.812
1	161.577
1	157.197
1	144.875
1	165.771
1	101.998
1	61.9296
1	135.876
1	98.7691
1	227.022
1	90.7026
1	70.1551
1	131.594
1	88.0522
1	116.795
1	73.4555
1	66.096
1	146.986
1	43.7315
1	89.8689
1	89.4933
1	121.331
1	113.9
1	94.8588
1	109.894
1	57.7695
1	136.352
1	115.135
1	45.4629
1	116.123
1	83.6017
1	88.2667
1	172.227
1	85.7743
1	120.024
1	152.32
1	148.506
1	75.3487
1	117.402
1	181.617
1	65.7579
1	79.396
1	85.6832
1	138.765
1	88.6252
1	125.185
1	50.3057
1	46.7815
1	165.92
1	108.869
1	107.771
1	107.334
1	75.0067
1	94.5154
1	129.156
1	63.1719
1	70.5139
1	161.684
1	63.1013
1	66.4027
1	68.9341
1	79.8367
1	105.914
0	81.2986
1	111.244
1	149.824
1	114.811
1	121.074
1	125.595
1	77.0264
1	59.2263
1	113.297
1	91.6194
1	83.3782
1	146.581
1	169.233
1	168.939
1	96.8628
1	59.6398
1	114.451
1	130.249
1	141.095
1	36.6183
1	140.151
1	98.2386
1	112.903
1	90.8507
1	116.09
1	58.5456
1	46.6826
1	119.931
1	134.9
1	120.421
1	187.36
1	62.5298
1	83.2975
1	105.286
1	118.261
1	119.089
1	59.5182
1	117.453
1	212.59
1	189.544
1	66.4405
1	52.3925
1	73.6168
1	99.9221
1	65.3784
1	262.485
1	51.928
1	94.5873
1	117.836
1	163.796
1	137.895
1	110.892
1	137.358
1	64.8276
1	134.13
1	53.5279
1	145.537
1	74.4768
1	147.827
1	160.943
1	122.293
1	130.244
1	109.994
1	126.771
1	83.7374
1	150.519
1	144.148
1	104.808
1	102.354
1	57.7734
1	89.5147
1	84.5144
1	135.548
1	127.404
1	155.259
1	57.8812
1	90.5503
1	145.325
1	76.02
1	69.7827
1	100.054
1	53.0619
1	148.444
1	112.341
1	154.314
1	154.209
1	103.759
1	47.7896
1	121.037
1	104.852
1	61.7661
1	77.2155
1	140.276
1	112.212
1	60.2008
1	109.506
1	119.89
1	61.6745
1	222.529
1	60.9261
1	147.959
1	141.626
1	85.6103
1	197.391
1	70.2013
1	125.762
1	104.787
1	191.895
1	200.372
1	113.506
1	123.088
1	53.6314
1	125.552
1	125.695
1	66.6963
1	189.404
1	158.26
1	126.252
1	128.467
1	87.9954
1	92.5609
1	116.226
1	120.59
1	151.478
1	161.851
1	109.967
1	45.3683
1	164.405
1	262.562
0	15.1866
1	196.77
1	102.933
1	139.222
1	99.5796
1	124.632
1	75.3566
1	86.7607
1	76.0775
1	110.92
1	108.71
1	193.027
1	66.0079
1	54.5915
1	82.0447
1	133.348
1	118.97
1	42.2515
1	78.962
1	93.449
1	97.6855
1	86.6607
1	131.959
1	71.5607
1	39.3259
1	131.28
1	120.149
1	190.852
1	137.861
1	121.663
1	92.5521
1	98.119
1	94.3975
1	118.369
1	58.0029
1	121.704
1	135.336
1	119.066
1	75.6845
1	101.114
1	80.3712
1	177.914
1	225.55
1	80.9293
1	104.749
1	62.6205
1	175.906
1	215.873
0	109.223
1	64.6976
1	89.472
1	173.982
1	66.4881
1	72.841
1	84.9814
1	125.423
1	162.058
1	151.604
1	142.908
1	76.6797
1	49.9178
1	70.0904
1	118.744
1	58.8581
1	122.33
1	73.5092
1	60.8473
1	77.0803
1	111.184
1	275.438
1	125.737
1	197.484
1	108.958
1	92.726
1	51.259
1	82.549
1	145.494
1	92.7375
1	88.39
1	100.157
1	137.302
1	73.2819
1	171.922
1	44.3424
1	88.3792
1	79.7076
0	11.3556
1	79.5878
1	81.0367
1	135.624
1	139.834
1	80.5336
1	106.78
1	144.786
1	87.8738
1	103.099
1	47.0742
1	151.818
1	127.833
1	88.5543
1	86.3257
1	160.161
1	149.908
1	101.553
1	162.941
1	104.132
1	53.9604
1	37.0686
1	385.193
1	47.5791
1	132.171
1	86.2266
1	113.424
1	229.873
1	191.743
1	131.324
1	81.8456
1	195.152
1	129.15
1	239.896
1	63.7619
1	58.2843
1	124.267
1	68.4827
1	153.823
1	126.729
1	46.6815
1	82.5328
1	43.9324
1	180.036
1	159.122
1	137.501
1	33.7191
1	44.9566
1	51.4234
1	27.7119
1	259.138
1	66.8767
1	85.3113
1	147.483
1	73.3361
1	55.3316
1	120.287
1	151.564
1	219.837
1	142.542
1	105.136
1	99.6255
1	133.39
1	79.7765
1	49.3759
1	163.007
1	88.6568
1	102.481
1	97.9352
1	61.6052
1	127.025
1	97.532
1	47.276
1	64.3592
1	165.514
1	132.259
1	69.535
1	80.2129
1	76.6687
1	71.6495
1	150.125
1	111.586
1	66.3085
1	169.508
1	51.964
1	56.2617
1	97.0795
1	121.029
1	47.0338
1	162.227
1	97.2881
1	67.2677
1	167.793
1	194.045
1	183.457
1	117.743
1	82.7498
1	58.3803
1	97.9409
1	61.4523
1	142.643
1	98.8252
1	31.7763
1	135.756
0	43.3194
1	64.2533
1	92.0862
1	58.7116
1	65.9063
1	73.4957
1	97.2392
1	118.203
1	208.932
1	205.734
1	203.748
1	79.6769
1	85.2487
1	124.496
1	94.7237
1	125.103
1	253.651
1	49.6911
1	69.8349
1	331.748
1	78.9383
1	186.088
1	67.3984
1	32.6099
1	87.2894
1	128.257
1	107.655
1	96.9897
1	77.7958
1	315.974
1	93.0583
1	94.9074
1	88.9447
1	46.0631
1	89.2923
1	79.5444
1	166.673
1	203.769
1	194.969
1	126.882
1	71.2865
1	184.646
1	144.493
1	65.8431
1	153.859
1	97.6438
1	99.5325
1	157.647
1	167.518
1	103.399
1	75.1696
1	77.4011
1	132.318
1	97.2746
1	66.0294
1	135.091
1	129.834
1	81.2304
1	126.311
1	81.5551
1	172.543
1	59.4506
1	70.9759
1	68.7292
1	101.968
1	125.488
1	134.871
1	105.995
1	98.2305
1	315.418
1	53.6245
1	118.003
1	330.372
1	102.244
1	120.674
1	268.299
1	119.352
1	106.305
1	60.3772
1	80.2139
1	83.5234
1	119.969
1	94.1722
1	69.1542
1	71.7909
1	138.369
1	173.738
1	77.6755
1	263.344
1	85.493
1	119.009
1	169.571
1	131.878
1	63.6996
1	64.7791
1	199.554
1	55.5595
1	101.477
1	105.906
1	124.321
1	128.036
1	101.093
1	184.244
1	73.9299
1	111.452
1	251.592
1	84.5712
1	194.659
1	186.327
1	295.463
1	81.7978
1	80.9012
1	138.887
1	64.3711
1	186.245
1	45.1279
1	110.165
1	66.1362
1	112.3
1	114.734
1	129.678
1	95.7935
1	87.1545
1	96.9803
1	96.9441
1	52.2321
1	179.908
1	103.102
1	151.713
1	104.284
1	239.161
1	56.5186
1	96.6898
1	156.304
1	228.511
1	114.131
1	199.644
1	96.8774
1	138.312
1	106.891
1	173.534
1	87.0246
1	54.6912
1	101.069
0	26.3623
1	31.657
1	82.6003
1	108.468
1	114.388
1	173.043
1	108.879
1	159.686
1	87.0599
1	226.083
1	172.213
1	157.608
1	104.685
1	82.9227
1	89.5505
1	101.182
1	115.48
1	83.5151
1	86.9099
1	108.486
1	133.087
1	126.46
1	142.484
1	77.1127
1	82.5309
1	98.0019
1	104.759
1	42.2398
1	131.545
1	234.889
1	128.697
1	82.1014
1	71.0723
1	79.1836
1	56.7041
1	89.6154
1	226.998
1	70.107
1	67.1845
1	149.024
1	173.917
1	103.252
1	101.966
1	136.44
1	105.896
1	58.1652
1	64.4424
1	79.5279
1	52.2228
1	77.2071
1	106.98
1	71.5766
1	58.4502
1	99.5745
1	206.662
1	76.9876
1	83.8841
1	185.266
1	93.8841
1	88.8109
1	92.9788
1	216.266
1	119.092
1	67.031
1	85.7333
1	93.8692
1	128.027
1	129.846
1	96.269
1	79.1218
1	131.149
1	259.417
1	149.32
1	283.858
1	115.85
1	150.599
1	83.3691
1	146.712
1	81.9127
1	180.338
1	158.843
1	65.6702
1	124.874
1	164.826
1	65.4507
1	287.408
1	116.901
1	174.369
1	113.595
1	54.4249
1	40.7523
1	97.7186
1	83.6924
1	65.6733
1	97.6826
1	62.6673
1	162.657
1	54.4955
1	83.8487
1	60.9135
1	90.9854
1	206.189
1	84.5409
1	102.498
1	70.6445
1	121.311
1	127.282
1	164.365
1	77.5978
1	123.362
1	122.1
1	132.295
1	103.469
1	46.2379
1	81.643
1	102.211
1	82.5701
1	102.334
1	81.5816
1	103.815
1	86.9887
1	74.3015
1	111.698
1	139.799
1	121.446
1	119.041
1	87.5937
1	151.414
1	127.134
1	57.175
1	157.345
1	158.135
1	69.8008
1	136.306
1	103.024
1	167.318
1	49.5067
1	181.487
1	206.32
1	151.098
1	162.326
1	151.325
1	97.8714
1	82.8038
1	137.318
1	118.192
1	172.244
1	63.1429
1	89.4109
1	51.9162
1	83.744
1	105
1	189.647
1	85.1284
1	69.4941
1	119.15
1	201.614
1	54.1796
1	122.621
1	93.9724
1	106.238
1	85.9078
1	49.3441
1	232.583
1	195.513
1	174.948
1	77.9113
1	161.207
1	52.5109
1	133.043
1	42.4452
1	64.0853
1	247.998
1	80.677
1	42.7051
1	108.268
1	131.726
1	123.978
1	128.695
1	57.5154
1	47.8833
1	61.6036
1	222.36
1	100.344
1	172.868
1	270.1
1	44.6499
1	102.359
1	73.5291
1	111.463
1	102.662
1	29.128
1	75.1504
0	0.113705
1	137.64
1	127.525
1	82.3783
1	213.115
0	5.62915
1	154.556
1	61.129
1	59.3667
1	133.972
1	88.6998
1	152.12
1	150.898
1	186.503
1	156.251
1	97.2867
1	155.297
1	66.4741
1	67.2417
1	110.746
1	152.791
1	93.6278
1	85.2417
1	82.0512
1	62.2187
1	103.752
1	85.257
1	140.062
1	79.6038
1	148.877
1	90.8441
1	69.1605
1	89.5776
1	50.3353
1	98.8189
1	90.6657
1	144.778
1	59.548
1	134.191
1	112.072
1	120.924
1	61.2173
1	102.095
1	230.932
1	64.333
1	101.435
1	134.973
1	97.0975
1	246.895
1	76.116
1	188.371
1	163.182
1	179.987
1	45.5714
1	99.7452
1	185.756
1	89.7272
1	54.9029
1	122.551
1	49.7911
1	113.524
1	64.1677
1	97.9679
1	145.01
1	143.004
1	138.937
1	63.1895
1	101.388
1	77.8857
1	230.873
1	69.7508
1	65.0284
1	79.3682
1	78.1213
1	234.125
1	50.4594
1	28.97
1	81.448
1	54.4306
1	75.4873
1	95.8918
1	163.449
1	101.175
1	154.96
1	116.084
1	254.6
1	162.354
1	145.406
1	77.3594
1	69.7209
1	87.3002
1	97.4006
1	91.3341
1	119.811
1	161.296
1	77.6053
1	68.2699
1	166.711
1	97.2746
1	114.465
1	95.3372
1	71.1023
1	71.5002
1	105.243
1	79.4341
1	98.8384
1	107.873
1	69.4809
1	76.1647
1	110.858
1	56.6714
1	137.896
1	135.371
0	12.0078
1	162.33
1	102.989
1	88.1295
1	270.038
1	87.3428
1	190.708
1	69.3821
1	115.921
1	69.5246
1	61.4135
1	66.4378
1	110.337
1	101.602
1	85.7303
1	67.4959
1	75.2953
1	78.806
1	134.685
1	285.428
1	127.394
1	85.986
1	107.399
1	70.4621
1	71.9477
1	126.984
1	90.8599
1	96.0249
1	56.0371
1	140.878
1	115.611
1	146.494
1	181.986
1	133.083
1	78.3075
1	167.639
1	169.537
1	86.1624
1	147.455
1	168.798
1	117.015
1	200.873
1	38.6835
1	96.7762
1	216.163
1	56.5065
1	96.9084
1	85.7804
1	114.947
1	151.484
1	50.2407
1	170.327
1	107.271
1	242.188
1	65.5032
1	52.0179
1	106.774
1	48.6775
1	63.3491
1	79.8296
1	102.504
1	79.1743
1	134.425
1	92.6295
1	80.5069
1	105.198
1	86.0857
1	99.5518
1	182.242
1	80.6962
1	135.926
1	263.082
1	138.463
1	229.577
1	78.1116
1	55.1568
1	168.711
1	183.89
1	174.154
1	89.2396
1	100.633
1	123.299
1	84.246
1	177.033
1	69.217
1	145.296
1	124.114
1	120.885
1	145.437
1	89.0756
1	56.2805
1	80.4112
1	95.329
1	97.7637
1	106.799
1	284.87
1	109.125
1	108.201
1	82.6293
1	158.592
1	159.762
1	134.348
1	258.863
1	89.0925
1	138.259
1	98.1367
1	132.468
1	99.3358
1	152.45
1	87.1826
1	76.402
1	40.3083
1	195.478
1	60.9162
1	134.228
1	53.2161
1	132.937
1	102.146
1	47.1583
1	94.4535
1	135.312
1	82.7375
1	98.0671
1	93.7727
1	80.1285
1	124.511
1	94.1281
1	54.8948
1	105.985
1	121.904
1	76.6915
1	121.514
1	71.632
1	76.5118
1	87.1099
1	108.67
1	85.4666
1	113.55
1	167.616
1	228.566
1	71.8584
1	77.1225
1	136.478
1	103.371
1	218.379
1	111.607
1	76.4111
1	150.959
1	83.7155
1	43.1057
1	125.677
1	304.196
1	123.903
1	59.5445
1	60.739
1	58.5755
1	244.866
1	144.753
1	146.717
1	121.839
1	90.4396
1	62.6124
1	84.4775
1	143.516
1	100.2
1	114.489
1	80.5243
1	118.976
1	127.982
1	82.2747
1	78.7016
1	85.441
1	108.957
1	107.479
1	72.0441
1	80.7796
1	206.713
1	42.9524
1	80.6572
1	122.997
1	61.0956
1	138.822
1	153.295
1	46.9725
1	164.031
1	80.7107
1	202.979
1	147.483
1	98.8579
1	75.1479
1	103.295
1	151.897
1	124.531
1	70.379
1	77.3145
1	40.8452
1	109.741
1	100.611
1	98.3644
1	150.878
1	228.951
1	80.914
1	180.28
1	42.6437
1	121.849
1	68.1874
1	58.6814
1	148.7
1	164.871
1	112.009
1	104.88
1	122.749
1	97.863
1	68.0378
1	164.683
1	40.4344
1	124.765
1	119.918
1	75.8032
1	110.064
1	114.595
1	82.6118
1	50.2744
1	98.7447
1	128.735
1	103.347
1	132.123
1	97.9792
1	93.2571
1	53.536
1	92.3132
1	234.702
1	111.121
1	63.2387
1	45.9534
1	72.84
1	183.483
1	157.468
1	68.1846
1	67.165
1	106.582
1	93.3822
1	87.2887
1	167.399
1	98.837
1	85.3265
1	134.267
1	83.3623
1	103.418
1	70.4471
1	82.4581
0	5.89988
1	103.79
1	87.3489
1	207.278
1	117.377
1	152.385
1	109.659
1	156.228
1	51.3158
1	47.4998
1	195.984
1	181.323
1	132.437
1	217.657
1	58.8683
1	98.4632
1	52.0896
1	145.052
1	123.343
1	81.7737
0	21.5012
1	89.3394
1	98.5431
1	236.309
1	119.718
1	92.5242
1	68.0959
1	135.704
1	115.26
1	193.302
1	92.3876
1	58.594
1	142.148
1	312.722
1	73.5525
1	120.346
1	143.715
1	64.0317
1	161.058
1	207.338
1	55.2198
1	59.1623
1	50.3634
1	111.029
1	83.5419
1	76.1989
1	216.707
1	184.992
1	188.966
1	166.76
1	128.55
1	101.772
1	56.5772
1	100.872
1	67.0004
1	129.2
1	145.855
1	56.542
1	67.1432
1	69.1347
1	87.4887
1	87.4837
1	232.71
1	71.1555
1	201.277
1	67.6828
1	98.7767
1	83.4299
1	116.735
1	247.803
1	35.9046
1	157.657
1	106.374
1	181.086
1	190.834
1	82.3147
1	85.4525
1	86.2416
1	97.5643
1	60.8856
1	58.9682
1	175.102
1	86.126
1	96.3295
1	44.5
1	44.1407
1	88.1816
1	99.9822
1	155.769
1	125.33
0	0.476059
1	260.515
1	111.076
1	125.827
1	46.3927
1	49.4914
1	36.8908
1	83.382
1	70.2937
0	29.6123
1	74.9484
1	62.5319
1	64.5372
1	86.5548
1	105.658
1	72.4661
1	122.196
1	107.046
1	65.1731
1	82.5438
1	75.5164
1	270.13
1	179.66
1	71.631
1	148.776
1	88.0621
1	123.136
1	78.8391
1	112.304
1	76.393
1	141.53
1	70.0983
1	211.252
1	128.075
1	64.143
1	147.648
1	66.375
1	87.1469
1	139.306
1	181.828
1	129.75
1	104.72
1	39.6629
1	188.58
1	56.7032
1	56.6779
1	77.5113
1	75.3006
1	69.2811
1	99.228
1	98.6765
1	77.4958
1	48.9226
1	203.493
1	72.6024
1	75.2708
1	45.1564
1	87.34
1	107.686
1	126.407
1	88.423
1	187.461
1	66.5271
1	136.1
1	137.232
1	133.283
1	55.3184
1	78.624
1	94.2552
1	110.321
1	131.687
1	144.418
1	132.278
1	53.8468
1	136.564
1	75.2468
1	132.972
1	116.345
1	100.028
1	63.015
1	62.2143
1	83.7234
1	105.579
1	266.067
1	84.3805
1	178.878
1	72.3088
1	89.7283
1	109.437
1	53.9899
1	57.6556
1	83.4887
1	174.958
1	101.377
1	158.547
1	100.776
1	232.304
1	123.757
1	52.2144
1	66.9554
1	95.5847
1	129.687
1	102.702
1	234.97
1	247.275
1	91.6481
1	217.018
1	130.658
1	65.6333
1	130.332
1	35.4525
1	98.0327
1	96.2502
1	56.4262
1	175.708
1	88.6616
1	70.033
1	98.8967
1	110.562
1	181.596
1	139.626
1	83.8807
1	154.092
1	200.542
1	129.476
1	116.704
1	46.3216
1	105.218
1	117.547
1	80.781
1	41.2607
1	176.264
1	62.6408
1	179.253
0	44.1404
1	77.3456
1	78.8561
1	95.3822
1	41.9265
1	61.6268
1	97.5242
1	147.587
1	99.0837
1	77.1374
1	44.8269
1	54.217
1	121.3
1	75.229
1	131.703
1	58.3557
1	83.2425
1	259.627
1	195.572
1	189.745
1	97.7628
1	175.611
1	135.045
1	99.1316
1	120.453
1	81.7584
1	100.811
1	155.865
1	84.7359
1	58.0488
1	123.088
1	63.2685
1	86.045
1	60.5933
1	108.296
1	152.548
1	39.1531
1	67.1411
1	99.4987
1	80.6672
1	104.368
1	133.501
1	69.0755
1	60.2856
1	101.253
1	77.2099
1	108.838
1	93.3562
1	147.726
1	85.9923
1	75.9824
1	108.591
1	66.9688
1	62.8575
1	103.698
1	153.66
1	93.3173
1	155.569
1	75.4234
1	161.454
1	123.133
1	67.4675
1	82.0814
1	118.15
1	158.004
1	121.045
1	74.6863
1	88.7144
1	85.8137
1	81.8627
1	124.225
1	51.2172
1	91.0684
1	91.786
1	123.429
1	103.935
1	132.04
1	147.864
1	212.556
1	211.221
1	68.1188
1	166.845
1	65.4488
1	139.078
1	169.037
1	72.428
1	221.6
1	78.7295
1	120.557
1	64.8848
1	149.922
1	71.3577
1	95.2044
1	50.8998
1	77.9168
1	102.943
1	68.7875
1	140.907
1	110.011
1	98.3912
1	66.8222
0	197.851
1	263.647
1	62.3248
1	163.396
1	153.827
1	121.297
1	80.5882
1	130.669
1	141.602
1	184.138
1	61.9878
1	137.797
1	74.9105
1	165.062
1	76.2411
1	161.859
1	80.578
1	163.071
1	102.666
1	104.673
1	127.55
1	77.0301
1	96.5366
1	142.724
1	65.6244
1	116.475
1	65.2007
1	104.612
1	178.052
1	138.361
1	67.8334
1	137.44
1	104.34
1	117.45
1	58.9201
1	90.5737
1	166.479
1	99.8672
1	111.626
1	147.451
1	112.482
1	135.935
1	154.62
1	66.5768
1	64.9439
1	126.774
1	74.0277
1	74.0595
1	130.205
1	225.737
1	145.602
1	86.2717
1	106.009
1	118.228
1	90.6383
1	121.711
1	95.0555
1	158.58
1	116.372
1	106.533
1	182.153
1	125.394
1	159.552
1	123.431
1	101.961
1	139.249
1	130.583
1	135.211
1	106.663
1	118.846
1	119.6
1	105.697
1	75.8129
1	85.9496
1	140.114
1	91.7717
1	109.258
1	59.5702
1	164.033
1	164.703
1	137.086
1	54.0436
1	102.504
1	69.5901
1	163.105
1	78.8374
1	237.514
1	149.796
0	19.4059
1	75.1758
1	58.9471
1	73.4594
1	109.402
1	101.897
1	138.508
1	75.4783
1	92.933
1	112.551
1	117.203
1	176.051
1	56.9102
1	53.0862
1	86.7456
1	64.377
1	89.1981
1	126.877
1	101.965
1	63.3721
1	67.8548
1	136.766
1	97.3579
1	62.2384
1	90.2663
1	165.295
1	85.2929
1	58.2652
1	155.546
1	166.461
1	147.674
1	122.49
1	103.88
1	98.5381
1	83.5912
1	79.5916
1	109.84
1	138.871
1	86.4117
1	125.702
1	143.733
1	102.118
1	101.823
1	65.4147
1	113.086
1	140.8
1	202.011
1	136.94
1	55.6204
1	59.556
1	148.991
1	111.022
1	106.974
1	71.5553
1	113.968
1	74.1489
1	115.369
1	107.11
1	132.998
1	91.2578
1	92.2643
1	82.8389
1	97.1283
1	158.454
1	110.124
1	160.357
1	160.735
1	82.1544
1	136.68
1	131.507
1	130.637
1	57.2424
1	53.0338
1	108.571
1	146.152
1	53.1822
1	85.6242
1	130.868
1	101.928
1	232.202
1	103.894
1	151.131
1	113.348
1	66.7513
1	66.0311
1	125.427
1	56.9317
1	55.1908
1	176.213
1	127.977
1	93.0253
1	88.8025
1	109.077
1	139.696
1	150.131
1	54.9306
1	67.6069
1	103.151
1	129.145
1	155.706
1	93.8515
1	72.7721
1	136.7
1	70.9289
1	175.144
1	91.6524
1	88.5009
1	63.3623
1	130.908
1	90.9789
1	119.29
1	27.5499
1	143.288
1	121.673
1	89.0303
1	48.0797
1	76.6156
1	75.5891
1	96.6524
1	139.457
1	137.852
1	85.5994
1	62.7679
1	76.7429
1	77.8623
1	45.6308
1	32.3612
1	82.0718
1	77.3778
1	86.1709
1	149.274
1	32.9115
1	134.577
1	86.676
1	102.428
1	166.479
1	164.314
1	75.8756
1	78.9077
1	87.2895
1	201.845
1	110.322
1	113.757
1	138.428
1	109.553
1	39.8447
1	105.308
1	68.8699
1	245.343
1	55.4921
1	99.9361
1	70.8053
1	178.287
1	146.943
1	129.85
1	106.246
1	100.086
1	261.038
1	43.1763
1	111.431
1	186.485
1	96.5619
1	148.861
1	78.7028
1	31.5267
1	286.113
1	80.9307
1	80.2035
1	101.697
1	57.3419
1	92.9046
1	124.695
1	189.058
1	46.6526
1	77.3511
1	108.779
1	46.2093
1	162.758
1	71.0985
1	120.264
1	80.7562
1	126.417
1	50.6225
1	98.148
1	85.4203
1	50.4793
1	51.4458
1	80.7639
1	44.4519
1	111.678
1	139.203
1	96.6108
1	87.3547
1	146.631
1	52.4051
1	55.7697
1	130.589
1	78.2784
1	179.547
1	186.326
1	96.862
1	105.676
1	36.945
1	119.077
1	123.693
1	67.375
1	54.2745
1	93.9268
1	58.3065
1	45.2518
1	164.933
1	232.249
1	56.0631
1	178.853
1	170.536
1	81.7097
1	120.046
1	133.139
1	52.205
1	105.353
1	39.7249
1	173.718
1	160.785
1	164.518
1	154.236
1	136.775
1	139.351
1	98.2767
1	68.8442
1	57.7154
1	80.3072
1	129.082
1	40.9485
1	166.346
1	106.662
1	122.868
1	102.29
1	80.5352
1	132.795
1	144.599
1	109.47
1	74.7721
1	182.154
1	117.815
1	154.922
1	93.6199
1	151.763
1	102.535
1	81.6593
1	135.31
1	56.8472
1	56.0963
1	95.5266
1	133.718
1	124.167
1	144.656
1	117.387
1	95.2548
1	57.3172
1	75.897
1	71.9913
1	116.591
1	101.401
1	55.9494
1	95.0439
1	113.942
1	205.493
1	93.5856
1	114.493
1	122.853
1	87.0098
1	58.1041
1	125.411
1	95.47
1	106.565
1	68.5515
1	65.0723
1	93.054
1	90.6154
1	88.7038
1	50.7037
1	214.936
1	89.283
1	134.441
1	130.135
1	91.1602
1	103.01
1	156.796
1	147.398
1	94.2669
1	106.171
1	134.154
1	87.2922
1	99.0621
1	76.2239
1	185.271
1	96.8713
1	93.6846
1	82.3813
1	114.377
1	181.054
1	154.418
1	120.361
1	45.4424
1	81.6099
1	54.5022
1	86.0142
1	115.683
1	132.744
1	140.663
1	143.01
1	115.114
1	106.958
1	66.2416
1	57.1684
1	74.0548
1	142.134
1	102.819
1	82.8732
1	80.9473
1	152.081
1	81.5674
1	230.476
1	84.9472
1	148.393
1	55.3484
1	214.172
1	120.97
1	123.078
1	133.315
1	145.916
1	61.0609
1	97.0371
1	90.566
0	43.0093
1	103.192
1	74.989
1	65.0097
1	148.255
1	86.7967
1	132.729
1	147.321
1	68.4244
1	205.811
1	109.306
1	35.7703
1	83.5376
1	138.849
1	63.8678
1	114.585
1	107.962
1	62.0883
1	74.184
1	79.7235
1	102.496
1	61.6627
1	147.064
1	111.262
1	61.7109
1	55.8102
1	252.698
1	139.33
1	124.756
1	115.167
1	39.9417
1	152.625
1	63.1889
1	85.9521
1	55.8865
1	92.8034
1	172.903
1	126.588
1	47.9742
1	67.8077
1	186.779
1	108.19
1	110.336
1	112.406
1	89.6779
1	137.287
1	106.895
1	108.801
1	93.8129
1	127.297
1	69.4759
1	112.744
1	98.5434
1	87.1413
1	58.7568
1	180.473
1	155.884
1	170.865
1	67.0635
1	118.461
1	169.384
1	37.322
1	150.738
1	51.701
1	82.0815
1	64.5749
1	91.1361
1	105.019
1	71.6723
1	55.7648
1	95.5295
1	150.467
1	106.267
0	5.33824
1	105.526
1	222.895
1	62.3463
1	294.314
1	173.554
1	62.5685
1	126.029
1	84.9063
1	91.5953
1	193.296
1	72.0117
1	102.879
1	186.852
1	72.749
1	111.982
1	122.266
1	125.126
1	86.6906
1	84.5093
1	74.5855
1	99.8304
1	119.17
1	102.52
1	83.8533
0	15.7709
1	122.274
1	187.11
1	57.3455
1	53.7623
1	35.4154
1	59.7171
1	101.922
1	303.222
1	124.606
1	47.3509
1	194.853
1	113.476
1	219.385
1	66.8942
1	98.7276
1	179.6
1	92.8433
1	82.298
1	167.863
1	265.973
1	137.107
1	106.791
1	93.9445
1	109.334
1	124.011
1	115.335
1	156.542
1	48.8144
1	54.1934
1	81.6379
1	85.6087
1	104.355
1	196.802
1	161.008
1	104.33
1	148.259
1	130.53
1	141.59
1	91.017
1	133.604
1	185.999
1	62.7774
1	74.642
1	150.412
1	139.466
1	168.29
1	60.9708
1	54.7485
1	100.511
1	120.153
1	234.973
1	85.8475
1	127.668
1	275.558
1	148.174
1	55.6633
1	138.997
1	139.741
1	46.9468
1	196.812
1	137.839
1	150.204
1	154.622
1	209.716
1	214.499
1	93.502
1	38.9196
1	72.9912
1	137.834
1	134.127
1	93.4006
1	86.5379
1	68.9535
1	88.4281
1	181.649
1	114.777
1	76.585
1	60.6973
1	184.359
1	46.8726
1	96.0774
1	86.9201
1	94.9808
1	176.422
1	105.539
1	125.614
1	113.357
1	101.341
1	154.043
1	60.1926
1	60.9119
1	135.004
1	115.955
1	38.5613
1	43.3499
1	110.669
1	69.7643
1	100.18
1	148.363
1	66.2561
1	117.154
1	164.993
1	48.3846
1	95.8509
1	99.6523
1	166.647
1	101.191
1	81.404
1	181.742
1	52.0042
1	68.0101
1	57.6524
1	98.7283
0	9.14783
1	87.2372
1	181.904
1	181.02
1	133.372
1	130.157
1	119.792
1	196.576
1	212.635
1	82.17
1	87.103
1	121.329
1	119.435
1	44.8892
1	148.475
1	139.787
1	127.661
1	191.586
1	121.631
1	97.0784
1	141.277
1	106.365
1	28.6592
1	173.306
1	64.609
1	61.7507
1	77.9704
1	86.4645
1	135.659
1	144.284
1	113.104
1	95.8037
1	131.346
1	218.784
1	137.484
1	82.9546
1	94.1264
1	69.6094
1	175.508
1	77.9121
1	90.7924
1	113.671
1	142.849
1	146.465
1	309.545
1	160.201
1	82.5158
1	61.0396
1	147.697
1	59.05
1	125.521
1	49.5504
1	110.951
1	108.357
1	104.524
1	67.9962
1	159.265
1	141.025
1	36.2297
1	159.17
1	217.411
1	89.699
1	65.3709
1	62.5056
1	88.286
1	83.7789
1	111.797
1	73.6522
1	82.2345
1	134.035
1	188.754
1	67.5243
1	235.74
1	116.381
1	105.275
1	110.576
1	208.616
1	53.3336
1	49.4741
1	59.7742
1	79.8827
1	92.5003
1	49.9793
1	88.8929
1	89.6848
1	146.607
1	44.6415
1	210.824
1	97.8974
1	97.9353
1	209.727
1	42.3738
1	77.9038
1	98.601
1	71.6686
1	87.4252
1	132.647
1	89.4281
1	106.951
1	55.4031
1	138.581
0	136.201
1	53.6004
1	48.4709
1	247.391
1	134.604
1	80.3944
1	70.4456
1	51.7188
1	121.978
1	117.714
1	125.725
1	125.235
1	162.06
1	68.8544
1	113.54
1	92.9603
1	189.682
1	61.407
1	85.2074
1	88.5793
1	122.957
1	78.0938
1	42.6701
1	60.1193
1	91.6263
1	43.6472
1	103.564
1	159.856
1	166.35
1	137.231
1	132.567
1	119.408
1	38.0848
1	82.4215
1	267.152
1	72.702
1	84.5258
1	112.623
1	114.148
1	138.886
1	40.0959
1	60.6904
1	96.3543
1	115.212
1	38.2081
1	196.611
1	93.1476
1	167.639
1	86.6501
1	76.8981
1	47.7619
1	67.1988
1	179.084
1	48.4052
1	173.09
1	72.4041
1	118.607
1	145.234
1	46.6006
1	81.8469
1	89.5479
1	244.754
1	81.7505
1	252.986
1	89.2332
1	60.7746
1	73.6932
1	76.6424
1	208.403
1	103.46
1	70.9461
1	171.178
1	136.505
1	247.414
1	118.275
1	141.356
1	72.9094
1	106.731
1	61.5869
1	159.023
1	122.852
1	128.25
1	68.8698
1	71.5817
1	154.02
1	80.2875
1	164.2
1	99.4945
1	62.9154
1	131.95
1	125.77
1	112.142
1	62.6222
1	77.2653
1	112.099
1	79.7386
1	78.0725
1	75.5157
1	63.974
1	64.5089
1	59.6619
1	55.3571
1	129.432
1	111.185
1	180.588
1	139.151
1	37.6451
1	116.784
1	187.939
1	57.3318
1	44.5067
1	72.3446
1	122.671
1	197.668
1	131.632
1	113.01
1	157.657
1	76.4521
1	126.183
1	67.2877
1	58.584
1	133.215
1	84.1188
0	17.6232
1	126.674
1	73.1073
1	170.495
1	123.061
1	93.5508
1	130.639
1	70.9325
1	133.873
1	71.162
1	45.0021
1	88.7016
1	188.104
1	124.133
1	141.656
1	181.668
1	158.827
1	152.956
1	63.7217
1	84.3459
1	159.603
1	144.364
1	104.791
1	89.578
1	72.8863
1	217.112
1	65.7714
1	99.1384
1	44.5824
1	89.4416
1	260.351
1	87.9214
1	65.5652
1	70.4317
1	103.271
1	111.855
1	173.278
1	57.8392
1	122.218
0	59.025
1	89.8781
1	95.7272
1	58.6121
1	77.4419
1	90.2306
1	84.2372
1	24.4136
1	73.4783
1	49.2058
1	65.2408
1	84.4423
1	84.595
1	92.7909
1	151.185
1	121.906
1	105.679
1	264.267
1	131.523
1	85.6217
1	134.402
1	93.8535
1	70.3602
1	138.316
0	91.4419
1	247.726
1	31.2106
1	111.142
0	12.5919
1	89.6475
1	116.984
1	71.7792
1	194.117
1	95.3992
1	107.29
1	99.086
1	92.19
1	90.9392
1	64.9174
1	63.6238
1	104.68
1	119.614
1	64.408
1	63.7268
1	108.818
1	72.6915
1	102.722
1	85.5731
1	106.976
1	100.075
1	135.371
1	82.2317
1	75.1254
1	108.918
1	54.7806
1	172.727
1	88.3341
1	165.436
1	159.688
1	100.182
1	52.3963
1	64.3797
1	377.416
1	97.4486
1	161.198
1	139.291
1	161.821
1	79.2635
1	134.026
1	56.3591
1	113.717
1	144.852
1	111.892
1	183.594
1	202.974
1	181.879
1	67.6965
1	135.089
1	168.322
1	51.2372
1	84.4179
1	88.4239
1	244.394
1	138.383
1	64.1262
1	59.517
1	93.1526
1	134.466
1	132.775
1	141.168
1	83.9598
1	111.903
1	147.111
1	109.606
1	69.6189
1	85.4675
1	234.902
1	51.2052
1	92.544
1	58.0233
1	99.3426
1	66.6792
1	182.39
1	86.8409
1	145.624
1	92.0599
1	89.6515
1	76.7597
1	140.198
1	103.957
1	98.8537
1	85.6651
1	128.015
1	71.591
1	49.1555
1	138.206
1	78.1077
1	97.3422
1	78.7255
1	62.18
1	132.934
1	125.908
1	114.295
1	113.933
1	119.621
1	126.559
1	90.0739
1	106.755
1	92.8252
1	91.1465
1	100.149
1	94.7438
1	132.58
1	186.902
1	89.0953
1	113.028
1	144.092
1	84.1659
1	44.7197
1	83.8834
1	179.631
1	79.2933
1	126.386
1	182.506
1	78.6118
1	116.415
1	85.2273
1	83.9862
1	97.2042
1	95.507
1	99.1085
1	101.549
1	62.3183
1	82.526
1	100.487
1	242.812
1	111.357
1	53.1501
1	98.2007
1	112.95
1	207.228
1	67.0835
1	100.27
1	106.684
1	84.8173
1	58.2535
0	6.15676
1	111.762
1	101.2
1	85.4361
1	159.068
1	117.856
1	128.062
1	84.1039
1	136.215
1	52.8427
1	90.6993
1	89.6694
1	48.4202
1	131.55
1	74.2914
1	150.898
1	134.47
1	92.2402
1	115.18
1	126.596
1	192.953
1	103.357
1	50.3592
1	169.803
1	109.583
1	199.559
1	123.068
1	158.583
1	231.459
1	54.2805
1	77.4588
1	151.907
1	227.475
1	132.02
1	58.1408
1	150.012
0	12.3492
1	145.917
1	76.416
1	58.3922
1	75.9071
0	6.23928
1	100.327
1	79.8667
1	124.1
1	74.9741
1	73.3817
1	140.067
1	111.008
1	189.995
1	107.49
1	90.4813
1	77.2778
1	46.0441
1	96.6209
0	78.8891
1	85.5804
1	89.1705
1	116.041
1	63.4834
1	40.2915
1	156.535
1	104.312
1	83.3582
1	182.524
1	201.494
1	53.4849
1	119.542
1	116.579
1	160.039
1	76.4132
1	185.461
1	109.583
1	127.759
1	82.9131
1	116.526
1	107.295
1	92.3414
1	92.6211
1	76.9794
1	127.117
1	117.998
1	65.9115
1	116.712
1	174.605
1	134.764
1	47.8566
1	77.8813
1	23.193
1	217.451
1	138.392
1	82.8539
1	68.4151
1	63.092
1	57.6463
1	38.1398
1	180.421
1	135.612
1	110.897
1	137.983
1	183.636
1	114.738
1	188.831
1	74.7754
1	67.2369
1	82.2247
1	369.951
1	102.316
1	68.6469
1	59.3487
1	47.9812
1	122.004
1	65.7545
1	195.944
1	125.846
1	69.9303
1	43.8896
1	176.963
1	90.464
1	170.976
1	51.2065
1	109.947
1	80.4489
1	54.654
1	83.8929
1	115.571
0	3.78633
1	36.5057
1	90.8633
1	50.4167
1	54.0234
1	89.7237
1	99.739
1	104.307
1	134.425
1	65.1295
1	199.866
1	56.8842
1	67.1794
1	266.296
1	69.9901
1	102.425
0	65.8624
1	49.9203
1	61.9172
1	146.608
1	178.628
1	178.496
1	89.0751
1	72.6968
1	127.947
1	95.555
1	107.731
0	16.1189
1	150.657
1	155.751
1	92.837
1	165.243
1	187.257
1	59.1886
1	83.2178
1	197.184
1	133.835
1	241.729
1	286.855
1	91.9117
1	139.782
1	55.5071
1	108.517
1	106.361
1	134.563
1	126.369
1	181.632
1	113.239
1	84.9004
1	64.2629
0	42.8509
1	188.326
1	159.513
1	111.376
1	194.335
1	147.724
1	84.055
1	134.403
1	153.429
1	66.6302
1	73.9817
1	215.95
1	82.0738
1	138.185
1	44.5304
1	70.3129
1	78.8431
1	110.703
1	126.521
1	61.209
1	87.2131
1	111.395
1	91.43
1	73.1075
1	77.978
1	98.9788
1	68.391
1	202.988
1	89.9329
1	48.2638
1	137.093
1	121.136
1	170.407
1	155.785
1	174.711
1	113.26
1	190.073
1	101.593
1	137.367
1	53.6613
1	68.8461
1	60.4743
1	64.3443
1	52.7641
1	132.787
1	78.1529
1	151.655
1	155.377
1	53.7923
1	91.1336
1	54.5216
1	78.4333
1	196.536
1	105.548
1	110.372
1	164.675
1	88.7017
1	133.126
1	130.493
1	99.0164
1	102.693
1	224.594
1	112.967
1	152.62
1	242.652
1	118.747
1	90.0754
1	95.58
1	153.256
1	107.227
1	189.455
1	189.127
0	5.36998
1	280.379
1	87.6342
1	115.274
1	251.946
1	69.8926
1	197.466
1	214.796
1	139.421
1	81.6887
1	122.453
1	127.604
1	76.6871
1	117.737
1	55.9026
1	89.7876
1	36.4561
1	109.585
1	67.4471
1	71.2801
1	211.339
1	106.223
1	79.33
1	95.294
1	61.7375
1	87.7305
1	40.4727
1	152.712
1	81.6121
1	114.222
1	89.7014
1	77.5363
1	138.756
1	75.3849
1	42.1853
1	168.78
1	101.24
1	164.003
1	202.841
1	101.61
1	220.478
1	67.8757
1	115.496
1	67.1292
1	106.664
1	69.7456
1	175.66
1	100.916
1	68.9524
1	89.8868
1	86.0136
1	81.3482
1	164.69
1	90.0756
1	248.373
1	89.5062
1	93.3976
1	187.436
1	58.9364
1	109.364
1	245.843
0	86.5711
1	145.889
1	82.3928
1	77.3014
1	182.037
1	216.768
1	65.7854
1	162.267
1	104.792
1	72.3223
1	100.497
1	103.25
1	85.2968
1	232.514
1	106.464
1	59.8593
1	92.2639
1	123.438
1	146.449
1	64.8737
1	189.403
1	152.263
1	127.367
1	201.549
1	109.433
1	198.963
1	183.355
1	53.127
1	99.1296
1	124.335
1	94.6552
1	64.5572
1	108.443
1	198.874
1	50.018
1	134.148
1	93.9752
1	124.363
1	108.387
1	150.91
0	67.6095
1	90.3386
1	160.861
1	103.58
1	104.832
1	89.4982
1	88.7109
1	63.4424
1	102.498
1	121.935
1	139.881
1	210.458
1	257.704
1	104.992
1	132.629
1	105.952
1	93.8726
1	101.66
1	54.9775
1	135.331
1	69.6193
1	86.5407
1	106.132
1	93.5094
1	102.002
1	50.488
1	68.6508
1	105.09
1	132.385
1	149.75
1	136.55
1	135.542
1	83.8561
1	145.343
0	26.9744
1	140.743
1	124.975
1	89.1705
1	55.7657
1	99.7636
1	176.924
1	182.36
1	52.5265
1	113.101
1	189.01
1	67.5862
1	168.66
1	98.4571
1	152.121
1	72.3494
1	139.246
1	65.3671
1	144.026
1	62.7426
1	107.312
1	125.718
1	128.424
1	116.407
1	86.0944
1	163.83
1	53.4398
1	146.229
1	155.808
1	117.419
1	125.848
1	102.935
1	217.882
1	96.3359
1	99.8128
1	25.4774
1	108.717
1	82.3792
1	79.6394
1	134.883
1	113.146
1	106.324
1	80.4011
1	86.791
1	141.711
1	77.6479
1	76.5751
1	126.141
1	80.063
1	100.58
1	159.204
1	57.9662
1	108.117
1	74.0674
1	136.873
1	67.1683
1	138.668
1	169.585
1	201.723
1	209.044
1	170.728
1	62.441
1	109.61
1	75.409
1	128.983
1	108.289
1	142.022
1	90.1762
1	97.2974
1	59.7615
1	138.718
1	128.718
1	75.7068
1	112.991
1	101.426
1	55.3786
1	66.3202
1	82.0408
1	192.739
1	81.7942
1	109.702
1	215.074
1	214.952
1	64.34
1	164.135
1	99.9597
1	98.6363
1	86.8851
1	91.3807
1	26.7621
1	107.858
1	80.4459
1	116.158
1	123.754
1	87.8864
1	158.161
1	86.8118
1	63.5239
1	98.4539
1	290.162
1	145.343
1	125.838
1	170.431
1	102.96
1	85.0025
1	151.498
1	145.57
1	74.9547
1	71.9827
1	146.276
1	85.061
1	65.6607
1	190.014
1	94.0851
1	89.2617
1	118.257
1	50.622
1	54.9153
1	78.7816
1	108.148
1	35.3459
1	42.6822
1	87.6578
1	107.405
1	85.81
1	127.989
1	52.7291
1	80.9452
1	60.337
1	78.6146
1	345.16
1	107.872
1	157.293
1	20.8299
1	62.8272
1	117.668
1	109.729
1	123.519
1	122.867
1	94.2969
1	60.6464
1	125.775
1	166.153
1	75.6495
1	143.697
1	106.782
1	134.597
1	156.586
1	104.113
1	86.5037
1	140.472
1	94.7039
1	55.5454
1	63.9836
1	135.615
1	115.352
1	75.7733
1	78.1748
1	98.4738
1	146.206
1	194.392
1	76.1042
1	98.3596
1	81.0118
1	93.0312
1	58.695
1	50.7845
1	84.7218
1	79.057
1	101.993
1	113.464
1	80.8999
1	146.433
1	77.2716
1	135.394
1	163.723
1	141.954
1	88.8186
1	116.192
1	155.289
1	86.0784
1	115.656
1	122.399
1	97.4551
1	91.9015
1	107.271
1	116.342
1	95.8114
1	117.409
1	275.657
1	187.5
1	77.5828
1	78.5564
1	74.484
1	86.3819
1	96.1891
1	98.7279
1	126.343
1	96.4044
1	80.2839
1	84.2459
1	159.29
1	96.5763
1	121.228
1	101.245
1	61.4966
1	145.177
1	73.6282
1	128.527
1	110.918
1	83.2184
1	129.56
1	66.9956
1	88.12
1	95.9509
1	61.2209
1	200.631
1	37.1936
0	50.0623
1	174.732
1	214.819
1	96.7427
1	138.517
1	49.3433
1	153.176
1	167.662
1	71.0409
1	109.681
1	90.0021
1	134.889
1	166.771
1	68.2748
1	71.0454
1	90.7713
1	76.5178
1	76.0781
1	155.313
1	85.117
1	97.6498
1	82.4086
1	118.45
1	74.4106
1	43.1145
1	117.368
1	85.6513
1	147.131
1	120.901
1	131.965
1	89.7145
1	186.909
1	124.919
1	201.99
1	228.646
1	56.6546
1	99.0235
1	156.922
1	96.5593
1	149.36
1	147.488
1	81.469
1	110.715
1	57.0928
1	103.113
1	111.657
1	93.5072
1	75.1549
1	67.6051
1	92.1984
1	95.3789
1	144.359
1	116.204
1	154.497
1	255.527
1	88.8098
1	241.163
1	137.313
1	163.334
1	71.7184
1	113.028
1	74.6921
1	71.8091
1	37.5702
1	48.104
1	87.2498
1	201.25
1	121.843
1	94.9794
1	58.1754
1	98.9518
1	141.878
1	90.5084
1	67.8658
1	74.5411
1	86.4855
1	107.17
1	176.347
1	57.6866
1	190.149
1	53.2689
1	81.6659
1	105.414
1	60.4497
1	125.357
1	250.162
1	33.2624
1	67.2059
1	158.832
1	111.275
1	186.761
1	46.5854
1	116.272
1	81.3272
1	75.5223
1	64.0636
1	58.0119
1	131.63
1	100.905
1	143.978
1	124.027
0	20.0357
1	53.6686
1	78.1204
1	107.689
1	114.386
1	179.636
1	199.087
1	211.623
1	146.103
1	101.128
1	77.512
1	58.8517
1	58.6707
1	120.616
1	36.526
1	56.5902
1	71.739
1	96.3209
1	117.734
1	59.9607
0	75.587
1	172.72
1	62.2545
1	73.621
1	195.792
1	88.3627
1	63.484
1	111.298
1	80.5598
1	153.766
1	75.4168
1	159.461
0	47.8662
1	76.7081
1	128.414
1	111.678
1	90.0756
1	193.924
1	142.574
1	90.4503
1	114.821
1	81.0532
1	139.383
1	115.473
1	141.734
1	62.9684
1	48.659
1	151.06
1	81.6066
1	137.971
1	86.7348
1	110.526
1	97.0232
1	82.4712
1	164.64
1	44.6453
1	96.5702
1	95.043
1	125.525
1	205.145
1	180.164
1	65.2807
1	134.57
1	98.2812
1	104.539
1	39.258
1	126.335
1	85.7877
1	111.623
1	143.657
1	84.5327
1	104.669
1	142.502
1	103.431
1	112.916
1	138.88
1	114.455
1	71.9426
1	111.617
1	82.9532
1	213.636
1	172.853
1	72.735
1	92.1817
1	94.0987
1	94.1098
1	124.901
1	83.1535
0	3.48301
1	164.978
1	82.2572
1	95.1075
1	80.9229
1	162.327
1	160.727
1	121.11
1	183.251
1	63.1543
1	72.7665
1	74.6369
1	150.695
1	202.195
1	110.725
1	158.578
1	101.692
1	103.157
1	104.082
1	148.81
1	94.3747
1	100.125
1	150.345
1	83.2204
1	187.204
1	102.42
1	118.398
1	151.262
1	119.248
1	106.169
1	167.204
1	74.4378
1	137.248
1	78.0178
1	50.6647
1	163.498
1	109.797
1	525.548
1	127.867
1	118.361
1	121.206
1	105.445
1	84.6303
1	136.914
1	158.717
1	121.038
1	49.5455
1	89.5948
1	176.238
1	72.6051
1	162.182
1	145.523
1	121.101
1	71.7795
1	147.386
1	77.9254
1	146.979
1	59.244
0	15.9958
1	54.9476
1	87.5909
1	100.295
1	92.5097
1	93.1531
1	67.7125
1	150.875
1	66.468
1	72.3573
0	0.142661
1	294.647
1	114.106
1	156.031
1	96.0702
1	87.2482
1	56.8177
1	71.3066
1	84.9709
1	268.307
1	114.626
0	13.0443
1	114.964
1	117.049
1	67.1736
1	124.316
1	107.215
1	106.274
1	108.965
1	60.4217
1	185.518
1	165.084
1	77.9931
1	73.1234
1	81.2784
1	98.1715
1	244.182
1	78.5379
1	211.505
1	50.7231
1	124.777
1	130.72
1	106.762
1	126.527
1	113.04
1	118.755
1	104.097
1	69.7882
1	87.5474
1	177.341
1	98.3843
1	60.1723
1	144.004
1	128.895
1	211.057
0	1.58936
1	179.501
1	448.759
1	59.2651
1	101.351
1	160.758
1	107.667
1	98.4575
1	189.702
1	77.1019
1	88.5553
1	119.43
1	77.6502
1	102.158
1	56.8728
1	124.971
1	131.762
1	157.906
1	92.8605
1	119.001
1	223.283
1	180.278
1	72.6842
1	193.102
1	192.925
1	99.0112
1	68.5492
1	105.558
1	167.861
1	121.247
1	125.624
1	149.122
1	64.1329
1	109.897
1	127.8
1	133.166
1	171.392
1	58.5503
1	77.5875
1	92.4077
1	183.296
1	95.8896
1	54.1755
1	102.685
1	79.8571
1	142.671
1	89.037
1	124.765
1	102.32
1	41.2144
1	113.608
1	67.4409
1	57.9228
1	64.6511
1	81.8491
1	76.4625
1	113.29
1	254.891
1	61.8194
1	28.2617
1	78.8144
1	204.47
1	157.692
1	53.4904
0	9.20821
1	122.174
1	67.8526
1	83.602
1	203.525
1	124.801
1	101.096
1	91.621
1	343.96
1	82.2703
1	77.3098
1	97.265
1	104.504
1	151.441
1	86.3999
1	131.638
1	63.4618
1	69.2499
1	128.917
1	90.4713
1	76.6338
1	84.4734
1	63.5999
1	235.299
1	157.498
1	96.2037
1	38.5724
1	161.322
1	203.101
1	114.748
1	57.4912
1	87.8836
1	56.9327
1	72.8411
1	82.8359
1	68.3939
1	82.9268
1	101.974
1	122.581
1	72.7394
1	84.9923
1	270.069
1	49.4407
1	110.711
1	201.161
1	73.9879
1	130.165
1	72.643
1	56.6843
1	92.3501
1	88.6553
1	97.6587
1	105.81
1	78.4612
1	150.893
1	110.736
1	135.523
1	77.7703
1	201.41
1	186.443
1	60.2415
1	48.1594
1	92.2458
1	92.9688
1	149.225
1	87.0074
0	6.97343
1	110.771
1	65.0226
1	154.741
1	49.2072
1	85.6729
1	105.55
1	67.1995
1	79.0538
1	95.2593
1	75.1635
1	61.0745
1	135.39
1	48.8842
1	76.6293
1	76.4747
1	70.9759
1	151.516
1	158.921
1	129.301
1	222.849
1	102.989
1	84.9979
1	88.8428
1	68.2718
1	135.556
1	61.8132
1	102.674
1	150.076
1	71.1044
1	71.9899
1	86.4908
1	108.744
1	62.4521
1	209.476
1	81.697
1	84.722
1	78.1038
1	141.88
1	207.699
1	228.4
1	109.816
1	103.256
1	148.359
1	160.795
1	98.4043
1	263.114
1	158.092
1	170
1	104.035
1	231.704
1	129.246
1	84.5152
1	147.822
1	72.2294
1	166.103
1	41.8839
1	101.521
1	121.704
1	89.0186
1	91.5832
1	56.5945
1	124.638
1	200.283
1	148.121
1	72.3596
1	88.6469
1	98.7091
1	92.0565
1	197.014
1	90.4364
1	129.163
1	85.5975
1	184.407
1	40.451
1	73.4048
1	88.0419
1	120.565
1	102.095
1	61.0474
1	238.446
1	99.6472
1	90.903
1	54.1132
1	226.934
1	165.399
1	64.8075
1	50.1821
1	131.323
1	72.168
1	116.046
1	91.4821
1	49.6206
1	94.8432
1	63.2175
1	84.0288
1	82.3862
1	72.5791
1	60.1526
1	51.8495
1	66.242
1	61.894
1	56.5968
1	47.52
1	123.34
1	106.749
1	248.217
1	190.124
1	139.725
1	79.4327
1	32.4158
1	148.918
1	152.798
1	203.24
1	76.428
1	177.698
1	123.114
1	129.842
1	161.656
1	98.8317
1	112.261
1	148.919
1	167.557
1	61.6132
1	170.774
1	88.8454
1	44.1637
1	128.077
1	80.5838
1	202.465
1	95.1372
1	82.0619
1	73.728
1	375.558
1	98.7057
1	248.3
1	78.427
1	110.475
1	83.6185
1	133.43
1	156.346
1	64.9978
1	49.8626
1	89.0896
1	80.9422
1	91.736
1	48.0347
1	130.998
1	182.225
1	143.656
0	6.05339
1	180.435
1	78.0892
1	91.7213
1	61.0185
1	45.1834
1	115.709
1	105.885
1	89.1034
1	129.191
1	88.2073
1	125.017
1	180.147
1	125.582
1	69.6366
1	48.6979
1	58.6104
1	255.998
1	173.673
1	42.5887
1	178.545
1	116.734
1	119.726
1	115.1
1	172.849
1	149.311
1	94.5832
1	69.4691
1	111.261
1	72.9637
1	70.8815
1	46.519
1	137.405
1	35.0483
1	110.191
1	74.0947
1	61.8089
1	140.517
1	36.4394
1	110.755
1	206.946
1	60.9179
1	115.809
1	172.979
1	72.9488
1	164.313
1	130.468
1	76.3234
1	121.615
1	45.6782
1	50.486
1	45.2103
1	48.4797
1	97.2405
1	74.2246
1	125.413
1	90.2486
1	63.5653
1	109.4
1	65.5863
1	116.128
1	140.421
1	162.935
1	83.3476
1	128.352
1	84.6379
1	129.298
1	52.6192
1	115.28
1	208.74
1	71.9242
1	50.4138
1	67.4421
1	120.77
1	75.8287
1	88.9135
1	81.3061
1	187.564
1	173.697
1	40.8051
1	102.817
1	124.339
1	141.719
1	159.506
1	111.639
1	101.808
1	115.326
1	140.326
1	87.1699
1	91.1436
1	124.466
1	85.2583
1	56.3074
1	82.2751
1	97.0146
1	73.7951
1	125.616
1	70.331
1	68.4455
1	92.9326
1	166.298
1	68.3319
1	81.8716
1	49.7813
1	274.325
1	112.092
1	107.213
1	221.104
1	165.848
1	54.7222
0	2.31601
1	115.926
1	117.487
1	55.4551
1	72.941
1	134.756
1	152.833
1	111.783
1	108.081
1	167.904
1	75.0201
1	53.6805
1	132.714
1	89.6296
1	169.14
1	130.662
1	145.293
1	112.302
1	109.859
1	112.205
1	70.8844
1	289.815
1	61.6497
1	181.144
1	68.3215
1	63.0772
1	105.731
1	148.594
1	77.5747
1	99.7651
1	126.39
1	181.314
1	135.171
1	152.487
1	44.295
1	53.0121
1	82.8502
1	79.348
1	42.6398
1	33.9862
1	124.35
1	105.075
0	5.31697
1	218.298
1	151.989
1	86.4149
1	77.9291
1	80.4612
1	82.9021
1	143.476
1	129.995
1	225.108
1	126.397
1	64.206
1	35.3975
1	75.4392
1	86.0933
1	51.3548
1	49.0404
1	50.4353
1	68.9961
1	139.646
1	69.7679
1	363.191
1	124.547
1	32.6244
1	211.191
1	128.52
1	137.777
1	125.622
1	104.251
1	74.0358
1	108.968
1	89.6181
1	242.329
1	104.745
1	92.9498
1	112.813
1	73.9652
1	134.346
1	124.967
1	114.169
1	259.476
1	97.2185
1	86.5753
1	235.654
1	77.7697
1	51.2629
1	42.6687
1	87.3165
1	118.302
1	86.8565
1	98.9963
1	102.902
1	120.871
1	81.0375
1	47.2916
1	127.91
1	103.31
1	91.7558
1	149.88
1	161.422
1	109.758
1	75.8325
1	182.769
1	120.039
1	152.715
1	76.6804
1	98.1628
1	58.7315
1	175.319
1	53.7566
1	42.5007
1	147.923
1	106.409
1	121.929
1	128.072
1	158.132
1	76.6197
1	73.1635
1	132.537
1	82.4918
1	76.932
1	85.6261
1	47.385
1	94.3934
1	96.6429
1	94.8939
1	118.378
1	79.3204
1	111.091
1	145.557
1	131.955
1	90.0356
1	143.054
1	80.7216
1	118.896
1	106.506
1	141.919
1	96.3672
1	69.4167
1	99.3711
1	209.749
1	96.2919
1	50.5156
1	86.1237
1	70.5539
1	89.411
1	131.091
1	81.3466
1	116.911
1	191.317
1	130.548
1	94.3588
1	116.926
1	65.1317
1	96.217
1	163.221
1	82.4176
1	184.379
1	109.46
1	124.626
1	167.093
1	76.7389
1	111.561
1	146.215
1	54.2659
1	94.7318
1	86.3733
1	119.964
1	163.479
1	255.906
1	135.934
1	156.621
1	58.9568
1	132.464
1	78.0746
1	37.0155
1	134.073
1	49.5994
1	163.805
1	93.2983
1	53.2531
1	120.803
1	122.661
1	80.3681
1	200.333
1	82.9492
1	152.802
1	52.0822
1	70.7492
1	119.989
1	93.3258
1	61.9784
1	90.5214
1	59.6156
1	99.8383
1	54.2289
1	140.616
1	132.017
1	120.446
1	213.797
1	68.2762
1	168.991
1	73.5267
1	87.8336
1	121.011
1	108.016
1	71.9614
1	97.7667
1	161.686
1	85.3113
1	164.28
1	49.7624
1	163.924
1	153.983
1	77.7329
1	112.549
1	118.515
1	138.783
1	268.53
1	114.649
1	189.18
1	128.028
1	65.4441
1	109.712
1	189.407
1	74.0299
1	142.317
1	86.9155
1	209.471
1	99.2446
1	179.407
1	71.5155
1	46.8641
1	72.9696
1	140.067
1	136.082
1	71.1396
1	72.7298
1	67.0714
1	127.343
1	120.784
1	294.735
1	47.7471
1	164.176
1	47.3163
0	60.2662
1	61.9449
1	72.0523
1	79.9387
1	147.487
1	112.038
1	158.676
0	9.1545
1	91.5896
1	136.513
1	64.4382
1	121.822
1	68.3887
1	177.469
1	90.573
1	64.1792
1	126.664
1	90.8958
1	166.499
1	58.8971
1	192.409
1	76.3593
1	129.086
1	98.0186
1	160.081
1	89.4457
1	80.3552
1	134.703
1	54.3004
1	109.373
1	55.5817
1	56.4318
1	54.7685
1	105.797
1	220.665
1	28.5171
1	165.027
1	183.2
1	51.1772
1	119.818
1	59.3142
1	98.4988
1	370.773
1	95.7003
1	91.2626
1	64.2951
1	137.241
1	76.2171
1	134.232
1	127.212
1	146.483
1	121.863
1	117.961
1	77.0391
1	77.273
1	125.062
1	93.187
1	207.837
1	92.5275
1	64.9464
1	118.507
1	52.6217
1	70.1984
1	80.6745
1	33.0126
1	100.227
1	105.754
1	90.4669
1	62.8829
1	96.8175
1	107.193
1	138.117
1	126.255
1	99.2292
1	126.102
1	38.0926
1	73.8184
1	71.2032
1	97.092
1	216.654
1	243.876
1	91.4885
1	117.662
1	130.403
1	150.464
1	78.2825
1	67.5714
1	114.698
1	152.035
1	59.525
1	85.8308
1	119.13
1	76.9149
1	66.0308
1	141.775
1	61.8039
1	100.866
1	130.3
1	71.0491
1	108.189
1	155.652
1	152.452
1	95.0156
1	188.072
1	110.095
1	141.746
1	146.404
1	82.1313
1	62.2959
1	85.389
1	152.748
1	182.286
1	164.795
1	89.6101
1	114.152
1	193.406
1	101.773
1	211.421
1	79.9443
1	129.508
1	101.403
1	145.213
1	208.909
1	94.4995
1	96.8063
1	77.5742
1	82.6732
1	92.8452
1	85.827
1	116.385
1	93.6972
1	71.1855
1	75.7081
1	198.617
1	59.6669
1	108.685
1	74.6813
1	78.2922
1	140.146
1	78.3716
0	56.377
1	80.2477
1	143.109
1	51.2176
1	142.196
1	126.354
1	103.212
1	81.3647
1	93.0493
1	77.3866
1	72.1648
1	111.97
1	256.257
1	77.8605
1	52.7677
1	99.1414
1	147.936
1	126.028
1	56.0832
1	128.745
1	53.1503
1	140.863
1	120.491
1	62.1379
1	84.1373
1	113.298
1	93.4571
1	103.697
1	70.4531
1	72.6056
1	57.7275
1	52.7762
1	187.278
1	107.217
1	101.004
1	256.159
1	120.78
1	98.4837
1	105.056
1	239.96
1	67.5631
1	57.5421
1	79.9331
1	119.391
1	323.306
1	137.476
1	130.65
1	73.2469
1	141.923
1	85.5779
1	89.6795
1	54.379
1	234.401
1	157.249
0	23.2006
1	97.6845
1	66.3155
1	77.4827
1	86.005
1	94.2985
1	106.852
1	71.9558
1	83.1201
1	143.361
1	97.3643
1	160.589
1	107.441
1	42.4825
1	205.55
1	100.218
1	142.943
1	84.6091
1	91.2941
1	119.986
1	135.488
1	63.2353
1	148.169
1	102.015
1	62.9833
1	98.8851
1	61.8766
1	142.513
1	63.1003
1	179.201
1	84.2327
1	142.748
1	109.193
1	110.081
1	145.724
1	30.599
1	170.922
1	178.294
1	109.456
1	63.8185
1	102.395
1	133.41
1	75.4314
1	167.723
1	163.399
1	155.377
1	63.4202
1	106.919
1	109.324
1	69.1272
1	58.4748
1	86.6134
1	68.3573
1	123.219
1	165.244
1	172.13
1	93.4372
1	86.1326
1	103.276
1	96.5858
1	75.3565
1	99.7549
1	116.548
1	84.6921
1	105.63
1	197.343
1	81.5663
1	137.22
1	139.244
1	112.625
1	267.261
1	169.155
1	63.7424
1	77.7034
1	296.614
1	91.5709
1	64.9329
1	53.407
1	136.401
1	82.0167
1	187.175
1	34.1865
1	111.718
1	55.0664
1	165.235
1	79.8479
1	72.1005
1	148.306
1	88.4867
1	94.6896
1	63.5659
1	97.1073
1	85.3698
1	147.882
1	115.649
1	227.989
1	133.249
1	150.814
1	78.1466
1	129.465
1	70.5983
1	117.55
1	96.4235
1	109.307
1	61.7872
1	119.229
1	72.7428
1	69.1634
1	171.674
1	97.2229
1	179.476
1	116.346
1	108.187
1	168.928
1	123.532
1	157.087
1	97.3239
1	62.4486
1	88.4283
1	62.7408
0	24.437
1	109.292
1	72.6237
1	80.2694
1	150.629
1	65.7003
1	217.822
1	97.8279
1	86.3745
1	83.4383
1	86.3103
1	96.9001
1	237.111
1	189.494
1	106.98
1	123.903
1	182.438
1	79.7398
1	104.821
1	90.5626
1	102.068
1	117.238
1	110.369
1	76.1235
1	163.075
1	127.68
1	157.727
1	148.039
1	79.5519
1	146.862
1	95.9456
1	59.3255
1	119.729
1	69.8153
1	279.516
1	49.1464
1	81.6137
1	85.2157
1	165.883
1	88.4895
1	74.7841
1	61.8456
1	201.804
1	194.27
1	135.013
1	208.855
1	87.7184
1	64.852
1	89.4975
1	38.3788
1	167.303
1	106.771
1	184.321
1	155.898
1	81.4732
1	106.931
1	120.608
1	83.3474
1	83.7929
1	193.221
0	50.3947
1	116.582
1	194
1	99.7158
1	160.496
1	110.26
1	44.5503
1	85.1538
1	155.559
1	99.122
1	62.2602
1	82.0534
1	157.119
1	106.921
1	86.5442
1	111.71
1	57.1718
1	82.1249
1	109.699
1	91.3406
1	121.991
1	80.5708
1	165.063
1	79.8451
1	49.7069
1	71.4718
1	144.167
1	84.3285
1	126.347
1	150.317
1	106.937
1	59.0075
1	121.491
1	149.378
1	38.4209
1	78.1323
1	166.214
1	98.4244
1	134.474
1	67.6467
1	119.392
1	95.4029
1	125.782
1	69.2021
1	47.1217
1	88.4188
1	107.174
1	106.652
1	55.3163
1	88.0659
1	136.791
1	143.545
1	84.9613
1	85.1126
1	87.126
1	77.3521
1	105.353
1	136.671
1	69.7965
1	67.8826
1	41.4404
1	131.731
1	151.502
1	46.6737
1	121.733
1	122.712
1	143.513
1	78.2766
1	102.241
1	96.7343
1	154.787
1	102.56
1	143.429
1	118.135
1	157.925
1	115.075
1	151.544
1	220.1
1	112.676
1	48.3334
1	131.88
1	74.8425
1	49.4552
1	77.6047
1	64.5196
1	220.476
1	86.3439
1	185.416
1	182.678
1	138.374
1	141.346
1	109.192
1	224.112
1	107.377
1	98.5977
0	36.0484
1	88.234
1	91.8072
1	166.805
1	140.852
1	90.6537
1	76.7124
1	74.6248
1	170.353
1	103.001
1	87.5904
1	129.974
1	301.958
1	74.3591
0	27.0459
1	98.0611
1	60.1241
1	100.995
1	73.4201
1	122.36
1	133.775
1	288.251
1	54.2189
1	262.12
1	68.6782
1	134.093
1	191.579
1	139.915
1	131.606
1	30.5181
1	172.508
1	168.497
1	105.102
1	105.76
1	111.526
1	84.2056
1	103.83
1	71.2509
1	61.2116
1	180.376
1	39.169
1	65.8164
1	107.766
1	97.3476
1	75.4995
1	113.899
1	75.144
1	157.385
1	129.27
1	101.868
1	175.283
1	90.6109
1	66.6335
1	55.7854
1	105.279
1	190.398
1	236.394
1	179.872
1	123.524
1	36.6679
1	95.1865
1	126.003
1	164.158
1	122.302
1	35.9765
1	66.6262
1	89.0487
1	90.0379
1	130.195
1	112.963
1	155.138
1	121.077
1	127.632
1	94.5029
1	82.8839
1	220.207
1	146.637
1	163.349
1	83.133
1	119.497
1	77.0474
1	72.73
1	70.9999
1	80.2315
1	129.66
1	79.6872
1	98.8647
1	118.179
1	91.5259
1	97.3346
1	57.7351
1	86.1338
1	75.0096
1	140.313
1	67.5282
1	101.376
1	137.591
1	57.7494
1	165.415
1	145.788
1	33.6193
1	269.496
1	156.944
1	89.0864
1	143.911
1	128.547
0	14.2976
1	84.1703
1	132.312
1	71.7067
1	57.6249
1	74.578
1	47.6542
1	140.421
1	93.729
1	66.8539
1	165.196
1	66.7976
1	102.562
1	49.0782
1	66.4875
1	79.366
1	44.675
1	143.721
1	95.2989
1	180.976
1	83.1394
1	123.035
1	148.103
1	103.772
1	61.7469
1	120.925
1	204.405
1	122.697
1	83.924
1	34.1801
1	262.159
1	155.323
1	63.0366
1	91.7869
1	153.443
1	191.313
1	165.32
1	99.1039
1	48.051
1	78.4472
1	142.961
1	172.512
1	126.288
1	73.7995
1	106.392
1	93.2556
1	54.877
1	106.316
1	55.7807
1	127.929
1	81.6815
1	116.974
1	59.7443
1	81.3732
1	98.2424
1	68.9573
1	76.5535
1	78.5208
1	139.915
1	73.9456
1	315.076
1	214.228
1	144.758
1	148.568
1	91.9917
1	111.29
1	98.4273
1	286.323
1	104.674
1	78.2569
1	37.5875
1	70.2501
1	109.369
1	148.339
1	73.8395
1	104.389
1	55.4053
1	187.411
1	255.262
1	155.57
1	46.9963
1	91.0513
1	129.753
1	147.914
1	73.2933
1	144.535
1	76.2947
1	64.9034
1	75.6908
1	63.6102
1	80.2336
1	113.384
1	65.1226
1	93.3192
1	94.6693
1	102.829
1	100.927
1	45.2422
1	105.194
1	54.56
1	108.827
1	152.391
1	63.8234
1	109.218
1	111.942
1	59.1172
1	84.7709
1	130.425
1	85.7842
1	78.4706
1	121.346
1	35.5178
1	125.066
1	76.5528
1	140.966
1	184.264
1	131.175
1	158.04
1	112.711
1	46.7292
1	148.947
1	106.964
1	84.4628
1	106.333
1	66.5105
1	114.008
1	81.9549
1	182.872
1	80.5648
1	102.612
1	134.636
1	90.8367
1	65.693
1	107.029
0	15.5765
1	219.898
1	148.089
1	113.131
1	73.0441
1	79.4318
1	82.8132
1	68.5751
1	66.2589
1	103.354
1	81.6752
1	134.822
1	164.149
1	205.485
1	50.4031
1	41.4044
1	141.237
1	105.319
1	55.4792
1	74.4828
1	173.277
1	219.455
1	91.7127
1	178.172
1	167.173
1	101.888
1	113.444
1	215.086
