10000	100	9900	0.00208333
0.025641	2.53767	47746.2	4.82284	3.16228e-06
1	89.538
1	115.421
1	108.181
1	169.541
1	243.354
1	131.16
1	107.78
1	81.4651
1	65.9253
1	113.927
1	100.07
1	55.8564
1	110.423
1	118.226
1	166.949
1	58.4275
1	160.346
1	149.069
1	193.118
1	127.575
1	183.921
1	142.715
1	88.8062
1	176.356
1	61.5546
1	177.187
1	107.784
1	84.9688
1	134.202
1	98.6289
1	93.3446
1	88.2817
1	76.1076
1	260.053
1	49.0166
1	68.4967
1	105.25
1	97.2691
1	76.9598
1	90.9185
1	83.0781
1	88.3975
1	70.8449
1	50.061
1	217.849
1	73.4255
1	46.4607
1	82.4526
1	68.6787
1	166.305
1	126.686
1	109.385
1	80.5587
1	92.5656
1	28.8416
1	144.715
1	62.4385
1	118.107
1	94.8881
1	123.721
1	78.5048
1	70.8157
1	122.811
1	68.0529
1	189.88
1	81.4231
1	109.241
1	91.0352
1	86.7928
1	117.195
1	52.169
1	83.2879
1	82.1309
1	115.638
1	149.064
1	96.6336
1	110.502
1	92.9908
1	67.732
1	16.132
1	90.318
1	104.688
1	96.5906
1	164.08
1	95.0694
1	70.3937
1	220.962
1	102.937
1	153.223
1	57.2932
1	48.9343
1	156.453
1	121.237
1	115.676
1	161.826
1	129.218
1	63.2257
1	202.89
1	76.525
1	106.494
1	103.852
1	62.6744
1	124.602
1	130.933
1	145.841
1	56.4836
1	56.728
1	101.529
1	78.2501
1	264.486
1	156.281
1	270.951
1	148.646
1	77.9638
1	135.833
1	114.47
1	189.89
1	88.5176
1	134.574
1	58.7408
1	117.913
1	78.459
1	81.2302
1	116.679
1	203.753
1	161.803
1	142.712
1	170.118
1	50.8077
1	184.9
1	118.074
1	125.016
1	51.3989
1	145.217
1	78.6419
1	169.595
1	131.177
1	114.652
1	80.4982
1	157.185
1	42.4467
1	181.371
1	88.2531
1	113.744
1	77.8835
1	242.145
1	140.104
1	58.5547
1	50.6519
1	180.253
1	164.961
1	114.141
1	156.05
1	176.685
1	110.469
1	41.6474
1	70.8716
1	95.3937
1	112.206
1	176.816
1	242.312
1	71.9269
1	88.8752
1	129.279
1	51.6425
1	88.8102
1	168.966
1	122.953
1	116.779
1	125.879
1	64.9708
1	145.154
1	42.3817
1	137.317
1	53.6767
1	94.8486
1	133.634
1	84.0781
1	98.5916
1	69.0941
1	62.2145
1	81.5863
1	98.5826
1	139.648
1	150.291
1	200.678
1	140.32
1	220.301
1	76.7924
1	116.259
1	85.4455
1	215.782
1	124.095
1	81.3101
1	97.5336
1	93.1764
1	86.6658
0	10.1479
1	100.877
1	155.589
1	96.7326
1	132.503
1	58.9969
1	92.6271
1	85.1023
1	137.233
1	114.446
1	135.099
1	139.397
1	165.109
1	106.644
1	42.6256
1	159.974
1	94.6286
1	65.1836
1	124.484
1	129.754
1	43.4185
1	57.7881
1	92.4082
1	58.013
1	76.1236
1	47.3602
1	172.298
1	77.3864
1	136.842
1	158.364
1	122.809
1	81.0215
1	169.522
1	88.263
1	75.8842
1	123.242
1	79.8952
1	60.3984
1	123.619
1	112.085
1	107.566
1	67.3012
1	75.1123
1	179.358
1	183.167
1	120.403
1	99.2854
1	125.922
1	333.029
1	171.179
1	179.298
1	43.1597
1	40.8103
1	128.703
1	194.656
1	145.751
1	61.7386
1	47.3142
1	83.508
1	113.073
1	40.728
1	82.3304
1	39.3379
1	93.0177
1	196.336
1	153.487
1	65.465
1	96.3924
0	0.515201
1	102.703
1	100.298
1	84.1711
1	37.6108
1	68.7985
1	124.075
1	101.835
1	184.587
1	272.829
1	126.795
1	104.317
1	100.44
1	129.697
1	102.168
1	42.7071
1	51.7209
1	79.7026
1	98.251
1	158.768
1	240.196
1	140.327
1	110.932
1	114.782
1	76.6553
1	67.8535
1	121.062
1	109.773
1	117.439
1	94.166
1	148.613
1	103.602
1	64.3926
1	108.513
1	70.284
1	122.506
1	109.769
1	86.833
1	86.1247
1	130.183
1	116.287
1	164.752
1	131.501
1	89.718
1	43.9484
1	143.736
1	58.1439
1	120.065
1	144.502
1	131.765
1	150.79
1	72.7495
1	130.38
1	107.309
1	85.7235
1	66.1618
1	79.2389
1	74.3112
1	107.549
1	188.474
1	75.4622
1	175.95
1	92.9626
1	45.5964
1	144.587
1	62.7718
1	54.8718
0	133.926
1	103.635
1	83.5588
1	106.74
1	99.11
1	70.6917
1	105.91
1	121.534
1	94.7389
1	119.182
1	41.4519
1	169.173
1	102.98
1	163.982
1	191.374
1	35.1419
1	104.681
1	125.769
1	121.551
1	197.325
1	59.1339
1	120.926
1	36.9263
1	94.4859
1	268.731
1	53.8496
1	102.326
1	89.786
1	89.7943
1	75.5816
1	125.859
1	61.6798
1	121.77
1	212.826
1	74.2773
1	83.3206
1	175.137
1	113.447
1	103.247
1	106.604
1	142.951
1	35.0252
1	119.212
1	140.896
1	87.39
1	133.934
1	104.953
1	89.4176
1	107.665
1	69.031
1	111.744
1	131.407
1	189.104
1	107.205
1	92.9343
1	98.3959
1	81.5145
1	66.893
1	110.579
1	50.8041
1	38.4758
1	99.7441
1	80.5191
1	44.9447
1	101.924
1	145.434
1	94.547
1	94.6694
1	190.439
1	118.278
1	156.347
1	97.0622
1	136.943
1	90.235
1	55.9935
1	144.643
1	91.1367
1	272.432
1	79.5807
1	109.549
1	88.2773
1	72.9912
1	48.6046
1	137.159
1	45.0511
1	89.9472
1	88.4766
1	127.365
1	59.2748
1	156.839
1	92.158
1	292.932
1	80.9538
1	140.208
1	171.615
1	113.021
1	201.532
1	74.5498
1	58.1552
1	56.274
1	183.065
1	113.407
1	57.3566
1	70.5182
1	67.7517
1	67.9693
1	27.7631
1	77.5473
1	165.848
1	207.414
1	52.9406
1	75.1317
1	116.571
1	126.305
1	266.185
1	69.5841
1	111.17
1	111.906
1	101.521
1	236.465
1	122.893
1	128.135
1	160.338
1	140.962
1	148.088
1	57.8957
1	114.989
1	225.607
1	136.609
1	60.713
1	120.538
1	69.9461
1	186.708
1	112.654
1	109.717
1	69.3605
1	98.9388
1	101.24
1	85.485
1	149.035
1	75.6819
1	59.2448
1	113.959
1	109.048
1	102.971
1	113.534
1	108.737
1	118.266
1	120.318
1	163.005
1	186.481
1	80.2534
1	152.878
1	58.5063
1	104.604
1	143.494
1	194.147
1	133.966
1	113.692
1	131.522
1	115.076
1	44.297
1	170.603
1	160.382
1	206.379
1	143.905
1	309.339
1	94.1493
1	84.2117
1	96.0641
1	164.055
1	95.3024
1	106.875
1	101.641
1	144.638
1	93.4217
1	95.0322
1	118.236
1	80.0687
1	113.463
1	59.2563
1	63.9611
1	119.193
1	320.01
1	158.584
1	109.24
1	80.403
1	85.8098
1	45.6133
1	75.3704
1	87.124
1	121.196
1	113.068
1	90.309
1	219.545
1	226.854
1	139.772
1	68.3659
1	107.297
1	157.806
1	166.418
1	106.11
1	114.375
1	101.986
1	135.597
1	78.1028
1	175.573
1	81.9234
1	216.816
1	59.5199
1	166.38
1	204.536
1	163.505
1	50.5035
1	126.7
1	34.8863
1	97.984
1	94.9583
1	90.414
1	61.99
1	100.509
1	95.2642
1	99.7309
0	6.89276
1	104.16
1	130.581
1	78.6655
1	91.3346
1	121.583
1	125.117
1	128.07
1	58.5442
1	72.6122
1	146.898
1	110.708
1	190.727
0	17.2873
1	69.6588
1	129.401
1	53.2224
1	78.2296
1	116.513
1	60.0505
1	43.3549
1	100.624
1	79.3386
1	123.229
1	97.3961
1	102.814
1	70.3166
1	58.4484
1	49.0523
1	60.595
1	107.985
1	54.6912
1	93.9639
1	116.426
1	36.939
1	160.382
1	37.8327
1	139.158
1	135.677
1	186.026
1	67.0435
1	66.543
1	100.16
1	146.392
1	76.9311
1	187.975
1	81.1334
1	92.093
1	92.9027
1	175.818
1	60.3622
1	80.3162
1	167.108
1	83.7928
1	66.2665
1	120.986
1	210.853
1	77.7981
1	73.0642
1	140.626
1	97.7305
1	64.5728
1	201.863
1	191.862
1	50.7042
1	100.713
1	133.415
1	130.528
1	106.876
1	92.9116
1	65.4329
1	53.008
1	109.755
1	75.1744
1	114.524
1	170.268
1	147.328
1	60.5291
1	71.3959
1	120.982
1	95.199
1	81.8735
1	171.294
1	145.666
1	115.095
1	137.691
1	101.457
1	72.894
1	90.1103
1	138.897
1	100.958
1	110.593
1	92.824
1	75.7333
1	105.923
1	120.957
1	96.7772
1	72.3058
1	92.8981
1	134.754
1	129.165
1	96.0059
1	122.301
1	84.433
1	114.196
1	140.38
1	145.437
1	178.062
1	166.23
1	85.1681
1	87.4191
1	277.44
1	112.411
1	73.5339
1	88.9296
1	93.8243
1	223.389
1	93.9672
1	88.6269
1	121.179
1	102.096
1	131.055
1	95.7537
1	112.564
1	203.26
1	111.674
1	135.529
1	197.517
1	53.2714
1	191.624
1	47.2767
1	141.171
1	139.124
1	215.021
1	109.354
1	156.805
1	365.388
1	58.3118
1	80.465
1	92.7956
1	145.66
1	101.295
1	165.813
1	63.6919
1	355.184
1	107.592
1	144.411
1	130.9
1	125.434
1	27.459
1	109.432
1	85.6675
1	98.1755
1	168.673
1	177.475
1	93.0101
1	60.1734
1	205.798
1	77.0207
1	80.6275
1	96.8543
1	112.728
1	108.14
1	91.9483
1	50.4086
1	84.0918
1	111.997
1	67.9947
1	140.997
1	73.5812
1	65.0132
1	80.9397
1	140.125
1	173.73
1	146.762
1	68.2139
1	111.117
1	47.5038
1	68.2599
1	212.121
1	43.9119
1	122.118
1	94.3327
1	107.848
1	78.2039
1	119.815
1	217.687
1	143.221
1	127.871
1	48.6771
1	161.929
1	135.534
1	44.2858
1	86.0574
1	132.839
1	129.646
1	208.792
1	81.5669
1	143.764
1	88.7821
1	113.841
1	74.4114
0	5.01504
1	42.0076
1	89.7032
1	43.0936
1	169.31
1	67.6435
1	172.533
1	21.1784
1	124.912
1	161.621
1	80.6716
1	78.1902
1	53.9688
1	99.6967
1	67.1403
1	64.2264
1	151.995
1	201.756
1	52.1432
1	117.826
1	68.2758
1	101.228
1	87.3091
1	84.1594
1	64.6219
1	141.337
1	90.3484
1	148.251
1	166.967
1	104.108
1	107.257
1	71.1478
1	63.6667
1	242.109
1	123.28
1	63.3946
1	133.898
1	190.698
1	84.0109
1	109.526
1	56.4772
1	119.57
1	157.981
1	53.706
1	75.8941
1	75.12
1	55.4528
1	49.7203
1	140.148
1	42.7771
1	250.651
1	136.93
1	52.0865
1	109.901
1	129.67
1	76.9642
1	104.134
1	102.092
1	125.581
1	77.8466
1	138.445
1	81.5265
1	178.555
1	206.761
1	117.957
1	108.808
1	68.9786
1	94.7726
1	65.9286
1	124.516
1	79.5778
1	82.2875
1	121.217
1	63.7418
1	103.144
1	78.1602
1	182.706
1	106.872
1	105.125
1	61.3344
1	66.8544
1	150.702
1	86.3829
1	127.01
1	50.1961
1	76.5831
1	270.843
1	127.208
1	96.0558
1	60.6711
1	77.832
1	111.975
1	81.0983
1	94.8948
1	33.8162
1	271.323
1	70.322
1	49.8636
1	147.005
1	160.029
1	88.2652
1	89.3172
1	101.137
1	98.1823
1	54.9943
1	180.863
1	102.158
1	81.8117
1	66.5875
1	108.853
1	49.1355
1	68.3608
1	171.878
1	75.5057
1	75.9213
1	116.195
1	81.3329
1	129.277
1	273.702
1	127.475
1	60.0099
1	105.843
1	107.805
1	137.79
1	86.8182
1	122.188
1	87.9975
1	96.2204
1	102.64
1	191.568
1	86.571
1	129.71
1	128.616
1	82.0137
1	87.3715
1	96.686
1	54.2033
1	224.983
1	97.1078
1	37.978
1	107.703
1	192.44
1	195.675
1	98.2078
1	147.015
1	200.224
1	140.949
1	157.68
1	91.0368
1	114.887
1	84.9485
1	156.925
1	54.0018
1	193.876
1	128.181
1	66.1293
1	78.2133
1	150.984
1	115.228
1	53.5242
1	130.518
1	124.567
1	160.276
1	230.173
1	282.483
1	95.0682
1	109.072
1	90.6677
1	265.641
1	58.7402
1	195.097
1	86.3293
1	72.4847
1	173.718
1	99.298
1	98.6052
1	189.088
1	166.935
1	88.565
1	153.456
1	71.8811
1	271.361
1	135.49
1	137.478
1	149.288
1	124.052
1	239.6
1	147.235
1	72.9729
1	101.819
1	137.523
1	116.809
1	95.8606
1	82.9661
1	123.454
1	64.5894
1	227.77
1	243.465
1	41.7084
1	80.2878
1	144.867
1	280.742
1	48.1336
1	114.808
1	219.168
1	58.2534
1	113.954
1	98.9206
1	270.247
1	89.0097
1	81.8308
1	133.37
1	98.2821
1	89.1421
1	171.901
1	91.2782
1	73.4437
1	136.122
1	148.294
1	188.588
1	79.7474
1	116.532
1	78.1797
1	85.862
1	90.9537
1	90.2788
1	101.595
1	141.045
1	113.742
1	139.334
1	107.546
1	65.5846
1	168.066
1	102.05
1	79.5261
1	64.7725
1	146.02
1	81.4511
1	129.518
1	118.449
1	88.1549
1	123.928
1	117.888
1	98.3873
1	57.6742
1	191.159
1	141.596
1	109.943
1	265.971
1	114.767
1	89.2955
1	67.2474
1	78.7976
1	84.3038
1	109.974
1	57.4768
1	113.647
1	80.0167
1	64.9078
1	74.331
1	121.17
1	68.9536
1	161.377
1	173.517
1	79.0054
1	101.31
1	51.2515
1	68.0889
1	87.1751
1	64.0532
1	224.557
1	245.566
1	98.0158
1	105.465
1	86.4301
1	83.7063
1	115.011
1	86.5653
1	171.279
1	118.938
1	224.891
1	150.043
1	133.773
1	94.536
1	53.4918
1	94.3785
1	146.535
1	151.088
1	96.1584
1	96.1953
1	131.375
1	75.2417
1	154.582
1	104.612
1	54.0745
1	123.221
1	110.648
1	119.336
1	98.8302
1	113.762
1	97.8649
1	136.372
1	142.915
1	150.968
1	78.3544
1	174.819
1	121.103
1	67.2543
1	65.9038
1	130.613
1	65.9137
1	161.414
1	100.157
1	77.3359
1	139.952
1	121.95
1	53.3049
1	90.3665
1	126.873
1	139.342
1	66.966
1	192.202
1	83.6562
1	86.4727
1	83.2409
1	125.853
1	73.2501
1	43.4752
1	64.262
1	130.076
0	1.69641
1	72.9516
1	141.852
1	60.1784
1	93.0899
1	158.587
1	150.495
1	119.892
1	43.6404
1	80.7051
1	141.699
1	143.865
1	71.4077
1	136.912
1	72.3647
1	197.278
1	76.3002
1	59.721
1	64.0084
1	143.269
1	72.2591
1	118.989
1	66.4187
1	103.337
1	25.97
1	92.8035
1	55.3999
1	91.6847
1	110.958
1	116.943
1	137.983
1	109.278
1	114.421
1	84.992
1	93.8742
1	157.779
1	145.324
1	145.517
1	138.115
1	110.137
1	188.051
1	166.685
1	119.779
1	142.093
1	114.106
1	53.8235
1	85.3578
1	52.8716
1	191.828
1	45.4423
1	115.579
0	30.6301
1	228.867
1	73.061
1	162.713
1	80.3171
1	111.061
1	88.3503
1	126.326
1	136.837
0	25.3084
1	132.629
1	76.56
1	105.204
1	111.742
1	241.869
1	117.378
1	67.0645
1	91.7762
1	89.3841
1	82.9681
1	77.6483
1	62.3198
1	131.345
1	39.4307
1	72.499
1	145.08
1	77.3926
1	70.2389
1	207.421
1	256.47
1	93.6629
1	72.8588
1	153.477
1	71.3559
1	122.152
1	83.6447
1	92.6058
1	63.836
1	154.563
1	249.009
1	99.3031
1	183.947
1	81.8015
1	66.1778
1	58.3546
1	75.8324
1	92.2537
1	90.6447
1	88.1934
1	71.6007
1	78.5785
1	81.8362
1	227.963
1	27.962
1	36.2015
1	136.448
1	95.7661
1	67.2757
1	53.1055
1	148.994
1	135.329
1	90.8796
1	125.548
1	138.224
1	77.2633
1	72.1972
1	75.7522
1	118.299
1	96.9751
1	23.9598
1	124.904
1	93.3992
1	70.4288
1	120.765
1	119.471
1	97.945
1	78.3598
1	105.905
1	88.2503
1	159.16
1	144.835
1	125.864
1	87.9191
1	119.514
1	108.812
1	97.9711
1	94.8213
1	114.917
1	71.654
1	113.305
1	304.243
1	109.555
1	125.939
1	71.6034
1	221.537
1	92.452
1	177.372
1	164.265
1	114.403
1	90.9682
1	95.5505
1	44.6412
1	148.782
1	179.544
1	251.388
1	92.1048
1	52.2671
1	49.268
1	33.7021
1	108.046
1	58.3015
1	46.2819
1	48.161
1	167.471
1	90.0165
1	102.851
1	157.555
1	68.8336
1	93.2944
1	82.6137
1	140.362
1	142.642
1	188.045
1	166.622
1	64.7486
1	123.377
1	89.6428
1	123.932
1	166.779
1	123.907
1	229.848
1	91.2584
1	123.856
1	160.37
1	87.5535
1	89.4533
1	59.3545
1	116.765
1	130.883
1	80.8872
1	45.886
1	143.031
1	130.023
1	113.084
1	48.5952
1	142.456
1	107.714
1	124.26
1	147.453
1	134.132
1	62.4178
1	76.4613
1	130.308
1	171.5
1	142.25
1	138.846
1	103.496
1	164.298
1	102.564
1	106.993
1	98.8017
1	152.448
1	161.184
1	117.326
1	78.7282
1	40.8152
1	79.1688
1	120.885
1	109.971
1	83.1624
1	210.62
1	138.603
1	97.68
1	59.5272
1	111.906
1	134.435
1	128.812
1	81.6003
1	125.989
1	58.9313
1	133.766
1	127.731
1	159.749
1	108.338
1	61.2456
1	56.9045
1	52.8329
1	55.1778
1	40.6088
1	126.846
1	167.221
1	86.1431
1	124.997
1	77.7001
1	175.219
1	190.483
1	72.503
1	77.1339
1	65.5816
1	51.4432
1	155.901
1	97.9776
1	136.335
1	226.551
1	66.4932
1	121.971
1	91.9997
1	145.211
1	43.8617
1	64.3739
1	100.377
1	61.4223
1	269.368
1	92.453
1	86.8889
1	127.613
1	103.01
1	50.3664
1	164.614
1	94.9445
1	53.4422
1	243.797
1	71.9871
1	146.302
1	86.4052
1	119.557
1	188.292
1	69.226
1	92.439
1	186.826
1	89.9049
1	63.954
1	57.12
1	111.01
1	99.9133
1	133.976
1	71.3942
1	174.379
1	89.6597
1	202.819
1	38.7946
1	101.432
1	166.326
1	145.108
1	85.5117
1	97.2476
1	137.587
1	59.6392
1	93.8844
1	116.43
1	145.476
1	39.1415
1	77.8287
1	137.335
1	100.786
1	85.0561
1	100.385
1	129.686
1	228.646
1	55.1287
1	143.297
1	83.4691
1	142.949
1	97.3698
1	101.062
1	91.0573
1	108.612
1	76.2394
1	201.344
1	75.3403
1	132.087
1	42.9346
1	113.796
1	168.468
1	56.7706
1	152.605
1	48.3616
1	104.167
1	160.675
1	160.551
1	124.908
1	165.173
1	115.621
1	130.178
1	138.462
1	155.173
1	111.981
1	87.1081
1	82.0744
1	235.505
1	101.153
1	118.344
1	95.6822
1	77.3793
1	58.451
1	173.108
1	122.368
1	196.382
1	164.393
1	63.3113
1	137.122
1	209.187
1	118.764
1	140.76
1	274.077
1	185.659
1	128.645
1	165.725
1	118.412
1	148.632
1	98.4043
1	91.1123
1	146.48
1	84.552
1	75.2612
1	165.786
1	128.011
1	46.2264
1	87.2402
1	132.331
1	85.0705
1	72.6221
1	75.0884
1	64.3177
1	98.7063
1	70.9205
1	99.738
1	61.9758
1	127.601
1	112.588
1	85.126
1	117.889
1	45.2209
1	98.6368
1	111.189
1	51.5339
1	47.433
1	61.8624
1	77.2307
1	197.531
1	102.201
1	79.7717
1	70.1966
1	65.6989
1	92.5016
1	182.229
1	83.9872
1	77.6186
1	155.103
1	134.411
1	119.096
1	139.227
1	87.4429
1	84.0205
1	60.6968
1	128.525
1	81.0613
1	104.63
1	89.4778
1	130.517
1	94.859
1	97.7901
1	58.5143
1	280.5
1	67.562
1	152.961
1	152.381
1	121.749
1	170.624
1	67.1396
1	118.563
1	99.9638
1	115.356
1	205.045
1	53.0515
1	79.7022
1	160.517
1	124.412
1	126.672
1	88.1656
1	131.543
1	102.679
1	106.062
1	78.0258
1	58.6244
1	123.538
1	62.7056
1	61.3001
1	81.3234
1	107.525
1	67.3057
1	142.034
1	85.3837
1	154.659
1	50.8462
1	78.2267
1	174.73
1	83.8862
1	64.8005
1	89.8385
1	124.972
1	70.2012
1	131.807
1	68.0821
1	122.521
1	122.211
1	174.068
1	194.662
1	96.4607
1	238.798
1	69.2423
1	144.768
1	105.519
1	95.4276
1	111.348
1	88.3891
1	154.019
1	161.785
1	113.27
1	96.2238
1	115.702
1	61.871
1	90.5881
1	76.4359
1	83.5279
1	214.427
1	126.163
1	265.931
1	105.706
1	85.565
1	81.3177
1	87.537
1	54.3876
1	122.602
1	94.9119
1	134.815
1	93.3569
1	107.62
1	47.5288
1	132.045
1	71.0158
1	82.4903
1	77.5273
1	202.572
1	317.235
1	293.883
1	163.509
1	53.7777
1	99.9687
1	70.933
1	168.113
1	90.4486
1	102.634
1	153.671
1	73.0711
1	75.6088
1	77.5688
1	109.918
1	78.5434
1	62.3934
1	66.2857
1	113.932
1	80.299
1	62.2017
1	154.374
1	73.7669
1	75.2414
1	73.1
1	100.992
1	103.555
1	141.765
1	44.5546
1	111.788
1	103.449
1	89.0002
1	73.9868
1	159.965
1	153.901
1	97.0532
1	177.054
1	135.025
1	56.3683
1	82.0903
1	81.5428
1	65.4721
1	104.482
1	101.032
1	192.856
1	107.841
1	72.1122
1	40.3426
0	83.774
1	96.7798
1	47.83
1	99.0022
1	87.7326
1	149.583
1	119.715
1	52.0494
1	209.773
1	182.542
1	119.682
1	158.302
1	86.8747
1	152.199
1	69.9815
1	56.3119
1	215.136
1	180.797
1	106.655
1	173.573
1	64.0179
1	199.799
1	27.1599
1	33.4337
1	158.065
1	61.2277
1	43.3391
1	50.2141
1	68.5029
1	102.849
1	78.7469
1	102.585
1	117.14
1	85.9926
1	234.245
1	235.323
1	245.952
1	87.8522
1	135.096
1	108.946
1	142.172
1	151.42
1	226.337
1	106.855
1	128.567
1	91.8626
1	221.694
1	179.408
1	61.9524
1	96.4236
1	157.191
1	117.93
1	213.947
1	216.286
1	85.6308
1	53.3682
1	71.6184
1	128.397
1	35.0933
1	87.4393
1	94.2344
1	144.971
1	96.3286
1	159.886
1	88.7687
1	101.425
0	3.05258
1	46.5761
1	95.2047
1	81.5674
1	78.2832
1	75.8212
1	99.122
1	158.702
1	171.275
1	58.5549
1	52.3868
1	134.484
1	50.3233
1	90.0717
1	178.126
1	176.693
1	70.1019
1	129.485
1	101.617
1	45.1821
1	154.534
1	151.693
1	76.9646
1	96.6957
1	118.538
1	52.5073
1	140.999
1	97.891
1	81.29
1	40.3759
1	85.1432
1	165.589
1	82.7418
1	133.489
1	23.7155
1	72.1736
1	66.1926
1	85.6258
1	129.928
1	98.5198
1	152.864
1	90.2811
1	119.74
1	57.6498
1	150.946
1	173.097
1	202.938
1	122.381
1	24.231
1	174.345
1	75.8562
1	141.058
1	37.2672
1	101.296
1	111.397
1	102.44
1	116.476
1	112.263
1	114.346
1	69.5961
0	14.8419
1	75.6695
0	6.21725
1	96.0017
1	113.301
1	58.3153
1	62.0174
1	144.879
1	88.2806
1	156.488
1	109.318
1	110.094
1	63.6963
1	114.099
1	97.8641
1	134.423
1	152.475
1	91.8429
1	240.245
1	45.7469
1	87.361
0	0.371861
1	72.3645
1	197.116
1	78.3241
1	55.9858
1	118.149
1	119.044
1	61.8777
1	111.489
1	120.909
1	28.2425
1	105.269
1	149.255
1	117.109
1	129.279
1	58.4742
1	99.6282
1	90.599
1	82.9887
1	135.76
1	104.503
1	83.3385
1	59.3934
1	154.623
1	47.7243
1	105.402
1	83.0345
1	219.996
1	89.7547
1	150.774
1	145.85
1	106.488
1	49.621
1	65.9234
1	143.204
1	115.909
1	115.451
1	72.609
1	71.4221
1	75.1589
1	145.484
1	127.869
1	66.7362
1	168.115
1	61.7777
1	107.287
1	54.9363
1	181.237
1	63.8047
1	99.0302
1	93.5802
1	88.2896
1	113.002
1	160.889
1	92.5627
1	89.5275
1	97.4722
1	96.2784
1	118.724
1	35.9514
1	124.743
1	62.7994
1	153.376
1	89.9639
1	50.8844
1	74.2603
1	68.766
1	184.546
1	115.387
1	104.171
1	87.956
1	147.951
1	68.9918
1	105.097
1	106.694
1	119.496
1	136.67
1	70.062
1	90.6358
1	109.599
1	81.9136
1	186.806
1	67.7622
1	88.1834
1	57.3069
1	67.4013
1	105.192
1	74.8063
1	110.695
1	106.959
1	64.2228
1	88.7461
1	93.4435
1	48.2735
1	60.1616
1	69.7444
1	81.3037
1	79.1906
1	65.2509
1	142.286
1	109.866
1	64.9319
1	62.0376
1	112.811
1	92.4091
1	97.1778
1	46.435
1	52.6475
1	121.483
1	65.1702
1	112.391
1	41.0157
1	26.7062
1	101.375
1	164.567
1	125.08
1	76.0275
1	75.9386
1	149.245
1	184.341
1	114.976
1	108.288
1	47.0054
1	132.008
1	106.539
1	119.391
1	83.998
1	87.0291
1	83.0896
1	111.068
1	120.348
1	45.4904
1	48.7712
1	98.6575
1	65.976
1	94.5995
1	55.9128
1	47.5517
1	113.364
1	22.9235
1	92.9468
1	138.395
1	71.6593
1	80.3396
1	105.626
1	104.728
1	148.124
1	87.7781
1	75.3215
1	55.5439
1	93.7975
1	92.5106
1	72.6124
1	67.1237
1	115.569
1	161.15
1	54.1204
1	84.3067
1	144.092
1	71.0574
1	70.4503
1	82.4427
1	153.842
1	52.4404
1	199.698
1	95.1351
1	232.409
1	138.194
1	134.585
1	62.382
1	167.104
1	177.847
1	33.4391
1	78.402
1	131.383
1	82.0008
1	87.4648
1	90.4081
1	157.133
1	90.7037
1	49.1027
1	67.2698
1	210.542
1	103.664
1	116.324
1	199.206
1	94.3528
1	80.4871
1	69.5765
1	138.051
1	275.417
1	98.1548
1	107.159
1	111.412
1	104.736
1	105.175
1	131.316
1	95.0832
1	84.3843
1	70.3099
1	62.6131
1	103.303
1	132.899
1	90.6524
1	143.1
1	61.4216
1	146.576
1	89.7099
1	80.9089
1	46.6748
1	132.605
1	66.6202
1	132.744
1	245.066
1	64.4821
1	109.927
1	98.8002
1	43.2761
1	60.2259
1	113.567
1	104.566
1	80.7842
1	113.783
1	140.843
1	77.6821
1	67.9788
1	115.678
1	115.026
1	80.4373
1	107.815
1	237.49
1	183.191
1	74.9557
1	101.864
1	172.888
1	90.0813
1	67.8519
1	126.605
1	193.762
1	65.7155
1	182.274
1	84.7773
1	112.306
1	101.775
1	77.3425
1	90.6268
1	73.9127
1	78.652
1	70.2468
1	147.54
1	125.715
1	209.906
1	130.74
1	166.234
1	92.9425
1	75.3382
1	125.168
1	173.73
1	109.797
1	151.257
1	76.4839
1	77.9753
1	80.3897
1	153.598
1	150.318
1	40.4323
1	77.7337
1	109.119
1	112.167
1	125.601
1	139.102
1	94.6178
1	139.434
1	104.89
1	85.067
1	146.299
1	116.486
1	126.987
1	125.059
1	161.122
1	128.771
1	60.8801
0	63.5815
1	98.048
1	105.137
1	105.266
1	125.666
1	108.427
1	75.8105
1	60.6849
1	52.338
1	99.0474
1	123.518
1	90.3985
1	70.7615
1	111.416
1	91.4022
1	89.973
1	86.2023
1	142.85
1	71.6236
0	61.8676
1	79.3046
1	56.2656
1	64.1941
1	92.9212
1	173.816
1	258.369
1	59.0677
1	74.6276
1	106.882
1	76.567
1	187.821
1	217.161
1	66.9194
1	79.8105
1	103.725
1	117.599
1	191.88
1	137.164
1	99.3725
1	124.197
1	91.3169
1	138.054
1	128.717
1	161.764
1	93.3043
1	38.3541
1	122.959
1	58.7021
0	59.57
1	90.1704
1	126.874
1	53.708
1	254.062
1	46.0608
1	95.2541
1	129.251
1	69.6412
1	76.6158
1	52.9542
1	86.4275
1	192.051
1	118.612
1	71.3849
1	115.068
1	62.3964
1	84.4872
1	177.026
1	128.694
1	104.344
1	85.6823
1	55.5607
1	153.604
1	123.604
1	165.881
1	89.3408
1	184.093
1	54.3234
1	92.3025
1	97.0352
1	78.6237
1	125.729
1	96.5068
1	225.316
1	62.252
1	117.18
1	187.245
1	114.288
1	244.981
1	83.2107
1	108.084
1	70.2089
1	66.5799
1	150.391
1	103.476
1	179.004
1	116.953
1	169.731
1	70.896
1	85.7338
1	117.003
1	180.334
1	99.3589
1	94.946
1	90.6027
1	183.305
1	37.8738
1	49.8295
1	90.8105
1	66.3248
1	65.7698
1	73.6043
1	89.0201
1	85.7999
1	195.258
1	54.0874
1	40.1922
1	183.023
1	106.522
1	97.0038
1	104.124
1	130.342
1	97.3361
1	215.604
1	42.8087
0	31.9416
1	179.42
1	171.467
1	69.3008
1	61.9886
1	113.04
1	60.5439
1	97.9747
1	81.0562
1	150.9
1	92.6721
1	104.643
1	98.2677
1	121.53
1	123.601
0	90.4734
1	55.3888
1	125.294
1	159.067
1	123.819
1	51.0666
1	155.9
1	117.515
1	120.212
1	156.455
1	163.044
1	83.6504
1	52.0162
1	181.867
1	92.2559
1	95.687
1	123.185
1	86.7888
1	90.3476
1	167.812
1	88.0122
1	67.6247
1	151.283
1	93.4155
1	35.6171
1	141.576
1	57.6401
1	75.63
1	189.685
1	125.142
1	107.682
1	85.1645
1	184.948
1	136.804
1	51.9428
1	98.5319
1	181.752
1	77.1242
1	97.2345
1	229.48
1	109.758
1	109.384
1	199.7
1	71.1317
1	110.676
1	58.4516
1	175.009
1	54.0762
1	34.2535
1	126.137
1	57.2089
1	102.934
1	75.9453
1	42.2426
1	102.689
1	31.6336
1	127.736
1	77.739
1	77.2112
1	73.8783
1	63.7878
1	77.4527
1	161.129
1	71.6908
1	63.7178
1	122.344
1	74.9913
1	158.418
1	154.728
1	162.074
1	66.4264
1	60.0342
1	111.93
1	51.0611
1	68.2033
1	67.2894
1	84.5894
1	81.0541
1	125.098
1	337.096
1	134.127
1	114.123
1	109.826
1	206.207
1	127.545
1	84.3381
1	80.9193
1	95.6463
1	196.169
1	131.857
1	102.761
1	157.838
1	97.2888
1	134.344
1	93.0946
1	131.606
1	114.852
1	106.608
1	44.8813
1	94.6365
1	109.498
1	44.7198
1	200.042
1	108.888
1	147.239
1	178.127
1	70.5525
1	99.8668
1	127.179
1	69.1045
1	123.323
1	50.3324
1	164.969
1	93.8776
1	127.077
1	194.642
1	101.135
1	101.227
1	147.883
1	131.89
1	124.006
1	85.9303
1	80.2314
1	138.513
1	77.1489
1	51.7645
1	76.2873
1	87.038
1	102.765
1	181.669
1	106.142
1	120.197
1	92.0944
1	77.8915
1	256.277
0	25.1716
0	127.398
1	54.8428
1	100.157
1	94.075
1	175.825
1	83.3143
1	63.7174
1	111.112
1	72.4405
1	62.3754
1	165.522
1	87.1791
1	75.8677
1	117.873
1	147.591
1	77.6022
1	78.4318
1	43.7086
1	95.8768
1	77.4818
1	83.4531
1	92.8473
1	51.4252
1	94.3114
1	83.5617
1	68.7443
1	144.454
1	171.35
1	110.685
1	119.868
1	134.799
1	43.4684
1	201.229
1	56.2371
1	86.1724
1	163.453
1	135.39
1	71.5114
1	22.1082
1	95.2729
1	95.4579
1	64.5853
1	132.377
1	85.4166
1	64.6215
1	162.392
1	75.9339
1	156.243
1	105.968
1	183.779
1	102.601
1	65.4586
1	178.423
1	117.173
1	85.7311
1	74.5472
1	83.4124
1	129.416
1	131.704
1	179.655
1	186.263
1	82.3278
1	35.9563
1	146.372
1	58.1089
1	51.3279
1	72.1974
1	140.353
1	114.263
1	65.4219
1	86.7502
1	89.6554
1	76.0265
1	170.876
1	87.4639
1	145.443
1	114.584
1	54.629
1	199.104
1	48.036
1	31.4209
1	172.684
1	109.274
1	95.3534
1	125.536
1	161.32
1	95.097
1	108.256
1	62.4304
1	85.3965
1	71.2768
1	105.017
1	86.0234
1	118.905
1	86.1341
1	119.591
1	150.588
1	75.0803
1	131.157
1	153.918
1	84.8759
1	71.8745
1	98.318
1	111.088
1	81.8062
1	98.3276
1	78.8771
1	84.6923
1	109.473
1	112.442
1	105.454
1	201.053
1	84.9703
1	71.2245
1	97.4556
1	84.0496
1	215.132
1	99.3709
1	92.2915
1	56.4266
1	127.284
1	131.734
1	63.0001
1	139.292
1	102.342
1	66.3569
1	111.982
1	100.38
1	57.0445
1	148.947
1	132.342
1	106.992
1	81.2369
1	115.332
1	114.892
1	131.005
1	120.833
1	431.234
1	81.6646
1	84.7814
1	201.568
1	80.7992
1	147.453
0	27.8071
1	66.1423
1	247.741
1	87.3392
1	89.6464
1	125.854
1	136.887
1	139.405
1	65.5672
1	108.262
1	144.948
1	181.087
1	31.1811
1	62.6168
1	115.433
1	54.904
1	156.466
1	118.282
1	179.864
1	76.2407
1	71.1204
1	121.087
1	67.6763
1	61.3646
1	110.158
1	134.099
1	57.8191
1	233.125
1	134.496
1	93.2934
1	74.2763
1	90.6182
1	94.2636
1	83.4191
1	158.348
1	98.4217
1	183.529
1	123.399
1	86.4726
1	102.841
1	50.8581
1	142.871
1	80.1593
1	77.8215
1	113.835
1	61.2641
1	51.299
1	138.704
1	114.57
1	181.315
1	164.964
1	56.5291
1	60.0176
1	98.4698
1	91.8949
1	110.985
1	123.105
1	105.884
1	129.058
1	105.226
1	141.472
1	68.6122
1	81.355
1	221.907
1	195.944
1	54.1047
1	128.04
1	152.355
1	125.966
1	54.7136
1	94.163
1	114.783
1	65.8373
1	104.092
1	165.067
1	60.7842
1	195.758
1	90.1602
1	146.157
1	123.304
1	83.471
1	111.138
1	80.4516
1	128.204
1	87.8835
1	80.5627
1	68.2921
1	65.6436
1	57.3657
1	97.1
1	127.992
1	96.3426
1	67.3315
1	162.453
1	80.7936
1	36.9387
1	65.6739
1	78.2494
1	44.6452
1	200.647
1	123.904
1	204.214
1	195.361
1	122.551
1	121.529
1	134.158
1	162.494
1	38.834
1	72.968
1	86.805
1	50.2614
1	107.28
0	21.6978
1	83.7521
1	93.8276
1	22.8546
1	120.634
1	86.8245
1	202.253
1	183.797
1	151.933
1	92.4913
1	36.8492
1	145.374
1	209.905
1	145.005
1	181.302
1	173.53
1	138.622
1	176.401
1	50.6043
1	85.0732
1	124.358
1	98.9953
1	131.734
1	97.0971
1	105.836
1	143.03
1	49.7773
1	81.3834
1	122.843
1	124.431
1	65.7346
1	92.532
1	84.8991
1	91.5963
1	136.622
1	121.648
1	101.524
1	70.3434
1	113.896
1	267.39
1	73.7065
1	65.6442
1	336.629
1	72.4014
1	183.72
1	103.848
1	72.9418
1	59.4095
1	59.2619
1	140.372
1	64.1559
1	50.8698
1	99.7657
1	205.366
1	72.0836
1	123.044
1	40.0305
1	67.1091
1	105.987
1	126.793
0	71.3094
1	149.914
1	302.909
1	67.7059
1	112.644
1	100.108
1	74.9704
1	48.1333
1	217.858
1	79.5194
1	143.238
1	99.7498
1	109.165
1	97.594
1	80.6222
1	55.593
1	113.484
1	43.5238
1	103.772
1	65.4774
1	154.177
1	147.304
1	86.6733
1	64.6282
1	53.1278
1	186.496
1	192.784
1	95.4579
1	79.4396
1	82.9658
1	60.1846
1	103.526
1	86.9616
1	214.563
1	208.094
1	118.962
1	118.661
1	72.1068
1	168.967
1	79.2909
1	173.624
1	113.1
1	100.292
1	80.6436
1	114.599
1	60.9362
1	157.818
1	59.0114
1	85.8667
1	147.451
1	77.843
1	96.7936
1	128.39
1	82.0285
1	155.366
1	103.709
1	86.8278
1	79.6192
1	106.176
1	85.6789
1	164.728
1	63.1483
1	64.3107
1	80.2857
1	107.469
1	153.756
1	142.582
1	26.4544
1	91.7007
1	69.2572
1	95.1492
1	99.3545
1	99.2224
1	106.79
1	170.251
1	135.294
1	79.5664
1	88.1266
1	77.5991
1	104.983
1	86.512
1	52.5266
1	67.307
1	145.999
1	101.465
1	91.9934
1	120.386
1	136.847
1	104.425
1	58.7564
1	131.194
1	235.003
1	69.0555
1	83.4206
1	40.0508
1	85.5003
1	121.661
1	107.913
1	138.931
1	110.087
1	131.306
1	63.4795
1	88.6679
1	106.378
1	146.672
1	42.1442
1	308.939
1	93.373
1	65.6927
1	101.389
1	84.1221
1	66.9496
1	88.2935
1	85.7186
1	68.9684
1	88.461
1	189.718
1	179.558
1	60.4261
1	121.733
1	204.979
1	238.996
1	243.288
1	56.2398
0	24.9875
1	114.055
1	105.995
1	152.469
1	108.536
1	36.268
1	154.373
1	94.6877
1	116.562
1	44.8495
1	124.238
1	79.2555
1	79.2118
1	122.496
1	75.3174
1	71.8042
1	111.52
1	128.311
1	69.8758
1	84.1365
1	39.169
1	98.9548
1	90.5019
1	71.2101
1	131.563
1	42.6051
1	232.887
1	66.1452
1	65.3995
1	61.8715
1	52.6112
1	106.214
1	80.9119
1	85.1102
1	79.0057
1	106.609
1	120.244
1	81.1827
1	49.9985
1	158.316
1	125.664
1	88.0927
1	173.322
1	89.718
1	93.6507
1	207.905
1	48.0608
1	36.1989
1	135.598
1	164.08
1	144.127
1	88.8009
1	83.102
1	76.8775
1	139.681
1	159.007
1	119.421
1	93.1807
1	174.934
1	76.7894
1	88.248
1	115.715
1	69.4291
1	45.2385
1	124.671
1	84.7516
1	82.2169
1	78.5084
1	68.8953
1	84.6214
1	123.711
1	94.3034
1	40.3429
1	61.6205
1	51.5057
1	133.354
1	79.036
1	92.1855
1	157.344
1	245.647
1	170.813
1	128.856
1	196.389
1	91.6407
1	85.852
1	116.34
1	148.56
1	80.5993
1	239.334
1	62.9248
1	114.412
1	156.545
1	76.2859
1	260.343
1	151.672
1	108.473
1	96.5198
1	92.6147
1	74.0329
1	86.1218
1	43.2867
1	57.3627
1	98.9967
1	70.1884
1	150.895
1	65.4992
1	45.7662
1	188.973
1	72.2203
1	102.832
1	81.9446
1	229.14
1	84.9122
1	159.94
1	58.8869
1	57.5751
1	117.535
1	168.357
1	62.8266
1	92.4539
1	83.2533
1	65.125
1	115.99
1	232.805
1	105.028
1	32.6633
1	83.9501
1	36.0323
1	101.98
1	81.9236
0	34.4542
1	73.0575
1	148.599
1	130.361
1	89.1354
1	291.964
1	96.7336
1	71.5958
1	95.4505
1	115.035
1	103.066
1	69.6272
1	161.652
1	117.905
1	93.7838
1	117.108
1	86.0343
1	223.736
1	113.49
1	87.6197
1	266.929
1	112.35
1	114.944
1	100.026
1	136.068
1	179.853
1	49.7772
1	152.475
1	115.392
1	104.38
1	148.299
1	75.0997
1	49.098
1	92.8183
1	102.565
1	109.395
1	39.1902
1	75.0932
1	114.104
1	50.4752
1	164.789
1	44.3628
1	50.2821
1	112.784
1	124.823
1	146.129
1	114.669
1	88.568
1	113.629
1	63.9893
1	92.9008
0	6.27021
1	78.9848
1	217.187
1	127.077
1	109.949
1	92.5632
1	63.186
1	64.9795
1	141.349
1	123.242
1	107.748
1	76.0934
1	111.182
1	228.577
1	121.958
1	87.8493
1	236.904
1	88.7985
1	230.859
1	160.812
1	48.0595
1	100.996
1	80.4352
1	106.21
1	85.7007
1	152.169
1	113.133
1	115.678
1	172.013
1	91.0823
1	76.2516
1	173.994
1	158.031
1	78.1913
1	304.024
1	44.2527
1	99.7105
1	86.0447
1	114.65
1	117.769
1	287.118
1	123.951
1	157.156
1	92.013
1	156.345
1	162.626
1	99.5205
1	84.4661
1	66.8366
1	117.939
1	84.001
1	76.7847
1	99.717
1	191.557
1	171.5
1	171.552
1	99.5737
1	54.6299
1	316.685
1	120.74
1	152.673
1	52.8708
1	86.4257
1	91.7006
1	89.2369
1	22.6515
1	175.29
1	58.1314
0	64.1695
1	205.852
1	67.0001
1	128.538
1	127.108
1	131.454
1	100.515
1	244.689
1	87.665
1	69.6186
1	58.4027
1	62.6704
1	122.847
1	39.0514
1	65.145
1	51.4742
1	98.6365
1	41.6812
1	70.2135
1	153.802
1	163.457
1	123.377
1	272.72
1	84.5751
1	81.9356
1	117.891
1	102.059
1	93.3395
1	143.537
1	65.0632
1	128.44
1	137.59
1	87.5744
1	46.1227
1	156.774
0	9.64022
1	124.25
1	118.055
1	130.391
1	84.6225
1	86.0457
1	149.817
1	41.3023
1	126.147
1	197.124
1	68.9875
0	112.921
1	79.3029
1	122.515
1	79.3511
1	58.0445
1	179.102
1	158.673
1	62.1562
1	71.785
1	65.7485
1	103.852
1	120.039
1	60.3626
1	81.3436
1	98.7898
1	74.5562
1	49.2769
1	143.748
1	192.315
1	75.1586
1	85.7122
1	138.309
1	143.764
1	101.173
1	78.9065
1	112.4
1	109.737
1	116.352
1	67.9961
1	101.418
1	128.402
1	263.397
1	213.055
1	273.521
1	102.043
1	96.5717
1	99.2486
1	195.529
1	109.998
1	43.5331
1	154.51
1	141.32
1	240.919
1	87.1911
1	108.254
1	85.0692
1	84.0441
1	87.8761
1	95.2015
1	137.015
1	112.764
1	97.0045
1	101.509
1	132.053
1	118.953
1	121.759
1	120.686
1	110.034
1	86.7881
1	87.4291
1	47.7412
1	51.0811
1	76.3423
1	91.3738
1	138.906
1	95.7838
1	92.8093
1	129.311
1	68.5447
1	58.5974
1	146.236
1	83.6612
1	119.066
1	66.1394
1	46.452
1	175.934
1	131.193
1	30.5105
1	177.797
1	42.6304
1	126.123
1	142.133
1	60.566
1	92.7244
1	102.699
1	112.094
1	114.5
1	129.917
1	95.4987
1	51.9123
1	79.741
1	92.0587
1	134.728
1	178.961
1	58.0226
1	57.8708
1	203.921
1	143.695
1	158.236
1	238.409
1	158.669
1	209.352
1	51.7206
1	77.5692
1	91.399
1	145.386
1	47.4393
1	68.0946
1	70.0662
1	125.454
1	190.76
1	79.8208
1	86.2449
1	70.4823
1	56.2805
1	185.197
1	100.634
1	70.0907
1	206.507
1	162.096
1	100.914
1	69.255
1	74.082
1	50.9718
1	192.893
1	78.9297
1	138.147
1	72.8153
1	75.1552
1	66.1183
1	149.557
1	84.0281
1	87.3646
1	78.3676
1	161.8
1	123.975
1	120.465
1	144.274
1	141.683
1	45.7332
1	106.859
1	142.018
1	125.392
1	51.1382
1	98.578
1	140.204
1	95.9398
1	82.7994
1	84.4734
1	83.8985
1	140.065
1	86.6697
1	72.7825
1	156.416
1	107.03
1	103.058
1	78.6455
1	129.419
1	126.923
1	83.2219
1	165.4
1	60.1723
1	76.059
1	105.375
1	204.817
1	70.1394
1	109.402
1	77.7763
1	132.423
1	143.389
1	130.899
1	110.286
1	265.732
1	206.176
1	211.852
1	113.824
1	137.129
1	50.49
1	143.769
1	66.9474
1	92.1618
1	43.6498
1	80.2192
1	190.061
1	94.0316
1	151.126
1	68.1452
1	103.52
1	122.227
1	87.7681
1	97.4794
1	149.752
1	58.3788
1	81.9643
1	270.477
1	75.1749
1	42.8819
1	57.7877
1	158.641
1	30.8783
1	134.45
1	61.987
1	96.8334
1	92.1238
1	150.273
1	84.65
1	116.936
1	89.6985
1	99.5436
1	100.98
1	54.6576
1	95.9655
1	115.575
1	48.1557
1	111.043
1	64.1646
1	45.7391
1	92.4019
1	126.617
1	82.6046
1	123.066
1	134.248
1	117.846
1	105.503
1	91.8605
1	110.832
1	279.739
1	82.7616
1	45.0067
1	112.045
0	43.4414
1	98.4433
1	72.9766
1	97.6782
1	119.211
1	27.6813
1	110.425
1	126.088
1	150.615
0	25.5482
1	93.9989
1	95.3366
1	154.373
1	115.187
1	136.651
1	99.1208
1	60.7236
1	182.95
1	108.028
1	78.373
1	128.513
1	48.9125
1	101.245
1	156.459
1	231.225
1	109.35
1	70.856
1	132.338
1	111.01
1	49.973
1	75.827
1	129.929
1	85.417
1	77.4727
1	130.243
1	79.8191
1	138.523
1	214.713
1	215.577
1	149.662
1	173.246
1	142.806
1	103.256
1	71.5446
1	131.106
1	135.936
1	128.538
1	92.2443
1	148.104
1	31.4123
1	176.427
1	247.72
1	79.4785
1	158.18
1	110.213
1	93.5493
1	78.3889
1	53.4802
1	60.7587
1	129.412
1	283.628
1	59.8288
1	191.092
1	196.07
1	174.41
1	71.1514
1	75.7218
1	78.7334
1	110.212
1	78.2981
1	50.7478
1	63.0388
1	122.842
1	161.182
1	67.6381
1	75.8145
1	137.771
1	53.824
1	53.4027
1	50.7045
1	145.474
1	85.6024
1	104.474
1	156.45
1	103.036
1	56.8507
1	98.1072
1	215.481
1	322.171
1	88.2681
1	114.706
1	88.1654
1	148
1	127.929
1	126.689
1	144.878
1	81.1526
0	29.2025
1	137.535
1	54.7419
1	79.1954
1	107.024
1	83.2223
1	56.836
1	210.861
1	74.4832
1	63.9182
1	55.8068
1	119.72
1	75.6327
1	51.6901
1	151.745
1	95.8655
0	21.2631
1	126.1
1	176.955
1	102.366
1	142.37
1	75.5734
1	74.1875
1	84.5029
1	147.446
1	85.6521
1	93.8581
1	54.0949
1	76.6944
1	138.021
1	233.574
1	175.858
1	141.529
1	110.821
1	95.9619
1	152.933
1	30.2257
1	332.39
0	204.533
1	180.567
1	190.781
1	142.999
1	57.2782
1	135.915
1	240.701
1	110.509
1	79.9627
1	93.2958
1	73.0614
1	40.4607
1	70.2917
1	181.127
1	160.859
1	45.191
1	193.188
1	129.406
1	64.8229
1	45.3198
1	165.102
1	65.9236
1	92.5183
1	102.875
1	119.712
1	94.1909
1	60.1966
1	92.2425
1	170.705
1	120.893
1	154.788
1	249.205
1	143.086
1	61.0722
1	76.8182
1	115.761
1	120.72
1	79.3444
1	140.547
1	97.0252
1	172.995
1	65.2903
1	78.6223
1	78.8876
1	96.5489
1	88.0947
1	92.5351
1	76.3118
1	186.455
1	68.9791
1	73.2684
1	135.888
1	233.574
1	126.518
1	106.234
1	70.0439
1	90.8089
1	173.738
1	133.41
1	95.9551
1	161.437
1	120.674
1	81.5465
1	76.047
1	35.1667
1	238.765
1	100.449
1	96.038
1	105.056
1	73.8722
1	89.9585
1	119.154
1	89.9493
1	99.1808
1	95.8851
1	108.772
1	112.659
1	138.45
1	113.973
1	146.272
1	73.4635
1	131.268
1	171.067
1	51.3449
1	81.9092
1	139.498
1	37.0393
1	113.42
1	128.897
1	120.357
1	43.7385
1	117.837
1	84.6623
1	109.07
1	128.64
1	104.111
1	104.885
1	100.625
1	94.2745
1	101.816
1	110.288
1	56.0202
1	50.416
1	66.2779
1	73.1265
1	102.093
1	173.964
1	100.414
1	126.612
1	78.0568
1	78.9159
1	157.552
1	171.573
1	55.1829
1	48.2864
1	99.9328
1	109.998
1	106.007
1	80.2491
1	154.425
1	104.296
1	37.5289
1	68.2798
1	220.429
1	174.919
1	136.314
1	23.4195
1	80.6802
1	89.1456
1	37.9547
1	103.222
1	68.5111
1	73.517
1	76.7874
1	153.621
1	70.3104
1	104.629
1	89.2078
1	88.3398
1	94.3048
1	93.1987
1	90.9838
1	116.31
1	142.442
1	113.42
1	132.399
1	155.199
1	79.3139
1	67.8942
1	209.429
1	58.9806
1	113.017
1	171.568
1	156.147
1	110.303
1	116.899
1	94.1145
1	139.667
1	77.3057
1	44.26
1	148.882
1	62.3691
1	93.1264
1	112.605
1	94.2325
1	103.6
1	51.3771
0	115.576
1	137.675
1	112.455
1	79.6937
1	71.6319
1	86.3643
1	63.4459
1	194.452
1	140.696
1	126.897
1	106.745
1	121.184
1	194.072
1	77.3374
1	140.923
1	101.938
1	95.4549
1	151.872
1	109.029
1	151.553
1	58.1306
1	118.333
1	144.761
1	135.597
1	127.077
1	41.9116
1	77.8048
1	94.5981
1	164.203
1	107.98
1	39.3593
1	81.4184
1	122.754
1	128.238
1	72.0601
1	274.307
1	49.6364
1	136.379
1	91.004
1	36.3558
1	73.7048
1	156.851
1	80.9962
1	115.269
1	130.907
1	89.5432
1	149.611
1	189.279
1	96.5656
1	72.5045
1	145.212
1	63.6565
1	242.101
1	78.3522
1	78.8069
1	112.111
1	121.344
1	55.4672
1	67.7758
1	87.397
1	109.049
1	91.7896
1	120.3
1	45.6931
1	80.1615
1	42.5763
1	88.0038
1	80.6325
1	89.7424
1	224.089
1	53.1544
1	156.004
1	99.2449
1	68.9853
1	47.7341
1	97.0041
1	113.196
1	74.972
1	169.532
1	80.3458
1	91.76
1	102.542
1	56.1158
1	107.229
1	141.586
1	69.6404
1	135.768
1	66.9758
1	32.1339
1	128.12
1	76.0921
1	79.7866
1	149.439
1	127.03
1	185.217
1	95.0439
1	101.946
1	154.467
1	82.8105
1	122.146
1	116.525
1	167.716
1	133.739
1	138.34
1	64.3371
1	108.512
1	141.476
1	68.0464
1	128.864
1	122.637
1	167.061
1	163.136
1	137.001
1	125.861
1	81.2473
1	204.525
1	134.117
1	114.954
1	124.154
1	121.093
1	112.32
1	78.9543
1	152.124
1	167.996
1	172.492
1	171.818
1	55.852
1	107.126
1	105.094
1	299.57
1	51.1468
1	118.913
1	102.571
1	92.1237
1	75.5537
1	105.225
1	73.6969
1	223.299
1	109.128
1	119.292
1	88.4408
1	78.3924
1	58.1018
1	248.297
1	161.056
1	87.55
1	60.0017
1	90.4437
1	57.9932
1	102.112
1	81.4611
1	75.7141
1	97.2902
1	137.387
1	62.5445
1	96.2188
1	111.899
1	127.395
1	70.7374
1	97.9161
1	56.5428
1	112.789
1	159.394
1	75.0075
1	106.799
1	69.0077
1	76.632
1	115.965
1	76.9773
1	89.7361
1	36.4046
1	106.368
1	124.295
1	161.939
1	108.191
1	98.4198
1	120.76
1	123.922
1	128.535
1	104.494
1	100.541
1	155.942
1	39.96
1	106.006
1	138.32
1	116.212
1	48.4362
1	120.496
1	26.6202
1	90.2108
1	89.255
1	107.626
1	81.6035
1	142.576
1	122.8
1	121.624
1	115.348
1	119.489
1	95.4339
1	102.881
1	177.65
1	67.7227
1	55.9012
1	132.802
1	100.457
1	70.6242
1	113.172
1	158.911
1	141.138
1	166.122
1	67.7695
1	108.809
1	212.542
1	87.5282
1	118.395
1	180.025
1	106.114
1	60.406
1	55.1756
1	45.402
1	88.1156
1	59.8399
1	120.804
1	113.073
1	96.1315
1	47.8261
1	173.488
1	81.982
1	157.702
1	201.349
1	155.44
1	73.9944
1	100.103
1	122.808
1	110.316
1	101.946
1	71.0812
1	108.392
1	102.378
1	43.9813
1	130.926
1	97.7648
1	110.789
1	261.413
1	117.815
1	75.9018
1	191.643
1	169.863
1	99.8297
1	116.113
1	89.1088
1	114.363
1	129.043
1	117.772
1	58.9157
1	83.066
1	46.0884
1	122.904
1	72.0983
1	108.062
1	68.9873
1	119.434
1	132.966
1	143.319
1	107.283
1	100.842
1	120.786
1	130.668
1	43.7104
1	123.026
1	63.6922
1	71.19
1	173.893
1	145.266
1	65.4213
1	138.834
1	295.623
1	190.781
1	89.8823
1	131.151
1	79.2343
1	145.339
1	116.832
1	86.754
1	122.015
1	89.9742
1	40.8216
1	105.257
1	98.3382
1	89.0143
1	72.7312
1	167.163
1	114.517
1	122.447
1	127.902
1	53.5418
1	100.582
1	170.087
1	102.792
1	96.9222
1	87.5733
1	132.865
1	83.2335
1	117.802
1	136.351
1	300.744
1	135.91
1	93.5024
1	50.0289
1	213.842
1	67.1722
1	135.472
1	213.41
1	72.3606
1	135.123
1	129.691
1	118.06
1	165.269
1	71.7411
1	110.347
1	97.5426
1	127.667
1	210.817
1	207.958
1	51.4814
1	76.9162
1	223.761
1	75.7736
1	49.3433
1	62.0267
1	84.4907
1	119.929
1	79.5755
1	64.2023
1	93.8789
1	118.775
1	129.005
1	76.0865
1	153.264
1	87.5047
1	159.314
1	144.527
1	93.0868
1	111.367
1	135.374
1	125.669
1	73.7223
1	131.511
1	54.0444
1	207.963
1	93.0615
1	35.6345
1	79.0158
1	116.406
1	90.4908
1	110.541
1	91.8647
1	41.0101
1	217.571
1	141.02
1	181.142
1	83.9024
1	121.058
1	93.584
1	102.145
1	90.1232
1	155.065
1	157.093
1	150.835
1	107.138
1	103.489
1	117.03
1	57.0795
1	163.808
1	68.4411
1	74.3133
1	104.3
1	101.693
1	52.2831
1	241.116
1	80.2462
1	95.6848
1	74.4532
1	146.695
1	243.49
0	13.0553
1	186.724
1	177.869
1	72.326
1	72.9717
1	44.1511
1	91.0081
1	114.062
1	234.954
1	133.058
1	179.024
1	104.976
1	111.638
1	62.6079
1	53.8225
1	148.489
1	86.1663
1	118.878
1	74.4975
1	110.9
1	63.9212
1	125.313
1	143.017
1	61.1699
1	144.548
1	54.28
1	50.0622
1	47.2998
1	111.243
1	108.592
1	102.058
1	133.927
1	76.3035
1	67.7262
1	158.808
1	195.652
1	117.243
1	68.8651
1	105.525
1	102.887
1	67.8497
1	29.5224
1	117.68
1	111.115
1	69.9599
1	160.524
1	111.704
1	93.2105
1	144.679
1	55.8133
1	216.919
1	101.933
0	19.4362
1	64.541
1	80.1972
1	121.692
1	92.7228
1	72.2625
1	82.7868
1	96.2931
1	88.6339
1	125.364
1	162.886
1	93.9339
1	114.703
1	140.88
1	125.932
1	59.9525
1	132.021
1	87.0581
1	89.8423
1	91.4088
1	71.0606
1	106.692
1	110.306
1	52.6172
1	75.0648
1	232.905
1	133.329
1	91.0887
1	79.804
1	193.69
1	99.7521
1	143.26
1	68.8794
1	128.631
1	109.209
1	59.1173
1	88.2314
1	124.572
1	101.046
1	110.056
1	53.7251
1	228.209
1	92.0829
1	73.5808
1	102.681
1	61.3459
1	82.3983
1	59.1151
1	88.3462
1	131.669
1	96.4308
1	104.539
1	77.7285
1	64.0524
1	51.6814
1	61.0414
1	91.4968
1	137.195
1	104.768
1	112.255
1	138.198
1	96.6455
1	30.6689
1	99.6395
1	159.707
1	92.4989
1	80.8478
1	69.4869
1	128.735
1	30.3344
1	56.4338
1	98.2065
1	75.395
1	159.506
1	85.2579
1	79.3204
1	76.1242
1	88.2452
1	90.3477
1	38.8369
1	150.64
1	67.659
1	37.0837
1	70.584
1	120.579
1	134.862
1	113.636
1	118.989
1	154.709
1	232.995
1	107.494
1	69.5553
1	85.912
1	51.5098
1	55.4743
1	75.5575
1	168.948
1	87.8799
1	83.7633
1	83.0027
1	67.1473
1	52.8609
1	52.5334
1	93.2677
1	84.3693
1	110.52
1	80.1357
1	132.32
1	120.377
1	147.233
1	67.83
1	76.2856
1	100.416
1	62.9558
1	142.847
1	67.9503
1	112.221
1	83.9387
1	87.63
1	137.393
1	73.2843
1	69.325
1	189.525
1	213.196
1	105.173
1	157.604
1	137.653
1	68.7312
1	141.357
1	109.601
1	119.735
1	104.603
1	104.091
1	97.6919
1	99.774
1	121.756
1	98.9866
1	94.6921
1	144.956
1	91.8935
1	37.4445
1	56.969
1	105.944
1	63.5303
1	70.6401
1	105.411
1	52.3076
0	47.268
1	92.9414
1	176.701
1	138.423
1	165.457
1	69.8694
1	164.985
1	120.219
1	67.7977
1	75.4766
1	159.024
1	99.934
1	191.712
1	141.873
1	110.027
1	59.6996
1	75.8075
1	71.4998
1	67.755
1	213.462
1	154.975
1	228.459
1	59.4178
1	115.853
1	127.384
1	250.24
1	94.5405
1	65.9689
1	144.619
1	96.365
1	141.625
1	127.944
1	109.147
1	194.803
1	135.323
1	56.4393
1	62.9056
1	96.8387
1	94.866
1	59.7638
1	117.753
1	99.1015
1	79.3912
1	144.015
1	141.243
1	174.39
1	92.5917
1	138.58
1	103.952
1	99.8288
1	183.623
1	72.0812
1	53.4847
1	160.027
1	95.8761
1	152.205
1	70.6432
1	84.7872
1	85.4759
1	132.584
1	214.119
1	100.476
1	79.0296
1	95.9539
1	130.078
1	94.2866
1	235.435
1	83.9329
1	83.0831
1	79.4421
1	180.561
1	109.696
1	120.471
1	175.855
1	116.728
1	106.001
1	126.305
1	116.861
1	59.8765
1	155.86
1	88.0709
1	95.1827
1	173.169
1	128.47
1	101.936
1	106.655
1	184.029
1	117.419
1	106.319
1	62.4679
1	68.8404
1	87.4784
1	96.2224
1	115.954
1	190.431
1	39.9548
1	80.9043
1	164.176
1	95.4786
1	148.263
1	112.807
1	71.8551
1	126.809
1	106.374
1	154.374
1	136.95
1	74.2822
1	55.37
1	60.3237
1	131.656
1	130.075
1	99.2691
1	118.84
1	50.1487
1	76.6783
1	128.549
1	125.259
1	88.1157
1	74.5104
1	132.496
1	106.8
1	75.4435
1	111.328
1	263.075
1	59.6782
1	58.599
1	156.761
1	146.914
1	96.2949
1	75.9233
1	80.0585
1	118.705
1	128.167
1	137.526
1	85.3355
1	81.1209
1	148.288
1	88.8448
1	64.9484
1	81.5542
1	134.247
1	129.19
1	55.7475
1	167.87
1	99.6979
1	90.4642
1	70.133
1	100.697
1	66.7936
1	264.262
1	66.3828
1	153.479
1	136.063
1	52.5798
1	108.137
1	214.293
1	54.4828
1	131.655
1	65.8795
1	86.5986
1	71.0668
1	158.193
1	82.8983
1	132.003
1	91.3374
1	85.7034
1	169.602
1	83.4896
1	71.532
1	85.0771
1	77.6277
1	78.3494
1	146.106
1	64.9266
1	69.9839
1	160.287
1	108.883
1	101.865
1	224.15
1	119.254
1	56.8865
1	126.135
1	116.478
1	123.864
1	142.033
1	130.601
1	110.307
1	120.043
1	107.749
1	143.1
1	194.761
1	150.156
1	106.855
1	121.711
1	108.436
1	86.5065
1	170.461
1	131.74
1	42.0046
1	103.724
1	64.2601
1	66.9857
1	33.0617
1	126.212
1	152.717
1	105.278
1	108.722
1	85.7232
1	62.0625
1	116.726
1	71.8156
1	73.0326
1	155.608
1	94.6733
1	115.551
1	46.7529
1	67.1645
1	147.233
1	110.371
1	160.21
1	124.982
1	69.9652
1	98.8894
1	94.06
1	144.836
1	71.5269
1	71.603
1	76.9559
1	123.909
1	100.771
1	80.0724
1	78.1023
1	50.4186
1	45.649
1	73.9139
1	139.123
1	124.287
1	82.9315
1	210.836
1	79.0567
1	92.2626
1	51.3135
1	109.295
1	75.5158
1	85.7375
1	132.779
1	88.8538
1	111.371
1	204.304
1	50.6986
1	85.4255
1	71.4385
1	128.365
1	57.5303
1	153.807
1	53.1949
1	174.491
1	82.8124
0	18.1435
1	85.0964
1	56.0836
1	74.8123
1	120.743
1	86.0805
1	106.567
0	26.2155
1	82.5075
1	98.318
0	51.3149
1	99.854
1	80.9217
1	93.8349
1	92.2984
1	84.8454
1	120.911
1	67.9808
1	81.6459
1	66.309
1	124.598
1	174.602
1	131.191
1	98.3646
1	77.4685
1	155.846
1	191.269
1	59.883
1	30.8018
1	135.879
1	44.3502
1	89.6349
1	69.0041
1	123.592
1	66.0384
1	111.699
1	89.4344
1	104.659
1	239.858
1	167.506
1	83.3007
1	125.487
1	80.8759
1	177.437
1	93.6518
1	123.468
1	143.356
1	59.6476
1	122.95
1	54.9757
1	81.856
1	157.737
1	57.4018
1	72.6075
1	55.161
1	85.4162
1	95.7403
1	140.986
1	65.9236
1	119.511
1	126.818
0	0.80046
1	96.629
1	172.835
1	176.303
1	207.745
1	187.58
1	95.1782
1	146.464
1	113.691
1	44.8507
1	120.386
1	192.105
1	119.553
1	93.0107
1	80.757
1	166.708
1	48.9271
1	107.72
1	69.5489
1	50.125
1	86.1132
1	118.869
1	128.178
1	138.244
1	182.068
1	85.6793
1	68.1978
1	60.1098
1	149.271
1	83.139
1	97.6205
1	275.093
1	56.813
1	67.1999
1	157.892
1	120.905
1	163.184
1	172.108
1	59.2319
1	107.646
1	72.9634
1	96.9548
1	169.191
1	178.21
1	90.2308
1	87.1036
1	152.876
1	112.8
1	96.2441
1	64.5938
1	70.1652
1	40.4772
1	149.54
1	59.4638
1	126.317
1	134.714
1	80.2756
1	103.479
1	51.9881
1	51.1047
1	125.767
1	63.4459
1	113.066
1	56.6817
1	81.1788
1	172.038
1	94.2433
1	83.0515
1	202.889
1	52.5403
1	167.212
1	50.381
1	65.9633
1	63.6118
1	96.4649
1	127.62
1	109.382
1	112.398
1	137.11
1	124.961
1	108.069
1	58.2273
1	147.033
1	42.7643
1	60.9228
1	127.344
1	114.299
1	130.005
1	33.9065
1	151.324
1	87.2081
1	81.7473
1	68.9721
1	120.094
1	83.6488
1	99.4664
1	85.5078
1	144.731
1	141.346
1	189.064
1	79.4474
1	108.403
1	29.0043
1	69.7934
1	156.865
1	61.257
1	32.4552
1	115.38
1	183.08
1	175.115
1	105.809
1	67.6219
1	137.262
1	96.9056
1	158.882
1	47.1012
1	100.726
1	61.0189
0	173.967
1	117.851
1	131.419
1	103.19
1	114.01
1	65.1825
1	94.5708
1	68.2026
1	80.2426
1	115.399
1	178.368
1	174.719
1	97.6266
1	108.304
1	114.565
1	50.1703
1	60.9024
1	84.1736
1	131.964
1	60.7636
1	155.674
1	165.802
1	119.729
1	121.904
1	96.6559
1	71.8084
1	118.468
1	60.1604
1	201.249
1	160.202
1	76.1015
1	139.342
1	108.195
1	116.443
1	58.7141
1	110.749
1	99.2304
1	177.558
1	103.749
1	60.8828
1	114.978
1	82.6343
1	78.2309
1	143.656
1	83.5795
1	124.817
1	125.955
1	72.9984
1	101.587
1	109.981
1	187.023
1	85.4165
1	173.064
1	81.4822
1	90.6738
1	140.723
1	95.3168
1	54.8264
1	250.311
1	90.5595
1	54.2621
1	121.56
1	75.4658
1	181.586
1	170.061
1	97.317
1	79.6479
1	52.5339
1	137.798
1	118.161
1	86.1999
1	147.845
1	151.711
1	36.218
1	57.6694
1	66.4927
1	136.164
1	133.418
1	57.6279
1	119.153
1	79.1273
1	44.7394
1	136.797
1	106.63
1	87.3507
1	83.873
1	115.213
1	98.0598
1	54.0382
1	42.7633
1	63.9982
1	67.9928
1	83.8368
1	92.0282
1	51.3182
1	150.782
1	72.2198
1	75.9897
1	57.1265
1	126.492
1	114.262
1	57.399
0	0.638581
1	102.996
1	192.973
1	107.077
1	88.5615
1	102.941
1	113.821
1	51.7387
1	147.758
1	109.184
1	188.737
1	187.565
1	91.7715
1	83.1543
1	52.1115
1	103.963
1	141.905
1	125.111
1	106.611
1	114.558
1	64.2867
1	166.529
1	84.8303
1	150.166
1	104.856
1	63.0694
1	94.7041
1	143.33
1	79.8227
1	43.2214
1	221.171
1	62.593
1	116.421
1	64.4027
1	202.267
1	187.799
1	114.937
1	197.961
1	46.7119
1	169.7
1	32.2082
1	73.8043
1	86.4521
1	185.136
1	108.169
1	83.8051
1	91.0646
1	110.182
1	109.575
1	80.7473
1	159.908
1	102.476
1	166.448
1	188.453
1	67.0497
1	23.0888
1	90.7245
1	110.38
1	56.3051
1	119.848
1	59.4514
1	58.631
1	133.7
1	87.8296
1	148.342
1	85.5449
1	65.043
1	98.2547
1	52.8179
1	77.8977
1	139.249
1	64.1102
1	172.261
1	74.5894
1	109.584
0	3.92209
1	66.4972
1	113.944
1	147.07
1	99.5079
1	108.519
1	114.511
1	115.11
1	171.044
1	66.0408
1	63.3429
1	70.4662
1	148.898
1	94.8795
1	74.6079
1	128.324
1	129.536
1	100.067
1	142.406
1	133.089
1	82.3511
1	105.543
1	89.1429
1	135.255
1	62.4943
1	151.142
1	161.129
1	88.836
1	137.083
1	110.509
1	46.7338
1	132.977
1	97.6322
1	48.4674
1	77.1758
1	159.965
1	94.0151
1	113.317
1	135.681
1	83.1539
1	48.2702
1	80.8418
1	34.7769
1	149.377
1	186.505
1	153.043
1	86.548
1	88.1554
1	73.3836
1	81.4074
1	62.0226
1	158.303
1	166.672
1	124.385
1	73.3501
1	77.2225
1	90.3295
1	144.295
1	65.3201
1	94.8992
1	119.791
1	155.264
1	154.258
1	141.751
1	119.492
1	193.746
1	48.6433
1	36.6069
1	99.4681
1	92.614
1	125.126
1	191.794
1	158.782
1	117.268
1	103.312
1	118.339
1	74.6901
1	190.418
1	138.082
1	82.6205
1	103.865
1	136.638
1	63.7448
1	62.8797
1	53.341
1	131.515
1	62.0679
1	113.452
1	131.744
1	74.2766
1	146.134
1	95.3263
1	143.766
1	106.257
1	63.06
1	94.3889
1	87.7818
1	185.907
1	244.779
1	113.319
1	130.127
1	75.7947
0	82.779
1	72.3418
1	171.809
1	78.8107
0	4.38634
1	88.8191
1	159.661
1	144.265
1	69.1016
1	69.6972
1	107.939
1	100.339
1	111.081
1	143.146
1	85.6664
1	159.727
1	126.197
1	132.187
1	95.7651
1	98.583
1	57.6787
1	120.88
1	165.938
1	68.7
1	85.1667
1	129.571
1	122.254
1	125.732
1	160.05
1	93.7638
1	159.918
1	143.113
1	202.917
1	159.991
1	95.4555
1	91.9388
1	90.3457
1	189.61
1	137.197
1	72.4846
1	82.578
1	62.4017
1	132.882
1	82.465
1	51.5903
1	216.553
1	155.726
1	155.853
1	53.3831
1	129.353
1	97.9415
1	100.942
1	154.61
1	69.3456
1	110.053
1	93.4612
1	54.7627
1	156.788
1	115.517
1	79.8093
1	117.296
1	134.614
1	58.4563
1	66.7461
1	65.2786
1	130.355
1	119.333
1	139.544
1	173.517
1	277.2
1	112.875
1	62.5947
1	100.372
1	57.6897
1	113.694
1	86.6063
1	126.412
1	84.548
1	178.417
1	76.702
1	125.169
1	105.369
1	51.8652
1	163.944
1	51.4104
1	114.663
1	156.527
1	91.3533
1	132.843
1	145.67
1	246.515
1	127.761
1	109.19
1	53.8908
1	66.7551
1	29.2739
1	131.12
1	79.4221
1	124.63
1	76.5915
1	80.4459
1	220.688
1	69.0818
1	179.655
1	111.261
1	101.855
1	122.633
1	149.918
1	139.095
1	48.3089
1	245.098
1	122.6
1	157.734
1	96.1423
1	57.0351
1	77.8684
1	166.019
1	84.7514
1	91.0187
1	39.8215
1	110.467
1	184.092
1	125.907
1	108.817
1	78.155
1	83.9457
1	48.6983
1	83.9454
1	145.868
1	130.617
1	97.2337
1	120.903
1	92.7996
1	95.4156
1	38.07
1	83.9232
1	97.691
1	48.9862
1	89.8586
1	67.7704
0	2.02932
1	104.797
1	146.937
1	135.685
1	89.4453
1	45.3465
1	193.16
1	69.7009
1	90.0745
1	114.54
1	85.6832
1	152.963
1	59.6754
1	275.227
1	81.4193
1	104.599
1	125.62
1	129.743
1	149.028
1	67.9768
1	87.3532
1	307.635
1	46.2162
1	156.915
1	115.027
1	169.202
1	195.229
1	64.6205
1	183.19
1	50.5062
1	43.8473
1	85.6844
1	167.824
1	142.549
1	192.131
1	108.347
1	86.8585
1	110.294
1	100.278
1	100.161
1	137.991
1	138.805
1	133.615
1	87.1635
1	52.0251
1	104.007
1	98.1746
1	123.235
1	55.4794
1	132.878
1	106.884
1	53.9091
1	153.944
1	110.594
1	112.838
1	84.8341
1	95.9357
1	78.9541
1	75.1955
1	56.9526
1	130.935
1	132.167
1	154.798
1	92.8138
1	150.771
1	45.0581
1	133.498
1	60.8403
1	81.1548
1	135.609
1	124.612
1	145.149
1	78.1788
1	32.5269
1	69.1853
1	62.5833
1	109.439
1	120.406
1	42.7781
1	118.773
1	133.974
1	61.8375
1	131.586
1	131.61
1	116.063
1	146.155
1	80.1271
1	155.865
1	126.288
1	121.778
1	85.0139
1	205.902
1	43.776
1	111.286
1	180.234
1	238.321
1	173.99
1	88.4977
1	203.47
1	173.777
1	171.698
1	105.659
1	93.8691
1	80.0273
1	64.1062
1	115.458
1	74.9111
1	140.076
1	93.679
1	77.4956
1	54.9141
1	128.396
1	228.21
1	76.4517
1	89.4982
1	30.8346
1	217.081
1	82.4639
1	74.5093
1	91.1679
1	151.33
1	62.1911
1	76.3277
1	252.319
1	76.4025
1	74.2748
1	84.1257
1	138.215
1	84.5912
1	66.6899
1	96.8033
1	98.1159
1	33.7376
1	124.225
1	70.9223
1	97.805
1	93.013
1	148.448
1	89.4623
1	103.571
1	90.8234
1	34.387
1	187.531
1	157.057
1	49.1805
1	55.1039
1	68.8089
1	133.018
1	248.831
1	74.4047
1	54.7571
1	182.915
1	169.599
1	117.526
1	81.1606
1	123.766
1	124.492
1	83.7494
1	82.1855
1	184.106
1	117.352
1	106.728
1	116.958
1	96.8635
1	91.9792
1	107.71
1	110.534
1	66.4459
1	86.6894
1	77.0765
1	138.538
1	164.523
1	82.8989
1	67.0226
1	62.4522
1	100.394
1	113.977
1	261.701
1	110.235
1	115.01
1	75.029
1	86.3129
1	82.7042
1	150.505
1	61.3997
1	149.401
1	59.9093
1	163.735
1	68.5014
1	127.101
1	150.849
1	85.0495
1	130.422
1	183.301
1	103.413
1	89.4046
1	89.0087
1	63.9492
1	176.386
1	78.1382
1	71.9374
1	131.197
1	141.42
1	84.5689
1	62.3376
1	54.7238
1	74.4752
1	199.908
1	108.651
1	103.963
1	98.2835
1	88.7282
1	133.689
1	72.3564
1	112.449
1	233.496
1	73.8299
1	133.954
1	77.1675
1	192.362
1	99.1642
1	179.246
1	102.918
1	95.5306
1	75.5244
1	100.245
1	78.5898
1	93.2521
1	104.548
1	90.7558
1	67.0814
1	195.112
1	91.8359
1	77.7012
1	141.453
1	137.108
1	63.5998
1	108.327
1	112.391
1	134.377
1	86.8539
1	146.425
1	80.6281
1	47.136
1	62.7744
1	109.788
1	128.453
0	41.3176
1	103.723
1	128.528
1	64.2598
1	143.866
1	104.278
1	56.4711
1	206.523
1	179.807
1	93.0859
1	61.4827
1	98.2459
1	59.0192
1	101.92
1	203.707
1	118.105
1	84.1692
1	145.153
1	110.968
1	138.046
1	76.2622
1	69.9287
1	81.3491
1	39.5213
1	89.0408
1	146.717
1	202.842
1	87.0653
1	107.045
1	117.22
1	84.711
1	167.157
1	149.72
1	143.452
1	72.8431
1	181.708
1	175.966
1	83.8412
1	104.986
1	135.903
1	105.665
1	117.682
1	166.53
1	59.2516
1	61.9245
1	88.143
1	142.79
1	89.2814
1	83.6111
1	81.192
1	80.8955
1	69.2356
1	95.7328
1	80.4973
1	138.637
1	142.044
1	233.688
1	129.087
1	168.789
1	84.3996
1	64.7178
1	80.8026
1	140.107
1	29.366
1	45.4185
1	130.328
1	112.812
1	85.6007
1	71.2226
1	133.741
1	82.8816
1	115.506
1	95.993
1	83.1422
1	63.4175
1	313.864
1	77.2367
1	63.9851
1	79.8703
1	56.6611
1	66.8422
1	104.508
1	98.0263
1	75.2439
0	10.0033
1	165.157
1	201.066
1	109.279
1	107.008
1	84.8267
1	138.616
1	62.4882
1	104.143
1	186.11
1	134.694
1	52.2498
1	78.2706
1	59.2494
1	96.0444
1	123.53
1	97.2331
1	183.864
1	131.646
1	69.3763
1	150.523
1	40.2828
1	111.37
1	61.1728
1	92.0969
1	115.018
1	150.674
1	162.014
1	119.263
1	127.073
1	201.258
1	88.9258
1	158.006
1	80.9159
1	152.694
1	110.653
1	104.275
1	100.455
1	165.689
1	179.266
1	106.897
1	140.775
1	113.392
1	141.611
1	92.8475
1	113.869
1	137.902
1	201.451
1	136.072
1	191.351
1	155.059
1	81.1931
1	120.276
1	68.1721
1	37.3116
1	87.2169
1	124.529
1	81.6025
1	70.0187
1	153.027
1	61.996
1	82.8275
1	172.723
1	122.128
1	52.8111
1	110.34
1	211.864
1	108.546
1	68.6135
1	158.8
1	191.627
1	75.6779
1	53.5723
1	120.236
1	135.967
1	45.9746
1	74.1656
1	100.71
1	113.536
1	101.394
1	154.186
1	68.132
1	51.2433
1	253.193
1	108.659
1	137.35
1	116.536
1	89.3086
1	125.059
1	62.5142
1	93.374
1	88.5674
1	222.556
1	74.2899
1	112.075
1	105.32
1	88.3498
1	137.066
1	69.3737
1	61.9405
1	54.5482
1	87.9087
1	135.253
1	47.0647
1	129.354
1	78.4757
1	92.701
1	61.7003
1	144.569
1	102.135
1	138.462
1	67.9301
1	99.3439
1	174.106
1	125.856
1	115.12
1	102.281
1	122.62
1	82.2291
1	47.6572
1	103.187
1	88.5114
1	52.4346
1	248.278
1	156.84
1	140.687
1	69.7929
1	50.9123
1	44.8952
1	116.774
1	124.494
1	48.2947
1	149.898
1	127.755
1	87.2007
1	200.075
1	135.966
1	219.256
1	330.504
1	146.695
1	91.4479
1	102.94
1	135.589
1	77.3767
1	48.031
1	104.628
1	108.427
1	50.2685
1	106.838
1	64.9468
1	165.998
1	68.3973
1	147.945
1	75.2841
1	90.9631
1	203.817
1	123.528
1	125.396
1	90.4996
1	105.082
1	46.9697
1	122.888
1	117.407
1	95.2859
1	170.387
1	42.582
1	115.781
1	211.397
1	154.156
0	59.5652
0	13.5092
1	112.616
1	72.2995
1	55.3037
1	165.072
1	55.8357
1	83.6492
1	36.1922
1	84.1152
1	77.617
1	128.553
1	132.175
1	121.474
1	149.506
1	75.5518
1	24.2099
1	78.6357
1	177.541
1	183.112
1	96.1001
1	82.0238
1	133.146
1	103.155
1	80.7793
1	91.8564
1	106.519
1	161.127
1	165.561
1	125.528
1	75.6358
1	120.817
1	147.851
1	300.114
1	41.3147
1	82.6678
1	128.507
1	194.162
1	64.0881
1	126.342
1	125.124
1	51.1326
1	149.473
1	91.255
1	146.12
1	139.453
1	113.387
1	99.4869
1	148.446
1	133.622
1	64.0034
1	122.027
1	115.331
1	81.3655
1	226.814
1	47.2823
1	42.1289
1	53.3592
1	103.436
1	75.4913
1	105.512
1	75.9258
1	79.5648
1	77.0887
1	75.7735
1	107.316
0	68.3087
1	95.7589
1	106.528
1	119.59
1	80.4873
1	186.662
1	46.4054
1	40.1444
1	146.737
1	92.535
1	41
1	126.696
1	111.325
1	44.6707
1	71.791
1	92.2225
1	197.058
1	144.804
1	128.548
1	112.622
1	80.2342
1	80.656
1	93.1298
1	95.08
1	83.6954
1	109.303
1	53.714
1	159.448
1	137.122
1	156.414
1	115.179
1	163.653
1	69.8281
1	94.6593
1	163.684
1	50.2596
1	67.8103
1	90.7601
1	98.8002
1	114.135
1	76.2219
1	85.4613
1	77.0326
1	78.999
1	71.0376
1	114.032
1	93.4202
1	111.377
1	130.145
1	47.7706
1	84.7908
1	80.9106
1	77.5112
1	83.149
1	68.092
1	64.0668
1	55.5024
1	73.6357
1	39.5296
1	49.4963
1	147.239
1	85.7786
1	88.1046
1	115.879
1	96.923
1	145.013
1	101.08
1	134.213
1	92.3301
1	104.471
1	74.2895
1	81.0017
1	97.1445
1	59.6151
1	58.3123
1	37.3873
1	154.178
1	183.594
1	56.1489
1	160.696
1	78.5647
1	183.755
1	112.581
1	105.873
1	57.5773
1	137.951
1	121.815
1	149.582
1	102.176
1	93.4355
1	121.439
1	119.192
1	98.341
1	123.62
1	48.2721
1	90.3404
1	72.6449
1	170.82
1	69.723
1	54.7126
1	112.65
1	60.6552
1	47.8941
1	96.3302
1	142.739
1	87.1041
1	209.679
1	73.7113
1	131.96
1	79.7784
1	88.8304
1	108.437
1	72.3688
1	69.2166
1	84.1511
1	183.297
1	101.283
1	170.418
1	108.136
0	35.9548
1	224.687
1	110.1
1	87.3833
1	174.091
1	96.3961
1	104.669
1	54.5063
1	84.9992
1	68.7279
1	88.0696
1	121.219
1	103.367
1	140.642
1	123.032
1	80.6413
1	144.358
1	75.7183
1	76.5044
1	128.728
1	74.002
1	106.898
1	36.9497
1	130.764
1	93.5634
1	135.04
1	119.42
1	139.383
1	108.045
1	100.577
1	72.9323
1	68.3949
1	67.0522
1	71.8737
1	93.9724
1	70.1984
1	96.3796
1	138.838
1	90.6729
1	101.316
1	73.8079
1	36.2712
1	55.9895
1	44.3695
1	143.148
1	125.626
1	77.1183
1	95.7225
1	102.879
1	109.241
1	101.552
1	134.351
1	89.5381
1	87.7321
1	113.507
1	75.5558
1	94.529
1	142.662
0	76.5438
1	117.941
1	184.15
1	90.4505
1	298.047
1	79.7325
1	134.581
1	78.9624
1	115.751
1	87.5307
1	84.4376
1	113.662
1	183.328
1	75.0867
1	121.229
1	146.186
1	38.8322
1	127.932
1	198.077
1	80.5196
1	67.7779
1	117.104
1	135.996
1	103.464
1	173.019
1	246.349
1	85.1328
1	74.2431
1	106.118
1	95.8792
1	70.5193
1	38.1457
1	200.793
1	103.941
1	146.487
1	55.2948
1	92.5272
1	62.2843
1	74.5567
1	106.709
1	134.593
1	69.3067
1	250.131
1	61.5299
1	52.0215
1	106.751
1	130.014
1	78.9918
1	89.1589
1	85.3844
1	64.0998
1	99.2335
1	117.573
1	63.1327
1	161.897
1	79.9969
1	86.9605
1	98.3196
1	96.717
1	68.1176
1	51.9102
1	46.9829
1	122.196
1	75.7129
1	104.735
1	109.962
1	41.8568
1	129.37
1	242.308
1	160.073
1	145.059
1	116.794
1	255.479
1	68.4976
1	101.077
1	79.7612
1	185.214
1	122.433
1	119.152
1	153.233
1	65.5762
1	114.025
1	87.1964
1	128.892
1	44.8596
1	32.3095
1	54.6621
0	8.58541
1	92.1648
1	148.664
1	109.245
1	181.438
1	112.848
1	26.1052
1	163.076
1	89.7557
1	100.422
1	96.199
1	120.392
1	88.821
1	63.0398
1	81.4669
1	51.6525
1	68.6161
1	117.2
1	183.659
1	38.27
1	57.725
1	142.961
1	133.152
1	145.097
1	182.54
1	80.0018
1	48.8194
1	133.497
1	176.198
1	96.01
1	68.6363
1	49.1596
1	81.8139
1	106.53
1	88.6565
1	124.442
1	140.212
1	314.657
1	43.8168
1	150.301
1	173.775
1	63.4734
1	59.8227
1	177.488
1	143.639
1	80.5423
1	28.3711
1	131.546
1	138.431
1	92.3542
1	57.7865
0	118.297
1	132.711
1	116.774
1	113.947
1	132.914
1	159.282
1	94.7446
1	91.941
1	152.962
1	146.253
1	63.4523
1	61.8267
1	192.497
1	91.8825
1	110.053
1	61.9725
1	170.476
1	192.362
1	107.86
1	108.839
1	109.574
1	77.8588
1	100.404
1	87.9091
1	122.568
1	61.9904
1	32.6969
1	256.962
1	141.047
1	102.002
1	76.0269
1	77.0127
1	170.111
1	68.0913
1	155.259
1	74.4402
1	69.0943
1	55.7847
1	57.4993
1	173.612
1	82.2969
1	144.016
1	157.579
1	146.544
1	129.037
1	115.633
1	111.275
1	100.708
1	100.949
1	110.557
1	117.593
0	4.50312
1	306.003
1	81.8835
1	136.624
1	104.583
1	62.5775
1	105.445
1	113.31
1	61.2745
1	97.2928
1	154.753
1	189.618
1	142.5
1	196.863
1	68.6435
1	191.716
1	86.1648
1	191.107
1	63.7147
1	139.603
1	122.604
1	92.0716
1	155.95
1	169.698
1	52.1069
1	74.2907
0	6.68496
1	84.146
1	124.261
1	63.7606
1	105.905
1	120.06
1	140.488
1	115.586
1	148.21
1	72.9314
1	44.1052
1	201.276
1	70.9002
1	113.465
1	91.7211
1	94.0265
1	85.5479
1	71.6915
1	167.521
1	83.1244
1	69.9419
1	92.1531
1	142.192
1	187.628
1	174.735
1	151.585
1	183.78
1	62.7954
1	130.446
1	119.779
1	201.439
1	102.645
1	157.723
1	102.632
1	115.128
1	191.421
1	114.24
1	169.242
1	202.094
1	166.309
1	77.0695
1	106.024
1	162.213
1	102.521
1	308.558
1	205.689
1	60.1352
1	150.708
1	97.5658
1	134.608
1	92.2555
1	83.6744
1	61.1163
1	87.6856
1	178.694
1	157.277
1	98.0647
1	97.7447
1	146.646
1	88.1175
1	127.336
1	145.712
1	66.4672
1	81.2066
1	72.1501
1	114.514
1	76.8675
1	32.5195
1	69.7829
1	68.4591
1	50.7595
1	170.638
1	171.242
1	38.8863
1	121.665
1	65.1299
1	115.615
1	57.4163
1	88.1425
1	74.0204
1	163.471
1	96.0697
1	202.197
1	63.4262
1	75.1402
1	83.082
1	103.698
1	87.3701
1	195.825
1	153.403
1	35.9052
1	120.773
0	46.6129
1	91.9986
1	202.385
0	31.9132
1	51.977
1	125.917
1	145.222
1	65.1819
1	77.5358
1	93.597
1	158.551
1	62.9858
1	223.893
1	87.3426
1	108.618
1	68.496
1	60.492
1	87.8581
1	137.462
1	149.21
0	62.8498
1	80.5192
1	130.882
1	126.379
1	66.7807
1	82.9875
1	95.1616
1	116.027
1	105.911
1	76.3098
1	166.549
1	156.94
1	140.48
1	164.96
1	121.367
1	136.924
1	125.877
1	88.6401
1	105.851
1	44.9868
1	139.599
1	56.2999
1	151.949
1	135.001
1	174.808
1	116.847
1	83.3868
1	128.142
1	222.112
1	91.0682
1	189.388
1	106.966
1	65.5915
1	60.3008
1	80.0741
1	80.1828
1	181.149
1	144.133
1	103.513
1	150.21
1	92.5356
1	164.017
1	46.2982
1	187.544
1	98.6127
1	88.3687
1	76.1245
1	80.2127
1	130.509
1	91.408
1	88.7448
1	51.8898
1	90.4596
1	157.018
1	297.846
1	54.0974
1	68.905
1	191.85
1	119.869
1	46.0954
1	86.3813
1	121.304
1	105.345
1	127.925
1	118.115
1	114.717
1	99.5045
1	154.193
1	50.0872
1	72.8362
1	199.151
1	185.726
1	109.385
1	143.741
1	49.7644
1	80.4497
1	111.228
1	169.583
1	132.306
1	64.4971
1	137.086
1	93.4703
1	95.7069
1	82.7921
1	77.5937
1	90.3655
0	6.40277
1	126.522
1	91.0275
1	139.053
1	94.7737
1	56.2012
1	83.6017
1	194.136
1	89.2212
1	70.3195
1	136.417
1	65.4586
1	194.181
1	174.991
1	53.8098
1	80.3032
1	183.883
1	106.153
1	179.381
1	72.0821
1	66.3305
1	98.4937
1	115.606
1	86.6856
1	169.067
1	146.537
1	89.0782
1	216.125
1	82.9932
1	79.0157
1	49.9143
1	133.317
1	143.443
1	143.387
1	70.3374
1	74.627
1	145.156
1	119.292
1	170.423
1	85.7484
1	160.988
1	71.9631
1	102.304
1	94.1031
1	125.057
1	217.125
1	126.289
1	99.8581
1	78.9896
1	90.433
1	115.512
1	110.605
1	168.02
1	123.291
1	105.326
1	270.324
1	93.8106
1	124.765
1	84.4304
1	117.281
1	117.34
1	78.9638
1	70.2759
1	137.019
1	159.96
1	104.77
1	207.647
1	77.6712
1	31.3223
1	54.849
1	64.5617
1	92.9751
1	64.0014
1	196.833
1	100.582
1	80.2133
1	103.603
1	164.493
1	144.92
1	111.057
1	49.4329
1	92.3814
1	134.041
1	142.838
1	85.7882
1	104.194
1	123.124
1	91.5953
1	66.7423
1	179.184
1	40.1852
1	152.395
1	76.6288
1	112.128
1	89.1739
1	105.243
1	95.2167
1	190.771
1	118.005
1	95.1099
1	146.607
1	117.442
1	48.718
1	98.3262
1	90.7934
1	136.316
1	102.527
1	106.702
1	149.586
1	78.5027
1	72.7097
1	55.0557
1	62.7304
1	71.9724
1	171.832
1	139.21
1	59.1147
1	203.236
1	71.591
1	241.785
1	235.245
1	213.902
1	107.654
1	149.473
1	40.6292
1	147.068
1	64.6274
1	123.09
1	51.709
1	97.9185
1	85.3386
1	66.1773
1	83.5042
1	156.722
1	191.378
1	143.17
1	190.91
1	72.9513
1	150.965
1	104.379
1	112.101
1	29.7899
1	83.4362
1	210.218
1	74.9206
1	65.5421
1	124.347
1	159.188
1	136.499
1	62.0436
1	222.824
1	87.6648
1	95.2512
1	148.796
1	113.771
1	46.9403
1	66.1568
1	118.139
1	151.649
1	63.8849
1	93.0776
1	104.674
1	169.377
1	82.566
1	58.6914
1	46.7306
1	71.8652
1	110.464
1	189.343
1	93.1744
1	134.567
1	185.704
1	48.9771
1	57.4255
1	133.46
1	74.7903
1	116.03
1	104.099
1	100.503
1	46.263
1	48.0888
1	61.4621
1	84.3718
1	99.8502
1	58.3866
1	305.905
1	124.533
1	155.903
1	67.347
1	114.525
1	81.3711
1	111.449
1	145.455
1	68.483
1	45.3542
1	180.137
1	133.336
1	137.837
1	92.4845
1	126.544
1	26.5366
1	60.745
1	56.5272
1	94.0016
1	112.065
1	63.5475
1	88.7371
1	168.595
1	89.8426
1	118.205
1	61.1683
1	113.728
1	113.037
1	76.7452
1	263.079
1	110.185
1	74.4962
1	95.5173
1	69.4823
1	175.421
1	74.6029
1	65.1436
1	137.664
1	111.46
1	166.915
1	131.306
1	103.716
1	74.6923
1	185.53
1	59.2464
1	51.9554
1	158.506
1	70.8657
1	123.031
0	64.9762
1	87.8011
1	57.5912
1	138.457
1	100.96
1	65.4082
1	127.796
1	74.0964
1	116.872
1	132.812
1	65.6594
1	108.389
1	42.4636
1	70.1248
1	60.594
1	72.6484
1	66.2949
1	78.4937
1	145.321
1	179.003
1	97.1577
1	125.215
1	251.148
1	124.558
1	104.429
1	94.4837
1	78.7039
1	95.7844
1	383.561
1	82.9726
1	181.735
1	152.819
1	206.811
0	50.1521
1	104.341
1	66.5322
1	177.544
1	71.6059
1	81.5377
1	116.379
1	128.746
1	121.537
1	87.4107
1	76.3855
1	88.4099
1	219.821
1	57.1955
1	166.234
1	227.605
1	179.229
1	75.0342
1	81.6176
1	32.584
1	90.4321
1	68.1317
1	34.3545
1	70.1758
1	77.8259
1	135.913
1	45.8614
1	180.823
1	112.563
1	88.3066
1	49.7907
1	107.647
1	82.0637
1	115.502
1	126.948
1	108.581
1	61.1581
1	62.9082
1	34.3897
1	102.859
1	57.2898
1	122.351
1	71.3807
1	109.302
1	61.0353
1	65.424
1	99.7743
1	70.5376
1	146.048
1	111.01
1	135.495
0	4.89436
1	73.8458
1	65.2186
1	95.922
1	81.3745
1	233.699
1	60.274
1	97.3824
1	192.831
1	111.008
1	103.311
1	117.689
1	59.1412
1	79.178
1	75.0267
1	249.015
1	185.177
1	155.187
1	161.954
1	102.091
1	94.3006
1	68.4905
1	169.645
1	100.76
1	132.674
1	68.568
1	126.854
1	91.6718
1	85.0633
1	75.0813
1	130.582
1	122.862
1	73.9568
1	85.0553
1	87.1064
1	123.218
1	88.0572
1	95.17
1	137.669
1	225.159
1	57.5374
1	109.795
1	73.0536
1	110.193
1	96.3619
1	140.591
1	95.8845
1	141.923
1	236.442
1	83.2079
1	99.5669
1	84.0229
1	99.0005
1	101.802
1	96.1731
1	96.3551
1	149.982
1	148.444
1	186.556
1	156.485
1	134.489
1	70.8506
1	93.5671
1	181.429
1	36.2355
1	57.8292
1	72.5606
1	59.9971
1	142.827
1	59.9125
1	178.638
1	55.5243
1	153.847
1	123.556
1	103.759
1	155.009
1	59.1135
1	94.5123
1	91.9089
1	146.846
1	89.1695
1	67.5926
1	143.236
1	146.188
1	144.454
1	151.454
1	203.318
1	49.3459
0	34.2745
1	122.572
1	102.402
1	98.8046
1	131.646
1	145.446
1	141.929
1	103.144
1	69.296
1	135.818
1	101.975
1	143.389
1	66.8457
1	47.3784
1	105.44
1	50.0628
1	164.025
1	92.536
1	111.005
1	121.859
1	145.925
1	370.869
1	69.8743
1	165.753
1	49.4586
1	83.5829
1	198.106
1	267.101
1	237.401
1	83.2999
1	173.208
1	77.5175
1	164.197
1	130.543
1	82.8369
1	230.699
1	133.003
1	140.107
1	121.07
1	55.736
1	116.867
1	163.891
1	86.1176
1	217.286
1	109.155
1	60.7105
1	85.9714
1	120.478
1	84.4095
1	126.19
1	63.4356
1	104.13
1	71.5044
1	173.92
1	40.3808
1	92.7576
1	67.3335
1	118.739
1	79.8089
1	166.912
1	96.62
1	93.3056
1	69.5716
1	57.0057
1	120.053
1	132.485
1	86.2194
1	167.686
1	67.2926
1	115.843
1	105.976
1	153.716
1	152.853
1	133.348
1	167.552
1	66.1302
1	136.407
1	89.191
1	88.8398
1	104.225
1	146.13
1	98.361
1	70.4049
1	64.672
1	121.63
1	123.741
0	1.76811
1	56.3527
1	73.5305
1	98.7548
1	56.3866
1	116.488
1	86.7879
1	127.677
1	153.054
1	110.341
1	98.0493
1	67.1683
1	111.913
1	51.8421
1	129.297
1	115.02
1	128.729
1	59.1756
1	48.9513
1	118.489
1	80.7824
1	107.592
1	92.5471
1	57.5088
1	31.5584
1	158.232
1	68.6462
1	56.991
1	139.557
1	104.062
1	188.993
1	80.6806
1	238.333
1	179.97
1	58.6461
1	139.34
1	144.817
1	92.8586
1	101.338
1	94.2712
1	86.5557
1	84.2059
1	194.182
1	45.2191
1	57.0937
1	52.8696
1	45.9209
1	198.243
1	123.864
1	60.2976
1	85.3307
1	191.755
1	112.505
1	94.2792
1	148.389
1	92.8579
1	211.99
1	80.6775
1	100.522
1	163.595
1	144.016
1	39.7121
1	85.9971
1	167.166
1	72.6216
1	109.294
1	77.5567
1	78.6931
1	106.13
1	73.9213
1	106.594
1	70.7905
1	93.7846
1	88.6761
1	117.702
1	104.555
1	121.013
1	163.927
1	70.5321
1	82.5465
1	79.0117
1	124.361
1	115.047
1	155.164
1	172.13
1	86.2691
1	80.382
1	73.2859
1	162.076
1	140.809
1	75.5232
1	79.5227
1	73.4125
1	129.483
1	57.5182
1	117.725
1	86.1371
1	125.548
1	78.5526
1	80.5523
1	161.922
1	87.804
1	82.4973
1	65.6346
1	102.216
1	71.5514
1	254.178
1	62.3064
1	123.592
1	163.824
1	192.223
1	132.67
1	73.6488
1	51.5146
1	132.173
1	231.096
1	135.269
1	129.601
1	61.828
1	113.767
1	107.851
1	50.6063
1	173.725
1	128.9
1	157.971
1	80.0024
1	55.3346
1	146.265
1	127.217
1	77.6168
1	158.258
1	74.9326
1	122.469
1	160.452
1	98.9252
1	99.5639
1	55.8021
1	122.626
1	73.0705
1	136.075
1	78.7979
1	46.7004
1	53.3569
1	77.3108
1	74.6735
1	54.8374
1	57.4368
1	173.436
1	268.287
1	60.1642
1	93.1273
1	121.688
1	81.5696
1	115.906
1	247.175
1	150.956
1	147.139
1	126.438
1	114.39
1	55.0473
1	80.2528
1	63.6752
1	75.9647
1	152.074
1	141.821
1	53.8836
1	73.8695
1	76.1045
1	85.2811
1	128.864
1	308.007
1	63.1857
1	72.0176
1	97.7753
1	127.126
1	84.6618
1	81.3461
0	3.2688
1	48.9897
1	69.2105
1	144.628
1	137.679
1	186.606
1	53.7928
1	85.1854
1	145.64
1	68.7789
1	152.813
1	278.212
0	43.6121
1	164.398
1	81.157
1	62.4006
1	172.231
1	57.0519
1	100.722
1	116.723
1	137.868
1	69.7134
1	106.875
1	84.8519
1	98.5047
1	176.792
1	107.3
1	97.0404
1	89.705
1	70.8206
1	140.626
1	232.111
1	103.269
1	50.8616
1	128.874
1	84.8693
1	162.021
1	39.9137
1	105.831
1	141.093
1	79.407
1	75.1958
1	70.6059
1	270.575
1	53.0274
1	89.9737
1	70.9754
1	93.2929
1	167.414
1	172.56
1	87.7784
1	124.939
1	97.5528
1	146.025
1	86.4139
1	62.7896
1	124.373
1	77.38
1	133.365
1	91.3483
1	190.252
1	40.5688
1	135.773
1	118.431
1	118.013
1	110.83
1	64.8921
1	67.4676
1	161.472
1	180.611
1	204.111
1	83.75
1	84.4744
1	183.852
0	44.9448
1	75.6488
1	109.662
1	151.29
1	88.2901
1	81.5518
1	157.996
1	125.76
1	81.7654
1	58.5632
1	66.7
1	93.3733
1	84.3996
1	114.564
1	66.123
1	74.8513
1	74.9382
1	50.0532
1	111.045
1	69.7916
1	156.316
1	121.814
1	183.297
1	98.1653
1	112.071
1	84.6114
1	145.953
1	47.2312
1	82.4549
1	67.1218
1	243.025
1	101.943
1	197.248
1	165.192
1	60.7282
1	74.6856
1	90.9918
1	113.091
1	121.139
1	107.255
1	111.974
1	130.046
1	90.3254
1	109.894
1	224.676
1	137.661
1	201.325
1	96.1485
1	64.6902
1	134.302
1	56.108
1	195.052
1	86.3912
1	83.9768
1	141.339
1	126.659
1	119.404
1	136.89
0	11.4272
1	160.837
1	127.957
1	109.894
1	43.1459
1	134.335
1	80.9291
1	209.138
1	43.8825
1	139.808
1	48.1966
1	221.735
1	103.955
1	53.4204
1	135.413
1	107.058
1	103.035
1	89.2951
1	124.672
1	160.382
1	197.676
1	165.084
1	42.8766
1	88.1648
1	73.5718
1	75.107
1	142.745
1	129.591
1	91.5273
1	93.6352
1	137.809
1	74.4995
1	245.16
1	163.996
1	81.1747
1	100.373
1	142.111
1	56.4028
1	99.9395
1	62.4463
1	177.028
1	155.221
1	43.9257
1	82.5473
1	75.2964
1	132.455
1	144.783
1	126.417
1	174.48
1	130.757
1	116.442
1	94.2475
1	86.0359
1	73.8726
1	50.1083
1	117.652
1	74.324
1	69.8752
1	124.643
1	52.982
1	100.572
1	174.655
1	76.2489
1	134.349
1	92.7684
1	63.7909
1	189.335
1	110.303
1	86.1804
1	103.606
1	143.205
1	106.95
1	76.3198
1	97.6666
1	141.681
1	113.068
1	173.986
1	124.631
1	55.2505
1	84.0484
1	120.406
0	67.2423
1	138.938
1	96.4337
1	84.1758
1	170.994
1	101.875
1	113.918
1	109.284
1	131.584
1	80.8874
1	129.972
1	90.0381
1	70.7483
1	154.468
1	107.704
1	42.8102
1	73.9671
1	123.02
1	131.888
1	90.9692
1	163.337
1	66.1422
1	133.389
1	73.7152
1	138.481
1	104.424
1	78.1689
1	73.4532
1	83.8209
1	78.9008
1	41.6822
1	85.8899
1	93.9964
1	67.0788
1	134.785
1	83.3373
1	69.2087
1	58.2898
1	183.504
1	91.2125
1	162.735
1	88.8985
1	94.387
1	109.771
1	134.731
1	112.351
1	57.6703
1	186.939
1	71.7772
1	223.109
1	162.053
1	99.9428
1	67.4628
1	64.6386
1	235.016
1	85.7099
1	148.101
1	190.649
1	92.7515
1	106.703
1	99.0477
1	135.893
1	166.622
1	52.8802
1	77.4206
1	84.014
1	38.9551
1	90.4488
1	94.9683
1	123.86
1	131.985
1	71.4434
1	51.5455
1	94.0709
1	83.3672
1	88.7683
1	75.133
1	151.802
1	70.9314
1	190.496
1	149.349
1	95.6974
1	169.717
1	112.675
1	103.487
1	99.4309
1	70.4712
1	93.8591
1	87.7301
0	159.502
1	122.022
1	93.9936
1	85.6466
0	87.523
1	105.741
1	44.8525
1	178.335
1	158.805
1	54.2902
1	84.9308
1	65.2245
1	74.2032
1	99.1489
1	109.856
1	79.9833
1	92.5568
1	52.4327
1	168.104
1	45.023
1	86.7902
1	162.26
1	98.3078
1	95.0354
1	169.912
1	106.631
1	118.955
1	75.5625
1	68.438
1	138.315
1	46.7256
1	104.89
1	124.342
1	161.074
1	121.377
1	198.795
1	130.604
1	85.1451
1	124.695
1	70.7045
1	51.6704
1	120.096
1	145.503
1	87.0454
1	230.201
1	73.9
1	197.914
1	142.79
1	74.8975
1	120.103
1	160.6
1	152.837
1	148.458
1	183.648
1	73.3436
1	85.0407
1	92.7589
1	106.555
1	105.148
1	124.117
1	51.8812
1	93.7314
1	179.882
1	131.048
1	109.085
1	68.8183
1	51.3426
1	128.662
1	96.1472
1	89.8058
1	111.92
1	147.081
1	67.9861
1	112.8
1	117.067
1	155.075
1	63.4599
1	63.2443
1	46.5456
1	97.712
1	51.3729
1	89.8302
1	131.993
1	118.982
1	113.359
1	89.2976
1	137.263
1	124.438
1	94.8406
1	75.9246
1	139.959
1	90.3987
1	160.154
1	84.4446
1	83.2184
1	108.54
1	92.9817
1	47.8337
1	124.738
1	146.724
1	153.484
1	106.69
1	137.015
1	128.796
1	41.6976
1	162.027
1	137.681
1	316.422
1	78.0539
1	115.049
1	170.923
1	105.577
1	139.78
1	116.21
1	155.008
1	115.112
1	64.6451
1	109.627
1	91.8548
1	117.849
1	151.396
1	187.405
1	102.998
1	47.9045
1	78.8717
1	136.184
1	176.259
1	158.323
1	71.1301
1	230.499
1	102.766
1	89.4055
0	70.6925
1	95.7664
1	75.2793
1	106.547
1	72.8654
1	115.584
1	185.553
1	117.692
1	80.8085
1	205.929
1	237.615
1	129.755
1	118.387
1	295.284
1	182.416
1	119.12
1	205.352
1	124.84
1	91.7713
1	72.242
1	113.684
1	109.593
1	104.331
1	143.269
1	104.098
1	80.7215
1	150.809
1	104.34
1	145.537
1	104.502
1	71.0648
1	165.913
1	55.8832
1	87.4241
1	95.8588
1	66.714
1	139.992
1	49.5164
1	144.212
1	139.976
1	127.276
1	182.051
1	180.408
1	70.7537
1	163.307
1	117.707
1	82.029
1	95.4669
1	99.4819
1	97.5513
1	169.223
1	91.7475
1	171.837
1	266.844
1	128.211
1	68.9258
1	74.2959
1	163.601
1	125.306
1	122.429
1	139.591
1	53.2037
1	102.583
1	113.906
1	77.376
1	73.4127
1	93.933
1	96.6731
0	3.86269
1	63.7013
1	71.3493
1	60.7933
0	24.4785
1	242.526
1	171.006
1	95.1569
1	96.7129
1	177.64
1	56.6514
1	150.176
1	68.7161
1	63.1594
1	84.27
1	108.532
1	104.791
1	115.445
1	122.817
1	121.595
1	60.6384
1	64.9855
1	85.101
1	92.9263
1	63.4438
1	57.8466
1	84.922
1	87.5005
1	45.8805
1	114.284
1	105.692
1	84.4232
1	116.977
1	172.064
1	202.53
1	110.247
1	78.0368
1	118.08
1	157.783
1	70.6551
1	167.353
1	122.61
1	73.4043
1	162.075
1	76.4903
1	169.132
1	125.19
1	175.88
1	129.608
1	106.403
1	402.824
1	117.206
1	56.3744
1	58.4637
1	136.097
1	152.436
1	87.5533
1	73.9471
1	92.763
1	96.0668
1	121.379
1	68.571
1	60.738
1	40.7846
1	86.1641
1	111.661
1	77.3628
1	122.525
1	61.4311
1	106.239
1	93.4652
1	117.424
1	163.888
1	129.565
1	83.558
1	143.86
1	80.3218
1	75.6978
1	98.6115
1	78.5225
0	41.9406
1	83.8131
1	173.138
1	118.157
1	39.5009
1	75.1656
1	212.329
1	143.505
1	92.812
1	76.2581
1	159.137
1	122.356
1	53.5742
1	156.864
1	83.9398
1	59.7465
1	116.716
1	94.7229
1	133.791
1	125.498
1	68.7213
1	97.8987
1	79.6966
1	107.01
1	111.257
1	207.534
1	235.508
1	24.97
1	165.374
1	50.2133
1	170.183
1	126.103
1	39.8145
1	90.4485
1	134.911
1	68.7958
1	130.78
1	117.268
1	33.712
1	49.3023
1	140.373
1	92.0635
1	114.53
1	118.49
1	125.852
1	131.462
1	125.614
1	85.7961
1	160.145
1	112.199
1	138.171
1	121.108
1	47.659
1	119.824
1	79.5525
1	134.383
1	92.1232
1	133.223
1	67.4214
1	127.745
1	163.758
1	64.2836
0	27.9235
1	61.0181
1	72.773
1	50.6615
1	264.968
1	60.7667
1	124.331
1	125.602
1	130.651
1	209.199
1	79.7938
1	176.037
1	308.739
1	106.125
1	81.7186
1	111.255
1	62.1059
1	109.245
1	147.21
1	73.5144
1	198.972
1	133.547
1	100.498
1	147.263
1	109.909
1	131.359
1	94.8517
1	64.5137
1	88.0977
1	237.264
1	122.031
1	221.484
0	55.8016
1	84.947
1	101.242
1	44.4659
1	116.252
1	189.124
1	173.899
1	67.6926
1	62.5707
1	148.247
1	130.958
1	87.6968
1	127.508
1	75.3003
1	85.0262
1	29.858
1	139.365
1	105.08
1	222.527
1	63.6056
1	128.309
1	62.3293
1	187.077
1	49.411
1	227.079
1	48.4959
1	135.957
1	68.6703
1	83.5078
1	31.0702
1	74.0716
1	95.2577
1	141.554
1	117.659
1	94.9024
1	60.4435
1	153.032
1	44.6971
1	157.105
1	192.55
1	84.9413
1	25.8351
1	85.1456
1	101.546
1	90.9083
1	145.936
1	78.163
1	198.575
1	194.467
1	58.8306
1	124.237
1	76.586
1	77.9774
1	136.382
1	44.6815
1	141.494
1	118.233
1	52.8052
1	75.1863
1	98.4611
1	75.2806
1	68.2039
1	118.189
1	103.178
1	113.791
1	107.506
1	109.427
1	117.733
1	125.161
1	44.5057
1	177.783
1	79.2475
1	207.317
1	78.194
1	137.394
1	172.992
1	104.605
1	90.2512
1	94.1019
1	143.072
1	110.307
1	66.0806
1	84.1599
1	57.4874
1	76.1019
1	61.197
1	83.717
1	105.106
1	47.9438
1	79.0044
1	36.3847
1	108.521
1	117.131
1	113.832
1	156.309
1	87.0153
1	49.404
1	108.613
1	59.8881
1	80.4398
1	47.8495
1	73.7815
1	42.9871
1	82.0281
1	89.7398
1	71.8285
1	156.133
1	81.9923
1	76.315
1	104.446
1	226.845
1	131.535
1	107.552
1	147.978
1	107.455
1	145.147
1	79.842
1	92.3725
1	95.0561
1	47.365
1	82.0119
1	47.718
1	149.708
1	147.803
1	67.437
1	107.022
1	151.118
1	95.7311
1	169.238
1	116.47
1	51.8574
1	103.456
1	147.363
1	103.326
1	69.108
1	99.4049
1	107.01
1	92.9288
1	120.841
1	43.7284
1	81.1258
1	113.258
1	104.975
1	60.1743
1	209.243
1	64.3279
1	52.4527
1	48.5889
1	91.0489
1	129.984
1	74.2248
1	115.591
1	72.7142
1	135.358
1	66.2794
1	82.2861
1	50.9898
1	133.035
1	98.2222
1	161.887
1	148.745
1	212.373
1	100.206
1	111.944
1	191.475
0	4.86627
1	85.2608
1	104.671
1	245.532
1	125.09
1	100.838
1	124.534
1	125.343
1	45.2259
1	193.934
1	77.6059
1	73.4009
1	112.498
1	56.2558
1	57.0545
1	102.058
1	93.6429
1	72.6906
1	72.6052
1	85.8782
1	191.03
1	153.645
1	120.235
1	44.2035
1	81.455
1	172.836
1	61.7911
1	74.3859
1	97.1577
1	112.95
1	59.0174
1	69.8532
1	100.7
1	59.8415
1	62.2844
1	36.5292
1	60.5516
1	156.265
1	140.313
1	37.3584
1	113.521
1	71.8162
1	60.6364
1	144.23
1	100.897
1	105.319
1	91.7667
1	176.546
1	92.9965
1	215.325
1	88.8029
1	194.662
1	131.488
1	47.7948
1	52.768
1	112.798
1	173.799
1	190.192
1	91.4995
1	100.388
1	85.9824
1	108.383
1	183.636
1	138.582
1	118.272
1	172.508
1	43.3423
1	98.8482
1	252.582
1	88.5189
1	107.064
1	85.8227
1	84.5925
1	80.0885
1	108.643
1	141.939
1	110.11
1	152.604
1	144.423
1	69.6417
1	95.6778
1	110.362
1	134.323
1	96.7866
1	79.6483
1	115.882
1	155.291
1	179.413
1	60.7258
1	127.64
1	67.1087
1	181.817
1	101.325
1	118.332
1	106.792
1	145.179
1	80.2842
1	123.937
1	84.2017
1	73.9909
1	95.4151
1	69.4148
1	163.148
1	83.9945
1	94.4527
1	120.986
1	142.066
1	85.9672
1	88.5991
1	111.772
1	62.3516
1	166.806
1	105.819
1	130.831
1	177.814
1	69.7798
1	199.175
1	81.3853
1	80.6469
1	82.5786
1	42.0811
1	102.348
1	148.456
1	92.6391
1	82.3685
1	120.853
1	58.8879
1	88.5097
1	109.645
1	56
1	116.403
0	6.4262
1	77.9142
1	46.4884
1	66.0876
1	101.702
1	161.664
1	104.882
1	89.2228
1	92.1159
1	62.3933
1	190.568
1	54.3982
1	91.9977
1	142.053
1	103.445
1	91.8903
1	57.1904
1	89.1958
1	40.7453
0	1.24413
1	121.507
1	108.925
1	47.8861
1	175.129
1	105.746
1	162.012
1	139.245
1	114.055
1	80.926
1	92.9563
1	130.684
1	196.394
0	39.1395
1	160.934
1	124.624
1	188.276
1	160.965
1	73.0578
1	115.63
1	70.0495
1	235.11
1	191.377
1	64.3809
1	156.483
1	87.6169
1	39.443
1	49.3251
1	200.322
1	159.507
1	125.83
1	127.451
1	148.583
1	113.406
1	92.584
1	236.285
1	139.716
1	147.6
1	91.9034
1	76.0364
1	99.9236
1	105.975
1	83.4703
1	124.633
1	83.1132
1	188.639
1	112.99
1	101.408
1	117.692
1	44.0818
1	78.2417
1	110.392
1	88.9324
1	102.045
1	80.2592
1	71.7894
1	75.3588
1	59.2669
1	256.922
1	64.3899
1	85.2123
1	80.6806
1	38.8097
1	140.524
1	298.259
1	117.409
1	108.498
1	106.663
1	142.83
1	153.84
1	96.4793
1	44.6044
1	45.3097
1	59.1336
1	198.289
1	51.4541
1	81.2321
1	76.9136
1	102.079
1	76.2506
1	98.2912
1	175.604
1	80.7661
1	56.3704
1	259.297
1	47.3898
1	134.317
1	162.761
1	77.7886
1	106.177
1	72.0375
1	228.952
1	110.182
1	75.2276
1	79.4075
1	104.631
1	261.533
1	165.375
1	133.061
1	43.2991
1	42.9108
1	160.308
1	39.8638
1	37.3669
1	115.112
1	128.55
1	51.469
1	86.5385
1	92.9013
1	70.4571
1	138.896
1	118.797
1	55.8964
1	217.502
1	75.3527
1	128.21
1	156.928
1	67.5182
1	79.4626
1	71.928
1	71.3282
1	122.259
1	168.834
1	91.8199
1	67.0517
1	45.8516
1	148.87
1	155.701
1	156.232
1	46.3832
1	71.154
1	93.364
1	83.0449
1	139.849
1	45.2304
1	29.5518
1	98.9263
1	184.1
1	63.5561
1	141.968
1	63.0037
1	102.007
0	6.80323
1	107.91
1	127.726
1	112.549
1	94.6829
1	88.4145
1	87.4718
1	66.4669
1	55.1134
1	113.194
1	113.584
1	49.4077
1	75.9515
1	135.985
1	68.8425
1	127.502
1	182.284
1	63.2445
1	144.771
1	93.854
1	192.142
1	67.8182
1	65.3989
1	52.7069
1	72.8948
1	204.212
1	115.624
1	112.807
1	203.741
1	157.351
1	132.569
1	130.17
1	183.166
1	112.542
1	73.4774
1	229.145
1	106.446
1	54.5339
1	125.242
1	79.8003
1	99.6663
1	66.2982
1	169.964
1	73.8307
1	126.473
1	95.5216
1	164.592
1	114.185
1	95.494
1	160.146
1	251.083
1	77.247
1	65.0453
1	97.673
0	8.62798
1	93.5155
1	117.181
0	138.666
1	161.701
1	147.665
1	110.995
1	90.6303
1	44.1585
1	61.505
1	191.212
1	62.8688
1	34.9822
1	116.587
1	123.109
1	140.486
1	78.5814
1	69.7209
1	95.5637
1	179.618
1	150.454
1	212.957
1	142.081
1	104.679
1	75.2006
1	112.481
1	110.514
1	102.272
1	132.972
1	144.786
1	63.0279
1	113.982
0	2.70879
1	138.479
1	65.0486
1	118.468
1	154.255
1	93.0859
1	47.2457
1	95.5233
1	76.9152
1	195.879
1	128.808
1	131.661
1	196.212
1	80.3518
1	63.0793
1	114.487
1	91.6673
1	93.1071
1	75.3541
1	69.6634
1	102.212
1	118.091
1	58.0601
1	150.835
1	129.531
1	70.312
1	75.8704
1	132.54
1	72.0852
1	56.6033
1	66.4074
1	102.124
1	169.42
1	153.727
1	44.012
1	85.7082
1	74.911
1	173.794
1	116.521
1	144.105
1	49.2804
1	196.526
1	105.042
1	67.0374
1	121.218
1	117.284
1	40.3036
1	70.9389
1	66.775
1	86.2586
1	107.118
1	34.3679
1	99.2174
1	71.3057
1	74.4051
1	52.7379
1	61.0447
1	112.727
1	125.374
1	81.9582
1	149.738
1	70.1615
1	76.3558
1	68.8372
1	144.312
1	116.582
1	73.7549
1	120.737
1	120.894
1	73.1414
1	156.094
1	63.668
1	59.8664
1	53.9202
1	251.605
1	111.322
1	105.819
1	201.011
1	90.6058
1	92.923
1	145.038
1	146.873
1	203.418
1	212.273
1	73.6436
1	204.129
1	94.8803
1	165.774
1	44.9422
1	103.402
1	406.553
1	70.5215
1	405.521
1	78.4804
1	87.2188
1	207.213
1	88.3608
1	147.909
1	117.114
1	113.531
1	130.244
1	44.1146
1	82.5315
1	145.953
1	127.116
1	64.5677
1	101.024
1	109.379
1	40.6124
1	153.896
1	95.933
1	124.594
1	310.687
1	142.335
1	57.1027
0	36.1767
1	232.429
1	138.907
1	66.6045
1	72.5111
1	81.6656
1	94.364
1	65.5167
1	45.191
1	168.584
1	72.2024
1	174.766
1	248.297
1	117.772
1	99.103
1	108.49
1	105.887
1	89.5232
1	211.952
1	127.963
1	69.4096
1	96.3701
1	78.3977
1	34.7311
1	67.6224
1	79.5614
1	76.092
1	106.872
1	92.7906
1	55.3214
1	121.392
1	72.2393
0	12.3441
1	121.294
1	125.322
1	162.172
1	198.448
1	93.8837
1	33.5878
1	95.5143
1	93.6134
1	164.346
1	137.86
1	215.967
1	119.544
1	85.922
1	100.231
1	132.487
1	117.593
1	143.247
1	133.178
1	77.1995
1	62.9025
1	98.8689
1	47.7338
1	40.9035
1	76.4258
1	115.155
1	140.603
1	57.1005
1	254.965
1	74.2576
1	32.9306
1	195.633
1	82.3945
1	158.121
1	225.416
1	149.674
1	60.4657
1	84.8227
1	98.3918
1	158.352
1	80.8193
1	69.391
1	81.4091
1	111.987
1	56.1897
1	168.807
1	74.9618
1	160.169
1	43.9735
1	130.622
1	79.3041
1	129.368
1	95.6024
1	72.8189
1	81.3321
1	45.5539
1	57.9033
1	166.213
1	106.494
1	96.007
1	55.0253
1	63.0883
1	256.164
1	74.45
1	119.034
1	94.1409
1	209.851
1	63.0052
1	92.3075
1	71.3871
1	115.591
1	125.018
1	107.756
1	122.684
1	86.2848
1	65.4933
1	69.6987
1	258.303
1	86.8415
1	121.318
1	85.4562
0	28.4619
1	156.301
1	127.476
1	75.132
1	60.4334
1	107.083
1	91.9609
1	138.191
1	123.03
1	69.3329
1	111.159
1	133.523
1	103.543
1	75.0073
1	64.0358
1	153.95
1	143.24
1	55.9696
1	76.9891
1	117.068
1	88.6402
1	124.479
1	86.049
1	136.479
1	57.0787
1	94.1305
1	77.0058
1	137.251
1	73.1935
1	107.814
1	132.761
1	73.2022
1	87.3794
1	204.7
1	125.094
1	40.754
1	94.5656
1	47.7141
1	41.5466
1	86.5835
1	180.592
1	35.2376
1	77.0233
1	93.4727
1	81.6432
1	62.2122
1	57.6682
1	95.9728
1	161.153
1	138.121
1	77.6007
1	89.9122
1	169.863
1	125.245
1	77.6337
1	52.9602
1	96.9922
1	94.0885
1	87.8699
1	250.592
1	127.619
1	188.976
1	136.01
1	87.5651
1	88.1716
1	75.2483
1	73.7765
1	99.0587
1	52.8342
1	71.2979
1	109.291
1	164.055
1	100.876
1	79.2109
1	181.35
1	117.008
1	128.301
1	160.675
1	103.412
1	73.5738
1	108.296
1	211.732
1	114.749
1	139.255
1	124.78
1	91.2838
1	104.763
1	83.3085
1	69.0703
1	86.0277
0	14.3646
1	280.955
1	112.419
1	98.9118
1	57.0722
1	78.4094
1	72.1889
1	79.5506
1	129.833
1	99.1907
1	103.62
1	57.6417
1	126.483
1	114.65
1	66.7548
1	94.7407
1	102.91
1	227.406
1	83.2247
1	85.0339
1	72.4766
1	99.1063
1	170.275
1	74.2398
1	139.919
1	89.9909
1	91.5581
1	122.468
1	128.123
1	177.335
1	50.7916
1	101.824
1	158.646
1	70.662
1	174.288
1	74.7853
1	63.8129
1	127.167
1	62.2176
1	96.9889
1	104.18
1	106.344
1	119.051
1	93.3943
1	56.7436
1	150.131
1	109.678
1	100.034
1	151.387
1	144.043
1	243.607
1	147.461
1	67.5462
1	203.855
1	114.108
1	131.535
1	95.0188
1	98.2617
1	115.386
1	40.1681
1	146.721
1	142.081
1	72.1034
1	53.2541
1	95.8331
1	46.6804
1	26.763
1	128.532
1	128.888
1	56.919
1	90.7169
1	76.3017
1	85.2518
1	60.2573
1	56.9494
1	224.125
1	42.0309
1	199.458
1	124.637
1	111.16
1	187.173
1	102.785
1	193.747
1	146.715
1	79.0264
1	107.633
1	182.389
1	113.118
1	166.417
1	29.3714
1	97.4318
1	70.3045
1	75.7267
1	160.393
1	44.6611
1	273.918
1	89.5952
1	101.721
1	97.7075
1	83.6526
1	104.194
1	98.1591
1	121.473
1	95.3449
1	192.311
1	99.7139
1	88.9699
1	125.001
1	150.146
1	106.523
1	81.3459
1	107.29
1	67.7458
1	100.87
1	99.7056
0	1.68753
1	235.338
1	85.9093
1	99.7159
1	112.119
1	183.366
1	93.2443
1	52.4356
1	91.9503
1	138.533
1	167.328
1	90.4481
1	74.9584
1	103.259
1	93.7664
1	133.768
1	62.3487
1	143.473
1	129.722
1	280.535
1	154.709
0	51.0397
1	108.785
1	151.448
1	73.2583
1	103.191
1	54.5308
1	105.428
1	67.627
1	99.3458
1	48.5477
1	99.976
1	177.079
1	80.8419
1	102.356
0	68.0366
1	88.8703
1	89.3802
1	95.5686
1	233.404
1	95.6185
1	53.5957
1	76.5691
1	90.4053
1	87.1248
1	181.257
1	46.6068
1	112.277
1	84.3363
1	114.403
1	51.9118
1	173.261
1	127.82
1	154.293
1	123.974
1	117.92
1	165.543
1	85.396
1	114.714
1	94.539
1	137.584
1	115.978
1	100.749
1	91.1325
1	108.345
1	62.2093
1	131.549
1	147.711
1	59.7649
1	65.194
1	131.883
1	141.794
1	120.276
1	86.3333
1	87.8562
1	103.865
1	110.125
1	150.098
1	197.886
1	120.691
1	98.5436
1	169.326
1	82.2903
1	181.038
1	177.849
1	72.112
1	121.384
1	184.6
1	67.7118
1	114.365
1	71.4615
1	168.996
1	65.6204
1	54.0321
1	71.23
1	104.687
1	115.671
1	131.856
1	53.3814
1	78.6499
1	92.1473
1	66.8976
1	89.3393
1	111.487
1	102.283
1	104.628
1	83.1241
1	211.577
1	175.06
1	130.347
1	85.6771
1	99.2291
1	320.158
1	50.6897
1	168.061
1	188.295
1	78.6957
1	137.303
1	72.0692
1	85.2431
1	58.9913
1	94.4474
1	95.9945
1	86.9653
1	45.2572
1	74.4289
1	122.026
1	156.217
0	96.7361
1	51.5803
1	135.275
1	123.352
1	165.964
1	109.522
1	219.044
1	82.8675
1	144.827
1	164.436
1	64.4424
1	199.904
1	189.827
1	83.9118
1	197.476
1	147.34
1	87.5725
1	24.6671
1	93.5617
1	55.1277
1	90.7164
1	175.047
1	126.187
1	116.991
1	94.1873
1	130.14
1	77.2526
1	86.9029
1	74.9372
1	88.7139
1	67.7637
1	124.874
1	91.3813
1	93.9267
1	284.368
1	79.4034
1	70.6975
1	135.729
1	140.661
1	82.4654
1	133.033
1	161.417
1	201.371
1	107.315
1	57.3992
1	47.0804
1	109.358
1	149.01
1	57.0356
1	50.3407
1	68.4134
1	73.2764
1	171.305
1	231.743
1	234.909
1	203.708
1	64.8311
1	104.295
1	116.195
1	126.301
1	83.5591
1	136.836
1	69.7081
1	114.233
1	121.732
1	47.2638
1	101.752
1	151.083
1	131.355
1	96.497
1	100.282
1	102.51
1	87.3556
1	60.5113
1	112.081
1	118.631
1	68.3868
1	91.786
1	48.5865
1	47.9544
1	218.592
1	81.4386
1	88.1189
1	108.975
1	96.406
1	174.581
1	123.698
1	148.188
1	91.8453
1	54.2009
1	80.2275
1	109.852
1	210.077
1	79.2263
1	66.4597
1	76.0326
1	109.553
1	138.684
1	152.233
1	133.095
1	52.8118
1	135.77
1	67.8855
1	144.515
1	25.5131
1	241.758
1	50.7855
1	98.1345
1	78.1642
1	98.5186
1	113.941
1	167.212
1	107.23
1	58.3966
1	70.6608
1	112.035
1	176.81
1	163.78
1	122.958
1	71.0285
1	108.795
1	97.6252
1	61.4644
1	117.449
1	61.8437
1	83.8019
1	127.808
1	120.081
1	155.254
1	31.724
1	123.695
1	92.0476
1	137.841
0	32.277
1	88.9927
1	75.5439
1	47.9429
1	60.7662
1	129.385
1	109.317
1	154.559
1	118.9
1	125.608
1	67.4849
1	137.598
1	97.1178
1	64.1794
1	119.059
1	80.9905
1	34.0535
1	76.3332
1	102.088
1	156.526
1	149.923
1	117.635
1	72.938
1	117.952
1	96.5253
1	70.0612
1	47.0229
1	90.4616
1	110.722
1	137.339
1	102.75
1	56.292
1	153.986
1	152.129
1	135.694
1	94.0298
1	88.5598
1	101.539
1	61.4533
1	117.619
1	184.328
1	59.7517
1	88.5145
1	49.9745
1	146.389
1	128.136
1	122.981
1	101.943
1	101.636
1	87.0437
1	136.768
1	161.314
1	54.2761
1	120.977
1	156.28
1	64.9527
1	134.76
1	99.3583
1	39.1573
1	215.788
1	135.158
1	70.9757
1	65.889
1	44.485
0	62.1789
1	62.4072
1	97.9683
1	129.833
1	124.897
1	88.0378
1	176.905
1	120.838
1	63.1165
1	90.0313
1	183.291
1	91.625
1	191.951
1	72.1098
1	173.595
1	87.8147
1	85.6265
1	100.155
1	138.86
1	79.8453
1	72.4353
1	155.869
1	41.6462
1	98.1619
1	111.985
1	96.6036
1	109.967
1	76.7627
1	162.499
1	68.2138
1	69.7234
1	98.0117
1	98.2309
1	204.782
1	100.285
1	94.0525
1	126.373
1	139.588
1	77.1793
1	81.1579
1	71.2552
1	105.751
1	241.113
1	100.035
1	117.239
1	119.293
1	202.4
1	159.255
1	56.7542
1	85.087
1	110.072
1	95.8373
1	36.1435
1	75.002
1	89.588
1	115.171
1	148.854
1	106.11
1	125.285
1	115.256
1	283.69
1	59.8332
1	72.1755
1	105.252
1	58.7032
1	93.9101
1	82.37
1	63.2843
1	119.942
1	71.1672
1	111.376
1	183.557
1	110.381
1	53.448
1	154.222
1	105.857
1	144.064
1	109.07
1	117.898
1	67.9451
1	111.863
1	33.6068
1	110.44
1	68.8036
1	100.686
1	179.83
1	67.6622
1	80.5023
1	140.858
1	93.8718
1	160.322
1	84.0253
1	121.894
1	223.552
1	220.765
1	126.795
1	110.808
1	92.9077
1	98.3248
1	36.3961
1	135.48
0	66.8434
1	167.704
1	75.2982
1	169.422
1	119.337
1	66.377
1	97.6114
1	140.264
1	219.551
1	140.547
1	140.949
1	127.121
1	73.219
1	29.1497
1	74.2976
1	83.544
1	130.266
1	31.437
1	166.607
1	135.243
1	97.1991
1	40.1139
1	68.3383
1	189.859
1	117.787
1	24.848
1	73.0848
1	71.4619
1	103.221
1	67.678
1	322.705
1	65.513
1	122.153
1	108.707
1	91.3709
1	113.962
1	115.304
1	97.2336
1	103.101
1	64.0736
1	127.78
1	117.503
1	66.4994
1	124.112
1	180.947
1	86.2512
1	119.605
1	101.178
1	96.9629
1	266.46
0	17.7483
1	95.9523
1	92.3196
1	141.452
1	278.969
1	74.8764
1	72.6242
1	178.505
1	192.112
1	149.027
1	114.383
1	94.7989
1	153.891
1	142.217
1	169.606
1	70.0246
1	43.9481
0	39.9097
1	81.7536
1	170.551
1	98.6173
1	275.33
1	90.6767
1	90.0492
1	146.012
0	12.9779
1	93.6645
1	92.3884
1	177.508
1	64.9695
1	123.845
1	93.6968
1	266.485
1	54.2903
1	53.0442
1	133.38
1	79.0235
1	190.594
1	79.0738
1	100.911
1	71.0889
1	141.051
1	70.2461
1	91.6243
1	171.477
1	91.4823
1	52.5548
1	123.308
1	106.313
1	172.138
1	71.638
1	69.0192
1	61.1398
1	94.4812
1	131.71
1	48.8465
1	270.094
1	57.7553
1	68.4682
1	66.102
1	146.73
1	72.3223
1	80.601
1	81.5998
1	57.6344
1	71.3815
1	149.348
1	84.2643
1	107.386
1	185.275
1	144.134
1	66.6403
1	74.6184
1	50.2543
1	102.386
1	88.3182
1	117.78
0	8.52695
1	68.2519
1	108.419
1	136.31
1	107.413
1	171.258
0	134.937
1	79.9044
1	49.7256
1	94.6779
1	65.925
1	65.1788
1	69.9083
1	56.4184
1	161.689
1	120.738
1	73.9758
1	211.694
1	169.37
1	115.845
1	56.1681
1	60.4017
1	77.0033
1	99.749
1	117.874
1	130.808
1	135.532
1	117.893
0	12.2641
1	116.321
1	195.962
1	141.308
1	148.233
1	166.16
1	159.218
1	66.0159
1	97.1265
1	44.8907
1	99.2645
1	126.547
1	45.758
1	68.9194
1	98.5221
1	156.365
1	111.83
1	84.2159
1	145.959
1	89.3561
1	102.028
1	99.8416
1	98.7687
1	223.837
1	114.814
1	110.752
1	70.3507
1	93.7354
1	98.8609
1	71.8235
1	81.0113
1	68.2875
1	120.186
1	159.727
1	119.923
1	80.3249
1	106.113
1	37.7759
1	127.726
1	205.602
1	202.462
1	106.885
1	107.7
1	103.842
1	121.91
1	121.708
1	259.285
1	36.2528
1	67.5433
1	113.621
1	99.1774
1	53.3681
1	169.896
1	170.828
1	113.815
1	68.9688
1	66.9958
1	96.1485
1	100.119
1	53.6092
1	117.956
1	165.882
1	90.8478
1	70.212
1	160.2
1	132.49
1	91.0718
1	62.9264
1	43.5038
1	114.781
1	100.347
1	66.2899
1	54.3275
1	68.8267
1	167.258
1	52.6882
1	152.096
1	115.978
1	95.2332
1	153.853
1	103.129
1	101.941
1	77.7809
1	278.777
1	74.5649
1	109.028
1	84.9571
1	41.2418
1	62.673
1	85.5741
1	144.262
1	156.239
1	93.5669
1	149.903
1	133.527
1	115.579
1	86.36
1	66.6377
1	115.622
1	63.9403
1	126.878
1	83.9861
1	70.7637
1	57.5156
1	224.523
1	101.075
1	75.0164
1	162.76
1	209.885
1	152.688
1	95.8563
1	161.053
1	168.527
1	104.948
1	89.6515
1	229.819
1	136.412
1	34.7675
1	182.489
1	139.085
1	53.2378
1	154.559
1	105.807
1	177.723
1	51.3114
1	147.051
1	152.043
1	232.327
1	102.4
1	51.962
1	69.41
0	4.43583
1	75.3101
1	106.12
1	157.608
1	37.2164
1	155.305
1	98.136
1	105.298
1	68.1403
1	179.041
1	208.415
1	153.42
1	35.5318
1	137.843
1	198.928
1	45.0807
1	85.1098
1	110.768
1	109.381
1	85.0933
1	119.004
1	93.6651
1	137.113
1	110.158
1	48.2083
1	159.833
1	176.894
1	94.7672
1	170.102
1	116.298
1	135.795
1	82.8352
1	122.45
1	79.0173
1	83.6609
1	64.6787
1	309.21
1	127.651
1	79.8245
1	68.7911
1	58.9227
1	142.997
1	97.9786
1	101.366
1	59.1423
1	110.28
1	149.232
1	128.512
1	230.926
1	132.771
1	144.234
1	71.6148
1	130.888
1	89.3451
1	58.8824
1	133.974
1	75.6378
1	78.5366
1	104.662
1	77.0375
1	71.2274
1	120.088
1	119.709
1	52.1977
1	49.7531
1	116.407
1	230.985
1	134.907
1	74.5395
1	64.3045
1	67.3205
1	73.8524
1	121.492
1	139.739
1	61.9584
1	61.5623
1	93.0921
1	30.1287
1	93.2584
1	109.508
1	118.609
1	159.347
1	169.012
1	76.9083
1	45.6029
1	173.072
1	150.29
1	80.8881
1	72.4094
1	39.3108
1	163.397
1	144.51
1	102.122
1	134.833
1	140.862
1	55.5488
1	169.55
1	233.582
1	84.1134
1	127.844
1	107.282
0	19.8598
1	64.1439
1	78.0372
1	77.0829
1	125.989
1	163.852
1	89.481
1	139.611
1	46.08
1	241.421
1	70.9749
1	112.237
1	81.5613
1	89.5472
1	149.09
1	162.605
1	217.301
1	44.0116
1	90.9446
1	85.8042
1	77.599
1	74.7787
1	162.23
1	108.631
1	179.275
1	52.368
1	94.2014
1	133.61
1	109.1
1	128.175
1	145.871
1	113.939
1	80.7332
1	239.298
1	120.759
1	254.09
1	79.5574
1	49.582
1	120.444
1	317.944
1	117.523
1	83.7863
1	115.214
1	62.181
1	202.014
1	123.632
1	150.596
1	156.588
1	96.1192
1	98.3672
1	113.995
1	76.1956
1	162.51
1	171.459
1	128.116
1	51.3284
1	57.9278
1	52.569
1	149.489
1	165.432
1	77.3233
1	119.142
1	85.1376
1	97.4804
1	95.0954
1	62.3119
1	116.38
1	86.7838
1	99.3224
1	64.5663
1	147.076
1	111.229
1	66.6143
1	46.7136
1	143.205
1	47.6813
1	83.9573
1	36.4669
1	126.472
1	151.439
1	80.6465
1	169.905
1	48.4898
1	55.681
1	135.993
1	76.7284
1	58.4582
1	68.7023
1	208.306
1	115.791
1	145.225
1	74.9169
1	113.363
1	99.8852
1	43.6909
1	121.662
1	176.316
1	42.9637
1	64.6222
1	109.787
1	101.927
1	128.802
1	63.5313
1	74.1585
1	133.902
1	129.092
1	80.8572
1	142.807
1	120.808
1	70.5103
1	100.101
1	136.813
1	75.9232
1	72.8281
1	82.3425
1	264.221
1	79.121
1	75.0314
1	78.94
1	55.9068
1	73.0875
1	183.731
1	76.6224
1	119.39
1	34.515
1	54.7948
1	70.0694
1	143.849
1	70.0728
1	62.2869
1	116.914
1	58.1248
1	119.133
1	208.571
1	63.4847
1	201.067
1	101.538
1	85.5579
1	144.84
1	213.991
1	226.901
1	54.4122
1	153.519
1	68.562
1	153.994
1	120.483
1	171.151
1	63.6247
1	197.675
1	43.5213
1	82.535
1	36.834
1	182.711
1	162.459
1	58.1548
1	109.926
1	65.018
1	176.222
1	89.9336
1	249.858
1	118.143
1	77.2128
1	210.638
1	164.827
1	108.509
1	49.0798
1	94.9774
1	92.6055
0	15.8247
1	58.1733
1	61.6145
1	74.0423
1	93.2439
1	166.322
1	115.183
1	271.177
1	189.265
1	112.211
1	180.886
1	38.0213
1	111.967
1	77.785
1	207.508
1	76.6894
1	156.147
1	172.69
1	105.637
1	89.0412
1	131.572
1	164.663
1	103.745
1	64.1361
1	117.787
1	125.766
1	192.026
1	129.488
1	120.141
1	221.179
1	86.153
1	131.769
1	66.2048
1	151.279
1	107.393
1	169.664
1	86.0714
1	125.277
1	67.1044
1	66.5829
1	44.9429
1	83.3858
1	150.356
1	201.682
1	91.6391
1	133.251
1	131.453
1	126.634
1	182.24
1	67.1242
1	152.71
1	143.854
1	46.8158
1	64.668
1	110.221
1	101.602
1	191.41
1	109.423
1	104.548
1	93.4177
1	91.4044
1	175.139
1	91.8111
1	77.3913
1	148.803
1	103.902
1	74.5702
1	140.486
1	75.2649
1	90.2741
1	93.3941
1	83.5715
1	121.543
1	70.3241
1	82.6604
1	97.6867
1	152.195
1	200.132
1	211.917
1	44.5979
1	160.678
1	217.699
1	48.5284
1	104.172
0	5.39933
1	122.253
1	109.258
1	62.5386
1	37.1928
1	134.282
1	45.4062
1	42.5958
1	120.34
1	122.097
1	182.262
1	111.702
1	173.678
1	146.202
1	224.655
1	244.827
1	106.27
0	87.9268
1	72.4165
1	125.951
1	72.7727
1	142.544
1	173.287
1	95.8078
1	74.8275
1	58.9078
1	105.021
1	65.6293
1	111.927
1	138.884
1	62.9608
1	172.379
1	39.0051
1	166.925
1	75.413
1	232.353
1	133.13
1	193.146
1	117.287
1	100.041
1	106.465
1	54.1654
1	174.762
1	113.767
1	92.3311
1	138.399
1	169.642
1	77.4801
1	86.1532
1	83.7359
1	135.86
1	121.486
1	110.849
1	118.774
1	97.7398
1	59.8589
1	200.093
1	63.7883
1	104.614
1	67.6729
1	87.9288
1	66.3991
1	127.745
1	38.8591
1	53.0041
1	75.1346
1	92.342
1	80.8574
1	56.7224
1	73.0334
1	106.778
1	65.0835
1	122.873
1	137.472
1	238.44
1	180.245
1	328.112
1	107.817
1	83.3604
1	104.301
1	61.8989
1	188.271
1	111.137
1	188.582
1	129.807
1	96.6281
1	65.8617
1	104.142
1	59.9201
1	152.332
1	120.575
1	44.1561
1	93.9625
1	75.8478
1	149.963
1	98.051
1	104.488
1	83.3758
1	99.5971
1	95.6499
1	89.6486
1	43.4274
1	103.377
1	125.156
1	48.9419
1	72.7948
1	114.301
1	96.4296
1	119.889
1	164.649
1	144.086
1	63.3563
1	96.4182
1	59.0136
1	109.269
1	68.2357
1	206.688
1	74.9396
1	176.436
1	78.3162
1	63.7119
1	74.3149
1	105.894
1	45.5766
1	133.127
1	123.438
1	124.702
1	92.2591
1	84.5055
1	133.386
1	43.1529
1	63.9557
1	95.686
1	132.812
1	72.8858
1	73.3359
1	118.303
1	115.37
1	106.189
1	64.2143
1	83.1187
1	100.594
1	64.2647
1	106.426
1	145.388
1	120.361
1	231.388
1	173.9
1	85.4089
1	203.794
1	49.3811
1	174.703
1	171.55
1	134.732
1	109.196
1	113.996
1	86.5223
1	117.27
1	45.3917
1	107.201
1	152.464
1	100.364
1	48.3552
1	52.9212
1	133.754
1	94.9112
1	176.931
1	71.8387
1	82.8172
1	86.9342
1	67.913
1	113.599
1	150.621
1	27.5697
1	94.8044
1	59.0864
1	105.129
1	141.513
1	67.6433
1	161.344
1	244.46
1	107.79
1	76.0183
1	97.7812
1	170.668
1	207.307
1	57.6801
1	142.152
1	66.2308
1	79.0879
1	50.5598
1	88.9417
1	83.1991
1	190.912
1	123.391
1	87.5665
1	115.713
1	105.971
1	27.5685
1	134.782
1	169.172
1	304.525
1	156.119
1	79.2167
1	86.0623
1	94.92
1	125.06
1	109.105
1	120.798
1	167.94
1	143.524
1	102.18
1	66.4788
1	112.967
1	90.1808
1	118.187
1	64.0619
1	99.0741
1	75.0438
1	169.318
1	184.028
1	177.789
1	227.895
1	139.447
1	118.998
1	245.655
1	66.7563
1	78.1054
1	213.991
1	73.5841
1	148.434
1	277.639
1	63.0809
1	60.7341
1	99.9331
1	80.3182
1	157.489
1	43.4589
1	50.6722
1	183.496
1	96.5937
1	102.464
1	142.149
1	206.263
1	201.775
1	71.394
1	118.341
1	60.0038
1	148.173
1	157.329
1	66.3306
1	79.9263
1	75.5019
1	104.881
1	202.775
1	169.081
1	56.2804
1	177.507
1	157.437
1	109.674
1	63.2455
1	178.368
1	131.863
1	140.317
1	108.155
1	89.5453
1	137.677
1	29.8112
1	59.4949
1	190.701
1	161.215
1	90.8398
1	115.948
1	109.07
1	47.8062
1	108.879
1	97.9895
1	76.8608
1	193.77
1	62.2669
1	118.455
1	106.534
1	73.3761
1	68.0689
1	85.6804
1	144.575
1	95.6591
1	87.0977
1	124.561
0	193.908
1	52.0204
1	190.141
1	95.7653
1	31.9453
1	99.6522
1	125.15
1	89.2297
1	99.8041
1	199.987
1	106.044
1	65.0817
1	83.0805
1	70.0035
1	137.165
1	100.161
1	102.908
1	80.505
1	265.601
1	139.707
1	95.3886
1	132.274
0	26.1989
1	167.384
1	65.7851
1	173.798
1	79.4863
1	103.318
1	72.6923
1	105.153
1	92.8204
1	76.8772
1	187.824
1	240.394
1	54.9672
1	131.102
1	177.016
1	46.8514
1	68.2591
1	37.9296
1	178.262
1	64.4947
1	68.8644
1	60.8527
1	96.7742
1	52.0387
1	188.361
1	67.6905
1	104.568
1	57.3827
1	77.1545
1	168.745
1	79.6519
1	98.7162
1	195.6
1	51.5398
1	108.16
1	73.2118
1	174.986
1	83.0916
1	104.954
1	173.919
1	44.952
1	207.914
1	92.6936
1	106.972
1	51.2812
1	62.5563
1	54.0193
1	122.164
1	73.2142
1	196.37
1	77.889
1	58.9361
1	80.7884
1	184.058
1	50.3488
1	146.227
1	129.026
1	104.069
1	80.5416
1	110.505
1	107.197
1	74.2943
1	80.9364
1	125.651
1	68.9328
1	116.019
1	210.784
1	188.544
1	70.7426
1	145.375
1	67.4351
1	71.0323
1	131.268
1	209.587
1	99.1945
1	142.43
1	124.653
1	217.456
1	56.7809
1	69.9874
1	103.606
1	118.548
1	157.245
1	89.3735
1	90.2145
1	146.856
1	119.843
1	84.8681
1	137.364
1	90.7212
1	150.942
1	71.7364
1	91.1484
1	80.2643
1	95.3922
1	88.2818
1	84.5178
1	105.818
1	67.2942
1	86.2
1	117.223
1	103.806
1	227.855
1	75.5076
1	93.6315
1	100.334
1	71.1369
0	20.6205
