10000	10	9900	0.00208333
0.025641	25.3595	45464	0.459207	1e-06
1	119.035
1	60.8242
1	93.0612
1	232.154
1	79.8943
1	77.4384
1	227.195
1	107.144
1	59.3953
1	58.3517
1	125.027
1	111.338
1	177.813
1	144.387
1	73.6896
1	88.7303
1	227.235
1	145.012
1	124.251
1	75.5291
1	74.5003
1	134.648
1	150.177
1	141.804
1	83.7213
1	133.237
1	114.251
1	191.304
1	209.979
1	216.421
1	168.291
1	273.813
1	59.9844
1	70.1016
1	121.341
1	181.904
1	124.212
1	338.001
1	134.241
1	135.644
1	133.957
1	50.8884
1	74.4949
1	179.535
1	38.6807
1	115.012
1	150.084
1	18.2255
1	198.272
1	100.003
1	122.994
1	153.08
1	332.091
1	67.1825
1	112.803
1	84.7231
1	115.627
1	77.0858
1	96.4355
1	96.1722
1	286.316
1	95.2901
1	108.349
1	211.53
1	109.991
1	153.69
1	232.5
1	90.3028
1	124.155
1	101.558
1	122.772
1	124.035
1	97.561
1	107.661
1	99.1072
1	52.6618
1	126.778
1	56.7036
1	105.072
1	190.148
1	77.4264
1	179.576
1	104.415
1	121.07
1	120.372
1	101.589
1	79.1956
1	104.078
1	40.8628
1	187.055
1	101.025
1	87.0643
1	57.7432
1	203.293
1	122.142
1	51.1085
1	108.478
0	80.6843
1	89.7222
1	173.91
1	111.261
1	128.075
1	91.619
1	73.4657
1	110.973
1	330.863
1	89.8873
1	132.119
1	60.2425
1	93.5618
1	65.4825
1	44.3607
1	244.174
1	177.174
1	83.7427
1	82.7801
1	45.0975
1	130.156
1	59.2275
1	146.441
1	92.1427
1	80.224
1	79.3658
1	224.221
1	155.842
1	44.9371
1	90.8467
1	135.276
1	149.713
1	164.855
1	108.34
1	102.769
1	79.4235
1	109.193
1	49.4722
1	72.9936
1	94.7774
1	101.417
1	213.107
1	76.0387
1	93.1184
1	89.8551
1	75.8626
1	93.0994
1	79.1524
1	90.9396
1	145.27
1	94.2446
1	86.7175
1	47.0593
1	252.371
1	208.789
1	59.9642
1	82.6917
1	85.7487
1	154.892
1	84.6925
1	46.0053
1	139.367
1	137.498
1	122.146
1	146.569
1	126.235
1	75.2591
1	107.112
1	231.023
1	221.427
1	86.2484
1	108.035
1	70.6371
1	104.254
1	71.5598
1	142.893
1	148.046
1	99.2036
1	145.434
1	61.7608
1	85.1671
1	72.4099
1	27.4527
1	65.307
1	219.823
1	74.3377
1	64.2898
1	136.048
1	156.551
1	59.4865
1	87.0155
1	76.7708
1	164.59
1	32.9791
1	90.1045
1	91.0834
1	151.323
1	65.5067
1	74.5686
1	113.236
1	82.4217
1	161.095
1	106.806
1	157.057
1	74.3391
1	71.9326
1	117.583
1	113.539
1	57.0607
1	47.8097
1	187.131
1	97.6233
1	30.6595
1	83.0528
1	83.9127
1	228.934
1	117.1
1	67.8075
1	82.3127
1	102.617
1	61.5928
1	78.7754
1	37.9077
1	55.7919
1	190.052
1	62.4446
1	102.719
1	210.64
1	86.6434
1	155.855
1	78.3918
1	70.1133
1	217.534
1	100.384
1	109.053
1	99.8625
1	97.3486
1	113.063
1	70.4277
1	39.1702
1	91.0334
1	72.8401
1	125.616
1	112.6
1	89.2575
1	62.6621
1	94.4334
1	56.3539
1	155.175
1	127.781
1	56.4709
1	112.109
1	40.5763
1	103.964
1	108.526
1	121.633
1	144.425
1	71.7246
1	86.0424
1	133.91
1	136.667
1	243.102
1	135.817
1	56.2396
1	46.9384
1	165.471
1	96.7224
1	71.5112
1	107.122
1	121.312
1	200.931
1	88.9705
1	126.973
1	92.6043
1	38.3879
1	143.772
1	85.0379
1	83.2687
1	195.056
1	188.721
1	60.935
1	48.2547
1	77.4278
1	114.295
1	67.2866
1	159.892
1	119.2
1	118.033
1	144.633
1	106.208
1	100.44
1	87.0638
1	129.252
1	114.744
1	130.135
1	51.1798
1	73.5796
1	123.111
1	59.4
1	112.615
1	175.519
1	122.3
1	83.0475
1	91.5241
1	61.5191
1	105.551
1	54.8013
1	75.5685
1	88.0835
1	187.73
1	91.6209
1	48.3967
1	71.4486
1	128.259
1	144.517
1	62.4891
1	46.383
1	159.703
1	57.8986
1	123.701
1	83.7011
1	97.12
1	95.4735
1	132.217
1	122.814
1	101.056
1	72.9167
1	42.9646
1	114.831
1	116.278
1	99.3143
1	129.112
1	191.618
1	173.85
1	123.358
1	78.2519
1	29.9351
1	81.1933
1	28.1777
1	76.5554
1	115.317
1	101.583
1	41.068
1	89.4972
1	297.586
1	98.1144
1	137.605
1	67.8633
1	184.999
1	82.6588
1	103.546
1	30.1466
1	349.59
1	83.414
1	61.706
1	108.489
1	113.15
1	174.822
1	77.774
1	103.39
1	108.274
1	128.7
1	85.4363
1	86.4182
1	38.7874
1	160.429
1	75.621
1	151.729
1	70.6405
1	290.332
1	86.4531
1	83.817
1	96.1039
1	46.0209
1	156.214
1	156.352
1	93.5759
1	122.067
1	124.582
1	63.7217
1	82.5578
1	88.4557
1	167.956
1	52.9702
1	92.7999
1	93.997
1	88.6445
1	130.715
1	131.506
1	89.2606
1	97.769
1	91.5182
1	104.671
1	224.702
1	168.114
1	86.7989
1	86.6011
1	165.921
1	141.951
1	91.1166
1	141.512
1	163.086
1	112.156
1	169.404
1	86.7575
1	127.358
1	82.7929
1	65.3199
1	126.517
1	93.1698
1	67.8172
1	99.1806
1	83.0169
1	98.537
1	61.5137
1	130.48
1	40.9879
1	93.4187
1	182.184
1	97.8053
1	206.738
1	166.432
1	65.8676
1	96.6291
1	184.091
1	216.775
1	82.6143
1	109.923
1	25.3423
1	105.148
1	74.7627
1	83.0193
1	88.564
1	134.299
1	117.734
1	84.9108
1	163.947
1	91.285
1	69.5567
1	58.2463
1	106.362
1	85.5062
1	68.5877
1	55.8288
1	163.559
1	62.2295
1	101.132
1	96.7503
1	58.5949
1	160.006
1	163.947
1	126.206
1	168.109
1	57.4214
1	144.553
1	80.8901
1	106.013
1	77.2129
1	152.162
1	99.2271
1	107.633
1	172.263
1	122.85
1	82.2464
1	90.7368
1	124.66
1	48.7458
1	138.228
1	87.3641
1	104.594
1	100.184
1	78.5265
1	162.741
1	218.746
1	77.922
1	100.303
1	59.7563
1	100.587
1	130.804
1	132.044
1	117.277
1	67.159
1	123.959
1	194.148
1	36.5396
1	239.566
1	97.961
1	70.6447
0	40.6246
1	90.7277
1	89.2305
1	54.8558
1	179.565
1	76.7774
1	50.0697
1	84.7241
1	145.221
1	92.6208
1	88.8979
1	69.4258
1	87.2752
1	250.414
1	120.728
1	61.0153
1	88.668
1	116.244
1	337.487
1	80.1968
1	59.1016
1	134.786
1	97.4214
1	48.6776
1	148.37
1	178.015
1	112.533
1	132.142
1	55.2319
1	94.3132
1	187.478
1	116.944
1	85.6062
1	80.8159
1	173.471
1	149.64
1	75.2677
1	101.207
1	130.316
1	136.404
1	169.18
1	84.7955
1	84.4797
1	113.2
1	81.7832
1	73.0001
1	213.387
1	43.8466
0	34.8161
1	86.0968
1	234.187
1	102.517
1	156.795
1	60.9225
1	143.855
1	62.1015
1	82.5719
1	127.206
1	45.3314
1	120.42
1	211.892
1	64.2958
1	108.084
1	61.4482
1	74.7451
1	63.4716
1	63.5803
1	110.437
1	105.789
1	59.7376
1	132.11
1	110.873
1	91.3184
1	146.114
1	82.327
1	157.836
1	126.297
1	73.9722
1	123.915
1	257.261
1	106.658
1	76.7415
1	62.6634
1	138.192
1	140.073
1	65.9036
1	111.474
1	136.701
1	168.851
1	85.37
1	120.3
1	111.413
1	111.001
1	172.406
1	133.196
1	54.2683
1	84.0729
1	73.7387
1	78.4138
1	64.3592
1	67.3403
1	90.0459
1	42.2504
1	131.924
1	177.417
1	167.012
1	98.0936
1	108.713
1	111.059
1	207.243
1	129.407
1	39.1339
1	105.336
0	66.8756
1	85.4061
1	54.5913
1	129.009
1	54.86
1	156.449
1	206.591
1	66.4774
1	164.566
1	102.414
1	80.7794
1	213.742
1	182.146
1	121.769
1	102.796
1	185.909
1	96.5576
1	84.1809
1	156.56
1	140.479
1	74.6729
1	112.419
1	108.321
1	107.01
1	112.944
1	108.86
1	90.818
1	125.518
1	181.973
1	74.3723
1	155.005
1	95.1989
1	122.934
1	60.3608
1	83.1172
1	147.523
1	155.062
1	68.0228
1	149.643
1	185.785
1	104.222
1	98.6657
1	83.324
1	82.1927
1	162.401
0	100.551
1	127.218
1	75.5817
1	98.9464
1	134.07
1	73.9617
1	81.4694
1	33.2533
1	133.177
1	85.8139
1	81.8904
1	141.809
1	107.769
1	68.9748
1	111.522
1	87.9826
1	119.369
1	117.753
1	77.101
1	46.5216
1	99.4863
1	95.6102
1	49.5818
1	94.7672
1	80.5531
1	129.39
1	53.4307
1	66.4528
1	68.5529
1	140.455
1	97.3539
1	116.739
1	68.4268
1	126.784
1	83.0149
1	83.8793
1	59.0019
1	100.299
1	52.1416
1	157.179
1	94.8654
1	66.0889
1	162.959
1	175.098
1	103.998
1	137.974
1	79.995
1	66.6604
1	191.753
1	81.0478
1	120.061
1	145.896
1	123.354
1	51.2772
1	117.97
1	70.074
1	102.747
1	130.205
1	139.232
1	120.772
1	127.706
1	94.5703
1	113.969
1	138.055
1	176.346
1	106.594
0	8.53884
1	135.178
1	194.531
0	30.7756
1	180.703
1	46.471
1	143.369
1	121.269
1	193.737
1	167.051
1	107.592
1	68.7961
1	104.223
1	201.69
1	66.6847
1	73.6395
1	50.7173
1	157.423
1	101.582
1	155.948
1	147.039
1	107.228
1	130.004
1	58.8061
1	82.4809
1	43.5726
1	109.287
1	142.577
1	106.313
1	138.773
1	96.8125
1	142.28
1	163.961
1	125.181
1	86.3144
1	113.881
1	123.61
1	137.563
1	93.6364
1	181.574
1	162.129
1	142.4
1	68.9062
1	147.817
1	94.764
1	99.821
1	189.153
1	81.6421
1	129.26
1	48.469
1	78.7354
1	96.7667
1	103.743
1	108.031
1	75.6059
1	59.8623
1	169.92
1	142.284
1	118.751
1	195.35
1	84.0633
1	211.846
1	78.1766
1	251.254
1	98.0259
1	113.065
1	116.527
1	51.0427
1	102.336
1	41.8504
1	174.74
1	110.326
1	53.6594
1	111.861
1	206.235
1	83.5188
1	151.44
1	111.408
1	142.067
1	105.113
1	41.826
0	24.2209
1	77.2967
1	78.7936
1	80.8028
1	132.483
1	83.1665
1	145.057
1	77.0833
1	135.75
1	149.669
1	118.507
1	146.367
1	124.695
1	183.863
1	69.0979
1	113.728
1	111.695
1	76.2659
1	75.0782
1	84.8928
1	123.977
1	155.989
1	93.3341
1	145.375
1	139.336
1	144.916
1	45.6371
1	77.8026
1	113.83
1	171.819
1	58.1505
1	115.745
1	165.559
1	107.858
1	47.3505
1	235.374
1	97.321
1	60.3126
1	257.338
1	69.721
1	78.5732
1	92.4207
1	99.9981
1	152.33
1	57.6359
1	39.2861
1	69.6564
1	175.021
1	59.3118
1	109.634
1	152.796
1	103.221
1	72.1251
1	88.7023
1	61.3343
1	145.177
1	107.969
1	67.2307
1	75.4794
1	273.472
1	109.271
1	75.1609
1	65.3278
1	56.864
1	55.5113
1	103.492
1	80.9284
0	18.8001
1	60.8102
1	72.9321
1	49.1521
1	99.0587
1	83.2105
1	152.216
1	504.799
1	38.4698
1	83.0473
1	88.0572
1	131.571
1	114.642
1	71.1968
1	61.3944
1	172.099
1	166.512
1	143.348
1	108.02
1	123.071
1	158.107
1	106.106
1	108.594
1	120.316
1	104.081
1	56.477
1	109.747
1	92.1045
1	142.835
1	54.7804
1	97.1948
1	50.9821
1	183.828
1	144.093
1	69.914
1	90.4051
1	98.1708
1	81.1965
1	315.852
1	82.8898
1	91.578
1	150.93
1	51.1964
1	94.0085
1	61.587
1	112.541
1	178.666
1	133.991
1	114.037
1	82.7281
1	132.296
1	120.444
1	132.307
1	60.0432
1	214.979
1	176.775
1	94.8018
1	180.156
1	143.381
1	84.6051
1	192.023
1	166.566
1	108.449
1	72.3086
1	209.073
1	163.249
1	131.674
1	90.4965
1	173.021
1	156.575
1	84.0342
1	143.788
1	209.36
1	101.037
1	60.0874
1	50.6442
1	102.752
1	88.319
1	103.117
1	77.7054
1	70.6572
1	70.7936
1	101.947
1	120.565
1	143.884
1	113.008
1	60.5383
1	92.8351
1	107.416
1	44.4254
1	312.479
1	141.777
1	116.841
1	68.5824
1	211.479
1	54.3209
1	167.383
1	116.557
1	176.251
1	110.95
1	104.146
1	82.3248
1	67.0851
1	207.147
1	113.509
1	68.8953
1	101.327
1	101.468
1	105.708
1	117.566
1	124.986
1	79.7817
1	185.582
1	126.397
1	82.6133
1	82.5759
1	61.7838
1	95.9645
1	98.5422
1	43.1633
1	195.417
1	94.062
1	45.1312
1	128.889
1	108.99
1	109.484
1	88.5662
1	74.4825
1	156.427
1	164.409
1	121.468
1	80.6357
1	110.273
1	302.72
1	141.751
1	152.333
1	150.515
1	176.966
1	58.3725
1	203.284
1	100.055
1	69.1247
1	102.498
1	150.378
1	104.673
1	115.32
1	74.8687
1	69.8654
1	105.919
0	15.6814
1	98.4126
1	199.067
1	96.8684
1	114.366
1	137.871
1	215.429
1	241.989
1	175.432
1	208.827
1	130.733
1	125.999
1	82.781
1	110.399
1	100.833
1	72.4263
1	71.601
1	87.1932
1	64.8315
1	143.046
1	96.9512
1	38.2649
1	141.741
1	94.7359
1	51.3984
1	58.3259
1	70.4619
1	133.43
1	62.5496
1	124.82
1	46.5094
1	120.904
1	90.2973
1	128.234
1	73.4845
1	128.089
1	144.562
1	93.1096
1	95.484
1	60.5843
1	68.2897
1	134.603
1	188.103
1	82.0784
1	128.838
1	98.0243
1	166.167
1	220.015
1	30.0156
1	131.841
1	92.7841
1	101.377
1	411.837
1	206.5
1	67.5088
1	90.9881
1	70.7975
1	63.1536
1	63.1732
1	84.9575
1	103.988
1	126.004
1	70.3994
1	199.404
1	148.444
1	79.9453
1	87.9813
1	40.1223
1	113.776
1	65.7893
1	65.9542
1	151.565
1	94.3077
1	80.7013
1	87.3459
1	156.406
1	109.724
1	88.9406
1	163.759
1	48.0176
1	86.8836
1	166.591
1	185.722
1	44.7154
1	112.37
1	127.108
1	109.88
1	221.069
1	103.919
1	108.43
1	163.127
1	103.789
1	107.859
1	82.9267
1	92.0698
1	205.212
1	95.7325
1	35.0549
1	88.8523
1	110.776
1	154.725
1	145.232
1	105.417
1	190.645
1	210.865
1	71.4758
1	144.326
1	71.7709
1	114.656
1	95.4645
1	45.4913
1	85.162
1	30.0704
1	116.74
1	105.976
1	69.3442
1	110.467
1	101.113
1	185.33
1	153.323
1	88.3561
1	181.109
1	58.7586
1	157.697
1	77.4
1	80.4712
1	73.7494
1	43.403
1	84.4768
1	178.051
1	137.712
1	94.8635
1	145.805
1	107.5
1	87.9768
1	40.0768
1	80.8701
1	148.583
1	151.139
1	133.714
1	112.39
1	49.2352
1	79.5819
1	238.037
1	87.3345
1	97.8591
1	73.5961
1	59.2046
1	31.29
1	81.1358
1	107.529
1	87.5508
1	87.8724
1	49.2314
1	113.001
1	177.753
1	174.368
1	50.8234
1	230.052
1	36.2702
1	136.341
1	39.6918
0	51.1543
1	57.8935
1	87.365
1	112.365
1	94.2249
1	120.859
1	91.4159
1	86.6777
1	110.483
1	144.08
1	44.2619
1	81.619
1	147.086
1	89.4019
1	127.903
1	165.62
1	73.6435
1	151.224
1	142.352
1	96.5769
1	94.7703
1	56.0422
1	50.5111
1	103.938
1	86.4025
1	93.9726
1	50.1436
1	81.6167
1	65.9052
1	79.1522
1	71.1789
1	116.808
0	0.830438
1	122.502
1	105.169
1	190.125
1	135.211
1	53.3055
1	108.213
1	240.731
1	109.244
1	65.135
1	52.538
1	72.3745
1	155.576
1	53.2084
1	118.061
1	66.3014
1	74.574
1	190.47
1	77.7545
1	178.069
0	72.1253
1	173.448
1	149.529
1	73.7094
1	113.692
1	105.262
1	99.4975
1	80.2811
1	136.87
1	103.182
1	142.019
1	76.048
1	53.68
1	74.0843
1	48.5564
1	92.0411
1	111.358
1	124.958
1	63.6351
1	94.6945
1	142.687
1	134.77
1	168.939
1	124.911
1	58.8777
1	149.578
1	97.9706
1	82.1205
1	76.5927
1	119.995
1	187.08
1	72.8262
1	150.194
1	148.637
1	78.5246
1	98.5412
1	94.2679
1	55.6922
1	80.787
1	142.912
1	223.269
1	116.742
1	99.2738
1	95.9096
1	94.2685
1	57.1292
1	171.768
1	118.499
1	218.414
1	121.545
1	187.798
1	66.336
1	105.789
1	46.7379
1	101.012
1	126.425
1	97.401
1	63.335
1	52.0689
1	75.5426
1	55.9706
1	88.8841
1	139.878
1	94.5754
1	123.754
1	112.071
1	175.712
1	72.3551
1	32.958
1	105.44
1	128.629
1	184.255
1	147.199
1	279.808
1	94.4804
1	89.1585
1	101.885
1	42.747
1	80.4471
1	94.2143
1	150.88
1	41.6687
1	135.878
1	104.083
1	61.2537
1	80.1119
1	163.226
1	78.3111
1	152.48
1	131.465
0	35.2815
1	115.713
1	90.4275
1	111.395
1	81.8531
1	130.314
1	57.9039
1	107.626
1	39.4774
1	143.295
1	163.097
1	183.17
1	68.7463
1	61.1025
1	96.301
1	125.715
1	48.5887
1	208.903
1	73.159
1	40.0404
1	82.3091
1	164.15
1	131.625
1	124.073
1	113.084
1	63.8338
1	101.356
1	173.151
1	105.214
1	148.459
1	121.306
1	101.772
1	45.0317
1	108.618
1	151.831
1	65.5356
1	155.012
1	132.185
1	105.381
1	76.861
1	99.3725
1	210.157
1	84.1172
1	102.403
1	238.877
1	86.5467
1	182.494
0	16.312
1	79.5519
1	43.2743
1	104.644
1	76.5072
1	81.502
1	113.92
1	61.7216
1	156.582
1	60.1343
1	141.194
1	106.213
1	117.633
1	85.8244
1	242.887
1	70.0782
1	135.135
1	101.333
1	126.482
1	53.8611
1	88.9609
1	60.4166
1	231.73
1	166.995
1	78.7189
1	87.854
1	106.03
1	322.267
1	146.574
1	92.29
1	103.5
1	77.207
1	58.5786
1	30.0108
1	102.396
1	94.0985
1	55.8403
1	80.6759
1	90.652
1	128.003
1	83.9243
1	184.592
1	50.6474
1	71.4927
1	112.858
1	121.065
1	85.9549
1	95.4102
1	105.819
1	69.3008
1	114.456
1	219.027
1	174.639
1	120.008
1	114.084
1	119.496
1	62.4216
1	111.69
1	70.8186
1	109.091
1	65.2233
1	56.173
1	129.417
1	140.438
1	93.6831
1	138.97
1	218.181
1	128.129
1	102.089
1	100.75
1	98.7862
1	61.7335
1	80.9423
1	80.798
1	174.986
1	96.7657
1	101.725
1	175.751
1	68.2976
1	104.788
1	51.4316
1	98.2137
1	93.927
1	220.058
1	98.3553
1	68.4869
1	117.762
0	23.9109
1	138.12
1	267.744
1	191.825
1	110.082
1	86.5313
1	65.1144
1	79.4362
1	105.075
1	251.783
1	86.9959
1	126.25
1	94.4486
1	189.815
1	82.0334
1	89.51
1	127.381
1	60.9211
1	89.7916
1	100.943
1	75.2545
1	94.9317
1	109.133
1	50.8092
1	79.6517
1	79.6295
1	77.4138
1	120.446
1	233.771
1	120.592
1	81.538
1	44.3605
1	156.649
1	147.394
1	59.3668
1	145.448
1	38.5777
1	118.769
1	50.827
1	178.268
1	104.921
1	56.2219
1	177.256
1	200.743
1	112.442
1	56.0988
1	93.546
1	216.682
1	117.239
1	169.728
1	68.0471
1	101.815
1	90.258
1	160.441
1	70.8634
1	166.793
1	81.0513
1	56.2635
1	72.5923
1	106.408
1	148.436
1	30.9963
1	57.6589
1	87.7915
1	83.7679
1	89.4455
1	93.3564
1	109.626
1	155.326
1	132.738
1	104.162
1	51.3538
1	108.933
1	67.2815
1	183.951
1	61.5479
1	92.1013
1	141.618
1	230.625
1	101.679
1	83.7326
1	118.52
1	114.69
1	78.1004
1	94.1238
1	73.0639
0	12.4459
1	150.145
1	90.2336
1	185.994
1	153.519
1	88.8296
1	95.5525
1	102.342
1	82.2321
1	117.178
1	126.692
1	76.9069
1	217.121
1	190.522
1	41.8958
1	88.5557
1	51.1621
1	89.3754
1	87.5539
1	182.52
1	105.203
1	77.7171
1	255.369
1	82.6487
1	126.972
0	48.6095
1	49.1251
1	89.6018
1	102.773
1	134.07
1	170.729
1	42.9712
1	114.515
1	111.574
1	138.927
1	208.176
1	111.849
1	49.5076
1	88.2075
1	66.9469
1	88.2454
1	98.759
1	45.438
1	83.2792
1	122.028
1	120.191
0	46.8456
1	52.6235
1	156.019
1	100.952
1	75.9095
1	122.459
1	82.3377
1	103.243
1	144.02
1	92.6336
1	82.3131
0	14.2928
1	56.7882
1	137.666
1	93.3007
1	107.946
1	194.08
1	127.676
1	67.9989
1	58.2362
1	95.1282
1	115.51
1	182.678
1	66.3688
1	77.6675
1	185.649
1	119.88
1	131.592
1	110.415
1	90.793
1	49.5071
1	117.936
1	145.405
1	149.696
1	37.1285
0	98.6361
1	106.163
0	25.5375
1	95.7342
1	101.222
1	142.371
1	137.939
1	236.54
1	111.207
1	102.228
1	103.489
1	81.8828
1	99.9957
1	37.6245
1	98.8142
1	148.476
1	109.333
1	74.3185
1	69.3002
1	170.86
1	80.5081
1	119.968
1	78.5137
1	180.542
1	149.95
1	89.2298
1	44.9695
1	59.7366
1	86.7463
1	75.6037
1	115.976
1	136.38
1	59.9071
1	84.1231
1	162.194
1	62.4831
1	58.8117
1	96.1483
1	82.8977
1	50.1965
1	51.1892
1	129.983
1	96.6874
1	65.6146
1	103.031
1	123.335
1	131.968
1	120.13
1	84.9021
1	117.608
1	63.4608
1	65.5344
1	133.789
1	47.8348
1	122.422
1	75.4715
1	145.166
1	47.6706
1	48.2662
1	182.539
1	186.022
1	153.93
1	96.3862
1	108.224
1	103.982
1	120.73
1	31.6196
1	70.0028
1	78.6202
1	86.4133
1	51.5098
1	58.0033
1	89.1512
1	155.524
1	60.4958
1	100.3
1	101.037
1	123.013
1	90.0946
1	48.0433
1	122.445
1	132.985
1	165.786
1	183.974
1	51.2564
1	67.0834
1	87.2538
1	72.1577
1	177.194
1	151.751
1	91.3028
0	65.3807
1	170.922
1	81.2316
1	98.8832
1	64.2889
1	157.299
1	85.2846
1	73.5029
1	104.711
1	62.0875
1	132.469
1	96.7364
1	176.038
1	142.635
1	209.547
1	140.274
1	114.588
1	163.879
1	72.7567
1	153.863
1	147.609
1	75.0031
1	135.896
1	176.823
1	97.2329
1	122.859
1	48.1108
1	55.7948
1	167.62
1	105.308
1	141.615
1	87.9258
1	73.3364
1	114.475
1	39.3934
1	133.232
1	79.9132
1	112.373
1	106.04
1	132.476
1	190.467
1	78.4111
1	59.108
1	114.316
1	93.3537
1	60.2669
1	86.8456
1	205.679
1	119.103
1	94.5649
1	62.2135
1	110.966
1	68.6703
1	100.168
1	115.012
1	89.335
1	128.727
1	46.9431
1	135.726
1	75.2946
1	67.2493
1	94.7766
1	124.336
1	69.7102
1	64.0918
1	78.917
1	76.4752
1	43.0811
1	71.5013
1	74.8568
1	58.0695
1	94.5115
1	149.54
1	55.7707
1	56.9388
1	118.028
1	131.036
1	95.5813
1	155.624
1	92.3847
1	142.345
1	117.696
1	139.783
1	94.1481
1	149.53
1	88.0972
1	125.5
1	77.5085
1	81.9829
1	39.9168
1	128.862
1	105.506
1	109.458
1	113.105
1	137.191
1	126.435
1	88.4642
1	142.965
1	65.7448
1	100.27
1	61.5985
1	21.3774
1	84.3811
1	80.623
1	74.5188
1	142.047
1	42.2832
1	76.052
1	98.7272
1	208.811
1	132.119
1	144.674
1	119.553
1	73.3141
1	87.8797
1	108.106
1	82.6877
0	35.9525
1	51.9443
1	96.5836
1	94.1326
1	99.499
1	165.229
1	73.1681
1	88.9712
1	95.8027
1	158.16
1	73.2795
1	61.9261
1	70.6225
1	184.204
1	116.267
0	17.5671
1	107.447
1	137.341
1	75.294
1	146.823
1	144.664
1	178.853
1	123.299
1	32.9533
1	206.695
1	217.517
1	113.687
1	108.718
1	62.3825
1	99.3899
1	85.6699
1	132.389
1	58.5143
1	142.352
1	74.6345
1	144.578
1	73.5652
1	160.65
1	164.182
1	70.1647
1	127.588
1	61.7089
1	337.115
1	92.5335
1	96.42
1	94.6861
1	66.1366
1	148.148
1	108.438
1	99.2953
1	66.3777
1	77.9972
1	95.8243
1	64.198
1	96.0325
1	205.229
1	35.3974
1	117.454
1	122.9
1	117.057
0	0.576946
1	115.23
1	82.9324
1	73.7587
1	87.849
1	103.739
1	108.125
1	68.8888
1	111.551
1	180.527
1	95.4881
1	82.5302
1	130.711
1	77.1158
1	344.563
1	66.7677
1	144.539
1	70.7815
1	135.476
1	85.8927
1	61.9512
1	71.4864
1	112.623
1	192.633
1	160.795
1	100.451
1	25.5068
1	136.207
1	118.503
1	72.2854
1	103.054
1	71.7487
1	99.6094
1	83.2315
1	132.272
1	100.981
1	75.193
1	80.797
1	175.748
1	77.8957
1	72.6094
1	71.4776
1	81.7577
1	119.7
1	116.014
1	125.283
0	2.09156
1	111.366
1	174.59
1	167.4
1	300.884
1	141.847
1	95.1346
0	10.4512
1	106.457
1	186.29
1	95.2369
1	102.393
1	69.0783
1	71.8691
1	117.839
1	218.214
1	61.493
1	53.618
1	109.77
1	177.098
1	192.728
1	38.086
1	84.4525
1	115.716
1	84.1757
1	67.6809
1	63.1392
1	198.146
1	143.547
1	96.6367
1	151.671
1	221.564
1	83.5711
1	40.4767
1	183.159
1	121.785
1	83.3396
1	72.6669
1	137.354
1	97.3223
1	289.736
1	105.973
1	181.934
1	57.4225
1	104.191
1	60.5145
1	153.645
1	90.0431
1	47.7021
1	67.7057
1	80.5832
1	82.4069
1	103.705
1	56.9942
1	83.3834
1	54.4818
1	82.768
1	142.754
1	115.145
1	75.4025
1	80.7735
1	85.5387
1	119.013
1	72.7126
1	75.8066
1	61.6723
1	220.334
1	67.9569
1	71.6191
1	72.5712
1	122.965
1	210.774
1	84.8492
1	125.19
1	99.9302
1	182.888
1	80.7215
1	310.001
1	85.483
1	75.7011
1	97.8447
1	54.7533
1	157.939
0	4.30318e-06
1	99.756
1	164.08
1	88.1796
1	36.3614
1	108.317
1	135.846
1	65.9077
1	129.747
1	220.061
1	58.9589
1	73.1805
1	108.304
1	46.251
1	120.996
1	155.336
1	103.955
1	110.372
1	82.147
1	113.408
1	165.348
1	137.509
1	327.133
1	60.2578
1	69.68
1	115.827
1	118.006
1	302.713
1	111.612
1	155.105
1	142.679
1	96.0283
1	114.136
1	74.6183
1	82.3365
1	110.704
1	49.86
1	153.598
1	101.644
1	195.538
1	89.3534
1	76.9305
1	120.849
1	55.8607
1	78.6003
1	90.1238
1	60.6797
1	69.2855
1	71.3631
1	178.026
1	41.1122
1	84.4455
1	132.773
1	142.589
1	98.4909
1	74.9068
1	114.312
1	81.1985
1	90.3647
1	71.0609
1	70.5574
1	80.885
1	38.1685
1	107.12
1	88.1311
1	164.315
1	129.428
1	247.478
1	175.163
1	82.0947
1	83.1843
1	83.8724
1	232.71
1	37.5313
1	172.985
1	162.845
1	101.483
1	131.619
1	220.868
1	77.0547
1	128.661
1	56.7948
1	78.3864
1	170.58
1	95.8199
1	86.6382
1	127.269
1	116.117
1	71.7718
1	189.281
1	99.3213
1	58.3007
1	75.2762
1	72.5491
1	86.9384
1	60.7426
1	176.3
1	88.2507
1	53.7821
1	142.737
1	149.855
1	187.502
1	80.7336
1	113.129
1	59.8564
1	81.0617
1	95.462
1	36.1864
1	188.978
1	71.7253
1	173.496
1	66.2725
1	273.711
1	67.9037
1	88.0341
1	89.0793
1	194.092
1	250.507
1	54.1491
1	139.702
1	221.109
1	176.317
1	168.713
1	53.6838
1	152.018
1	99.7276
1	81.7411
1	80.3835
1	78.0832
1	50.985
1	55.5393
1	121.642
1	246.132
1	120.714
1	56.0879
1	99.2907
1	95.6249
1	113.587
1	69.6392
1	88.9268
1	76.311
1	124.18
1	167.545
1	119.923
1	176.852
1	98.6095
1	137.548
1	139.041
1	112.265
1	114.423
1	168.267
1	100.707
1	59.7552
1	190.158
1	183.05
1	54.1907
1	86.2255
1	151.881
1	181.371
1	172.158
1	112.474
1	80.7505
1	44.7976
1	251.34
1	192.433
1	78.5635
1	79.729
1	89.3597
1	93.5122
1	95.1823
1	152.68
0	81.6967
1	206.892
1	87.7508
1	140.601
1	107.84
1	72.5786
1	99.2552
1	163.013
1	73.8441
1	110.832
1	48.1337
1	65.2013
1	109.732
1	66.1134
1	133.544
1	105.668
1	112.34
1	86.2816
1	90.8961
1	86.2509
1	94.2387
1	131.851
1	142.522
1	75.1015
1	176.527
1	116.167
1	203.798
1	107.054
1	120.039
1	110.337
1	89.7655
1	77.8255
1	139.099
1	218.213
1	149.611
1	108.282
1	150.028
1	94.3333
1	204.188
1	40.0509
1	57.039
1	124.856
1	115.737
1	195.073
1	101.904
1	38.1401
1	63.3602
1	236.835
1	49.9544
1	65.7994
1	93.5634
1	91.597
1	78.0572
1	106.589
1	105.532
1	154.188
1	122.301
1	128.672
1	127.703
1	142.332
1	86.2218
1	137.89
1	120.236
1	97.829
1	179.716
1	230.012
1	58.9232
1	107.705
1	103.083
1	206.276
1	121.96
1	99.5494
1	79.646
1	52.2381
1	75.6459
1	92.2937
1	85.5542
1	122.361
1	191.33
1	188.813
1	149.675
1	141.195
1	113.279
1	120.538
1	94.741
1	72.1479
1	104.762
1	152.038
1	76.3987
1	97.0425
1	94.4854
1	176.639
1	167.04
1	110.679
1	102.567
1	91.7437
1	73.399
1	203.822
1	79.0643
1	57.4017
1	208.534
1	68.1771
1	88.819
1	66.7931
1	146.328
1	57.7098
1	32.88
1	197.788
1	160.964
1	46.4848
1	70.9572
1	43.6267
1	110.559
1	58.9116
1	113.321
1	57.7673
1	152.028
1	92.6167
1	87.3896
1	125.432
1	44.1538
1	83.1573
1	185.19
1	99.0038
1	44.4391
1	99.5571
1	125.641
1	91.5115
1	110.275
1	205.143
1	86.8595
1	110.087
1	174
1	80.8408
1	135.652
1	62.4748
1	34.8715
1	50.4168
1	131.655
1	76.4531
1	200.265
1	160.474
1	79.8118
1	62.2638
0	6.49193
1	72.0545
1	72.4957
1	85.1901
1	82.1281
1	95.6323
1	178.734
1	151.747
1	82.175
1	82.1338
1	122.779
1	106.937
1	96.993
1	192.693
1	62.9981
1	64.0705
1	149.901
1	49.2778
1	169.358
1	110.645
1	85.2398
1	82.509
1	264.242
1	66.8408
1	64.9743
1	61.8018
1	84.8778
1	59.1034
1	102.745
1	97.6008
1	124.319
1	87.5961
1	105.398
1	139.585
1	131.393
1	108.732
1	62.0761
1	88.1079
1	92.5539
0	6.61564
1	125.584
1	144.852
1	56.7501
1	75.9547
1	78.9606
1	117.608
1	108.426
1	118.918
1	157.611
1	173.079
1	51.5284
1	75.1003
1	103.298
1	146.597
1	98.3128
1	143.21
1	203.292
1	108.226
1	100.893
1	89.2354
1	61.8325
1	58.3892
1	165.309
1	97.8875
1	81.189
1	94.0295
1	97.1784
1	65.9886
1	225.37
1	77.103
1	66.7721
1	37.7876
1	38.6439
1	197.528
1	64.5245
1	91.3833
1	170.411
1	110.874
1	156.209
1	126.773
1	135.432
1	59.5249
1	91.0842
1	91.9385
1	207.798
1	158.847
1	74.2639
1	43.3884
1	104.359
1	130.74
1	80.161
1	156.531
1	159.438
1	104.959
1	76.6406
1	103.279
1	72.8871
1	85.8507
1	147.055
1	72.5458
1	38.3855
1	151.737
1	105.047
1	40.2489
1	125.558
1	128.586
1	112.584
1	103.663
1	97.999
1	141.859
1	82.3188
1	86.1643
1	140.559
1	127.213
1	115.423
1	131.093
1	64.6468
1	133.428
1	117.366
1	86.7416
1	71.6867
1	148.918
1	76.4753
1	181.96
1	280.577
1	106.886
1	126.504
0	152.724
1	70.649
1	157.036
1	67.9796
1	189.212
1	48.6897
1	129.866
1	91.8132
1	139.174
1	198.499
0	133.029
1	173.122
1	73.6463
1	137.571
1	55.5362
1	106.557
1	91.4672
1	194.047
1	114.099
1	96.8909
1	108.038
1	120.663
1	244.917
1	103.178
1	113.513
1	226.103
1	134.891
1	175.599
1	109.424
1	161.889
1	119.326
1	54.8065
1	174.423
1	110.831
1	72.0057
1	84.2029
1	81.7007
1	171.407
1	150.771
1	106.809
1	67.1059
1	131.673
1	69.3335
1	314.737
1	136.158
1	57.7593
1	107.528
1	122.884
1	314.185
1	69.5636
1	80.2782
1	147.519
1	62.3391
1	113.863
1	71.5376
1	121.476
1	97.3349
1	158.723
1	83.7056
1	177.764
1	162.161
1	99.8909
1	43.0691
1	178.687
1	90.0382
1	59.4394
1	127.218
1	238.959
1	96.9214
1	54.5681
1	132.378
1	173.295
1	139.485
1	137.777
1	147.004
1	122.842
1	128.093
1	137.444
1	63.8839
1	88.2494
1	96.0247
1	113.892
1	186.523
1	83.6629
1	128.738
1	138.718
1	108.853
1	73.8601
1	100.438
1	249.4
1	131.113
1	117.235
1	66.1739
1	83.5238
0	76.1615
1	74.0935
1	94.9383
1	89.3913
1	109.446
1	108.529
1	99.255
1	65.8456
1	65.6545
1	99.9333
1	169.618
1	164.448
1	75.5339
1	188.286
1	108.192
1	126.266
1	47.7512
1	90.614
1	133.987
1	109.168
1	78.3997
1	99.4848
1	66.3336
1	42.2078
1	72.109
1	61.371
1	93.3123
1	206.044
1	157.546
1	64.2457
1	247.211
1	163.465
1	112.892
1	26.0928
1	48.1532
1	174.631
1	112.769
1	161.401
1	208.993
1	92.9566
1	115.825
1	188.618
1	76.8442
1	183.14
1	118.317
1	50.1582
1	57.6576
1	159.335
1	84.4669
1	71.4749
1	34.0841
1	117.814
1	70.0934
1	94.5204
1	89.8366
1	103.304
1	84.4604
1	136.673
1	144.275
1	63.5438
1	52.1702
1	87.5017
1	94.8953
1	122.643
1	76.0146
1	126.86
1	69.9691
1	67.9712
1	91.7168
1	82.1198
1	70.651
1	169.34
1	35.6288
1	87.248
1	126.465
1	117.542
1	58.1608
1	69.1968
1	63.4579
1	116.94
1	116.275
1	115.646
1	60.188
1	84.1246
1	102.199
1	85.0462
1	91.9825
1	108.563
1	102.508
1	161.624
1	96.5687
1	117.276
1	66.8789
1	144.965
1	98.1818
1	57.7491
1	71.6001
1	178.634
1	117.15
1	71.112
1	92.0026
1	86.1934
1	57.1566
1	79.0108
1	157.644
1	54.5013
1	99.1024
1	37.0351
1	119.295
1	93.2735
1	286.077
1	55.7118
1	144.73
1	62.4609
1	69.511
1	111.791
1	55.0425
1	102.008
1	120.136
1	108.793
1	115.969
1	145.04
1	185.853
1	115.112
1	100.804
1	137.703
1	135.141
1	67.6193
1	104.927
1	74.8131
1	103.25
1	103.206
1	54.2044
1	142.263
1	126.015
1	79.5608
1	124.696
1	93.3692
1	129.42
1	155.345
1	92.6859
1	133.138
1	237.269
1	74.5144
1	146.374
1	145.511
1	114.461
1	99.9278
1	77.4964
1	66.4649
1	90.1047
1	91.5683
1	110.568
1	101.991
1	118.188
1	211.452
1	177.068
1	129.803
1	129.426
1	116.216
1	73.3618
1	137.844
1	156.277
1	144.395
1	161.344
1	121.288
1	60.1789
1	133.321
1	74.7056
1	91.0931
1	180.051
1	123.511
1	96.5976
1	64.6495
0	4.44044
1	73.5653
1	100.841
1	82.501
1	93.6227
1	98.2721
1	157.756
1	175.408
1	104.439
1	275.546
1	58.6348
1	61.2124
1	217.296
1	59.3184
1	99.1803
1	91.6193
1	101.751
1	107.795
1	103.872
1	120.399
1	112.522
1	147.288
1	117.585
1	244.204
1	115.431
1	52.6751
1	78.168
1	101.928
1	125.124
1	289.209
1	87.6128
1	171.906
1	59.5994
1	125.118
1	99.6875
1	106.722
1	43.4165
1	44.4965
1	102.987
1	78.8633
1	206.962
1	246.718
1	110.651
1	80.9572
1	64.3933
1	89.4327
1	44.8401
1	78.986
1	118.449
1	80.0588
1	110.675
1	89.2091
1	75.7959
1	85.0435
1	78.6493
1	76.1761
1	224.299
1	212.814
1	90.5337
1	60.0246
1	72.5215
1	48.1211
1	120.502
1	101.89
1	262.191
1	103.06
1	83.3352
1	151.415
1	138.412
1	114.011
1	146.42
1	109.731
1	129.296
1	95.8512
1	183.543
1	65.3298
1	98.5292
1	129.326
1	194.863
1	73.8476
1	162.814
1	77.5681
1	117.127
1	132.772
1	92.0613
1	66.9527
1	179.435
1	105.723
1	68.9509
1	93.7055
1	101.205
1	120.128
1	113.022
1	177.442
1	109.273
1	69.9141
1	181.904
1	143.299
1	189.239
1	159.606
1	56.3183
1	91.1107
1	147.334
1	76.3184
1	130.234
1	125.137
1	75.9538
1	84.2649
1	106.629
1	116.392
1	105.272
1	55.1723
1	196.334
1	65.1898
1	135.351
1	120.6
1	175.354
1	42.3421
1	103.473
1	63.6178
1	137.511
1	90.8543
1	205.66
1	99.3485
1	87.9622
1	162.233
1	93.3324
1	41.8883
1	82.409
1	50.2442
1	139.846
1	54.0717
1	78.446
1	47.1266
1	80.2534
1	60.5361
1	55.56
1	102.096
1	75.2223
1	64.0586
1	69.1137
1	231.623
1	73.0372
1	77.7272
1	90.7329
1	68.6021
1	181.662
1	36.2924
1	139.451
1	84.6218
1	61.5819
1	68.9389
1	87.4834
1	156.044
1	99.9723
1	197.676
1	57.1429
1	76.6231
1	92.9185
1	95.3835
1	85.1923
1	84.4389
1	260.089
1	152.153
1	100.141
1	62.5561
1	46.0141
1	64.4725
1	85.4332
1	138.322
1	202.726
1	141.261
1	74.3383
1	79.8115
1	253.866
1	97.4184
1	163.634
1	81.9098
1	185.852
1	125.375
1	144.608
1	198.095
1	118.732
1	75.5666
1	78.2882
1	115.572
1	187.355
1	90.8802
1	71.0151
1	119.568
1	250.499
1	43.9344
1	242.34
1	146.783
1	88.8332
1	279.709
1	84.4109
1	110.987
1	76.2122
1	107.406
1	129.619
1	246.274
1	147.248
1	89.9663
1	110.991
1	159.319
1	101.51
1	169.975
1	99.9158
1	137.28
1	103.978
1	101.571
1	137.132
1	104.608
1	126.911
1	52.2406
1	77.8463
1	182.423
1	86.6026
1	100.657
1	169.713
1	185.747
1	59.5489
1	95.8954
0	6.87392
1	92.9939
1	75.9997
1	119.259
1	92.3805
1	80.6711
1	133.127
1	115.266
1	58.1979
1	74.8048
1	118.515
1	109.2
1	113.569
1	109.454
1	131.023
1	169.661
1	109.419
1	57.7358
1	101.137
1	70.6249
1	135.154
1	142.116
1	124.528
1	143.413
1	117.955
1	212.513
1	62.1899
1	216.104
1	82.1938
1	95.5423
1	67.6216
1	84.9179
1	71.5952
1	85.0525
1	259.036
1	55.0713
1	83.3985
1	106.061
1	57.7366
1	93.2547
1	101.943
1	68.2453
1	187.183
1	153.521
1	133.543
1	132.33
1	86.8143
1	116.577
1	163.543
1	69.1077
1	103.367
1	255.627
1	117.984
1	90.8981
1	91.7628
1	192.673
1	104.873
1	235.784
1	87.4486
1	74.6002
1	162.186
1	55.5712
1	129.427
1	107.539
1	71.2348
1	165.419
1	86.389
1	100.573
1	87.0351
1	40.1815
1	126.93
0	12.3134
1	108.952
1	208.709
1	185.338
1	88.0847
1	94.9247
1	134.078
1	120.662
1	51.661
1	113.468
1	204.179
1	113.153
1	135.728
1	55.1895
1	76.013
1	108.949
1	57.8154
1	131.739
1	83.711
1	152.917
1	154.496
1	59.802
1	50.3841
1	40.0587
1	202.295
1	81.2958
1	175.903
1	78.3112
1	178.132
1	226.302
1	73.149
1	102.409
1	209.154
1	75.0521
1	36.8829
1	94.4895
1	43.832
1	217.212
1	115.062
1	193.995
1	107.373
1	64.3121
1	128.627
1	107.04
1	77.7927
1	120.95
1	50.6115
1	74.769
1	69.8779
1	136.434
0	25.8362
1	89.1648
1	203.112
1	97.0094
1	291.275
1	109.777
1	138.621
1	91.9406
1	78.624
1	170.076
1	85.7141
1	148.147
1	123.048
1	222.101
1	56.4726
1	140.044
1	131.704
1	79.2673
1	123.555
1	55.0348
1	89.393
1	83.5877
1	83.3981
1	116.197
1	157.512
1	93.0075
1	161.162
1	56.7287
1	53.1577
1	168.742
1	50.6984
1	210.716
1	83.2992
1	48.3322
1	78.89
1	59.2737
1	109.287
1	210.429
1	147.865
1	51.8371
1	80.6324
1	165.489
1	36.1437
1	80.7187
1	51.3822
1	139.867
1	72.0415
1	121.336
1	80.0992
1	104.42
1	130.839
1	110.122
1	98.6527
1	131.715
1	128.277
1	113.332
1	92.1824
1	90.1218
1	106.535
1	100.06
1	55.0308
1	189.427
1	58.5398
1	75.2754
1	231.226
1	226.994
1	122.873
1	164.193
1	128.791
1	196.969
1	142.342
1	62.7341
1	56.3412
1	163.207
1	177.005
1	173.085
1	107.166
1	115.405
1	134.12
1	119.924
1	119.777
1	42.3542
1	107.283
1	117.983
1	49.9215
1	106.96
1	78.9785
1	84.7096
1	118.576
1	122.53
1	81.7186
1	62.464
1	98.4037
1	78.1654
1	193.14
1	102.054
1	130.049
1	114.193
1	89.8605
1	38.0942
1	61.7418
1	99.4742
1	63.843
1	169.276
1	68.4417
1	141.057
1	52.1765
1	123.254
1	104.383
1	76.4197
1	105.664
1	108.206
1	111.53
1	132.815
1	172.48
1	57.9207
1	119.547
1	108.402
1	69.6749
1	120.346
1	131.627
1	125.426
1	68.6828
1	101.799
1	88.336
1	116.929
1	97.7699
1	61.4487
1	241.147
1	122.166
1	71.3189
1	135.828
1	78.8808
1	138.003
1	97.9468
1	213.408
1	61.1461
1	150.517
1	60.1268
1	81.4156
1	96.8618
1	97.5439
1	89.9752
1	140.715
1	71.1232
1	35.0088
1	63.4514
1	69.1235
1	96.8266
1	70.6528
1	143.976
1	56.2561
1	169.332
1	59.4149
1	62.2113
1	116.856
1	80.6529
1	58.2413
1	133.864
1	44.9739
1	120.312
1	116.415
1	94.2225
1	129.843
1	48.8284
1	129.165
1	148.055
1	96.0969
1	77.4897
1	106.687
1	76.1835
1	107.132
1	109.763
1	59.9097
1	70.5009
1	62.2017
1	106.464
1	57.686
1	58.0658
1	92.7439
1	121.597
1	85.1743
1	32.6335
1	50.9389
1	94.8582
1	77.7933
1	121.545
1	147.357
1	91.1783
1	172.81
1	156.937
1	76.3149
1	106.339
1	99.6538
1	75.7636
1	73.8223
1	136.877
1	72.1847
1	120.05
1	58.7949
1	96.1391
1	65.3651
1	101.341
1	235.335
1	132.564
1	83.6309
1	186.256
1	94.578
1	148.654
1	39.3437
1	159.139
1	44.9266
1	169.116
1	92.1896
1	85.3821
1	87.8373
1	188.819
1	132.947
1	72.939
1	185.392
1	131.768
1	137.369
1	137.781
1	121.952
1	71.8388
1	108.74
0	8.35391
1	121.832
1	87.8161
1	113.952
1	113.504
1	99.6578
1	116.303
1	83.1256
1	73.2342
1	77.2227
1	79.6703
1	68.6461
1	123.363
1	219.09
1	142.107
1	49.1835
1	35.3591
1	83.4977
1	133.228
1	90.107
1	257.149
1	126.708
1	142.49
1	123.997
1	122.592
1	33.4481
1	103.193
1	74.7436
1	57.7665
1	112.846
1	106.749
1	101.312
1	73.808
1	96.0192
1	62.2834
1	58.8286
1	100.719
1	31.7632
1	81.5332
1	102.806
1	147.065
1	91.5181
1	93.1933
1	119.149
1	116.894
1	113.824
1	67.0884
1	228.247
1	101.561
1	89.4418
1	128.486
1	110.384
1	172.194
1	138.686
1	79.155
1	103.825
1	87.0402
1	107.861
1	152.848
1	94.3766
1	75.3722
1	56.4782
1	124.258
1	113.188
1	118.314
1	128.274
1	187.25
1	97.0729
1	107.356
1	80.0054
1	59.9275
1	149.406
1	113.368
1	115.976
1	133.124
1	32.5483
1	170.218
1	154.228
1	108.106
0	34.547
1	208.606
1	80.4901
1	185.316
1	112.536
1	149.426
1	56.9501
1	68.246
1	132.505
1	46.9445
1	136.245
1	130.917
1	182.918
1	95.9483
1	69.2677
1	144.832
1	77.2665
1	141.333
1	88.9812
1	127.836
1	195.307
1	53.1845
1	154.78
1	155.55
1	266.899
1	96.2326
1	229.394
1	234.154
1	56.6125
1	89.078
1	75.5861
1	104.38
1	104.479
1	33.4466
1	57.1849
1	44.6046
1	101.608
1	203.757
1	166.78
1	221.963
1	43.7232
1	60.4675
0	7.38498
1	86.3884
1	213.661
1	153.129
1	106.699
0	6.97173e-05
1	44.4435
1	209.422
1	136.615
1	80.1051
1	182.257
1	93.8124
1	199.453
1	77.4472
1	200.774
1	96.5255
1	139.793
1	114.162
1	155.972
1	157.52
1	88.608
1	71.8575
1	166.434
1	62.7711
1	147.235
1	71.4397
1	116.049
1	158.631
1	161.712
1	89.9189
1	100.013
1	102.144
1	49.4062
0	10.7028
1	115.542
1	53.8439
1	76.6135
1	45.3711
1	93.1713
1	105.934
1	177.234
1	117.772
1	79.9497
1	167.172
1	112.349
1	176.825
1	113.372
1	147.228
1	112.465
1	110.734
1	95.3268
1	151.032
1	98.9783
1	90.4565
1	218.184
1	74.8844
1	71.9905
1	97.2111
1	73.3856
1	236.382
1	113.235
1	78.476
1	95.1142
1	89.8075
1	128.825
1	151.961
1	102.441
1	199.029
1	78.1271
1	45.6862
1	105.943
1	110.969
1	133.69
1	266.935
1	112.531
1	111.208
1	147.121
1	123.616
1	119.808
1	58.6317
1	45.1087
1	142.446
1	95.8527
1	256.309
1	70.5997
1	100.402
1	108.12
1	53.3145
1	97.0497
1	100.356
1	189.464
1	70.2668
1	100.701
1	78.3192
1	57.6519
1	95.8186
1	65.2271
1	70.699
1	110.67
1	41.0757
1	107.892
1	33.9174
1	75.2169
1	135.596
1	145.477
1	139.926
1	159.724
1	62.646
1	126.93
1	58.1859
1	171.583
1	167.943
1	88.1507
1	400.298
1	123.131
1	108.742
1	72.8219
1	38.0915
1	147.513
1	126.126
1	62.9858
1	126.457
1	97.7263
1	47.8843
1	57.4687
1	160.148
1	120.568
1	88.9036
1	42.4836
1	57.3002
1	46.2738
1	197.799
1	187.276
1	74.3765
1	109.17
1	54.0107
1	176.337
1	142.295
1	58.2323
1	260.649
1	104.809
1	75.7025
1	166.735
1	109.626
1	179.835
1	95.3274
1	138.16
1	72.096
1	86.7289
1	93.517
1	157.19
1	94.5026
1	136.886
1	72.9022
1	67.948
1	51.1028
1	129.27
1	79.135
1	96.6452
1	127.867
1	192.614
1	84.3414
1	98.1119
1	102.019
1	43.8884
1	134.004
1	159.373
1	81.9408
1	98.8548
1	68.8286
1	92.806
1	77.0809
1	126.925
1	55.9209
1	133.146
1	85.6248
1	125.778
1	106.392
1	38.0219
1	71.72
1	135.98
1	93.0506
1	175.584
1	57.1332
1	130.953
1	129.454
1	95.5526
1	110.004
1	111.6
1	62.1049
1	108.37
1	88.5243
1	141.731
1	76.5985
1	197.299
1	64.2749
1	142.836
1	83.0605
1	127.291
1	164.719
1	145.116
1	134.956
1	192.665
1	102.716
1	116.921
1	131.741
1	95.0045
1	89.5391
1	177.337
1	115.52
1	110.595
1	70.7185
1	89.3284
1	99.6863
1	83.6605
1	100.034
1	37.6715
1	166.906
1	113.357
1	160.119
1	95.55
1	84.2266
1	93.3193
1	194.883
1	63.4208
1	95.4638
1	131.431
1	103.062
1	137.157
1	103.181
1	140.21
1	150.377
1	157.227
1	121.952
1	87.7708
1	105.23
1	59.1534
1	47.1156
1	74.3021
1	41.3067
1	90.6263
1	120.697
1	97.6615
1	73.3141
1	109.496
1	162.218
1	95.6295
1	137.537
1	133.809
1	126.188
1	63.3086
1	229.743
1	83.431
1	57.1832
1	126.319
1	177.493
1	98.1178
1	100.067
1	111.27
1	77.8537
1	129.25
1	84.4211
1	139.697
1	52.7251
1	120.789
1	142.237
1	174.881
1	125.355
1	128.73
1	205.865
1	68.0148
1	198.567
1	100.861
1	112.134
1	61.0936
0	41.2805
1	67.7951
1	114.369
1	82.1935
1	136.01
1	97.109
1	91.3252
1	131.615
1	175.98
1	117.009
1	241.396
1	195.063
1	105.949
1	86.4589
1	44.1806
1	168.12
1	195.492
1	46.819
1	124.448
1	122.497
1	77.8167
1	71.5916
1	85.0462
1	90.421
1	97.2728
1	58.0969
1	86.0883
1	64.0675
1	125.616
1	127.142
1	119.114
1	114.379
1	63.2283
1	90.9359
1	85.527
1	113.405
1	103.988
1	46.7083
1	66.856
1	241.817
1	54.705
1	47.193
1	75.5851
1	133.958
1	74.3266
1	49.3757
1	135.915
1	129.707
1	111.593
1	91.8184
1	97.1822
1	105.519
1	110.81
1	129.549
1	107.05
1	101.559
1	104.118
1	65.6391
1	149.066
1	90.1581
1	121.649
1	71.6095
1	83.1615
1	143.38
1	168.82
1	156.742
1	92.5883
1	57.3162
1	96.1558
1	44.5159
1	313.148
1	85.5768
1	57.3517
1	102.421
1	138.633
1	134.436
1	63.9539
1	146.71
1	132.409
1	67.874
1	141.67
1	69.888
1	83.5529
1	87.2629
1	79.4887
1	65.8363
1	194.372
1	125.212
1	77.6103
1	129.207
1	64.3677
0	11.8125
1	100.245
1	137.458
1	223.47
1	66.1796
1	113.297
1	96.5179
1	73.8083
1	67.9892
1	46.7112
1	108.292
1	172.592
1	129.068
1	89.7925
1	142.694
1	57.0785
0	91.669
1	131.148
1	113.009
1	150.401
1	161.55
1	106.452
1	131.244
1	154.022
1	59.1255
1	115.672
1	142.788
1	98.5035
1	67.282
1	70.4795
1	56.9462
1	191.302
1	162.972
1	57.8228
1	107.804
1	150.174
1	108.312
1	126.628
1	63.0858
1	132.517
1	150.588
1	203.529
1	53.6029
1	99.766
1	70.0608
1	92.3192
1	81.8728
1	265.109
1	53.6501
1	78.7584
1	41.2155
1	103.893
1	131.208
1	85.4264
1	90.4727
1	135.803
1	107.277
1	58.4764
1	73.1182
1	117.463
1	136.596
1	125.32
1	126.709
1	92.1656
1	114.133
1	118.275
1	35.7762
1	157.874
1	149.18
1	112.832
1	110.936
1	133.397
1	101.882
1	101.481
1	50.4461
1	96.67
1	84.8474
1	86.6176
1	145.651
1	87.8727
1	141.008
1	84.9477
1	39.4291
1	219.719
1	225.913
1	60.4531
1	74.4194
1	100.274
1	105.21
1	138.044
1	119.193
1	165.394
1	170.764
1	106.326
1	186.054
1	119.842
1	104.618
1	111.041
1	81.2567
1	75.7608
1	99.0782
1	74.8425
1	64.1314
1	111.995
1	114.761
1	139.095
1	93.7479
1	119.347
1	63.7995
1	125.695
1	109.737
1	131.481
1	124.175
1	83.9721
1	89.0849
1	86.9879
1	158.434
1	101.552
1	153.051
1	152.734
1	185.885
1	103.657
1	95.963
1	306.814
1	62.1325
1	56.4705
1	118.111
1	55.0679
1	148.689
1	80.0455
1	49.3315
1	49.3068
1	122.314
1	185.662
1	92.8695
1	90.0706
1	112.428
1	84.2071
1	222.487
1	162.083
1	101.706
1	76.9959
1	40.6394
1	95.6881
1	83.8876
1	93.0742
1	79.7358
1	96.7332
1	160.717
1	133.478
1	138.329
1	150.035
1	230.369
1	99.7687
1	140.897
1	68.7803
1	52.251
1	142.457
1	112.936
1	61.2936
1	55.297
1	147.077
1	107.021
1	75.7627
1	53.6394
1	90.6313
1	119.724
1	131.301
1	166.406
1	63.4199
1	159.258
1	54.9085
1	151.671
1	92.6098
1	134.323
1	101.422
1	144.641
1	105.552
1	115.089
1	96.0944
1	52.9661
1	134.302
1	33.209
1	101.422
1	156.282
1	135.541
1	136.083
1	224.42
1	53.8665
1	82.3858
1	128.806
1	151.578
1	132.173
1	133.857
1	72.719
1	90.0867
1	105.241
1	74.0584
1	53.4297
1	40.9339
1	107.442
1	118.861
1	119.008
1	86.5848
1	71.1606
1	42.0942
1	109.364
1	145.393
1	75.3607
1	148.401
1	231.645
1	117.105
1	101.663
1	75.7938
1	164.841
1	136.634
1	116.634
1	81.1163
1	139.5
1	124.521
1	143.303
1	91.0615
1	109.795
1	86.8143
1	92.8988
1	68.9978
1	129.525
1	117.078
1	133.109
1	65.551
1	116.886
1	160.513
1	73.2537
1	178.926
1	92.8995
1	78.8332
0	0.758537
1	115.835
1	90.2977
1	124.975
1	121.131
1	80.4047
1	169.359
1	92.8185
1	83.7294
1	82.9929
0	4.10051
1	86.1077
1	129.93
1	182.58
1	108.873
1	106.224
1	176.838
1	86.5014
1	148.688
1	183.874
1	46.8544
1	58.6023
1	76.1229
1	91.3553
1	109.35
1	128.763
1	162.975
1	92.8909
1	71.0545
1	100.314
1	185.013
1	106.635
1	156.267
1	58.1137
1	93.1179
1	86.9595
1	157.585
1	69.0458
1	91.2333
1	97.2109
1	110.409
1	51.336
1	59.1569
1	231.881
1	115.008
1	98.7477
1	91.7084
1	61.8231
1	153.767
1	78.0311
1	127.99
1	168.674
1	132.262
1	77.5114
1	82.4775
1	49.0567
1	80.8497
1	74.076
1	91.4078
1	128.54
1	194.216
1	91.3482
1	105.028
1	261.328
1	84.2637
1	75.9215
1	62.4955
1	168.095
1	90.1879
1	67.5151
1	78.0747
1	102.657
1	76.6508
1	46.6677
1	78.847
1	113.066
1	187.484
1	85.9656
1	89.1936
1	191.57
1	63.2621
1	109.02
1	123.557
1	90.1037
1	73.1758
1	40.8112
1	99.5168
1	148.615
1	71.8202
1	201.246
1	108.919
1	64.0338
1	96.5515
0	15.5624
1	82.672
1	203.35
1	182.678
1	81.9081
1	85.6284
1	113.56
1	73.9264
1	73.064
1	68.2495
1	175.457
1	56.647
1	202.379
1	132.659
1	169.276
1	137.889
1	131.711
1	58.6414
1	167.746
1	49.1874
1	114.909
1	153.618
1	150.291
1	95.2508
1	61.149
1	84.7099
1	80.3003
1	200.184
1	71.0593
1	132.964
1	64.9714
1	117.892
1	95.2818
1	114.664
1	56.811
1	78.5285
1	61.0869
1	57.7889
1	71.2979
1	103.147
1	90.9596
1	109.248
1	111.223
1	121.549
1	84.0693
1	80.9653
1	85.91
1	75.3053
1	115.447
1	83.8808
1	76.0213
1	140.59
1	148.659
1	80.384
1	86.1072
1	67.3442
1	83.9677
1	83.2488
1	105.369
1	130.223
1	172.282
1	76.4463
1	122.85
1	101.967
1	195.205
1	97.0886
1	63.7709
1	151.575
0	1.05267e-05
1	144.426
1	120.113
1	82.8809
1	95.4059
1	199.157
1	113.914
1	121.476
1	42.0828
1	88.1069
1	119.61
1	70.6216
1	33.5636
1	85.3486
1	84.9075
1	49.576
1	75.4124
1	120.852
1	162.646
1	137.285
1	92.1098
1	144.283
1	76.034
1	248.956
1	86.4341
1	74.9641
1	57.5368
1	112.415
1	72.9138
1	57.9284
1	129.363
1	81.5224
1	53.7875
1	103.783
1	122.361
1	163.615
1	73.9874
1	155.252
1	47.9938
1	154.432
1	51.7694
1	136.184
1	82.8698
1	136.73
1	130.589
1	60.2318
1	115.613
1	45.1062
1	111.009
1	66.0143
1	139.659
1	110.611
1	52.2714
1	132.705
1	108.826
1	165.931
1	152.916
1	127.397
1	203.104
1	88.2127
1	85.9767
1	129.816
1	99.7811
1	126.442
1	160.466
1	78.829
1	99.0213
1	66.1844
1	78.5381
1	93.73
1	144.411
1	38.6101
1	197.395
1	125.846
1	122.958
1	170.245
1	96.0554
1	128.633
1	137.746
1	125.86
1	127.731
1	114.681
1	103.269
1	50.0355
1	90.465
1	70.0873
1	213.337
1	68.4741
1	138.845
1	145.071
1	112.614
1	147.777
1	73.4012
1	70.7338
1	50.1258
1	70.0515
1	111.567
1	64.1432
1	123.254
1	131.942
1	65.2088
1	101.746
1	70.8022
1	107.639
1	143.611
1	69.1113
1	72.5396
1	126.862
1	113.994
1	55.6586
1	89.5177
1	91.9834
1	161.732
1	59.9162
1	163.153
1	93.0241
1	131.322
1	108.849
1	136.892
1	85.4338
1	118.564
1	65.4297
1	111.675
1	155.191
1	136.101
1	75.4227
1	124.475
1	74.9582
1	99.7868
1	80.6018
1	78.35
1	221.391
1	55.4342
1	167.113
1	88.9085
1	49.5593
1	110.391
1	134.834
1	179.858
1	161.038
1	138.399
1	69.0167
1	132.495
1	47.6982
1	106.045
1	125.774
1	164.614
1	167.708
1	61.5879
1	44.3933
1	96.3138
1	132.813
1	61.7193
1	111.532
1	83.2673
1	93.7271
1	70.9892
1	46.8201
1	90.8533
1	56.9106
1	60.2361
1	68.095
1	95.5292
1	87.3441
1	143.126
1	101.754
1	156.192
1	120.529
1	134.057
1	91.7821
1	133.107
1	188.249
1	12.199
1	84.872
1	144.467
1	120.472
1	166.396
1	120.358
1	76.6122
1	115.062
1	120.816
1	46.033
1	64.8524
1	199.504
1	65.4843
1	108.646
1	111.546
1	176.222
1	130.714
1	81.4808
1	138.908
1	178.17
1	184.907
1	70.4261
1	129.9
1	74.2842
1	79.79
1	89.4013
1	109.267
1	63.6621
1	97.8904
1	93.4346
1	69.7993
1	92.0744
1	187.449
1	117.727
1	76.2998
1	101.85
1	126.786
1	117.352
1	195.785
1	122.39
1	116.361
1	80.7563
1	80.7505
1	151.761
1	121.641
1	73.0018
1	133.774
1	81.3824
1	79.9149
1	153.4
1	90.6565
1	209.92
1	157.659
1	90.7918
1	94.9791
1	87.9632
1	70.2241
1	98.5859
1	84.9072
1	86.8323
1	103.803
1	90.4397
1	42.7317
1	242.706
1	77.5312
1	152.924
0	85.1087
1	73.409
1	65.2714
1	79.3915
1	32.6446
1	54.6611
1	63.4384
1	209.36
1	287.077
1	97.5927
1	106.086
1	90.2709
1	61.9063
1	68.6998
1	169.138
1	258.053
1	97.8992
0	12.1814
1	126.333
1	89.2086
1	108.976
1	72.8919
1	302.861
1	273.526
1	109.033
1	144.488
1	93.6117
1	270.242
1	137.493
1	124.802
1	219.019
1	109.296
1	169.467
1	60.0546
1	73.9176
1	86.1548
1	109.216
1	87.1263
1	137.648
1	53.9268
1	125.212
1	120.29
1	95.6487
1	71.5877
1	211.193
1	128.375
1	107.915
1	112.72
1	108.76
1	179.622
1	155.16
1	52.2886
1	117.76
1	118.21
1	88.6515
1	109.472
1	84.9912
1	126.872
1	104.146
1	113.413
1	55.3686
1	98.8417
1	111.801
1	73.2362
1	89.6914
1	85.5393
1	130.951
1	93.3987
1	60.77
1	78.1866
1	145.01
1	139.91
1	98.6285
1	139.084
1	43.0951
1	170.444
1	109.929
1	67.1748
1	67.658
1	122.286
1	154.485
1	97.5357
1	58.4774
1	118.342
1	238.429
1	52.2835
1	62.5671
1	123.516
1	95.2206
1	110.385
1	105.984
1	77.779
1	128.992
1	185.125
1	126.905
1	161.063
1	114.578
1	70.3794
1	69.0558
1	146.271
1	149.81
1	100.793
1	182.044
1	152.707
0	32.9131
1	78.7843
1	54.8672
1	121.534
1	135.015
1	101.214
1	103.44
1	116.539
1	86.7501
1	60.9112
1	36.8673
1	145.896
1	76.3551
1	125.401
1	109.241
1	65.1824
1	93.7212
1	65.9105
1	163.192
1	86.6929
0	10.4503
1	71.2078
1	151.13
1	131.458
1	80.9135
1	114.146
1	236.643
1	98.5952
1	140.906
1	75.8235
1	64.3515
1	75.5576
1	82.5718
1	144.254
1	121.528
1	104.858
1	46.2892
1	223.343
1	67.7049
1	68.9916
1	264.232
1	101.614
1	126.155
1	60.1757
1	124.147
1	113.72
1	176.337
1	116.647
1	190.663
1	121.823
1	96.2946
1	122.956
1	69.9783
1	127.192
1	73.0625
1	87.4967
1	89.7472
1	93.1866
1	99.8338
1	107.886
1	74.03
1	127.901
1	99.0463
1	73.7192
1	68.9027
1	65.9369
1	61.8352
1	122.571
1	101.092
1	103.961
1	79.3991
1	110.76
1	103.433
1	168.64
1	141.143
1	121.012
1	189.548
1	96.7891
1	118.315
1	102.358
1	80.9389
1	65.8713
1	120.444
1	71.2013
1	59.0352
1	79.2763
1	153.176
1	97.9778
1	62.1703
1	97.223
1	114.302
1	90.1809
1	133.107
1	58.6821
1	267.66
1	97.4854
1	76.8372
1	48.8255
1	142.329
1	54.4056
1	52.138
1	41.0855
1	76.9191
1	85.5292
1	210.137
1	232.888
1	145.684
1	51.2677
1	61.2422
1	87.0495
1	101.7
1	228.485
1	110.921
1	102.291
1	131.461
1	106.341
1	82.3924
1	127.293
1	59.0636
1	276.918
1	110.076
1	157.263
1	83.2853
1	155.921
1	186.471
1	173.067
1	240.003
1	90.2079
1	231.052
1	134.575
1	151.35
1	85.5801
1	106.785
1	100.96
1	127.574
1	68.1694
1	120.315
1	91.9199
1	115.628
1	208.422
1	51.4238
1	167.402
1	97.4799
1	79.7047
1	151.632
1	131.394
1	160.598
1	52.8838
1	95.7126
1	145.229
1	111.645
1	72.0631
1	135.641
1	62.5897
1	93.245
1	125.719
1	154.086
1	40.6556
1	124.329
1	78.1574
1	73.683
1	58.8101
1	57.8975
1	201.504
1	135.91
1	133.876
1	39.61
1	88.7107
1	109.79
1	44.3152
1	153.758
1	99.5074
1	73.0053
1	97.5398
1	271.587
1	237.235
1	46.7736
1	56.8917
1	68.2505
1	98.0724
1	112.133
1	162.559
1	116.708
1	70.7261
1	241.168
1	77.8029
1	99.5635
1	111.113
1	165.164
1	64.1763
1	116.114
1	161.751
1	228.04
1	49.3953
1	44.9816
1	56.9387
1	79.4281
0	3.42251
1	97.8228
1	102.282
1	38.1277
1	160.931
1	88.2314
1	54.2281
1	104.947
1	123.194
1	138.782
1	144.768
1	44.8947
1	166.912
1	46.0376
1	58.9191
1	79.7579
1	72.0945
1	89.7019
1	62.9598
1	99.4316
1	168.413
1	85.0498
1	113.627
1	110.035
1	156.299
1	35.0593
1	61.5845
1	125.128
1	52.3099
1	111.486
1	259.314
0	0.116882
1	91.9799
1	49.8529
1	52.0366
1	153.138
1	80.0176
1	41.3222
1	122.755
1	59.2221
1	108.561
1	90.577
1	120.047
1	217.5
1	84.3412
1	52.8459
1	65.0273
1	90.4078
1	102.282
1	86.4532
1	112.244
1	183.097
1	57.3043
1	30.713
1	81.2033
1	124.041
1	190.962
1	138.063
1	71.0265
1	107.235
1	139.371
1	118.31
1	40.8572
1	121.783
1	56.0364
1	86.2153
1	88.6718
1	184.016
1	225.059
1	56.2467
1	170.852
1	80.2171
1	180.186
1	65.3877
1	134.494
1	100.865
1	118.92
1	105.09
1	56.205
1	174.282
1	138.575
1	65.7502
1	187.805
1	140.742
1	38.1006
1	116.095
1	124.237
1	97.096
1	96.6609
1	122.142
1	95.2266
1	89.8326
1	152.421
1	160.704
1	150.297
1	82.6085
1	134.373
1	43.2832
1	112.979
1	106.142
1	97.38
1	137.037
1	66.3157
1	88.1264
1	158.989
1	209.737
1	202.48
1	91.7504
1	80.6189
1	144.005
1	117.833
1	75.2435
1	73.3087
1	37.526
1	90.8381
1	28.7716
1	67.8366
1	43.9428
1	66.5419
1	100.433
1	57.5048
1	93.1241
1	143.682
1	182.008
1	132.62
1	77.0812
1	107.229
1	88.3187
1	128.367
1	63.6581
1	139.504
1	153.047
1	132.901
1	133.434
1	79.9722
1	146.975
1	105.489
1	68.4803
1	59.0381
1	91.1937
1	42.5359
1	114.154
1	82.1356
1	233.328
1	111.248
1	137.741
1	188.414
1	58.0118
1	152.315
1	72.2523
1	102.545
1	411.749
1	153.732
1	113.009
1	124.358
1	128.528
1	78.4303
1	120.291
1	44.5877
1	184.026
1	232.336
1	62.8188
1	103.07
1	73.2331
1	175.224
1	174.98
1	121.892
1	200.998
1	50.2381
1	109.307
1	123.151
1	73.0635
1	226.809
1	52.8457
1	82.7569
1	88.0594
1	83.7186
1	98.3505
1	239.182
1	239.097
1	185.837
1	52.2236
1	48.1024
1	127.149
1	161.786
1	105.503
1	175.997
1	57.8005
1	104.459
0	23.588
1	127.195
1	126.534
1	221.884
1	136.6
1	138.663
1	249.945
1	91.9858
1	101.433
1	70.2121
1	240.724
1	72.346
1	103.746
1	180.488
1	97.7218
1	109.812
1	140.918
1	65.5644
1	117.535
1	98.2054
1	168.395
1	80.3208
1	52.1251
1	120.88
1	64.1127
1	170.717
1	100.306
1	99.4169
1	118.413
1	95.6569
1	126.909
1	160.998
1	84.3311
1	54.3388
1	77.5294
1	55.283
1	81.8327
1	100.704
1	197.492
1	24.1838
1	75.1633
1	89.6931
1	113.753
1	141.069
1	81.4581
1	91.9605
1	113.653
1	146.903
1	127.228
1	29.9293
1	122.149
1	99.8048
1	148.491
1	61.4541
1	88.7458
1	150.988
1	61.9551
1	374.696
1	130.531
1	116.619
1	85.2492
1	129.656
1	78.2107
1	121.129
1	62.659
1	134.627
1	119.3
1	235.602
1	148.301
1	90.0463
1	237.449
1	96.0204
1	78.679
1	320.431
1	79.7877
1	89.6724
1	85.5254
1	89.7695
1	117.403
1	184.246
1	153.957
1	84.6973
1	137.459
1	135.595
1	133.169
1	133.382
1	58.1339
1	126.37
1	151.492
1	54.0215
1	115.963
1	123.99
1	59.7915
1	139.022
1	131.169
1	68.5319
1	131.454
1	132.609
1	160.18
1	103.588
1	101.277
1	150.51
1	86.6814
1	139.509
1	89.2041
1	152.625
1	128.298
1	113.654
1	91.9895
1	278.513
1	26.3589
1	86.2645
1	94.8973
1	114.073
1	75.7912
0	76.6511
1	63.3672
1	55.4769
1	76.974
1	146.657
1	150.988
1	111.92
1	144.916
1	70.0239
1	72.396
1	64.0014
1	64.2121
1	89.5557
1	120.424
1	101.148
1	53.9918
1	76.9211
1	83.9825
1	178.757
1	83.6859
1	69.3773
1	129.387
1	77.3326
1	114.536
1	73.0119
1	157.758
1	66.4566
1	53.2946
1	66.1698
1	121.528
1	50.5834
1	120.131
1	132.583
1	123.039
1	167.233
1	109.959
1	51.2417
1	133.555
1	47.9643
1	59.3466
1	96.06
1	107.821
1	77.8956
1	115.379
1	91.1644
1	101.626
1	264.65
1	102.828
1	90.4704
1	130.239
1	131.778
1	91.8704
1	155.774
1	113.155
1	43.5325
1	160.514
1	142.979
1	127.207
1	143.873
1	87.8573
1	163.699
1	125.389
0	5.96043
1	118.137
1	116.309
1	99.3535
1	97.9934
1	63.7262
1	167.693
1	79.8465
1	142.098
1	70.5469
1	99.9427
1	72.9293
1	66.9414
1	135.751
1	96.9503
1	97.6686
1	116.885
1	77.5432
1	120.537
1	102.722
1	129.71
1	87.5987
1	131.857
1	131.529
1	193.413
1	127.099
1	97.0095
1	131.792
1	66.4447
1	145.261
1	126.918
1	139.241
1	103.505
1	83.9053
1	73.7611
1	96.5965
1	106.945
1	74.7524
1	96.392
1	122.157
1	79.9218
1	137.445
1	143.468
1	91.6669
1	99.5626
1	55.9662
1	62.0972
1	53.7714
1	114.769
1	80.3236
1	88.077
1	150.27
1	138.629
1	118.918
1	115.543
1	81.2872
1	95.4203
1	70.3706
1	122.828
0	138.065
1	160.727
1	104.968
1	105.178
1	126.409
1	71.2469
1	128.678
1	149.889
1	121.446
1	83.6882
1	67.1049
1	92.1457
1	126.65
1	73.9257
1	149.908
1	71.8668
1	93.2774
1	113.13
1	148.795
1	103.959
1	80.0668
1	81.9573
0	59.665
1	64.8351
1	88.6361
1	60.5995
1	113.099
1	150.835
1	128.207
1	91.7785
1	103.89
1	193.742
1	130.663
1	62.011
1	133.406
1	151.219
1	50.1806
1	69.1354
1	69.0663
1	107.441
1	126.517
1	89.6372
1	90.1217
1	76.082
0	140.626
1	171.844
1	59.6267
1	74.6455
1	53.7061
1	206.167
1	136.162
1	118.876
1	64.8214
1	152.766
1	71.964
1	92.8326
1	143.599
1	105.08
1	47.6775
1	159.997
1	104.003
1	101.039
1	175.503
1	141.663
1	48.5441
1	105.183
1	116.378
1	124.934
1	132.94
1	58.0929
1	121.039
1	74.9359
1	119.96
1	122.911
1	216.306
1	140.904
1	74.3612
1	58.5014
1	125.114
1	71.062
1	108.216
1	94.4708
1	102.054
1	143.956
1	104.636
1	90.6753
1	35.3358
1	86.566
1	136.681
1	56.6847
1	48.8503
1	34.9846
1	286.354
1	107.891
1	48.1016
1	98.7541
1	38.8195
1	101.303
1	87.3277
1	152.707
1	79.8621
1	131.012
1	94.4742
1	110.91
1	117.951
1	75.682
1	118.666
1	168.476
1	235.444
1	136.021
1	112.597
1	116.532
1	139.876
1	80.4846
1	91.7926
0	26.5311
1	46.9309
1	134.446
1	163.796
1	52.4332
1	72.2906
1	48.5237
1	109.603
1	52.2001
1	92.6857
1	59.685
1	86.791
1	137.597
1	126.674
1	84.8047
1	238.678
1	241.64
1	127.951
1	276.44
1	53.563
1	77.3768
1	169.518
1	200.982
1	75.247
1	118.765
1	28.7576
1	61.9106
1	56.2485
1	99.9849
1	95.1452
1	232.564
1	80.4778
1	173.274
1	141.932
1	112.389
1	73.5114
1	188.201
1	139.348
1	115.055
1	239.977
1	125.327
1	128.293
1	174.097
1	74.8443
1	184.686
1	164.152
1	84.1024
1	55.8155
1	93.2323
1	111.957
1	117.567
1	102.678
1	87.7244
1	125.201
1	63.6296
1	39.0815
1	65.6581
1	200.418
1	116.104
1	56.5066
1	116.984
1	291.481
1	27.3715
1	87.5501
1	52.3338
1	86.4049
1	148.826
1	53.3353
1	137.333
1	62.8543
1	43.2632
1	98.4566
1	80.8407
1	183.625
1	105.663
1	65.6605
1	61.9568
1	101.065
0	29.1247
1	122.165
1	73.3683
1	57.1225
1	120.713
1	82.0594
1	110.748
1	76.6534
1	78.6718
1	159.359
1	279.479
1	120.224
1	248.217
1	51.4894
1	109.873
1	47.3392
1	94.7354
1	101.712
1	82.3417
1	92.4918
1	231.918
1	84.2723
1	115.622
1	154.485
1	130.921
1	148.734
1	150.813
1	99.575
1	85.3464
1	245.271
1	50.964
1	150.635
1	97.4849
1	76.2206
1	120.493
1	200.692
1	61.6162
1	88.1756
1	115.951
1	83.116
1	129.311
0	58.8586
1	122.828
1	231.53
1	46.5552
1	37.1227
1	155.828
1	100.814
1	121.792
1	92.8871
1	109.479
1	70.4882
1	110.754
1	63.9153
1	254.722
1	74.9787
1	65.8763
1	138.146
1	94.0927
1	122.516
1	190.419
1	170.324
1	76.485
1	81.5167
1	147.477
1	123.322
0	2.83388
1	62.54
1	49.3671
1	109.253
1	159.074
1	44.5482
1	43.705
1	136.183
1	42.3191
1	102.281
1	105.967
1	63.9601
1	160.995
1	159.601
1	137.17
1	101.473
1	95.6634
1	96.4001
1	104.296
1	199.935
1	90.5059
1	113.942
1	86.8837
1	85.7281
1	67.8276
1	225.076
1	68.5963
1	146.89
1	155.159
1	50.5296
1	66.0444
1	95.7162
1	172.13
1	87.3425
1	116.5
1	63.9117
1	160.78
1	123.491
1	65.1136
1	216.062
1	90.9544
1	58.2793
1	80.5745
1	79.8907
1	114.531
1	198.484
1	81.4041
1	70.664
1	167.714
0	64.7166
1	86.9703
1	121.654
1	118.443
1	76.7357
1	66.8075
1	130.887
1	26.9482
1	137.656
1	96.703
1	107.135
1	83.9822
1	100.568
1	188.011
1	95.5425
1	77.2052
1	109.008
1	83.4181
1	102.888
1	62.7042
1	52.9607
1	132.159
1	46.4259
1	107.605
1	200.445
1	82.6655
1	113.338
1	80.5133
1	122.959
1	88.7459
1	223.153
1	77.7191
1	59.1646
1	104.698
1	65.9279
1	152.443
1	112.648
1	79.3113
1	103.405
1	84.7807
1	114.413
1	141.804
1	99.1856
1	149.03
1	111.076
1	156.814
1	83.6526
1	58.7008
1	162.171
1	195.199
1	192.821
1	115.938
1	148.036
1	99.4387
1	94.2494
1	223.553
1	100.98
1	215.501
1	61.0937
1	88.6294
1	89.5785
1	69.2702
1	113.772
1	114.172
1	199.075
1	153.137
1	86.7206
1	52.8625
1	99.298
1	97.9822
1	98.0442
1	87.3102
1	79.3555
1	139.402
1	93.5285
1	151.923
1	60.5962
1	119.875
1	110.384
1	101.244
1	131.324
1	108.922
1	65.1088
1	209.904
1	88.2593
1	61.6544
1	66.685
1	123.737
1	146.916
1	97.961
1	64.7188
1	59.2744
1	103.612
1	60.1026
1	161.634
1	103.509
1	54.8752
1	298.528
1	120.574
1	100.829
1	98.2586
1	96.2578
1	109.947
1	87.9439
1	76.7127
1	77.3374
1	148.588
1	118.071
1	69.8354
1	137.427
1	113.243
1	90.5674
1	186.487
1	87.5577
1	66.0455
1	103.904
1	75.7587
1	51.5231
1	79.4784
1	88.6272
1	142.72
1	120.594
1	226.714
1	132.745
1	71.8713
1	102.065
1	73.3515
1	124.721
1	76.1996
1	38.364
1	119.99
1	164.955
1	46.2949
1	62.4242
1	124.924
1	195.603
1	73.6856
1	106.042
1	54.8062
1	94.0241
1	194.922
1	64.7244
1	81.3985
1	107.957
1	101.582
1	79.2754
1	100.545
1	151.391
1	157.132
1	149.481
1	107.983
1	127.387
1	86.6436
1	131.744
1	67.6045
1	34.2756
1	114.726
1	74.0795
1	49.1342
1	224.694
1	84.3553
1	60.5024
1	69.7114
1	152.013
1	132.183
1	245.667
1	85.4262
1	102.201
1	137.179
1	212.474
1	70.6546
1	70.3324
1	232.478
1	98.0651
1	92.5075
1	145.077
1	86.3912
1	64.4879
1	105.882
1	162.1
1	83.4591
1	152.018
1	109.072
1	182.05
1	114.012
1	175.746
1	90.1004
1	84.0074
1	78.6955
1	87.7578
1	113.925
1	213.827
1	62.2669
1	101.879
1	129.985
1	122.704
1	52.447
1	158.192
1	158.354
1	107.27
1	74.8067
1	103.593
0	30.7265
1	78.253
1	150.207
1	110.555
1	116.906
1	87.9007
1	84.3784
1	81.4336
1	91.4226
1	111.93
1	104.522
1	105.914
1	82.7852
1	116.205
1	86.7068
1	83.3366
1	109.924
1	158.707
1	225.791
1	126.403
1	51.5371
1	120.923
1	121.166
1	73.0173
1	103.334
1	136.076
1	123.839
1	60.0691
1	142.549
1	83.8962
1	133.829
1	172.12
1	150.987
1	96.4449
1	92.1404
1	139.689
1	112.477
1	80.7368
1	282.01
1	130.401
1	104.184
1	124.996
1	38.083
1	108.839
1	74.9206
1	109.06
1	75.886
1	90.6361
1	97.0617
1	108.354
1	136.514
1	91.6801
1	146.888
1	99.744
1	158.207
1	155.586
1	128.219
1	122.269
1	96.8407
1	136.676
1	60.128
1	101.77
1	92.7643
1	56.9721
1	51.3433
1	204.169
1	32.7704
1	100.004
1	178.824
1	88.6768
1	70.9572
1	125.259
1	110.649
1	104.322
1	103.529
1	73.0579
1	61.8867
1	55.7593
1	92.3188
1	190.123
1	49.1888
1	43.634
1	78.9878
1	136.949
1	122.975
1	91.3909
1	159.528
1	78.2298
1	116.306
1	83.7225
1	101.943
1	105.336
1	142.241
1	127.131
1	81.4639
1	196.818
1	86.3141
1	101.281
1	98.4494
1	125.615
1	141.655
1	83.4309
1	91.6346
1	90.6543
1	178.001
1	136.426
1	51.7858
1	184.898
1	74.4888
1	104.466
1	113.088
1	165.392
1	277.362
1	125.812
1	186.361
1	139.792
1	113.97
1	128.957
1	88.4313
1	89.7569
1	200.751
1	129.562
1	133.364
1	128.58
1	53.2142
1	175.692
1	59.7828
0	22.1241
1	153.022
1	215.525
1	160.356
1	101.142
1	80.4032
1	101.453
1	120.837
1	222.375
1	111.723
1	48.4989
1	97.457
1	75.6636
1	131.943
1	137.854
1	91.3972
1	108.614
1	106.734
1	50.5848
1	108.956
1	115.302
1	132.559
1	126.444
1	96.8205
1	118.532
1	95.9329
1	198.836
1	155.726
1	108.117
1	106.851
1	80.2892
1	105.627
1	84.9327
1	68.461
1	48.8954
1	103.245
1	135.303
1	184.573
1	122.177
1	133.192
1	134.104
1	82.95
1	117.588
1	126.088
1	54.8061
1	120.798
1	110.764
1	118.319
1	110.43
1	117.504
1	157.778
1	83.6469
1	71.4771
1	45.4037
1	232.841
1	91.2343
1	59.8687
1	146.182
1	115.464
1	116.895
1	178.705
1	83.4345
1	93.507
1	112.107
1	128.187
1	64.6036
1	54.827
1	78.6689
1	73.3911
1	82.3232
1	76.6648
1	63.3612
1	160.799
1	125.498
1	101.7
1	118.359
1	96.2772
1	59.2332
1	109.983
1	94.3069
1	118.016
1	47.3103
1	80.3208
1	108.794
1	116.902
1	71.2351
1	113.496
1	59.3374
1	78.1878
1	43.6571
1	142.966
1	61.7235
1	88.928
1	177.223
1	213.216
1	107.796
1	89.933
1	190.413
1	54.8115
1	68.894
1	109.742
1	108.467
1	75.1726
1	91.5661
1	69.5733
1	61.7215
1	64.39
1	112.715
1	155.736
1	95.0119
1	174.387
1	80.9116
1	116.932
1	138.492
1	71.8197
1	100.048
1	148.972
1	140.011
1	89.3694
1	83.6874
1	128.666
1	92.3929
1	82.2103
1	81.0783
1	80.7364
1	127.897
1	162.076
1	73.5808
1	62.6057
1	73.386
1	119.081
1	139.129
1	94.1916
1	41.9998
1	150.465
1	94.9355
1	96.2616
1	85.124
1	77.5822
1	124.363
1	99.6181
1	90.9278
1	89.0928
1	106.402
1	62.3804
1	36.155
1	72.489
1	56.3178
1	118.793
1	91.8377
1	42.9598
1	90.6108
1	112.726
1	120.694
1	179.894
1	54.8906
1	169.903
1	94.7094
1	77.1156
1	130.69
1	94.3073
1	93.2024
1	105.516
1	77.4202
1	139.328
1	82.5961
1	65.2249
1	58.0714
1	77.5458
1	49.5846
1	78.2933
1	149.618
1	71.1761
1	170.022
1	42.8116
1	121.341
1	102.07
1	114.573
1	58.7048
1	162.208
1	114.46
1	173.716
1	86.7575
1	124.157
1	92.9679
1	108.313
1	149.268
1	169.088
1	76.1813
1	97.489
1	63.7852
1	131.537
1	156.489
1	181.181
1	112.317
1	66.1024
1	148.323
1	106.136
1	144.338
1	88.2504
1	73.6714
1	91.705
1	71.6882
1	93.5377
1	89.1989
1	66.1549
1	158.885
1	107.652
1	89.9507
1	100.269
1	94.7453
1	88.139
1	146.302
1	269.799
1	90.41
1	98.4417
1	227.759
1	35.3121
1	104.325
1	227.346
1	54.0548
1	119.85
1	86.2658
1	152.618
1	120.019
1	101.901
1	39.2128
1	40.6163
1	142.359
1	69.455
1	85.9528
1	85.4915
1	126.958
1	51.5746
1	47.321
1	94.9578
1	53.3221
1	115.89
1	43.571
1	67.6806
1	83.8138
1	264.336
1	166.341
1	112.775
1	35.6691
1	97.8415
1	115.388
1	143.372
1	92.8135
1	141.574
1	81.0615
1	67.2815
1	59.4217
1	178.797
1	135.006
1	81.6161
1	150.947
1	86.107
1	92.6774
1	107.375
1	130.419
1	93.7203
1	125.101
1	142.958
1	99.9121
1	66.2577
1	251.933
1	72.7589
1	47.914
1	102.787
1	115.862
1	195.611
1	193.048
1	114.229
1	42.769
1	79.013
1	109.828
1	152.12
1	37.6256
1	94.7862
1	51.4
1	90.7914
1	123.865
1	113.844
1	56.6346
1	125.139
1	49.2642
1	237.053
1	115.84
1	81.4272
1	141.443
1	120.544
1	151.379
1	81.6974
1	153.941
1	193.469
1	65.2257
1	77.4731
1	156.624
1	131.742
1	317.461
1	107.903
1	112.851
1	103.758
1	76.5697
1	40.4018
1	64.5025
1	56.3607
1	232.468
1	109.394
1	110.459
1	155.226
1	74.7886
1	91.7787
1	113.924
1	126.849
1	127.547
1	126.457
1	113.04
1	138.527
1	88.7465
1	98.1864
1	72.6457
1	122.122
1	88.8317
1	61.4077
1	77.7102
1	106.302
1	178.407
1	127.92
1	136.139
1	62.7521
1	72.472
1	98.0209
1	115.225
1	110.317
1	108.844
1	125.042
1	166.72
1	80.6846
1	117.831
1	134.66
1	141.269
1	61.7369
1	149.107
1	46.4611
1	64.3713
1	162.036
1	86.2741
1	120.275
1	141.074
1	134.847
1	74.66
1	89.1616
1	62.8649
1	64.8323
1	109.932
1	82.7581
1	121.157
1	99.4867
1	89.6141
1	119.022
1	59.8856
1	121.737
1	152.347
1	130.511
1	72.5666
1	63.8066
1	75.4082
1	115.362
1	73.5751
1	85.5885
1	156.67
1	76.4231
1	139.558
1	51.077
1	124.505
1	126.703
1	97.6794
1	81.3903
0	44.364
1	306.822
1	67.5119
1	133.239
1	54.4318
1	107.24
1	227.977
1	112.512
1	100.486
1	154.885
1	118.11
1	136.425
1	71.7454
1	141.113
1	56.4554
1	47.2193
1	36.1236
1	57.3791
1	65.939
1	79.1848
1	67.4442
1	133.816
1	94.6786
1	107.719
1	95.9731
1	131.089
1	103.016
1	62.1065
1	111.004
1	46.731
1	72.9402
1	81.4798
1	73.0653
1	137.965
1	144.67
1	206.082
1	257.594
1	81.6508
1	162.329
1	76.0441
1	103.618
1	93.5635
1	86.9473
1	153.318
1	111.059
1	89.1247
1	124.589
1	164.902
1	117.008
1	79.3905
1	101.177
1	77.0899
1	87.9713
1	65.0161
1	147.255
1	75.5461
1	99.5272
1	74.7781
0	22.5988
1	222.834
1	79.3987
1	151.05
1	107.912
1	99.4151
1	83.3204
0	97.6236
1	138.914
1	93.816
1	109.567
1	101.429
1	167.944
1	58.8855
1	72.86
1	183.943
1	81.5925
1	51.0161
1	60.5042
1	91.6585
1	59.7715
1	94.841
1	83.0848
1	102.481
1	139.573
1	179.869
1	127.162
1	156.45
1	97.6974
1	61.6613
1	52.588
1	58.9556
1	80.0099
1	78.2992
1	76.666
1	141.604
1	47.64
1	83.6181
1	91.1768
1	85.5155
1	105.07
1	128.497
1	113.322
1	84.7503
1	44.4927
1	102.26
1	171.635
1	131.893
1	83.8245
1	60.5712
1	81.5265
1	106.615
1	79.3755
1	57.0144
1	106.114
1	45.2949
1	100.399
1	58.3979
1	74.7587
1	81.1413
1	125.88
1	91.3261
1	58.1479
1	307.665
1	119.193
1	131.372
1	93.9314
1	163.155
1	74.3182
1	103.908
1	72.5179
1	56.4789
1	222.011
1	169.429
1	36.2832
1	82.249
1	57.5672
1	124.57
1	119.385
1	81.8072
1	58.3065
1	118.327
1	103.96
1	47.8473
1	66.701
1	170.508
1	136.618
1	150.574
1	32.9238
1	87.484
1	39.8649
1	118.061
1	94.9033
1	91.1745
1	54.5667
1	124.756
1	69.1561
1	60.7181
1	129.655
1	138.229
1	243.188
1	98.4576
1	86.7665
1	169.894
1	407.01
1	179.192
1	64.3267
1	105.746
1	53.3281
1	85.5791
1	108.236
1	202.785
1	131.681
1	45.9325
1	59.0202
1	70.6184
1	99.8557
1	95.4227
1	143.418
1	130.723
1	187.032
1	124.411
1	72.5425
1	85.4683
1	111.668
1	119.195
1	118.246
1	78.0737
1	46.3069
1	74.3265
1	66.6545
1	99.0977
1	83.7939
1	108.455
1	219.219
1	106.44
1	225.314
1	90.4498
1	225.245
1	263.878
0	35.5576
1	47.6419
1	149.395
1	111.69
1	102.209
1	82.7012
1	106.433
1	69.6531
1	79.0295
1	112.802
1	121.092
1	147.884
1	97.8427
1	124.419
1	84.2551
1	88.7617
1	84.1011
1	81.6283
1	165.547
1	94.2157
0	85.6334
1	146.172
1	51.9822
0	56.021
1	128.437
1	231.364
1	102.74
1	104.031
1	53.7313
1	120.444
1	94.2551
1	89.8311
1	87.4595
1	172.136
1	89.5133
1	73.6334
1	93.138
1	127.865
1	64.0064
1	50.899
1	132.982
1	64.8302
1	62.2347
1	38.9328
1	142.972
1	248.868
1	47.8097
1	54.9852
1	207.244
1	161.013
1	50.5791
1	59.8425
1	122.753
1	49.0492
1	146.138
1	77.051
1	84.8145
1	47.1162
1	101.494
1	79.243
1	123.155
1	136.986
1	90.5241
1	108.532
1	117.608
1	81.2683
1	122.718
1	93.2661
1	90.9693
1	171.942
1	143.853
1	156.569
1	166.025
1	94.8437
1	155.82
0	16.8899
1	133.582
1	124.205
1	63.1708
1	74.3471
1	51.5531
1	95.4161
1	128.066
1	55.1724
1	98.8398
1	152.46
1	101.192
1	84.5634
1	100.083
0	7.7924
1	130.626
1	44.6619
1	108.138
1	133.224
1	221.504
1	120.11
1	79.346
1	88.2367
1	158.595
1	211.198
1	120.862
1	77.1147
1	140.674
1	199.769
1	63.3454
1	103.262
1	66.7236
1	131.227
1	99.2699
1	76.5832
1	94.7752
1	148.457
1	149.143
1	97.2356
1	110.123
1	82.4331
1	93.7584
1	131.173
1	108.528
1	104.953
1	75.777
1	79.1347
1	258.904
1	171.192
1	104.327
1	216.197
1	61.0209
1	61.1868
1	103.174
1	83.7644
1	126.873
1	48.947
1	41.7445
1	51.9286
1	81.8881
1	75.1424
1	96.3724
1	75.3009
1	104.928
1	147.635
1	148.561
1	44.6891
1	141.551
1	120.414
1	57.3391
1	166.576
1	198.202
1	46.7132
1	78.1787
1	163.405
1	93.0171
1	211.155
1	121.931
1	94.3657
1	165.907
1	151.09
1	209.399
1	49.7527
1	110.769
1	110.02
1	71.3315
1	93.1188
1	93.3675
1	135.021
1	172.225
1	90.1651
1	79.9689
1	186.418
1	57.1417
1	322.152
1	50.8747
1	98.601
1	82.9707
1	129.534
1	101.121
1	74.4602
1	110.948
1	86.6615
1	111.741
1	66.1157
1	89.411
1	174.287
1	132.532
1	104.733
1	70.4183
1	234.52
1	100.472
1	115.281
1	136.32
1	73.9977
1	116.653
1	56.1579
1	55.645
1	161.847
1	118.236
1	183.053
1	95.5455
1	69.7772
1	102.15
1	84.3018
1	75.5082
1	127.677
1	85.7743
1	106.87
1	101.396
1	178.854
1	126.376
1	75.066
1	148.38
1	117.698
1	75.4555
1	127.066
1	62.6994
1	168.118
1	68.6962
1	127.33
1	161.623
1	136.297
1	154.533
1	64.1425
1	175.779
1	105.158
1	66.9575
1	88.8464
1	171.441
1	73.8534
1	176.388
1	91.2608
1	122.238
1	118.941
1	100.222
1	97.7337
1	95.1606
1	83.1171
1	68.2966
1	128.207
1	190.36
1	113.821
1	223.006
1	70.3116
1	78.021
1	100.95
1	144.9
1	86.5062
1	171.168
1	254.132
1	101.414
1	127.629
1	165.787
1	132.724
1	42.78
0	7.75002
1	272.234
1	96.7872
1	52.4344
1	103.012
1	79.3779
1	125.7
1	105.7
1	148.669
1	172.323
1	127.609
1	50.5187
1	63.4612
1	139.264
1	280.127
1	79.3461
1	94.7155
1	83.5949
1	228.014
1	179.682
1	105.679
1	76.3747
1	163.454
1	120.334
1	114.016
1	26.102
1	129.197
1	234.569
1	196.925
1	101.188
1	90.5764
1	162.286
1	97.473
1	121.726
1	175.745
1	107.515
1	30.8824
1	136.92
1	83.8951
1	150.869
1	109.712
1	196.279
1	156.177
1	236.495
1	114.514
1	62.1434
1	59.5911
1	61.733
1	170.412
1	97.8743
1	126.517
1	83.5945
1	141.912
1	95.8974
1	50.6437
1	133.835
1	53.003
1	107.331
1	255.754
1	126.851
1	76.1243
0	111.077
1	67.852
1	176.743
1	86.5965
1	56.117
1	110.703
1	189.05
1	35.8061
1	49.845
1	63.7384
1	84.2991
1	105.241
1	42.218
1	98.7969
1	193.31
1	108.477
1	130.145
1	173.566
1	42.0488
1	95.2035
1	115.26
1	52.2263
1	97.275
1	77.5738
1	106.505
1	52.2799
1	63.8363
1	121.993
1	107.142
1	63.3383
1	165.743
1	70.1135
1	62.8372
1	114.308
1	131.891
1	44.2494
1	113.075
1	86.1805
1	136.641
1	137.013
1	58.5215
1	129.991
1	91.8621
1	155.22
1	110.297
1	145.563
1	93.7375
1	71.0645
1	137.808
1	32.7994
1	158.214
1	36.4892
1	64.5888
1	61.1683
1	115.49
1	62.6016
1	108.291
1	118.869
1	98.5066
1	89.9655
1	45.9987
1	74.5175
1	200.242
1	58.9132
1	41.5908
1	135.806
1	85.3894
1	87.5695
1	79.4315
1	98.6571
1	261.065
1	72.8658
1	224.729
1	26.469
1	173.056
1	82.9441
1	59.9028
1	109.746
1	151.278
1	60.5762
1	138.954
1	96.6074
1	139.181
1	31.1416
1	124.122
1	100.594
1	111.012
1	110.523
1	112.705
1	87.2165
1	64.2916
1	60.9011
1	119.822
1	74.0386
1	152.331
1	161.767
1	96.8122
1	105.474
1	125.575
1	125.108
1	185.146
1	117.186
1	98.9421
1	99.1321
1	173.08
1	56.6155
1	81.0684
1	105.59
1	114.553
1	77.3567
1	141.069
1	157.689
1	68.7414
1	42.6653
1	50.9821
1	136.106
1	250.959
1	189.268
1	49.1257
1	84.576
1	102.935
1	171.701
1	53.3231
1	108.917
1	44.6781
1	128.155
1	54.2012
1	134.974
1	213.645
1	130.55
1	83.1042
1	128.213
0	5.19768
1	99.0123
1	165.53
1	62.6843
1	110.582
1	98.4124
1	85.3889
1	53.9861
1	184.884
1	73.5315
1	82.7403
1	177.435
1	83.476
1	106.558
1	64.5442
1	96.5251
1	91.1473
1	44.5232
1	265.416
1	95.9719
1	85.7497
1	157.743
1	74.412
1	102.856
1	329.453
1	374.199
0	29.203
1	89.152
1	100.177
1	107.017
1	155.177
1	98.7227
1	115.445
1	82.9066
1	110.998
1	108.556
1	131.953
1	83.8534
1	75.9196
1	197.898
1	97.4362
1	103.267
1	123.604
1	103.604
1	111.038
1	79.9348
1	89.4084
1	122.356
1	115.795
1	104.74
1	90.6816
1	39.3334
1	53.7065
1	65.3829
1	119.039
1	136.778
1	80.6588
1	109.019
1	123.205
1	261.315
1	102.973
1	124.116
1	91.5853
1	122.411
1	87.1809
1	64.1307
1	66.7293
1	148.903
1	60.8071
1	61.3397
1	78.8758
1	109.994
1	132.639
1	97.0165
1	93.7273
1	97.9658
1	74.5809
1	86.894
1	69.3525
1	99.2696
1	181.131
1	72.9241
1	85.812
1	347.524
1	196.459
1	87.9365
1	66.5135
1	81.4751
1	123.258
1	69.764
1	273.843
1	83.1164
1	62.5963
0	1.79967
1	190.646
1	142.891
1	79.6122
1	71.491
1	115.321
1	87.1471
1	64.1059
1	149.382
1	123.345
1	164.703
1	156.587
1	67.6471
1	123.043
1	68.3647
1	54.1802
1	74.1882
1	102.251
1	121.004
1	105.493
1	124.059
1	83.2821
1	150.77
1	163.819
1	146.432
1	134.703
1	203.447
1	132.48
1	117.116
1	104.73
1	85.3963
1	84.1355
1	74.2655
1	57.7862
1	147.825
1	115.553
0	7.87792
1	56.0802
1	397.625
1	82.4369
1	92.1944
1	73.8069
1	179.598
1	98.4994
1	87.9267
1	230.392
1	95.8853
1	92.2519
1	74.6477
1	77.6663
1	123.015
1	234.931
1	101.857
1	207.539
1	119.286
1	115.147
1	142.856
1	101.205
1	59.9568
1	205.914
1	124.871
1	154.646
1	132.974
1	65.7399
1	101.27
1	97.2231
1	59.5566
1	109.565
1	97.9458
1	79.6541
1	80.8209
1	128.662
1	91.779
1	78.9124
1	115.612
1	108.596
1	188.051
1	116.407
1	140.082
1	291.046
1	170.708
1	135.057
1	44.6116
1	52.1705
1	99.7411
1	77.5821
1	54.2573
1	92.0493
1	74.2697
1	197.851
1	116.531
1	87.6861
1	99.7138
1	119.059
1	31.8697
1	112.223
1	138.987
1	71.8356
1	95.7751
1	175.422
1	127.85
1	89.1953
1	51.8678
1	210.364
1	158.046
1	97.0197
1	85.0168
1	155.704
1	64.7785
1	69.8885
1	120.412
1	79.3343
1	29.3393
1	93.077
1	98.5701
1	51.9785
1	158.51
1	47.4354
1	81.7092
1	168.432
1	143.229
1	73.0489
1	105.759
1	69.2049
1	54.8606
1	93.5051
1	80.2106
1	163.867
1	74.9724
1	175.46
1	82.4974
1	96.8904
1	67.1847
1	68.2584
1	135.561
1	64.1504
1	122.36
1	126.179
1	93.0804
1	92.0224
1	100.662
1	83.4286
1	93.5231
1	133.023
1	71.5608
1	96.4902
1	133.433
1	121.669
1	135.929
1	37.7275
1	113.33
1	88.5591
0	26.2949
0	1.65663e-05
1	103.237
1	109.892
1	73.0977
1	46.0688
0	9.59022
1	93.5705
1	81.2109
1	132.479
1	97.696
1	65.5027
1	115.798
1	49.7408
1	125.839
1	235.162
1	96.017
1	53.634
1	151.187
1	158.346
1	101.81
1	77.2007
1	44.1864
1	94.4817
1	167.206
1	102.45
1	299.977
1	54.0419
1	88.6576
1	48.8727
1	103.616
1	77.6066
1	154.392
1	58.2016
1	160.299
1	76.9154
1	59.2489
1	54.4578
1	95.7701
1	125.501
1	60.4848
1	111.983
1	57.3846
1	46.5234
1	113.042
1	145.762
1	121.118
1	176.249
1	130.382
1	81.8837
1	79.6531
1	111.404
1	75.0293
1	129.087
1	143.933
1	101.722
1	124.115
1	85.7922
1	102.076
1	109.542
1	106.08
1	119.391
1	143.046
1	129.941
1	99.579
1	98.2598
1	83.9804
1	64.5346
1	122.286
1	140.122
1	61.8709
1	154.502
1	194.225
1	53.5509
1	55.5149
1	77.309
1	67.1392
1	72.4356
1	90.4314
1	83.3582
1	105.851
1	99.0094
1	107.547
1	167.657
1	123.454
1	122.558
1	65.2722
1	51.9577
1	94.8662
1	117.57
1	165.257
1	77.8725
1	115.315
1	109.271
1	158.269
1	88.3015
1	146.843
1	58.4414
1	134.334
1	69.0099
1	56.1576
1	64.573
1	70.7401
1	65.7899
1	62.7255
1	101.093
1	142.203
1	153.348
1	124.604
1	112.695
1	68.0175
1	116.48
1	63.6107
1	71.0364
1	215.962
1	138.738
1	116.331
1	101.72
1	102.525
1	75.3176
1	63.354
0	24.5114
1	95.2243
1	162.166
1	87.0889
1	65.9133
1	36.2319
1	62.6315
1	54.8548
1	210.075
1	111.568
1	128.517
1	80.9984
1	238.36
1	60.8989
1	121.481
1	144.402
1	86.8162
1	52.6272
1	82.4408
1	84.2195
1	162.516
1	139.985
1	225.96
1	89.087
1	101.33
1	106.589
1	89.8243
1	100.036
1	67.4427
1	76.7927
1	126.993
1	160.242
1	59.306
1	81.1392
1	188.953
1	100.316
1	80.6025
1	95.4661
1	160.681
1	101.891
1	71.7223
1	110.654
1	133.159
1	105.204
1	106.658
1	103.988
1	47.5126
1	153.773
1	113.466
1	33.7742
0	14.4963
1	69.3265
1	86.9697
1	161.105
1	176.474
1	83.9366
0	14.863
1	55.581
1	34.3316
1	112.898
1	100.139
1	155.931
1	131.954
1	292.213
1	158.664
1	123.877
1	205.53
1	74.2292
1	61.3112
1	191.327
1	130.661
1	82.3322
1	154.075
1	111.796
1	122.145
1	195.178
1	121.551
1	50.6894
1	82.0263
1	195.925
1	92.4785
1	144.747
1	158.071
1	76.7592
1	191.529
1	97.6542
1	107.732
1	72.0196
1	140.092
1	117.175
1	86.9525
1	109.962
1	256.192
1	203.198
1	106.366
1	60.5679
1	94.557
1	92.306
1	64.6444
1	136.658
1	152.95
1	56.6133
1	104.476
1	184.893
1	237.328
1	103.331
1	183.091
1	76.8372
0	19.7682
1	105.302
1	46.1547
1	81.2198
1	43.2116
1	62.2058
1	122.121
1	43.183
1	137.71
1	131.661
1	172.785
1	130.052
1	74.8798
1	68.9917
1	45.879
1	161.664
1	46.7473
1	82.7183
1	140.994
1	117.54
1	53.7054
1	69.469
1	115.574
1	41.6309
1	249.085
1	74.2504
1	179.608
1	47.729
1	116.98
1	229.686
1	129.277
1	54.1595
1	58.0112
1	69.12
1	102.712
1	119.003
1	111.785
1	130.641
1	52.395
1	355.437
1	58.9188
1	85.3284
1	59.4155
1	103.702
1	99.6092
1	84.8175
1	91.6143
1	71.1557
1	92.1247
1	108.643
1	63.4039
1	202.788
1	85.8448
1	93.1308
1	40.7237
1	145.469
1	190.579
1	110.886
1	70.8031
1	102.115
1	50.6013
1	106.077
1	67.1208
1	136.28
1	165.991
1	85.0116
1	55.9327
1	73.2456
1	142.747
1	99.3953
1	193.485
1	94.5462
1	46.8817
1	76.2778
1	135.371
1	168.572
1	78.7139
1	99.8932
1	57.3789
1	86.6096
1	91.4136
1	62.7647
1	68.4193
1	164.508
1	227.524
1	103.869
1	85.2979
1	233.438
1	23.2298
1	82.4146
1	184.769
1	133.169
1	203.549
1	72.6555
1	284.186
1	69.4815
1	154.827
1	69.272
1	164.384
1	93.7255
1	168.425
1	42.5376
1	49.4823
1	65.7678
1	111.061
1	140.186
1	160.613
1	194.366
1	184.215
1	126.979
1	60.4175
1	59.1037
1	124.552
1	93.0982
1	90.4332
1	189.001
1	362.989
1	160.508
1	68.8914
1	140.412
1	147.275
1	107.562
1	100.975
1	87.5106
1	102.6
1	149.512
1	96.456
1	38.8758
1	109.478
1	60.5661
1	104.625
1	102.38
1	79.7511
1	92.2322
1	94.8586
1	165.188
1	104.703
1	132.184
1	173.024
1	43.6144
1	92.0144
1	88.263
1	77.0846
1	117.275
1	109.382
1	249.156
1	109.363
1	107.093
1	185.338
1	84.7322
1	79.422
1	140.847
1	137.762
1	55.0633
1	177.502
1	83.6505
1	76.5653
1	116.843
1	67.502
1	104.849
1	96.5946
1	186.104
1	97.0119
1	161.868
1	129.103
1	71.7463
1	111.484
1	118.155
1	136.47
1	127.823
1	62.5911
1	87.425
1	118.817
1	48.4385
1	105.554
1	114.314
1	66.3071
1	80.5177
1	102.025
1	102.14
1	121.085
1	60.2842
1	77.3609
1	85.4387
1	67.101
1	108.614
1	130.554
1	64.6643
1	81.2278
1	115.028
1	136.908
1	97.0782
1	89.1672
1	93.6489
1	149.286
1	98.2392
1	105.956
1	144.269
1	119.39
1	113.847
1	138.12
1	64.4171
1	128.504
1	124.813
1	121.592
1	200.022
1	63.5684
1	147.975
1	112.421
1	100.938
1	66.2205
1	60.3941
1	81.0217
1	128.963
1	134.566
1	100.397
1	85.0997
1	136.225
1	40.6685
1	294.364
1	39.7481
1	139.137
1	137.249
1	69.5237
1	165.773
1	66.4072
1	97.2424
1	119.914
1	119.517
1	70.9372
1	104.626
1	119.482
1	98.7542
1	111.17
1	90.5481
1	47.9118
1	89.8656
1	120.628
1	105.441
1	168.222
1	64.0211
1	106.583
1	58.0945
1	132.272
1	71.3992
1	83.5488
1	118.999
1	119.649
1	199.314
1	88.4387
1	155.599
1	128.027
1	83.7554
1	108.289
1	228.902
1	155.914
1	105.456
1	119.304
1	89.1023
1	159.479
1	105.375
1	44.0174
1	97.8546
1	126.779
1	135.492
1	181.638
1	64.7807
1	153.446
1	166.158
1	101.705
1	174.082
1	115.862
1	64.9632
1	113.35
1	184.995
1	75.6674
1	189.647
1	160.853
1	89.0109
1	112.099
1	104.11
1	176.654
1	53.6152
1	75.3456
1	39.6366
1	158.687
1	48.2272
0	55.5606
1	94.2287
1	80.8588
1	92.1139
1	88.8758
1	82.4455
1	80.7561
1	82.9606
1	74.7122
1	118.633
1	53.1888
1	89.6063
1	122.81
1	118.487
1	171.612
1	129.67
1	119.516
1	144.771
1	109.186
1	80.1414
1	79.9025
1	100.065
1	50.2269
1	157.46
1	159.471
1	102.123
1	108.693
1	110.715
1	97.1429
1	58.6377
1	109.09
1	100.717
1	94.4252
1	59.6789
1	97.1268
1	60.8644
1	291.772
1	195.986
1	79.9817
1	97.635
1	61.7152
1	72.9704
1	163.153
1	147.748
1	160.235
1	121.276
1	109.635
1	76.885
1	141.004
1	116.796
1	87.1729
1	117.046
1	106.137
1	98.7974
1	125.655
1	69.2598
1	104.794
1	48.9389
1	233.423
1	104.938
1	116.921
1	87.0431
1	60.5332
1	150.544
1	89.7823
1	134.525
1	64.7109
1	76.1861
1	164.06
1	91.8459
1	123.375
0	54.109
1	129.396
1	93.567
1	156.882
1	69.288
1	291.036
1	57.5087
1	159.932
1	61.9346
1	194.369
1	146.207
1	84.217
1	112.986
1	85.655
1	94.3017
1	39.3825
1	103.735
1	55.9118
1	119.795
1	94.2014
1	88.3527
1	75.6412
1	116.003
1	69.7699
1	59.4683
1	147.159
1	76.3259
1	96.9922
1	114.391
1	121.868
1	188.602
1	106.862
1	61.9878
1	122.381
1	80.4956
1	102.516
1	86.4737
1	82.4629
1	109.843
1	86.4363
1	63.7049
1	176.694
1	240.085
1	76.1187
1	80.4821
1	139.341
1	80.7028
1	143.429
1	112.26
1	103.117
1	113.757
1	122.451
1	50.7071
1	82.5507
1	57.3696
1	110.258
1	101.587
1	83.6918
1	159.609
1	84.404
1	59.3855
1	166.261
1	91.5233
1	186.693
1	110.918
1	129.622
1	99.6191
1	101.111
1	160.929
1	66.0275
1	127.326
1	41.0358
1	59.2528
1	172.15
1	173.005
1	254.642
1	124.855
1	68.7741
1	154.724
1	82.965
1	68.7018
1	100.81
1	90.0066
1	49.7261
1	58.9117
1	85.377
1	88.1916
1	121.83
1	101.674
1	91.5015
1	116.304
1	57.7708
1	210.375
1	69.8814
1	77.5957
1	104.669
1	180.481
1	79.069
1	165.529
1	98.1372
1	69.5287
1	58.8661
1	91.1564
1	178.47
1	107.278
1	43.6133
1	133.426
1	83.5929
1	68.9649
1	66.653
1	140.008
1	246.118
1	105.193
0	3.04824
1	225.239
1	112.464
1	99.9006
1	77.5062
1	106.435
1	93.0198
1	81.6493
1	92.1441
1	45.9982
1	81.504
1	122.016
1	134.93
1	129.102
1	72.6433
1	121.056
1	93.9225
1	173.403
1	101.6
1	255.908
1	121.801
1	69.989
1	167.462
1	106.195
1	59.5429
1	92.1359
1	169.611
1	63.3657
1	187.251
1	179.755
1	113.409
1	195.204
1	96.9152
1	52.2794
1	170.115
1	147.015
1	75.042
1	155.844
1	98.9512
1	80.957
1	159.099
1	107.081
1	152.856
1	66.4805
1	92.4465
1	75.0841
1	63.7016
1	90.5192
1	89.8989
1	102.189
1	97.3476
1	60.8102
1	157.884
1	65.8164
1	98.3879
1	100.068
1	114.442
1	120.91
1	134.86
1	44.5618
1	131.096
1	35.4906
1	90.6144
1	68.8934
1	84.4231
1	148.327
1	195.569
1	110.934
1	166.395
1	131.672
1	125.391
1	139.158
1	76.2021
1	76.8957
1	98.9921
1	93.9596
1	178.34
1	72.2241
1	100.301
1	94.5328
1	66.1936
1	122.182
1	162.589
1	247.407
1	115.375
1	129.959
1	84.1051
1	83.7582
1	68.2252
1	116.767
0	4.16216
1	126.779
1	66.7155
1	106.847
1	92.8605
1	90.6388
1	108.917
1	88.2457
1	104.232
1	79.4264
1	83.6203
1	274.85
1	72.4323
1	140.41
1	56.1015
1	161.265
1	136.834
1	166.505
1	94.0511
1	133.897
1	161.461
1	96.5081
1	105.733
1	222.123
1	100.351
1	89.7137
1	76.7244
1	106.166
1	59.5872
1	191.563
1	90.7348
1	52.7211
0	40.7171
1	157.391
1	93.5857
1	115.407
1	65.7789
1	93.797
1	216.953
1	92.3708
1	93.9994
1	155.548
1	113.315
1	98.6415
1	105.569
1	171.55
1	120.531
1	104.799
1	114.06
1	235.459
1	246.861
1	78.8124
1	152.733
1	202.066
1	62.9148
1	82.2715
1	52.6001
1	123.933
1	224.136
1	117.411
1	154.066
1	152.981
1	35.5401
1	67.3313
1	130.161
1	102.556
1	168.768
1	64.8484
1	102.758
1	60.4234
1	68.8044
1	134.63
1	79.4553
1	137.75
1	162.639
1	72.7039
1	80.0505
1	128.755
1	107.271
1	103.813
1	47.5016
1	139.278
1	95.8541
1	165.194
1	59.5591
1	114.861
1	44.2799
1	132.39
1	51.0043
1	101.738
1	204.17
1	54.4278
1	150.855
1	169.511
1	86.5058
1	362.527
1	91.4006
1	132.485
1	229.677
1	74.9954
1	151.81
1	104.625
1	43.0227
1	220.877
1	72.4024
1	157.67
1	96.1668
1	38.7835
1	134.901
1	138.181
1	129.86
1	182.291
1	108.971
1	68.0396
1	135.715
1	49.0393
1	166.214
1	112.051
1	83.3179
1	248.153
1	62.2394
1	52.196
1	36.1964
1	103.382
1	119.612
1	112.397
1	123.633
1	73.6275
1	92.6406
1	204.769
1	81.1175
1	133.487
1	82.6252
1	122.789
1	69.0925
1	98.3363
1	65.0036
1	111.413
1	131.524
1	243.866
1	107.758
1	96.2479
1	28.8964
1	71.1995
1	119.656
1	73.3184
1	157.536
1	69.9856
1	228.489
1	131.114
1	99.2367
1	73.1237
1	166.619
1	72.716
1	121.909
1	176.199
1	117.871
1	126.774
1	62.6212
1	153.577
1	131.255
1	133.466
1	76.138
1	60.7046
1	124.882
1	144.976
1	171.999
1	57.6387
1	95.366
1	113.034
1	103.934
1	61.1076
1	71.1894
1	149.997
1	210.739
1	120.434
1	72.6595
1	83.0173
1	98.2423
1	126.342
1	78.5105
1	138.092
1	96.5221
1	245.581
1	80.7653
1	147.092
1	86.8883
1	83.1556
1	103.016
1	124.987
1	62.7949
1	57.336
1	48.6847
1	30.9434
1	72.2306
1	63.518
1	126.64
1	171.649
1	95.2799
1	123.178
1	100.098
1	24.2744
1	77.7292
1	106.67
1	133.841
1	67.6851
1	111.195
1	153.917
1	132.761
1	147.785
1	83.2372
1	185.374
1	190.529
1	59.1966
1	118.372
1	107.244
1	127.56
1	168.983
1	107.552
1	118.568
1	148.427
1	71.1333
1	64.3877
1	58.0578
1	88.8184
1	68.081
1	119.64
1	46.8687
1	116.489
1	147.939
1	168.994
1	139.198
1	122.279
1	53.9449
1	162.359
1	203.051
1	126.41
1	128.338
1	130.291
1	102.417
1	47.9669
1	55.5523
1	45.619
1	47.0277
1	175.499
1	108.66
1	85.2176
1	149.795
1	136.229
1	104.474
1	91.2913
1	72.0488
1	72.6517
1	101.587
1	118.507
1	149.834
1	171.024
1	115.353
1	134.423
1	102.734
1	63.4221
1	132.486
1	131.434
1	105.613
1	145.737
1	119.554
1	52.6741
1	132.551
1	105.303
1	68.2883
1	97.5264
1	96.5375
1	175.494
1	124.87
1	100.956
1	106.818
1	71.3351
1	108.573
1	156.719
1	86.5118
1	197.187
1	111.787
1	123.073
1	79.8052
1	87.3859
1	145.53
1	147.746
1	138.09
1	99.4543
1	66.8554
1	125.339
1	118.195
1	92.7068
1	86.4058
1	122.749
1	161.042
1	33.171
1	71.4805
1	137.022
1	112.137
1	83.2505
1	90.3735
1	88.8424
1	116.413
1	106.879
1	55.6124
1	125.44
1	137.326
1	105.062
1	104.719
1	88.0693
1	92.9853
1	159.436
1	358.581
1	93.101
1	103.598
1	87.2602
1	108.628
1	73.9551
1	60.1947
1	136.632
1	76.2213
1	76.2424
1	131.48
1	96.2261
1	91.1307
1	123.873
1	89.9533
1	136.924
1	203.816
1	71.0861
1	152.411
1	47.5581
1	120.279
1	100.326
0	10.6703
1	135.533
1	49.934
1	87.3042
1	110.068
1	98.9702
1	231.782
1	93.912
1	67.41
1	54.2891
1	79.4765
1	57.3468
1	159.549
1	73.9199
1	141.762
1	116.738
1	113.261
1	81.8228
1	114.893
1	113.24
1	181.436
1	89.4454
1	125.741
1	86.3457
1	79.2328
1	66.695
1	36.5472
1	81.1533
1	143.644
1	74.9308
1	243.416
1	110.669
1	93.4318
1	139.061
1	39.0909
1	274.111
1	126.611
1	136.426
1	90.7765
1	111.144
1	92.2433
1	105.811
1	176.324
1	59.1877
1	98.3997
1	162.644
1	123.48
1	132.245
1	181.1
1	142.883
1	63.0796
1	77.6487
1	100.413
1	116.498
1	185.788
1	74.9036
1	77.3138
1	76.3649
1	37.0272
1	154.249
1	80.1034
1	72.9465
1	166.7
1	78.1363
1	77.9023
1	226.255
1	224.468
1	174.82
1	126.743
1	112.086
1	67.4279
1	115.863
1	89.0627
1	38.876
1	154.782
1	133.233
1	128.311
1	58.9004
1	102.701
1	150.929
1	122.767
1	223.952
1	148.47
1	221.344
1	168.391
1	68.1967
1	169.704
1	109.735
1	113.73
1	168.14
1	104.88
1	169.661
1	57.7562
1	143.842
1	84.8505
1	101.494
1	101.768
1	90.3599
1	149.996
1	47.3836
1	37.8763
1	103.43
1	92.5739
1	92.3174
1	96.9056
1	49.9249
1	55.9644
1	152.513
1	94.8167
1	121.874
1	47.9924
1	121.344
1	127.044
1	224.127
1	67.5082
1	81.1856
1	208.06
1	89.1757
1	51.256
1	76.9639
1	165.392
1	102.529
1	134.438
1	142.639
1	117.83
1	82.1883
1	32.5019
1	82.3404
1	105.738
1	58.9039
1	123.415
1	84.6586
1	109.182
1	99.9178
1	126.366
1	139.881
1	137.93
1	78.6429
1	86.4579
1	87.9036
1	97.8498
1	49.9987
1	121.712
1	126.527
1	153.183
1	67.8919
1	76.1585
1	115.487
1	131.862
1	72.2627
0	1.07937
1	226.601
1	118.545
1	48.2925
1	132.172
1	178.943
1	190.395
1	93.0902
1	79.0986
1	80.492
1	76.2776
1	137.774
1	85.939
1	124.426
1	63.947
1	88.1385
1	85.6804
1	169.685
1	133.758
1	126.36
1	63.7726
1	20.2702
1	164.501
1	67.8044
1	116.561
1	47.1283
1	59.2513
1	153.635
1	197.454
1	102.588
1	223.217
1	35.7137
1	304.069
1	44.48
1	123.191
1	132.622
1	237.634
1	111.47
1	38.3529
1	93.9671
1	99.9359
1	108.915
1	65.7898
1	97.6177
0	14.1881
1	50.643
1	52.2885
1	52.6684
1	90.2742
1	191.16
1	92.1621
1	78.4638
1	71.2127
1	61.9995
1	40.2145
1	93.8596
1	32.4323
0	89.7741
1	100.491
1	105.317
1	192.216
1	192.373
1	153.224
1	143.87
1	144.187
1	78.9482
1	81.6165
1	145.695
1	62.3686
1	129.176
1	131.962
1	246.599
1	91.9349
1	166.639
1	63.3197
1	106.171
1	63.0317
1	69.0175
1	180.074
1	82.0063
1	108.887
1	105.235
1	152.031
1	95.665
1	95.7726
1	92.799
1	106.779
1	72.1966
1	114.648
1	85.4993
1	58.696
1	66.7172
1	119.563
1	168.108
1	144.603
1	121.887
1	77.8442
1	65.7716
1	66.49
1	142.674
1	111.643
1	82.8407
1	73.3366
0	91.9241
1	107.899
1	143.347
1	170.371
1	126.665
1	67.2419
1	191.765
1	107.531
1	91.6112
1	179.002
1	91.3333
1	164.069
1	138.061
1	76.7107
1	87.2215
1	65.3879
1	101.595
1	62.9715
1	117.004
1	81.6607
1	77.2656
1	47.6927
1	49.9058
1	47.4718
1	107.413
1	76.4855
1	76.9047
1	132.532
1	170.771
1	140.05
1	177.214
1	177.389
1	175.403
1	223.898
1	61.4028
1	98.6193
1	115.922
1	78.5499
1	140.872
1	67.5029
1	55.9234
1	77.228
1	120.464
1	81.3518
1	75.8421
1	85.2785
1	51.2505
1	64.892
1	88.3163
1	65.8781
1	135.08
1	60.1629
1	95.17
1	65.4106
1	61.4443
1	86.1703
1	116.689
1	186.074
1	138.729
1	127.694
1	62.942
1	74.0637
1	86.6174
1	113.049
1	142.947
1	77.5537
1	177.469
1	100.462
1	108.848
1	139.756
1	247.462
1	240.924
1	176.152
1	83.5454
1	220.901
1	90.747
1	158.596
1	323.23
1	72.9738
1	172.088
1	224.062
1	76.9815
1	55.2662
1	134.982
1	43.3136
1	82.2907
1	125.19
1	217.594
1	134.62
1	127.077
1	61.9482
1	68.8264
1	102.506
1	58.6496
1	74.652
1	48.1901
1	92.3767
1	136.699
1	152.766
1	79.994
1	83.6296
0	54.0416
1	210.421
1	70.7714
1	129.057
1	59.3349
1	100.612
1	125.316
1	183.126
1	92.2197
1	67.3914
1	76.1527
1	52.9673
1	76.7537
1	175.954
1	106.841
1	96.3231
1	77.1179
1	88.683
1	60.1798
1	396.196
1	154.241
0	34.8485
1	98.4137
1	92.4415
1	54.3591
1	116.189
1	115.712
1	138.487
1	182.488
1	128.753
1	113.849
1	153.61
1	108.211
1	147.259
1	143.815
1	59.3078
1	42.7598
1	196.403
1	113.984
1	63.4429
1	87.3905
1	91.0829
1	107.763
1	139.471
1	65.595
1	112.771
1	54.3878
1	113.549
1	135.847
1	98.503
1	61.2153
1	80.8902
1	133.358
1	149.718
1	133.743
1	69.1774
1	112.215
1	165.64
1	78.8505
1	100.638
1	79.6607
1	114.524
1	91.2532
1	101.847
1	159.198
1	117.243
1	52.7618
1	32.4485
1	137.792
1	112.472
1	82.3384
1	120.125
1	102.411
1	88.7903
1	130.742
1	76.992
1	156.769
1	60.8725
1	144.108
1	109.324
1	83.948
0	25.9589
1	65.8612
1	95.0553
1	185.152
1	188.616
1	47.54
1	148.254
1	100.016
1	29.1697
1	88.1971
1	98.8064
1	60.4344
1	89.3983
1	162.58
1	109.707
1	218.082
1	111.844
1	83.5321
1	51.8071
1	106.373
1	113.479
1	89.0103
1	106.609
1	158.561
1	168.45
1	92.8422
1	357.399
1	122.672
1	120.936
1	227.675
1	102.066
1	64.4758
1	125.423
1	157.837
1	102.797
1	145.861
1	63.3143
1	188.453
1	77.3981
1	62.3986
1	206.557
1	144.567
1	83.1798
1	85.6631
1	112.131
1	125.45
1	154.7
1	56.1487
1	149.032
1	96.7516
1	135.315
1	172.074
1	78.1101
1	87.2031
1	101.92
1	85.4373
1	146.797
1	94.0961
1	140.595
1	187.91
1	112.976
1	170.483
1	118.397
1	36.243
1	121.72
1	120.642
1	97.8715
1	71.4138
1	74.8958
1	117.338
1	106.809
1	191.978
1	142.111
1	73.7517
1	108.239
1	34.6103
1	28.66
1	125.421
1	80.1499
1	74.3661
1	57.3218
1	100.618
1	113.01
1	135.623
1	55.2484
1	147.239
1	89.4051
1	178.785
1	124.616
1	51.1745
1	115.414
1	103.661
0	30.8702
1	70.8109
1	180.943
1	89.3682
1	152.087
1	75.4856
1	145.396
1	70.4131
0	12.7067
1	67.7869
1	70.2137
1	77.8805
1	103.924
1	68.611
1	133.173
1	382.144
1	99.5972
1	109.419
1	162.677
1	148.564
1	78.8643
1	146.433
1	42.9857
1	46.4392
1	132.745
1	199.511
1	110.211
1	100.586
1	207.85
1	88.1311
1	135.492
1	131.711
1	222.26
0	27.8576
1	81.94
1	167.171
1	59.5196
1	110.956
1	156.541
1	161.559
1	84.185
1	84.5755
1	116.103
1	129.782
1	135.095
1	109.512
1	138.871
1	90.7256
1	87.8866
1	158.869
1	140.77
1	55.8744
1	144.003
1	79.6712
1	29.7676
1	145.133
1	107.802
1	54.3479
1	106.034
1	111.54
1	303.224
1	118.144
1	123.936
1	94.5266
1	131.723
1	30.2828
1	114.691
1	159.063
1	63.2267
1	63.6184
1	57.1179
1	346.425
1	84.2418
1	96.0147
1	160.709
1	235.405
1	57.0737
1	70.2237
1	98.2179
1	157.616
1	113.547
1	76.4949
1	107.568
1	73.028
1	127.497
1	66.96
1	131.866
1	112.401
1	107.273
1	69.1167
1	133.991
1	158.611
1	69.0166
1	118.42
1	168.138
1	101.344
1	84.0248
1	96.5844
1	45.6841
1	41.0344
1	61.3217
1	174.051
1	69.8512
1	132.5
1	93.0806
1	87.3698
1	55.4942
1	79.2721
1	218.379
1	98.1861
1	106.392
1	81.1657
1	72.3047
1	114.491
1	157.543
1	103.39
1	97.6997
1	115.12
1	174.78
1	118.052
1	124.935
1	151.172
1	100.611
1	89.9249
1	83.3786
1	113.691
1	68.0648
1	230.505
0	36.6532
1	75.2537
1	72.3671
1	138.115
1	147.196
1	165.94
1	134.939
1	128.982
1	60.6894
1	107.275
1	74.7275
1	58.0444
1	123.942
1	52.7494
1	129.334
1	139.456
1	88.8911
1	98.0856
1	101.788
1	188.059
1	107.226
1	131.303
1	53.7153
1	94.1107
1	72.3043
1	104.198
1	117.326
1	81.0271
1	83.0012
1	85.655
1	69.666
1	112.466
1	85.5664
1	109.847
1	119.715
1	77.6574
1	68.6389
1	75.8547
1	70.0524
1	116.932
1	49.6766
1	92.1156
1	76.3157
1	104.411
1	62.7385
1	137.97
1	131.32
1	55.3233
1	108.062
1	67.2334
1	144.39
1	76.2341
1	75.4264
1	106.498
1	117.176
1	70.9624
1	142.477
1	194.104
1	132.225
1	75.1001
1	115.203
1	161.908
1	126.646
1	87.9492
1	68.4414
1	129.435
1	90.005
1	96.7292
1	240.029
1	131.333
1	129.501
1	115.696
1	59.9539
1	147.612
1	83.5522
1	161.491
1	190.399
1	45.6414
1	67.8336
1	124.693
1	98.963
1	160.891
1	40.449
1	128.882
1	145.843
1	149.148
1	143.398
1	152.332
1	157.477
1	44.8059
1	79.829
1	63.5503
1	121.301
1	151.606
1	82.8548
1	88.3106
1	71.8863
1	74.7356
1	129.705
1	145.331
1	89.5076
1	116.453
1	90.8325
1	140.786
1	120.824
1	221.897
1	58.2839
1	106.187
1	77.0072
1	74.3086
1	131.655
1	71.8606
1	175.913
1	91.1767
1	108.878
1	204.73
1	155.788
1	52.7735
1	172.098
1	53.2242
1	103.097
1	87.3906
1	193.271
1	171.231
1	90.2741
1	99.5266
1	153.121
1	123.151
1	130.449
1	297.592
1	105.064
1	155.169
1	135.743
1	108.55
1	96.7065
1	132.454
1	89.2097
1	182.222
1	88.1937
1	76.7429
1	156.06
1	110.978
1	94.9854
1	90.1375
1	123.956
1	71.9026
1	123.632
1	132.421
1	93.2405
1	121.954
1	350.319
1	122.981
1	151.08
1	121.388
1	73.6031
1	88.3551
1	78.9352
1	105.468
1	155.771
1	83.4271
1	92.6576
1	65.8433
1	66.6148
1	132.264
1	127.408
1	184.216
1	59.2014
1	52.4605
1	111.073
1	164.919
1	132.207
1	147.726
1	135.703
1	176.089
1	62.0132
1	170.498
1	101.083
1	50.6236
1	107.245
1	186.489
1	45.0015
1	147.219
1	52.9181
1	122.451
1	133.535
1	161.304
1	27.8966
1	137.716
1	136.796
1	127.083
1	69.2231
1	107.853
1	58.2086
1	92.2474
1	60.717
1	128.476
1	245.682
1	128.653
1	49.6454
1	95.4118
1	257.774
1	119.17
1	128.665
1	75.4483
1	61.9238
1	102.153
1	153.365
1	61.6043
1	155.41
1	53.8724
1	112.466
1	143.28
1	59.9872
1	115.01
1	74.6998
1	107.992
1	98.5608
1	94.4483
1	61.2854
1	131.718
1	88.9427
1	157.38
1	97.0349
1	79.7015
1	135.811
1	100.133
1	42.5187
1	90.8931
1	101.978
1	171.077
1	114.572
1	120.392
1	95.6727
1	131.3
1	66.3572
1	134.406
1	84.1746
1	80.1302
1	51.4066
1	93.1356
1	80.5112
1	148.521
1	27.1162
1	97.2025
1	81.4868
1	89.1273
1	104.092
1	116.021
1	116.244
1	71.5328
1	84.4991
1	94.6438
1	72.1549
1	343.731
1	144.579
1	152.371
1	144.313
1	104.457
1	135.269
1	103.556
1	131.781
1	79.3878
1	51.4641
1	116.036
1	70.672
1	124.312
1	91.5456
1	161.974
1	86.1327
1	112.459
1	92.9963
1	187.259
1	54.5343
1	122.213
1	120.755
1	133.088
1	81.2213
1	106.291
1	142.306
1	58.0577
1	105.522
1	53.3512
1	143.345
1	161.043
1	68.6156
1	91.0012
1	146.869
1	52.0813
1	92.9704
1	101.452
1	102.082
1	158.072
1	54.3069
1	125.044
1	90.4251
1	153.09
1	107.557
1	115.855
1	168.541
1	126.958
1	78.8058
1	125.327
1	87.0163
1	82.9189
1	127.078
1	188.45
1	76.6942
1	122.105
1	63.3995
1	100.014
1	119.022
1	99.095
1	107.016
1	81.2338
1	108.998
1	66.7634
1	244.55
1	108.275
1	188.21
1	122.932
1	179.954
1	67.1372
1	86.707
1	75.2148
1	120.48
1	151.849
1	114.874
1	227.166
1	87.0807
1	82.1694
1	155.481
1	67.2897
1	82.14
1	98.7344
1	223.863
1	64.9788
1	96.3384
1	98.9105
1	40.2123
1	105.594
1	154.129
1	63.6841
1	88.7655
0	1.66824
1	133.257
1	53.6394
1	52.4381
1	125.027
1	94.0996
1	121.933
1	134.224
1	77.636
1	145.165
1	41.8119
1	95.7785
1	88.8249
1	125.135
1	84.0554
1	127.954
1	60.674
1	213.766
1	72.5405
1	151.711
1	164.632
1	93.5153
1	116.317
1	34.1621
1	181.652
1	148.557
1	129.532
1	74.2036
1	125.434
1	82.5209
1	156.027
1	72.7087
1	158.523
1	72.7206
1	79.1145
1	125.182
1	93.8927
1	91.9941
1	66.2588
1	97.0973
1	132.363
1	75.0708
1	62.7374
1	76.1869
1	164.137
1	74.9964
1	129.457
1	111.565
1	62.322
1	62.6906
1	168.179
1	76.9193
1	59.4319
1	104.437
1	56.6171
1	163.391
0	0.342831
1	39.7747
1	61.3536
1	132.635
1	92.5639
1	59.5614
1	125.408
1	182.761
1	64.6349
1	77.1861
1	92.4568
1	63.4025
1	123.026
1	101.212
1	93.3245
1	94.1725
1	52.9963
1	61.3714
1	47.3704
1	51.6709
1	105.27
1	236.307
1	86.8814
1	153.737
1	59.4704
1	162.596
1	91.5719
1	55.9732
1	117.614
1	169.04
1	159.768
1	96.7978
1	63.3846
1	105.598
1	206.253
1	136.81
1	68.4262
1	132.784
1	68.3668
1	58.391
1	157.787
1	103.838
1	135.692
1	111.617
1	73.6384
1	113.895
1	179.104
1	83.7615
1	125.546
1	127.866
1	84.8271
1	99.4012
1	89.4977
1	102.345
1	77.4837
1	33.5664
1	89.1334
1	89.4724
1	45.1141
1	43.0267
1	80.6383
1	63.9633
1	127.918
1	215.11
1	140.067
1	147.147
1	165.129
1	109.15
1	93.3834
1	66.0379
1	167.364
1	96.6333
1	79.3482
1	169.808
1	58.8477
1	132.524
1	83.7893
1	100.281
1	63.1471
1	86.9777
1	134.97
1	171.061
1	79.7897
1	124.175
1	60.7083
1	111.203
1	101.178
1	58.6509
0	0.273166
1	115
1	82.3636
1	97.6909
1	48.3932
1	200.792
1	112.622
1	117.551
1	104.284
1	205.904
1	114.317
1	65.3977
1	94.8245
0	3.68448
1	80.2009
1	72.415
1	136.204
1	136.579
1	142.794
1	140.024
1	158.695
1	119.652
1	96.9272
1	204.385
1	92.6622
1	79.894
1	92.9558
1	139.448
1	135.751
1	109.058
1	69.5427
1	133.606
1	136.876
1	165.07
1	196.142
1	118.497
1	64.2826
1	128.63
1	130.406
1	87.3215
1	109.162
1	143.635
1	276.391
1	156.331
1	122.072
1	148.802
1	60.899
1	100.945
1	76.3036
1	170.758
1	65.2274
1	147.321
1	78.4829
1	120.398
1	102.67
1	99.4014
1	115.221
1	93.8322
1	83.4794
1	77.1067
1	84.7196
1	55.9721
1	109.145
1	88.667
1	115.423
1	137.022
1	88.5055
1	70.5189
1	180.092
1	89.8859
1	183.257
1	57.5695
1	75.1401
1	88.4715
1	120.188
1	79.6223
1	106.914
1	94.1348
1	160.486
1	134.371
1	120.476
1	125.067
1	200.914
1	99.2493
1	136.994
1	96.9902
1	119.885
1	67.5289
1	93.3999
1	66.9981
1	155.593
1	112.587
1	83.8045
1	79.2146
1	131.691
1	71.7971
1	79.2456
1	99.8071
1	44.1847
1	47.6659
1	124.972
1	149.232
1	60.1042
1	119.638
1	164.649
1	46.3684
1	96.0128
1	138.005
1	142.18
1	161.711
1	103.487
1	172.636
1	87.3254
1	82.9003
1	129.485
1	86.4047
1	43.7968
1	116.95
1	80.7335
1	104.961
1	175.011
1	168.498
1	46.4213
1	62.84
1	80.3275
1	181.123
1	83.4925
1	108.921
1	111.882
1	92.7005
1	110.141
1	122.54
1	86.9796
1	75.9346
1	120.102
1	76.9725
1	87.1372
1	85.6245
1	222.664
1	84.7007
1	79.7026
1	85.3387
1	114.507
1	68.7958
1	92.9553
1	160.937
1	158.356
1	97.5799
1	109.389
1	97.0144
1	129.684
1	132.933
1	64.8172
1	85.2205
1	95.9348
1	111.203
1	139.57
1	178.569
1	64.7713
1	60.51
1	66.9379
1	80.155
1	61.2203
1	176.74
1	56.8157
1	166.047
1	118.735
1	122.351
1	71.8065
1	101.835
1	115.353
1	179.503
1	76.9625
1	79.8744
1	150.018
1	123.379
1	103.259
1	115.321
1	97.3607
1	143.561
1	123.946
1	151.481
1	77.9147
1	143.696
1	46.1154
1	96.4395
1	155.214
1	58.5595
1	149.339
1	120.565
1	154.811
1	172.243
1	55.1903
1	271.73
1	49.4084
1	174.265
1	73.4604
1	85.0261
1	75.8734
1	179.467
1	60.7047
1	138.405
1	93.7846
1	78.2308
1	75.7152
1	105.49
1	95.3781
1	121.952
1	109.939
1	80.7848
1	59.8878
1	144.696
1	92.7351
1	129.652
1	55.8886
1	116.466
1	133.299
1	360.918
1	109.603
1	48.8978
1	115.996
1	191.057
1	94.8752
1	85.9533
1	100.009
1	108.073
1	56.5329
1	96.3815
1	162.74
1	163.123
1	54.1843
1	70.0049
1	136.761
1	93.8238
1	78.5519
1	72.6813
1	188.863
1	200.364
1	172.61
1	152.87
1	187.786
1	88.9488
1	140.203
1	45.8336
1	155.829
1	119.005
1	100.428
1	141.523
1	82.4449
1	124.257
1	124.357
1	90.4231
1	174.476
1	72.9164
1	42.4599
1	80.7284
1	146.362
1	216.429
1	60.5994
1	173.386
1	94.2937
1	84.1581
1	115.485
1	81.7163
1	77.3264
1	134.692
1	164.236
1	44.9807
1	99.2154
1	73.8306
1	110.386
1	70.3804
1	139.016
1	135.95
1	61.2222
1	73.8883
1	182.111
1	123.933
1	116.162
1	93.2535
1	80.7493
1	99.9833
1	93.2135
1	101.791
1	138.431
1	57.2201
1	180.657
1	135.476
1	182.72
1	131.406
1	38.1213
1	146.202
1	195.52
1	106.238
1	90.5735
1	100.909
1	46.6951
1	98.1563
1	140.772
1	177.276
1	188.142
1	84.7522
1	206.422
1	103.327
1	109.329
1	124.664
1	116.235
1	134.628
1	83.0058
1	150.482
1	168.748
1	145.681
1	108.902
1	110.939
1	101.364
1	166.577
1	64.3881
1	139.172
1	89.7894
1	151.801
1	96.7083
1	128.946
1	44.1914
1	92.7665
1	73.7661
1	128.939
1	95.373
1	150.004
1	128.724
1	66.3179
1	107.527
1	97.8076
1	76.8709
1	99.9502
1	109.379
1	59.0633
1	217.105
1	113.056
1	94.9154
1	99.8731
1	110.369
1	76.7278
1	94.8409
1	91.6687
1	47.3946
1	121.319
1	67.6409
1	91.106
1	200.618
1	138.726
1	120.097
1	81.5576
1	181.712
1	63.4508
1	260.097
1	80.1505
1	76.0099
1	98.8975
1	109.883
1	168.557
1	211.011
1	82.2543
1	211.807
1	41.9577
1	120.777
1	62.2584
1	138.23
1	70.1253
1	205.606
1	95.3559
1	102.925
1	132.83
1	66.6509
1	79.4906
1	60.3615
1	61.4579
1	143.538
1	103.32
1	105.782
1	98.3052
1	108.404
1	82.4727
1	82.2557
1	176.748
1	112.114
1	161.299
1	138.269
1	54.146
1	160.807
1	125.195
1	41.796
1	100.483
1	224.411
1	109.237
1	52.5449
1	128.549
1	157.074
1	117.464
1	87.8342
1	128.712
1	105.139
1	93.0252
1	100.417
1	213.08
1	95.8991
1	113.714
1	111.754
1	99.0058
1	71.0981
1	118.342
1	81.6057
1	61.4042
1	97.1603
1	192.229
1	43.6415
1	228.885
1	58.5801
1	122.124
1	58.2672
1	113.73
1	95.4852
1	145.503
1	127.11
1	68.3008
1	156.678
1	111.067
1	157.54
1	90.6149
1	120.666
1	53.8711
1	135.838
1	76.5102
1	155.951
1	93.0043
1	237.71
1	169.065
1	228.059
1	106.666
1	131.392
1	74.6274
1	88.6487
1	76.8635
1	116.03
1	76.2271
1	137.784
1	133.655
0	27.3626
1	84.7137
1	76.2857
1	62.6344
1	242.932
1	83.4482
1	67.8284
1	94.2594
1	229.459
1	107.986
1	81.6307
1	127.112
1	105.632
1	103.397
1	147.319
1	73.5904
1	68.6075
1	223.118
1	143.027
1	74.0353
1	30.0915
1	137.612
1	133.866
1	112.428
1	53.1773
1	80.2232
1	120.658
1	132.189
1	87.8298
1	94.3238
1	45.5089
1	84.7347
1	147.8
1	113.927
1	91.2989
1	166.915
1	112.535
1	232.282
1	115.663
1	109.679
1	76.5179
1	165.916
1	285.828
1	73.9844
1	89.1672
1	155.702
1	135.405
1	219.601
1	50.8962
1	69.3719
1	182.469
1	92.3294
1	92.7701
1	100.068
1	79.6983
1	54.2642
0	70.0433
1	56.1793
1	99.5914
1	43.7983
1	82.6837
1	40.6158
1	68.5749
1	114.926
1	97.7433
1	44.706
0	134.722
1	60.2061
1	129.596
1	70.2724
1	130.977
1	79.3697
1	111.559
1	68.6108
1	88.9235
1	200.999
1	72.8621
1	94.5092
1	67.1428
1	73.2093
1	132.891
1	145.947
1	77.4752
1	120.269
1	51.2167
1	76.1686
1	128.948
1	56.8248
1	82.7583
1	52.9918
1	140.096
1	67.285
1	123.899
1	41.6485
1	169.66
1	92.8763
1	66.882
1	171.856
1	62.4564
1	162.701
1	152.637
1	67.6816
1	80.5369
1	124.574
1	41.0388
1	122.247
1	128.585
1	67.1429
1	174.829
1	54.8677
1	113.817
1	84.4318
1	173.457
1	216.184
1	185.265
1	79.8013
1	274.642
1	162.814
1	111.707
1	111.21
1	67.1582
1	145.919
1	54.4925
1	191.662
1	111.102
1	132.725
1	62.0449
1	92.9764
1	118.581
1	65.6965
1	61.9627
1	128.209
1	120.189
1	184.159
1	129.091
1	47.5671
1	82.1295
1	114.43
1	328.679
1	80.2573
1	146.474
1	60.9503
1	136.485
1	102.914
1	126.233
1	147.045
1	70.1202
1	63.2214
1	136.005
1	130.108
1	121.702
1	53.8012
1	95.0172
1	37.1818
1	130.643
1	91.6755
1	114.847
1	127.666
1	57.0365
1	184.426
1	99.1173
1	198.344
1	70.3725
1	68.5096
1	103.043
1	71.0301
1	138.712
1	89.0569
1	111.824
1	64.8342
1	95.3861
1	95.3741
1	114.725
1	84.999
1	80.7973
1	103.417
1	83.6409
1	214.695
1	64.3382
1	119.793
1	101.422
1	126.438
1	120.542
1	85.8256
1	102.682
1	103.138
1	74.2046
1	97.5935
1	45.2506
1	116.261
1	92.3199
1	54.8929
1	147.621
1	96.6071
1	75.7168
1	66.638
0	51.7734
1	60.9512
1	85.5522
1	60.499
1	151.975
1	54.6174
1	52.5434
1	58.8413
1	121.505
1	213.318
1	97.175
1	102.519
1	117.438
1	74.1349
1	49.4045
1	88.1046
1	121.835
1	80.4601
1	90.7867
1	304.788
1	100.93
1	123.52
1	26.7038
1	151.065
1	84.5623
1	118.496
1	77.8798
1	72.1724
1	93.4113
1	133.527
1	143.923
1	236.788
1	121.703
1	74.3279
1	132.088
1	222.446
1	103.977
1	73.2508
1	81.3658
1	57.5496
1	86.8813
1	39.4703
1	56.7735
1	55.7945
1	227.827
1	111.671
1	78.7171
1	90.3682
1	61.8544
1	111.865
