10000	100	9900	0.00208333	1
0.025641	2.53846	47746.2	4.82284
1	0	0	0	0.55
113.585	239.524	245.439	247.363	250.101	258.104	265.034	279.741	295.207	305.543	325.864	344.01	354.567	368.64	395.271	414.14	432.258	450.791	468.643	481.523	499.943	516.48	534.92	556.353	576.859	605.535	630.16	663.052	699.919	753.312	1219.37	
66.6185	70.2719	92.4002	252.869	267.795	274.982	332.191	347.254	370.181	385.132	393.47	411.8	429.32	448.474	464.337	489.129	503.907	525.477	538.433	554.107	577.741	596.387	616.686	637.139	659.522	682.082	708.257	738.967	778.918	838.395	1355.86	
25.9554	52.2858	69.2539	83.5995	85.7952	93.0058	124.703	157.511	170.83	184.745	202.15	222.397	242.507	258.053	271.825	290.481	300.671	314.11	330.748	354.054	373.356	391.167	411.074	427.644	451.133	475.352	499.2	527.585	568.845	622.529	1034.25	
275.358	409.832	415.989	425.991	439.206	447.915	479.704	493.009	521.178	528.659	537.211	557.531	576.163	590.895	603.861	619.387	642.667	662.277	682.967	699.072	719.287	735.741	754.681	774.199	794.649	817.506	845.885	874.564	909.421	967.417	1495.89	
170.578	245.665	258.287	265.864	271.573	277.923	295.112	360.286	376.882	392.27	416.97	435.766	448.487	473.877	491.998	507.688	525.941	541.827	554.461	570.38	590.843	610.281	632.042	653.105	674.83	696.72	724.607	757.544	792.549	848.693	1326.37	
93.9935	110.189	234.599	240.838	301.756	321.138	343.038	357.121	377.013	387.985	402.238	419.632	449.232	458.056	477.693	489.477	504.662	520.425	536.716	552.405	568.777	583.412	603.973	622.067	640.519	665.354	690.727	721.815	759.74	821.902	1516.28	
105.983	110.183	113.804	128.002	147.557	158.071	220.274	238.431	286.027	310.268	323.861	337.173	359.144	377.133	390.066	414.042	424.845	441.804	458.51	475.657	494.482	518.971	541.756	562.553	582.614	603.57	632.298	661.494	703.968	760.199	1302.45	
144.049	155.389	185.216	192.086	220.327	242.62	277.751	302.531	309.786	316.078	344.543	366.245	390.435	401.607	417.051	434.156	449.62	464.853	485.395	503.773	520.66	546.998	565.668	588.031	612.083	634.382	660.312	690.244	729.435	787.19	1189.01	
140.547	147.244	157.17	168.8	185.386	193.353	211.952	229.164	236.96	261.153	301.567	312.855	321.05	331.87	353.279	374.127	388.354	401.976	419.226	436.504	453.293	468.763	488.895	509.713	530.442	554.402	578.857	607.866	648.873	713.016	1170.98	
58.315	61.871	69.8726	76.3117	95.5544	115.635	132.689	174.614	191.158	208.437	228.56	249.217	268.772	281.19	293.652	305.706	318.526	334.85	350.01	364.167	382.013	403.613	423.658	442.255	461.513	488.751	512.222	540.163	578.902	638.636	1162.5	
162.699	166.965	185.183	214.385	270.281	286.188	294.075	334.88	351.332	370.025	380.575	389.259	409.625	424.522	446.202	467.532	479.52	498.454	515.344	532.8	552.708	572.164	596.767	617.148	640.155	663.657	689.431	718.386	756.547	814.254	1393.16	
177.525	181.688	201.309	212.617	238.061	242.417	249.467	257.523	267.547	279.504	303.205	332.841	360.713	378.79	411.285	427.157	449.014	467.157	484.955	508.454	529.122	548.812	566.941	587.689	610.132	633.367	659.911	687.627	728.122	785.39	1270.52	
43.5154	123.59	132.75	138.253	172.3	193.82	221.209	237.603	244.342	256.837	264.91	277.242	288.562	321.72	340.692	359.911	381.868	394.968	420.438	437.116	457.358	476.442	499.962	520.735	548.995	575.442	601.539	629.929	669.64	729.629	1209.2	
96.3538	129.184	139.653	144.849	163.913	174.635	202.035	217.485	228.9	240.903	255.204	262.889	282.887	297.29	314.414	327.978	352.991	370.396	389.132	410.499	425.254	439.816	457.527	478.205	498.586	520.949	545.46	576.374	612.999	669.939	1252.95	
61.6529	65.6645	79.6832	86.5065	95.0288	100.488	108.934	127.431	147.608	159.135	171.718	184.83	197.029	207.52	223.885	237.493	250.365	267.257	286.869	310.78	326.51	345.923	371.873	392.382	411.32	434.226	460.525	493.915	535.595	594.095	1145.18	
210.737	217.389	218.613	231.01	256.6	259.891	273.139	297.452	304.096	318.484	326.078	336.551	357.978	370.049	385.041	402.671	427.784	441.317	461.574	477.203	497.259	515.82	533.028	555.367	575.889	597.718	623.163	654.622	690.177	744.135	1242.94	
187.619	192.358	249.111	259.515	274.095	302.328	317.114	368.504	379.043	392.484	405.862	428.133	446.755	464.696	478.054	496.698	511.181	524.438	541.548	567.897	580.628	595.21	613.927	632.124	655.639	676.375	701.625	730.84	772.69	830.646	1289.1	
73.9678	78.7277	82.7974	89.1623	91.5259	106.678	126.627	153.868	169.64	189.611	209.04	222.929	237.884	251.045	271.389	284.623	308.667	327.971	343.443	364.27	386.26	409.69	427.937	447.71	467.496	493.074	519.235	550.478	589.599	646.568	1087.46	
47.5611	54.5378	90.3347	106.939	111.706	132.404	175.027	183.972	191.215	208.54	231.03	254.575	269	278.197	291.49	302.604	319.43	338.269	358.145	382.526	406.707	422.679	445.219	465.001	486.474	513.508	536.239	570.221	605.721	663.143	1132.65	
122.996	132.586	137.431	171.597	181.229	187.073	217.421	234.857	237.454	260.244	281.421	304.378	311.58	326.416	342.422	356.501	383.363	400.233	416.962	432.402	452.62	471.929	491.469	513.078	534.41	555.744	581.028	610.571	652.145	712.834	1264.27	
201.369	222.987	224.945	240.832	246.558	258.108	268.649	275.028	320.674	331.245	356.158	369.239	381.261	399.374	412.263	426.517	441.454	455.187	474.907	498.807	514.081	537.158	560.617	583.752	607.59	630.117	653.388	682.949	724.176	780.179	1248.39	
112.482	166.99	173.701	210.63	233.151	273.129	275.157	302.01	307.544	314.803	337.457	361.385	370.841	382.194	393.083	408.489	429.355	446.214	470.578	492.907	508.532	526.279	545.474	563.125	582.85	607.886	632.478	664.174	705.656	768.297	1282.66	
54.3863	59.1817	63.5435	129.886	139.715	157.185	163.806	175.579	222.69	267.165	299.169	326.693	341.807	355.611	376.11	395.681	413.768	433.442	454.502	475.753	492.819	512.983	534.412	554.081	577.414	598.189	626.798	655.396	695.991	756.338	1266.67	
86.8889	98.3033	105.215	121.653	134.537	160.082	169.046	193.315	203.871	228.643	239.978	255.207	279.13	295.995	316.134	335.521	356.075	372.827	390.07	410.907	431.115	449.098	468.766	487.771	509.146	533.167	559.117	591.602	631.973	697.002	1095.05	
112.39	122.789	145.308	168.594	180.607	183.12	196.387	205.823	227.788	257.134	278.536	301.907	319.739	332.978	354.858	373.387	394.549	407.104	425.057	443.849	461.908	479.067	499.848	520.515	538.306	558.468	583.882	612.048	650.353	711.261	1119.33	
96.3352	99.6176	131.292	137.808	142.488	154.167	176.737	188.644	209.756	246.497	271.505	277.557	294.855	318.289	335.202	351.792	364.944	378.982	401.244	419.127	444.838	463.935	486.14	502.617	523.521	547.456	569.252	598.667	636.403	694.278	1159.69	
44.2615	47.434	50.6588	70.534	74.7512	88.4585	91.9892	96.3923	102.895	118.425	139.717	156.787	176.224	188.415	209.872	223.028	238.46	251.816	272.726	289.962	303.632	325.316	343.254	360.097	378.51	402.436	431.064	462.223	502.223	559.577	1056.86	
228.692	231.346	266.986	283.441	293.288	311.872	320.002	342.977	378.797	396.557	409.054	428.105	449.868	470.596	484.008	495.269	523.108	542.036	560.983	576.875	592.304	614.309	633.714	654.283	673.431	697.015	718.91	751.881	787.783	844.998	1255.74	
63.3161	66.7509	88.8304	97.6216	112.761	121.763	127.513	144.774	148.462	173.863	190.259	207.439	224.615	246.216	263.525	277.201	298.121	312.185	329.272	341.929	360.216	377.005	393.733	413.472	437.118	460.878	487.274	515.597	550.24	610.568	1077.57	
241.297	518.847	574.417	576.557	588.966	635.938	643.091	666.024	750.763	759.638	803.077	812.677	839.196	849.903	867.71	885.646	899.183	916.259	937.512	955.187	975.329	992.724	1014.56	1037.3	1058.66	1084.39	1109.5	1139.9	1181.34	1245.37	1712.23	
76.0745	91.82	98.1161	115.258	134.67	145.845	156.109	214.244	221.602	233.971	267.688	294.182	307.097	322.887	334.442	348.994	364.95	378.233	392.155	406.363	418.884	436.791	456.426	475.942	501.113	524.376	547.729	583.481	622.631	678.387	1101.35	
74.3457	103.515	136.169	161.031	196.786	202.262	213.386	225.197	235.671	251.417	262.599	277.31	305.637	316.47	335.997	353.501	370.579	385.236	400.816	417.168	435.461	453.979	473.643	495.591	516.966	541.97	567.88	599.581	642.492	698.01	1221.11	
59.1111	68.8558	84.3428	120.601	144.236	180.187	187.701	218.837	229.897	254.266	268.093	278.64	294.583	311.339	325.418	340.974	355.792	372.613	393.94	421.004	437.818	456.759	477.032	498.013	522.068	545.548	570.36	599.436	641.89	695.159	1187.91	
44.9484	68.2447	102.127	109.251	161.34	169.23	178.89	195.862	211.594	220.48	241.575	256.173	272.964	295.069	318.791	338.053	347.432	361.042	379.063	399.292	420.419	437.542	453.157	476.107	497.227	523.448	548.585	581.672	623.245	679.479	1097.65	
111.763	121.426	132.828	136.401	143.269	177.146	191.3	201.921	238.307	249.551	258.746	268.238	283.693	296.2	315.02	332.318	351.419	371.39	388.639	406.903	426.739	449.285	476.339	495.881	522.704	543.911	573.58	606.756	644.113	698.763	1231.11	
49.6631	61.5484	68.6526	120.581	126.983	148.029	187.653	208.162	224.965	253.227	265.843	285.385	304.228	322.422	333.442	349.403	358.456	373.361	391.043	407.314	419.009	437.371	454.752	473.566	494.365	519.948	544.296	573.103	610.69	667.839	1058.35	
176.438	179.539	195.602	210.666	239.414	244.578	276.371	286.952	298.074	324.422	339.772	368.191	390.547	416.648	435.444	449.589	465.46	477.68	492.579	506.701	528.834	549.558	569.23	589.602	615.226	637.294	661.545	690.839	728.414	784.721	1240.69	
89.394	174.113	176.384	192.816	204.663	210.281	226.397	251.325	258.424	271.995	281.744	298.866	313.066	325.03	336.41	354.764	369.706	392.164	409.752	429.605	449.38	468.856	492.955	515.5	533.143	556.159	581.534	611.787	650.368	710.96	1200.73	
165.525	204.21	206.08	209.908	220.117	223.779	239.669	250.283	254.497	299.599	312.373	326.049	344.412	357.374	369.695	385.36	397.173	412.684	426.451	445.836	466.156	482.498	497.119	520.148	542.467	566.652	592.093	621.407	660.118	715.834	1159.14	
76.5231	78.7888	89.1201	101.516	177.57	210.76	233.821	243.366	268.31	286.03	301.768	322.723	339.093	358.947	387.984	402.641	416.808	428.785	448.858	466.692	487.828	504.961	525.858	544.859	568.162	594.186	621.214	652.473	693.396	752.825	1196.75	
130.813	161.55	192.38	207.882	212.111	222.137	239.653	258.546	268.283	310.097	318.003	333.083	344.031	356.408	372.433	389.326	408.103	425.144	442.067	456.241	474.544	494.826	511.538	530.517	550.198	575.196	599.359	630.369	666.531	725.25	1365.27	
171.617	197.324	214.427	230.199	263.878	272.933	276.926	284.434	317.552	324.806	344.821	350.768	366.635	382.635	394.184	421.778	438.096	453.958	469.7	494.191	511.541	530.254	549.558	568.44	590.895	614.114	640.643	671.817	713.091	771.608	1392.06	
308.754	400.161	402.177	420.51	450.204	470.929	473.884	504.018	518.879	533.382	553.303	565.913	585.951	598.646	613.545	636.23	657.602	677.936	704.592	723.76	747.381	768.011	787.091	810.227	829.553	852.439	881.068	909.46	947.571	1009.64	1484.66	
157.924	172.375	176.228	180.267	205.689	239.825	258.349	273.725	317.314	326.766	366.828	385.591	406.105	428.451	445.946	460.698	480.069	500.829	521.353	545.967	562.575	577.874	602.159	620.489	642.03	664.719	690.098	717.891	753.253	815.062	1321.33	
23.3405	28.6458	30.3697	36.7158	43.7551	49.8334	60.2654	68.9207	97.7503	116.683	127.43	147.553	160.039	169.93	189.223	204.91	221.068	235.428	251.961	270.062	283.167	305.502	322.274	342.443	367.817	391.193	418.05	447.496	485.951	547.291	931.908	
115.025	129.133	141.529	148.148	151.173	161.643	201.195	220.976	243.184	255.563	275.65	289.548	307.876	318.675	328.579	343.701	358.526	377.488	390.368	408.311	429.135	452.6	475.926	495.311	517.603	539.733	563.322	595.583	631.018	692.737	1095.74	
153.429	171.465	174.7	192.801	205.947	215.778	231.204	245.351	268.474	278.899	292.204	303.696	318.745	335.276	362.831	388.253	404.313	429.226	450.915	473.978	488.41	501.978	517.551	535.965	560.259	584.856	610.616	638.758	676.982	735.657	1153.67	
89.2248	91.0154	94.2367	96.6696	114.485	130.094	155.423	174.347	210.84	244.934	259.184	281.545	298.131	308.923	322.048	335.277	350.833	369.599	390.124	411.979	432.652	450.219	467.813	486.487	505.801	533.898	559.841	587.929	626.417	685.784	1124.05	
276.749	279.859	282.103	283.853	288.452	330.495	338.276	358.928	368.736	385.975	404.883	428.419	447.152	472.037	490.101	506.514	519.795	546.083	558.915	579.04	596.695	611.182	627.863	647.177	668.878	694.444	718.585	743.024	783.38	842.154	1467.01	
221.908	260.62	262.735	271.232	298.184	308.819	316.625	346.517	358.72	372.871	383.908	399.257	410.651	426.588	444.652	456.576	478.31	492.776	510.626	531.937	547.055	562.053	580.122	599.035	622.342	644.596	671.091	698.174	736.731	793.569	1253.26	
84.5986	92.239	116.96	159.669	193.327	213.491	225.656	230.406	245.159	261.793	287.847	311.586	324.042	354.914	369.819	382.485	397.187	412.223	431.146	452.899	471.567	488.753	511.583	531.401	552.188	574.854	600.299	631.724	668.759	724.189	1132.36	
104.062	112.053	115.623	116.363	141.53	161.221	167.71	179.272	207.429	217.96	241.66	251.958	281.326	300.517	317.688	329.025	344.594	362.128	380.177	397.533	415.512	436.83	458.84	478.126	501.653	525.208	555.367	584.568	621.636	684.932	1117.67	
51.5111	80.6642	90.2503	124.704	140.062	150.219	160.182	172.624	183.521	197.919	202.158	218.268	235.939	255.378	285.195	298.958	315.556	332.642	348.258	361.933	379.776	398.651	413.815	435.852	459.761	484.448	509.584	544.634	583.543	639.603	1151.86	
69.1068	72.3877	77.1914	87.8717	103.587	109.314	114.681	139.002	154.797	181.294	191.48	202.758	222.544	234.791	251.45	260.372	283.866	295.184	317.478	334.8	354.333	374.017	396.643	413.952	438.885	461.159	488.952	522.593	560.965	627.143	1148.98	
176.544	274.353	276.875	307.816	329.547	353.143	362.837	376.121	384.197	393.917	411.398	423.892	449.394	463.859	480.634	498.11	514.456	535.678	549.032	567.156	582.767	601.438	620.025	645.22	667.748	688.091	713.859	746.41	781.715	842.9	1291.58	
116.622	123.841	126.76	145.349	152.428	182.219	190.516	199.833	205.231	225.533	237.326	248.197	273.822	290.588	303.892	320.584	339.4	364.683	383.402	396.823	415.757	438.272	455.865	476.587	494.863	519.607	541.142	569.837	605.443	664.659	1121.53	
275.882	344.801	354.01	359.562	368.12	381.578	391.256	440.904	456.194	471.356	494.084	525.544	541.056	550.943	567.367	582.212	601.221	617.69	644.858	662.636	678.535	694.382	709.225	729.861	752.506	777.107	802.839	831.686	870.631	930.383	1417.09	
136.703	143.789	169.166	177.394	188.536	195.232	205.517	220.381	236.968	250.198	258.489	289.601	297.49	321.779	335.01	349.266	365.403	380.316	397.562	418.574	435.173	453.294	473.55	490.12	510.226	533.01	559.685	591.564	632.942	689.254	1129.22	
67.4025	68.9013	71.4556	97.2579	99.465	112.964	128.853	147.222	163.187	174.923	222.261	257.036	275.335	291.864	307.16	336.29	353.088	370.334	387.79	414.247	432.101	450.776	468.017	489.162	511.643	534.903	559.47	591.737	631.695	690.207	1108.81	
77.3437	83.7774	90.6639	96.0195	115.724	181.245	194.876	205.821	211.937	231.204	269.751	287.461	300.236	315.677	333.543	345.569	359.022	376.461	389.16	401.303	422.156	440.793	463.24	481.922	499.881	519.731	546.66	578.895	620.18	680.494	1111.22	
219.02	357.5	367.645	376.822	434.333	445.491	472.593	489.385	493.65	504.906	513.872	529.26	543.235	568.159	595.966	615.892	634.66	646.596	665.088	682.229	699.372	717.68	742.37	759.779	783.369	805.497	832.876	865.776	902.97	961.402	1446.35	
242.135	271.551	273.1	285.923	295.473	306.153	319.519	339.678	346.406	361.515	384.045	409.271	418.06	428.256	445.684	464.304	484.688	499.9	515.052	531.211	546.422	564.198	580.647	599.038	621.856	644.97	671.127	702.19	736.097	791.7	1336.9	
64.2055	71.8759	83.8677	88.7704	95.2725	136.405	146.898	154.031	182.463	213.256	236.442	251.527	267.294	289.126	298.546	309.745	319.363	334.559	354.31	367.876	387.536	408.145	422.386	444.227	468.646	494.326	519.649	551.666	586.114	648.418	1117.18	
96.9091	141.074	149.458	158.233	166.122	174.083	186.186	195.859	217.389	240.389	261.815	282.726	293.154	312.777	326.793	344.251	361.184	375.875	392.317	411.94	432.228	444.944	459.744	481.027	500.051	521.82	546.403	582.212	619.561	680.114	1115.3	
175.863	193.244	196.853	202.377	209.472	229.593	235.961	243.993	259.419	267.539	280.749	292.766	313.099	331.943	350.549	366.581	382.532	396.051	413.656	437.261	451.404	466.646	489.022	505.988	528.106	551.355	577.116	607.213	646.601	703.733	1181.81	
266.57	282.027	289.298	290.702	297.248	309.707	316.782	323.487	364.681	370.249	384.999	391.898	418.267	427.819	444.371	470.982	490.945	506.182	524.729	545.075	562.674	587.985	604.166	623.139	648.093	669.731	695.551	726.622	763.674	823.217	1361.61	
71.6674	99.8057	115.163	145.55	153.896	175.958	182.438	200.505	211.698	219.186	235.918	254.588	275.038	299.322	324.582	341.295	361.077	377.896	393.983	412.596	429.727	445.566	464.22	485.781	507.509	533.017	557.027	587.207	626.21	684.168	1173.42	
197.116	219.198	226.623	234.184	245.474	250.22	256.804	275.535	288.711	303.472	312.919	326.749	347.406	365.758	386.852	398.787	413.296	429.849	455.139	469.57	489.089	509.729	528.858	549.533	569.881	593.892	619.533	647.863	684.59	737.94	1420.13	
290.899	310.65	323.912	329.141	346.847	351.761	364.146	372.49	383.042	405.913	423.77	443.588	458.441	467.365	484.714	496.179	514.285	536.698	550.398	569.266	586.835	606.954	625.712	651.774	672.423	695.377	719.965	749.231	790.003	849.111	1341.09	
113.117	172.579	178.922	187.328	195.371	208.349	214.963	243.331	257.925	276.117	298.293	321.793	333.198	341.484	362.88	379.375	387.361	406.371	422.28	438.906	455.994	474.392	495.187	513.696	535.62	561.208	586.287	617.921	658.744	717.201	1216.02	
56.5584	66.5147	73.3242	75.1213	85.3205	99.4791	177.091	190.342	196.417	214.187	227.131	247.684	274.564	288.41	302.069	318.081	330.256	350.3	363.015	383.685	398.907	415.504	438.756	458.029	484.914	509.519	533.087	564.402	603.101	658.23	1261.54	
46.4902	180.199	204.509	208.701	247.039	256.556	272.988	302.444	310.494	341.186	354.866	378.129	400.546	423.957	437.855	457.914	470.806	487.521	501.775	523.209	537.867	560.117	581.296	600.884	620.435	644.99	668.006	697.08	741.358	795.362	1233.68	
151.235	175.588	198.658	201.099	220.026	234.774	247.444	261.796	288.92	298.356	332.801	341.702	358.213	375.78	387.664	396.859	414.239	438.47	457.391	476.33	491.014	516.383	535.159	555.498	578.034	600.729	625.938	658.709	697.232	756.806	1203.51	
34.0486	81.5598	91.8634	109.733	115.996	127.81	143.497	156.531	169.111	178.289	198.841	205.335	226.066	234.341	248.319	262.333	280.846	296.714	314.539	337.573	355.426	378.324	398.147	418.455	438.741	461.719	487.053	520.895	559.985	622.45	1091.64	
103.843	144.389	146.163	160.213	171.559	176.296	201.998	212.036	223.117	241.381	268.685	289.001	310.841	327.343	340.909	359.328	368.848	385.806	403.639	422.185	446.6	462.129	480.476	502.767	526.003	555.031	579.154	608.55	645.805	702.038	1136	
169.661	279.642	287.049	296.844	303.229	378.678	384.232	395.157	413.662	421.048	452.155	479.101	491.586	502.586	514.782	534.426	548.95	564.25	579.316	598.703	613.356	631.283	649.059	668.288	689.246	713.664	739.137	766.127	802.706	862.739	1317.86	
83.3592	111.426	114.678	187.456	236.554	307.728	331.442	340.098	347.211	374.36	399.999	433.383	451.517	473.442	480.56	496.469	509.331	522.014	537.136	554.97	570.799	589.688	609.117	630.911	651.187	675.127	702.868	735.825	773.826	831.972	1518.97	
67.149	95.9614	99.5445	105.347	129.737	152.089	221.041	232.555	240.949	254.821	264.032	275.462	299.945	318.069	331.531	351.675	370.613	383.21	398.015	412.681	437.163	458.912	472.782	495.147	518.625	545.306	571.817	604.712	643.581	693.819	1182.24	
127.979	145.732	151.042	197.928	200.593	219.551	303.508	351.758	384.52	395.392	410.629	421.961	432.415	458.086	478.814	493.187	512.627	529.614	542.28	559.589	576.948	594.186	613.16	633.632	652.686	677.548	704.417	733.986	769.602	825.896	1400.12	
60.9014	72.2459	76.2206	82.5939	92.0785	108.985	113.713	128.897	138.289	156.577	165.484	197.143	212.664	229.771	242.066	256.826	273.168	286.507	301.317	320.543	333.238	352.126	372.33	395.164	418.942	441.883	467.512	499.423	534.31	594.016	1209.7	
235.389	244.286	248.695	252.268	264.58	346.613	361.975	374.865	392.269	397.216	413.334	424.543	445.165	456.783	475.731	490.272	501.377	518.236	539.85	555.664	573.002	596.338	620.104	640.098	658.848	682.418	709.467	740.908	774.419	834.064	1275.39	
179.691	199.849	204.227	223.468	228.411	240.299	268.587	273.271	289.127	300.623	308.576	338.499	351.544	371.147	390.398	408.749	425.109	439.998	459.105	475.109	493.293	508.469	525.157	543.159	566.203	587.092	611.575	638.574	674.197	733.781	1171.59	
86.6594	109.311	117.805	127.615	137.193	164.282	173.267	177.24	228.844	248.2	260.354	280.94	289.403	305.483	322.97	338.985	354.958	369.052	391.756	406.689	423.694	444.234	461.596	486.981	508.952	533.365	557.411	589.225	627.388	690.333	1141.27	
28.7558	131.404	143.03	145.713	148.216	155.575	164.761	189.401	221.282	234.044	246.916	264.322	282.949	294.448	305.879	317.548	329.197	352.3	366.491	379.935	392.461	410.034	430.095	451.991	474.223	496.63	522.607	552.84	591.765	656.313	1088.76	
213.045	225.754	229.888	232.362	235.911	247.915	256.865	291.546	317.831	338.359	366.797	381.607	394.475	414.542	427.56	447.483	464.53	483.213	504.372	521.763	537.601	556.409	578.862	600.586	622.933	647.453	672.725	701.11	733.286	792.442	1255.34	
48.9009	52.0997	57.3697	69.6441	83.2575	87.8589	100.092	104.205	118.526	134.177	149.625	175.648	198.651	211.272	225.409	246.615	259.614	283.873	297.796	315.172	332.985	352.178	374.016	395.139	414.597	437.628	462.411	490.224	533.635	596.706	1087.99	
226.077	234.892	257.517	268.48	280.291	334.551	357.195	367.891	388.81	397.338	407.414	421.366	440.664	464.114	482.225	504.823	524.068	545.134	563.281	582.842	598.878	615.43	634.402	655.979	677.25	704.012	728.337	756.048	794.226	852.516	1413.73	
203.047	265.642	267.512	295.547	308.711	343.621	351.472	381.969	392.609	419.912	434.29	441.855	453.179	473.082	492.576	507.908	521.084	531.986	553.387	576.314	593.572	610.939	627.263	645.788	668.814	690.711	713.619	743.422	779.51	836.585	1376.25	
163.405	171.329	228.857	236.138	243.908	356.985	369.523	401.266	443.44	464.081	483.406	506.083	525.562	547.518	560.917	573.269	593.627	610.95	627.96	647.832	665.554	686.747	710.329	731.141	751.61	777.365	805.112	834.698	871.469	933.423	1459.07	
108.335	132.762	138.117	204.488	221.931	327.493	364.251	381.771	395.99	424.093	445.101	453.199	480.891	493.222	508.921	520.876	534.728	550.401	569.967	588.4	603.486	622.118	643.343	663.539	683.296	707.712	733.158	763.146	801.061	859.88	1240.69	
136.336	140.261	145.199	151.341	162.089	183.859	200.83	220.832	230.914	244.814	260.199	273.86	312.797	326.477	335.221	354.032	371.318	390.583	404.959	420.817	441.016	462.42	484.378	503.518	527.256	549.551	574.568	602.457	640.556	699.964	1118.17	
150.914	151.416	156.802	177.497	207.64	224.29	231.274	245.094	256.157	271.142	294.534	310.875	326.768	356.544	373.368	386.505	404.364	423.563	445.574	462.842	481.107	500.41	520.57	540.171	561.412	584.155	607.497	636.946	674.821	732.418	1238.62	
125.826	137.963	160.619	169.041	178.269	185.353	211.124	238.773	247.233	284.84	308.646	316.043	345.153	356.409	369.483	391.11	407.816	432.731	463.473	482.266	499.656	517.051	535.913	555.995	575.832	601.711	626.767	657.124	696.408	752.045	1158.07	
87.1308	92.4867	97.2989	124.608	127.881	136.255	164.681	168.84	217	227.842	234.401	255.018	280.581	299.498	315.897	331.688	344.023	359.714	374.783	390.135	406.518	426.784	444.493	461.347	482.307	503.075	527.407	558.026	599.22	656.749	1192.03	
70.9646	80.3332	84.8225	94.3926	99.4034	117.614	141.858	149.128	165.534	192.443	226.258	240.199	259.072	272.694	281.348	302.567	313.892	329.044	347.001	366.207	383.267	402.798	420.476	438.802	458.428	482.709	509.96	541.669	579.166	637.496	1163.44	
204.846	221.963	235.039	252.074	263.717	291.433	302.9	313.057	325.196	372.101	388.876	403.487	414.713	447.719	464.587	484.836	503.53	519.468	544.485	561.614	582.995	598.764	618.315	637.685	658.033	685.054	712.097	741.846	782.193	841.835	1284.32	
113.78	163.028	164.838	247.541	311.579	316.267	331.11	350.72	372.787	399.746	414.049	433.521	445.223	454.637	472.837	497.014	511.318	527.713	548.02	568.03	585.936	606.934	625.453	645.291	669.31	696.779	721.343	752.908	791.39	857.241	1292.19	
153.886	187.318	192.717	195.117	249.387	271.506	317.127	353.131	367.45	400.47	410.418	425.243	451.651	467.561	481.58	504.233	520.867	535.846	555.519	574.506	593.355	612.146	631.632	654.424	674.173	696.981	725.681	753.333	795.727	856.252	1471.73	
191.465	216.986	248.393	288.513	293.165	319.816	326.422	340.201	356.098	378.335	387.202	402.034	419.264	430.926	452.391	473.214	491.234	511.048	523.113	542.579	562.708	577.161	595.743	616.724	637.43	662.701	688.424	721.662	756.435	815.775	1280.12	
60.9525	64.0319	70.2303	79.0869	86.2899	105.035	146.452	164.207	172.529	192.593	205.121	216.896	231.912	257.282	271.061	282.821	299.175	314.662	329.703	353.697	372.517	388.283	409.054	428.458	450.405	469.756	496.006	523.082	561.664	625.073	1119.63	
87.6665	92.5201	125.558	136.539	141.288	161.517	198.09	204.175	220.188	254.564	265.449	284.227	296.178	314.624	327.036	347.369	363.811	382.436	397.998	415.939	431.275	450.608	466.896	490.319	511.292	534.723	559.833	589.523	628.709	683.985	1207.48	
159.043	162.396	170.88	181.69	187.464	197.832	202.458	214.893	245.307	271.49	279.93	299.801	318.795	338.365	346.562	371.064	384.585	407.675	421.849	443.119	462.956	478.814	492.687	511.088	529.731	552.06	576.687	605.653	641.271	698.609	1123.88	
42.8835	48.2188	61.0813	76.9812	84.7724	103.411	121.228	131.731	141.313	173.843	186.881	209.121	225.838	239.094	262.241	279.259	295.778	321.992	340.805	358.171	374.252	396.679	415.584	434.712	455.083	476.02	501.781	532.884	569.017	621.596	1122.28	
35.2169	133.916	139.555	156.472	164.638	172.72	199.282	206.731	214.59	232.783	244.21	256.787	265.356	280.547	294.383	310.685	334.564	350.012	368.281	382.816	398.478	414.278	432.76	455.912	477.417	504.213	528.932	559.063	600.019	662.64	1104.65	
122.38	135.892	143.677	150.786	154.871	165.941	220.511	226.506	241.197	274.523	284.175	291.447	310.336	319.244	334.773	349.995	366.596	378.346	395.083	414.756	436.417	449.524	470.752	492.678	515.659	537.015	564.048	594.406	630.561	693.405	1218.16	
107.921	135.107	153.043	159.962	167.455	170.913	186.616	247.183	252.574	269.663	278.333	284.411	299.117	312.39	321.605	347.907	362.692	379.889	403.007	415.782	435.435	452.701	469.3	488.208	512.311	534.172	559.943	589.362	626.556	682.885	1062.99	
77.1106	80.9194	150.838	183.469	194.502	207.922	231.916	248.715	297.008	328.751	339.331	351.653	374.559	393.451	410.912	426.9	450.198	469.299	485.316	499.768	519.986	535.469	557.665	583.03	606.363	628.338	654.735	684.567	720.546	784.368	1303.81	
182.851	188.998	263.732	279.686	299.839	350.308	394.711	401.182	413.976	436.354	468.339	490.997	515.502	533.354	549.355	572.147	596.301	612.689	637.687	653.231	670.193	688.655	708.865	729.857	752.477	777.208	801.754	834.997	872.48	935.324	1345.23	
115.344	117.28	118.469	145.659	154.638	159.655	180.959	205.581	212.729	227.188	240.525	246.95	265.39	279.623	291.577	306.834	317.491	334.91	347.135	361.916	378.38	392.713	411.805	431.063	452.711	478.846	503.056	535.185	573.72	633.457	1182.93	
148.395	160.741	171.827	180.508	238.61	272.358	277.276	284.777	318.588	341.316	362.244	370.131	383.208	408.668	438.5	452.001	470.63	488.499	507.596	521.265	540.093	561.118	579.473	597.281	619.377	639.051	662.197	692.776	729.051	787.28	1385.14	
96.3072	98.0485	111.857	112.737	124.048	139.761	144.084	167.116	175.913	203.617	230.634	268.11	286.417	301.114	313.296	335.344	353.905	367.777	380.306	395.553	412.445	430.557	449.766	474.368	494.997	518.175	546.726	578.232	615.412	673.755	1213.81	
98.6043	109.582	116.297	120.067	135.956	173.136	174.766	195.357	205.322	225.166	233.763	240.424	252.367	268.889	285.371	302.592	317.699	344.03	357.988	370.896	390.682	408.429	429.193	451.387	472.573	499.39	522.679	551.745	590.348	647.514	1189.9	
164.726	170.176	186.952	215.532	219.688	248.245	255.179	263.236	288.08	332.996	346.449	373.277	394.767	407.309	423.414	447.158	459.668	474.719	487.224	506.289	522.843	539.191	559.905	578.337	600.816	622.222	650.078	679.023	717.873	774.871	1149.26	
151.215	167.249	173.049	194.205	229.867	251.798	265.13	334.452	342.404	347.206	371.767	404.047	420.831	439.266	450.969	470.263	494.025	513.606	527.861	545.806	562.894	582.066	602.928	626.872	644.744	665.642	693.955	722.713	758.565	817.719	1203.62	
84.7357	92.2491	101.64	116.579	119.722	136.735	145.849	157.333	182.976	200.605	217.723	230.175	250.457	261.303	280.357	297.926	315.447	336.255	354.397	369.675	390.897	414.481	433.548	454.717	476.379	496.389	521.19	552.021	587.552	642.548	1067.54	
131.108	138.212	147.543	155.055	171.918	179.31	225.191	252.997	264.707	272.484	282.494	300.732	312.177	323.65	337.011	352.369	364.794	379.871	392.409	409.903	426.852	445.272	464.359	483.008	505.03	528.667	557.374	587.948	625.027	686.149	1088.41	
74.4083	81.886	155.367	166.214	213.606	230.099	246.909	326.353	363.655	374.45	385.868	415.769	427.391	441.975	462.572	478.659	493.186	508.478	522.321	540.226	557.45	570.813	591.507	613.931	635.044	659.026	684.486	714.533	748.726	808.561	1258.05	
119.562	125.939	126.63	136.415	174.298	191.128	212.428	251.708	256.208	265.362	283.681	301.767	313.547	329.663	360.277	377.106	393.349	404.289	420.307	438.057	459.456	479.182	496.612	519.279	540.909	563.543	587.92	621.783	663.223	724.841	1173.2	
132.732	135.167	141.039	163.776	172.575	180.308	186.542	216.649	223.114	269.179	279.732	294.415	309.415	321.317	337.079	350.691	370.399	391.601	407.519	428.811	445.733	463.08	481.773	503.788	521.209	543.515	569.139	600.086	641.375	702.287	1234.03	
80.1783	86.5524	87.2542	96.0109	105.039	143.852	151.481	168.627	184.611	212.503	226.206	235.434	247.812	261.338	273.311	285.317	305.626	318.249	335.376	354.96	378.875	396.6	418.824	442.677	463.855	486.351	514.727	544.544	580.247	637.101	1086.33	
105.29	111.304	118.895	151.784	165.043	179.723	204.943	215.243	228.496	252.694	285.978	310.043	331.893	350.007	362.191	379.434	399.336	427.183	444.612	460.019	476.45	496.003	518.312	537.194	559.032	587.47	610.234	643.833	685.15	749.459	1146.72	
133.492	189.111	191.506	207.754	217.109	253.016	262.322	279.764	301.809	328.087	352.146	379.127	421.027	450.574	470.739	488.185	511.719	525.541	542.492	560.751	576.444	596.15	612.291	631.864	648.173	670.59	696.959	728.067	764.595	827.064	1360.58	
96.636	106.836	116.162	140.487	145.412	154.972	165.022	182.433	196.18	206.097	230.975	276.546	296.504	326.658	343.877	356.02	380.498	395.912	416.499	433.925	453.468	477.37	497.076	517.058	536.269	560.187	585.832	618.952	662.088	719.052	1196.6	
142.117	174.331	175.372	177.456	181.122	205.976	214.282	224.654	231.902	237.512	251.783	268.464	289.756	302.721	319.498	334.803	362.434	375.147	394.778	413.641	432.725	454.644	478.178	498.122	521.37	545.339	572.398	601.25	639.1	699.941	1141.21	
69.8532	75.0652	75.5784	81.2942	90.6227	112.625	137.139	145.622	173.002	187.311	209.748	221.156	233.256	249.498	265.753	277.684	289.655	303.902	317.587	335.334	358.236	375.076	393.508	415.375	434.045	453.903	479.363	511.216	546.429	604.544	1036.51	
153.872	162.852	171.278	180.004	299.641	303.792	328.993	336.591	350.502	374.936	398.367	410.957	428.167	443.045	458.722	483.517	499.532	515.92	531.583	551.283	568.472	583.015	602.082	621.67	643.635	667.345	695.323	722.59	762.745	828.149	1301.77	
105.006	213.819	218.32	255.943	276.559	298.877	303.508	319.521	362.453	375.407	388.336	413.474	435.734	447.085	455.608	465.499	477.714	488.215	510.018	526.706	545.399	572.43	595.602	618.911	642.322	666.049	693.1	724.041	759.968	817.424	1303.39	
126.595	162.126	233.315	251.165	260.31	356.25	360.988	395.71	419.349	436.965	453.601	470.947	483.808	491.623	507.928	524.956	538.878	564.123	579.357	601.674	623.529	643.999	660.857	680.492	697.329	718.702	743.978	775.009	815.864	870.712	1313.17	
271.947	276.833	280.79	300.114	303.417	313.723	326.374	351.598	377.957	392.123	417.005	445.642	461.648	477.68	495.161	517.313	529.537	552.882	568.084	588.677	605.918	622.369	644.667	663.194	688.442	712.961	741.263	769.397	802.888	864.055	1324.12	
52.5146	82.3856	98.3236	155.842	162.881	166	173.247	186.372	213.655	220.889	235.583	264.002	282.682	298.018	317.624	338.817	350.822	367.024	383.677	401.835	419.232	437.365	455.625	475.725	496.291	520.286	546.932	576.353	616.924	676.147	1096.71	
60.5904	61.3166	64.8469	95.6438	102.362	111.772	124.62	166.983	200.16	217.51	242.864	253.252	263.366	285.206	298.418	309.23	327.646	345.445	359.301	377.012	393.484	411.48	429.083	450.082	474.197	495.861	523.655	555.111	594.999	650.962	1228.43	
55.9531	63.817	76.3233	78.5792	81.5577	102.728	106.821	118.123	128.83	155.246	168.889	194.687	208.481	221.262	237.784	252.352	267.2	283.063	302.82	320.977	342.527	361.511	381.929	402.315	425.165	446.947	473.555	501.402	540.726	601.432	1030.92	
80.8002	83.9178	88.6713	96.5711	122.498	131.151	149.703	176.591	190.361	200.68	216.665	225.484	242.519	257.757	273.309	295.12	310.819	329.341	348.023	366.903	388.269	404.383	422.281	441.449	459.091	482.125	506.657	536.023	574.196	630.3	1212.61	
235.905	245.919	259.688	273.542	282.84	293.135	335.849	349.176	373.169	378.878	400.152	408.511	427.706	436.798	451.793	463.675	477.804	493.32	509.352	527.3	544.249	559.767	578.698	597.21	619.824	643.012	666.755	696.404	734.401	790.857	1318.2	
195.874	201.88	211.894	226.258	269.776	292.299	301.072	313.319	360.982	368.435	374.974	392.75	412.771	428.696	440.415	455.16	475.821	493.333	510.33	523.268	537.823	559.315	577.161	596.072	620.932	642.556	670.18	701.305	739.163	804.197	1213.95	
106.543	117.265	132.622	154.395	176.819	202.246	212.27	216.918	234.495	244.074	249.728	275.955	289.773	306.458	322.571	352.426	370.55	389.909	412.008	427.561	444.1	463.669	485.505	506.669	528.086	553.901	580.123	612.652	652.89	708.968	1247.41	
113.455	134.062	147.181	162.284	179.91	182.412	191.635	210.84	221.068	240.41	256.927	266.798	279.661	305.832	320.213	339.827	361.975	372.881	395.512	420.596	433.399	457.54	473.658	494.011	516.013	535.846	562.129	594.969	633.462	695.994	1129.07	
211.934	215.901	223.7	232.1	247.968	286.159	332.785	349.485	361.538	380.284	393.475	403.2	433.878	451.142	464.429	478.35	492.623	505.485	520.703	537.298	553.819	576.605	593.399	614.176	634.405	660.104	685.45	711.915	750.883	814.055	1257.18	
46.2336	109.513	129.943	136.032	161.237	174.894	184.443	191.834	196.89	202.327	212.357	226.284	241.663	259.977	274.146	285.576	301.925	319.008	335.9	357.63	377.908	402.611	422.463	444.25	464.494	489.667	515.957	546.139	589.428	652.486	1153.6	
150.794	187.536	191.836	208.73	216.574	237.056	250.861	307.507	322.36	331.997	335.278	346.864	361.149	378.52	384.398	398.76	418.945	430.898	454.224	474.481	495.288	511.918	531.13	555.086	577.117	599.492	622.72	651.477	689.845	745.332	1173.14	
124.625	149.971	327.935	336.536	350.43	358.2	375.559	388.042	392.761	400.131	404.826	422.184	441.505	457.285	471.508	483.037	498.767	513.524	534.563	555.576	576.922	594.737	612.303	633.604	658.042	679.839	704.126	735.833	768.906	831.111	1260.41	
153.898	163.513	167.175	194.625	199.704	207.323	228.032	236.974	247.574	286.114	309.702	322.248	333.055	346.675	357.744	369.729	386.291	402.944	420.151	435.435	453.204	468.993	486.807	507.137	527.449	549.323	575.639	606.149	647.414	703.419	1162.15	
116.616	131.878	153.722	173.44	181.335	212.18	237.879	241.762	250.766	266.451	276.007	301.648	313.175	322.996	334.193	346.255	372.336	396.339	415.118	432.367	452.934	471.268	488.32	509.781	528.367	551.969	574.831	603.424	645.248	706.462	1162.46	
205.427	210.065	215.242	246.854	252.418	284.075	287.828	302.305	308.369	316.083	325.28	347.662	367.921	382.41	405.48	420.555	436.885	454.29	465.966	485.528	501.763	518.23	539.676	559.379	581.031	603.414	629.824	662.15	699.417	760.55	1146.78	
111.069	115.214	168.523	194.182	207.229	218.166	228.45	244.258	264.736	283.088	293.714	314.689	344.041	362.231	376.173	389.324	401.564	421.195	438.683	453.548	470.023	488.181	506.236	526.06	546.866	566.108	589.18	618.491	654.603	712.891	1218.54	
36.637	59.4118	61.5262	63.9845	72.2046	96.8681	109.335	130.031	134.415	143.061	150.804	171.204	188.847	207.803	228.221	244.339	262.053	278.703	299.23	315.603	332.034	350.361	369.888	391.156	414.433	438.064	463.932	492.874	532.951	587.685	931.843	
67.4978	73.0971	76.236	89.43	97.6873	107.934	126.089	145.47	160.734	167.891	190.314	199.801	213.153	226.802	238.476	254.827	265.101	278.764	298.116	322.461	340.701	360.766	381.269	401.164	423.774	444.252	470.028	498.756	538.407	597.539	1004.19	
57.3621	71.865	72.9023	87.2644	114.624	147.878	161.396	185.381	192.216	207.682	226.403	236.539	252.43	277.303	295.329	321.585	334.612	352.323	367.722	388.099	402.784	419.557	442.199	463.321	485.477	508.365	532.722	563.801	604.697	665.586	1119.46	
85.0284	110.864	124.292	375.058	392.365	396.793	405.747	422.036	431.825	440.218	452.8	474.646	490.819	504.714	528.449	545.462	561.865	576.71	594.65	618.396	641.049	658.959	677.428	695.735	714.518	735.082	762.051	793.478	834.906	893.417	1350.04	
68.2202	69.3451	82.7829	91.0464	130.867	142.506	148.88	175.795	191.192	214.021	246.977	266.306	277.504	291.631	310.329	333.327	349.116	361.498	382.298	396.9	412.962	428.593	447.78	471.064	492.369	513.774	542.967	572.863	612.462	667.339	1217.66	
50.8803	131.051	133.303	158.174	168.91	174.229	186.843	199.8	212.953	217.678	235.582	247.643	271.963	283.53	298.253	307.578	321.384	338.829	350.546	369.806	388.654	409.503	431.381	450.215	470.528	495.32	522.316	550.566	589.342	651.01	1044.67	
78.0726	165.263	192.751	194.365	209.264	221.355	243.402	265.695	276.262	286.559	300.201	317.561	331.943	355.33	370.138	386.753	406.901	426.6	447.179	464.699	484.651	502.511	522.953	540.16	562.901	584.213	609.668	639.035	675.551	739.141	1178.69	
137.9	224.335	264.473	272.681	276.174	281.077	293.421	307.041	325.37	344.948	360.976	371.524	382.522	396.893	414.985	429.124	445.014	463.994	485.722	507.981	524.915	544.38	564.53	586.532	606.856	631.997	656.79	689.32	729.564	792.761	1223.33	
110.13	114.384	119.339	133.911	139.526	167.857	184.007	193.744	206.944	236.512	250.394	262.115	272.787	292.298	325.346	336.428	353.254	366.246	387.174	406.721	427.879	446.511	462.237	486.039	508.421	532.289	559.289	590.162	627.478	683.926	1196.74	
179.633	184.14	187.451	193.632	197.769	207.827	218.396	227.241	238.9	244.507	276.175	294.18	303.535	321.757	333.926	347.166	364.779	385.826	400.21	421.159	437.129	454.524	475.088	497.407	517.789	541.206	570.722	598.228	639.261	700.059	1139.82	
71.0969	87.4831	90.5306	103.029	125.502	132.248	141.983	156.771	170.091	196.442	207.988	226.063	243.632	255.619	275.81	295.023	305.603	322.566	342.796	362.961	379.642	398.142	415.851	436.518	458.135	478.861	506.746	536.63	577.743	634.941	1072.03	
61.3519	227.241	256.086	258.963	265.467	269.587	279.115	286.33	293.564	310.156	323.207	335.39	355.695	378.511	395.785	413.021	429.049	446.745	460.066	479.883	500.253	517.931	538.182	558.756	578.993	601.376	626.251	653.905	695.755	752.821	1229.43	
76.785	79.0208	102.681	113.922	118.306	160.808	166.56	191.38	206.165	216.335	258.1	267.721	277.802	296.622	312.993	328.754	349.397	366.28	383.218	401.653	417.262	429.563	447.701	468.124	488.408	513.602	539.665	569.37	610.506	666.816	1148.81	
248.917	276.852	281.303	347.84	357.604	402.355	404.711	420.876	428.606	454.156	483.67	507.478	526.327	556.116	580.272	597.754	614.581	627.137	649.18	662.079	686.447	705.824	720.833	743.179	763.195	782.6	810.885	842.332	881.517	942.077	1418.59	
129.765	161.964	168.703	172.851	186.218	206.784	231.276	252.696	260.298	281.455	297.561	326.986	340.477	353.15	377.212	389.675	409.93	423.703	445.854	463.545	481.011	498.047	517.954	540.826	560.306	586.633	613.967	642.715	681.966	740.138	1216.88	
66.4936	85.64	87.9177	93.7669	105.286	115.41	136.847	150.188	174.671	183.797	193.432	213.448	225.064	237.64	249.111	264.157	280.619	301.834	314.623	333.616	352.639	367.801	388.415	409.713	433.034	461.148	486.662	516.718	556.323	623.707	1096.63	
107.481	110.101	127.106	171.432	173.842	192.215	208.934	222.912	236.672	250.81	271.78	292.96	309.391	328.713	342.798	352.689	368.457	386.226	402.348	420.696	439.147	452.493	469.213	489.172	509.981	533.509	559.57	590.136	628.273	686.251	1124.23	
57.622	62.392	65.3736	88.9632	102.191	118.854	181.442	191.496	213.358	228.735	256.542	270.126	287.183	307.831	334.412	346.049	357.278	369.01	392.416	413.505	428.834	450.128	466.269	483.179	499.889	523.615	549.928	581.2	623.516	677.65	1172.87	
128.673	133.345	156.592	169.48	173.296	182.48	196.38	203.277	220.277	249.697	260.168	289.904	306.168	319.9	332.133	346.439	368.09	385.901	404	424.913	440.274	455.458	473.832	495.489	515.088	539.533	567.089	597.729	639.363	697.324	1128.08	
194.754	219.075	236.227	246.153	250.995	297.312	308.003	318.698	401.719	426.165	436.491	461.6	481.808	492.58	503.868	525.231	539.028	555.923	568.75	583.519	597.358	613.226	630.313	652.353	673.654	698.095	721.387	750.284	787.818	849.596	1278.98	
52.3459	55.8334	92.7654	125.062	133.219	147.042	150.898	168.02	187.275	196.432	215.65	228.8	252.418	270.145	291.8	310.7	326.563	343.859	360.382	375.55	396.243	417.67	437.492	458.297	478.023	502.109	527.384	558.388	596.559	657.021	1092.6	
54.0785	62.7651	71.4106	81.1298	86.3273	102.319	124.237	132.474	170.084	186.476	211.072	219.188	232.538	251.154	283.561	293.352	316.718	327.211	345.634	360.853	378.857	396.691	411.418	430.887	450.014	477.208	504.837	531.174	564.189	623.981	1195.03	
251.415	265.558	295.887	306.623	309.602	334.124	344.614	380.058	395.937	405.51	440.212	452.471	490.707	505.37	519.981	535.783	557.244	576.381	589.899	607.754	632.276	648.112	666.446	687.75	711.736	735.255	765.182	791.517	829.253	889.12	1437.49	
68.255	71.1701	75.8179	158.377	164.9	175.098	188.093	204.17	219.361	233.725	248.912	267.155	277.905	288.68	297.732	309.852	326.605	353.434	375.901	396.032	412.338	429.663	450.97	472.129	494.025	514.595	541.711	572.341	610.285	666.03	1169.53	
118.902	154.373	222.763	231.379	246.061	255.731	273.402	286.294	298.705	322.16	338.726	354.627	367.616	395.892	409.021	421.166	434.244	445.826	462.778	481.06	501.633	517.201	537.244	561.006	580.375	604.754	628.908	659.686	698.143	754.23	1273.41	
128.306	132.1	137.758	154.306	202.775	208.548	219.841	243.19	263.185	280.646	311.453	325.375	339.187	366.281	384.105	403.11	416.9	431.542	451.859	472.237	489.785	508.474	525.46	543.013	564.977	589.479	616.339	644.446	680.772	744.216	1211.39	
143.783	199.025	203.738	207.103	221.087	269.596	279.724	292.079	308.292	320.192	343.363	360.751	371.51	391.402	409.307	423.166	444.27	458.496	474.986	492.41	510.437	530.424	550.002	569.156	590.62	613.091	635.948	668.366	705.655	764.305	1204.97	
47.1772	53.2318	71.8984	81.1739	144.413	179.374	230.479	239.368	276.455	285.063	293.764	308.505	324.84	362.266	386.192	400.54	415.752	439.441	454.029	470.638	486.771	504.714	522.16	542.306	560.42	587.36	612.346	641.994	680.657	737.827	1156.09	
72.5613	88.313	91.2398	95.7363	106.108	118.882	123.175	139.803	157.798	165.912	183.126	202.88	211.749	239.388	255.885	281.501	298.308	322.292	347.011	368.991	391.466	407.667	423.754	445.149	466.785	488.507	511.935	543.745	579.665	637.595	1063.13	
171.473	184.124	187.586	241.142	255.061	261.441	268.135	277.48	293.061	343.479	359.3	374.574	385.208	408.95	424.203	450.809	460.909	488.667	507.885	524.99	547.74	568.34	588.464	609.273	629.24	651.162	677.554	706.697	744.254	802.895	1305.18	
30.7925	37.3605	42.8998	72.4175	77.0479	96.6919	106.299	113.424	146.596	164.808	187.234	208.089	229.683	259.535	276.871	296.682	318.978	334.193	349.944	365.126	379.762	395.277	414.333	436.306	460.314	482.978	507.123	536.41	575.449	633.925	1263.62	
52.9597	63.8746	72.6588	89.6059	99.0814	103.159	112.412	120.521	132.824	146.301	154.937	177.764	193.375	213.49	237.818	259.287	276.162	300.233	316.659	338.577	357.349	376.01	397.156	418.212	437.946	464.504	489.289	518.842	555.999	613.877	1116.92	
64.9525	78.1423	129.048	197.024	208.849	233.616	260.483	268.569	279.994	294.216	303.412	333.548	346.769	361.159	374.536	389.746	407.702	434.55	449.262	464.846	488.859	507.394	528.121	546.877	569.372	595.498	621.805	653.638	689.42	747.836	1480.52	
108.769	114.297	143.573	147.52	156.706	160.526	168.661	180.386	192.071	221.312	238.553	246.592	263.467	274.33	286.827	302.145	316.494	331.587	361.015	380.073	397.09	414.316	432.159	452.137	471.863	496.207	524.469	553.08	589.761	643.367	1147.19	
61.7502	67.9479	70.4454	118.902	135.635	150.328	200.772	218.311	228.627	244.292	262.527	278.592	289.118	302.933	313.96	336.459	347.544	369.554	385.921	408.16	423.835	440.763	460.828	482.161	508.538	531.429	555.603	583.364	619.572	676.765	1100.39	
164.569	450.207	477.799	480.731	486.299	511.081	522.531	527.141	536.182	572.498	585.536	602.636	617.419	628.454	646.509	663.005	681.22	703.859	730.978	749.486	764.941	779.16	799.567	823.449	842.432	868.919	893.708	922.285	964.925	1025.68	1529.92	
39.3512	42.1436	56.9314	66.2759	73.3939	76.0996	85.9874	114.933	135.189	168.989	191.138	205.303	215.144	245.13	263.007	275.994	289.67	305.803	328.654	345.516	363.379	382.154	401.889	421.588	442.356	466.479	491.108	521.887	561.397	621.756	1126.96	
235.867	241.831	249.087	257.038	262.138	268.325	288.118	338.794	350.215	379.229	401.526	432.108	449.742	460.66	477.836	505.608	520.796	543.039	560.098	576.344	596.224	610.536	631.473	655.661	674.527	695.194	722.072	751.672	788.507	849.346	1366.24	
76.908	106.554	121.56	142.428	148.245	168.272	207.184	218.282	248.865	259.917	304.319	314.437	325.961	342.56	357.543	374.407	403.525	421.446	438.309	452.99	472.349	492.818	508.143	530.297	551.275	576.409	601.475	630.331	664.16	726.169	1363.13	
99.3388	100.219	105.353	113.559	118.312	132.078	166.174	183.069	191.794	203.951	217.704	226.231	242.361	264.4	278.762	294.832	321.799	337.742	353.571	371.725	390.169	406.573	425.202	444.554	464.188	488.357	515.224	546.856	587.025	644.109	1129.79	
22.0506	238.206	242.936	257.956	281.357	290.583	310.8	324.4	335.212	354.605	371.581	387.615	410.235	427.255	447.2	462.438	481.169	500.53	517.359	540.409	556.562	570.526	587.323	607.798	624.907	648.989	673.818	705.786	746.548	807.305	1278.07	
109.474	115.184	116.518	118.763	135.061	156.679	179.355	199.175	210.518	233.825	252.074	270.868	287.882	306.836	323.703	337.628	351.118	363.089	382.727	401.825	418.761	437.828	456.169	475.111	501.502	526.081	550.101	582.084	620.877	675.993	1101.67	
191.065	208.646	223.534	236.996	238.016	242.664	249.359	277.872	287.166	312.851	325.793	343.238	359.206	380.635	411.128	435.834	457.511	479.074	499	517.94	537.374	553.701	570.344	589.437	610.832	633.598	659.315	691.058	730.673	790.429	1237.48	
134.354	167.933	176.734	183.268	200.162	206.538	261.005	278.977	290.256	300.634	320.848	334.626	353.398	391.573	408.238	422.124	439.591	458.761	472.756	495.047	511.692	529.015	545.823	566.254	589.511	611.929	637.971	668.767	706.482	767.955	1205.36	
103.45	178.219	180.89	203.793	207.183	257.855	267.417	273.527	287.008	296.41	307.353	319.448	338.922	364.753	375.36	388.952	408.13	426.542	441.505	459.331	483.211	501.858	515.793	536.25	553.844	578.561	602.864	638.015	674.124	730.952	1118.21	
45.2022	51.9128	67.4097	96.4758	141.534	145.929	155.502	164.192	172.124	193.45	199.626	213.51	228.862	240.547	255.423	278.733	296.734	309.104	326.477	339.766	357.336	380.397	402.441	421.277	443.496	466.916	493.388	523.389	559.865	621.832	1074.51	
214.512	229.296	236.177	254.215	268.558	278.872	291.348	299.735	311.64	320.156	336.39	345.357	359.825	374.012	391.698	411.767	432.389	461.053	478.212	496.123	511.831	535.646	554.941	575.391	597.001	621.144	648.579	677.151	710.658	770.449	1378.35	
97.2854	104.453	160.984	168.729	183.304	213.729	279.979	285.826	299.085	314.521	322.277	333.568	354.532	373.423	386.81	402.896	419.67	437.595	460.428	480.702	499.458	516.634	535.377	552.869	576.23	596.86	621.699	653.081	691.129	751.119	1169.85	
72.7891	137.206	140.896	156.287	179.741	199.211	210.737	238.799	293.084	307.602	318.318	323.773	338.923	356.677	378.205	390.735	410.102	436.96	461.046	480.283	496.3	513.532	532.103	553.074	574.387	595.041	620.801	648.577	687.098	748.196	1244.83	
88.6091	97.1526	129.973	164.402	178.15	187.334	204.045	211.999	235.948	253.165	274.107	295.951	307.491	344.879	357.382	378.73	396.449	420.937	436.389	455.264	472.555	490.803	511.309	526.714	550.54	568.877	594.664	628.776	668.815	731.611	1082.98	
239.033	240.802	256.418	266.258	281.705	309.48	358.625	363.159	368.798	391.545	408.807	425.411	436.404	444.098	461.209	478.656	497.581	508.372	530.345	547.301	565.447	582.469	599.962	619.057	645.479	668.688	693.506	726.753	762.243	818.708	1263.26	
75.9018	112.485	119.943	158.313	162.579	201.865	209.963	222.055	274.842	292.544	306.93	329.325	349.826	358.928	373.135	388.667	401.759	418.593	434.962	450.161	473.102	493.286	512.995	535.774	560.205	584.627	613.52	645.914	689.299	744.28	1172.4	
72.0522	101.782	107.262	119.664	128.023	141.175	158.978	184.204	196.517	213.509	236.616	266.411	280.529	290.717	306.377	325.099	347.608	359.789	373.537	398.052	412.929	431.755	455.61	473.022	496.594	515.444	540.599	571.253	608.169	665.401	1186.87	
50.4246	59.0686	79.9313	86.3771	113.053	124.858	140.182	161.744	181.244	192.979	197.865	221.486	235.668	256.983	273.703	291.008	319.17	333.088	357.189	375.27	396.221	417.973	435.498	453.333	471.414	493.444	518.943	545.459	587.872	647.38	1266.09	
34.6642	49.8622	59.92	74.9635	85.6777	101.218	122.3	156.665	171.178	192.807	214.109	220.186	238.709	254.658	268.154	281.928	294.345	313.845	329.595	347.79	366.783	386.206	403.889	421.718	443.572	466.713	491.897	521.89	559.681	616.766	1187.26	
253.125	259.081	260.974	270.325	292.852	298.855	310.751	338.027	356.757	376.385	393.526	406.937	417.281	436.754	452.724	471.034	489.08	508.083	519.862	531.151	548.273	568.775	586.003	605.743	626.773	650.915	676.146	708.145	744.177	805.092	1235.3	
169.195	310.204	389.317	399.654	409.397	429.283	444.891	466.673	481.127	486.881	494.802	509.391	524.388	538.398	559.367	572.745	587.237	602.222	616.962	636.802	656.347	674.416	693.53	714.987	735.839	757.128	786.673	818.523	860.835	923.121	1449.37	
468.297	472.534	494.051	515.719	555.368	569.923	575.765	613.893	622.274	644.322	661.453	679.101	707.94	727.931	737.4	751.329	770.457	785.561	797.702	813.44	829.723	847.719	863.393	884.984	907.151	926.789	949.029	981.634	1027.7	1088.04	1597.13	
87.4321	128.374	133.353	156.874	164.691	172.677	188.003	203.887	223.058	236.179	246.615	264.791	276.808	284.564	299.779	326.881	344.246	360.361	380.739	392.542	405.79	421.217	445.262	460.994	479.381	507.674	535.015	570.114	611.622	671.991	1088.63	
33.3845	35.2899	40.3683	60.3961	70.9846	84.8103	93.2342	108.635	130.039	140.31	162.729	198.243	228.139	244.906	255.101	270.586	290	310.456	325.838	344.607	360.175	378.901	403.248	422.855	445.025	468.151	492.425	522.827	561.633	625.717	1193.38	
118.523	124.055	125.28	138.72	147.933	156.651	171.121	173.187	197.751	221.833	229.047	236.612	257.196	275.636	302.042	324.287	342.807	362.849	374.091	392.789	408.371	423.618	440.485	465.493	491.995	516.817	538.996	568.063	605.339	667.15	1317.28	
75.0607	77.6315	82.3502	143.068	148.709	174.707	183.936	190.489	209.242	223.693	255.355	267.305	274.069	302.186	321.254	344.006	358.065	372.758	391.759	411.445	428.96	448.958	468.081	490.141	508.872	532.177	558.276	587.975	620.338	678.778	1468.89	
109.051	134.37	148.488	170.49	183.934	216.982	222.066	255.851	266.379	288.457	333.795	340.94	365.668	382.639	401.307	424.947	435.616	449.671	464.677	488.489	502.874	523.147	539.718	556.405	580.364	606.019	627.876	657.63	695.967	759.54	1280.78	
96.5538	103.455	105.994	140.34	159.236	176.873	182.203	188.545	192.002	218.558	243.177	278.623	305.015	333.931	347.417	367.569	385.152	400.11	415.841	434.291	452.5	473.914	494.433	520.686	543.076	565.258	590.073	620.169	662.095	726.737	1123.39	
120.982	258.727	269.374	280.722	313.965	327.549	342.92	348.737	365.33	376.286	381.875	391.46	406.999	426.329	445.883	462.42	483.253	499.659	511.059	530.127	551.473	572.062	593.397	615.202	632.865	657.152	683.71	715.725	750.837	815.171	1369.93	
94.9511	100.723	103.785	115.747	129.313	132.753	156.999	171.941	204.638	213.756	233.044	253.233	279.817	295.717	311.504	326.844	341.188	361.21	382.113	399.643	417.796	439.693	465.244	483.987	506.552	529.968	555.997	588.759	627.863	687.725	1188.72	
115.136	121.294	126.405	139.837	158.845	164.992	169.661	183.425	240.475	260.419	283.867	313.678	325.899	346.297	357.827	376.036	394.333	412.382	430.251	449.733	465.488	486.912	503.361	525.92	548.433	573.448	600.887	629.468	666.44	724.252	1260.12	
110.516	164.051	193.923	204.524	241.818	254.115	264.957	283.797	295.613	318.587	340.842	357.604	381.727	392.875	408.195	422.935	439.812	458.864	472.952	487.487	507.94	525.762	543.651	563.249	584.026	606.486	633.068	667.333	706.5	766.972	1215.95	
39.3846	52.555	59.928	74.5546	105.824	192.401	209.808	223.447	231.651	251.872	265.718	277.534	288.537	301.543	326.228	338.46	355.508	370.968	385.129	403.763	421.464	440.134	461.379	483.836	505.611	529.065	554.5	581.083	618.82	677.22	1149.64	
125.823	140.244	149.832	185.345	245.405	268.148	289.634	326.948	357.096	372.405	393.473	415.444	435.743	457.4	472.905	483.888	499.552	513.808	531.802	548.997	566.508	588.174	604.152	631.207	649.219	669.285	692.945	720.954	759.544	816.857	1246.96	
40.2269	44.3683	54.7003	57.7667	62.2822	68.7216	74.0508	89.2959	104.174	131.515	146.652	158.24	172.538	195.24	218.56	237.225	255.487	271.789	288.102	306.477	323.83	343.112	367.006	388.789	412.208	433.76	456.971	485.773	525.7	584.396	1160.44	
54.8443	76.9468	84.2279	98.1406	121.468	124.285	126.309	161.448	185.331	191.579	223.736	235.187	253.563	268.567	288.253	309.387	321.974	342.019	357.245	376.661	400.776	418.518	435.931	455.108	476.149	497.334	525.404	557.353	593.532	651.969	1105	
190.35	193.069	198.048	223.063	228.555	249.681	263.615	267.728	282.055	296.01	317.632	329.482	346.199	354.158	375.777	392.739	412.844	434.231	456.527	470.314	487.496	510.749	529.518	547.751	570.519	592.458	615.655	642.675	683.925	746.448	1245.23	
130.21	138.927	158.834	163.897	258.748	262.698	284.937	321.12	329.216	355.635	400.955	423.707	438.193	453.88	485.413	503.525	520.856	537.798	553.617	568.979	589.177	606.811	628.001	646.813	669.675	696.853	723.831	758.3	800.81	856.043	1264.96	
90.4638	112.154	120.407	121.446	144.515	150.211	180.054	187.875	205.013	253.375	267.108	275.734	300.989	315.681	334.481	349.841	371.934	392.095	411.492	429.071	445.996	464.364	483.81	503.752	527.247	548.042	574.811	601.14	635.956	695.424	1097.33	
69.8915	100.528	103.831	122.229	140.696	144.662	151.14	175.095	187.823	223.725	232.55	260.448	282.655	309.132	318.988	336.182	351.275	371.885	400.37	416.012	432.934	452.35	471.3	486.89	508.532	534.965	560.169	587.665	627.627	689.36	1199.96	
100.305	135.548	145.613	186.573	193.822	218.019	232.246	241.963	257.255	264.808	279.498	303.142	318.918	341.004	362.232	382.62	397.744	417.7	435.931	454.12	472.872	490.462	511.761	533.832	555.713	580.263	605.155	636.359	676.774	734.914	1193.25	
168.139	175.7	183.672	256.447	358.464	363.957	400.339	424.233	436.938	491.229	513.419	528.016	546.796	555.58	576.335	597.07	614.943	637.341	652.51	667.417	687.214	706.85	725.482	749.19	767.014	789.314	815.294	846.252	884.855	950.483	1593.42	
162.62	175.109	180.531	194.527	214.662	233.484	242.466	281.831	288.464	308.725	319.554	334.261	356.041	376.566	414.271	428.257	447.668	468.224	490.326	509.188	531.971	551.758	574.648	593.858	618.418	644.297	670.863	701.91	741.068	798.851	1326.66	
133.489	145.112	149.725	183.618	186.244	197.191	203.345	223.508	234.475	243.3	258.411	280.901	291.704	304.488	316.649	337.321	350.342	373.955	390.098	409.55	431.941	449.605	469.575	488.551	508.763	531.55	560.506	586.223	622.157	682.972	1149.04	
167.219	180.184	186.392	195.077	207.572	223.739	231.623	244.873	261.286	282.796	295.298	316.636	336.755	354.592	379.855	409.879	422.913	438.094	456.823	475.274	495.769	517.715	534.557	554.621	572.566	595.325	622.628	651.166	692.341	750.562	1195.53	
42.3764	71.8005	85.8611	93.7572	97.7843	122.67	129.699	141.45	163.543	195.931	215.505	225.178	239.206	251.47	270.963	295.601	310.282	321.626	341.135	361.478	380.202	397.224	417.498	437.874	461.335	486.688	509.943	540.476	583.252	646.947	1057.9	
246.267	248.328	262.872	269.972	281.485	288.595	311.679	333.852	352.317	363.44	378.855	402.482	421.989	446.502	454.945	473.949	493.566	509.77	525.375	544.194	561.241	579.872	598.809	617.524	641.385	666.735	695.709	724.542	761.223	815.965	1232.28	
82.0418	90.8921	138.923	145.157	165.926	170.734	202.273	206.796	235.912	269.562	284.426	302.357	312.369	330.383	347.046	365.995	381.129	398.385	416.85	434.355	451.105	472.444	490.891	511.171	532.623	557.398	585.023	616.011	655.146	708.746	1146.72	
101.236	112.623	119.625	131.389	169.404	194.493	197.941	215.658	231.41	242.584	260.596	275.591	292.179	331.118	343.198	363.274	382.148	395.295	410.996	431.3	448.708	467.723	485.527	505.132	526.615	550.274	577.866	611.068	649.65	708.278	1174.92	
66.1336	78.1498	84.1012	86.5585	93.9502	106.921	117.294	163.648	180.462	190.625	201.622	218.054	230.248	245.573	265.021	279.373	294.021	308.002	321.07	340.97	355.905	374.958	394.335	418.253	439.91	463.933	489.188	521.004	557.135	616.455	1141.46	
385.906	418.86	435.964	442.704	532.515	550.454	562.569	575.871	582.782	630.923	639.777	657.412	668.214	682.272	699.376	717.813	735.133	751.639	771.031	788.85	811.606	830.849	850.458	867.43	889.449	912.465	938.861	967.014	1006.58	1065.96	1493.93	
110.419	125.905	126.456	146.874	159.434	177.566	182.747	195.505	213.363	237.746	246.682	256.292	265.556	280.2	299.552	311.393	333.311	351.673	373.316	388.458	408.214	430.238	446.933	470.468	490.552	514.286	542.535	568.528	604.523	666.226	1137.73	
131.381	145.465	172.978	179.436	223.619	228.385	245.888	260.808	276.15	283.835	294.174	303.32	321.909	334.78	346.78	361.477	375.404	393.695	409.478	423.33	436.557	463.256	481.815	501.169	522.014	543.283	567.306	597.609	637.12	694.512	1143.16	
42.5653	68.3396	71.9148	96.0135	100.122	112.767	131.749	156.66	163.919	174.399	184.248	205.586	219.3	242.269	258.779	272.497	288.933	312.161	325.996	345.086	368.923	390.087	410.818	431.592	451.293	475.967	501.847	532.897	573.295	631.544	1070.36	
186.459	252.622	265.686	272.338	276.102	287.076	293.942	312.831	326.639	336.385	344.774	382.252	391.281	411.385	424.462	444.546	461.089	478.294	494.307	513.724	533.398	552.736	570.912	589.954	609.676	632.009	659.077	688.752	730.719	787.588	1359.24	
103.256	106.209	111.58	137.842	149.98	163.773	198.339	207.649	222.626	249.139	275.229	285.642	290.557	301.232	318.861	329.395	349.463	365.157	381.807	399.799	415.02	433.767	457.339	474.867	497.166	521.821	550.14	582.106	617.974	677.689	1101.96	
90.3529	95.8589	97.3154	101.349	108.317	139.29	151.153	167.832	175.808	183.724	193.722	231.828	248.102	263.181	272.706	289.075	306.84	319.662	341.829	365.785	384.924	402.924	420.911	437.894	456.817	479.377	507.977	536.675	573.713	625.612	1154.16	
141.337	150.542	153.513	162.654	167.838	197.103	203.607	218.255	228.119	250.058	261.111	277.184	290.788	304.245	318.051	340.797	361.718	377.425	397.107	412.18	428.303	446.155	466.227	485.115	506.541	529.449	552.205	579.953	613.571	676.462	1207.37	
75.9496	97.2433	99.14	102.564	112.061	128.822	132.838	136.956	149.197	171.061	188.294	199.98	212.872	230.93	240.441	258.885	277.16	293.087	324.513	345.447	365.778	382.312	401.307	422.569	441.637	462.805	488.853	517.559	558.194	615.588	1082.88	
73.4629	83.0076	87.7833	94.8923	103.188	109.577	115.337	126.458	141.049	153.433	174.47	185.964	195.945	215.635	235.6	246.931	262.794	279.271	291.785	308.524	328.166	348.205	367.214	386.436	406.153	425.111	451.804	481.149	519.737	575.389	1140.35	
125.94	128.925	145.643	155.741	164.475	168.134	263.836	273.153	293.176	319.664	335.684	364.41	375.556	396.319	411.777	425.849	438.723	449.992	475.208	497.909	514.932	535.988	557.474	576.815	597.005	622.475	647.417	675.089	711.071	775.466	1264.15	
96.6503	113.995	119.467	165.392	181.923	218.703	226.732	253.396	273.698	285.327	294.704	311.568	325.095	336.027	350.411	360.722	376.202	390.15	409.183	424.756	446.481	465.024	483.069	501.941	523.205	544.163	570.6	597.846	633.142	696.522	1155.51	
78.1589	97.2705	178.889	212.242	225.031	284.201	293.48	304.293	311.495	334.804	349.631	369.535	383.624	403.979	421.429	433.296	447.041	468.572	492.459	510.397	526.807	550.49	569.836	589.299	613.39	636.997	661.869	688.524	726.266	782.619	1255.64	
27.6535	36.0418	43.5899	47.6641	50.3179	58.5256	64.6826	74.8745	84.2507	105.436	138.881	162.282	187.795	211.099	224.944	240.876	258.453	278.751	298.287	313.483	335.753	356.032	379.585	401.468	420.634	444.391	467.674	495.152	535.152	598.051	1036.32	
149.657	174.841	175.818	176.98	224.65	232.81	285.429	306.35	319.644	330.935	343.403	368.397	390.718	415.716	426.612	437.78	452.45	471.791	486.823	511.479	528.311	542.112	559.373	581.773	606.212	630.564	660.278	690.624	725.47	787.727	1261.14	
86.7481	92.6997	98.7214	178.357	184.14	191.16	202.83	206.385	231.049	247.028	268.696	282.15	292.254	301.448	314.841	347.599	359.253	373.669	394.297	407.922	426.819	447.87	470.684	489.024	508.667	534.012	558.891	588.506	626.168	687.597	1129.52	
257.516	279.489	283.749	297.897	320.295	332.986	450.657	476.935	487.856	497.129	532.653	544.096	556.43	577.15	589.951	610.427	629.171	641.799	655.285	671.569	686.495	705.676	727.871	749.334	769.914	794.292	817.763	848.325	888.445	949.453	1364.04	
202.992	231.881	238.698	242.842	244.741	267.857	278.702	286.285	300.345	331.687	353.336	365.259	377.181	408.508	428.272	444.229	458.663	473.519	489.289	504.936	518.314	536.056	556.896	577.452	600.806	627.313	654.173	684.379	725.473	784.259	1315.27	
166.282	166.552	171.706	187.994	219.06	226.771	263.349	274.537	295.6	302.863	313.075	327.64	350.001	367.475	388.846	404.113	421.258	441.582	462.777	483.304	496.229	516.042	536.256	554.663	575.013	601.301	630.051	660.185	697.411	756.547	1277.1	
177.444	193.639	204.545	206.717	214.817	226.697	229.518	243.539	252.342	261.276	293.998	317.112	328.603	337.48	350.029	371.125	389.77	402.048	425.726	442.766	458.199	478.22	496.65	517.754	538.936	561.608	587.985	617.534	656.561	718.794	1279.92	
104.164	107.078	119.754	136.208	220.581	261.25	276.517	321.12	349.568	360.161	373.872	383.922	400.081	417.041	431.55	448.345	462.625	479.889	499.177	520.992	539.12	559.941	580.366	602.545	627.673	649.727	671.915	701.095	737.138	796.876	1325.86	
128.122	138.142	231.591	236.421	239.731	329.946	335.415	345.027	351.436	391.866	412.923	422.131	435.254	455.603	472.737	490.105	510.493	521.64	535.218	556.926	572.516	588.458	605.704	627.431	650.793	672.915	700.847	730.112	767.841	829.414	1310.48	
175.521	185.436	208.78	275.574	347.329	352.336	359.568	396.69	412.793	432.544	441.584	462.354	487.456	501.772	518.106	541.516	551.96	559.714	582.067	605.695	625.418	643.022	663.886	681.389	706.091	726.132	752.736	781.851	819.307	879.763	1244.7	
105.837	115.108	139.235	163.759	171.045	174.995	179.838	203.658	248.798	262.148	278.066	288.567	298.95	313.269	322.575	342.597	357.105	375.173	390.581	409.408	424.717	444.062	463.542	485.246	507.458	534.502	560.428	593.123	631.234	685.46	1274.93	
103.6	147.202	182.819	199.127	242.483	299.862	308.774	311.813	335.619	342.428	361.584	379.495	394.41	406.568	433.598	451.64	465.578	484.611	507.088	530.124	549.319	567.181	584.648	603.187	621.774	643.737	668.183	696.459	732.375	793.617	1187.57	
131.284	134.669	241.967	255.487	261.895	275.582	292.181	305.348	314.472	326.114	366.562	395.13	405.165	420.177	437.538	455.747	471.201	486.562	499.241	518.866	539.304	556.745	578.262	595.54	617.512	644.872	668.8	700.711	738.525	794.162	1280.73	
68.0383	73.6247	100.267	118.061	132.736	147.631	174.607	202.609	226.283	237.401	247.438	270.917	287.185	314.495	341.43	353.924	369.895	389.035	408.955	426.24	442.457	459.523	479.711	500.585	521.159	544.954	573.606	603.495	639.848	693.618	1149.79	
113.055	120.365	120.989	125.13	142.151	147.173	167.034	170.365	188.018	206.842	246.109	262.538	280.226	293.275	304.638	323.394	345.652	362.492	378.832	397.096	418.401	441.62	464.553	482.028	501.407	526.93	555.044	587.518	623.616	682.089	1219.02	
97.4843	109.291	140.529	141.457	143.363	209.866	212.968	228.359	241.023	252.164	261.485	278.217	288.788	314.366	336.414	350.967	360.64	378.224	399.532	417.054	439.429	455.869	476.573	495.992	519.59	544.097	571.283	603.583	642.193	701.005	1205.79	
210.066	215.369	221.676	230.732	271.924	281.442	308.1	313.345	323.388	331.897	343.929	358.253	366.479	376.365	388.165	408.175	422.356	442.774	460.066	481.021	498.528	514.717	535.984	557.368	579.176	603.464	626.82	656.568	691.867	749.999	1167.02	
168.505	232.823	239.687	251.045	255.437	270.256	290.536	298.013	308.081	314.166	322.062	345.546	355.32	378.756	405.353	425.346	449.271	464.087	481.785	501.944	521.364	536.482	558.668	576.204	596.334	619.712	649.829	679.969	718.506	777.208	1127.58	
104.681	125.712	127.614	139.416	180.202	200.953	212.474	234.052	243.205	251.872	259.934	265.501	277.357	289.978	307.34	325.535	338.796	355.237	366.888	389.275	408.927	429.637	445.888	463.903	487.985	509.635	536.195	569.453	608.502	669.882	1150.37	
162.819	172.027	175.165	203.268	222.105	261.112	289.444	298.002	324.13	354.922	366.861	396.473	417.242	433.005	452.953	465.655	479.805	495.386	512.182	532.381	548.434	567.407	583.257	601.4	625.292	645.222	670.917	699.449	739.432	794.482	1255.38	
61.4158	148.752	166.702	172.505	176.785	192.815	202.131	218.996	231.659	241.722	250.664	278.546	288.304	303.529	323.57	335.496	356.58	374.192	392.985	415.102	431.932	452.179	473.406	490.962	509.518	532.376	558.144	589.831	629.463	691.316	1126.08	
42.7346	51.949	55.0176	67.6081	119.436	135.84	146.284	159.774	173.249	210.766	228.393	248.31	258.587	279.224	291.325	316.973	337.226	354.057	374.872	389.533	409.806	428.829	450.734	472.501	493.198	515.15	540.808	571.316	612.716	671.185	1163.99	
138.27	164.956	176.01	179.149	194.171	216.371	227.375	263.666	290.661	308.901	317.532	328.806	356.266	389.874	407.495	418.266	437.226	455.182	474.409	498.503	520.308	537.206	557.364	578.065	597.58	619.804	644.407	674.297	715.012	771.537	1282.58	
165.447	177.375	196.763	217.304	230.689	248.163	263.602	272.331	301.09	316.571	322.93	336.778	350.608	369.259	386.696	405.211	425.461	441.494	459.899	476.639	496.497	513.624	529.495	550.227	571.019	592.967	621.951	651.362	687.678	744.67	1313.45	
104.27	139.25	180.937	184.803	202.944	217.775	232.664	273.711	321.964	367.571	404.306	416.008	431.019	443.518	464.577	481.107	494.173	511.216	526.071	543.045	563.886	583.117	604.441	623.586	644.975	669.083	696.774	725.579	760.828	817.083	1159.36	
84.7008	103.451	113.327	154.79	166.778	188.643	198.281	210.351	221.125	235.141	257.556	281.362	292.403	303.858	319.881	335.867	349.516	366.424	376.833	391.449	407.008	429.267	449.687	468.647	490.878	511.825	534.734	565.345	603.186	658.391	1127.24	
39.2343	59.3476	63.9057	65.7129	82.3834	122.116	133.262	142.305	198.03	207.88	225.286	234.265	252.79	276.498	292.291	303.497	325.621	341.241	360.101	377.731	395.874	411.634	434.557	455.582	478.291	502.105	525.679	554.687	592.959	650.193	1122.92	
76.679	99.7573	119.533	126.546	129.778	137.845	153.466	164.525	174.8	184.384	196.602	210.394	222.506	239.846	262.8	275.562	291.188	308.807	329.981	343.711	359.402	373.879	393.973	417.265	437.233	461.409	490.287	519.207	557.197	615.308	1075.28	
167.943	204.438	206.765	207.543	227.019	257.448	264.763	273.99	306.165	320.511	330.493	344.555	383.417	395.764	410.275	438.742	455.867	476.789	494.904	519.165	539.259	554.537	571.203	591.697	613.486	638.391	664.239	694.557	733.037	793.546	1196.77	
60.825	112.179	176.446	187.43	200.109	206.172	226.171	259.646	274.242	291.131	299.501	321.143	333.403	355.893	367.448	383.894	405.498	422.237	441.875	456.269	470.831	489.655	507.09	527.385	548.076	570.746	594.744	626.498	664.772	722.927	1200.05	
54.2575	89.2653	119.816	123.687	133.013	140.811	158.727	175.337	189.159	205.911	241.543	260.077	270.182	281.463	301.27	332.946	351.662	366.641	383.084	412.946	431.2	446.41	467.672	491.757	511.764	532.425	559.625	589.825	633.996	692.195	1098.39	
75.1346	76.7191	77.7418	79.2473	90.7045	112.141	123.509	145.051	161.218	177.58	185.684	205.799	222.821	240.789	254.401	267.581	285.871	302.442	324.522	343.113	361.888	383.468	399.395	418.571	438.649	458.791	484.631	519.537	558.09	618.228	1031.68	
30.8493	40.577	47.4842	50.7166	94.5549	113.489	117.105	131.565	150.256	164.681	192.049	216.82	227.213	259.526	270.542	281.273	303.683	323.762	342.516	359.361	380.983	397.812	417.191	436.243	461.734	484.254	508.373	538.638	574.44	629.987	1167.78	
78.1533	93.625	118.532	140.142	147.247	156.52	200.313	212.339	224.884	239.334	249.091	265.396	283.546	297.738	324.903	337.428	350.967	370.79	385.862	402.565	417.803	435.07	458.735	480.98	500.292	525.735	552.033	580.176	618.322	677.133	1211.96	
103.672	108.127	124.077	173.072	192.482	211.45	216.613	244.423	251.838	264.888	279.17	292.275	303.048	313.455	331.296	349.551	365.384	385.733	402.917	422.089	437.982	456.454	475.877	502.277	522.423	548.899	575.005	604.332	643.932	701.691	1133.85	
80.6306	88.1646	91.7717	100.437	116.734	136.638	149.255	175.303	179.516	195.379	208.601	226.915	247.778	264.746	279.747	298.124	315.7	335.738	353.352	372.944	392.047	406.48	426.294	444.51	466.676	488.411	511.701	543.463	580.231	632.312	1018.95	
104.313	108.867	111.402	121.875	165.317	177.383	201.478	206.065	216.013	232.806	248.905	261.615	274.786	290.885	302.635	320.272	337.171	356.748	369.424	387.352	406.202	423.962	442.354	462.915	480.583	504.888	529.3	562.168	603.293	659.521	1111.72	
101.308	106.502	109.449	115.822	139.211	155.722	167.673	177.325	184.36	197.785	209.864	225.416	245.466	265.163	283.593	302.169	320.845	339.683	358.093	375.246	393.754	413.947	432.008	453.008	475.069	499.786	526.373	558.045	597.063	656.275	1131.94	
153.743	158.198	166.404	171.326	191.652	202.283	216.059	226.919	236.175	242.059	252.413	282.219	291.455	327.328	348.138	364.005	378.449	397.79	410.861	427.123	441.392	457.746	476.299	495.889	519.785	544.217	569.864	601.574	641.943	695.653	1097.49	
78.2226	82.1983	84.4676	94.3545	107.449	112.639	121.118	133.011	151.69	188.131	207.515	237.979	250.626	271.871	286.323	299.487	314.494	334.291	355.899	373.368	388.635	405.015	425.188	444.365	465.063	487.382	509.726	539.11	574.31	636.479	1102.68	
100.75	118.572	122.407	132.072	136.768	180.271	198.418	203.505	241.291	262.653	274.166	298.352	319.635	334.209	342.399	358.625	375.121	392.494	405.338	425.651	444.095	463.683	480.17	504.283	523.164	548.609	574.768	606.126	642.501	701.581	1176.74	
52.8044	56.4858	60.105	85.9879	95.8214	174.762	180.604	194.549	205.62	214.876	270.812	279.102	291.768	312.418	340.709	357.479	371.636	390.523	405.845	423.424	444.064	459.015	480.901	502.951	524.782	549.766	572.122	602.039	639.589	701.123	1148.48	
239.467	241.166	247.669	273.342	310.125	321.735	331.948	338.942	349.457	371.837	386.579	399.322	410.909	430.927	443.26	472.879	484.075	501.055	519.993	534.969	556.57	575.315	593.009	615.62	638.247	663.123	691.187	722.871	761.034	822.381	1444.92	
84.4407	88.154	99.3747	111.986	117.39	123.286	131.89	153.841	167.575	203.664	221.123	238.14	254.886	262.829	276.917	288.135	304.394	331.58	357.752	375.722	390.092	412.324	432.86	455.185	475.504	496.716	523.05	548.798	588.722	641.96	1120.18	
82.9217	93.5683	112.344	118.434	138.589	163.779	168.839	178.535	198.659	209.162	223.903	231.072	255.912	272.263	298.842	318.743	341.967	355.122	372.338	389.162	410.101	429.856	446.99	465.432	486.053	510.945	536.679	566.793	603.462	660.793	1130.17	
104.506	112.722	125.147	168.543	175.189	214.099	242.305	266.374	276.124	282.227	294.017	308.231	333.129	354.681	381.393	396.492	409.187	426.204	442.474	463.249	483.223	499.11	518.006	541.865	561.958	590.708	618.115	646.12	684.116	745.576	1199.77	
158.03	165.029	174.734	205.846	209.857	224.122	247.988	274.966	291.063	301.269	309.538	324.472	336.374	356.487	370.581	389.659	409.242	424.18	441.432	462.58	478.353	496.431	520.897	541.043	562.681	588.014	613.72	644.081	680.452	744.52	1282.43	
89.661	117.903	147.533	156.101	202.071	224.826	256.444	264.307	273.012	286.256	305.018	318.059	339.025	370.368	382.778	398.82	410.917	436.733	450.628	469.916	491.746	510.093	527.782	548.362	570.318	593.938	616.614	647.763	687.723	746.654	1192.23	
169.49	174.491	175.846	183.595	186.261	193.35	196.36	204.99	215.696	233.558	263.661	294.999	340.96	361.493	376.624	389.528	406.546	419.304	434.055	449.456	468.049	483.948	501.89	521.569	541.676	563.317	589.538	623.771	660.716	721.912	1185.91	
174.926	184.998	188.775	200.488	206.122	220.887	232.695	240.463	250.204	264.582	273.652	300.337	312.098	324.943	340.459	355.972	378.257	391.537	408.088	422.756	441.251	455.366	473.084	493.105	517.601	540.831	565.105	594.11	631.432	684.434	1152.52	
109.336	158.109	173.593	191.928	201.392	206.785	217.991	222.814	241.236	259.618	293.522	316.608	331.244	344.568	362.463	373.161	387.577	400.618	419.667	435.206	455.798	472.721	493.97	513.954	531.318	554.844	583.625	615.478	650.469	714.03	1245.81	
63.3675	100.115	108.704	127.59	147.73	152.613	156.972	196.02	201.243	212.45	230.155	244.928	250.576	267.395	284.613	299.211	318.338	336.543	358.101	375.388	395.621	413.125	432.272	455.033	472.851	498.17	524.148	551.968	593.538	648.72	1063.51	
223.54	248.441	262.143	273.549	282.571	300.828	334.002	349.043	358.702	378.173	395.648	403.268	420.381	428.678	443.123	466.239	481.533	496.158	518.218	538.068	559.529	581.796	600.732	619.057	639.844	662.826	690.786	717.366	754.249	808.732	1273.55	
219.516	235.564	267.803	337.655	349.164	368.481	373.411	391.377	409.779	431.765	450.4	458.074	466.686	490.551	511.752	526.36	545.915	560.443	578.112	592.133	612.375	633.177	652.047	670.775	691.648	714.294	741.443	769.566	805.378	861.391	1338.87	
182.659	270.769	279.678	307.079	319.454	321.713	333.579	363.366	379.826	399.537	420.231	430.996	443.615	456.117	466.531	491.271	510.067	526.048	539.512	556.124	576.276	596.965	615.326	637.122	660.729	682.074	710.063	741.128	776.773	835.517	1284.94	
96.2475	138.63	152.764	196.399	204.648	227.919	245.133	261.778	275.222	294.459	311.538	331.367	355.486	368.354	380.415	398.366	410.352	424.96	446.906	472.322	488.529	505.204	529.102	547.032	566.675	589.02	616.844	643.636	683.694	743.036	1350.69	
34.6654	49.9492	51.4598	56.2551	88.9859	103.144	110.431	137.014	151.442	161.884	177.611	186.833	202.281	209.618	221.398	235.913	263.103	288.397	308.201	323.18	340.363	357.897	378.286	394.993	416.484	441.833	467.289	495.19	533.317	592.974	1092.07	
68.6191	71.788	77.0341	109.324	136.462	156.234	163.715	171.94	192.586	234.809	247.984	264.318	289.508	306.701	327.879	341.571	364.287	388.34	402.915	419.376	436.453	458.613	479.375	497.28	522.988	546.184	571.703	600.276	640.799	697.352	1226.58	
56.1458	82.6265	88.1793	106.314	138.372	145.654	154.374	172.581	206.652	239.666	259.301	269.217	285.015	301.357	313.979	335.606	359.798	376.396	394.515	411.563	425.359	443.676	463.144	486.656	506.699	532.174	555.129	586.032	622.28	685.062	1180.67	
123.83	131.386	159.014	175.586	232.388	242.365	259.592	264.462	270.314	288.625	303.03	314.559	343.617	353.625	364.409	383.548	397.095	416.309	434.186	452.731	468.708	491.623	509.077	525.258	546.612	568.786	593.557	628.557	668.629	729.023	1222.55	
202.046	206.194	218.08	220.472	228.473	247.264	255.427	260.22	267.238	285.144	298.719	328.024	342.729	356.67	373.475	389.563	401.808	420.503	435.536	450.758	469.199	487.388	510.269	528.461	552.95	581.163	609.018	638.172	672.813	729.195	1240.97	
257.299	267.933	280.868	309.793	317.641	344.042	356.035	375.811	383.778	399.809	412.727	424.759	463.821	479.883	487.674	507.231	525.311	536.364	553.184	570.853	588.21	606.338	626.158	640.123	659.825	685.087	713.202	742.126	785.391	846.907	1293.9	
26.1112	29.0744	68.0304	72.7913	73.8812	80.9218	88.0823	95.8039	115.864	132.816	157.765	177.237	204.867	216.434	237.983	245.778	266.094	284.388	296.601	316.226	333.351	353.835	372.571	392.749	416.069	440.681	463.37	495.27	531.984	592.945	1093.98	
120.609	129.922	133.92	138.469	157.303	194.008	222.845	237.823	253.688	267.165	281.329	296.439	309.887	324.028	343.827	361.429	372.843	389.804	405.048	429.564	446.411	466.025	488.159	504.517	527.935	550.164	576.634	609.042	645.271	703.213	1129.04	
321.224	324.607	347.296	365.099	368.463	373.622	390.978	418.467	433.584	481.16	492.453	506.782	525.902	545.507	563.734	590.25	610.379	628.383	646.195	662.772	683.777	705.44	722.242	741.387	763.823	787.746	818.864	850.459	892.005	954.518	1329.51	
25.6864	26.6811	37.7047	55.0421	74.8647	89.9585	129.441	166.157	185.728	202.283	221.426	233.151	242.828	258.061	276.772	287.647	305.214	322.59	340.655	354.804	373.784	394.666	411.932	432.273	453.956	478.024	503.497	536.454	574.529	634.515	1097.29	
121.716	132.603	135.874	144.478	147.303	151.882	157.425	174.399	201.728	224.806	243.719	260.028	282.199	298.067	311.835	333.045	348.816	372.212	389.347	406.427	423.849	448.09	467.711	485.422	508.031	527.223	554.813	582.819	622.535	681.999	1083.53	
145.896	184.338	188.044	201.279	222.847	241.102	262.173	279.37	291.202	340.817	351.722	371.11	382.429	410.333	427.456	451.118	465.993	481.864	498.286	512.201	529.87	556.245	575.231	597.559	618.007	639.794	665.628	691.146	734.595	790.765	1419.35	
79.2155	100.362	103.382	111.173	164.859	169.211	188.077	202.691	214.393	228.998	238.017	249.388	270.335	288.492	304.03	321.267	336.711	357.098	372.386	390.07	407.124	426.141	445.502	463.735	487.526	515.708	541.993	572.583	615.911	675.37	1300.38	
28.55	49.2709	49.925	63.1851	89.1731	100.7	125.29	131.736	151.238	169.077	187.081	211.177	221.734	241.327	257.644	269.344	289.535	306.657	319.178	338.279	359.954	376.041	395.591	415.829	434.408	456.557	481.05	508.781	552.643	612.507	1183.65	
55.2993	79.5109	90.9051	94.3288	113.302	130.081	148.48	153.927	167.345	184.728	197.128	206.401	214.663	224.186	242.578	260.632	280.859	301.448	315.853	333.23	354.257	372.267	392.03	414.122	433.388	454.465	480.583	509.315	547.71	606.339	1055.64	
100.976	131.51	179.132	184.833	198.472	218.424	252.05	283.272	307.551	316.894	335.929	358.64	381.488	407.982	429.386	450.699	459.538	472.146	485.269	497.958	514.489	531.696	548.159	569.352	590.785	612.896	640.801	672.951	712.518	767.465	1189.55	
104.401	107.487	107.783	115.374	172.356	184.763	198.281	224.408	253.019	263.846	282.05	295.146	305.981	320.656	343.815	357.523	373.806	393.17	413.432	436.86	455.458	476.033	491.988	513.144	532.51	555.475	581.042	606.847	645.219	703.734	1249.65	
122.186	143.815	164.661	194.398	203.555	277.122	295.142	303.407	334.975	362.796	372.498	381.008	400.396	430.434	446.808	467.237	486.086	510.636	526.009	539.6	556.38	572.659	593.012	613.177	636.412	658.502	682.879	711.094	753.425	812.728	1277.27	
184.24	239.338	247.572	248.535	260.606	266.315	276.153	283.876	300.385	311.168	335.484	350.056	363.505	378.321	397.463	417.177	428.59	447.421	463.091	480.02	495.1	513.059	532.079	550.066	570.136	591.403	618.282	646.556	682.858	742.754	1141.44	
32.7482	58.5346	63.3787	66.532	73.726	80.2445	103.79	123.317	129.265	145.581	156.616	164.673	184.363	212.302	238.039	252.604	273.458	288.771	311	327.716	344.925	362.758	382.45	403.296	426.441	451.407	478.517	509.49	546.609	611.316	1100.5	
107.404	120.703	130.37	140.561	156.319	179.386	191.46	208.353	217.233	231.119	240.133	258.603	270.166	294.597	315.906	327.126	348.459	363.378	379.664	394.616	417.097	438.121	456.792	475.793	498.533	518.993	544.212	571.317	611.425	673.732	1129.66	
152.973	171.169	187.206	197.715	218.889	238.594	247.588	261.564	265.161	285.088	310.127	329.023	341.299	362.2	386.327	405.837	421.863	438.1	457.704	478.145	493.161	512.152	529.139	548.844	569.165	589.51	613.992	645.559	686.9	746.188	1157.68	
36.1509	104.492	186.731	193.788	201.6	211.745	223.787	230.553	242.316	269.766	282.013	303.73	317.685	330.588	349.163	368.727	382.404	399.844	418.661	443.163	460.986	487.221	506.25	525.475	547.617	571.606	600.411	632.305	670.501	730.912	1128.01	
39.712	44.5315	45.993	52.9283	74.9443	102.888	104.92	133.59	152.409	160.258	165.275	175.581	205.308	217.509	230.657	250.11	264.566	288.708	306.57	320.173	339.816	359.939	378.775	399.741	422.081	445.574	473.024	504.051	545.131	606.093	1008.74	
136.978	153.835	163.959	169.043	177.583	185.597	200.948	212.274	230.263	238.752	255.78	261.158	273.662	290.293	307.324	319.936	341.996	361.437	378.782	398.195	418.619	440.627	460.424	482.073	502.437	529.615	556.774	587.496	623.891	683.076	1180.82	
212.209	217.799	228.217	263.397	277.778	289.128	304.767	320.884	338.861	349.949	365.07	381.358	405.728	419.907	432.085	453.561	467.401	485.933	505.918	523.472	542.205	563.765	583.822	604.257	624.618	645.093	672.003	705.022	745.648	807.089	1220.02	
56.3996	61.4183	66.4911	92.825	94.139	98.7243	112.226	137.37	163.477	178.372	189.682	207.102	226.851	244.688	263.228	277.491	294.094	308.367	323.172	340.605	363.076	388.813	407.963	429.367	451.797	473.021	498.62	528.398	568.652	627.234	1013.1	
107.178	121.412	139.301	158.898	171.661	184.448	228.412	265.336	285.601	299.619	317.868	333.634	369.955	401.201	412.49	427.06	441.085	455.687	470.593	485.178	503.612	520.497	539.157	559.632	580.141	602.962	628.188	657.261	696.077	756.785	1255.24	
61.5791	116.487	130.762	143.788	166.944	177.291	185.881	194.654	208.674	228.469	237.766	247.992	267.999	278.19	294.102	310.317	327.906	345.206	365.054	381.635	397.019	419.097	436.116	455.881	478.761	503.34	529.462	559.072	596.746	653.077	1266.81	
112.57	124.968	200.367	211.672	233.627	242.723	257.267	268.855	281.983	293.146	312.185	325.96	344.391	357.586	379.366	395.524	410.776	430.363	451.969	472.129	487.282	501.887	522.413	540.986	561.559	584.75	608.267	637.905	673.409	728.468	1152.55	
129.913	134.287	140.052	147.661	163.794	168.602	171.157	186.799	196.482	213.834	232.588	246.827	262.188	275.246	292.427	306.446	324.285	341.827	366.751	384.537	399.871	420.051	441.503	461.513	480.523	504.43	532.05	560.825	600.839	661.149	1023.06	
22.0957	26.1596	30.3417	39.0798	42.4395	52.1744	67.8097	81.4948	87.7394	105.625	129.892	153.7	171.666	189.877	209.767	229.383	245.03	258.696	280.092	297.781	315.255	333.323	350.053	371.254	392.468	414.492	439.87	466.93	506.049	566.986	1026.81	
108.165	135.992	148.042	249.843	253.069	285.153	306.603	313.516	327.641	337.76	359.554	375.68	388.842	402.919	419.096	434.876	446.438	464.207	480.828	496.289	512.642	528.519	552.731	570.096	592.278	613.235	639.04	668.15	703.327	761.447	1179.6	
41.4924	51.7196	95.1647	99.7556	125.333	149.567	155.895	165.289	172.451	182.335	194.264	214.973	226.029	238.085	256.38	271.33	287.977	310.664	325.88	344.433	365.536	386.045	411.529	432.424	455.547	478.013	501.538	532.223	568.325	623.309	1030.35	
72.9992	130.469	138.798	217.198	222.585	227.765	291.823	308.325	314.426	340.408	356.161	366.827	381.85	403.9	430.775	443.231	464.827	491.706	513.849	526.724	542.983	566.925	589.417	607.591	632.317	652.959	678.705	708.805	749.164	804.599	1238.94	
61.8172	65.6217	71.9284	76.0919	114.83	123.452	130.075	140.849	145.718	168.938	191.369	208.235	216.54	236.479	248.102	271.269	291.497	307.884	321.578	338.356	355.827	373.896	393.973	415.911	440.571	461.394	484.084	512.753	555.235	617.467	1023.98	
76.9597	79.0276	91.7704	100.991	106.636	137.64	148.753	152.496	194.433	213.626	248.454	270.402	286.561	305.808	324.497	337.782	358.413	371.395	393.409	411.219	432.433	453.963	470.822	491.754	511.178	534.296	559.699	591.358	628.861	687.73	1292.75	
175.282	209.993	220.936	239.487	244.624	270.002	272.563	304.819	322.87	333.252	350.767	374.398	387.054	402.842	433.452	454.669	462.648	481.024	501.879	520.224	541.07	557.567	575.276	596.569	620.328	647.122	671.963	699.693	739.399	805.466	1168.99	
53.1322	60.55	82.1118	109.321	155.276	164.049	183.609	226.026	249.087	263.815	273.35	284.163	293.528	302.195	315.964	335.798	346.99	366.734	382.451	398.142	418.643	439.065	462.485	482.001	502.793	530.442	560.71	589.984	631.921	687.002	1177.78	
83.3532	116.725	124.655	136.515	140.22	154.62	165.09	180.062	205.257	224.134	257.382	281.996	303.332	334.532	351.692	367.156	386.505	400.298	417.844	436.836	454.235	475.099	496.559	511.38	533.273	555.067	583	611.993	653.46	710.227	1204.05	
78.0476	82.6061	88.3287	92.0434	98.0506	114.606	128.207	140.701	156.822	163.936	188.896	201.587	210.867	222.112	237.407	252.101	271.598	284.742	302.623	317.956	334.758	350.475	370.873	387.454	404.55	426.44	449.572	478.739	513.861	569.987	1103.09	
82.9763	110.192	113.059	126.551	145.266	156.612	166.305	175.944	183.482	219.709	231.206	248.504	283.899	302.925	322.521	347.049	364.762	380.434	399.947	420.591	438.949	461.322	483.641	502.971	520.162	544.435	570.135	601.255	638.771	700.041	1081.35	
185.468	198.187	211.28	216.238	220.468	228.607	272.637	294.501	300.527	325.389	340.093	363.947	384.018	401.124	421.615	433.774	447.112	467.705	483.748	499.772	520.375	542.691	563.642	582.163	601.077	625.554	652.987	682.041	722.218	779.082	1287.67	
66.1312	131.234	145.768	156.628	171.75	183.126	197.423	214.546	228.695	249.739	259.295	280.137	311.1	325.488	342.944	359.006	376.417	394.019	417.795	432.799	457.433	475.405	498.136	518.15	541.136	566.458	594.551	626.926	666.738	728.12	1323.74	
