10000	10	9900	0.00138889
0.025641	25.3846	69461.5	0.701632
1	150.403
1	141.627
1	281.462
1	362.182
1	195.423
1	172.814
1	180.605
1	219.084
1	120.056
1	169.461
1	204.453
1	254.155
1	240.113
1	150.436
1	266.301
1	215.957
1	175.438
1	198.272
1	191.462
1	216.513
1	339.27
1	192.795
1	197.31
1	214.161
1	160.754
1	153.841
1	152.479
1	223.343
1	190.531
1	188.908
1	168.659
1	164.155
1	251.607
1	194.996
1	178.054
1	204.473
1	281.028
1	277.159
1	284.514
1	157.019
1	214.724
1	180.868
1	149.56
1	142.071
1	362.617
1	254.219
1	134.584
1	159.546
1	169.786
1	225.353
1	279.846
1	170.14
1	164.052
1	159.798
1	236.447
1	154.864
1	167.191
1	155.137
1	231.11
1	123.977
1	173.652
1	159.077
1	135.231
1	190.976
1	231.621
1	223.681
1	252.241
1	244.131
1	155.485
1	222.79
1	240.359
1	171.815
1	230.22
1	231.698
1	205.268
1	181.742
1	152.756
1	152.832
1	194.641
1	231.397
1	231.561
1	168.091
1	181.385
1	212.895
1	155.404
1	234.977
1	200.516
1	188.975
1	225.976
1	191.021
1	235.454
1	131.824
1	261.99
1	288.081
1	182.028
1	169.774
1	191.292
1	241.826
1	189.456
1	143.354
1	235.38
1	181.383
1	210.33
1	226.652
1	198.453
1	209.856
1	212.612
1	217.373
1	174.123
1	189.346
1	172.658
1	266.108
1	133.593
1	268.421
1	134.445
1	180.573
1	319.541
1	200.945
1	164.74
1	258.783
1	249.813
1	164.166
1	219.948
1	228.021
1	203.199
1	160.502
1	181.868
1	291.724
1	141.456
1	237.647
1	136.855
1	254.119
1	239.961
1	169.71
1	346.149
1	150.538
1	215.86
1	165.4
1	179.801
1	153.422
1	249.256
1	199.4
1	160.572
1	251.188
1	225.206
1	277.325
1	144.034
1	164.147
1	192.17
1	293.762
1	219.342
1	130.2
1	236.716
1	191.958
1	225.819
1	313.884
1	151.561
1	234.981
1	147.695
1	169.54
1	266.611
1	177.478
1	259.556
1	203.878
1	198.408
1	112.012
1	177.174
1	251.089
1	184.377
1	228.713
1	234.086
1	193.974
1	228.469
1	197.289
1	171.308
1	190.856
1	130.338
1	219.64
1	167.294
1	187.674
1	117.969
1	163.002
1	185.001
1	167.488
1	157.198
1	219.1
1	164.517
1	155.784
1	241.687
1	352.843
1	277.156
1	166.071
1	228.769
1	229.574
1	175.224
1	233.764
1	166.43
1	184.708
1	169.125
1	229.95
1	233.578
1	258.76
1	186.352
1	194.235
1	194.401
1	173.898
1	190.715
1	219.101
1	310.668
1	206.446
1	187.943
1	159.299
1	221.275
1	173.541
1	134.321
1	158.666
1	141.723
1	122.54
1	173.791
1	231.855
1	250.269
1	168.787
1	218.651
1	254.03
1	192.62
1	168.379
1	247.828
1	327.381
1	290.877
1	191.374
1	136.967
1	204.789
1	158.333
1	210.983
1	224.086
1	146.006
1	138.918
1	154.248
1	225.298
1	167.784
1	175.09
1	188.552
1	205.628
1	214.287
1	184.384
1	135.955
1	427.292
1	245.463
1	183.172
1	164.069
1	163.456
1	288.427
1	207.669
1	173.923
1	231.384
1	207.192
1	344.004
1	181.286
1	320.99
1	169.167
1	139.999
1	219.182
1	199.093
1	360.783
1	206.899
1	237.775
1	166.064
1	207.943
1	128.175
1	235.554
1	159.262
1	215.454
1	170.496
1	234.251
1	169.677
1	231.202
1	201.142
1	173.287
1	249.881
1	175.729
1	136.262
1	295.085
1	215.471
1	207.634
1	323.472
1	161.467
1	195.473
1	125.353
1	316.566
1	184.208
1	196.908
1	195.203
1	184.964
1	159.108
1	176.373
1	262.132
1	152.421
1	133.292
1	257.827
1	124.983
1	191.207
1	175.633
1	291.033
1	205.555
1	255.759
1	299.636
1	258.295
1	147.902
1	294.901
1	178.714
1	183.178
1	169.096
1	169.14
1	139.858
1	199.95
1	249.697
1	191.702
1	158.977
1	223.571
1	152.387
0	41.2442
1	174.539
1	304.655
1	207.852
1	215.851
1	170.724
1	163.079
1	349.935
1	337.951
1	138.631
1	131.704
1	161.645
1	187.409
1	136.766
1	211.706
1	189.718
1	166.627
1	205.507
1	311.059
1	232.061
1	147.728
1	273.063
1	136.482
1	150.716
1	289.435
1	159.708
1	212.595
1	143.044
1	228.692
1	174.308
1	296.382
1	138.214
1	156.72
1	271.297
1	171.712
1	154.151
1	249.747
1	182.109
1	221.177
1	188.55
1	149.021
1	152.905
1	209.226
1	172.267
0	88.6737
1	196.521
1	245.933
1	218.826
1	251.412
1	195.046
1	151.161
1	241.71
1	140.063
1	237.832
1	180.28
1	203.529
1	167.111
1	195.874
1	195.176
1	332.142
1	199.639
1	330.235
1	210.754
1	189.342
1	184.628
1	130.631
1	186.837
0	19.0102
1	156.918
1	222.03
1	172.82
1	205.014
1	154.634
1	215.1
1	222.84
1	195.898
1	138.633
1	208.868
1	190.433
1	143.87
1	177.985
1	193.721
1	170.837
1	176.108
1	140.477
1	172.803
1	271.601
1	195.782
1	145.862
1	184.752
1	245.083
1	177.102
1	198.671
1	194.67
1	189.332
1	189.336
1	209.034
1	244.018
1	186.576
1	202.252
1	132.339
1	242.244
1	233.652
1	197.663
1	227.167
1	172.55
1	187.925
1	164.613
1	195.918
1	347.846
1	305.691
1	173.733
1	165.692
1	194.686
1	205.142
1	197.247
1	320.659
1	293.896
1	232.57
1	186.489
1	213.768
1	132.024
1	213.972
1	138.886
1	261.673
1	321.244
1	268.217
1	179.512
1	243.15
1	180.646
1	233.004
1	190.465
1	210.466
1	155.687
1	192.09
1	274.568
1	188.857
1	208.986
1	187.566
1	147.66
1	279.397
1	219.368
1	129.076
1	182.461
1	149.236
1	219.288
1	167.043
1	231.346
1	178.199
1	278.391
1	167.16
1	156.869
1	258.715
1	273.52
1	176.493
1	248.322
1	146.76
1	165.521
1	216.206
1	181.428
1	172.942
1	166.079
1	199.841
1	262.871
1	217.607
1	260.996
1	214.112
1	224.342
1	186.248
1	137.499
1	245.362
1	142.579
1	170.004
1	230.886
1	193.388
1	234.473
1	257.855
1	199.882
1	251.192
1	205.603
1	193.31
1	318.061
1	266.803
1	233.962
1	168.464
1	157.722
1	229.44
1	198.989
1	220.817
1	180.302
1	151.609
1	255.921
1	198.865
1	279.227
1	238.505
1	205.083
1	186.324
1	205.237
1	154.926
1	200.34
1	222.254
1	243.35
1	199.148
1	212.3
1	228.986
1	200.885
1	174.122
1	229.064
1	152.825
1	174.828
1	146.958
1	224.367
1	209.222
1	289.896
1	174.174
1	198.733
1	121.947
1	181.626
1	175.421
1	253.831
1	201.77
1	209.25
1	259.188
1	275.316
1	158.834
1	354.686
1	200.644
1	187.668
1	160.454
1	307.735
1	192.921
1	166.306
1	206.568
1	199.031
1	163.884
1	208.073
1	147.439
1	187.882
1	136.574
1	242.304
1	175.293
1	180.862
1	175.968
1	272.206
1	221.191
1	223.952
1	193.961
1	152.48
1	347.292
1	251.659
1	202.752
1	165.557
1	156.843
1	195.771
1	178.991
1	202.086
1	217.016
1	165.066
1	239.866
1	192.711
1	142.124
1	241.829
1	211.742
1	226.036
1	185.179
1	199.812
1	185.57
1	193.997
1	128.844
1	141.367
1	176.014
1	156.261
1	260.123
1	162.562
1	213.892
1	332.49
1	175.264
1	246.434
1	250.636
1	140.505
1	199.126
1	205.402
1	176.749
1	211.158
1	255.391
1	224.151
1	226.121
1	188.601
1	180.373
1	274.778
1	199.136
1	179.258
1	205.608
1	245.627
1	210.384
1	180.065
1	233.9
1	309.829
1	345.411
1	238.934
1	216.231
1	199.643
1	135.805
1	241.625
1	271.23
1	173.824
1	231.298
1	184.098
1	214.727
1	154.372
1	219.146
1	476.871
1	203.34
1	259.14
1	206.055
1	182.805
1	148.778
1	183.823
1	236.694
1	128.927
1	169.717
1	248.949
1	186.182
1	163.767
1	159.179
1	152.053
1	226.395
1	229.07
1	290.589
1	184.607
1	215.552
1	239.858
1	186.863
1	298.519
1	258.35
1	210.238
1	203.996
1	191.884
1	409.548
1	148.063
1	168.964
1	135.602
1	121.888
1	289.087
1	195.92
1	261.606
1	153.569
1	215.063
1	223.656
1	337.08
1	250.725
1	243.353
1	184.306
1	210.634
1	130.622
1	247.046
1	140.612
1	250.141
1	196.771
1	209.805
1	228.845
1	176.74
1	202.271
1	199.118
1	178.86
1	228.352
1	152.992
1	192.201
1	179.825
1	157.986
1	185.403
1	183.324
1	165.161
1	148
1	147.277
1	203.351
1	236.32
1	164.656
1	215.234
1	181.755
1	229.168
1	178.691
1	246.411
1	215.103
1	181.018
1	201.282
1	170.767
1	185.324
1	232.827
1	188.461
1	132.661
1	254.809
1	274.341
1	195.334
1	222.753
1	170.027
1	152.117
1	206.644
1	121.22
1	239.593
1	181.98
1	182.968
1	208.225
1	279.424
1	150.86
1	149.064
1	220.186
1	136.492
1	161.41
0	9.45438e-06
1	161.226
1	192.499
1	168.475
1	160.794
1	159.391
1	202.775
1	172.164
1	260.756
1	178.812
1	256.625
1	158.268
1	158.117
1	159.084
1	145.827
1	187.113
1	149.252
1	232.891
1	204.863
1	216.238
1	176.854
1	206.128
1	264.508
1	159.778
1	132.022
1	181.215
1	236.25
1	227.213
1	220.023
1	149.367
1	199.457
1	196.382
1	199.923
1	266.963
1	227.728
1	220.308
1	151.536
1	227.387
1	173.99
1	218.62
1	240.681
1	220.62
1	164.89
1	171.322
1	281.86
1	227.742
1	145.618
1	134.82
1	162.297
1	174.1
1	192.212
1	168.82
1	155.381
1	189.748
1	155.398
1	208.818
1	252.573
1	263.364
1	310.406
1	230.663
1	170.733
1	431.217
1	225.786
1	192.31
1	161.375
1	257.898
1	273.491
1	207.195
1	274.206
1	216.007
1	217.712
1	190.406
1	218.686
1	242.997
1	269.759
1	209.055
1	167.684
1	275.207
1	222.398
1	167.397
1	182.656
1	102.89
1	180.343
1	214.883
1	185.883
1	212.634
1	215.432
1	194.557
1	151.606
1	228.782
1	206.046
1	196.254
1	197.634
1	177.417
1	209.621
1	199.635
1	181.321
1	167.553
1	110.572
1	218.008
1	183.971
1	188.846
1	160.052
1	193.244
1	145.715
1	182.402
1	260.6
1	175.425
1	163.214
1	241.835
1	249.439
1	212.144
1	196.066
1	199.282
1	202.804
1	133.096
1	175.136
1	201.996
1	188.223
1	415.383
1	221.098
1	189.044
1	185.803
1	241.451
1	298.652
1	187.575
1	219.626
1	123.651
1	232.291
1	248.178
1	183.484
1	192.996
1	155.155
1	197.195
1	336.314
1	201.177
1	183.044
1	177.266
1	166.159
1	184.285
0	30.9437
1	225.189
1	212.891
1	171.552
1	178.615
1	250.124
1	201.558
1	293.683
1	232.024
1	288.148
1	268.888
1	169.768
1	165.252
1	176.048
1	176.157
1	196.833
1	133.809
0	10.8357
1	236.575
1	308.344
1	157.403
1	175.287
1	196.088
1	188.96
1	252.198
1	221.748
1	157.597
1	175.177
1	174.864
1	317.451
1	186.357
1	164.673
1	164.676
1	197.218
1	151.569
1	215.203
1	196.868
1	281.52
1	316.079
1	180.126
1	250.691
1	262.262
1	172.159
1	313.218
1	169.762
1	270.662
0	7.67768e-07
1	204.379
1	309.206
1	207.607
1	155.43
1	320.065
1	145.577
1	138.268
1	129.264
1	183.702
1	154.408
1	181.271
1	206.693
1	217.783
1	143.481
1	212.597
1	194.458
1	123.269
1	205.87
1	244.345
1	236.562
1	238.272
1	290.105
1	178.752
1	174.938
1	220.211
1	150.925
1	170.819
1	175.549
1	291.152
1	240.525
1	204.023
1	180.82
1	189.964
1	190.067
1	195.863
1	232.858
1	234.816
1	177.043
1	161.485
1	247.109
1	194.071
1	178.445
1	145.093
1	232.326
1	169.826
1	239.224
1	232.956
1	455.031
1	269.458
1	286.973
1	163.378
1	186.046
1	217.333
1	221.89
1	217.827
1	183.394
1	180.756
1	126.324
1	172.744
1	147.51
1	201.305
1	165.777
1	188.833
1	181.102
0	59.5274
1	197.379
1	157.272
1	155.041
1	165.718
1	290.85
1	161.463
1	147.723
1	182.846
1	181.162
1	143.63
1	165.831
1	149.446
1	284.714
1	188.247
1	183.904
1	270.631
1	232.198
1	186.484
1	192.819
1	171.171
1	196.849
1	233.277
1	161.031
1	194.268
1	194.027
1	167.1
1	223.32
1	151.432
1	172.73
1	214.623
1	199.623
1	205.507
1	166.016
1	164.826
1	256.363
1	162.596
1	146.583
1	226.567
1	131.411
1	143.075
1	267.818
1	231.058
1	157.487
1	207.059
1	136.596
1	184.705
1	221.224
1	211.62
1	174.716
1	166.04
1	127.491
1	200.81
1	272.781
1	373.986
1	302.437
1	166.623
1	146.354
1	203.566
1	260.572
1	160.018
1	215.724
1	161.584
1	140.332
1	139.343
1	219.814
1	202.619
1	178.985
1	243.767
1	176.164
1	181.991
1	196.5
1	211.279
1	147.308
1	188.56
1	203.971
1	209.108
1	214.326
1	171.657
1	140.926
1	204.958
1	223.603
1	211.35
1	287.784
1	163.036
1	229.757
1	221.053
1	147.998
1	176.065
1	201.025
1	202.543
1	208.61
1	186.513
1	172.719
1	185.961
1	254.408
1	194.392
1	205.601
1	178.269
1	165.217
1	200.443
1	183.349
1	184.027
1	191.341
1	238.845
1	198.895
1	214.588
1	139.469
1	160.86
1	148.593
0	12.8712
1	212.654
1	273.217
1	252.959
1	175.367
1	193.002
1	299.484
1	239.315
1	191.919
1	209.514
1	340.29
1	161.021
1	280.575
1	129.037
1	135.113
1	189.851
1	251.74
1	223.47
1	243.6
1	291.317
1	195.297
1	181.625
1	270.601
1	189.811
1	226.963
1	187.836
1	162.883
1	197.231
1	236.843
1	147.014
1	139.694
1	255.476
1	167.562
1	198.55
1	149.381
1	287.426
1	254.389
1	214.992
1	176.263
1	155.762
1	211.444
1	166.249
1	204.801
1	148.487
1	170.712
1	262.035
1	180.957
1	206.584
1	200.337
1	193.068
1	221.072
1	197.043
1	242.143
1	192.354
1	221.373
1	178.106
1	207.504
1	357.766
1	153.286
1	278.76
1	224.266
1	210.599
1	202.742
1	206.565
1	106.473
1	256.236
1	486.715
1	196.965
1	154.825
1	269.91
1	148.92
1	162.064
1	196.533
1	208.454
1	222.048
1	222.94
1	182.001
1	438.216
1	341.097
1	242.805
1	226.215
1	185.454
1	191.547
1	193.081
1	211.021
1	180.365
1	228.709
1	211.26
1	280.198
1	172.247
1	227.484
1	232.201
1	257.198
1	224.238
1	161.795
1	230.258
1	199.545
1	210.486
1	180.544
1	155.355
1	160.072
1	166.209
1	204.428
1	132.478
1	323.364
1	191.701
1	214.795
1	256.778
1	248.177
1	204.823
0	5.31861
1	138.239
1	211.284
1	243.072
1	126.447
1	189.588
1	285.588
1	224.489
0	202.309
1	241.387
1	231.307
1	161.936
1	210.977
1	263.649
1	163.152
1	237.124
1	212.527
1	202.172
1	217.317
1	228.283
1	167.034
1	255.069
1	216.95
1	199.706
1	281.086
1	130.177
1	188.49
1	286.487
1	257.849
1	201.409
1	171.942
1	308.99
1	159.108
1	206.358
1	130.009
1	177.392
1	145.867
1	349.706
1	206.533
1	197.001
1	215.107
1	291.939
1	363.141
1	211.776
1	238.019
1	205.775
1	221.108
1	327.317
1	171.705
1	126.583
1	203.998
1	225.333
1	164.891
1	250.892
1	165.837
1	202.381
1	156.501
1	157.118
1	208.209
1	173.564
1	149.53
1	222.831
1	165.56
1	179.222
1	208.334
1	231.467
1	268.887
1	134.525
1	160.617
1	245.553
1	181.143
1	172.11
1	187.059
1	161.873
1	266.238
1	288.695
1	309.62
1	138.725
1	222.683
1	178.092
1	165.199
1	171.06
1	449.94
1	199.838
1	181.842
1	264.626
1	243.689
1	169.521
1	276.532
1	163.324
1	127.251
1	167.801
1	218.932
1	227.175
1	175.661
1	237.069
1	207.519
1	234.904
1	226.392
1	197.63
1	159.534
1	187.682
1	165.882
1	157.578
1	143.188
1	184.852
1	158.935
1	208.363
1	137.152
1	144.032
1	203.124
1	211.635
1	210.696
1	165.41
1	264.626
1	188.116
1	217.869
1	222.733
1	165.059
1	204.217
1	175.884
1	357.289
1	226.43
1	191.787
1	147.521
1	203.463
1	273.471
1	196.013
1	209.416
1	280.801
1	207.881
1	207.555
1	162.046
1	130.433
1	189.312
1	241.499
1	230.379
1	254.378
1	201.31
1	172.445
1	174.563
1	254.759
1	193.573
1	142.251
1	236.808
1	280.527
1	154.782
0	45.6959
1	301.768
1	228.291
1	200.357
1	181.892
1	226.511
1	182.357
1	177.358
1	203.907
1	301.525
1	161.02
1	176.781
1	220.006
1	208.032
1	221.882
1	238.337
1	159.054
1	198.332
1	264.119
1	173.728
1	176.259
1	221.862
1	167.235
1	154.128
1	197.802
1	170.47
1	189.105
1	175.619
1	379.362
1	292.274
1	180.335
1	198.401
1	140.503
1	269.516
1	176.555
1	199.11
1	231.811
1	251.377
1	214.706
1	205.042
1	178.194
0	25.147
1	194.685
1	226.45
1	227.886
1	219.506
1	190.872
1	214.641
1	188.04
1	169.49
1	216.448
1	193.126
1	163.706
1	184.722
1	134.905
0	161.623
1	163.067
1	266.828
1	224.075
1	327.142
1	246.325
1	204.717
1	302.334
1	176.394
1	256.284
1	224.55
1	250.919
1	193.735
1	162.709
1	187.722
1	173.239
1	194.223
1	253.404
1	268.089
1	230.654
1	149.111
1	225.688
1	141.614
1	246.354
1	354.621
1	209.44
1	180.824
1	193.02
1	179.706
1	186.105
1	259.442
1	207.202
1	218.299
1	193.157
1	185.557
1	272.805
1	315.462
1	181.716
1	252.504
1	244.476
1	274.655
1	225.571
1	135.384
1	143.682
0	179.758
1	332.717
1	160.229
1	352.529
1	153.986
1	176.62
1	150.109
1	173.274
1	234.725
1	195.98
1	231.591
1	438.547
1	137.658
1	158.38
1	214.291
1	135.174
1	163.035
1	194.653
1	175.928
1	130.725
1	235.391
1	176.04
1	189.879
1	174.144
1	216.567
1	135.762
1	224.295
1	206.564
1	182.587
1	157.568
1	225.813
1	201.196
1	233.315
1	261.129
1	241.485
1	231.431
1	274.017
1	190.246
1	225.06
1	152.592
1	157.527
1	166.271
1	264.435
1	183.969
1	240.88
1	154.965
1	181.626
1	300.91
1	159.212
1	249.787
1	175.338
1	230.76
1	225.869
1	176.05
1	121.477
1	184.733
1	209.751
1	202.234
1	190.347
1	172.647
1	179.778
1	160.569
1	175.21
1	237.745
1	223.412
1	282.972
1	229.49
1	190.087
1	223.737
1	181.226
1	162.307
1	206.329
1	158.598
1	179.315
1	164.967
1	175.061
1	162.098
1	161.682
1	140.853
1	244.359
1	145.452
1	145.581
1	234.879
1	176.616
1	175.959
1	253.512
1	212.249
1	199.853
1	236.886
1	242.966
1	179.513
1	177.03
1	180.313
1	166.732
1	160.379
1	125.115
1	232.573
1	238.999
1	112.654
1	211.555
1	189.402
1	277.073
0	39.9883
1	198.408
1	194.953
1	204.791
1	230.296
1	270.051
1	236.089
1	175.727
1	300.488
1	151.291
1	186.364
1	236.294
1	127.983
1	169.093
1	269.918
1	176.111
1	198.654
1	208.483
1	207.27
1	258.713
1	130.142
1	348.569
1	194.126
1	176.208
1	232.071
1	164.896
1	158.631
1	214.777
1	153.589
1	152.229
1	136.624
1	211.014
1	160.186
1	267.403
1	135.85
1	215.341
1	199.839
1	225.343
1	235.515
1	167.348
1	175.129
1	195.905
1	216.975
1	116.352
1	154.338
1	211.879
1	164.38
1	238.64
1	150.925
1	150.849
1	241.246
1	123.415
1	302.104
1	166.17
1	345.072
1	182.976
1	224.88
1	147.435
1	168.426
1	227.232
1	209.355
1	172.003
1	199.127
1	210.951
1	202.632
1	175.917
1	178.62
1	138.967
1	229.295
1	269.119
1	155.174
1	167.741
1	166.734
1	185.616
1	157.912
1	259.056
1	169.138
1	252.437
1	202.577
1	244.905
1	236.68
1	205.295
1	191.816
1	218.357
1	196.914
1	172.069
1	181.059
1	174.276
1	245.781
1	191.832
1	233.627
1	176.91
1	202.889
1	183.346
1	223.629
1	189.722
1	212.596
1	173.895
1	206.302
1	259.3
1	170.533
1	216.883
1	230.471
1	244.805
1	256.165
1	186.423
1	231.091
1	164.107
1	253.075
1	171.371
1	166.356
1	160.525
1	174.582
1	213.968
1	170.185
1	245.861
1	220.86
1	213.067
1	185.396
1	181.669
1	164.077
1	227.824
1	195.124
1	259.22
1	185.576
1	120.515
1	236.629
1	150.07
1	179.283
1	207.754
1	197.688
1	183.487
1	192.54
1	208.266
1	201.753
1	218.68
1	194.07
1	173.113
1	195.009
1	253.926
1	179.995
1	216.701
1	166.517
1	216.378
1	202.951
1	194.029
1	171.065
1	174.376
1	134.507
1	228.214
1	210.662
1	236.009
1	199.983
1	151.041
1	161.916
1	217.161
1	173.856
1	197.196
1	157.377
1	155.372
1	142.57
1	196.6
1	174.465
1	328.268
1	244.097
1	257.852
1	162.891
1	274.809
1	200.225
1	200.7
1	196.551
1	152.399
1	170.008
1	143.014
1	250.039
1	203.657
1	244.987
1	186.609
1	184.176
1	313.505
1	210.954
1	184.078
1	310.477
1	224.717
1	224.391
1	230.12
1	235.203
1	207.205
1	135.615
1	271.947
1	147.335
1	184.689
1	148.363
1	209.154
1	250.701
1	175.744
1	202.578
1	221.899
1	161.073
1	156.117
1	174.535
1	206.705
1	196.461
1	165.206
1	259.577
1	216.31
1	179.593
1	215.546
1	186.608
1	308.709
1	210.493
1	194.547
1	264.087
1	192.113
1	257.071
1	204.653
1	224.548
1	169.683
1	259.759
1	192.322
1	185.338
1	286.597
1	240.803
1	174.101
1	200.284
1	178.965
1	212.137
1	214.899
1	221.59
1	282.263
1	257.679
1	138.101
1	269.714
1	201.808
1	113.48
1	141.894
1	262.16
1	187.724
1	319.509
1	167.032
1	211.187
1	151.304
1	169.427
1	132.29
1	204.66
1	229.778
1	174.925
1	194.501
1	247.917
1	169.887
1	218.716
1	225.786
1	199.344
1	166.152
1	205.857
1	242.855
1	198.727
1	150.945
1	213.86
1	173.178
1	208.268
1	162.138
0	2.80533
1	242.534
1	222.36
1	270.719
1	149.449
1	175.187
1	177.794
1	153.202
1	192.638
1	264.483
1	181.808
1	178.78
1	147.549
1	199.563
1	188.951
1	141.252
1	171.729
1	179.933
1	251.888
1	140.847
1	194.085
1	183.97
1	153.715
1	197.156
1	205.704
1	231.462
1	202.126
1	199.598
1	199.871
1	177.903
1	257.224
1	499.962
1	195.976
1	171.171
1	139.737
1	186.226
1	229.304
1	198.412
1	163.626
1	274.034
1	149.261
1	179.71
1	192.251
1	174.659
1	142.179
1	141.117
1	166.753
1	194.299
1	145.46
1	173.984
1	255.579
1	293.509
1	189.086
0	33.5871
1	187.039
1	214.516
1	156.87
1	217.437
1	218.959
1	246.813
1	288.94
1	150.035
1	203.603
1	263.071
1	184.089
1	242.338
1	173.951
1	203.053
1	194.307
1	258.083
1	131.679
1	164.207
1	146.126
1	285.375
1	193.193
1	172.778
1	308.678
1	166.084
1	208.537
1	140.66
1	171.885
1	200.537
1	230.016
1	146.851
1	151.226
1	172.476
1	234.016
1	168.261
1	180.989
1	218.598
1	195.297
1	221.871
1	195.045
1	221.496
1	243.696
1	178.044
1	165.174
1	218.078
1	184.944
1	219.521
1	189.168
1	188.913
1	211.464
1	246.753
1	261.971
1	186.945
1	148.984
1	194.402
1	207.448
1	161.784
1	165.16
1	219.372
1	116.675
1	221.876
1	146.492
1	353.759
1	242.058
1	204.555
1	140.504
1	189.604
1	260.856
1	311.094
1	176.263
1	306.479
1	193.152
1	212.835
1	145.551
1	276.314
1	277.786
1	219.067
1	153.615
1	266.246
1	160.086
1	169.949
1	164.715
1	228.16
1	232.412
1	298.218
1	270.45
1	195.921
1	261.473
1	243.351
1	162.97
1	208.204
1	209.692
1	177.403
1	483.411
1	131.544
1	201.05
1	219.547
1	219.024
1	211.219
1	126.304
1	285.747
1	297.906
1	197.013
1	142.045
1	194.036
1	238.395
1	252.638
1	197.371
1	261.513
1	181.388
1	182.335
1	132.533
1	173.501
1	197.906
1	141.98
1	272.357
1	266.796
1	147.335
1	146.927
1	210.753
1	152.042
1	181.248
1	244.587
1	226.051
1	134.503
1	195.65
1	144.737
1	191.354
1	235.72
1	250.366
1	246.187
1	175.805
1	213.43
1	184.242
1	144.191
1	196.636
1	295.298
1	203.213
1	239.066
1	169.064
1	187.629
1	261.34
1	113.722
1	310.21
1	187.893
1	253.715
1	158.465
1	236.566
1	187.793
1	151.825
1	197.687
1	181.335
1	113.995
1	143.166
1	173.067
1	206.854
1	169.568
1	194.471
1	158.391
1	187.831
1	187.972
1	149.289
1	255.264
1	193.139
1	255.462
1	196.111
0	57.7823
1	179.805
1	213.763
1	230.434
1	187.269
1	210.355
1	206.11
1	220.268
1	219.192
1	255.994
1	209.624
1	203.284
1	202.912
1	300.554
1	231.669
1	147.23
1	240.872
1	193.616
1	227.034
1	109.73
1	146.95
1	186.803
1	270.853
1	180.379
1	158.651
1	178.529
1	220.273
1	199.213
1	199.249
1	316.741
1	168.539
1	146.827
1	270.082
1	146.936
1	126.26
1	177.985
1	192.064
1	218.471
1	126.233
1	191.144
1	116.196
1	225.502
1	238.515
1	276.902
1	224.469
1	300.548
1	223.295
1	142.7
1	158.016
1	193.774
1	160.349
1	199.507
1	272.598
1	153.8
1	356.265
1	184.546
1	191.081
1	198.587
0	50.1348
1	191.539
1	164.336
1	155.113
1	259.817
1	127.144
1	269.564
1	177.718
1	218.158
1	160.66
1	162.792
1	164.394
1	176.847
1	196.51
1	202.981
1	188.808
1	207.578
1	211.03
1	142.358
1	184.456
1	149.46
1	228.552
1	182.851
1	286.552
1	206.407
1	235.144
1	286.98
1	302.665
1	198.915
1	173.178
1	255.515
1	157.007
1	227.637
1	123.591
1	208.665
1	163.654
1	161.853
1	173.945
1	279.579
1	175.833
1	174.213
1	177.484
1	115.003
1	172.53
1	209.092
1	326.609
1	196.848
1	139.32
1	150.495
1	131.898
1	196.076
1	189.986
1	241.057
1	177.092
1	182.226
1	191.667
1	227.248
1	172.842
1	194.844
1	186.007
1	215.612
1	248.072
1	227.516
1	264.239
1	215.212
1	175.316
1	210.155
1	195.524
1	140.239
1	197.814
1	133.289
1	268.154
1	182.685
1	203.776
1	213.807
1	189.773
1	149.251
1	257.706
1	257.869
1	162.683
1	193.29
1	235.851
1	156.104
1	280.605
1	296.72
1	146.639
1	169.429
1	173.313
1	264.547
1	188.038
1	138.82
1	181.126
1	212.244
1	145.294
1	186.36
1	208.071
1	344.575
1	154.158
1	239.603
1	183.908
1	175.22
1	188.007
1	231.105
1	178.635
1	210.539
1	222.362
1	168.207
1	156.327
1	254.448
1	247.896
1	117.187
1	227.988
1	237.512
1	153.998
1	150.43
1	141.118
1	209.889
1	275.151
1	182.573
1	166.392
1	138.378
1	178.273
1	184.827
1	151.835
1	187.372
1	214.694
1	287.495
1	296.375
1	121.988
1	157.779
1	212.877
1	178.708
1	191.075
1	161.204
1	155.509
1	139.825
1	163.358
1	223.313
1	129.025
1	196.302
1	201.57
1	131.428
1	168.897
1	183.233
0	29.7455
1	172.469
1	185.786
1	126.304
1	181.616
1	212.791
1	149.936
1	234.59
1	215.167
1	232.514
1	178.574
1	223.55
1	262.216
1	167.291
1	160.808
1	134.355
1	244.312
1	221.778
1	315.954
1	148.796
1	213.536
1	231.83
1	436.052
1	245.501
1	181.166
1	217.771
1	255.821
1	167.437
1	242.476
1	295.425
1	234.186
1	252.264
1	219.874
1	147.146
1	161.328
1	167.858
1	219.316
1	239.6
1	217.306
1	197.94
1	204.383
1	173.462
1	291.68
1	280.67
1	202.411
1	177.981
1	161.856
1	185.391
1	231.691
1	159.722
1	196.172
1	213.324
1	235
1	327.666
1	197.877
1	167.345
1	205.205
1	196.237
1	208.848
1	175.417
1	251.332
1	171.077
1	351.545
1	185.538
1	253.866
1	214.506
1	251.912
1	203.243
1	218.555
1	169.718
1	175.53
1	176.479
1	170.329
1	220.123
1	156.171
1	229.172
1	152.666
1	212.146
1	162.007
1	174.378
1	313.956
1	265.035
1	308.154
1	235.691
1	146.726
1	174.01
1	289.794
1	147.544
1	207.1
1	150.227
1	223.945
1	212.971
1	201.25
1	139.052
1	182.545
1	277.655
1	194.12
1	241.696
1	189.223
1	283.92
1	207.731
1	206.265
1	178.164
1	199.668
1	178.887
1	241.522
1	216.72
1	217.825
1	175.86
1	194.381
1	150.899
1	201.881
1	357.329
1	135.969
1	173.935
1	223.262
1	187.632
1	312.673
1	134.509
1	148.964
1	191.597
1	178.947
1	197.343
1	153.062
1	185.172
1	204.906
1	177.305
1	229.934
1	160.68
1	222.298
1	177.048
1	239.702
1	198.826
1	217.305
1	202.265
1	192.218
1	291.417
1	190.799
1	165.203
1	133.101
1	209.887
1	157.451
1	178.2
1	212.542
1	198.886
1	219.335
1	254.355
1	183.762
1	193.999
1	176.045
1	284.211
1	185.626
1	168.707
1	144.04
1	207.23
1	268.481
1	185.325
1	183.183
1	210.785
1	215.362
1	294.164
1	198.197
1	244.939
1	154.116
1	174.446
1	233.365
1	151.702
1	155.344
1	147.817
1	178.559
1	143.087
1	167.544
1	249.171
1	218.099
1	128.645
1	211.797
1	173.711
1	166.226
1	127.188
1	220.463
1	162.059
1	198.83
1	218.733
1	212.851
1	166.138
1	241.483
1	271.649
1	251.672
1	224.428
1	206.085
1	203.143
1	155.896
1	221.596
1	256.793
1	164.223
1	187.712
1	158.286
1	201.73
1	246.055
1	180.533
1	193.554
1	232.931
1	171.915
1	241.368
1	242.803
1	195.42
1	177.553
1	138.795
1	194.077
1	190.099
1	408.275
1	154.68
1	173.457
1	361.346
1	157.711
1	210.719
1	211.215
1	168.912
1	165.948
1	181.67
1	161.858
1	233.169
1	237.762
1	85.9053
1	421.859
1	250.607
1	145.428
1	211.966
1	221.957
1	198.975
1	169.745
1	176.576
1	178.662
1	299.279
1	286.482
1	202.508
1	171.868
1	171.03
1	165.878
1	182.196
1	148.554
1	208.751
1	295.248
1	267.314
1	211.977
1	170.076
1	255.686
1	301.678
1	118.939
1	202.391
1	211.488
1	195.365
1	199.261
1	222.311
1	189.582
1	152.943
1	248.952
1	135.93
1	198.886
1	223.964
1	190.434
1	137.699
1	222.756
1	176.898
1	291.051
1	149.883
1	165.523
1	171.927
1	213.864
1	169.184
1	291.659
1	211.236
1	198.179
1	230.911
1	210.934
1	250.431
1	187.32
1	140.288
1	189.299
1	137.717
1	188.06
1	179.869
1	160.27
1	223.333
1	149.064
1	186.565
1	157.298
1	246.684
1	221.649
1	193.85
1	125.498
1	163.228
1	188.656
1	359.858
1	317.631
1	200.595
1	237.111
1	161.082
1	275.313
1	224.336
1	298.959
1	173.658
1	171.614
1	165.7
1	128.741
1	148.809
1	215.331
1	430.728
1	194.616
1	239.711
1	167.402
1	203.673
1	198.766
1	147.759
1	299.321
1	286.595
1	166.129
1	299.64
1	153.264
1	142.311
1	177.891
1	186.688
1	151.46
1	139.963
1	247.802
1	166.64
1	202.374
1	173.435
1	170.699
1	201.572
1	230.388
1	204.137
1	218.299
1	195.992
1	211.668
1	285.864
1	224.829
1	235.526
1	248.045
1	247.85
1	276.04
1	226.074
1	150.941
1	156.202
1	170.061
1	205.832
1	195.736
1	206.101
1	205.676
1	263.018
1	201.856
1	144.24
0	66.6303
1	255.27
1	231.549
1	217.293
1	207
1	210.12
1	204.901
1	184.734
1	179.166
1	201.186
0	11.2174
1	117.985
1	248.884
1	223.155
1	209.577
1	169.88
1	165.447
1	295.553
1	158.967
1	331.698
1	213.41
1	249.039
1	288.967
1	177.456
1	210.647
1	252.122
1	223.691
1	149.962
0	83.8549
1	297.054
1	257.486
1	253.038
1	161.257
1	228.221
1	185.987
1	216.925
1	185.652
1	249.188
1	209.848
1	200.037
1	188.536
1	143.205
1	160.884
1	281.384
1	195.423
1	174.166
1	275.673
1	250.997
1	165.004
1	150.676
1	145.612
1	269.397
1	188.803
1	143.602
1	139.062
1	199.982
1	212.3
1	260.852
1	225.627
1	201.834
1	205.51
1	199.1
1	194.439
1	164.934
1	221.951
1	223.665
1	179.376
1	217.793
1	288.57
1	158.168
1	216.722
1	196.816
1	235.504
1	155.531
1	163.483
1	205.03
1	177.054
1	170.334
1	199.971
1	159.523
1	193.123
1	179.01
1	160.533
1	225.033
1	165.618
0	59.9425
0	115.675
1	163.899
1	201.517
1	223.851
1	173.399
1	191.307
1	140.235
1	229.993
1	197.703
1	175.112
1	210.462
1	183.631
1	214.694
1	192.4
1	203.204
1	167.838
1	184.878
1	145.854
1	213.722
1	170.064
1	351.929
1	236.216
1	270.476
1	247.136
1	123.195
1	154.44
1	207.113
1	229.067
1	227.331
1	158.38
1	150.521
1	273.596
1	227.028
1	113.694
1	167.528
1	247.282
1	174.943
1	260.093
1	307.286
1	222.529
1	173.707
1	188.329
1	178.826
1	173.394
1	173.534
1	154.684
1	215.044
1	181.635
1	210.533
1	143.373
1	276.835
1	246.855
1	148.551
1	257.612
1	187.581
1	226.3
1	215.413
1	170.587
1	150.57
1	232.278
1	208.31
1	131.187
1	181.664
1	148.089
1	135.531
1	304.501
1	228.605
1	158.153
1	235.85
1	266.48
0	4.48401
1	230.564
1	180.986
1	169.92
1	159.078
1	208.839
1	218.41
1	299.252
1	199.072
1	187.735
1	221.8
1	195.698
1	325.897
1	208.525
1	170.03
1	163.207
1	201.088
1	162.673
1	191.543
1	173.302
1	169.354
1	150.339
1	171.327
1	195.419
1	134.431
1	202.783
1	246.668
1	204.737
1	140.182
1	206.049
1	190.827
1	201.336
1	200.56
1	186.794
1	231.224
1	378.898
1	217.217
1	132.506
1	198.492
1	199.532
1	213.184
1	232.515
1	214.586
1	272.519
1	242.998
0	8.82054
1	204.335
1	162.805
1	223.248
1	180.799
1	268.527
1	163.141
1	255.365
1	223.996
1	285.111
1	162.359
1	213.231
1	178.218
1	291.939
1	246.285
1	161.418
1	225.151
1	172.751
1	229.276
1	268.949
1	182.967
1	259.227
1	203.828
1	145.3
1	145.251
1	317.377
1	195.417
1	252.532
1	194.158
1	310.438
1	173.186
1	198.742
1	147.433
1	238.357
1	138.358
1	214.833
1	172.32
1	297.76
1	149.548
1	182.1
1	219.556
1	210.811
1	243.105
1	161.72
1	121.39
1	343.617
1	153.092
1	198.04
1	182.929
1	159.1
1	151.76
1	178.263
1	165.996
1	227.302
1	248.459
1	154.955
1	302.558
1	219.639
1	155.621
1	191.183
1	191.327
1	148.705
1	267.4
1	162.606
1	191.646
1	181.47
1	232.529
1	168.939
1	225.5
1	207.109
1	151.412
1	245.454
1	176.741
1	170.739
1	269.579
1	232.712
1	159.183
1	289.386
1	224.896
1	157.605
1	280.642
1	367.143
1	259.827
1	224.829
1	208.76
1	119.964
1	210.603
1	183.02
1	225.844
1	227.439
1	213.949
1	235.53
1	235.943
1	130.602
1	170.761
1	248.211
1	158.509
1	162.595
1	207.743
1	166.834
1	180.277
1	317.54
1	163.682
1	194.691
1	214.369
1	195.324
1	178.012
1	263.534
1	336.114
1	194.188
1	134.186
1	144.81
1	187.128
1	197.16
1	200.271
1	256.018
1	129.66
1	130.327
1	191.947
1	187.088
1	222.464
1	219.725
1	143.634
1	190.086
1	166.638
1	254.889
1	193.72
1	147.541
1	266.814
1	179.442
1	163.479
1	204.697
1	153.953
1	194.479
1	194.897
1	191.618
1	235.884
1	181.703
1	182.449
1	196.344
1	161.425
1	210.667
1	220.691
1	119.237
1	164.123
1	142.686
1	147.148
1	187.813
1	188.73
1	173.906
1	276.579
1	202.625
1	206.036
1	202.836
1	152.856
1	144.421
1	207.808
1	160.556
1	250.689
1	175.051
1	231.196
1	171.056
1	264.264
1	115.812
1	268.246
1	174.022
1	164.053
1	247.772
1	245.645
1	201.474
1	280.998
1	197.471
1	142.199
1	316.147
1	159.99
1	188.018
1	171.05
1	327.93
1	204.033
1	238.889
1	238.28
1	252.371
1	155.579
1	200.729
1	160.036
1	194.659
1	128.987
1	247.628
1	187.2
1	245.642
1	183.707
1	188.055
1	155.983
1	150.864
1	207.197
1	227.226
1	339.279
1	277.423
1	138.24
1	187.545
1	158.675
1	139.848
1	178.361
1	210.403
1	175.966
1	181.791
1	150.145
1	178.259
1	263.849
1	371.397
1	229.669
1	154.623
1	157.612
1	164.044
1	199.194
1	173.462
1	145.556
1	220.608
1	220.286
1	193.212
1	143.489
1	214.803
1	140.316
1	206.777
1	199.605
1	151.099
1	218.344
1	186.811
1	167.47
0	66.7105
1	154.866
1	164.18
1	175.773
1	255.928
1	208.066
1	242.486
1	492.741
1	182.594
0	3.53981
1	140.289
1	205.932
1	242.456
1	157.434
1	127.17
1	216.412
1	164.029
1	197.136
1	162.011
1	160.203
1	223.308
1	220.437
1	257.837
1	204.514
1	183.915
1	233.764
1	290.864
1	355.629
1	144.097
1	174.759
1	238.973
1	362.339
1	163.02
1	180.636
1	195.137
1	180.893
1	138.545
1	251
1	205.263
1	210.677
1	223.668
1	149.928
1	181.036
1	191.995
1	148.835
1	252.547
1	182.379
1	218.29
1	241.804
1	225.404
1	283.466
1	218.04
1	313.942
1	310.316
1	196.016
1	212.744
1	178.283
1	193.597
1	178.441
1	201.619
1	205.704
1	203.028
1	322.145
1	143.954
1	204.013
1	272.009
1	221.333
1	174.672
1	145.123
1	166.432
1	292.068
1	183.553
1	274.713
1	168.71
1	214.742
1	264.903
1	131.512
1	189.502
1	171.494
1	139.057
1	145.918
1	178.218
1	149.768
1	257.103
1	253.929
1	214.93
1	182.68
1	175.898
1	115.293
1	224.46
1	166.581
1	206.804
1	234.926
1	185.76
1	203.847
1	139.132
1	200.257
1	190.643
1	180.057
1	209.452
1	164.946
1	198.553
1	140.189
1	195.02
1	163.408
1	137.216
1	236.549
1	287.307
1	173.069
1	188.682
1	173.033
1	192.179
1	231.791
1	167.437
1	187.115
1	305.049
1	204.776
1	171.781
1	434.892
1	233.075
1	150.188
1	185.574
1	188.061
1	148.686
1	312.993
1	201.431
1	152.246
1	170.327
1	193.921
1	304.22
1	238.607
1	124.405
1	271.311
1	223.26
1	179.029
1	140.759
1	152.005
1	313.385
1	161.748
1	275.151
1	257.893
1	283.813
1	191.623
1	172.101
1	233.788
1	175.446
1	152.509
1	164.543
1	148.351
1	255.293
1	206.901
1	155.673
1	166.862
1	141.711
1	261.796
1	197.46
1	152.868
1	202.868
1	240.023
1	349.582
1	238.387
1	225.199
1	215.098
1	166.079
1	189.021
1	214.777
1	184.733
1	148.479
1	266.673
1	180.595
1	189.201
1	182.7
1	178.079
1	183.92
1	276.096
0	16.5272
1	188.782
1	244.374
1	179.765
1	135.171
1	237.437
1	208.521
1	268.961
1	187.365
1	166.297
1	278.914
1	202.349
1	200.111
1	180.814
1	282.358
1	198.916
1	135.759
1	232.25
1	178.705
1	167.317
1	213.974
1	160.474
1	170.268
1	187.437
1	128.033
1	278.061
1	229.807
1	212.195
1	254.073
1	198.043
1	178.465
1	159.156
1	191.116
1	146.823
1	204.285
1	198.75
1	161.741
1	163.564
1	208.333
1	141.083
1	211.748
1	197.556
1	218.636
1	152.022
1	319.772
1	176.505
1	266.477
1	141.261
1	236.438
1	225.91
1	112.974
1	219.875
1	307.405
1	202.783
1	225.627
1	235.83
1	186.613
1	144.659
1	271.837
1	233.285
1	231.564
1	202.647
1	215.217
1	167.266
1	188.475
1	134.11
1	172.547
1	117.405
1	153.246
1	173.698
1	195.695
1	176.472
1	199.385
1	175.505
1	190.693
1	127.034
1	239.044
1	242.34
1	159.217
1	252.822
1	139.704
1	194.822
1	226.408
1	235.949
1	218.351
0	12.1426
1	243.404
1	169.229
1	260.501
1	163.496
1	204.77
1	379.404
1	162.228
1	197.13
1	210.58
1	207.275
1	152.356
1	243.04
1	329.756
1	201.058
1	174.207
1	188.847
1	196.116
1	179.586
1	135.961
1	259.544
1	171.192
1	198.034
1	142.03
1	159.764
1	169.379
1	229.769
1	171.431
1	218.106
1	139.17
1	172.814
1	120.228
1	203.278
1	178.166
1	175.822
1	298.259
1	165.686
1	209.448
1	172.849
1	137.695
1	170.641
1	190.341
1	266.219
1	144.973
1	274.907
1	194.643
1	219.081
1	178.822
1	187.69
1	207.732
1	151.047
1	168.167
1	186.753
1	176.485
1	174.282
1	221.133
1	310.394
1	352.207
1	305.842
1	243.451
1	173.05
1	183.564
1	177.437
1	149.237
1	217.772
1	206.649
0	45.2744
1	194.791
1	143.237
1	236.511
1	169.46
1	149.788
1	374.926
1	147.725
1	155.083
1	215.167
1	147.527
1	209.834
1	185.539
1	256.784
1	225.331
1	162.79
1	186.296
1	251.816
1	182.743
1	351.239
1	197.18
1	178.479
1	182.991
1	155.742
1	318.624
1	190.992
1	185.429
1	306.567
1	172.228
1	141.451
1	201.741
1	164.515
1	239.406
1	177.656
1	191.749
1	218.594
1	162.543
1	210.135
1	169.504
1	225.231
1	180.026
1	232.151
1	177.587
1	193.19
1	193.841
1	161.126
1	185.039
1	231.359
1	210.475
1	193.62
1	143.499
1	158.398
1	211.513
1	201.797
1	143.362
1	189.675
1	113.396
1	213.594
1	237.915
1	299.01
1	200.604
1	225.957
1	223.394
1	169.421
1	253.879
1	157.656
1	269.91
1	188.328
0	44.0265
1	231.984
1	172.877
1	157.23
1	287.429
1	231.461
1	240.52
1	180.226
1	139.266
1	232.723
1	191.573
1	162.877
1	241.734
1	156.492
1	190.871
1	256.984
1	149.78
1	156.774
1	152.521
1	164.831
1	241.565
1	119.712
1	195.52
1	263.481
1	202.899
1	210.62
1	170.487
1	160.414
1	116.177
1	208.166
1	292.946
1	206.538
1	163.949
1	160.966
1	183.781
1	109.337
1	233.048
1	199.36
1	256.832
1	260.285
1	161.489
1	245.969
1	215.7
1	209.731
1	201.034
1	177.979
1	154.414
1	156.653
1	155.981
1	196.034
1	125.065
1	197.769
1	203.173
1	147.09
1	159.245
1	154.843
1	202.135
1	222.38
1	301.339
1	204.612
1	164.763
1	193.556
1	209.961
1	148.99
1	114.415
1	236.07
1	227.562
1	166.804
1	164.922
1	133.819
1	133.185
1	216.849
1	258.376
1	191.474
1	205.41
1	176.463
1	212.987
1	292.774
1	365.28
1	231.991
1	151.941
1	176.763
1	269.219
1	167.367
1	160.639
1	257.505
1	256.132
1	228.366
1	196.747
1	296.2
0	11.2103
1	149.005
1	178.902
1	161.092
1	227.744
1	166.236
1	204.144
1	239.808
1	163.531
1	148.49
1	196.893
1	172.297
1	140.869
1	162.888
1	237.165
1	173.443
1	238.885
0	132.452
1	209.448
1	134.073
1	152.24
1	151.828
1	215.864
1	221.571
1	140.628
1	134.323
1	233.095
1	195.553
1	297.849
1	142.188
1	163.631
1	133.07
1	144.61
1	190.176
1	146.589
1	186.342
1	212.898
1	307.609
1	174.999
1	196.877
1	241.507
1	244.795
1	231.396
1	172.097
1	190.175
1	219.886
1	241.994
1	229.84
1	205.996
1	171.055
1	188.469
1	143.208
1	194.188
1	328.164
1	268.482
1	309.027
1	190.227
1	209.441
1	239.049
1	212.417
1	211.326
1	168.421
1	225.943
1	195.277
1	162.356
1	215.715
1	174.757
1	268.972
1	169.174
1	281.39
1	278.572
1	146.596
1	210.37
1	210.543
1	183.043
1	159.436
1	279.229
1	129.295
1	151.162
1	241.358
1	199.827
1	273.163
1	250.628
1	252.873
1	249.031
1	259.196
1	186.178
1	151.564
1	158.557
1	149.639
1	241.623
0	39.034
1	343.91
1	135.47
1	223.03
1	211.328
1	198.025
0	2.15252e-06
1	148.514
1	204.934
1	189.722
1	139.802
1	260.712
1	332.677
1	164.834
1	224.287
1	409.501
1	239.005
1	242.003
1	185.849
1	129.462
1	171.293
1	242.223
1	167.771
1	156.779
1	225.461
1	223.852
1	228.735
1	182.717
1	167.137
1	180.416
1	254.428
1	226.791
1	207.219
1	205.491
1	271.212
1	139.565
1	168.014
1	143.335
1	221.465
1	191.624
1	155.891
1	133.368
1	211.703
1	223.126
1	135.056
1	251.063
1	192.964
1	156.824
1	202.477
1	206.599
1	152.838
1	151.152
1	175.23
1	220.096
1	233.894
1	177.354
1	176.484
1	193.406
1	123.51
1	240.074
1	183.688
1	181.346
1	220.375
1	289.87
1	242.348
1	225.105
1	189.385
1	257.921
1	135.71
1	310.198
1	256.585
1	191.148
1	171.803
1	210.027
1	215.187
1	218.811
1	232.436
1	178.278
1	162.876
1	123.786
1	240.126
1	259.174
1	216.337
1	150.969
1	153.2
1	186.535
1	161.951
1	199.387
1	331.572
1	255.203
1	213.242
1	232.601
1	124.213
1	216.842
1	188.386
1	306.779
1	177.029
1	224.924
1	119.486
1	152.077
1	229.535
1	254.977
1	162.679
1	235.301
1	282.436
1	216.285
1	199.633
1	154.262
1	336.018
1	266.407
1	252.931
1	139.259
1	195.127
1	369.467
1	195.463
1	166.265
1	216.838
1	151.864
1	182.363
1	173.374
1	178.85
1	374.333
1	328.417
1	199.335
1	187.464
1	222.766
1	144.016
1	231.176
1	248.93
1	193.42
1	159.526
1	176.027
1	239.297
1	210.683
1	163.784
1	234.873
1	238.693
1	195.864
1	260.54
1	339.909
1	231.408
1	155.604
1	142.963
1	172.369
1	159.625
1	228.82
1	138.949
1	149.937
1	287.882
1	256.025
1	151.332
1	168.038
1	158.286
1	217.94
1	144.711
1	174.09
1	147.233
1	271.713
1	231.276
1	187.577
1	195.055
1	276.943
1	295.568
1	165.793
1	179.104
1	184.493
1	217.818
1	161.103
1	160.083
1	161.748
1	162.123
1	128.167
1	156.81
1	227.357
1	231.896
1	365.681
1	171.382
1	184.257
1	179.992
1	219.032
1	218.068
1	181.345
1	199.918
1	184.174
1	257.708
1	205.53
1	181.073
1	291.689
1	199.661
1	226.397
1	261.927
1	218.599
1	188.932
1	210.357
1	242.89
1	169.729
1	209.571
1	161.494
1	233.792
1	169.435
1	259.956
1	172.603
1	167.505
1	216.195
1	152.838
1	197.206
1	280.499
1	186.861
1	174.284
1	178.586
1	151.653
1	151.313
1	179.819
1	200.866
1	183.72
1	176.458
1	178.38
1	283.562
1	332.327
1	130.716
1	123.431
1	216.667
1	210.67
1	176.2
1	158.995
1	159.724
1	167.288
1	266.145
1	193.839
1	338.236
1	235.254
1	168.866
1	151.722
1	194.228
1	135.985
1	362.291
1	206.094
1	159.508
1	249.49
1	250.937
1	180.431
1	425.283
1	126.185
1	194.235
1	194.841
1	458.567
1	180.921
1	159.657
1	188.361
1	264.145
1	181.915
1	189.676
1	145.493
1	356.42
1	205.663
1	218.617
1	185.66
1	179.227
1	164.956
1	222.807
1	154.571
1	139.094
1	171.127
1	204.144
1	193.473
1	187.084
1	209.138
1	192.776
1	206.335
1	198.471
1	202.359
1	175.386
1	193.017
1	157.375
1	162.622
1	162.552
1	232.115
1	193.114
1	215.66
1	146.597
1	333.913
1	187.467
1	249.173
1	178.493
1	139.057
1	195.656
1	194.982
1	251.482
1	256.184
1	180.739
1	240.769
1	244.899
1	122.575
1	308.154
1	204.539
1	163.964
1	222.229
1	225.711
1	155.016
1	255.351
1	267.988
1	164.522
1	170.113
1	215.861
1	235.652
1	276.103
1	244.614
1	138.605
1	175.708
1	201.095
1	171.864
1	150.206
1	217.517
1	227.204
1	184.808
1	265.99
1	203.485
1	251.822
1	146.098
1	188.618
1	159.93
1	268.487
1	193.549
1	253.352
1	281.422
1	219.247
1	280.502
1	206.519
1	156.586
1	303.396
1	161.385
1	163.95
1	248.744
1	208.7
1	298.964
1	201.922
1	206.086
1	227.754
1	228.317
0	76.0887
1	247.784
1	173.087
1	224.754
1	168.868
0	17.9045
1	277.75
1	150.378
1	210.023
1	171.657
1	189.494
1	181.891
1	204.941
1	142.387
1	222.225
1	176.628
1	226.977
1	279.277
1	293.25
1	247.354
1	141.904
1	306.292
1	154.749
1	176.973
1	311.855
1	206.69
1	215.334
1	150.241
1	215.339
1	178.951
1	169.059
1	172.446
1	277.564
1	171.819
1	183.716
1	161.69
1	171.81
1	171.01
1	203.275
1	171.434
1	167.207
1	191.172
1	169.001
1	183.215
1	156.811
1	244.829
1	216.127
1	353.807
1	169.313
1	200.494
1	183.357
1	161.422
1	198.197
1	231.758
1	219.051
1	219.217
1	202.12
1	308.26
1	243.674
1	217.315
1	148.96
1	240.145
1	196.94
1	132.157
1	224.128
1	158.222
1	185.349
1	177.224
1	187.643
1	190.782
1	181.291
1	237.356
1	197.697
1	176.394
1	214.307
1	200.708
1	165.441
1	139.96
1	132.16
1	312.518
1	188.827
1	287.041
1	255.003
1	160.529
1	309.816
1	207.676
1	133.599
1	184.762
1	152.478
1	165.205
1	240.64
1	160.308
1	197.298
1	235.137
1	227.991
1	216.673
1	155.451
1	181.009
1	161.633
1	183.971
1	173.509
1	171.297
1	158.976
1	193.186
1	219.944
1	180.03
1	213.955
1	235.866
1	122.425
1	177.355
1	237.946
1	227.297
1	219.41
1	228.627
1	164.011
1	249.782
1	217.507
1	219.44
1	158.828
1	311.753
1	167.952
1	191.685
1	181.93
1	179.891
1	218.23
1	162.517
1	137.684
1	201.041
1	161.61
1	165.362
1	176.645
1	167.89
1	191.323
1	291.637
1	228.689
1	165.272
1	205.31
1	173.559
1	250.24
1	201.778
1	330.305
1	186.416
1	235.418
1	135.229
1	188.646
1	245.741
1	246.613
1	336.986
1	299.674
1	163.905
1	224.026
1	276.928
1	144.384
1	195.722
1	161.022
1	190.792
1	221.264
1	160.193
1	260.767
1	179.143
1	197.722
1	195.639
1	121.667
1	191.026
1	192.485
1	203.089
1	215.292
1	358.312
1	271.633
1	204.858
1	187.402
1	213.732
1	190.479
1	187.453
1	136.297
1	168.381
1	255.486
1	194.523
1	184.68
1	237.4
1	121.542
1	211.881
1	141.592
1	227.743
1	300.511
1	219.574
1	157.363
1	157.694
1	272.443
1	150.341
1	190.128
1	242.128
1	180.275
1	178.544
1	155.67
1	160.785
1	125.828
1	139.258
1	174.236
1	168.166
1	185.659
1	155.488
1	243.235
1	177.27
1	218.115
1	265.404
1	152.324
1	203.795
1	189.982
1	211.018
1	179.976
1	203.042
1	170.784
1	174.245
1	232.86
1	247.75
1	221.45
1	139.767
1	221.31
1	155.515
1	167.747
1	366.415
1	194.036
1	142.15
1	148.994
1	208.53
1	216.137
1	217.146
1	270.085
1	121.982
1	163.249
1	228.005
1	178.507
1	210.65
1	171.997
1	291.66
1	231.161
1	205.924
1	283.601
1	224.445
1	276.584
1	183.246
1	199.024
1	161.678
1	192.09
1	171.538
1	110.711
1	166.974
1	197.044
1	182.391
1	149.63
1	142.154
1	123.396
1	171.468
1	224.76
1	224.317
1	186.753
1	185.185
1	200.314
1	193.684
1	216.381
1	167.454
1	198.938
1	386.239
1	224.26
1	181.467
1	164.336
1	278.048
0	75.5489
1	197.966
1	253.834
1	167.319
1	226.382
1	200.1
1	202.77
1	193.801
1	168.864
1	212.427
1	240.077
1	163.982
1	197.412
1	154.886
1	295.514
1	159.251
1	204.651
1	174.925
1	208.345
1	308.648
1	192.285
1	154.706
1	232.027
1	157.105
1	214.583
1	179.434
1	155.226
1	313.407
1	253.342
1	185.534
1	247.707
1	225.452
1	186.734
1	157.354
1	241.961
1	181.364
1	289.91
1	225.551
1	136.902
1	231.126
0	17.6144
1	274.927
1	241.07
1	167.944
1	181.17
1	182.405
1	197.501
1	239.029
1	334.217
1	149.399
1	123.771
1	218.073
1	134.765
1	146.632
1	189.489
1	178.569
1	257.67
1	265.978
1	170.47
1	215.991
1	152.347
1	176.459
1	284.446
1	183.357
1	225.294
1	237.368
1	180.522
1	268.95
1	150.87
1	138.231
1	162.455
1	160.278
1	204.106
1	182.902
1	189.085
1	162.088
1	233.536
1	148.917
1	232.804
1	213.733
1	160.058
1	234.071
1	259.731
1	146.643
1	169.649
1	167.986
1	239.742
1	144.393
1	104.793
1	156.674
1	234.486
1	141.801
1	262.484
1	149.274
1	164.228
1	176.123
1	197.217
1	140.576
1	227.894
1	185.385
1	177.752
1	224.124
1	198.436
1	135.953
1	145.957
1	184.746
1	260.911
1	314.54
1	173.228
1	272.651
1	196.409
1	182.163
1	191.328
1	372.564
1	137.665
1	225.758
1	192.039
1	166.803
1	150.283
1	142.375
1	209.934
1	182.879
1	180.828
1	178.971
1	175.704
1	127.412
1	167.669
1	176.487
1	236.169
1	194.919
1	180.992
1	348.39
1	212.345
1	197.552
1	203.257
1	279.835
1	352.821
1	173.956
1	153.978
1	222.352
1	191.839
1	275.892
1	173.56
1	170.639
1	177.567
1	138.302
1	234.496
1	156.289
1	194.189
1	180.014
1	147.786
1	254.073
1	163.564
1	142.819
1	126.1
1	178.982
1	250.391
1	221.207
1	138.713
1	193.092
1	162.353
1	170.087
1	286.303
1	150.45
1	212.84
1	182.087
1	234.953
1	181.821
1	156.612
1	228.691
1	197.103
1	439.432
1	154.03
1	147.44
1	221.364
1	179.881
1	190.019
1	301.394
1	182.817
1	224.519
1	226.814
1	239.774
1	205.902
1	139.339
1	303.433
1	207.335
1	324.814
1	221.906
1	175.154
1	356.408
1	182.986
1	219.808
1	348.191
1	221.493
1	236.638
1	205.581
1	255.438
1	165.596
1	161.212
1	206.394
1	167.845
1	160.155
1	203.729
1	149.192
1	197.839
1	224.707
1	132.906
1	237.278
1	313.454
1	185.638
1	174.692
1	186.541
1	300.232
1	204.042
1	156.593
1	235.659
1	223.512
1	181.666
1	202.428
1	202.363
1	163.872
1	173.219
1	178.545
0	50.3018
1	359.354
1	163.528
1	192.785
1	215.549
1	260.257
0	21.8231
1	187.768
1	243.029
1	244.487
1	197.694
1	249.286
1	161.228
1	208.371
1	206.634
1	206.634
1	185.108
1	213.021
1	215.695
1	154.919
1	208.997
1	163.022
1	196.269
1	191.524
1	190.552
1	168.598
1	224.7
1	149.076
1	242.072
1	176.459
1	186.913
1	135.724
1	218.452
1	197.957
1	147.085
1	218.445
1	178.867
1	213.874
1	147.074
1	152.523
1	188.649
1	217.264
1	250.153
1	217.127
1	189.203
0	26.5912
1	154.247
1	184.86
1	208.277
1	131.182
1	276.32
1	193.583
1	155.201
1	196.501
1	171.619
1	132.601
1	333.293
1	150.482
1	200.882
1	174.457
1	181.432
1	107.394
1	185.043
1	252.463
1	203.646
1	239.82
1	193.337
1	144.459
1	271.136
1	211.621
1	246.463
1	218.675
1	295.93
1	142.335
1	156.105
1	258.791
1	130.204
1	148.456
1	176.631
1	297.602
1	162.847
1	236.202
1	241.745
1	291.23
1	188.193
1	282.289
1	192.183
1	225.535
1	179.796
1	190.83
1	186.195
1	218.128
1	189.769
1	248.045
1	326.802
1	159.963
1	353.883
1	246.17
1	199.204
1	207.659
1	176.584
1	166.375
1	261.893
1	156.348
1	265.204
1	181.429
1	217.576
1	221.88
1	187.114
1	203.836
1	213.948
1	236.97
1	164.396
1	238.961
1	202.145
1	215.899
1	351.463
1	171.043
1	176.656
1	217.411
1	268.348
1	260.246
1	211.137
1	172.621
1	194.564
1	308.158
1	231.841
1	196.683
1	173.337
1	203.38
1	198.874
1	185.911
1	174.206
1	227.261
1	176.843
1	241.485
1	173.651
1	240.188
1	181.136
1	109.326
1	214.981
1	143.468
1	180.611
1	261.064
1	231.975
1	183.463
1	235.732
1	202.07
1	228.209
1	334.592
1	153.064
1	114.943
1	237.022
1	157.749
1	165.449
1	179.141
1	252.889
1	158.818
1	197.526
1	198.426
1	157.596
1	202.863
1	181.986
1	215.595
1	164.368
1	149.406
1	269.387
1	149.582
1	177.403
1	251.409
1	185.309
1	235.684
1	206.171
1	216.442
1	138.487
1	199.651
1	301.23
1	176.281
1	253.073
1	148.026
1	171.015
1	212.82
1	266.471
1	160.256
1	224.113
1	282.497
1	168.551
1	223.118
1	320.541
1	364.77
1	169.237
1	243.802
1	193.111
1	228.152
1	284.189
1	172.359
1	187.125
1	197.519
1	210.978
1	190.957
1	154.988
1	120.128
1	214.246
1	153.452
1	277.337
1	136.864
1	184.062
1	232.094
1	221.321
1	190.922
1	194.966
1	252.039
1	167.268
1	191.012
1	250.962
1	225.421
1	179.09
1	225.566
1	172.26
1	168.65
1	257.751
1	179.855
1	189.899
1	229.187
1	208.213
1	195.497
1	164.148
1	167.045
1	135.77
1	169.975
1	289.365
1	156.733
1	171.915
1	142.507
1	139.68
1	146.808
1	254.408
1	164.795
1	184.617
1	144.625
1	168.079
1	166.452
1	190.114
1	196.639
1	286.478
1	204.888
1	143.849
1	146.185
1	160.379
1	140.722
1	254.772
1	163.551
1	274.504
1	245.098
1	182.214
1	222.846
1	194.075
1	228.134
1	145.845
1	192.99
1	238.717
1	196.401
1	178.138
1	151.856
1	208.338
1	265.776
1	267.985
1	213.577
1	166.567
1	157.535
1	198.827
1	226.575
1	226.79
1	165.011
1	142.181
1	127.695
1	280.836
1	180.749
0	34.3926
1	188.684
1	187.533
1	176.019
1	212.96
1	203.573
1	199.378
1	178.839
1	127.514
1	245.458
1	223.237
1	272.534
1	179.495
1	196.547
1	225.123
1	222.649
1	242.61
1	164.482
1	243.789
1	146.262
1	240.175
1	215.978
1	201.555
1	175.164
1	256.755
1	182.995
1	250.015
1	130.006
1	186.111
1	340.804
1	232.917
1	211.732
1	175.236
1	157.737
1	232.577
1	168.585
1	166.344
1	299.575
1	177.532
1	276.02
1	154.978
1	242.709
1	225.217
1	203.531
1	215.851
1	176.509
1	160.315
1	141.168
1	335.591
1	156.427
1	193.567
1	189.172
1	268.706
1	170.602
1	239.93
1	180.3
1	231.653
1	181.82
1	400.066
1	153.236
1	165.386
1	130.591
1	304.894
1	214.603
1	189.684
1	218.6
1	143.363
1	265.778
1	205.299
1	348.52
1	231.92
1	182.104
1	234.365
1	238.769
1	157.757
1	162.21
1	178.816
1	217.46
1	226.791
1	139.969
1	205.324
1	126.941
1	267.341
1	204.683
1	161.342
1	178.839
1	174.48
1	226.777
1	255.464
1	232.998
1	172.945
1	174.044
1	182.445
1	246.083
1	148.993
1	168.58
1	273.708
1	233.055
1	230.97
1	185.019
1	190.537
1	205.092
1	203.37
1	223.555
1	157.369
1	180.184
1	153.85
1	144.062
1	209.177
1	310.182
1	177.786
1	249.358
1	233.124
1	245.718
1	217.955
1	135.363
1	233.227
1	297.827
1	182.048
1	205.203
1	145.613
1	191.395
1	193.879
1	273.2
1	197.159
1	213.595
1	170.03
1	268.505
1	187.134
1	195.742
1	175.847
1	259.554
1	136.02
1	161.873
1	206.947
1	296.364
1	160.6
1	201.202
0	26.4704
1	172.411
1	217.242
1	286.064
1	185.295
0	47.2448
1	372.961
1	194.828
1	196.027
1	235.46
1	245.664
1	138.388
1	263.866
1	181.086
1	226.741
1	333.209
1	231.954
1	257.621
1	176.01
1	167.102
1	153.554
1	228.565
1	186.578
1	192.448
1	159.214
1	163.084
1	316.625
1	171.626
1	212.843
1	214.803
0	20.3782
1	212.788
1	201.724
1	164.833
1	229.91
1	252.509
1	150.758
1	287.323
1	168.95
1	181.382
1	179.388
1	250.091
1	205.269
1	169.966
1	265.861
1	215.105
1	219.903
1	211.565
1	227.607
1	218.613
1	315.119
1	178.901
1	134.498
1	220.569
1	232.967
1	274.006
0	73.9784
1	215.097
1	173.372
1	152.578
1	257.102
1	152.072
1	171.972
1	254.963
1	159.482
1	162.382
1	214.57
1	269.265
1	180.103
1	214.339
1	178.586
1	196.703
1	176.368
1	210.71
0	72.9032
1	176.721
1	177.221
1	230.359
1	189.502
1	179.181
1	286.239
1	205.977
1	178.36
1	154.668
1	160.435
1	261.171
1	294.251
1	152.434
1	275.873
1	239.381
1	172.304
1	148.152
1	250.167
1	181.929
1	193.183
1	307.994
1	184.372
1	196.844
1	434.529
1	174.825
1	232.059
1	191.922
1	221.853
1	129.372
1	178.874
1	164.125
1	219.984
1	222.848
1	191.321
1	225.627
1	261.531
1	225.926
1	282.192
1	223.145
1	285.044
1	191.503
1	131.431
1	194.964
1	185.95
1	269.728
1	126.231
1	231.791
0	55.6333
1	169.294
1	266.101
1	177.151
1	218.731
1	212.216
1	295.441
1	267.096
1	167.403
1	157.983
1	210.991
1	149.216
1	278.82
1	164.634
1	270.991
1	220.092
1	214.855
1	199.674
1	270.584
1	163.895
1	177.722
1	187.768
1	234.514
1	161.237
1	233.841
1	187.29
1	195.707
1	165.964
1	163.403
1	186.292
1	158.064
1	350.522
1	189.138
1	196.772
1	256.505
1	133.371
1	261.744
1	190.547
1	204.412
1	255.098
1	218.915
1	173.542
1	202.973
1	164.402
1	177.461
1	228.311
1	191.118
1	182.53
1	246.536
1	148.453
1	284.061
1	311.617
1	225.095
1	202.288
1	164.106
1	244.554
1	194.847
1	185.396
1	337.101
1	135.396
1	224.84
1	252.993
1	231.335
1	220.044
1	233.777
1	250.799
0	111.403
1	214.533
1	238.333
1	176.955
1	226.108
1	237.321
1	249.234
1	251.803
1	174.863
1	168.323
1	217.974
1	176.752
1	239.348
1	167.564
1	261.19
1	189.7
1	147.002
1	231.009
1	199.735
1	150.999
1	273.815
1	127.266
1	194.696
1	335.013
1	167.766
1	150.501
1	175.19
1	176.757
1	212.535
1	264.449
1	207.982
1	197.645
1	279.09
1	198.875
1	197.843
1	173.362
1	250.968
1	300.916
1	236.729
1	158.761
1	208.864
1	145.702
1	163.795
1	199.185
1	293.962
1	161.833
1	168.764
1	261.863
1	174.052
1	152.111
1	203.672
1	187.222
1	183.352
1	213.814
1	151.995
1	133.89
1	232.302
1	222.576
1	244.446
0	30.0639
1	310.716
1	171.859
1	290.22
1	187.543
1	163.702
1	315.316
1	189.713
1	179.352
1	249.012
1	307.516
1	148.23
0	24.3121
1	179.474
1	182.284
1	143.308
1	150.539
1	205.636
0	94.9636
1	249.481
1	194.587
1	163.174
1	199.954
1	218.013
1	231.443
1	196.008
1	206.258
1	192.132
1	174.179
1	191.238
1	190.697
1	128.341
1	202.157
1	167.565
1	227.351
1	126.406
1	179.315
1	409.226
1	206.01
0	67.6844
1	180.735
1	163.189
1	196.225
1	160.516
0	52.2593
1	118.564
1	187.849
1	131.402
1	336.273
1	250.241
1	232.929
1	253.919
1	212.45
1	241.547
1	226.386
1	269.085
1	158.176
1	291.954
1	199.217
1	242.671
1	161.436
1	152.227
1	206.021
1	210.221
1	327.267
1	174.356
1	185.801
1	257.119
1	221.49
1	210.04
1	213.285
1	217.225
1	264.93
1	187.254
1	316.579
1	169.242
1	178.595
1	246.204
1	193.707
1	147.256
1	143.359
1	212.001
1	160.943
1	163.945
1	174.404
1	203.822
1	162.717
1	101.563
1	172.589
1	184.783
1	230.527
1	196.965
1	142.462
1	139.13
1	216.438
1	127.02
1	189.744
1	224.184
1	186.854
1	231.245
1	146.356
1	247.552
1	253.906
1	232.545
1	173.725
1	217.506
1	140.889
1	172.804
1	142.798
1	190.993
1	165.959
1	137.979
1	214.702
1	180.392
1	226.968
1	209.252
1	195.856
1	182.343
1	200.887
1	363.904
1	181.587
1	148.703
1	197.291
1	244.145
1	215.183
1	168.823
1	126.54
1	204.76
1	136.038
1	128.098
1	134.325
1	167.265
1	180.422
1	217.409
1	162.73
1	229.588
1	133.047
1	236.73
1	175.66
1	223.478
1	224.136
1	200.687
1	190.61
1	216.46
1	124.146
1	160.655
1	307.735
1	265.838
1	139.74
1	161.044
1	172.369
1	176.581
1	177.157
1	165.547
1	132.741
1	183.215
1	173.644
1	392.422
1	176.042
1	144.775
1	218.009
1	194.942
1	300.893
1	171.785
1	446.75
1	226.035
1	159.076
1	271.968
1	306.184
1	344.632
1	208.197
1	199.954
1	260.809
1	168.568
1	178.627
1	228.02
1	182.578
1	190.158
1	213.649
1	172.087
1	419.101
1	221.977
1	216.183
1	185.297
1	224.658
1	182.408
1	216.773
1	147.182
1	180.346
1	211.453
1	239.31
1	208.605
0	42.861
1	200.68
1	183.412
1	273.315
1	260.628
1	278.743
1	226.249
1	176.312
1	179.054
1	234.741
1	169.776
1	331.438
1	239.101
1	137.805
1	227.776
1	237.735
1	194.082
1	178.607
1	199.117
1	140.623
1	208.207
1	179.164
1	158.331
1	161.221
1	156.245
1	187.685
1	200.148
1	144.156
1	204.678
1	208.349
1	176.715
1	197.346
1	215.284
1	186.663
1	192.728
1	193.517
1	178.639
1	204.481
1	191.807
1	250.682
1	128.745
1	350.139
1	144.678
1	146.593
1	205.503
1	240.155
1	223.905
1	185.292
1	198.077
1	220.851
1	206.252
1	253.738
1	193.496
1	214.769
1	197.991
1	170.371
1	135.781
1	256.337
1	141.78
1	167.108
1	308.329
1	177.403
1	206.983
1	498.558
1	135.56
1	128.277
1	187.226
1	221.273
1	196.206
1	200.459
1	183.095
1	268.905
1	179.002
1	190.985
1	191.113
1	217.329
1	200.858
1	211.629
1	158.347
1	136.465
1	149.772
1	210.331
1	159.626
1	213.577
1	161.646
1	147.616
1	141.165
1	200.407
1	180.229
1	138.496
1	221.247
1	177.352
1	218.296
1	241.835
1	206.974
1	189.075
1	154.134
1	165.282
1	163.139
1	170.916
1	241.18
1	282.817
1	190.491
1	163.233
1	236.484
1	182.805
1	241.851
1	184.589
1	149.647
1	183.165
1	192.686
0	70.2309
1	183.043
1	141.291
1	131.933
1	169.376
1	220.498
1	173.692
1	179.337
1	236.269
1	169.578
1	216.495
1	253.064
1	316.29
1	223.444
1	162.414
1	153.379
1	214.096
1	173.158
1	130.701
1	164.444
1	331.1
1	252.114
1	180.223
1	220.497
1	250.16
1	218.827
1	302.204
1	153.628
1	189.094
1	216.013
1	270.11
1	218.896
0	14.2596
1	141.833
1	170.039
1	142.51
1	178.876
1	186.982
1	255.915
1	171.483
1	146.971
1	205.093
1	142.836
1	131.081
1	198.97
1	184.238
1	121.661
1	202.23
1	153.627
1	135.648
1	286.002
1	209.05
1	227.079
1	187.661
1	188.499
1	211.218
1	155.947
1	248.966
1	170.618
1	167.275
1	173.085
1	260.763
1	189.279
1	252.683
1	191.463
1	182.779
1	213.105
1	174.943
1	195.07
1	252.109
1	165.819
1	148.036
1	133.473
1	201.726
1	149.28
1	141.322
1	167.034
1	249.889
1	392.096
1	158.704
1	392.25
1	151.602
1	250.82
1	124.201
1	124.85
1	193.527
1	273.112
1	162.749
1	293.881
1	168.333
1	167.595
1	148.836
1	243.65
1	205.171
1	203.813
1	145.87
1	225.023
1	302.22
1	196.52
1	368.171
1	221.083
1	285.966
1	184.645
1	184.346
1	140.961
1	323.449
1	217.313
1	197.728
1	193.878
1	180.079
1	200.371
1	190.003
1	266.13
1	226.472
1	225.564
1	299.555
1	155.208
1	170.417
1	280.457
1	326.772
1	203.707
1	145.654
1	176.727
1	218.373
1	321.142
1	218.03
1	306.802
1	233.495
1	315.451
1	180.593
0	2.92391
1	255.498
1	294.457
1	209.183
1	157.474
1	183.872
1	233.878
1	177.593
1	247.437
1	166.086
1	123.611
1	214.663
1	266.79
1	243.461
1	164.987
1	146.294
1	206.446
1	175.167
1	179.714
1	171.977
1	193.005
1	171.917
1	206.344
1	161.214
1	186.801
1	297.418
1	221.448
1	294.632
1	184.266
1	194.799
1	188.33
1	206.594
1	136.563
0	2.15076
1	190.598
1	227.229
1	351.358
1	189.775
1	197.379
1	203.499
1	180.772
1	186.639
1	199.296
1	260.612
1	179.802
1	295.84
0	72.7908
1	194.161
1	229.768
1	153.577
1	155.224
1	247.794
1	274.733
1	183.771
1	218.474
1	168.741
1	225.772
1	160.782
1	134.422
1	271.296
1	175.362
1	380.455
1	179.359
1	311.367
1	281.561
1	193.194
1	200.219
1	300.376
1	170.166
1	168.823
1	191.569
1	227.015
1	243.428
1	184.388
1	160.149
1	192.281
1	233.438
1	219.098
1	368.835
1	200.304
1	138.783
1	178.614
1	255.256
1	222.889
1	195.294
1	163.88
1	194.102
1	233.032
1	143.783
1	209.592
1	517.699
1	236.929
1	154.78
1	222.756
1	182.123
1	193.003
1	134.034
1	234.892
1	229.751
1	246.179
1	244.868
1	182.066
1	267.912
1	202.357
1	226.03
1	192.519
1	188.559
1	233.685
1	183.766
1	350.303
1	210.492
1	199.127
1	373.486
1	174.214
1	194.712
1	159.867
1	217.506
1	165.744
1	241.055
1	154.606
1	237.408
1	205.133
1	232.991
1	231.719
1	189.238
1	242.263
1	151.401
1	152.677
1	208.709
1	180.451
1	133.624
1	305.891
1	174.868
1	174.929
1	233.443
1	148.056
1	143.573
1	172.97
1	224.54
1	394.346
1	151.274
1	140.522
1	307.012
1	172.458
1	214.047
1	155.802
1	282.588
1	177.348
1	178.06
1	206.054
1	205.697
1	271.25
1	246.193
1	164.426
1	192.952
1	130.404
1	179.606
0	10.9703
1	219.169
1	257.688
1	302.273
1	187.744
1	211.127
0	0.553954
1	271.169
1	232.54
1	167.316
1	197.679
1	172.97
1	180.453
1	164.496
1	244.748
1	255.526
1	201.725
1	189.095
1	241.058
1	179.444
1	176.656
1	152.48
1	200.959
1	157.384
1	260.025
1	164.658
1	212.55
1	232.743
1	307.926
1	207.497
1	237.651
1	182.838
1	164.319
1	199.414
1	219.907
1	184.925
1	154.685
1	142.471
1	163.825
1	132.523
0	42.7445
1	193.849
1	334.845
0	44.421
1	236.81
1	264.307
1	172.116
1	188.622
1	214.669
1	107.018
1	153.109
1	251.917
1	215.026
1	160.052
1	100.507
1	342.151
1	225.283
1	218.603
1	155.475
1	196.725
1	212.691
1	315.223
1	301.299
1	303.351
1	213.05
1	224.892
1	152.235
1	147.346
1	192.957
1	158.958
1	327.418
1	165.598
1	201.053
1	269.228
1	209.571
1	160.849
1	254.581
1	247.7
1	203.132
1	200.693
1	211.56
1	148.907
1	186.375
1	124.955
1	196.568
1	170.598
1	192.141
1	207.759
1	144.356
1	203.515
1	166.081
1	171.363
1	227.883
1	159.321
1	149.688
1	168.867
1	294.276
1	200.279
1	176.63
1	266.431
1	283.069
1	209.68
0	29.0157
1	154.576
1	167.675
1	196.117
1	150.884
1	172.899
1	211.585
1	157.04
1	129.227
1	190.175
1	178.51
1	139.672
1	175.911
1	272.471
1	207.423
1	194.803
1	187.492
1	145.773
1	186.362
1	217.099
1	256.011
1	125.576
1	217.323
1	132.019
1	155.782
1	349.415
1	141.897
1	163.524
1	155.345
1	339.612
1	152.605
1	200.621
1	182.685
1	165.425
1	249.796
1	205.867
1	188.371
1	222.645
1	142.234
1	124.185
1	210.519
1	197.193
1	161.905
1	212
1	195.509
1	154.868
1	140.082
1	197.539
1	166.214
1	143.106
1	361.242
1	209.975
1	190.426
1	284.714
1	155.093
1	218.932
0	8.70868
1	232.878
1	159.654
1	177.381
1	212.812
1	167.946
1	160.273
1	175.821
1	155.258
1	247.926
1	254.644
1	204.093
1	172.305
1	251.735
1	115.338
1	189.098
1	106.109
1	161.676
1	271.955
1	208.436
1	189.789
1	156.825
1	244.959
1	157.561
1	333.137
1	201.684
1	331.97
1	202.507
1	221.312
1	321.949
1	142.363
1	286.145
1	190.751
1	143.55
1	194.737
1	152.216
1	186.248
1	241.369
1	238.545
1	285.922
1	235.612
1	184.556
1	218.991
1	280.107
1	252.076
1	193.7
1	165.705
1	129.504
1	198.181
1	190.098
1	158.204
1	197.231
1	165.91
1	157.431
1	227.956
1	185.899
1	160.82
1	174.651
1	204.141
1	203.043
1	172.623
1	192.229
1	159.835
1	194.376
1	163.756
1	245.824
1	182.913
1	210.718
1	168.264
1	175.921
1	155.024
1	269.171
1	153.965
1	126.175
1	198.488
1	232.389
1	178.624
1	222.953
1	192.502
1	266.059
1	265.667
1	252.608
1	265.017
1	179.564
1	132.42
1	207.547
1	166.487
1	185.694
1	169.846
1	161.316
1	172.069
1	233.482
1	172.03
1	143.321
1	217.534
1	131.597
1	234.342
1	142.622
1	190.343
1	282.654
1	184.798
1	266.938
1	182.333
1	151.259
1	143.654
1	173.497
1	318.059
1	175.327
1	252.749
1	290.9
1	236.639
1	223.081
1	193.944
1	145.745
1	235.963
1	192.861
1	171.104
1	120.374
1	196.08
1	276.481
1	226.452
1	171.083
1	271.565
1	167.775
1	230.167
1	211.364
1	174.852
1	149.108
1	271.518
1	311.327
1	180.571
1	178.84
1	151.612
1	208.512
1	142.163
1	176.718
1	186.539
1	181.691
1	139.39
1	336.477
1	167.807
1	215.523
1	294.088
1	159.755
1	222.71
1	168.029
1	386.2
1	148.867
1	197.117
1	125.365
1	185.822
1	184.396
1	210.953
1	236.231
1	175.679
1	385.785
1	228.775
1	245.101
1	161.053
1	168.146
1	207.471
1	235.976
1	291.072
1	388.774
1	205.63
1	157.986
1	209.639
1	144.341
1	199.649
1	258.543
1	301.313
1	160.604
1	234.183
1	338.005
1	172.111
1	142.204
1	156.253
1	204.198
1	216.703
1	162.27
1	166.205
1	212.942
1	111.7
1	197.164
1	163.573
1	283.049
1	156.653
1	234.978
1	177.058
1	201.147
1	187.772
1	259.493
1	208.984
1	217.433
1	213.644
1	213.085
1	164.496
1	185.523
1	140.586
1	174.254
1	166.521
1	129.98
1	195.387
1	213.057
1	158.28
1	154.115
1	160.666
1	173.707
1	201.841
1	192.332
1	249.493
1	177.004
1	219.233
1	211.259
1	140.312
1	266.393
1	190.41
1	190.705
1	219.372
1	147.756
1	245.872
1	222.617
1	223.993
1	154.544
1	261.778
1	120.143
1	133
1	242.111
1	292.859
1	186.68
1	134.823
1	244.612
1	174.758
1	272.517
1	326.047
1	212.643
1	141.759
1	182.11
1	251.297
1	199.461
1	149.169
1	172.098
1	213.379
1	177.966
1	207.311
1	124.886
1	213.856
1	204.478
1	175.209
1	296.01
1	176.396
1	183.128
1	162.731
1	161.358
1	241.928
1	195.192
1	186.33
1	190.329
1	280.161
1	139.34
1	248.036
1	197.051
1	161.586
1	208.699
1	252.077
1	224.212
1	170.858
1	208.85
1	157.561
1	222.13
1	270.166
1	196.075
1	261.315
1	244.061
1	189.908
1	151.316
1	164.529
1	154.763
1	217.467
1	170.184
1	170.837
1	205.45
1	165.642
1	186.845
1	222.242
1	181.294
1	230.92
1	247.218
1	209.558
1	184.41
1	259.953
1	305.081
1	120.258
1	194.695
1	237.747
1	152.685
1	188.68
1	217.334
1	192.592
1	161.514
1	167.094
1	236.52
1	147.888
1	215.97
1	134.164
1	192.203
1	234.221
1	180.287
1	217.81
1	191.708
1	245.507
1	232.096
1	206.672
1	171.017
1	231.276
1	200.114
1	210.439
1	210.839
1	144.43
1	213.026
1	321.788
1	359.16
1	235.27
1	221.367
1	167.391
1	157.22
1	295.182
1	228.733
1	200.996
1	211.057
1	281.219
1	158.944
1	251.122
1	158.095
1	183.704
1	192.349
1	186.124
1	216.07
1	213.667
1	222.817
1	270.169
1	171.095
1	152.942
1	229.023
1	146.873
1	177.673
1	146.985
1	157.687
1	275.635
1	166.285
1	221.696
1	312.975
1	185.768
1	176.386
1	195.276
1	165.693
1	187.466
1	204.275
1	196.077
1	151.636
1	328.113
1	154.125
1	217.355
1	149.721
1	175.086
1	293.603
1	249.918
1	138.483
1	185.798
1	255.837
1	174.594
1	154.105
1	258.332
1	172.224
1	189.261
1	168.919
1	248.963
1	190.257
1	248.3
1	177.876
1	257.252
1	150.138
1	210.103
1	186.882
1	173.872
1	280.506
1	186.06
1	189.361
1	275.036
1	195.834
1	226.6
1	147.497
1	220.589
1	171.671
1	180.594
1	196.591
1	156.028
1	176.465
1	236.61
1	220.805
1	184.591
1	209.399
0	182.957
1	216.309
1	274.076
1	137.571
1	165.405
1	210.81
1	182.417
1	196.032
1	300.086
1	156.733
1	173.957
1	200.904
1	184.434
1	312.819
1	187.061
1	161.579
1	190.93
1	307.605
1	184.488
1	177.208
1	293.641
1	160.225
1	154.926
1	185.803
1	234.698
1	153.002
1	229.913
1	199.435
1	211.875
1	169.043
1	253.821
1	126.476
1	129.502
1	174.451
1	282.365
1	210.959
1	289.402
1	159.857
1	233.01
1	208.297
1	240.741
1	189.831
1	272.226
1	141.989
1	205.796
1	188.013
1	190.134
1	209.572
1	190.37
1	279.757
1	186.299
1	199.549
1	280.478
1	154.868
1	146.827
1	175.386
1	341.286
1	147.467
1	182.938
1	270.063
1	154.807
1	244.221
1	127.373
1	155.707
1	168.148
1	188.186
1	150.076
1	144.277
1	231.809
1	297.511
1	159.943
1	223.815
1	259.057
1	154.804
1	287.369
1	178.919
1	154.043
1	159.826
1	243.496
1	309.122
1	200.58
1	173.422
1	165.923
1	173.664
1	159.394
1	162.011
1	287.236
1	133.987
1	197.855
1	137.485
1	136.984
1	170.924
1	299.473
1	339.683
1	288.802
1	177.434
1	175.041
1	272.272
1	139.651
1	237.578
1	178.273
1	291.234
1	260.859
1	120.82
1	181.914
1	143.201
1	192.62
1	185.207
1	295.668
1	184.536
1	144.563
1	197.766
1	152.958
1	206.381
1	143.692
1	192.316
1	193.002
1	207.144
1	133.757
1	168.708
1	142.185
1	235.61
1	135.393
1	241.254
1	163.739
1	163.86
1	160.01
1	176.36
1	245.797
1	164.182
1	273.165
1	236.209
1	231.316
1	222.755
1	213.464
1	185.628
1	221.873
1	175.382
1	160.24
1	150.444
1	207.174
1	202.718
1	235.259
1	206.52
1	207.974
1	153.001
1	231.023
1	156.812
1	213.871
1	240.844
1	259.138
1	176.146
1	179.532
1	222.154
1	194.047
1	174.9
1	273.848
1	177.896
1	179.984
1	204.147
1	176.27
1	209.8
1	175.34
1	309.703
1	163.71
1	187.582
1	201.25
1	199.503
1	210.383
1	215.862
1	280.317
1	197.327
1	171.517
1	165.352
1	191.111
1	252.287
1	250.168
1	216.471
0	3.45101e-05
1	179.484
1	143.033
1	150.728
1	225.044
1	430.14
1	190.809
1	265.78
1	147.83
1	197.573
1	201.835
1	182.391
1	187.363
1	174.796
1	129.94
1	145.414
1	123.177
1	208.948
1	183.806
1	183.573
1	148.648
1	140.629
1	166.543
1	187.709
1	180.851
1	305.677
1	192.719
1	153.364
1	167.493
1	278.574
1	188.026
1	144.504
1	269.445
1	288.32
1	171.357
1	167.068
1	181.945
1	310.636
1	169.476
1	211.937
1	141.551
1	347.664
0	39.3117
1	151.799
1	173.829
1	182.619
1	257.754
1	209.815
1	262.142
1	256.559
1	205.296
1	213.498
1	164.008
1	190.462
1	179.549
1	260.301
1	267.481
1	172.545
1	150.897
1	241.13
1	144.429
1	265.869
1	158.866
1	238.498
1	232.929
1	183.349
1	184.677
1	174.418
1	218.105
1	206.964
1	179.188
1	180.81
1	217.046
1	164.949
1	214.654
1	267.805
1	175.159
1	162.039
1	146.931
1	341.486
1	141.077
1	198.186
1	160.428
1	155.774
1	132.19
1	230.84
1	181.063
1	301.814
1	192.298
1	235.637
1	160.58
1	191.976
1	209.915
1	304.458
1	153.694
1	337.131
1	215.205
1	169.181
1	275.295
1	194.284
1	197.879
1	210.858
1	173.865
1	248.207
1	145.62
1	190.865
1	156.148
1	168.851
1	200.567
1	192.621
1	182.264
1	231.761
1	236.139
1	177.596
1	164.141
1	182.57
1	228.319
1	138.717
1	163.925
1	178.798
1	250.896
1	231.342
1	235.536
1	199.032
1	162.408
1	123.328
1	217.322
1	143.309
1	211.383
1	198.647
1	198.475
1	222.529
1	221.203
1	125.567
1	169.861
1	307.282
1	187.988
1	159.751
1	234.2
1	179.564
1	280.818
1	181.803
1	175.586
1	561.404
1	180.347
1	178.81
1	180.462
1	229.42
1	191.239
1	184.5
1	177.367
1	188.67
1	193.077
1	169.251
1	172.873
1	200.52
1	177.05
1	157.899
1	193.296
1	141.797
1	213.192
1	230.349
1	210.574
1	201.536
1	238.334
1	129.677
1	230.001
1	186.267
1	145.484
1	203.939
1	208.251
1	299.053
1	192.473
1	185.005
1	187.085
1	251.772
1	170.242
1	166.272
1	203.305
1	204.405
1	228.082
1	221.726
1	305.082
1	416.785
1	283.245
1	157.657
0	20.0788
1	196.165
1	165.365
1	242.152
1	212.306
1	202.257
1	164.867
1	334.134
1	186.704
1	216.251
1	218.983
1	221.892
1	203.158
1	172.637
1	188.99
1	168.468
1	219.454
1	226.537
1	185.894
1	218.637
1	257.055
1	176.931
1	163.464
1	181.702
1	170.596
1	200.036
1	183.686
1	141.505
1	233.626
1	229.717
1	280.74
0	15.8358
1	309.312
1	147.362
1	208.776
1	201.107
1	149.956
1	263.592
1	335.999
1	256.373
1	184.053
1	265.13
1	223.399
1	138.437
1	180.941
1	272.792
1	210.734
1	267.047
1	206.478
1	208.68
1	153.669
1	142.972
1	175.254
1	221.799
1	274.317
1	150.025
1	130.684
1	144.681
1	214.761
1	222.219
1	239.803
1	194.17
1	226.853
1	133.261
1	171.103
1	164.196
1	155.956
1	192.94
1	229.335
1	191.933
1	159.68
1	223.748
1	203.301
1	222.014
1	230.119
1	181.066
1	262.061
1	216.017
1	211.432
1	208.471
1	319.341
1	295.066
1	123.84
1	169.976
1	187.703
1	199.236
1	151.184
1	163.777
1	191.867
1	186.261
1	156.406
1	237.879
1	187.815
1	171.767
1	245.747
1	214.044
1	276.898
1	184.83
1	183.833
1	207.416
1	170.84
1	120.866
1	172.952
1	219.286
1	124.29
1	212.827
1	182.086
1	175.764
1	150.67
1	164.036
1	336.765
1	231.28
1	183.492
1	436.96
1	131.291
1	208.643
1	240.581
1	282.953
1	275.709
1	153.055
1	191.892
1	192.82
1	276.377
1	159.109
1	199.651
1	236.659
1	264.337
1	186.493
1	240.101
1	199.575
1	256.646
1	158.717
1	246.887
1	241.271
1	206.626
1	247.918
1	194.57
1	258.755
1	188.911
1	227.172
1	173.833
1	295.384
1	176.266
1	357.484
1	162.038
1	188.755
1	168.398
1	173.051
1	194.918
1	175.667
1	141.569
1	331.829
1	201.111
1	153.313
1	136.778
1	198.35
1	185.856
1	170.448
1	168.068
1	188.832
1	200.157
1	146.027
1	174.549
1	206.349
1	211.492
1	203.187
1	185.505
1	185.953
1	175.021
1	231.784
1	283
1	280.225
1	282.795
1	154.931
1	210.069
1	239.34
1	227.112
1	168.304
1	170.55
1	267.968
1	185.242
1	220.508
1	249.312
1	172.894
1	153.692
1	173.982
1	254.152
1	284.837
1	161.876
1	223.841
1	189.851
1	201.454
1	254.287
1	307.207
1	293.954
1	189.538
1	134.697
1	214.418
1	266.012
1	255.527
1	126.318
1	141.185
1	170.743
1	149.878
1	214.885
1	265.058
1	223.115
1	144.677
1	173.048
1	149.181
1	160.051
1	202.717
1	194.405
1	154.608
1	227.616
1	194.126
1	366.899
1	217.675
1	160.856
1	187.102
1	143.055
1	216.103
1	158.155
1	132.074
1	134.767
1	155.129
1	202.822
1	199.517
1	218.15
1	168.143
1	149.335
1	255.508
1	321.089
1	139.018
1	146.59
1	169.278
1	169.231
1	185.677
1	250.656
1	247.415
1	213.893
1	222.758
1	236.83
1	130.857
1	255.246
1	242.25
1	177.147
1	266.212
1	223.259
1	173.236
1	247.184
1	213.927
1	178.105
1	142.734
1	227.153
1	233.186
1	198.248
1	177.395
1	305.288
1	136.884
1	173.619
1	167.316
1	221.796
1	167.572
1	227.045
1	222.114
1	202.197
1	256.805
1	180.335
1	188.234
1	129.128
1	255.246
1	250.956
1	142.464
1	221.202
1	205.377
1	300.663
1	149.211
1	222.295
1	302.618
1	197.449
1	183.813
1	241.869
1	247.934
1	268.295
1	197.507
1	181.221
1	234.497
1	190.82
1	184.552
1	134.162
1	187.127
1	134.37
1	232.341
1	148.195
1	227.77
1	236.721
1	237.585
1	192.251
1	200.42
1	458.183
1	182.95
1	247.173
1	140.891
1	264.993
1	232.828
1	163.335
1	192.623
1	221.666
1	173.482
1	182.006
1	191.739
1	160.853
1	176.022
1	176.89
1	236.236
1	222.476
1	164.286
1	249.633
1	185.585
1	169.691
1	187.644
1	283.178
1	201.904
1	206.842
1	175.997
1	235.712
1	252.324
1	209.654
1	156.519
1	158.453
1	191.453
1	258.456
1	200.553
1	205.249
1	114.651
1	139.407
1	163.73
1	185.754
1	220.749
1	160.515
1	122.142
1	186.292
1	275.669
1	277.45
1	192.82
1	214.006
1	167.727
1	155.166
1	194.815
1	164.881
1	181.019
1	186.492
1	226.563
1	211.742
1	170.624
1	236.403
1	259.136
1	166.701
1	170.98
1	221.084
1	225.259
1	190.358
1	161.172
1	170.112
1	239.552
1	152.907
1	240.743
1	189.338
1	214.472
1	214.557
1	202.002
1	257.503
1	156.513
1	223.896
1	185.787
1	179.952
1	236.817
1	212.365
1	205.103
1	202.733
1	167.652
1	210.328
1	124.045
1	174.705
1	148.765
1	228.249
1	196.688
1	168.951
1	239.97
1	135.956
1	265.092
1	216.159
1	167.537
1	177.951
1	243.495
1	200.847
1	148.179
1	181.15
1	159.888
1	167.7
1	138.586
1	176.073
1	313.946
1	228.11
1	136.788
1	258.316
1	198.715
1	255.798
1	210.017
1	185.656
1	362.487
1	158.551
1	236.79
1	158.003
1	233.639
1	291.35
1	164.645
1	276.404
1	332.442
1	193.693
1	170.327
1	179.668
1	166.652
1	277.526
1	292.928
1	178.686
1	189.931
1	175.396
1	210.059
1	192.188
1	203.389
1	238.2
1	230.409
1	386.334
1	163.627
1	204.07
1	179.756
1	226.551
1	209.37
1	233.848
1	234.767
1	168.591
1	172.389
1	202.426
1	189.151
1	276.102
1	134.052
1	212.733
1	167.46
1	220.945
1	167.561
1	207.163
1	100.028
1	185.971
1	281.605
1	172.628
1	172.741
1	196.994
1	168.94
1	207.343
1	179.153
1	201.69
1	221.552
1	226.715
1	166.181
1	209.983
1	230.161
0	14.0413
1	240.795
1	231.832
1	177.757
1	195.8
1	166.291
1	123.57
1	441.931
1	165.211
1	213.313
1	179.277
1	247.826
1	223.653
1	197.119
1	287.594
1	145.681
1	164.489
1	198.699
1	179.552
1	136.369
1	212.219
1	165.642
1	171.853
1	257.663
1	301.058
1	208.562
1	215.656
1	253.49
1	253.511
1	196.736
1	230.053
1	184.884
1	181.189
1	239.091
1	243.858
1	156.184
1	186.013
1	206.003
1	158.763
1	196.684
1	201.778
1	173.028
1	127.933
1	219.841
1	329.29
1	243.326
1	173.688
1	227.942
1	234.356
1	132.368
1	157.907
1	184.61
1	188.409
1	179.946
1	248.764
1	186.63
1	139.563
1	202.221
1	185.651
1	202.435
1	100.624
1	269.45
1	153.592
1	380.735
1	185.854
1	282.037
1	236.771
1	173.184
1	217.986
1	133.131
1	209.601
1	154.486
1	209.633
1	185.338
1	160.912
1	155.575
1	170.969
1	154.768
1	208.923
1	151.207
1	215.534
1	185.647
1	209.2
1	255.542
1	149.94
1	163.755
1	149.485
1	228.746
1	159.052
1	298.858
1	166.145
1	162.079
1	187.253
1	200.029
1	269.042
1	241.171
1	306.629
1	273.776
1	170.14
1	188.73
1	213.381
1	308.549
1	155.623
1	187.34
1	160.093
1	170.272
1	222.95
1	172.002
1	303.877
1	167.673
1	141.779
1	159.937
1	203.546
1	178.452
1	294.203
1	173.567
1	211.595
1	150.355
1	151.351
1	189.627
1	215.126
1	202.941
1	142.768
1	271.264
1	291.212
1	205.998
1	187.796
1	273.134
1	190.244
1	183.562
1	208.433
1	262.743
1	166.737
1	158.175
1	186.663
1	181.332
1	158.107
1	190.67
1	217.23
1	200.328
1	179.925
1	227.597
1	253.433
1	183.128
1	213.012
1	284.252
1	209.581
1	184.036
1	204.537
1	178.336
1	259.683
1	221.745
1	219.638
1	175.791
1	138.054
1	323.22
1	224.262
1	213.982
1	168.348
1	179.843
1	143.958
1	185.867
1	148.613
1	291.175
1	241.443
1	210.075
1	214.286
1	180.226
1	276.925
1	175.394
1	233.807
1	168.184
1	199.844
1	169.723
1	197.998
1	191.047
1	312.095
1	209.307
1	214.537
1	151.903
1	153.399
1	229.567
1	280.163
1	263.693
1	317.403
1	173.281
1	157.459
1	150.953
1	168.948
1	211.791
1	257.269
1	172.544
1	198.52
1	233.179
1	235.168
1	206.39
1	213.451
1	178.408
1	180.239
1	205.661
1	218.606
1	305.457
1	271.144
1	182.103
1	157.137
1	176.266
1	170.099
1	198.509
1	190.026
1	288.136
1	131.107
1	173.464
1	216.995
1	207.297
1	255.622
1	158.877
1	219.843
1	191.296
1	177.979
1	156.336
1	224.471
1	289.551
1	168.888
1	206.999
1	280.185
1	296.85
1	248.64
1	139.612
1	168.77
1	170.547
1	181.333
1	137.049
1	226.284
1	160.641
1	155.618
1	206.171
1	150.266
1	207.366
1	238.942
1	126.807
1	232.762
1	301.656
1	185.811
1	183.017
1	179.29
1	165.47
1	404.648
1	167.828
1	241.036
1	151.965
1	178.726
1	190.863
1	182.651
1	213.844
1	216.954
0	132.747
1	150.931
1	177.926
1	236.809
1	167.065
1	233.094
1	173.704
1	149.016
1	335.585
1	143.809
1	209.767
1	172.271
1	220.046
1	228.251
1	160.582
1	230.243
1	197.896
1	183.701
1	212.142
1	198.202
1	156.01
0	10.7728
1	142.741
1	195.818
1	131.533
1	162.223
1	202.051
1	210.313
1	232.626
1	215.337
1	246.109
1	170.403
1	235.395
1	125.369
1	191.089
1	183.644
1	219.146
1	350.176
1	180.933
1	333.675
1	202.98
1	256.255
1	339.398
1	247.937
1	177.467
1	197.839
1	185.936
1	196.345
1	188.453
1	185.492
1	201.185
1	275.039
1	200.486
1	157.337
1	220.966
1	206.395
1	138.231
1	327.769
1	198.475
1	229.131
1	205.518
1	211.339
1	164.801
1	207.096
1	183.445
1	226.084
1	232.207
1	225.331
1	196.183
1	247.287
1	156.095
1	233.663
1	279.061
1	357.176
1	176.631
1	133.311
1	151.995
1	245.136
1	137.454
1	264.507
1	153.469
1	220.617
1	199.387
1	153.383
1	208.992
1	190.653
1	216.38
1	243.334
1	189.174
1	186.147
1	309.831
1	206.717
1	323.122
1	217.852
1	181.753
1	176.49
1	147.067
1	438.544
1	187.185
1	337.341
1	257.786
1	136.553
1	296
1	166.158
1	171.381
1	189.161
1	299.373
1	205.598
1	153.784
1	268.925
1	282.415
1	170.945
1	133.582
1	264.421
1	229.54
1	267.979
1	195.617
1	146.095
1	261.589
1	175.136
1	188.761
1	212.361
1	201.996
1	238.151
1	145.058
1	189.533
1	260.811
1	159.136
1	283.675
1	185.74
1	265.968
1	169.056
1	177.137
1	120.051
1	178.829
1	206.529
1	178.997
1	326.515
1	195.426
1	185.188
1	265.95
1	202.203
1	203.576
1	134.883
1	182.346
1	178.2
1	332.904
1	173.82
1	206.625
1	162.572
1	239.805
1	309.902
1	276.156
1	131.08
1	228.529
1	241.33
1	213.621
1	161.107
1	200.709
1	191.042
1	254.849
1	242.265
1	221.097
1	185.431
1	150.022
1	189.289
1	136.379
1	217.164
1	232.097
1	276.943
1	171.251
1	100.61
1	176.854
1	135.671
1	230.978
1	127.558
1	216.706
1	180.008
1	263.578
1	181
1	183.365
1	227.421
1	160.629
1	231.113
1	170.768
1	135.37
1	183.794
1	203.974
1	176.445
1	157.644
1	152.962
1	199.441
1	240.901
1	279.746
1	112.254
1	263.658
1	206.165
1	181.924
1	129.546
1	171.489
1	213.947
1	262.23
1	178.644
1	171.555
1	198.085
1	229.731
1	195.252
1	201.877
1	172.218
1	142.487
1	244.024
1	278.329
1	164.223
1	198.263
1	212.298
1	143.057
1	400.787
1	238.494
1	179.87
1	259.006
1	212.122
1	173.628
1	243.371
1	160.238
1	164.272
1	156.907
1	240.454
1	171.275
1	200.892
1	125.297
1	211.548
1	190.628
1	194.865
0	40.1251
0	24.5438
1	171.416
1	174.562
1	258.487
1	220.304
1	204.211
1	163.85
1	169.722
1	205.891
1	233.224
1	147.969
1	262.482
1	201.293
1	282.847
1	141.279
1	268.977
1	238.887
1	155.347
1	259.058
1	138.768
1	180.637
1	178.156
1	238.479
1	190.365
1	212.815
1	185.752
1	220.243
1	173.341
1	200.45
1	185.265
1	210.694
1	253.566
1	254.963
1	180.037
1	197.115
1	240.094
1	197.999
1	252.235
1	192.079
1	155.664
1	266.188
1	141.299
1	160.823
1	179.471
1	157.103
1	173.326
1	181.451
1	268.75
1	221.845
1	131.405
1	144.166
1	162.219
0	14.0794
1	201.413
1	161.098
1	213.709
1	265.124
1	249.364
1	289.396
1	149.762
1	153.615
1	212.928
1	195.025
1	158.643
1	242.68
1	197.785
1	242.24
1	169.176
1	174.284
1	164.387
1	214.365
1	257.585
1	274.294
1	191.753
1	212.471
1	204.972
1	193.37
1	345.983
1	181.606
1	135.774
1	150.792
1	216.987
1	166.145
1	199.122
1	137.013
1	197.032
1	171.925
1	220.028
1	214.525
1	281.354
1	286.199
1	204.806
1	197.962
1	206.662
1	169.883
1	242.266
1	210.028
1	221.728
1	232.17
1	179.511
1	264.491
1	178.341
1	164.918
1	300.529
1	271.28
1	192.393
1	203.218
1	312.812
1	219.638
1	256.923
1	191.637
1	187.959
1	305.051
1	142.896
1	151.539
1	163.047
1	189.255
1	235.693
1	222.208
1	177.768
1	148.529
1	258.273
1	176.379
1	247.719
1	148.431
1	186.782
1	219.242
1	145.217
1	207.589
1	189.778
1	147.6
1	148.185
1	178.767
1	143.687
1	220.236
1	182.471
1	193.858
1	283.753
1	168.86
1	213.968
1	198.516
1	136.89
1	149.365
1	185.454
1	214.444
1	160.824
1	169.802
1	187.322
1	242.813
1	137.102
1	231.486
1	120.476
1	154.853
1	281.716
1	133.47
1	289.831
1	157.833
1	300.621
1	184.99
1	210.374
1	208.482
1	190.401
1	172.677
1	182.721
1	180.014
1	116.77
1	216.737
1	199.551
1	154.212
1	138.461
1	189.112
1	152.469
1	143.373
0	54.8957
1	281.529
1	229.633
1	173.421
1	223.423
1	139.749
1	199.853
1	183.334
1	192.29
1	145.238
1	181.774
1	201.479
1	170.709
1	221.039
1	263.835
0	13.2482
1	176.852
1	201.984
1	204.761
1	139.605
1	273.965
1	186.132
1	285.571
1	147.61
1	243.905
1	184.328
1	254.251
1	277.742
1	198.541
1	209.299
1	181.836
1	174.534
1	394.719
1	260.492
1	261.16
1	169.631
1	219.525
1	197.243
1	136.096
1	169.534
1	240.1
1	189.699
1	234.514
1	138.992
1	277.35
1	153.049
1	188.299
1	194.288
1	191.058
1	181.245
1	207.304
1	220.067
1	187.35
1	302.394
1	219.489
1	253.013
1	206.561
1	162.795
1	196.648
1	201.48
1	177.115
1	229.196
1	227.509
1	248.289
1	179.946
1	200.795
1	141.069
1	171.139
1	256.753
1	264.634
1	214.837
1	264.072
1	373.2
1	229.133
1	186.503
1	214.605
1	210.83
1	167.007
1	258.602
1	204.807
1	294.298
1	211.03
1	144.396
1	167.023
1	178.712
1	133.011
1	232.168
1	127.533
1	218.834
1	235.984
1	143.828
1	166.322
1	158.313
1	177.233
1	187.092
1	135.152
1	153.6
1	286.4
1	246.048
1	153.844
1	187.722
1	128.481
1	136.13
1	228.615
1	201.424
1	252.634
1	194.701
1	279.476
1	173.957
1	148.683
1	237.124
1	233.822
1	184.697
1	176.586
1	211.658
1	172.232
1	241.44
1	134.854
1	178.829
1	177.124
1	205.806
1	220.447
1	251.84
1	234.529
1	181.338
1	226.635
1	247.392
1	183.964
1	197.087
1	232.015
1	287.797
1	198.829
1	157.304
1	235.226
1	238.877
1	145.519
1	129.516
1	199.912
1	141.451
1	210.15
1	156.749
1	234.265
1	191.156
1	244.748
1	241.066
1	165.859
1	179.978
1	203.301
1	191.526
1	163.519
1	241.572
1	197.344
1	207.751
1	274.23
1	172.443
1	139.828
1	190.539
1	159.713
1	196.385
1	216.62
1	214.857
1	140.062
1	198.805
1	168.625
1	182.516
1	126.232
1	221.428
1	206.539
1	168.32
1	219.165
1	240.686
1	184.806
1	161.192
1	211.19
1	189.137
1	170.948
1	176.964
1	200.45
1	159.819
1	236.3
1	162.182
1	160.917
1	214.173
1	196.884
1	300.67
1	360.791
1	253.242
1	185.837
1	106.857
1	238.981
1	310.274
1	279.111
1	160.854
1	234.085
1	196.053
1	184.034
1	182.584
1	202.429
1	131.76
1	294.548
1	189.86
1	246.252
1	164.005
1	160.979
1	192.302
1	180.106
1	285.718
1	341.311
1	187.658
1	195.233
1	173.432
1	190.895
1	164.274
1	214.823
1	165.838
1	264.416
1	208.244
1	256.614
1	156.616
1	142.287
1	208.343
1	206.469
1	280.542
1	190.654
1	153.48
1	321.561
1	163.519
1	165.586
1	169.359
1	219.608
1	302.4
1	169.815
1	189.849
1	216.822
1	233.009
1	299.758
1	222.334
1	163.319
1	263.034
1	226.98
1	185.559
1	139.579
1	186.07
1	208.488
1	202.32
1	245.513
1	256.167
1	215.894
1	268.609
1	230.893
1	319.398
1	120.373
1	217.651
1	168.025
1	158.179
1	183.319
1	217.938
1	153.08
1	204.397
1	199.466
1	208.792
1	221.755
1	245.361
1	188.129
1	233.616
1	235.435
1	305.058
1	180.743
1	200.219
1	229.235
1	194.299
1	173.845
1	161.63
1	218.667
1	177.756
1	215.909
1	178.467
1	188.228
1	160.894
1	155.79
1	202.494
1	175.82
1	352.245
1	293.79
1	151.826
1	249.561
1	181.167
1	178.253
1	191.246
1	169.188
1	234.239
1	256.557
1	302.978
1	232.978
1	187.274
1	273.147
1	210.594
1	155.887
1	182.177
1	306.47
1	129.966
1	208.668
1	149.91
1	194.314
1	185.359
1	154.859
1	159.771
1	284.903
1	243.681
1	209.545
1	185.427
1	180.816
1	170.446
1	156.171
1	270.984
1	143.765
1	180.642
1	193.097
1	178.036
1	236.984
1	199.392
1	208.511
1	208.496
1	209.542
1	179.061
1	126.45
1	171.13
1	206.725
1	192.467
1	244.149
1	169.261
1	163.818
1	247.767
1	149.455
1	216.824
1	178.537
1	215.977
1	216.227
1	198.76
1	281.3
1	137.438
1	165.695
1	163.341
1	209.887
1	165.525
1	250.771
1	221.101
1	123.357
1	196.107
1	186.054
1	144.098
1	214.289
1	225.203
1	222.487
1	218.234
1	204.896
1	125.81
1	170.026
1	242.58
1	194.246
1	150.341
1	151.549
1	192.681
1	173.878
1	206.103
1	170.111
1	161.198
1	175.341
1	296.893
1	170.705
1	214.762
1	274.876
1	224.421
1	202.902
1	190.875
1	200.281
1	142.986
1	220.444
1	132.875
1	197.103
1	139.376
1	189.453
1	148.768
1	192.041
1	315.051
1	171.095
1	382.099
1	206.916
1	188.676
1	241.107
1	161.412
1	238.591
1	164.846
1	227.624
1	189.747
1	230.76
1	189.723
1	170.573
1	207.392
1	196.772
1	216.85
1	224.622
1	158.727
1	279.684
1	225.358
1	184.451
1	294.052
1	294.726
1	192.449
1	185.369
1	257.431
1	192.308
1	155.833
1	149.208
1	161.719
1	249.717
1	265.736
1	201.267
1	215.06
1	222.529
1	146.201
1	199.285
1	223.202
1	294.399
1	260.411
1	172.255
1	125.91
1	177.803
1	163.347
1	213.804
1	293.975
1	215.65
1	236.373
1	176.602
1	140.633
1	192.482
1	241.997
1	156.967
1	163.443
1	202.558
1	201.136
1	310.765
1	137.665
1	215.738
1	144.938
1	260.876
1	183.226
1	163.039
1	214.543
1	159.038
1	193.896
1	375.868
1	136.428
1	201.72
1	201.041
1	166.686
1	197.13
1	120.823
1	156.082
1	273.382
1	135.609
1	145.243
1	163.91
1	258.162
1	313.199
1	182.433
1	185.986
1	254.465
1	254.362
1	187.699
1	172.096
1	142.495
1	189.159
1	193.564
1	134.778
1	346.681
1	141.74
1	264.553
1	308.096
1	249.071
1	171.775
1	157.999
1	193.255
1	207.673
1	147.793
1	212.732
1	215.359
1	160.159
1	246.095
1	152.829
1	182.268
1	249.494
1	201.831
1	186.331
1	192.79
1	244.466
1	166.193
1	252.34
1	179.228
1	247.838
1	233.726
1	147.631
1	159.955
1	308.946
1	174.208
1	125.221
1	212.664
1	227.63
1	204.198
1	184.675
1	223.399
1	164.189
1	285.641
1	194.76
1	183.806
1	251.162
1	158.677
1	156.633
1	205.639
1	254.485
1	202.094
1	295.27
1	166.802
1	293.278
1	199.348
1	280.314
1	172.142
1	189.459
1	241.107
1	183.155
1	180.959
1	263.388
1	229.076
1	156.381
1	188.93
1	181.285
1	172.397
1	189.655
1	268.161
1	270.229
0	25.0662
1	217.361
1	233.714
1	167.932
1	252.904
1	135.633
1	181.867
1	186.166
1	218.213
1	188.281
1	173.515
1	147.036
1	246.063
1	173.469
1	204.822
1	186.215
1	265.989
1	123.709
1	242.385
1	207.524
1	170.58
1	232.98
1	174.334
1	418.55
1	128.097
1	215.98
1	238.871
1	195.973
1	134.948
1	251.171
1	183.034
1	228.916
1	199.64
1	140.764
1	199.008
1	173.952
1	152.987
1	171.124
1	304.509
1	158.765
1	181.78
1	273.74
1	215.163
0	15.288
1	204.817
1	158.968
1	237.206
1	168.918
1	143.446
1	252.553
1	239.436
1	201.556
1	146.137
1	193.307
1	188.591
1	171.736
1	138.4
1	207.101
1	257.568
1	223.218
1	236.568
1	190.645
1	308.316
1	196.912
1	175.733
1	141.014
1	178.853
1	215.228
1	173.389
1	236.674
1	164.719
1	325.298
1	284.571
1	149.481
1	205.673
1	229.775
1	177.049
1	240.661
1	208.264
1	200.562
1	218.043
1	147.158
1	168.766
1	216.269
1	232.569
1	164.446
1	177.647
1	259.956
1	257.456
1	177.011
1	153.718
1	221.141
1	151.605
1	230.605
1	201.686
1	241.012
1	148.478
1	206.145
1	166.153
1	201.192
1	189.152
1	221.2
1	194.711
1	209.89
1	151.656
1	182.582
1	196.575
1	308.023
1	138.288
1	162.791
1	202.02
1	180.618
1	152.101
1	187.577
1	171.853
1	295.139
1	183.071
1	229.393
1	169.184
1	258.498
1	159.502
1	213.933
1	237.68
1	125.997
1	317.827
1	167.991
1	159.274
1	188.624
1	120.567
1	233.003
1	140.761
0	10.8854
1	373.035
1	209.528
1	236.087
1	214.999
1	183.169
1	165.754
1	197.513
1	173.536
1	243.732
1	192.611
1	136.489
1	157.594
1	240.959
1	171.28
1	282.621
1	168.786
1	204.45
1	266.424
1	219.247
1	202.233
1	161.077
1	163.01
1	224.056
1	281.096
1	188.754
1	207.582
1	139.038
1	147.973
1	186.706
1	223.332
1	237.674
1	132.53
1	138.502
1	365.131
1	159.994
1	160.999
1	235.011
1	187.853
1	293.627
1	177.422
1	128.091
1	130.737
1	187.584
1	160.63
1	134.024
1	263.874
1	169.687
1	219.478
1	159.478
1	167.447
1	202.668
1	166.106
1	168.944
1	224.68
1	179.628
1	164.663
1	188.607
1	261.777
1	156.377
1	147.96
1	239.914
1	154.565
1	171.885
1	183.381
1	159.76
1	197.035
1	180.688
1	206.449
1	188.45
1	353.843
1	161.313
1	241.19
1	203.569
1	282.64
1	211.955
1	161.487
1	237.628
1	260.44
1	195.975
1	163.401
1	141.79
1	242.379
1	213.233
1	273.064
1	218.428
1	180.856
1	247.472
1	190.264
1	174.903
1	182.308
1	286.464
1	165.227
1	200.763
1	208.829
1	149.998
1	176.264
1	198.483
1	177.223
1	216.835
1	289.483
1	210.197
1	136.712
1	186.61
1	208.479
1	209.904
1	182.492
1	170.157
1	227.814
1	177.64
1	292.784
1	193.62
1	223.605
1	148.403
1	197.079
1	160.662
1	237.703
1	243.496
1	175.522
1	203.898
1	269.991
1	181.836
1	244.678
1	161.911
1	127.187
1	155.749
1	167.137
1	197.833
1	200.652
1	223.634
1	198.808
1	310.89
1	203.13
1	255.621
1	165.417
1	148.315
1	185.353
1	186.915
1	198.137
1	213.201
1	179.293
1	226.743
1	143.482
1	181.631
1	258.111
1	162.595
1	296.603
1	290.042
1	236.052
1	309.678
1	142.49
1	280.093
1	207.914
1	207.885
1	158.785
1	180.358
1	230.86
1	126.433
1	189.055
1	237.071
1	218.065
1	150.929
1	187.84
1	153.694
1	138.424
1	234.156
1	189.43
1	169.472
1	235.535
1	208.045
1	202.734
1	234.127
1	172.461
1	184.911
1	219.721
1	359.948
1	174.226
1	236
1	210.167
1	182.17
0	71.0994
1	309.689
1	165.603
1	195.112
1	183.007
1	194.905
1	224.487
1	196.778
1	207.047
1	285.379
1	237.539
1	173.999
1	146.954
1	259.686
1	239.768
1	273.127
1	235.262
1	235.116
1	270.251
1	173.078
1	171.873
1	380.094
0	32.6692
1	365.128
1	322.909
1	230.611
1	191.605
1	131.324
1	208.402
1	267.62
1	151.836
1	236.482
1	212.072
1	190.605
1	195.907
1	122.631
1	201.081
1	225.041
1	133.684
1	165.68
1	168.807
1	186.11
1	153.054
1	124.09
1	174.827
1	238.574
1	197.81
1	213.36
1	183.577
1	137.857
1	177.849
1	154.333
1	360.182
1	167.814
1	354.779
1	153.898
1	163.669
1	151.723
1	143.088
1	145.859
1	216.572
1	182.337
1	189.841
1	273.156
1	261.324
1	236.584
1	241.685
1	168.808
1	201.688
1	208.155
1	173.483
1	181.385
1	208.214
1	270.601
1	253.934
1	178.738
1	213.106
1	150.774
1	297.438
1	211.473
1	201.347
1	154.543
1	232.92
1	241.253
1	164.666
1	341.557
1	167.263
1	248.407
1	213.936
1	205.219
1	191.136
1	212.54
1	198.506
1	248.839
1	170.146
1	205.937
1	171.046
1	195.163
1	282.092
1	353.035
1	384.003
1	213.358
1	153.005
1	185.436
1	184.274
1	199.714
1	236.955
1	213.126
1	165.422
1	232.273
1	232.529
1	147.796
1	214.152
1	272.612
1	215.053
1	227.517
1	170.313
1	240.306
1	295.19
1	207.538
1	195.95
1	204.442
1	212.929
1	171.039
1	195.866
1	154.9
1	154.407
1	314.243
1	138.257
1	218.946
1	159.789
1	287.678
1	169.243
1	284.813
1	179.722
1	224.63
1	280.673
1	181.592
1	166.332
1	183.112
1	202.898
1	173.066
1	190.608
1	202.173
1	150.895
1	165.36
1	313.388
1	145.698
1	172.287
1	216.977
1	177.044
1	191.685
1	226.137
1	191.014
1	311.267
1	173.943
1	165.43
1	169.42
1	199.977
1	145.629
1	291.355
1	235.363
1	220.682
1	169.989
1	206.822
1	187.426
1	119.215
1	152.958
1	189.317
0	8.7145
1	296.34
1	216.393
1	234.668
1	259.243
1	174.076
1	153.675
1	176.958
1	358.515
1	204.409
1	266.989
1	172.449
1	144.091
1	334.282
1	261.974
1	280.986
1	150.115
1	227.779
1	197.732
1	210.886
1	182.78
1	178.562
1	173.748
1	193.837
1	192.419
1	244.033
1	251.424
1	156.118
1	313.51
1	217.682
1	152.755
1	163.187
1	216.194
1	241.008
1	163.609
1	262.492
1	204.233
1	157.228
1	205.051
1	194.491
1	193.629
1	201.771
1	208.962
1	240.707
1	146.55
1	261.387
1	202.127
1	201.43
1	162.646
1	204.652
1	143.648
1	272.444
1	195.808
1	155.313
1	186.57
1	218.638
1	328.74
1	156.639
1	198.23
1	261.903
1	237.589
1	169.646
1	111.185
1	202.026
1	264.528
1	133.1
1	196.648
1	268.943
1	142.202
1	156.855
1	142.981
1	177.191
1	352.348
1	183.517
1	146.113
1	207.958
1	192.301
1	156.129
1	234.884
1	270.056
1	245.979
1	174.346
1	158.379
1	124.122
1	189.891
1	127.63
1	138.457
1	257.365
1	194.937
1	151.294
1	224.681
1	269.935
1	208.882
1	188.427
1	207.404
1	163.316
1	206.051
1	180.245
1	289.743
1	140.726
1	161.307
1	185.809
1	222.557
1	289.715
1	244.568
1	171.106
1	229.131
1	209.498
1	192.213
1	220.758
1	238.781
1	222.542
1	328.765
1	202.584
1	214.94
1	202.838
1	176.027
1	134.208
1	354.723
1	168.293
1	255.786
1	144.121
1	181.431
1	262.676
1	187.973
1	193.882
1	271.978
1	209.268
1	199.366
1	179.864
1	269.294
1	291.64
0	33.9415
1	262.586
1	180.064
1	164.673
1	197.492
1	201.238
1	133.459
1	212.252
1	167.715
1	149.851
1	213.124
1	252.82
1	310.948
1	311.182
1	180.634
1	126.165
1	268.305
1	160.399
1	151.666
1	113.931
1	224.586
1	185.631
1	184.924
1	199.126
1	213.028
1	146.051
1	214.828
1	220.508
1	139.304
1	219.42
1	163.266
1	145.93
1	246.633
1	205.773
1	331.484
1	208.754
1	195.438
1	150.18
1	190.45
1	185.154
1	270.609
1	217.716
1	202.141
1	164.825
1	261.711
1	170.966
1	172.931
1	205.051
1	207.327
1	153.257
1	268.216
1	199.66
1	222.136
1	187.571
1	172.639
1	123.775
1	214.947
1	186.339
1	221.224
1	214.151
1	216.403
1	205.047
1	230.451
1	115.12
1	247.953
1	293.753
1	533.169
1	158.849
1	226.051
1	235.009
1	147.479
1	179.363
1	167.955
1	257.063
1	247.233
1	101.039
1	189.137
1	168.895
1	224.716
1	168.062
1	223.775
1	226.308
1	269.092
1	197.692
1	342.546
1	320.878
1	340.58
1	206.439
1	246.412
1	216.498
1	151.973
1	176.913
1	207.728
1	237.493
1	120.914
1	138.05
1	201.671
1	161.401
1	178.635
1	255.255
1	206.983
1	228.142
1	158.314
1	219.729
1	231.883
1	179.996
1	168.494
1	304.226
1	164.482
1	189.216
1	182.843
1	190.734
1	164.762
1	219.1
1	147.288
1	220.919
1	240.664
1	293.653
1	261.204
1	260.653
1	214.057
1	214.866
1	191.119
1	199.453
1	165.575
1	159.704
1	153.57
1	297.289
1	179.264
1	166.421
1	372.985
1	220.896
1	198.462
1	191.005
1	192.096
1	157.377
1	189.945
1	275.044
1	157.328
1	220.416
1	233.061
1	213.946
1	167.802
1	132.196
1	273.145
1	201.647
1	190.946
1	224.385
1	129.826
1	140.585
1	179.854
1	157.415
1	180.87
1	147.551
1	196.474
1	194.603
1	186.671
1	200.364
1	181.023
1	180.265
1	214.831
1	173.215
1	188.733
1	168.746
1	193.641
1	194.091
1	418.485
1	125.875
1	255.842
1	228.299
1	191.625
1	208.154
1	177.278
1	218.073
1	243.877
1	205.339
1	174.248
1	182.617
1	217.177
1	145.541
1	237.168
1	199.855
1	238.002
1	169.804
1	217.073
1	275.641
1	194.371
1	259.329
1	169.716
1	276.259
1	133.613
1	152.142
1	231.52
1	235.941
1	182.195
1	205.342
1	206.977
1	281.9
1	163.671
1	244.496
1	214.716
1	227.951
1	166.115
1	216.205
1	177.292
1	162.088
1	300.496
1	164.605
1	251.072
1	161.911
1	181.782
1	169.324
1	230.541
1	182.963
1	166.268
1	212.052
1	149.721
1	183.392
1	292.508
1	148.272
1	208.779
1	164.288
1	188.073
1	195.908
1	149.016
1	96.2502
1	212.465
1	276.951
1	205.952
1	140.311
1	154.06
1	290.766
1	247.376
1	123.43
1	162.547
1	200.498
1	162.004
1	332.385
1	146.468
1	227.544
1	194.898
1	153.744
1	190.061
1	181.09
1	202.243
1	236.716
1	230.309
0	1.46618
1	224.746
1	222.245
1	188.654
1	129.478
1	380.877
1	185.254
1	202.444
1	217.242
1	228.309
1	207.738
1	234.84
1	204.518
1	144.729
1	181.035
1	172.851
1	223.655
1	185.275
1	174.296
1	147.842
1	235.521
1	167.058
1	193.384
1	233.754
1	162.657
1	245.404
1	137.689
1	161.118
1	250.266
1	201.592
1	259.573
0	109.7
1	191.379
1	136.097
1	246.648
1	326.639
1	161.443
1	198.857
1	185.437
1	187.423
1	213.35
1	203.592
1	179.27
1	335.908
1	223.581
1	257.352
1	154.591
1	172.129
1	198.762
1	160.962
1	234.249
1	161.136
1	228.279
1	252.587
1	175.332
1	256.514
1	168.606
1	168.338
1	184.043
1	225.466
1	203.69
1	214.337
1	174.985
1	199.018
1	196.114
1	131.044
1	165.735
1	147.024
1	167.277
1	214.629
1	294.694
1	270.485
1	214.007
1	213.126
1	264.744
1	184.84
1	134.477
1	158.468
1	284.763
1	249.786
1	237.519
0	9.78588
1	147.981
1	194.457
1	165.518
1	150.48
1	200.276
1	184.758
1	185.134
1	170.311
1	130.153
1	160.838
1	158.065
0	20.2329
1	232.914
1	144.216
1	214.735
1	237.137
1	224.955
1	247.933
1	119.984
1	123.511
1	200.038
1	209.889
1	180.148
1	241.756
1	255.882
1	218.602
1	234.148
1	175.002
1	226.928
1	154.634
1	144.124
1	172.112
1	168.691
1	275.45
1	160.074
1	218.921
1	280.657
1	213.242
1	168.329
1	239.559
1	200.851
1	228.814
1	244.115
1	171.819
1	235.981
1	197.832
1	204.621
1	209.113
1	253.851
1	206.385
1	148.188
1	193.465
1	223.284
1	146.923
1	154.724
1	222.4
1	157.939
1	207.243
1	150.361
1	134.358
1	200.526
1	170.485
1	190.013
1	154.393
1	146.47
1	164.114
1	148.255
1	128.457
1	252.991
1	150.518
1	252.015
1	159.535
1	207.129
1	97.7284
1	163.655
1	179.361
1	137.805
1	226.443
1	190.695
1	205.269
1	206.013
1	259.374
1	166.193
0	61.6924
1	311.598
1	286.484
1	271.733
1	289.355
1	183.426
1	211.911
1	218.246
1	138.993
1	199.182
1	301.805
1	254.125
1	178.584
1	250.541
1	229.672
1	196.406
1	174.151
1	158.035
1	260.574
1	202.83
1	159.528
1	202.926
1	292.056
1	155.357
1	173.367
1	193.807
1	233.97
1	261.295
1	202.58
1	214.105
1	196.474
1	269.495
1	200.42
1	299.335
1	172.708
1	220.435
1	221.245
1	169.936
1	154.729
1	292.825
1	191.772
1	233.108
1	297.453
1	155.432
1	168.364
1	187.315
1	171.282
1	165.021
1	220.784
1	197.639
1	178.4
1	163.077
1	197.908
1	206.995
1	230.455
1	196.101
1	206.891
1	183.389
1	199.817
1	153.444
1	140.654
1	182.985
1	173.126
1	172.997
1	194.827
1	254.448
1	121.299
1	179.28
1	303.993
1	273.215
1	203.555
1	187.685
1	231.176
1	126.382
1	204.488
1	162.169
1	264.435
1	185.239
1	233.966
1	189.741
1	314.352
1	142.609
1	265.32
0	61.8452
1	214.137
0	80.9064
1	130.537
1	194.209
1	168.685
1	165.593
1	238.931
1	207.652
1	261.692
1	218.937
1	213.314
1	169.197
1	161.969
1	198.847
1	144.69
1	224.837
1	198.52
1	208.827
1	188.072
1	208.158
1	180.217
1	149.561
1	206.927
1	191.057
1	177.87
1	183.374
1	189.885
1	140.655
1	246.553
1	166.277
1	178.421
1	168.033
1	223.125
1	166.391
1	214.229
1	335.171
1	160.261
1	154.634
1	132.783
1	220.611
1	180.005
1	134.693
1	137.444
1	182.243
1	176.348
1	165.729
1	173.653
1	235.841
1	309.637
1	229.333
1	325.834
1	156.798
1	260.687
1	160.899
0	5.03953
1	222.434
1	148.949
1	284.081
1	190.79
1	207.677
1	238.948
1	263.59
1	190.632
1	223.636
1	191.437
1	442.624
1	195.883
1	195.58
1	185.303
1	159.634
1	210.663
1	132.055
1	167.8
1	222.75
1	172.606
1	234.321
1	140.852
1	200.788
1	135.102
1	217.96
1	153.747
1	149.882
1	242.921
1	175.694
1	435.493
1	180.5
1	212.183
1	138.446
1	213.545
1	198.234
1	158.77
1	194.909
1	211.929
1	239.502
0	9.77102
1	152.932
1	119.55
1	152.981
1	249.058
1	196.971
1	317.155
1	159.141
1	313.759
1	186.418
1	204.601
1	207.19
1	267.154
1	149.17
1	146.516
1	152.427
1	248.143
1	195.609
1	193.184
1	253.971
1	145.732
1	206.014
1	284.552
1	147.945
1	225.797
1	244.352
1	182.206
0	72.6006
1	239.575
0	86.1701
1	155.449
1	279.105
1	170.541
1	207.544
1	267.74
1	176.167
1	168.687
1	210.882
1	165.045
1	269.935
1	234.276
1	220.865
1	170.259
1	182.036
1	249.758
1	199.679
1	164.956
1	250.954
0	48.934
1	165.204
1	256.908
1	290.274
1	208.463
1	192.363
1	212.055
1	221.863
1	261.073
1	310.131
1	221.053
1	181.877
1	163.673
1	127.215
1	135.747
1	165.495
0	3.88007
1	176.475
1	175.155
1	168.874
1	154.157
1	219.045
1	231.494
1	118.454
1	252.04
1	202.854
1	207.956
1	213.714
1	198.12
1	169.599
1	172.032
1	146.543
1	185.58
1	236.272
1	247.16
1	132.583
1	146.38
1	317.154
1	272.517
1	201.912
1	132.866
1	262.519
1	187.916
1	198.611
1	181.874
1	194.558
1	149.437
1	213.778
1	417.041
1	211.319
1	170.936
1	172.386
1	169.953
1	173.954
1	181.506
1	256.597
1	187.857
1	191.995
1	188.341
1	236.575
1	211.384
1	163.867
1	205.02
1	196.579
1	202.432
1	259.819
1	257.092
1	189.71
1	128.324
1	225.292
1	210.499
1	182.967
1	194.711
1	201.248
1	227.324
1	254.027
1	145.15
1	171.605
0	23.9471
1	177.43
1	452.348
1	218.59
1	327.226
1	206.778
1	184.735
1	175.451
1	248.447
1	305.302
1	158.555
1	173.347
1	141.376
1	199.755
1	238.901
1	192.224
1	154.284
1	195.87
1	182.77
1	124.284
1	247.751
1	278.21
1	224.703
1	224.183
1	149.257
1	202.454
1	179.146
1	240.519
1	219.178
1	218.676
1	155.84
1	163.179
1	168.901
1	228.015
1	214.037
1	206.152
1	224.077
1	173.73
1	160.981
1	206.765
1	171.007
1	239.974
1	201.844
1	217.277
1	148.702
1	121.483
1	267.425
1	178.018
1	187.516
1	273.701
1	240.518
1	182.165
1	130.823
1	208.329
1	202.072
1	266.098
1	217.031
1	206.326
1	368.445
1	243.825
1	156.338
1	200.826
1	179.541
1	197.485
1	233.953
1	208.957
1	223.695
1	247.916
1	201.468
1	214.904
1	232.326
1	209.047
1	176.973
1	283.639
1	276.939
1	261.059
1	302.341
1	193.135
1	241.999
1	193.673
1	144.222
1	204.532
1	190.442
1	237.207
1	200.745
1	266.952
1	177.612
1	175.435
1	213.327
1	277.069
1	280.335
1	172.634
1	286.426
1	412.894
1	182.163
1	228.138
1	147.991
1	224.592
1	162.13
1	157.768
1	138.681
1	219.293
1	175.034
1	168.184
1	188.317
0	10.5107
1	156.59
1	245.119
1	191.124
1	154.884
1	195.687
1	214.834
1	184.137
1	181.721
1	277.374
1	168.265
1	188.406
1	180.061
1	196.966
1	148.28
1	234.452
1	426.122
1	168.452
1	181.797
1	282.779
1	207.671
1	176.826
1	135.158
1	178.469
1	265.562
1	211.628
1	194.737
1	159.436
1	195.82
1	136.963
1	210.646
1	175.145
1	181.86
1	176.989
1	179.817
1	164.758
1	227.988
1	209.594
1	125.474
1	187.684
1	214.421
1	206.886
1	171.601
1	232.182
1	177.908
1	200.091
1	251.155
1	182.763
1	137.037
1	199.269
1	161.964
1	155.049
1	204.543
1	247.598
1	162.226
1	179.555
1	199.713
1	219.785
1	149.373
1	164.576
1	162.184
1	212.079
1	245.275
1	164.12
0	10.8174
1	158.869
1	189.179
1	210.573
1	141.893
1	167.216
1	234.312
1	194.909
1	114.772
1	196.494
1	275.532
1	190.13
1	247.829
1	290.841
1	172.913
1	179.627
1	235.524
1	196.039
1	224.915
1	230.628
1	259.633
1	215.958
1	173.572
1	155.843
1	164.419
1	197.353
1	232.757
1	222.476
1	186.938
1	290.498
1	247.92
1	346.848
1	208.837
1	187.425
1	205.713
1	201.418
1	190.942
1	228.576
1	237.02
1	128.305
1	372.864
1	232.968
1	230.358
1	157.273
1	176.017
1	282.36
1	117.472
1	289.621
1	280.253
1	182.542
1	134.074
1	267.763
1	238.962
1	215.504
1	167.761
1	163.654
1	182.345
1	160.828
1	170.022
1	135.548
1	178.547
1	186.807
0	4.32401e-06
0	52.8261
1	292.868
1	228.524
1	195.61
1	171.776
1	186.933
1	239.171
1	178.682
1	220.825
1	217.36
1	190.257
1	229.37
1	195.395
1	141.243
1	218.309
1	155.014
1	201.966
1	229.051
1	194.519
1	159.924
1	240.996
1	178.449
1	145.179
1	182.867
1	209.353
1	150.092
1	225.54
1	341.295
1	234.484
1	180.946
1	223.915
0	12.0658
1	159.37
1	161.7
1	114.269
1	234.727
1	244.981
1	179.093
1	193.839
1	213.692
1	371.713
1	170.192
1	241.532
1	185.782
1	230.019
1	192.743
1	206.326
1	185.486
1	211.082
1	217.013
1	171.681
1	165.704
1	229.931
1	149.733
1	226.464
1	180.476
1	210.784
1	209.442
1	176.142
1	178.229
1	256.257
1	160.079
1	200.583
1	152.572
1	179.381
1	312.942
1	153.491
1	204.506
1	202.234
1	241.002
1	238.893
1	161.448
1	167.939
1	158.734
1	274.891
1	330.076
1	141.362
1	337.217
1	239.823
1	272.799
1	179.906
1	140.739
1	172.312
1	158.101
1	203.587
1	234.065
1	134.96
1	259.755
1	219.885
1	220.497
1	316.056
1	207.452
1	234.374
1	136.225
1	184.18
1	221.457
1	150.387
1	158.714
1	212.47
1	168.618
1	236.748
1	161.025
1	237.588
1	186.595
1	251.604
1	215.656
1	139.928
0	4.72477
1	222.327
1	330.85
1	179.854
1	161.121
1	172.045
1	214.087
1	145.438
1	140.026
1	203.632
1	189.797
1	148.492
1	174.856
1	207.108
1	195.718
1	245.981
1	178.768
1	253.203
1	141.343
1	287.169
1	190.993
1	205.734
1	196.625
1	209.612
1	146.442
1	249.182
1	158.729
1	183.603
1	278.536
1	158.394
1	192.877
1	134.98
1	197.616
1	194.638
1	247.472
1	171.987
1	308.641
1	161.609
1	230.465
1	182.418
1	245.591
1	196.557
1	161.981
1	136.903
1	225.653
1	190.937
1	128.531
1	161.842
1	253.878
1	172.24
1	189.81
1	179.319
1	180.904
1	151.162
1	253.464
1	139.715
1	244.316
1	199.027
1	268.597
1	183.296
1	266.429
1	273.082
1	180.853
1	226.603
1	187.417
1	194.012
1	168.271
1	279.205
