10000	64	9900	0.000694444
0.025641	3.96635	143603	9.28345
1	255.103
1	223.517
1	234.882
1	235.178
1	207.524
1	297.629
1	382.423
1	309.007
1	195.958
1	167.515
1	147.654
1	206.855
1	157.2
1	230.768
1	160.274
1	279.583
1	299.107
1	192.279
1	174.839
1	278.018
1	146.825
1	373.58
1	182.297
1	183.847
1	199.798
1	151.968
1	213.281
1	222.248
1	208.511
1	195.638
1	176.357
1	195.474
1	202.829
1	139.464
1	191.525
1	193.458
1	182.44
1	232.63
1	204.633
1	166.158
1	153.202
1	201.532
1	202.839
1	254.698
1	125.165
1	287.834
1	177.361
1	220.17
1	176.146
1	193.494
1	195.065
1	240.871
1	198.22
1	239.666
1	164.101
0	83.0576
1	116.712
1	174.726
1	201.039
1	148.574
1	157.83
1	210.002
1	211.979
1	277.216
1	236.41
0	17.7491
1	307.568
1	265.487
1	227.074
1	153.114
1	201.142
1	136.265
1	190.699
1	220.952
1	321.27
1	244.015
1	203.838
1	220.405
1	172.145
1	219.289
1	186.579
1	272.994
1	182.091
1	238.9
1	150.134
1	161.959
1	138.014
1	357.461
1	287.414
1	163.11
1	125.229
1	137.937
1	272.582
1	150.989
1	164.737
1	171.129
1	162.152
1	205.936
1	216.387
1	191.858
1	204.797
1	217.407
1	222.074
1	186.104
1	166.831
1	235.552
1	147.444
1	165.874
1	161.204
1	275.86
1	174.32
1	116.619
1	211.678
1	218.508
1	186.717
1	225.408
1	233.474
1	205.139
1	190.002
1	207.177
1	197.545
1	185.572
1	189.96
1	199.699
1	210.655
1	250.681
1	185.403
1	147.18
0	5.5528
1	200.235
1	184.6
1	184.629
1	190.43
1	195.521
1	129.132
1	222.76
1	267.232
1	171.162
1	191.182
1	145.766
1	246.78
1	245.469
1	138.097
1	373.072
1	159.316
1	167.784
1	193.399
1	199.383
1	190.706
1	160.042
1	186.46
1	323.521
1	217.052
1	150.301
1	202.174
1	277.927
1	139.937
1	164.974
1	359.544
1	183.434
1	198.177
1	195.227
1	252.251
1	155.212
1	230.604
1	149.567
1	229.787
1	208.213
1	191.117
1	223.703
1	235.242
1	303.175
1	161.683
1	255.656
1	313.461
1	165.266
1	166.512
1	260.738
1	273.937
1	211.524
1	169.84
1	216.829
1	154.052
1	173.718
1	302.528
1	149.057
1	188.899
1	308.989
1	201.355
1	163.877
1	176.351
1	211.248
1	181.33
1	275.674
0	22.3142
1	227.968
1	227.579
1	172.045
1	178.525
1	232.121
1	261.606
1	150.081
1	304.863
1	238.804
1	191.342
1	229.25
1	162.513
1	178.372
1	161.26
1	215.792
1	285.286
1	246.306
1	209.37
1	158.851
1	164.931
1	224.035
1	192.614
1	200.096
1	222.318
1	220.19
1	145.163
1	186.174
1	176.145
1	170.582
1	227.489
1	166.119
1	162.477
1	155.059
1	274.503
1	179.576
1	238.488
1	170
1	207.993
1	251.567
1	201.148
1	223.317
1	201.911
1	138.385
1	159.127
1	169.638
1	188.188
1	192.761
1	175.604
1	195.97
1	162.036
1	218.454
1	178.826
1	232.996
1	288.34
1	268.429
1	254.305
1	221.153
1	206.041
1	213.052
1	173.909
1	209.535
1	466.588
1	183.589
1	192.303
1	216.377
1	193.771
1	204.989
1	213.151
1	129.654
1	152.243
1	142.992
1	224.597
1	148.263
1	375.717
1	212.656
1	173.16
1	220.281
1	214.295
1	193.195
1	186.866
1	161.143
1	238.806
1	126.625
1	166.498
1	237.96
1	154.582
1	148.128
1	194.482
1	316.81
1	184.408
1	228.393
1	234.53
1	153.458
1	177.321
1	193.322
1	270.832
1	173.33
1	210.96
1	181.62
1	152.34
1	252.139
1	245.666
1	241.815
1	169.945
1	181.896
1	232.917
1	186.967
1	181.941
1	173.63
1	198.093
1	181.13
1	164.406
1	174.076
1	189.574
1	253.407
1	176.366
1	265.666
1	200.73
1	173.933
1	273.277
1	179.783
1	182.258
1	281.754
1	208.391
1	185.393
1	186.658
1	168.747
1	225.125
1	164.017
1	167.01
1	199.972
1	261.05
1	246.046
1	200.553
1	121.543
1	160.918
1	116.838
1	217.444
1	285.795
1	214.746
1	181.234
1	185.435
1	180.1
1	190.6
1	232.707
1	150.557
1	158.237
1	239.299
1	204.79
1	141.76
1	221.973
1	153.963
1	150.089
1	194.275
1	216.955
1	180.669
1	180.663
1	227.227
1	244.97
1	144.969
1	197.464
1	261.269
1	231.204
1	287.861
1	177.67
0	65.3417
1	219.905
1	266.462
1	162.173
1	139.331
1	250.337
1	275.639
1	129.28
1	160.859
1	128.884
1	262.416
1	164.653
1	212.701
1	284.46
1	178.151
1	114.03
1	172.068
1	187.612
1	257.172
1	162.528
1	217.86
1	205.678
1	264.145
1	189.678
1	149.193
1	193.755
1	219.837
1	208.572
1	146.061
1	160.871
1	201.448
1	174.51
1	144.599
1	163.197
1	229.282
1	289.618
1	220.09
1	122.614
1	212.392
1	217.482
1	304.861
1	182.848
1	199.581
1	216.051
1	232.144
1	220.184
1	246.963
1	245.855
1	223.072
1	264.991
1	198.183
1	218.434
1	220.5
1	170.848
1	203.197
1	204.971
1	157.664
1	176.422
1	151.369
1	256.889
1	188.615
1	139.784
1	233.032
1	171.324
1	180.892
1	196.827
1	141.123
1	151.777
1	170.237
1	236.724
1	239.327
1	200.474
1	162.9
1	149.24
1	226.105
1	213.826
1	149.817
1	129.43
1	296.601
1	174.821
1	185.643
1	179.277
1	164.436
1	195.652
1	204.541
1	324.982
1	241.784
1	210.045
1	182.417
1	215.993
1	195.808
1	177.53
1	176.863
1	215.622
1	175.911
1	220.086
1	182.23
1	165.653
1	165.789
1	134.529
1	217.877
1	137.761
1	123.253
1	271.764
1	129.281
1	302.766
1	181.028
1	217.254
1	171.129
1	147.168
1	135.743
1	190.624
1	211.258
1	153.26
1	175.315
1	252.308
1	173.024
1	188.75
1	129.759
1	202.17
1	154.332
1	205.174
1	159.084
1	191.049
1	246.07
1	162.305
1	147.564
1	163.257
1	259.516
1	176.795
1	180.769
1	214.412
1	161.589
1	168.403
1	144.622
1	223.061
1	173.833
1	183.632
1	222.781
1	153.735
1	224.78
1	231.868
1	227.52
1	232.135
1	225.625
1	318.609
1	215.557
1	167.186
1	218.213
1	235.777
1	147.618
1	176.027
1	192.927
1	181.794
1	299.537
1	152.022
1	158.658
1	229.493
1	266.509
1	243.789
1	242.436
1	309.192
1	214.352
1	309.536
1	194.586
1	170.247
1	178.109
1	178.008
1	174.482
1	178.514
1	206.498
1	239.654
1	178.625
1	209.24
1	173.624
1	129.308
1	135.841
1	293.39
1	222.592
1	268.21
1	178.13
1	130.114
1	154.171
1	268.587
1	183.447
1	136.464
1	204.423
1	146.893
1	159.27
1	344.79
1	183.996
1	200.74
1	219.498
1	142.598
1	151.089
1	305.344
1	219.044
1	186.639
1	160.075
1	210.449
1	303.448
1	138.82
1	140.917
1	208.522
1	161.827
1	177.622
1	224.25
1	170.384
1	272.307
1	178.37
1	231.046
1	194.31
1	137.777
1	217.887
1	253.738
1	181.437
1	184.1
1	145.596
1	141.606
1	183.739
1	151.006
1	159.923
1	124.355
1	142.844
1	180.775
1	223.689
1	264.682
1	139.085
1	220.252
1	203.634
1	189.806
1	156.848
1	189.635
1	230.397
1	190.189
1	193.008
1	193.346
1	134.416
1	186.501
1	214.77
1	184.42
1	149.761
1	138.785
1	152.825
1	132.702
1	227.741
1	173.96
1	202.705
1	235.201
1	261.456
1	124.203
1	288.886
1	176.153
1	191.541
1	178.285
1	207.562
1	159.852
1	267.066
1	183.408
1	180.756
1	212.102
1	193.598
1	228.2
1	156.124
1	172.81
1	368.206
1	366.086
1	188.647
1	142.443
1	317.106
1	170.537
1	185.823
1	205.261
1	250.124
1	194.548
1	270.282
1	237.4
1	246.988
1	160.548
1	292.147
1	169.683
1	216.645
1	178.702
1	172.977
1	231.414
1	209.471
1	251.951
1	217.327
1	119.531
1	261.427
1	177.687
1	207.976
1	200.04
1	119.338
1	281.729
1	230.559
1	163.214
1	220.685
1	187.961
1	260.093
1	192.422
1	120.381
1	250.289
1	152.722
1	229.858
1	331.235
1	158.333
1	157.163
1	168.964
1	236.2
1	158.4
1	190.656
1	202.432
1	253.919
1	207.479
1	156.172
1	175.224
1	224.932
1	188.36
1	260.733
1	174.568
1	195.16
1	176.74
1	112.912
1	227.969
1	184.25
1	184.901
1	273.499
1	183.368
1	268.993
1	177.818
1	183.012
1	188.289
1	240.24
1	188.428
1	202.003
1	176.486
1	267.24
1	179.345
1	296.128
1	166.154
1	226.995
1	267.458
1	251.307
1	182.399
1	185.449
1	157.998
1	178.44
1	271.073
1	170.768
1	187.787
1	200.347
1	151.041
1	176.514
1	162.428
1	136.854
1	176.14
1	172.62
1	172.441
1	199.68
1	190.501
1	180.289
1	224.711
1	245.027
1	220.154
1	284.167
1	205.671
1	228.028
1	257.349
1	202.592
1	263.285
1	240.815
1	168.614
1	368.127
1	153.335
1	183.013
1	141.178
1	171.713
1	171.776
1	147.111
1	130.874
1	144.097
1	171.737
1	206.635
1	207.028
1	208.487
1	251.274
1	170.02
1	210.502
1	238.508
1	189.242
1	178.873
1	160.435
1	150.279
1	211.666
1	174.741
1	243.158
1	193.58
1	216.218
1	228.774
1	137.842
1	319.942
1	164.193
1	212.235
1	205.991
1	159.945
1	141.107
1	339.861
1	164.747
1	299.674
1	364.034
1	196.516
1	240.939
1	153.151
1	185.036
1	281.46
1	246.068
1	248.162
1	140.735
0	14.7533
1	133.481
1	248
1	188.076
1	143.315
1	461.93
1	247.335
1	267.889
1	236.121
1	236.263
1	171.034
1	181.39
1	180.637
1	175.038
1	137.922
1	152.312
1	146.617
1	352.773
1	228.617
1	206.776
1	253.869
1	230.906
1	183.734
1	227.345
1	189.086
1	140.103
1	219.332
1	171.351
1	310.661
1	150.942
1	155.689
1	220.218
1	152.749
0	25.9332
1	250.808
1	213.77
1	290.269
1	238.44
1	173.253
1	214.615
1	208.796
1	231.61
1	163.472
1	254.336
1	255.985
1	153.866
1	210.301
1	234.396
1	303.695
1	231.328
1	274.154
1	194.428
1	155.177
1	254.878
1	152.985
1	144.037
1	178.334
1	197.253
1	143.394
1	215.67
1	252.285
1	221.526
1	162.591
1	174.956
1	219.184
1	137.008
1	140.648
1	202.599
1	300.651
1	172.376
1	259.79
1	174.474
1	200.85
1	113.024
1	184.35
1	250.363
1	208.115
1	225.759
1	139.974
1	176.645
1	229.619
1	336.824
1	144.754
1	188.402
1	215.676
1	201.189
1	178.022
1	193.746
1	280.756
1	150.419
1	188.084
1	148.426
1	148.159
1	135.502
1	190.981
1	187.41
1	138.402
1	219.65
1	276.696
1	167.142
1	141.42
1	134.233
1	167.716
1	167
1	189.723
1	165.055
1	125.45
1	166.379
1	208.98
1	283.704
1	190.587
1	261.484
1	254.537
1	246.692
1	142.997
1	204.685
1	126.819
1	275.652
1	232.923
1	141.763
1	216.799
1	208.994
1	200.507
1	175.886
1	175.626
1	232.611
1	180.785
1	195.716
1	183.716
1	150.665
1	221.579
1	136.064
1	181.938
1	245.567
1	187.569
1	177.152
1	166.621
1	212.956
0	97.8241
1	153.804
1	153.371
1	208.676
1	200.995
1	150.915
1	218.584
1	188.747
1	154.602
1	235.647
1	164.856
1	221.136
1	185.499
1	366.12
1	195.524
1	241.259
1	232.192
1	188.189
1	234.019
1	145.091
1	179.969
1	191.911
1	204.908
1	216.298
1	290.86
1	221.504
1	182.087
1	187.005
1	251.985
1	258.711
1	182.345
1	133.463
1	194.094
1	271.669
1	190.865
1	157.777
1	188.624
1	180.911
1	215.85
1	154.846
1	212.505
1	261.6
1	149.278
1	171.06
1	193.629
1	194.473
1	198.126
1	202.858
1	253.644
1	308.909
1	231.209
1	265.261
1	182.24
1	278.146
1	187.438
1	146.01
1	274.953
1	195.349
1	212.672
1	200.193
1	156.775
1	234.6
1	188.945
1	257.807
1	198.157
1	128.416
1	178.301
1	146.401
1	162.58
1	174.645
1	328.075
1	305.903
1	184.152
1	263.931
1	139.636
1	329.566
1	195.112
1	170.643
1	169.322
1	171.794
1	189.97
1	243.164
1	309.741
1	263.958
1	422.964
1	212.923
1	146.683
1	264.832
1	301.029
1	299.283
1	213.812
1	221.72
1	244.805
1	277.104
1	222.997
1	169.327
0	47.165
1	218.266
1	140.795
1	171.925
0	76.0443
1	177.139
1	264.208
1	181.912
1	197.148
1	200.166
1	154.146
0	0.258899
1	266.061
1	128.388
1	152.828
1	204.357
1	220.319
1	195.799
1	214.961
1	192.505
1	278.61
1	246.801
1	232.02
1	200.073
1	140.174
1	171.817
1	177.403
1	219.566
1	197.401
1	185.927
1	215.333
1	167.26
1	245.324
1	162.514
1	180.351
1	156.839
1	186.861
1	221.999
1	230.965
1	222.537
1	198.604
1	188.619
1	232.987
1	188.021
1	236.882
1	194.876
1	260.527
1	168.21
1	173.518
1	159.194
1	258.539
1	191.01
1	179.81
1	252.181
1	155.226
1	199.71
1	235.547
1	141.923
1	174.091
1	152.392
1	253.324
1	215.005
1	163.758
1	151.779
1	213.389
1	172.929
1	154.922
1	201.996
1	251.83
1	156.291
1	154.847
1	220.205
1	235.776
1	158.547
1	152.337
1	207.632
1	159.765
1	188.53
1	255.529
1	140.239
1	153.676
1	218.251
1	238.103
1	212.288
1	218.647
1	161.357
1	167.02
1	283.039
1	236.878
1	278.551
1	158.486
1	184.532
1	128.092
1	271.261
1	219.541
1	215.786
1	232.564
1	198.119
1	141.014
1	255.993
0	17.3511
1	227.871
1	251.688
1	173.737
1	196.877
1	155.804
1	184.692
1	210.347
1	120.83
1	310.393
1	180.293
1	127.661
1	236.547
1	174.721
1	241.626
1	174.645
1	136.408
1	168.279
1	393.177
1	125.505
1	200.136
1	227.392
1	158.462
1	121.617
1	276.407
1	176.788
1	200.771
1	200.641
1	189.253
1	127.061
1	227.441
1	144.337
1	186.5
1	180.508
1	190.519
1	194.073
1	232.138
1	199.492
1	216.726
1	159.532
1	179.035
1	155.399
1	327.715
1	226.257
1	183.725
1	226.425
1	246.329
1	232.321
1	218.969
1	209.828
1	209.944
1	198.786
1	116.601
1	158.347
1	259.317
1	167.235
1	229.615
1	158.388
1	189.867
1	214.303
1	221.231
1	236.213
1	191.607
1	147.194
1	188.124
1	189.578
1	166.456
1	218.712
1	255.658
1	139.933
1	192.985
1	199.039
1	263.222
1	286.548
1	174.71
1	211.772
1	181.91
1	138.072
1	203.283
1	174.64
1	239.913
1	219.062
1	208.396
1	181.356
1	194.661
1	167.343
1	178.312
1	193.99
1	231.802
1	210.801
1	177.954
1	138.535
1	212.093
1	250.392
1	227.347
1	147.135
1	232.116
1	176.263
1	205.054
1	233.778
1	193.378
1	156.807
1	191.772
1	250.546
1	249.009
1	142.901
1	263.902
1	202.308
1	226.201
1	208.348
1	117.724
1	254.964
1	268.846
1	246.55
1	160.741
1	225.46
1	196.003
1	198.569
1	241.234
1	191.43
1	236.688
1	239.275
1	154.564
1	177.618
1	204.413
1	270.113
1	225.856
1	216.151
1	367.254
1	147.384
1	162.746
1	176.161
1	196.158
1	177.448
1	221.116
1	216.408
1	174.757
1	165.918
1	194.994
1	145.089
1	299.665
1	146.677
1	314.4
1	170.979
1	161.139
1	176.664
1	232.374
1	153.725
1	159.075
1	151.465
1	235.475
1	148.536
1	192.647
1	205.52
1	204.089
1	222.414
1	130.979
1	220
1	148.372
1	217.782
1	219.793
1	210.005
1	204.888
1	187.259
1	239.343
1	273.18
1	148.385
1	140.583
1	256.662
1	216.682
1	275.04
1	163.594
1	230.967
1	178.514
0	29.3751
1	138.741
1	162.114
1	240.874
1	168.959
1	166.021
1	212.883
1	181.793
1	138.976
1	177.961
1	292.279
1	331.389
1	208.354
1	215.557
1	200.163
1	167.588
1	133.767
1	368.098
0	26.2492
1	238.18
1	161.171
1	315.721
1	159.942
1	249.048
1	151.857
1	194.26
1	220.229
1	185.036
1	161.156
1	166.887
1	164.458
1	195.838
1	168.81
1	219.081
1	213.531
1	131.459
1	229.309
1	239.302
1	202.951
1	208.876
1	172.248
1	150.015
1	266.649
1	245.743
1	295.642
1	180.52
1	189.896
1	265.601
1	197.809
1	212.877
1	208.175
1	242.809
1	203.669
1	192.488
1	156.824
1	170.535
1	175.987
1	240.87
1	190.247
1	155.408
1	185.466
1	252.171
1	140.264
1	171.912
1	192.843
1	265.341
1	142.008
1	148.701
1	175.975
1	157.024
1	190.499
1	142.39
1	178.982
1	194.744
1	176.72
1	168.729
1	190.499
1	181.309
1	198.94
1	160.997
1	196.022
1	152.902
1	141.74
1	132.966
1	204.822
1	212.337
1	211.059
1	246.657
1	175.727
0	1.37001
1	234.489
1	208.642
1	160.623
1	200.298
1	275.724
1	197.176
0	4.87991
1	161.841
1	214.204
1	201.658
1	222.788
1	151.829
1	213.088
1	196.369
1	259.29
1	188.111
1	208.506
1	254.548
1	200.425
1	161.711
1	156.777
1	154.926
1	187.911
1	147.268
1	227.564
1	139.219
1	130.16
1	276.321
1	159.609
1	235.249
1	155.024
1	175.04
1	165.413
1	275.631
1	233.417
1	264.096
1	252.563
1	212.721
1	206.771
1	198.492
1	329.832
1	157.236
1	226.244
1	235.725
1	204.568
1	124.24
1	198.468
1	128.683
1	233.868
1	215.646
1	160.818
1	192.274
1	223.223
1	171.622
1	128.648
1	177.761
1	221.163
1	208.286
1	216.562
1	226.13
1	313.079
1	169.336
1	224.281
1	205.159
1	182.625
1	256.079
1	182.738
1	162.806
1	152.055
1	418.041
1	147.156
1	178.582
1	178.663
1	196.971
1	227.787
1	152.839
1	178.823
1	176.009
1	182.5
1	203.771
1	134.218
1	197.88
1	190.627
1	254.798
1	196.741
1	173.631
1	204.867
1	331.619
1	170.505
1	262.981
1	166.181
1	169.448
1	203.964
1	159.677
1	170.197
1	257.842
1	239.974
1	177.543
1	257.824
1	190.631
1	283.653
1	208.541
1	174.188
1	269.463
1	187.363
1	171.302
1	158.976
1	239.859
1	201.408
1	215.133
1	249.113
1	151.17
1	181.436
1	173.71
1	158.279
1	257.378
1	123.395
1	191.376
1	206.784
1	165.202
1	212.205
1	181.84
1	179.088
1	197.213
1	191.516
1	375.281
1	243.911
1	171.894
1	233.191
1	268.617
1	158.221
1	168.082
1	150.193
1	164.731
1	219.08
1	203.015
1	218.89
1	168.254
1	170.768
1	181.672
1	201.848
1	194.227
1	179.388
1	183.67
1	187.453
1	234.488
1	220.521
1	352.45
1	299.469
1	179.838
1	169.714
1	235.126
1	181.981
1	163.941
1	256.279
1	225.109
1	125.105
1	161.023
1	248.079
1	245.987
1	251.645
1	204.362
1	269.446
1	308.008
1	182.465
1	154.181
1	142.558
1	287.366
1	168.523
1	187.46
1	197.911
1	192.372
1	141.083
1	222.887
1	151.343
1	185.453
1	270.133
1	256.047
1	139.854
1	229.485
1	192.476
1	244.557
1	364.265
1	171.794
1	163.805
1	179.635
1	184.126
1	190.506
1	279.522
1	227.337
1	123.423
1	271.459
1	169.653
1	147.098
1	167.373
1	226.275
1	160.309
1	172.052
1	223.591
1	176.798
1	182.709
1	235.962
1	247.705
1	194.226
1	128.309
1	152.045
1	187.315
1	280.133
1	98.9387
1	135.962
1	214.712
1	243.436
1	139.462
1	144.909
1	228.565
1	211.733
1	158.287
1	149.378
1	164.207
1	216.919
1	178.588
1	263.281
1	177.122
1	146.236
1	227.085
1	207.474
1	392.618
1	243.809
1	178.641
1	163.726
1	339.609
1	283.704
1	195.993
1	205.385
1	266.718
1	211.173
1	226.568
1	202.762
1	245.45
1	179.223
1	346.361
1	374.462
1	224.956
1	131.432
1	281.886
1	170.517
1	180.643
1	211.471
1	141.721
1	327.107
1	212.378
1	203.005
1	141.611
1	191.51
1	196.541
1	198.634
1	163.714
1	211.554
1	229.017
1	198.212
1	160.571
1	227.354
1	227.506
1	323.467
1	249.179
1	130.053
1	203.956
1	140.678
1	194.607
1	180.092
1	156.199
1	197.073
1	212.593
1	173.022
1	162.181
1	291.09
1	164.988
1	183.176
1	211.768
1	276.93
1	321.227
1	201.771
1	136.728
1	165.782
1	158.55
1	252.373
1	129.732
1	251.613
1	188.421
1	190.759
1	213.366
1	170.608
1	211.599
1	224.387
1	179.912
1	180.948
1	250.152
1	190.478
1	217.658
1	296.995
1	235.561
1	217.702
1	201.898
1	250.595
1	195.264
1	229.898
1	199.378
1	153.759
1	216.522
1	193.021
1	192.269
1	158.715
1	165.33
1	237.642
1	158.847
1	206.846
1	111.731
1	200.471
1	219.104
1	154.833
1	219.315
1	247.265
1	167.312
1	180.697
1	279.62
1	180.168
1	199.285
1	151.235
1	242.651
1	165.234
1	162.535
1	174.822
1	200.734
1	211.764
1	221.328
1	229.195
1	295.953
1	225.29
1	237.159
1	154.493
1	167.016
1	168.797
1	253.411
1	164.315
1	195.897
1	183.68
1	144.655
1	281.056
1	351.39
1	131.466
1	191.456
1	133.688
1	225.33
1	373.641
1	156.28
1	193.651
1	265.097
1	140.262
1	191.387
1	243.397
1	159.478
1	188.086
1	209.093
1	121.314
1	137.372
1	200.043
1	165.042
1	111.542
1	252.006
1	170.909
1	200.222
1	176.521
1	378.24
1	215.682
1	244.951
1	293.761
1	224.831
1	166.817
1	193.528
1	194.52
1	169.749
1	159.831
1	170.525
1	214.263
1	193.319
1	220.456
1	233.235
1	198.084
1	133.342
1	180.883
1	187.601
1	193.26
1	248.774
1	309.777
1	230.277
1	286.766
1	215.632
1	218.486
1	156.569
1	133.852
1	326.06
1	296.122
1	222.305
1	195.611
1	227.611
1	160.336
1	183.424
1	184.129
1	200.117
1	151.672
1	207.489
1	213.538
1	189.071
1	361.643
1	195.517
1	217.3
1	163.142
1	154.231
1	214.719
1	202.507
1	186.269
1	168.097
1	171.296
1	211.437
1	137.829
1	171.34
0	50.75
1	261.352
1	186.706
1	175.816
1	214.056
1	168.251
1	141.944
1	134.066
1	228.016
1	155.935
1	185.617
1	148.078
1	287.021
1	223.36
1	181.956
1	241.235
1	249.853
1	145.984
1	126.399
1	248.287
1	257.047
1	173.476
1	209.144
1	298.317
1	248.028
1	146.14
1	215.994
1	288.65
1	228.518
1	156.99
1	210.85
1	333.704
1	217.143
1	342.302
1	210.277
1	221.023
1	178.718
1	242.077
1	275.248
1	199.311
1	181.739
1	239.081
1	208.058
1	200.824
1	198.247
1	217.724
1	284.483
1	219.397
1	171.214
1	177.658
1	214.303
1	182.98
1	202.933
1	181.302
1	166.461
1	178.248
1	145.433
1	216.801
1	146.525
1	192.018
1	172.089
1	218.316
1	163.6
1	241.933
1	208.522
1	196.652
1	243.869
1	195.52
1	172.847
1	211.076
1	195.036
1	253.665
1	193.024
1	150.108
1	267.342
1	250.168
1	247.711
1	281.789
1	289.346
1	179.256
1	255.011
1	222.978
1	200.584
1	149.925
1	185.263
1	240.693
1	181.14
1	168.76
1	144.314
1	155.328
1	201.286
1	187.885
1	127.915
1	324.023
1	262.987
1	223.038
1	172.61
1	141.79
1	161.791
1	293.737
1	172.971
1	153.487
1	197.228
1	189.579
1	213.495
1	149.9
1	189.853
1	145.941
1	274.265
1	191.662
1	202.741
1	172.98
1	154.88
1	212.64
1	204.567
1	236.058
1	209.801
1	206.762
1	258.569
1	162.173
1	210.033
1	242.329
1	194.166
1	205.58
1	287.98
1	194.405
1	258.339
1	246.162
1	187.83
1	251.064
1	173.666
1	220.578
1	182.745
1	171.747
1	174.299
1	228.778
1	221.943
1	145.56
1	171.404
1	189.833
1	187.749
1	164.952
1	172.089
1	145.744
1	210.727
1	205.49
1	193.075
1	184.142
1	232.723
1	130.573
1	210.793
1	190.542
1	191.442
1	165.396
1	178.376
1	252.883
1	237.376
1	150.556
1	296.476
1	259.197
1	233.148
1	165.861
1	308.995
1	291.9
1	257.112
1	181.931
1	165.676
1	173.022
1	187.881
1	194.449
1	122.475
1	204.211
1	213.953
1	229.079
1	179.653
1	239.866
1	201.2
1	157.152
1	201.728
1	211.196
1	170.599
1	196.826
1	290.401
1	179.961
1	161.841
1	160.528
1	184.653
1	225.976
1	183.61
1	170.389
1	231.826
1	152.574
1	176.102
1	286.058
1	166.772
1	145.089
1	254.253
1	272.138
1	239.158
1	202.32
1	176.517
1	153.174
1	167.909
1	186.062
1	158.405
1	272.907
1	181.55
1	211.479
1	204.914
1	158.696
1	319.547
1	182.189
1	245.812
1	148.627
1	198.42
1	128.346
1	126.644
1	184.04
1	200.443
0	18.8481
1	200.428
1	205.542
1	187.431
1	201.94
1	223.572
1	282.222
1	223.59
1	198.71
1	216.02
1	226.949
1	226.698
1	144.752
1	147.366
1	193.611
1	152.323
1	188.399
1	131.939
1	224.665
1	208.848
1	156.329
1	263.955
1	175.332
1	264.172
1	174.787
1	219.422
1	372.861
1	160.879
1	169.921
1	160.81
1	246.361
1	184.921
1	176.205
1	192.505
1	122.891
1	188.303
1	160.053
1	218.802
1	244.034
1	235.245
1	276.361
1	159.411
1	184.889
1	151.863
1	251.71
1	153.417
1	183.028
1	181.641
1	243.81
1	139.278
1	174.923
1	262.409
1	235.552
1	201.883
1	168.647
1	182.788
1	239.43
1	137.779
1	238.582
1	188.479
1	133.247
1	190.518
1	213.389
1	251.525
1	271.679
1	182.125
1	237.095
1	148.092
1	210.224
1	166.858
1	195.812
1	256.902
1	206.97
1	265.975
1	197.821
1	339.792
1	149.135
1	218.417
1	230.902
1	126.507
1	284.067
1	136.589
1	178.317
1	214.152
1	233.293
1	251.098
1	290.517
1	244.708
1	167.427
1	179.088
1	132.115
1	200.388
1	354.351
1	167.837
1	150.149
1	192.848
1	163.687
1	194.169
1	219.317
1	153.466
1	206.381
1	177.502
1	241.883
1	163.046
1	181.534
1	162.547
1	152.786
1	197.456
1	129.643
1	205.587
1	201.171
1	166.428
1	284.007
1	183.843
1	288.503
1	155.75
1	188.928
1	212.16
1	165.535
1	230.335
1	145.13
1	127.052
1	186.719
1	161.258
1	164.074
1	189.607
1	223.181
1	234.82
1	387.923
1	180.856
1	154.908
1	208.068
1	204.685
1	189.318
1	209.152
1	179.72
1	226.373
1	179.374
1	180.337
1	206.359
1	206.058
1	238.321
1	149.795
1	338.031
1	177.529
1	153.471
1	218.631
1	225.85
1	197.107
1	228.736
1	234.424
1	135.66
0	20.3667
1	197.478
1	261.476
1	354.311
1	220.357
1	222.421
1	212.991
1	181.448
1	338.71
1	157.051
1	249.685
1	154.45
1	198.572
1	223.509
1	226.298
1	203.301
1	251.843
1	172.452
1	136.743
1	168.816
1	252.718
1	220.78
1	198.713
1	178.094
1	245.509
1	179.855
1	172.331
1	218.334
1	197.35
1	256.127
1	139.845
1	139.17
1	124.327
1	151.492
1	241.283
1	197.011
1	172.297
1	210.48
1	209
1	178.822
1	264.95
1	164.432
1	203.26
1	176.175
1	391.153
1	191.305
1	172.73
1	175.002
1	249.075
1	205.837
1	207.768
1	172.042
1	159.829
1	128.811
1	218.04
1	162.352
1	169.797
1	262.07
1	167.203
1	180.855
1	278.429
1	218.565
1	140.614
1	207.761
1	122.227
1	167.759
1	242.584
1	221.747
1	286.569
1	212.72
1	218.348
1	192.553
1	273.07
1	296.035
1	308.429
1	303.389
1	157.051
1	202.94
1	280.617
1	165.066
1	171.47
1	165.107
1	218.54
1	191.631
1	207.416
1	243.395
1	232.016
0	131.445
1	208.752
1	193.762
1	132.739
1	350.281
1	210.478
1	307.151
1	148.344
1	281.106
1	267.371
1	292.355
1	157.178
1	135.383
1	204.551
1	233.56
1	250.474
1	199.58
1	201.995
1	137.794
1	197.865
1	260.924
1	188.855
1	257.854
1	140.71
1	167.348
1	203.746
1	234.797
1	255.589
1	447.3
1	138.522
1	160.632
1	168.806
1	144.259
1	196.729
1	265.75
1	123.445
1	129.607
1	179.238
1	155.735
1	186.987
1	153.572
1	199.59
1	213.627
1	218.319
1	199.791
1	208.462
1	214.816
1	154.781
1	247.259
1	135.901
1	211.318
1	266.862
1	217.6
1	191.964
1	171.993
1	163.732
1	185.685
1	266.099
1	130.6
1	209.346
1	196.396
1	204.727
1	190.72
1	246.095
1	148.901
1	129.856
1	152.893
1	110.319
1	229.413
1	209.176
1	213.703
1	177.03
1	181.278
1	240.231
1	224.159
1	191.653
1	160.375
1	208.897
1	210.062
1	267.59
1	163.2
1	223.834
1	211.642
1	126.253
1	191.971
1	180.331
1	168.783
1	235.777
1	139.253
1	217.02
1	246.363
1	236.57
1	338.485
1	194.471
1	177.965
1	218.034
1	179.319
1	299.389
1	138.737
1	220.762
1	228.448
1	127.655
1	181.396
1	188.632
1	252.002
1	168.176
1	130.982
1	151.128
1	149.607
1	292.783
1	186.432
1	198.045
1	163.121
1	303.836
1	267.74
1	140.901
1	155.553
1	189.681
1	283.843
1	150.46
1	227.078
1	192.095
1	155.531
1	214.01
1	247.267
1	188.475
1	234.82
1	203.458
1	229.625
1	223.544
1	213.508
1	232.79
1	197.969
1	227.762
1	169.536
1	261.637
1	303.785
1	190.665
1	130.083
1	167.54
1	213.498
1	202.121
1	186.327
1	162.888
1	181.341
1	214.204
1	372.557
0	53.6619
1	171.917
1	280.869
1	159.448
1	253.634
1	245.302
1	148.216
1	170.043
1	194.987
1	167.643
1	296.829
1	229.021
1	150.623
1	323.433
1	202.664
1	196.246
1	136.282
1	159.262
1	193.389
1	157.32
1	229.727
1	166.951
1	266.197
1	241.027
1	184.738
1	189.747
1	182.55
1	252.938
1	190.589
1	150.069
1	139.32
1	177.008
1	210.145
1	237.389
1	297.548
1	179.373
1	127.089
1	217.052
1	264.731
1	254.597
1	169.216
1	202.159
1	225.393
1	196.377
1	163.518
1	144.272
1	208.557
1	179.865
1	170.704
1	170.761
1	187.089
1	168.788
1	247.149
1	294.391
1	233.272
1	149.386
1	236.174
1	245.64
1	156.711
1	183.894
1	126.367
1	267.771
1	222.785
1	368.002
1	217.701
1	163.743
1	218.346
1	196.292
1	217.343
1	242.788
1	233.813
1	194.978
1	243.023
1	175.988
1	124.183
1	224.307
1	273.444
1	196.976
1	142.379
1	181.288
1	159.239
1	160.06
1	151.359
1	186.877
1	202.436
1	160.378
1	178.973
1	208.876
1	218.311
1	145.39
1	200.731
1	148.201
1	217.014
1	192.979
1	236.566
1	177.031
1	144.37
1	162.65
1	166.128
1	143.754
1	274.352
1	339.279
1	174.025
1	173.925
1	192.321
1	199.326
1	280.919
1	158.172
1	185.934
1	162.077
1	182.312
1	229.359
1	212.574
1	205.096
1	195.39
1	208.21
1	155.267
1	288.473
1	198.284
1	177.202
1	148.452
1	185.018
1	188.641
1	200.214
1	207.252
1	191.807
1	197.57
1	212.908
1	198.34
1	171.805
1	142.643
1	186.266
1	148.922
1	284.647
1	170.703
1	264.011
1	188.381
1	199.134
1	266.097
1	215.812
1	176.464
1	325.785
1	235.362
1	331.157
1	245.024
1	119.387
1	182.114
1	162.528
1	218.278
1	339.511
1	250.551
1	236.935
1	177.451
1	212.825
1	157.566
1	239.985
1	146.348
1	176.618
1	213.63
1	239.939
1	316.205
1	189.825
1	202.148
1	172.792
1	162.758
1	182.42
1	309.589
1	256.554
1	160.652
1	186.175
1	173.865
1	158.472
1	148.03
1	207.215
1	314.126
1	215.612
1	175.118
1	192.68
1	305.837
1	150.818
1	235.47
1	243.691
1	251.234
1	259.258
1	136.31
1	229.653
1	265.059
1	186.693
1	207.81
1	227.489
1	165.049
1	238.33
1	158.945
1	164.517
1	235.203
1	264.594
1	175.812
1	225.361
1	230.502
1	293.569
1	282.431
1	283.089
1	219.122
1	194.159
1	194.229
1	173.683
1	195.957
1	149.635
1	257.679
1	229.076
1	222.143
1	135.084
1	164.255
1	191.469
1	200.257
1	300.528
1	171.886
1	252.767
1	123.243
1	169.381
1	217.141
1	141.315
1	150.939
1	222.53
1	188.107
1	217.909
1	215.903
1	155.833
1	172.532
1	147.618
1	186.097
1	203.429
1	161.66
1	270.879
1	158.262
1	217.072
1	215.76
1	118.499
1	266.868
1	207.04
1	286.06
1	138.781
1	157.814
1	210.427
1	200.647
1	238.283
1	354.706
1	114.53
1	191.627
1	180.607
1	183.965
1	235.11
1	238.006
1	178.864
1	198.61
1	193.58
1	194.894
1	167.095
1	171.845
1	160.237
1	204.091
1	148.084
1	221.789
1	180.501
1	142.821
1	190.844
1	285.083
1	219.496
1	246.287
1	136.207
1	348.57
1	192.689
1	176.644
1	161.025
1	152.819
1	166.291
1	242.982
1	120.301
1	171.996
1	213.788
1	199.681
1	167.925
1	237.426
1	132.654
1	152.674
1	198.427
1	169.762
1	223.251
1	176.639
1	193.868
1	148.287
1	186.758
1	197.475
1	171.927
1	208.235
1	194.149
1	196.626
1	237.665
1	213.061
1	211.196
1	217.741
1	186.617
1	196.027
1	123.799
1	180.808
1	164.318
1	252.909
1	150.612
1	190.162
1	193.404
1	134.124
1	175.047
1	173.277
1	184.994
1	207.595
1	169.877
1	180.19
1	222.594
1	176.686
1	315.168
1	183.597
1	225.767
1	228.793
1	172.313
1	197.686
1	232.96
1	244.554
1	173.099
1	260.867
1	188.147
1	217.207
1	198.097
1	186.173
1	202.461
1	234.435
1	208.012
1	174.474
1	245.216
1	189.908
1	171.831
1	179.146
1	245.002
1	194.468
1	277.401
1	192.934
1	197.429
1	250.563
1	243.214
1	266.766
1	169.76
1	182.88
1	264.315
1	223.602
1	187.097
1	166.388
1	191.685
1	154.843
1	164.625
1	174.46
1	293.725
1	226.333
1	169.403
1	267.885
1	114.897
1	139.942
1	260.646
1	159.62
1	165.89
1	209.763
1	144.293
1	203.644
1	138.437
1	158.665
1	158.384
1	287.397
1	213.026
1	271.533
1	169.664
1	264.817
1	178.757
1	161.925
1	170.285
1	186.933
1	163.176
1	241.453
1	192.152
1	157.714
1	166.706
1	169.326
1	164.931
1	159.096
1	165.64
1	181.95
1	219.546
1	200.361
1	101.899
1	374.672
1	175.386
1	299.345
1	170.07
1	269.933
1	153.484
1	134.08
1	252.13
1	223.886
1	195.426
1	208.879
1	209.691
1	416.021
1	211.331
1	145.595
1	183.88
1	317.849
1	400.888
1	169.481
1	221.531
1	147.021
1	255.79
1	237.89
1	252.069
1	175.537
1	183.679
1	172.659
1	139.096
1	195.831
1	200.615
1	227.562
1	206.118
1	189.023
1	228.742
1	211.672
1	153.379
1	273.765
1	151.653
1	175.825
1	137.049
1	220.605
1	181.107
1	198.647
1	425.59
1	207.346
1	198.939
1	204.456
1	236.217
1	166.204
1	196.104
1	181.592
1	165.783
1	152.229
1	155.696
1	197.069
1	155.789
1	178.886
1	208.604
1	305.652
0	48.0492
1	153.973
1	107.275
1	203.481
1	231.966
1	197.105
1	213.646
1	154.44
1	243.203
1	169.589
1	125.673
1	182.436
1	163.469
1	180.671
1	212.253
1	219.412
1	203.615
1	125.075
1	172.642
1	161.61
1	184.096
1	216.248
1	188.108
1	152.344
1	227.018
1	226.007
1	197.009
1	171.673
1	172.429
1	190.038
1	162.031
1	175.662
1	159.322
1	174.666
1	153.143
1	250.326
1	176.789
1	250.48
1	184.407
1	244.81
1	172.74
1	183.413
1	168.242
1	179.904
1	183.375
1	201.474
1	233.932
1	206.278
1	262.092
1	197.875
1	270.689
1	157.261
1	196.696
1	202.77
1	216.571
1	142.067
1	153.5
1	145.21
1	153.897
1	171.623
1	255.998
1	227.41
1	144.515
1	169.919
1	173.924
1	252.798
1	301.535
1	314.604
1	171.377
1	262.435
1	335.011
1	215.087
1	208.339
1	234.548
1	171.153
1	297.609
1	131.448
1	209.55
1	198.212
1	211.574
1	301.883
1	223.276
1	191.02
1	201.996
1	177.434
1	230.12
1	170.36
1	222.506
1	138.253
1	156.615
1	245.273
1	136.555
1	177.081
1	155.384
1	145.873
1	193.219
1	162.545
1	240.733
1	285.468
1	227.425
1	175.806
1	230.114
1	223.174
1	222.973
1	152.57
1	300.216
1	155.8
1	211.397
1	216.155
1	244.52
1	149.242
1	234.97
1	174.696
1	188.547
1	156.799
1	289.174
1	168.438
1	228.511
1	223.586
1	188.374
1	204.144
1	205.308
1	242.041
1	185.508
1	190.619
1	144.012
1	178.787
1	249.784
1	187.254
1	126.737
1	168.295
1	338.809
1	237.589
0	49.973
1	195.864
1	208.866
1	206.892
1	192.334
1	161.935
1	166.145
1	176.587
0	1.55688
1	160.201
1	131.386
1	176.996
1	294.334
1	263.275
1	190.576
1	148.227
1	211.603
1	202.66
1	181.735
1	228.421
1	202.337
1	145.244
1	143.616
1	193.105
1	250.485
1	159.417
1	172.656
1	293.686
1	197.888
1	188.747
1	224.848
1	158.276
1	204.323
1	167.07
1	313.535
1	153.443
1	142.122
1	235.039
1	164.728
1	221.207
1	210.266
1	209.139
1	190.164
1	195.272
1	178.79
1	181.361
1	156.207
1	219.483
1	223.881
1	172.805
1	245.284
1	138.524
1	189.597
1	175.891
1	253.963
1	191.906
1	257.483
1	223.63
1	185.94
1	298.398
1	204.584
1	425.862
1	218.73
1	307.934
1	183.417
1	244.356
1	204.574
1	153.318
1	212.211
1	194.289
1	231.946
1	244.168
1	149.291
1	162.01
1	174.568
1	244.197
1	140.844
1	171.188
1	221.873
1	249.68
1	219.174
1	228.515
1	191.913
1	212.918
1	206.454
1	161.361
1	225.971
1	326.246
1	206.802
1	237.848
1	194.742
1	175.827
1	178.469
1	198.077
1	183.823
1	174.555
1	174.329
1	180.549
1	245.173
1	154.508
1	248.776
1	184.997
1	165.435
1	183.956
1	175.241
1	148.47
1	252.426
1	158.831
1	262.268
1	247.406
1	194.561
1	216.345
1	146.232
1	173.407
1	173.296
1	207.282
1	185.642
1	146.773
1	154.98
1	195.192
1	136.047
1	246.028
1	146.72
1	344.928
1	217.479
1	147.148
1	164.972
1	189.838
1	149.397
1	164.59
1	162.948
1	221.995
1	161.59
1	182.029
1	201.954
1	225.342
1	160.143
1	219.757
1	376.27
1	198.974
1	210.098
1	158.443
1	155.572
1	158.61
1	164
1	205.424
1	162.182
1	216.809
1	178.819
1	219.283
1	184.416
1	276.914
1	224.43
1	174.425
1	193.858
1	242.722
1	209.565
1	146.793
1	151.84
1	190.858
1	178.711
1	168.309
1	364.475
1	213.808
1	146.153
1	187.817
1	236.357
1	289.473
1	200.308
1	146.448
1	206.255
1	196.044
1	224.935
1	183.027
1	215.239
1	307.276
1	172.581
1	175.037
1	251.686
1	367.128
1	147.842
1	171.368
1	245.161
1	154.958
1	208.968
1	224.558
1	174.564
1	187.057
1	315.328
1	149.133
1	284.379
1	289.547
1	169.12
1	224.788
1	174.144
1	196.253
1	250.125
1	123.614
1	300.288
1	152.976
1	200.733
1	139.678
1	207.952
1	187.723
1	195.218
1	255.581
1	149.456
1	183.992
1	151.864
1	259.841
1	189.756
1	163.386
1	179.785
1	226.528
1	192.31
1	180.799
1	152.353
1	145.074
1	223.866
1	257.162
1	228.785
1	144.217
1	133.51
1	249.252
1	291.957
1	205.625
1	202.795
1	162.915
1	176.671
1	273.626
1	161.537
1	189.629
1	171.293
1	235.541
1	217.539
1	322.326
1	150.731
1	172.152
1	160.681
1	293.317
1	174.127
1	165.233
1	216.834
1	240.78
1	172.094
1	221.175
1	313.741
1	186.726
1	199.124
1	276.902
1	273.995
1	130.526
1	175.218
1	294.253
1	189.472
1	232.603
1	137.784
1	358.28
1	203.585
1	205.834
1	164.025
1	257.026
1	172.01
1	185.714
1	108.116
1	167.896
1	264.458
1	188.357
1	206.884
1	162.495
1	266.871
1	167.837
1	202.11
1	239.037
1	170.86
1	175.187
1	196.902
1	207.629
1	221.354
1	180.248
1	318.69
1	141.122
1	191.066
1	253.264
1	297.777
1	206.217
1	299.598
1	201.835
1	184.401
1	183.085
1	261.685
1	228.365
1	232.296
1	263.265
1	188.463
1	169.109
1	150.177
1	186.316
1	162.919
1	344.833
1	222.048
1	184.465
1	129.008
1	183.936
1	219.519
1	200.993
1	162.671
1	137.279
1	213.339
1	210.367
1	210.508
1	181.652
1	307.049
1	141.461
1	234.323
1	154.843
1	359.133
1	188.802
1	173.601
1	158.653
1	215.994
1	217.496
1	137.477
1	147.283
1	229.164
1	307.052
1	234.068
1	192.516
1	204.07
1	196.816
1	189.619
1	229.961
1	287.318
1	197.387
0	12.4757
1	280.256
1	189.82
1	203.617
1	137.694
1	161.755
1	241.448
1	349.133
1	217.368
1	226.098
1	204.267
1	174.83
1	211.677
1	120.975
1	252.017
1	174.416
1	169.285
1	128.077
1	192.374
1	165.672
1	282.173
1	142.47
1	263.043
1	226.363
1	195.213
1	163.245
1	235.874
1	212.107
1	199.485
1	236.711
1	160.941
1	260.947
1	170.364
1	171.458
1	197.576
1	136.012
1	245.519
1	227.845
1	166.409
1	211.102
1	191.473
1	310.101
1	172.029
1	160.686
1	130.082
1	192.859
1	134.37
1	273.36
1	353.258
1	258.338
1	190.35
1	167.596
1	210.598
1	174.179
1	152.061
1	202.869
1	151.723
1	229.804
1	199.897
1	178.703
1	201.663
1	192.052
1	170.21
1	193.003
1	248.905
1	269.386
1	181.049
1	251.673
1	230.36
1	341.233
1	165.619
1	176.705
1	254.187
1	168.698
1	177.777
1	194.949
1	201.594
1	155.648
1	198.441
1	150.125
1	284.664
1	224.433
1	161.048
1	204.167
1	207.136
1	213.833
1	237.103
1	258.82
1	118.416
1	173.023
1	215.78
1	326.493
1	142.127
1	200.284
1	177.993
1	299.603
1	207.369
1	246.41
1	217.616
1	236.561
1	185.977
1	205.663
1	172.005
1	173.749
1	176.13
1	148.938
1	188.595
1	190.041
1	238.167
1	191.157
1	238.278
1	245.11
1	202.182
1	299.218
1	173.258
1	167.641
1	130.876
1	205.501
1	200.393
1	177.936
1	193.564
1	318.19
1	178.062
1	221.664
1	185.783
1	154.226
1	217.033
1	283.381
1	160.871
1	303.057
1	162.18
1	156.13
1	210.65
1	146.728
1	175.156
1	152.033
1	222.393
1	181.28
1	157.478
1	183.66
1	172.698
1	324.346
1	296.622
1	217.71
1	183.454
1	211.018
1	270.195
1	233.569
1	230.242
1	172.119
1	213.908
1	135.843
1	153.394
1	203.376
1	141.051
1	193.632
1	178.088
1	226.247
1	201.303
1	122.273
1	191.794
1	101.49
1	219.612
1	233.165
1	355.77
1	198.224
1	237.873
1	174.197
1	242.41
1	123.929
1	183.609
1	201.969
1	209.687
1	131.433
1	160.097
1	268.879
1	194.285
1	125.033
1	217.661
1	163.012
1	221.932
1	173.879
1	243.105
1	290.543
1	210.934
1	185.973
1	194.19
1	249.159
1	270.489
1	174.31
1	172.537
1	199.781
1	189.987
1	256.114
1	159.219
1	201.301
1	234.284
1	240.589
1	183.223
1	213.468
1	179.471
1	153.745
1	284.121
1	188.299
1	184.794
1	191.474
1	176.324
1	137.163
1	171.264
1	257.403
1	211.596
1	214.798
1	239.903
0	25.6368
1	336.73
1	239.949
1	203.891
1	177.815
1	137.598
1	243.682
1	160.94
1	267.951
1	128.788
1	142.115
1	157.065
1	138.997
1	314.263
1	260.149
1	175.573
1	167.633
0	41.8406
1	179.384
1	176.01
1	228.013
1	247.275
1	211.708
1	281.194
1	211.217
1	283.955
1	266.345
1	242.733
1	166.946
1	160.428
1	157.623
1	181.606
1	185.002
1	184.267
1	199.48
1	191.318
1	145.989
1	219.877
1	245.667
1	171.819
1	160.021
1	174.419
1	247.022
1	157.259
0	35.9148
1	348.87
0	24.0627
1	338.84
1	186.669
1	142.473
1	231.128
1	160.024
1	213.563
1	138.281
1	150.883
1	172.244
1	155.685
1	231.97
1	185.929
1	182.32
1	169.794
1	276.393
1	211.952
1	166.6
1	179.743
1	151.906
1	226.897
1	169.495
1	169.415
1	195.661
1	178.871
1	232.035
1	219.209
1	397.885
1	230.607
1	160.827
1	213.329
1	149.371
1	330.312
1	126.534
1	203.979
1	165.137
1	180.164
1	179.563
1	161.188
1	276.554
1	201.677
1	273.058
1	229.446
1	254.119
1	199.577
1	201.856
1	189.302
1	173.36
1	192.595
1	181.882
1	194.455
1	150.11
1	170.572
1	109.104
1	231.749
1	250.805
1	227.008
1	241.897
1	162.153
0	4.73668
1	172.814
1	256.325
1	286.497
1	214.452
1	179.755
1	278.618
1	216.996
1	340.046
1	325.604
1	199.381
1	200.465
1	171.626
1	135.063
1	337.929
1	176.622
1	174.384
1	307.088
1	137.121
1	149.249
1	253.75
1	245.354
1	159.996
1	185.797
1	213.846
1	339.111
1	170.697
1	209.942
1	220.199
1	214.866
1	238.138
1	205.511
1	219.674
1	242.361
1	193.572
1	116.161
1	148.452
1	233.915
1	167.242
1	188.359
1	167.893
1	201.445
1	202.262
1	199.606
1	182.574
1	249.965
1	179.002
1	194.195
1	309.007
1	165.522
1	170.47
1	232.445
1	200.133
1	147.689
1	260.312
1	159.54
1	195.546
1	176.702
1	154.85
1	206.174
1	155.884
1	165.341
1	258.435
1	229.67
1	181.245
1	272.624
1	109.456
1	365.565
1	283.113
1	174.775
1	241.041
1	145.787
1	208.371
1	216.485
1	144.813
1	176.536
1	162.523
1	266.859
1	178.681
1	208.872
1	226.6
1	237.166
1	210.269
1	157.087
1	226.733
1	232.734
1	193.067
1	237.595
1	222.867
1	245.165
1	195.214
1	210.006
1	181.172
1	170.612
1	233.011
1	161.365
1	188
1	223.927
1	141.138
1	149.938
1	124.433
1	234.402
1	245.73
1	201.107
1	178.115
1	213.833
1	163.914
1	184.553
1	154.224
1	149.873
1	183.316
1	189.609
1	226.253
1	171.429
1	180.319
1	236.345
1	180.856
1	195.862
1	177.094
1	191.259
1	134.528
1	134.158
1	151.781
1	148.979
1	183.027
1	170.703
1	180.124
1	176.076
1	233.567
1	188.46
1	170.233
1	118.364
1	189.99
1	180.328
1	222.504
1	179.931
1	198.716
1	181.596
1	203.98
1	194.596
1	172.339
1	216.997
1	175.294
1	201.398
1	325.826
1	401.185
1	289.062
1	193.237
1	140.33
1	143.031
1	221.711
1	192.924
1	317.807
1	244.069
1	167.058
1	210.368
1	286.727
1	158.564
1	147.353
1	195.703
1	267.054
1	256.823
1	215.649
1	136.875
1	196.912
1	289.216
1	242.277
1	212.741
1	219.69
1	239.776
1	183.338
1	197.312
1	216.682
1	187.947
1	250.897
1	149.614
1	222.759
1	207.944
1	196.197
1	174.173
1	254.694
1	195.584
1	186.271
1	263.352
1	164.574
1	228.553
1	149.749
1	142.547
1	152.455
1	138.379
1	211.046
1	228.543
1	213.809
1	200.962
1	160.51
1	264.816
1	125.098
1	216.202
1	271.405
1	185.382
1	180.205
1	238.835
1	183.937
1	304.011
1	188.793
1	184.052
1	237.026
1	197.139
1	163.165
1	203.46
1	261.992
1	237.15
1	214.027
1	249.191
1	166.845
1	221.935
1	173.896
1	204.286
1	180.886
1	255.235
1	214.681
1	270.036
1	233.409
1	230.962
1	187.322
1	160.575
1	125.756
1	202.445
1	177.72
1	150.735
1	167.672
1	166.05
1	330.387
1	344.969
1	193.161
1	186.895
0	58.0314
1	196.878
1	198.001
1	224.157
1	326.512
1	227.415
1	157.46
1	189.904
1	185.205
1	205.492
1	184.69
1	192.659
1	237.863
1	269.782
1	162.99
1	195.066
1	295.936
1	246.687
1	219.745
1	240.417
1	158.051
1	205.044
1	213.898
1	203.754
1	205.077
1	172.317
1	296.341
1	195.636
1	186.735
1	284.522
1	154.219
1	200.305
1	207.935
1	198.794
1	184.709
1	198.428
1	207.657
1	271.093
1	156.364
1	204.72
1	240.549
0	4.27084
1	214.265
1	214.795
1	211.452
1	234.219
1	237.745
1	140.45
1	126.426
1	158.363
1	197.35
1	196.418
1	176.148
1	151.596
1	173.823
1	238.633
1	253.088
1	180.292
1	205.619
1	201.907
1	236.255
1	208.962
1	239.463
1	307.816
1	262.085
1	155.273
1	181.608
1	140.945
1	141.307
1	214.68
1	211.298
1	126.897
1	182.372
1	250.35
0	15.4938
1	169.163
1	171.972
1	203.259
1	135.479
1	230.595
1	238.687
1	204.859
1	228.578
1	181.927
1	210.135
1	220.835
1	130.776
1	196.808
1	200.409
1	132.832
1	262.311
1	222.579
1	240.701
1	243.278
1	178.79
1	259.41
1	198.153
1	161.725
1	163.076
1	202.608
1	354.032
1	224.55
1	192.022
1	217.876
1	123.985
1	174.029
1	154.747
1	260.159
1	224.292
1	269.364
1	174.269
1	244.808
1	178.71
1	285.008
1	121.746
1	194.297
1	212.041
1	161.167
1	160.963
1	175.207
1	220.971
1	210.693
1	136.46
1	188.649
1	234.808
1	199.594
1	220.551
1	226.59
1	207.861
1	303.096
1	161.3
1	147.068
1	178.348
1	305.522
1	150.978
1	274.285
1	483.306
1	171.986
1	237.968
1	216.426
1	180.335
1	151.509
1	148.939
1	217.705
1	193.531
1	124.214
1	267.578
1	173.126
1	152.675
1	147.507
1	199.279
1	162.471
1	206.771
1	200.066
1	330.799
1	162.823
1	158.846
1	197.649
1	119.833
1	137.492
1	148.878
1	158.618
1	208.117
1	210.289
1	181.409
1	224.28
1	198.68
1	172.358
1	270.06
1	179.404
1	162.068
1	214.449
1	184.535
1	211.593
1	226.816
1	174.752
1	193.508
1	162.678
1	274.013
1	184.336
1	127.548
1	244.511
1	227.331
1	213.566
1	223.827
1	324.125
1	200.558
1	148.235
1	280.52
1	294.146
1	187.376
1	186.561
1	254.519
1	222.987
1	176.81
1	219.107
1	215.401
1	283.372
1	208.98
1	181.127
1	357.453
1	235.245
1	206.465
1	189.174
1	165.646
1	197.239
1	206.441
1	179.798
1	379.484
1	164.698
1	209.103
0	28.3679
1	221.365
1	298.795
1	208.672
1	201.764
1	149.208
1	217.443
1	203.713
1	190.387
1	178.207
1	188.676
1	134.658
1	182.153
1	160.003
1	193.349
1	184.558
1	178.01
1	187.247
1	208.55
1	187.664
1	257.886
1	253.878
1	254.258
1	147.206
1	145.061
1	270.409
1	237.572
1	187.622
1	201.916
1	190.372
1	212.72
1	177.519
1	188.973
1	229.583
1	167.014
1	106.078
1	201.432
1	173.937
1	160.272
1	202.868
1	200.633
1	163.3
1	158.922
1	185.981
1	189.728
1	174.234
1	265.682
1	247.239
1	161.562
1	302.814
1	151.735
1	267.481
1	198.472
1	227.582
1	181.826
1	281.871
1	181.907
1	223.881
1	135.857
1	154.022
1	219.933
1	193.147
1	342.581
1	141.213
1	257.298
1	317.018
1	213.705
1	192.594
1	153.054
1	257.703
1	242.838
1	150.428
1	123.831
1	207.682
1	226.389
1	223.973
1	191.54
1	186.579
1	194.606
1	168.648
1	207.023
1	190.62
1	201.186
1	222.981
1	156.885
1	413.137
1	266.486
1	174.254
1	185.141
1	392.913
1	144.508
1	220.556
1	192.205
1	230.945
1	124.139
1	161.189
1	212.433
1	177.167
1	154.235
1	273.347
1	145.894
1	174.683
1	183.771
1	225.104
1	226.698
1	191.505
1	198.699
1	204.308
1	180.585
1	188.396
1	144.248
1	222.82
1	171.292
1	239.954
1	154.963
1	156.694
1	239.627
1	167.188
1	224.985
1	213.831
1	123.213
1	293.831
1	237.162
1	257.55
1	214.812
1	165.63
1	158.186
1	296.892
1	163.199
1	153.929
1	156.56
1	154.94
1	152.338
1	274.501
1	159.276
1	122.329
1	220.651
1	191.625
1	153.519
1	209.305
1	201.155
1	152.666
1	121.822
1	206.911
1	187.553
1	216.532
1	127.022
1	148.348
1	109.424
1	163.564
1	176.707
1	225.306
1	153.649
1	204.8
1	188.089
1	181.51
1	249.427
1	281.57
1	210.297
1	154.409
1	203.681
1	167.989
1	137.249
1	152.255
1	357.11
1	187.982
1	159.334
1	175.304
1	249.905
1	186.318
1	227.863
1	150.367
1	218.266
1	241.582
1	206.376
1	180.24
1	134.172
1	224.751
1	203.06
1	184.57
1	345.452
1	196.167
1	226.848
1	168.08
1	123.191
1	175.309
1	143.768
1	174.489
1	189.408
1	231.224
1	244.035
1	155.793
1	165.893
1	195.272
1	164.997
1	166.755
1	188.703
1	169.545
1	272.304
1	170.661
1	222.541
1	174.781
1	181.285
1	250.999
1	142.35
1	181.623
1	219.388
1	354.297
1	234.604
1	200.594
1	120.759
1	185.444
1	183.148
1	219.511
1	246.438
1	153.783
1	269.605
1	277.162
1	182.391
1	199.737
1	141.899
1	155.382
1	202.629
1	175.304
1	178.005
1	187.654
1	151.042
1	217.967
1	167.295
1	222.322
1	136.297
1	207.624
1	154.895
1	141.071
1	193.524
1	172.092
1	241.898
1	187.133
1	142.831
1	197.891
1	172.923
1	277.513
1	199.936
1	276.21
1	159.635
1	245.84
1	160.301
1	175.401
1	191.537
1	264.043
1	324.128
1	188.34
1	184.537
1	168.528
1	155.286
1	152.323
1	199.54
1	175.987
1	149.151
1	241.196
1	146.49
1	203.538
1	307.83
1	219.763
1	230.256
1	116.752
1	143.188
1	168.884
1	151.096
1	154.883
1	187.372
1	186.844
1	198.837
1	195.29
1	194.052
1	223.418
1	288.381
1	227.621
1	199.293
1	207.285
1	161.28
1	348.869
1	220.906
1	203.254
1	209.853
1	172.938
1	237.183
1	157.143
1	185.578
1	184.616
1	168.539
1	177.994
1	132.36
1	224.07
1	152.092
1	177.144
1	358.286
0	6.52787e-07
1	189.565
1	193.585
1	165.13
1	184.103
1	149.579
1	187.445
1	184.979
1	260.855
1	183.402
1	172.356
1	125.576
1	196.839
1	184.378
1	186.546
1	183.61
1	155.122
1	135.543
1	180.423
1	199.715
1	229.717
1	149.566
1	192.698
1	173.183
1	225.423
1	162.259
1	304.505
1	164.748
1	159.198
1	140.997
0	36.7355
1	191.4
1	176.492
1	371.557
1	189.261
1	321.423
1	234.303
1	209.155
1	232.153
1	156.894
1	153.224
1	139.884
1	182.381
1	164.883
1	200.734
1	167.741
1	166.761
1	295.541
1	233.736
1	190.919
1	262.856
1	283.741
1	197.849
1	159.237
1	127.977
1	230.468
1	252.914
1	253.326
1	129.357
1	221.347
1	221.341
1	163.468
1	209.629
1	134.146
1	206.728
1	223.149
1	215.921
1	296.659
1	177.951
1	185.722
1	241.148
1	351.393
1	207.959
1	205.808
1	172.478
1	411.302
1	230.194
1	193.988
1	250.337
1	185.35
1	212.585
1	261.402
1	202.53
0	42.7546
1	164.835
1	187.994
1	214.313
1	256.397
1	157.502
1	211.118
1	126.623
1	173.665
1	239.673
1	164.57
1	406.089
1	199.377
1	263.972
1	152.577
1	208.27
1	323.715
1	254.755
1	252.333
1	182.979
1	194.346
1	244.744
1	148.319
1	226.347
1	166.793
1	246.527
1	171.156
1	162.229
1	147.955
1	178.724
1	220.203
1	153.087
1	160.427
1	133.868
1	320.606
1	184.592
1	206.733
1	226.54
1	226.622
1	184.605
1	363.538
1	211.114
1	185.959
1	262.963
1	203.04
1	347.639
1	183.365
1	166.468
1	112.497
0	4.80482
1	193.647
1	233.259
1	226.979
1	358.881
1	160.711
1	165.211
1	141.76
0	49.9487
1	201.532
1	155.475
1	158.697
1	165.838
1	277.639
1	183.714
1	210.306
1	253.015
1	218.536
1	245.828
1	212.91
1	187.096
1	188.876
1	188.85
1	192.495
1	186.955
1	165.706
1	155.499
1	173.551
1	200.444
1	186.4
1	168.676
1	177.324
1	147.854
1	192.053
1	311.154
1	189.436
1	180.784
1	191.882
1	157.886
1	322.182
1	332.57
1	205.725
1	182.05
1	184.612
1	218.404
1	148.828
1	274.252
1	240.365
1	172.111
1	275.621
1	174.124
1	213.475
1	139.567
1	229.778
1	155.561
1	142.114
1	227.104
1	191.809
1	210.662
1	177.368
1	164.163
1	255.776
1	182.94
1	178.991
1	153.43
1	163.715
1	136.171
1	123.265
1	169.456
1	262.434
1	130.689
1	125.688
1	194.541
1	231.919
1	227.725
1	208.909
1	152.623
1	150.815
1	301.246
1	174.656
1	155.432
1	244.529
1	216.102
1	213.335
1	168.205
1	216.559
1	221.118
1	186.751
1	190.536
1	189.668
1	164.906
1	200.897
1	256.087
1	164.359
1	203.475
1	206.619
1	176.616
1	212.999
1	195.931
1	227.951
1	181.89
1	227.563
1	232.267
1	163.279
1	257.186
1	165.428
1	157.313
1	171.823
1	166.457
1	348.335
1	175.278
1	150.223
1	159.772
1	126.831
1	222.472
0	3.97548
1	219.166
1	156.499
1	149.056
1	197.597
1	195.502
1	311.382
1	176.553
1	163.487
1	293.147
1	211.557
1	304.543
1	165.293
1	136.303
1	167.94
1	132.577
1	169.219
1	268.633
1	246.226
1	415.313
1	196.514
1	200.396
1	279.249
1	180.874
1	132.936
1	227.868
1	168.185
1	189.181
1	200.452
1	297.663
1	175.936
1	192.717
1	190.933
1	302.697
1	141.148
1	255.319
1	157.986
1	205.563
1	270.79
1	228.56
1	304.164
1	206.824
1	226.982
1	194.434
1	170.858
1	181.352
1	135.784
1	322.38
1	176.11
1	301.878
1	153.696
1	178.396
1	232.644
1	140.86
1	190.706
1	266.622
1	142.016
1	316.446
1	208.464
1	202.109
1	252.183
1	330.63
1	167.157
1	196.493
1	118.999
1	144.309
1	200.179
1	207.205
1	215.518
1	195.938
1	145.861
1	184.794
1	219.257
1	200.753
1	276.836
1	329.205
1	211.472
1	160.594
1	249.131
1	140.518
1	168.312
1	193.944
1	221.738
1	190.077
1	194.538
1	189.549
1	313.349
1	166.328
1	189.43
1	174.154
1	250.052
1	232.376
1	265.012
1	156.936
1	251.184
1	140.848
1	154.819
1	276.028
1	205.632
1	159.407
1	234.414
1	154.159
1	217.147
1	201.722
1	231.147
1	293.442
1	245.077
1	211.433
1	229.061
1	323.635
1	182.706
1	137.024
1	154.871
1	244.477
1	312.48
1	196.463
1	231.222
1	265.122
1	208.824
1	201.215
1	242.429
1	132.175
1	200.959
1	141.929
1	168.728
1	149.991
1	187.099
1	222.132
1	200.264
1	201.432
1	256.471
1	198.144
1	176.733
1	223.799
1	138.233
1	184.504
1	151.215
1	262.751
1	186.678
1	250.141
1	197.582
1	243.974
1	205.595
1	245.347
1	202.714
1	178.982
1	187.848
1	179.154
1	224.99
1	147.406
1	288.851
1	220.977
1	166.987
1	234.672
1	234.344
1	249.636
1	164.508
1	271.795
1	140.338
1	202.011
1	209.743
1	239.325
1	273.694
1	159.095
1	190.661
1	168.802
1	277.145
1	144.159
1	246.886
1	219.293
1	179.548
1	191.713
1	129.683
1	143.763
1	236.738
1	202.649
1	298.955
1	274.11
1	280.675
1	173.345
1	195.709
1	117.843
1	221.475
1	161.437
1	275.098
1	213.769
1	241.677
1	263.435
1	199.388
1	253.47
1	149.927
1	198.278
1	165.838
1	187.67
1	179.808
1	199.741
1	223.176
1	248.174
0	63.5699
1	138.55
1	293.696
1	224.145
1	173.416
1	188.018
1	142.334
1	278.895
1	220.058
1	265.132
1	244.824
1	221.931
1	209.395
1	265.425
1	219.748
1	227.537
1	174.956
1	243.453
1	330.823
1	184.683
1	283.914
1	136.358
1	203.459
1	148.348
1	178.93
1	196.117
1	184.134
1	214.397
1	130.334
1	156.14
1	268.875
1	145.334
1	154.268
1	156.947
1	122.863
1	184.933
1	191.533
1	158.745
1	159.079
1	158.884
1	189.306
1	218.048
1	183.779
1	235.205
1	151.264
1	158.061
1	179.374
1	203.336
1	173.528
1	155.804
1	213.492
1	161.021
1	169.642
1	162.038
1	223.727
1	190.129
1	219.598
1	222.127
1	263.742
1	200.411
1	247.816
1	119.256
1	163.409
1	158.866
1	274.401
1	159.989
1	210.359
1	134.292
1	257.319
1	172.281
1	175.637
1	216.116
1	167.48
1	318.039
1	245.054
1	152.989
1	177.872
1	163.073
1	171.176
1	164.781
1	204.606
1	192.232
1	184.24
0	45.6372
1	342.972
1	199.94
1	158.503
1	181.86
1	334.16
1	186.689
1	239.848
1	157.74
1	165.52
1	226.246
1	168.609
1	180.763
1	161.688
1	161.149
1	242.672
1	279.303
1	143.631
1	280.978
1	183.565
1	275.452
1	180.672
1	159.644
1	177.756
1	229.893
1	141.149
1	166.402
1	142.227
1	170.489
1	289.595
1	105.178
1	291.531
1	197.102
1	180.073
1	227.99
1	119.867
1	161.807
1	171.671
1	152.542
1	139.239
1	154.502
1	188.365
1	210.462
1	231.829
1	177.144
0	66.5963
1	217.969
1	181
1	166.017
1	188.803
1	176.669
1	249.082
1	163.982
1	155.05
1	198.406
1	172.783
1	199.956
1	295.592
1	142.003
1	127.962
1	168.957
1	331.479
1	193.194
1	175.091
1	194.293
1	204.811
1	165.934
1	134.251
1	228.36
1	212.387
1	174.666
1	172.428
1	245.665
1	230.852
1	193.283
1	276.39
1	246.264
1	199.175
1	223.638
1	187.838
1	172.734
1	249.683
1	225.78
1	208.969
1	207.44
1	215.559
1	209.04
1	148.313
1	144.34
1	160.659
1	178.46
1	135.717
1	346.449
1	196.093
1	220.116
1	241.136
1	241.268
1	146.722
1	222.113
1	152.904
1	239.946
1	219.931
1	158.463
1	148.17
1	204.709
1	150.099
1	182.448
1	176.453
1	231.199
1	128.277
1	218.361
1	158.502
1	162.781
1	176.999
1	223.144
1	168.126
1	376.36
1	179.264
1	226.43
1	123.791
1	301.563
1	244.803
1	195.051
1	177.521
1	182.002
1	216.231
1	138.786
1	241.046
1	181.558
1	196.191
1	128.756
1	151.181
1	199.87
1	469.992
1	145.978
1	233.792
1	155.288
1	225.096
1	151.931
1	135.351
1	240.129
1	198.352
1	239.314
1	215.064
1	185.836
0	24.8053
1	165.128
1	226.697
1	403.428
1	137.38
1	272.489
1	217.503
1	171.056
1	242.531
1	213.984
1	232.251
1	146.858
1	174.135
1	229.064
1	221.3
1	166.919
1	250.736
1	259.443
1	221.145
1	161.583
1	198.65
1	215.65
1	258.836
1	181.406
1	229.189
1	259.907
1	247.215
1	134.464
1	152.163
1	234.185
1	245.558
1	215.846
1	174.842
1	239.292
1	214.061
1	317.889
1	171.165
1	213.903
1	175.226
1	228.153
1	196.899
1	141.891
1	150.251
1	156.976
1	205.084
1	152.953
1	136.166
1	198.244
1	227.064
0	1.65818
1	126.919
1	170.331
1	253.706
1	141.655
1	190.491
1	156.856
1	154.797
1	160.89
1	171.742
1	209.676
1	166.683
1	281.827
1	222.048
1	164.167
1	238.313
1	244.218
1	196.3
1	185.607
1	241.859
1	195.155
1	208.612
1	343.578
1	164.242
1	194.417
1	209.731
1	201.336
1	168.201
1	309.923
1	233.987
1	165.252
1	249.654
1	236.69
1	143.574
1	187.426
1	179.294
1	169.168
1	163.584
1	275.099
1	176.816
1	147.411
1	226.273
1	249.468
1	174.635
1	137.005
1	209.483
1	120.751
1	170.915
1	201.915
1	185.013
1	129.36
1	199.507
1	174.692
1	194.377
1	184.341
1	169.352
1	192.705
1	213.84
1	217.253
1	286.3
1	193.422
1	189.137
1	167.562
1	211.173
1	217.302
1	223.164
1	259.26
1	269.59
1	136.419
1	203.517
1	167.498
1	296.521
1	167.507
1	231.983
1	170.989
1	225.407
1	227.301
1	186.255
1	331.685
1	205.051
1	168.963
1	185.099
1	169.335
1	356.596
1	169.004
1	246.203
1	188.212
1	146.105
1	195.624
1	231.814
1	139.984
1	182.448
1	208.52
1	185.975
1	195.803
1	169.569
1	157.062
1	184.998
1	230.992
1	150.024
1	268.422
1	167.415
1	273.52
1	206.63
1	178.97
1	169.037
1	170.43
1	266.162
1	225.947
1	163.601
1	185.191
1	229.763
1	137.899
1	116.455
1	189.24
1	188.395
1	197.137
1	170.419
1	222.888
1	189.196
1	178.306
1	178.714
1	297.881
1	206.489
1	254.486
1	163.915
1	181.862
1	161.984
1	170.951
1	207.706
1	155.692
1	202.94
1	220.806
0	10.0731
1	236.076
1	212.393
1	162.733
1	182.793
1	178.01
1	222.772
1	198.401
1	257.724
1	207.472
1	251.329
1	158.49
1	172.112
1	313.445
1	219.536
1	183.053
1	192.077
1	220.738
1	193.254
1	190.863
1	189.9
1	166.06
1	217.702
1	187.495
1	172.829
1	276.072
1	162.169
1	423.293
1	233.738
1	160.43
1	260.023
1	261.985
1	190.746
1	219.743
1	203.959
1	307.472
1	237.889
1	172.55
1	229.053
0	31.671
1	194.158
1	242.928
1	179.526
1	228.828
1	249.812
1	259.047
1	145.072
1	195.215
1	165.502
1	230.73
1	136.372
1	152.016
1	177.815
1	288.773
1	251.77
1	204.851
1	193.752
1	178.909
1	126.394
1	150.959
1	193.975
1	291.457
1	188.438
1	354.023
1	204.346
1	194.15
1	220.67
1	173.37
1	244.192
1	283.69
1	317.883
1	186.305
1	211.226
1	201.648
1	133.629
1	242.587
1	320.154
1	148.374
1	174.729
1	172.98
1	322.296
1	188.579
1	179.016
1	364.558
1	227.168
1	221.055
1	179.009
1	185.6
1	186.552
1	221.148
1	248.287
1	190.789
1	311.427
1	202.204
1	222.924
1	170.359
1	301.669
1	171.385
1	276.107
1	153.315
1	261.531
1	211.388
1	197.469
1	268.292
1	195.918
1	165.083
1	173.655
1	212.548
1	264.03
1	174.366
1	216.177
1	205.102
1	230.471
1	269.242
1	209.785
1	218.977
1	190.431
1	223.689
1	234.353
1	249.037
1	127.052
1	163.066
1	162.836
1	214.231
1	171.445
1	245.431
1	170.778
1	251.711
1	280.125
1	186.888
1	254.764
1	153.985
1	230.371
1	143.258
1	248.986
1	298.046
1	163.732
1	180.235
1	165.776
1	219.668
1	208.206
1	231.235
1	178.823
1	187.128
1	164.093
1	298.715
1	194.078
1	243.373
1	174.33
1	223.252
1	272.929
1	181.327
1	159.376
1	125.965
1	193.147
1	188.105
1	200.13
1	252.071
1	179.522
1	191.366
1	136.925
1	195.921
1	283.844
1	238.192
1	205.701
1	234.985
1	153.614
1	203.683
1	131.492
1	168.009
1	196.871
1	164.23
1	188.815
1	185.554
1	218.619
1	116.351
1	267.324
1	243.614
1	185.967
1	205.712
1	157.769
1	231.176
1	130.584
1	196.769
1	220.543
1	222.144
1	235.606
1	324.893
1	170.248
1	160.88
1	181.91
1	214.293
1	150.672
1	214.894
1	185.897
1	146.447
1	347.488
1	168.187
1	163.287
1	174.201
1	268.557
1	163.916
1	330.369
1	187.385
1	188.715
1	212.67
1	160.184
1	233.515
1	196.894
1	226.412
1	154.478
1	156.703
1	217.399
1	152.648
1	141.152
1	220.583
1	220.251
1	175.458
1	174.399
1	227.542
1	158.954
1	159.483
1	249.23
1	195.256
1	206.78
1	236.853
1	276.979
1	186.828
1	184.612
1	138.06
1	417.272
1	267.327
1	147.481
1	197.397
1	162.103
1	167.04
1	262.078
1	157.522
1	206.834
1	188.759
1	241.284
1	175.663
1	177.878
1	266.081
1	162.996
1	248.293
1	268.017
1	209.355
1	173.478
1	285.635
1	282.668
1	201.992
1	230.001
1	186.653
1	267.137
1	187.653
1	177.178
1	202.197
1	231.481
1	147.492
1	183.806
1	177.489
1	207.654
1	193.159
1	134.685
1	207.354
1	297.436
1	201.371
1	203.811
1	171.39
1	290.355
1	240.843
1	190.425
1	160.855
1	194.23
1	189.37
1	284.31
1	180.556
1	166.189
1	161.489
1	174.523
1	184.494
1	149.829
1	170.293
1	255.665
1	147.906
1	194.721
1	174.418
1	184.362
1	164.332
1	129.912
1	283.951
1	298.42
1	196.869
1	236.722
1	179.205
1	173.812
1	215.282
1	239.628
1	309.321
1	238.672
1	216.108
1	204.755
1	167.505
1	260.021
1	227.152
1	205.686
1	161.11
1	296.439
1	245.349
1	149.757
1	180.668
1	242.051
1	149.052
1	170.644
1	218.74
1	144.729
1	179.837
1	278.642
1	163.194
1	157.308
0	24.4768
1	178.162
1	221.38
1	242.039
1	218.225
1	138.509
1	186.389
1	180.442
1	218.645
1	207.031
1	348.339
1	123.503
1	161.59
1	252.579
1	246.615
1	199.785
1	148.726
1	253.297
1	134.503
1	141.476
1	203.385
1	296.143
1	155.121
1	181.51
1	186.407
1	159.767
1	165.747
1	358.253
1	193.925
1	292.836
1	217.892
1	246.511
1	159.442
1	176.647
1	291.815
1	240.279
1	208.414
1	166.301
1	209.514
1	223.677
1	119.42
1	272.366
1	181.322
1	198.165
1	214.303
1	183.275
1	186.697
1	263.222
1	159.286
1	294.804
1	292.11
1	144.112
1	158.773
1	225.498
1	137.588
1	247.974
1	238.883
1	132.219
1	219.121
1	207.103
1	165.376
1	207.129
1	157.722
1	253.137
1	209.197
1	240.465
1	152.049
1	211.242
1	233.331
1	244.627
1	376.755
1	136.04
1	276.582
1	488.096
1	270.296
1	211.617
1	192.042
1	254.721
1	204.225
1	193.401
1	194.515
1	233.377
1	142.813
1	169.907
1	195.024
1	189.883
1	214.088
1	164.635
1	202.761
1	254.89
1	212.84
1	306.091
1	226.16
1	344.544
1	225.526
1	288.253
1	184.248
1	167.382
1	202.479
1	208.282
1	202.643
1	286.369
1	131.571
1	158.716
1	217.306
1	329.932
1	227.759
1	268.125
1	160.309
1	142.052
1	201.772
1	174.788
1	174.43
1	273.486
1	243.706
1	171.994
1	275.381
1	138.23
1	304.468
1	235.848
1	198.504
1	160.454
1	208.306
1	233.545
1	118.379
1	228.086
1	239.348
1	214.126
1	215.922
1	230.661
1	152.124
1	189.589
1	228.821
1	203.516
1	170.461
1	133.808
1	224.978
1	283.32
1	181.265
1	155.476
1	252.16
1	165.895
1	195.58
1	231.24
1	171.584
1	215.158
1	149.317
1	189.538
1	177.031
1	189.257
0	61.7248
1	200.695
1	239.139
1	181.777
1	245.897
1	244.771
1	222.44
1	147.609
1	174.043
1	345.709
1	196.352
1	124.337
1	172.488
1	166.648
1	168.435
1	168.108
1	221.469
1	252.718
1	210.36
1	153.869
1	171.785
1	212.8
1	170.122
1	130.561
1	234.417
1	177.198
1	289.509
1	257.458
1	195.725
1	329.179
1	138.319
1	220.486
1	165.016
1	227.397
1	247.695
1	151.483
0	11.5943
1	211.243
1	155.901
1	146.773
1	196.568
1	168.34
1	143.436
1	285.824
1	325.736
1	200.801
1	137.274
1	184.485
1	130.894
1	213.343
1	271.497
1	215.124
1	177.854
1	158.013
1	275.009
1	319.321
1	205.522
1	254.192
1	190.727
1	171.222
1	218.763
1	146.368
1	174.424
1	171.091
1	193.797
1	172.109
1	175.437
1	186.527
1	163.157
1	237.228
1	280.871
1	233.99
1	244.407
1	150.279
0	95.083
1	164.837
1	221.5
1	167.076
1	199.439
1	194.924
1	265.123
1	147.027
1	179.418
1	133.27
1	232.573
1	205.327
1	206.67
1	268.718
1	291.977
1	229.349
1	201.395
1	271.142
1	122.024
1	151.343
1	260.774
1	203.632
1	236.238
1	229.089
1	291.092
1	186.245
1	187.317
1	231.385
1	136.903
1	193.759
1	226.82
1	199.054
1	179.15
1	207.09
1	330.387
1	208.648
1	231.799
1	158.328
1	330.043
1	175.211
1	215.02
1	169.336
1	135.496
1	343.627
1	205.172
1	219.446
1	148.319
1	171.516
1	218.439
1	170.68
1	191.929
1	156.017
1	346.302
1	180.883
1	151.868
1	224.837
1	241.843
1	226.978
1	197.225
1	170.374
1	273.617
1	195.103
1	229.982
1	186.45
1	174.897
1	174.938
1	223.912
1	213.961
1	177.424
1	267.781
1	225.372
1	173.79
1	307.622
1	190.436
1	235.613
1	299.146
1	154.566
1	190.892
1	196.911
1	242.243
1	143.421
1	208.78
1	144.949
1	161.143
1	144.629
1	176.373
1	200.227
1	210.1
1	245.69
1	191.098
1	132.04
1	318.158
1	164.287
1	136.156
1	128.25
1	176.471
1	200.11
1	165.606
1	180.013
1	190.848
1	186.665
1	149.977
1	204.051
1	220.251
1	147.971
1	158.197
1	197.842
1	273.002
1	215.947
1	206.493
1	148.218
1	179.783
1	168.679
1	223.639
1	200.872
1	168.869
1	248.136
1	151.291
1	230.562
1	164.3
1	174.056
1	177.118
1	121.558
1	150.545
1	159.028
1	187.228
1	183.751
1	148.674
1	149.338
1	180.848
1	163.744
1	143.979
1	227.52
1	246.181
1	121.149
1	183.534
1	176.374
1	135.09
1	180.897
1	211.532
1	165.633
1	122.376
1	177.762
1	217.874
1	301.427
1	183.071
1	260.422
1	217.453
1	190.416
1	159.492
1	223.016
1	268.196
1	152.99
1	158.106
1	195.897
1	144.393
1	149.662
1	213.273
1	203.318
1	206.237
1	271.197
1	184.869
1	228.979
1	158.227
1	234.598
1	267.109
1	180.674
1	226.924
1	165.197
1	243.061
1	328.286
1	203.723
1	162.265
1	371.774
1	148.17
1	168.554
1	219.921
1	198.448
1	215.207
1	193.92
1	179.75
1	202.83
1	135.121
1	166.251
1	177.423
1	195.359
1	156.143
1	190.387
1	141.958
1	210.713
1	203.449
1	170.472
1	209.904
1	188.325
1	310.681
1	165.58
1	240.264
1	212.262
1	160.325
1	162.502
1	231.103
1	232.041
1	179.028
1	178.148
1	178.905
1	167.841
1	175.093
1	155.579
1	200.002
1	201.154
1	136.386
1	218.755
1	193.388
1	190.77
1	200.056
1	230.505
1	161.629
1	205.325
1	212.669
1	174.151
1	186.176
1	166.369
1	208.299
1	210.388
1	154.618
1	183.939
1	238.901
1	147.841
1	144.548
1	159.346
1	281.566
1	217.979
1	184.917
1	191.049
1	210.69
1	176.936
1	245.02
1	140.339
1	222.977
1	168.556
1	124.455
1	197.955
1	225.332
1	272.692
1	192.981
1	301.732
1	193.359
1	173.079
1	146.889
1	190.454
1	145.902
1	187.814
1	166.309
1	249.446
1	203.964
1	188.293
1	223.443
1	131.015
1	170.138
1	225.575
1	275.198
1	174.66
1	152.198
1	146.938
1	190.867
1	112.156
1	172.25
1	195.686
1	170.814
1	268.522
1	178.342
1	301.593
1	168.352
1	207.903
1	253.062
1	160.548
1	164.397
1	219.109
1	122.217
1	186.687
1	191.969
1	132.556
1	133.504
1	175.664
1	212.358
1	176.942
1	181.532
1	143.29
1	281.796
1	297.719
1	304.375
1	233.584
1	139.926
1	225.867
1	258.325
1	250.956
1	342.345
1	185.454
1	282.684
1	275.406
1	220.476
1	153.373
1	190.377
1	228.638
1	338.698
1	220.927
1	263.455
1	202.746
1	217.581
1	191.616
1	219.492
1	197.599
1	230.19
1	234.204
1	191.314
1	179.67
1	154.233
1	186.17
1	193.066
1	302.526
1	314.262
1	127.015
1	205.187
1	137.513
1	182.405
1	214.55
1	247.547
1	187.7
1	143.778
1	244.328
1	185.403
1	172.18
1	152.491
1	308.323
1	207.284
1	284.542
1	205.308
1	206.447
1	173.435
1	217.157
1	240.75
1	205.994
1	167.939
1	241.029
1	171.36
1	207.359
1	147.125
1	162.291
1	219.725
1	193.326
1	172.059
1	203.694
1	203.342
1	194.724
1	185.991
1	222.022
1	207.054
1	161.737
1	246.899
1	150.773
1	142.446
1	217.208
1	230.391
1	219.045
1	112.53
1	160.52
1	203.564
1	237.531
1	221.471
1	256.186
1	121.101
1	197.059
1	233.136
1	273.68
1	237.169
1	178.098
1	268.125
1	125.514
1	169.47
1	216.952
1	229.24
1	154.422
1	127.604
1	193.807
1	201.905
1	207.209
1	157.507
1	169.77
1	235.118
1	212.91
1	203.556
1	340.136
1	143.358
1	280.096
1	318.489
1	186.655
1	162.913
1	222.085
1	126.954
1	230.176
1	229.714
1	216.632
1	180.152
1	255.48
1	180.803
1	156.677
1	364.549
1	190.592
1	186.835
1	219.329
1	236.904
1	152.831
1	225.157
1	162.09
1	325.43
1	261.643
1	187.585
1	237.249
1	149.443
1	304.949
1	274.746
1	222.622
1	164.072
1	188.368
0	38.171
1	138.383
1	183.65
1	188.891
1	209.713
1	181.86
1	301.341
1	185.637
1	169.883
1	160.458
1	212.875
1	269.872
1	238.193
1	170.768
1	164.449
1	169.198
1	131.951
1	176.772
1	221.064
1	240.486
1	157.358
1	195.851
1	244.891
1	220.008
1	252.548
1	262.473
1	193.004
1	191.16
1	161.746
1	286.447
1	161.208
1	162.921
1	164.655
1	137.956
1	217.402
1	152.418
1	180.53
1	250.586
1	191.764
1	169.444
1	170.449
1	162.558
1	267.082
1	139.66
1	210.306
1	184.076
1	251.519
1	227.381
1	144.217
1	147.308
1	224.896
1	166.542
1	237.437
1	175.552
1	233.188
1	197.623
1	331.362
1	193.327
1	201.856
1	239.923
1	235.06
1	171.886
1	153.119
1	231.464
1	156.189
1	129.479
1	172.86
1	200.652
1	200.069
1	158.839
1	190.072
1	166.642
1	185.352
1	163.692
1	254.9
1	196.889
1	243.048
1	240.926
1	188.56
1	173.972
1	173.702
1	179.849
1	256.943
1	209.789
1	179.996
1	250.494
1	290.629
1	187.767
1	185.966
1	217.623
1	222.179
1	183.134
1	163.544
1	205.236
1	168.939
1	131.842
1	233.182
1	193.892
1	269.467
1	183.451
1	135.884
1	172.684
1	201.812
1	161.61
1	171.097
1	190.372
1	251.951
1	237.243
1	140.855
1	247.95
1	209.249
1	180.431
1	206.607
1	181.424
1	159.252
1	163.027
1	252.014
1	249.994
1	207.345
1	195.471
1	198.494
1	241.154
1	236.397
1	223.81
1	186.424
1	185.855
1	283.614
1	309.168
1	225.498
1	326.906
1	215.566
1	259.765
1	151.454
1	231.724
1	186.358
1	180.419
1	300.138
1	175.489
1	209.529
1	192.764
1	199.081
1	279.026
1	215.086
1	265.643
1	211.573
1	249.248
1	150.823
1	158.001
1	191.515
1	172.209
1	208.466
1	189.707
1	138.513
1	207.438
1	172.941
1	208.315
1	206.795
1	144.493
1	209.467
1	219.512
1	211.797
1	201.692
1	167.327
1	203.823
1	336.374
1	182.196
1	292.771
1	171.556
1	351.848
1	186.989
1	167.652
1	248.171
1	163.041
1	191.105
1	189.991
1	234.896
1	218.517
1	314.23
1	162.751
1	325.165
1	137.436
1	262.419
1	211.688
1	126.051
1	151.163
1	160.141
1	118.795
1	156.224
1	231.787
1	204.831
1	206.431
1	200.414
1	217.79
1	181.13
1	217.131
1	172.688
1	211.209
1	149.283
1	234.819
1	209.234
1	200.101
1	203.818
1	192.757
1	160.644
1	227.265
1	156.821
1	180.683
1	141.339
1	217.439
1	204.607
1	235.449
1	171.888
1	274.398
1	327.513
1	186.797
1	266.422
1	178.704
1	180.468
1	231.727
1	167.989
1	143.627
1	166.597
1	169.724
1	334.029
1	188.603
1	137.758
1	226.001
1	182.631
1	217.323
1	166.075
1	171.669
1	148.681
1	213.227
1	143.517
1	134.84
1	243.681
1	162.342
1	185.083
1	178.494
1	194.969
1	204.274
1	206.344
1	251.461
1	186.578
1	193.302
1	176.906
1	260.409
1	386.99
1	277.565
1	149.266
1	130.738
1	195.293
1	147.745
1	192.18
1	149.428
1	163.445
1	148.521
1	195.273
1	239.257
1	199.188
1	262.749
1	182.56
1	227.813
1	250.8
1	243.875
1	283.273
1	147.014
1	162.157
1	234.143
1	363.971
1	176.341
1	263.738
1	156.249
1	195.108
1	259.831
1	163.322
1	218.168
1	128.778
1	166.368
1	167.27
1	222.873
1	172.748
1	216.979
1	258.753
1	303.594
1	234.014
1	136.094
1	189.881
1	141.464
0	24.3219
1	247.973
1	168.262
1	187.622
1	204.1
1	186.315
1	175.905
1	132.408
1	218.957
1	179.274
1	219.763
1	196.14
1	206.358
1	232.113
1	172.186
1	229.324
1	257.865
1	241.734
1	213.995
1	222.307
1	169.057
1	190.417
1	223.315
1	153.144
1	199.155
1	175.116
1	209.135
1	296.52
1	214.162
1	198.542
1	168.917
1	210.973
1	247.565
1	224.254
1	177.274
1	214.304
1	170.415
1	253.986
1	215.012
1	222.138
1	183.249
1	218.639
1	180.728
1	163.026
1	170.205
1	213.816
1	282.096
1	196.699
1	364.395
1	191.966
1	139.691
1	166.21
1	187.147
1	187.653
1	213.431
1	176.126
1	164.541
1	171.315
1	175.12
1	175.116
1	199.17
1	125.183
1	237.085
1	175.7
1	206.169
1	288.341
1	202.566
1	298.169
1	220.926
1	175.812
1	259.028
1	178.758
1	158.044
1	321.27
1	191.242
1	189.643
1	211.079
1	141.557
1	190.206
1	186.311
1	142.101
1	167.749
1	167.352
1	158.382
1	207.299
1	153.02
1	444.546
1	199.167
1	210.99
1	257.494
1	231.637
1	132.894
1	190.893
1	280.062
1	255.177
1	195.284
1	182.587
1	142.268
1	184.343
1	191.609
1	222.764
1	221.239
1	201.736
1	158.864
1	216.95
1	199.46
1	125.996
1	343.912
1	330.025
0	30.775
1	254.459
1	189.751
1	193.434
1	256.557
1	188.074
1	195.09
1	209.845
1	234.332
1	165.467
1	171.479
1	155.779
1	193.617
1	172.201
1	167.715
1	217.715
1	209.147
1	260.45
1	206.489
1	152.67
1	130.173
1	155.042
1	180.804
1	242.266
1	222.677
1	161.174
1	187.841
1	161.645
1	180.287
1	175.684
1	267.872
1	203.798
1	261.437
1	258.76
1	307.485
1	212.283
1	208.891
1	305.74
1	152.316
1	218.482
1	332.631
1	136.768
1	220.742
1	164.649
1	143.777
1	184.898
1	240.291
1	235.142
1	196.602
1	179.268
1	326.382
1	128.576
1	172.045
1	291.352
1	149.329
1	211.75
1	241.061
1	159.398
1	206.142
1	182.698
1	170.552
1	303.556
1	245.185
1	200.577
1	207.155
1	167.151
1	272.638
1	201.311
1	183.909
1	269.285
1	158.964
1	206.257
1	202.541
1	227.213
1	343.761
1	185.41
1	216.966
1	245.165
1	117.478
1	168.131
1	187.648
1	192.974
1	209.265
1	190.486
1	240.091
1	161.464
1	183.48
1	180.083
1	198.505
1	228.581
1	165.018
1	175.549
1	260.48
1	171.906
1	240.596
1	153.778
1	148.944
1	194.178
1	260.42
1	148.038
1	191.911
1	227.391
1	179.351
1	137.095
1	139.021
1	316.259
1	220.911
1	355.197
1	170.41
1	199.404
1	169.116
1	220.914
1	314.857
1	129.253
1	156.77
1	285.413
1	253.261
1	154.22
1	196.571
1	156.917
1	146.329
1	234.01
1	233.611
1	188.971
0	0.810826
1	242.438
1	180.468
1	264.192
1	176.541
1	200.097
1	339.772
1	198.431
1	164.988
1	156.777
1	265.343
1	162.021
1	130.374
1	254.748
1	208.96
1	148.143
1	326.133
1	202.757
1	210.77
1	329.509
1	145.632
1	239.834
1	180.076
1	293.132
1	167.766
1	140.635
1	234.716
1	352.503
1	147.111
1	171.51
1	197.414
1	252.754
1	139.428
1	261.946
1	243.061
1	231.727
1	148.411
1	122.729
1	157.301
1	160.563
1	229.245
1	225.815
1	226.047
1	204.989
1	213.535
1	142.226
1	236.458
1	236.585
1	175.763
1	278.96
1	175.31
1	187.565
1	199.447
1	170.57
1	170.808
1	175.963
1	230.61
1	206.993
1	164.042
1	223.801
1	243.458
1	249.84
1	163.394
1	178.509
1	246.734
1	321.394
1	232.314
1	205.395
1	236.607
1	175.684
1	190.947
1	198.972
1	253.2
1	215.85
1	264.65
1	176.618
1	194.768
1	174.022
1	159.619
1	146.5
1	213.596
1	161.102
1	156.692
1	208.45
1	172.119
1	182.392
1	240.107
1	188.746
1	171.163
1	216.926
1	312.664
1	170.12
1	218.857
1	249.487
1	161.824
1	240.72
1	208.526
1	398.339
1	202.915
1	173.782
1	290.652
1	185.785
1	197.46
1	235.929
0	2.36841
1	174.531
1	159.962
1	253.169
1	216.128
1	166.173
1	208.917
1	166.976
1	142.846
1	204.16
1	194.115
1	214.707
1	189.61
1	412.213
1	135.7
1	170.95
1	151.984
1	200.389
1	145.539
1	188.359
1	233.527
1	284.319
1	269.952
1	260.834
1	305.661
1	215.518
1	264.229
1	195.114
1	182.617
1	172.151
1	199.159
1	201.782
1	201.78
1	250.025
1	211.674
1	206.56
1	167.898
1	237.264
1	204.228
1	216.087
1	196.611
1	167.616
1	178.123
1	153.94
0	0.0451941
1	130.846
1	235.474
1	196.698
1	238.672
1	192.829
1	139.049
1	122.818
1	226.86
1	151.414
1	278.013
1	249.109
1	218.582
1	222.132
1	174.728
1	204.416
1	195.372
1	208.565
1	217.092
1	164.339
1	217.393
1	128.597
1	147.6
1	190.495
1	207.546
1	208.947
1	161.704
1	171.954
1	227.084
1	164.988
1	171.792
1	183.097
1	122.874
1	258.316
1	184.368
1	216.83
1	201.085
1	191.588
1	232.15
1	288.823
1	183.536
1	132.049
1	333.574
1	132.752
1	232.272
1	477.08
1	238.51
1	265.373
1	177.919
1	261.895
1	162.972
1	141.358
1	188.269
1	184.857
1	134.83
1	251.203
1	160.248
1	205.747
1	248.168
1	166.339
1	243.598
1	241.96
1	201.622
1	169.428
1	230.617
1	154.715
1	202.767
1	167.641
1	266.038
1	200.302
1	341.6
1	194.123
1	173.354
1	168.339
1	202.334
1	207.651
1	208.026
1	194.555
1	230.719
1	159.678
1	171.808
1	250.175
1	204.678
1	198.135
1	215.516
1	170.087
1	215.359
1	260.638
1	203.172
1	186.511
1	160.362
1	164.305
1	174.842
1	233.538
1	192.695
1	220.808
1	268.146
1	224.021
1	228.186
1	179.313
1	196.062
1	220.9
1	188.54
1	280.827
1	190.045
1	154.024
1	243.437
1	157.106
1	182.78
1	395.437
1	359.57
1	148.725
1	127.116
1	203.989
1	261.655
1	327.595
1	253.195
1	178.291
1	266.358
1	244.845
1	186.212
1	316.416
1	177.001
1	169.796
1	170.817
1	148.726
1	202.518
1	155.365
1	260.031
1	204.889
1	211.626
1	239.162
1	278.697
1	168.019
1	204.986
1	156.233
1	177.001
1	276.44
1	173.147
1	164.642
1	240.234
1	268.878
1	160.298
1	214.383
1	235.634
1	179.19
1	242.358
1	172.685
1	161.644
1	178.324
1	228.037
1	208.972
1	201.268
1	230.974
1	183.27
1	157.275
1	231.791
1	265.53
1	214.287
1	173.359
1	187.923
1	151.677
1	187.584
1	242.184
1	155.189
1	130.716
1	193.972
1	284.715
1	181.866
1	166.421
1	210.222
1	226.441
1	307.679
1	184.482
1	289.111
1	226.511
1	168.498
1	140.658
1	127.217
1	257.96
1	240.746
1	244.156
1	208.524
1	149.035
1	158.255
1	184.806
1	282.332
1	196.838
1	197.327
1	171.307
1	174.039
1	208.009
1	186.438
1	157.12
1	135.37
1	239.422
1	159.844
1	160.553
1	218.35
1	215.209
1	196.251
1	182.468
1	203.143
1	214.621
1	204.618
1	212.667
1	198.063
1	174.745
1	253.184
1	176.571
1	155.823
1	196.316
1	187.525
1	164.114
1	148.635
1	197.214
1	227.64
1	269.72
1	153.249
1	227.51
1	299.546
1	294.941
1	201.327
1	155.671
1	160.893
1	178.23
1	274.727
1	219.967
1	186.623
1	171.67
1	114.457
1	209.895
1	159.078
1	132.024
1	231.163
1	190.464
1	252.248
1	196.393
1	151.099
1	280.054
1	304.893
1	196.786
1	170.209
1	120.162
1	142.13
1	248.698
1	154.973
1	196.444
1	268.778
1	183.869
1	120.604
1	162.859
1	238.043
1	152.542
1	176.426
1	194.651
1	209.404
1	204.548
1	246.519
1	221.767
1	128.586
0	7.59585
1	127.178
1	119.903
1	157.306
1	158.304
1	127.217
1	187.813
1	190.342
1	221.374
1	322.634
1	148.837
1	171.483
1	129.044
1	249.469
1	193.525
1	203.817
1	172.612
1	180.286
1	200.909
1	217.992
1	186.374
1	208.092
1	165.543
1	189.809
1	156.123
1	245.809
1	206.491
1	170.594
1	201.141
1	181.646
1	165.247
1	229.061
1	177.223
1	171.706
1	165.415
1	179.627
1	157.601
1	163.671
1	156.854
1	276.588
1	179.941
0	51.1204
1	154.529
1	154.701
1	156.544
1	254.816
1	211.343
1	173.792
1	163.969
1	195.576
1	195.749
1	237.027
1	195.425
1	154.105
1	151.405
1	278.295
1	154.902
1	185.045
1	236.461
1	244.117
1	247.928
1	252.442
1	241.681
1	318.664
1	145.221
1	146.872
1	200.296
1	217.243
1	142.825
1	167.819
1	148.924
1	155.471
1	177.278
1	170.184
1	271.821
1	177.463
1	229.354
1	212.521
1	169.124
1	260.607
1	195.304
1	278.571
1	201.644
1	204.6
1	208.675
1	223.272
1	150.023
1	207.009
1	234.844
1	182.166
1	193.421
1	159.612
1	226.54
1	143.349
1	187.646
1	235.37
1	248.779
1	149.445
1	228.953
1	165.389
1	209.622
1	292.223
1	262.865
1	173.471
1	142.538
1	249.673
1	179.548
1	231.787
1	143.916
1	201.987
1	137.607
1	273.123
1	202.972
1	194.877
1	162.63
1	166.229
1	155.479
0	21.7529
1	212.205
1	170.705
1	236.365
1	237.537
1	214.627
1	235.438
1	282.161
1	184.425
1	223.043
1	144.853
1	124.319
1	267.527
1	195.104
1	243.028
1	240.866
1	248.076
1	222.97
1	233.45
1	193.327
1	223.195
1	174.377
1	322.703
1	207.521
1	151.517
1	243.932
1	155.461
1	187.442
1	194.782
1	177.367
1	279.152
1	174.876
1	196.688
1	146.894
1	218.937
1	182.819
1	189.425
1	193.734
1	192.362
1	182.895
1	258.087
1	197.246
1	155.931
1	177.584
1	160.643
1	179.107
1	185.044
1	234.558
1	118.058
1	190.557
1	183.309
1	190.433
1	212.593
1	188.678
1	153.369
1	183.747
1	199.059
1	156.929
1	152.12
1	169.884
1	160.078
1	165.85
1	194.162
1	198.527
1	155.678
1	159.848
1	328.646
1	187.968
1	242.587
1	158.173
1	147.346
1	211.501
1	134.325
1	144.837
1	190.234
1	188.282
1	209.364
1	159.359
1	204.332
1	178.825
1	325.428
1	184.227
1	155.775
1	200.817
1	230.749
1	202.862
1	182.958
1	342.007
1	241.671
1	157.223
1	197.698
1	184.392
1	166.016
1	214.393
1	191.192
1	174.525
1	155.634
1	224.07
1	132.751
1	119.516
1	215.76
1	210.43
1	204.437
1	172.405
1	226.927
1	201.622
1	212.214
1	203.83
1	204.117
1	181.57
1	152.181
1	225.823
1	158.187
1	215.095
1	165.379
1	135.932
1	149.933
1	143.086
1	221.523
1	257.68
1	214.607
1	230.274
1	191.536
1	155.712
1	188.915
1	211.575
1	305.474
1	231.851
1	287.449
1	282.222
1	119.229
1	160.414
1	192.032
1	249.693
1	142.178
1	166.319
1	221.65
1	166.069
1	215.343
1	204.487
1	212.906
1	132.426
1	260.406
0	105.046
1	205.936
1	205.271
1	196.445
1	255.233
1	161.303
1	143.606
1	260.29
1	152.763
1	183.284
1	176.269
1	148.039
1	133.93
1	160.292
1	211.879
1	160.467
1	309.858
1	214.669
1	221.414
1	186.512
1	178.371
1	185.362
1	169.814
1	206.408
1	188.732
1	200.302
1	247.672
1	210.955
1	224.457
1	169.942
1	183.76
1	187.475
1	366.134
1	140.949
1	153.348
1	158.701
1	148.431
1	194.714
1	221.108
1	178.909
1	117.856
1	211.384
1	214.344
1	157.294
1	224.017
1	262.663
1	250.342
1	134.593
1	188.242
1	283.922
1	182.268
1	166.165
1	180.916
1	186.491
1	146.645
1	224.417
1	148.186
1	235.08
1	196.806
1	238.977
1	237.055
1	194.296
1	157.922
1	164.546
1	225.783
1	197.678
1	191.056
1	189.055
1	214.747
1	148.225
1	178.413
1	219.992
1	233.287
1	229.749
1	194.408
1	200.971
1	147.373
1	310.012
1	198.294
1	181.805
1	162.683
1	148.474
1	204.43
1	158.617
1	256.812
1	135.255
1	270.948
1	216.295
1	159.005
1	252.303
1	143.289
1	187.507
1	187.206
1	181.212
1	195.507
1	166.147
1	256.232
0	24.2442
1	179.913
1	178.476
1	144.512
1	268.39
1	273.237
1	168.947
1	230.074
1	194.186
1	186.946
1	170.93
1	161.069
1	177.622
1	296.646
1	170.752
1	198.462
1	212.908
1	227.359
1	214.802
1	221.379
1	150.068
1	217.263
1	256.016
1	167.478
1	129.082
1	202.637
1	242.972
1	179.147
1	172.245
1	236.027
1	355.59
1	246.616
1	208.089
1	202.897
1	231.515
1	247.259
1	202.596
1	150.971
1	213.438
1	193.834
1	201.679
1	168.062
1	200.325
1	172.473
1	239.904
1	200.107
1	187.508
1	190.023
1	243.821
1	161.763
1	235.182
1	160.719
1	328.39
1	140.402
1	119.472
1	155.397
1	193.97
0	86.4543
1	186.838
1	290.197
1	213.397
1	172.23
1	150.373
1	226.472
1	162.297
1	338.954
1	205.219
1	212.744
1	231.68
1	155.656
1	261.579
1	253.824
1	215.662
1	192.537
1	185.545
1	173.445
1	254.982
0	7.24598
1	203.606
1	154.626
1	229.62
1	168.208
1	270.985
1	209.484
1	264.826
1	194.478
1	138.799
1	194.808
1	224.991
1	303.14
1	199.429
1	193.478
1	187.775
1	228.98
1	285.02
1	213.157
1	182.167
1	187.882
1	234.508
1	87.9565
1	194.528
1	153.437
1	173.203
1	185.141
1	262.494
1	231.675
1	196.559
1	179.392
1	259.563
1	160.325
1	326.918
1	200.555
1	169.596
1	176.131
1	166.605
1	212.04
1	147.965
1	108.044
1	187.786
1	115.03
1	195.729
1	230.431
1	282.352
1	167.954
1	247.678
1	201.47
1	183.868
1	198.249
1	174.702
1	187.861
1	260.887
1	150.228
1	150.152
1	165.832
1	203.738
1	302.27
1	241.563
1	270.502
1	174.42
1	174.605
1	212.206
1	156.331
1	238.219
1	228.332
1	181.039
1	265.148
1	191.866
1	159.697
1	158.348
1	234.112
1	218.33
1	301.489
1	255.908
1	140.583
1	254.19
1	181.837
1	173.189
1	287.492
1	120.42
1	149.711
1	171.776
1	119.902
1	218.415
1	216.109
1	179.176
1	157.482
1	220.228
1	263.929
1	285.383
1	214.457
1	245.535
1	194.421
1	189.967
1	336.696
1	216.557
1	346.727
1	177.984
1	171.039
1	136.978
1	263.002
1	230.524
1	144.724
1	131.924
1	181.365
1	156.765
1	175.317
1	231.834
1	181.028
1	227.561
1	167.138
1	152.032
0	4.44802
1	179.399
1	224.363
1	237.971
1	196.75
1	211.917
1	195.662
1	136.841
1	198.299
1	183.88
1	264.271
1	152.428
1	282.474
1	185.255
1	224.724
1	371.826
1	269.603
1	159.647
1	247.247
1	183.875
1	190.536
1	160.059
1	454.147
1	323.411
1	159.594
1	259.682
1	199.217
1	142.189
1	140.06
1	218.225
1	188.117
1	240.079
1	280.361
1	168.922
1	284.65
1	235.55
1	290.723
1	195.133
1	187.959
1	189.953
1	167.826
1	189.775
1	177.507
1	220.191
1	170.524
1	124.37
1	164.303
1	216.866
1	239.505
1	119.021
1	211.127
1	220.984
1	168.184
1	227.88
1	391.379
1	135.85
1	170.718
1	183.508
1	283.614
1	201.166
1	238.897
1	194.164
1	355.398
1	193.002
1	199.823
1	237.271
1	156.27
1	345.411
1	190.28
1	156.115
1	301.743
1	131.931
1	214.469
1	146.862
1	284.807
1	116.186
1	170.004
1	266.973
1	298.416
1	206.989
1	194.488
1	202.822
1	195.965
1	268.813
1	248.316
1	215.225
1	232.715
1	167.532
1	181.247
1	222.364
1	240.419
1	184.412
1	154.485
1	183.382
1	159.073
1	230.092
1	175.848
1	197.878
1	150.446
1	164.564
1	170.368
1	192.18
1	248.795
1	157.295
1	150.792
1	253.566
1	128.236
1	195.287
1	180.451
1	178.734
1	151.718
1	165.508
1	258.8
1	345.113
1	205.171
1	177.963
1	340.123
1	165.606
1	159.83
1	181.516
1	168.658
1	181.21
1	180.909
1	275.337
1	264.849
1	379.376
1	231.945
1	205.033
1	158.474
1	185.086
1	131.174
1	199.586
1	224.403
1	141.894
1	206.965
1	169.565
1	293.613
1	176.166
1	200.587
1	223.004
1	162.422
1	368.861
1	297.221
1	216.506
1	207.427
1	110.524
1	215.359
1	177.023
1	270.063
1	181.401
1	141.723
1	242.411
1	270.299
1	294.608
1	185.781
1	169.321
1	165.24
1	117.818
1	195.347
1	182.824
1	112.9
1	212.174
1	299.456
1	178.138
1	215.18
1	154.942
1	191.766
1	128.972
1	207.461
1	222.864
1	361.284
1	341.263
1	177.525
1	191.088
1	185.768
1	204.231
1	187.89
1	157.479
1	207.847
1	206.316
1	205.606
1	179.64
0	51.5213
1	213.044
1	151.463
1	246.476
1	233.416
1	141.426
1	245.318
1	201.195
1	161.29
1	125.836
1	167.606
1	223.426
1	177.798
1	219.229
1	371.558
1	285.45
1	247.419
1	256.759
1	241.058
1	213.251
1	250.547
1	202.385
1	161.331
1	222.865
1	236.965
1	261.201
1	183.636
1	199.786
1	265.196
0	28.9119
1	154.635
1	186.596
1	167.299
1	243.005
1	204.705
1	344.64
1	184.77
1	185.076
1	198.801
1	186.386
1	211.013
1	182.079
1	197.673
1	175.77
0	102.774
1	177.692
1	185.384
1	231.028
1	195.193
1	178.787
1	133.257
1	191.844
1	157.347
1	173.169
1	200.673
1	144.986
1	203.703
1	199.139
1	130.046
1	333.217
1	134.179
1	237.489
1	219.476
1	228.084
1	229.037
1	216.473
1	159.617
1	186.49
1	258.492
1	194.784
1	278.289
1	207.432
1	203.314
1	168.354
1	217.036
1	170.542
1	169.547
1	314.466
1	133.6
1	254.304
1	184.291
1	134.441
1	244.944
1	229.627
1	172.604
1	147.82
1	181.759
1	298.031
1	201.151
1	413.685
1	195.544
1	156.83
1	250.831
1	198.149
1	199.693
1	183.347
1	289.155
1	252.188
1	158.922
1	289.112
1	193.846
1	199.313
1	234.701
1	152.316
1	221.452
1	158.567
1	251.991
1	265.281
1	174.264
1	176.469
1	274.951
1	204.864
1	250.969
1	194.841
1	151.633
1	168.202
1	217.236
1	240.167
1	222.689
1	180.148
1	166.041
1	157.99
1	159.006
1	194.908
1	147.535
1	168.774
1	124.876
1	303.504
1	167.896
1	264.943
1	167.086
1	178.547
1	233.168
1	196.408
1	168.066
1	166.634
1	221.187
1	207.302
1	143.316
1	168.647
1	357.706
1	166.83
1	348.892
1	153.923
1	177.428
1	214.425
1	220.518
1	255.242
1	169.932
1	262.775
1	172.198
1	229.613
1	282.7
1	195.551
1	276.706
1	186.365
1	163.099
1	259.522
1	358.5
1	216.741
1	133.779
1	231.929
1	177.883
1	179.568
1	242.303
1	184.123
1	198.704
1	186.66
1	135.511
1	235.855
1	276.966
1	194.67
1	268.278
1	188.909
1	148.86
1	277.306
1	203.321
1	237.385
1	122.138
1	126.734
1	194.884
1	158.611
1	203.988
1	157.048
1	163.236
1	260.596
1	190.124
1	159.277
1	276.653
1	262.746
1	222.049
1	287.15
1	281.66
1	161.592
1	143.069
1	186.192
1	221.139
1	135.857
1	284.7
1	235.937
1	202.496
1	129.522
1	173.223
1	214.144
1	237.129
1	301.388
1	163.63
1	188.335
1	135.614
1	179.338
1	188.723
1	287.767
1	168.299
1	238.053
1	325.621
1	225.177
1	245.765
1	204.569
1	186.572
1	151.861
1	191.538
1	220.229
1	220.564
1	119.985
1	179.762
1	249.53
1	353.771
1	217.097
1	188.644
1	128.773
1	233.942
1	209.286
1	167.606
1	222.451
1	119.909
1	163.886
1	133.732
1	177.967
1	281.168
1	195.686
1	153.249
1	226.667
1	289.649
1	223.385
1	212.031
1	222.887
1	134.664
1	180.868
1	179.337
1	261.566
1	194.007
1	189.682
1	217.066
1	202.482
1	160.195
1	142.95
1	171.345
1	318.031
1	253.236
1	232.52
1	337.497
1	183.591
1	168.697
1	182.073
1	341.654
1	157.809
1	212.131
1	138.898
1	207.428
1	287.442
1	189.408
1	193.413
1	193.552
1	260.76
1	305.537
1	127.356
1	240.931
1	205.339
1	257.042
1	249.577
1	263.384
1	261.141
1	151.461
1	176.752
1	256.189
1	193.518
1	203.976
1	265.113
1	152.477
1	308.708
1	147.729
1	93.9572
1	132.066
1	226.494
1	162.703
1	198.084
1	222.126
1	189.94
1	166.955
1	164.162
1	220.372
1	263.812
1	207.378
1	262.382
1	222.155
1	201.36
1	254.733
1	174.524
1	209.852
1	170.787
1	313.858
1	193.842
1	298.088
1	234.824
1	173.764
1	179.423
1	184.598
1	132.969
1	227.361
1	180.034
1	158.823
1	124.529
1	186.453
1	182.377
1	247.687
1	166.391
1	176.551
1	172.037
1	168.051
1	171.022
1	181.429
1	201.21
1	280.647
1	223.015
1	182.062
1	245.595
1	200.561
1	261.778
1	240.063
1	143.167
1	217.47
1	165.951
1	174.434
1	152.011
1	142.949
1	223.926
1	241.585
1	197.172
1	242.453
1	161.158
1	342.2
1	229.028
1	181.583
1	137.541
1	203.456
1	279.246
1	136.278
1	165.923
1	247.001
1	187.054
1	131.611
1	258.438
1	158.307
1	256.904
1	236.766
1	196.835
1	281.469
1	251.841
1	188.676
1	235.722
1	239.31
0	16.6457
1	261.183
1	154.14
1	193.772
1	221.591
1	262.082
1	233.91
1	208.517
1	159.562
1	140.252
1	287.586
1	200.843
1	194.38
1	117.177
1	160.963
1	217.874
1	301.218
1	149.979
1	325.085
1	208.805
1	176.666
1	339.455
1	148.604
1	316.493
1	279.535
1	170.098
1	216.774
1	191.438
1	189.263
1	157.199
1	153.664
1	155.451
1	209.901
1	247.701
1	201.684
1	177.222
1	169.001
1	193.158
1	162.663
1	196.624
1	190.712
1	135.622
1	168.93
1	169.6
1	203.273
1	189.004
1	294.355
1	303.916
1	151.504
1	379.585
1	247.68
1	197.407
1	194.855
1	209.116
1	195.261
1	283.49
1	232.761
1	230.086
1	228.322
1	190.816
1	170.576
1	198.637
1	205.415
1	200.834
1	173.13
1	326.789
1	218.779
1	302.363
1	178.283
1	188.877
1	184.627
1	211.904
1	221.068
1	212.921
1	216.123
1	205.444
1	179.384
1	175.319
1	267.896
1	287.759
1	233.233
1	198.323
1	314.477
1	160.296
1	216.385
1	155.612
1	210.7
1	266.937
1	183.196
1	239.641
1	216.794
1	284.505
1	163.632
1	189.555
1	147.391
1	189.648
1	197.103
1	180.514
1	171.58
1	179.971
1	196.66
1	222.261
1	145.442
1	197.845
1	225.769
1	163.916
1	174.426
1	202.299
1	174.803
1	164.325
1	240.549
1	205.205
1	176.502
1	158.696
1	190.567
1	160.315
1	173.244
1	185.045
1	205.673
1	217.198
1	236.06
1	267.035
1	272.161
1	187.355
1	170.146
1	207.301
1	166.528
1	217.159
1	229.33
1	269.084
1	183.414
1	235.217
1	161.975
1	176.895
1	198.082
1	188.202
1	364.472
1	187.594
1	232.475
1	210.729
1	320.863
1	169.471
1	157.324
1	164.578
1	246.79
1	194.793
1	180.734
1	150.482
1	158.32
1	331.102
1	196.297
1	217.52
1	233.049
1	226.572
1	127.177
1	195.773
1	184.011
1	164.402
1	177.063
1	129.212
1	191.632
1	240.576
1	180.462
1	221.263
1	206.938
1	154.317
1	249.11
1	159.988
1	249.992
1	206.509
1	177.479
1	178.613
1	190.052
1	206.953
1	140.516
1	177.359
1	134.22
1	205.709
1	285.372
1	375.856
1	200.143
1	242.811
1	217.64
1	153.929
1	233.409
1	191.447
1	242.01
1	256.257
1	226.706
1	193.104
1	220.645
1	223.456
1	164.411
1	201.802
1	218.973
1	265.863
1	208.633
1	194.717
1	223.627
1	321.545
1	168.645
1	198.644
1	208.857
1	247.903
1	227.319
1	256.555
1	193.5
1	289.409
1	138.52
1	252.336
1	285.9
1	213.465
1	196.228
1	208.934
1	181.645
1	169.223
1	237.771
1	199.865
1	241.436
1	133.322
1	138.217
1	246.469
1	175.295
1	178.336
1	160.07
1	191.977
1	193.769
1	145.395
0	19.7711
1	237.117
1	306.261
1	289.7
1	184.557
1	170.279
1	196.676
1	195.291
1	202.495
1	266.856
1	224.648
1	162.492
1	162.198
1	289.704
1	108.686
1	125.17
1	154.884
1	251.455
1	317.962
1	226.925
1	170.432
1	272.573
1	259.811
1	167.453
1	218.988
1	374.92
1	206.089
1	234.821
1	240.016
1	342.323
1	353.603
1	188.604
1	315.502
1	225.697
1	160.075
1	236.848
1	193.196
1	235.004
1	316.32
1	195.409
1	255.193
1	189.08
1	236.919
1	193.534
1	207.22
1	153.638
1	206.711
1	199.235
1	214.964
1	285.879
1	184.533
1	208.437
1	193.153
1	226.521
1	180.65
0	21.1899
1	213.056
1	231.954
1	142.146
1	174.559
1	299.99
1	187.382
1	222.148
1	312.703
1	113.455
1	267.725
1	198.536
1	161.409
1	202.795
1	130.567
1	123.015
1	215.676
1	235.605
1	181.274
1	180.214
1	164.342
1	230.68
1	379.482
1	203.273
1	192.187
1	166.515
1	150.208
1	210.698
1	177.757
1	242.499
1	177.12
1	181.007
1	197.277
1	193.246
1	161.781
1	207.462
1	173.969
1	161.233
1	205.246
1	224.297
1	168.868
1	234.005
1	192.822
1	224.096
1	139.734
1	219.455
0	4.49324
1	136.59
1	287.694
1	196.017
1	236.462
1	182.545
1	272.437
1	200.722
1	172.979
1	262.379
1	332.011
1	253.958
1	213.341
1	160.451
1	238.475
1	201.898
1	231.487
1	158.761
1	178.698
1	165.978
1	202.463
1	187.696
1	113.785
1	182.471
1	162.713
1	160.514
1	159.595
1	156.89
1	130.705
1	254.198
1	218.755
1	164.694
1	340.05
1	156.942
1	243.937
1	200.555
1	314.242
1	264.564
1	155.417
1	132.221
1	180.828
1	254.011
1	267.25
1	214.166
1	226.916
1	176.072
1	224.351
1	172.512
1	216.865
1	176.823
1	155.368
1	204.427
1	391.004
1	289.938
1	165.02
1	163.299
1	208.953
1	247.26
1	144.651
1	264.75
1	194.088
1	158.621
1	167.225
1	151.59
1	181.887
1	184.523
1	179.413
1	225.261
1	191.882
0	23.579
1	167.673
1	190.642
1	159.937
1	275.289
1	264.325
1	227.797
1	157.966
1	159.487
1	319.024
1	187.835
1	162.23
1	172.282
1	170.514
1	232.27
1	210.568
1	263.612
1	216.495
1	189.827
1	162.216
1	175.747
1	225.462
1	215.209
1	158.631
1	143.989
1	180.903
1	175.413
1	281.943
1	186.339
1	154.948
1	159.609
1	170.699
1	211.304
1	216.54
1	290.514
1	215.249
1	275.68
1	199.332
1	140.356
1	128.917
1	250.071
1	223.43
1	193.169
1	343.202
1	250.878
1	178.412
1	207.671
1	203.62
1	167.872
1	184.184
1	186.294
1	182.501
1	222.625
1	157.973
1	244.556
1	226.461
1	224.351
1	226.652
1	200.41
1	167.647
1	187.056
1	152.674
1	158.835
1	196.942
1	229.342
1	170.192
1	154.875
1	153.248
1	163.57
1	163.029
1	194.25
1	175.229
1	170.793
1	258.744
1	167.898
1	209.712
1	219.587
1	162.415
1	241.685
1	170.056
1	277.087
1	277.169
1	189.888
1	116.561
1	170.634
1	170.182
1	228.998
1	225.55
1	249.676
1	238.486
1	194.003
1	149.911
1	246.435
1	208.147
1	263.208
1	204.97
1	162.227
1	220.07
1	176.624
1	177.975
1	114.532
1	227.012
1	191.298
1	213.961
1	158.412
1	251.462
1	142.298
1	221.516
1	134.782
1	212.253
1	215.861
1	143.165
1	178.744
1	178.73
1	265.746
1	246.199
1	201.33
1	206.908
1	243.172
1	187.923
1	207.175
1	286.309
1	174.16
1	404.354
1	202.989
1	147.086
1	200.118
1	190.506
1	166.419
1	213.375
1	173.835
1	199.479
1	193.546
1	369.871
1	134.127
1	204.512
1	231.205
1	148.97
0	14.5021
1	178.329
1	199.256
1	231.046
1	201.214
1	230.354
1	352.026
1	209.641
1	176.604
1	175.554
1	177.675
1	162.455
1	181.879
1	285.255
1	152.316
1	150.256
1	148.58
1	181.44
1	236.612
1	170.423
1	216.959
1	200.27
1	205.121
1	265.961
1	200.53
1	238.07
1	219.386
1	172.201
1	223.809
1	175.919
1	162.673
1	247.938
1	200.921
1	170.359
1	175.179
1	288.173
1	193.81
1	219.552
1	247.055
1	251.725
1	204.682
1	215.453
1	173.711
1	154.811
1	171.108
1	192.574
1	218.825
1	230.554
1	173.315
1	191.284
1	154.425
1	227.066
1	203.96
1	314.565
1	129.427
1	136.583
1	122.15
1	197.672
1	224.948
1	180.47
1	260.111
1	200.515
1	216.113
1	333.821
1	169.583
1	208.248
1	223.829
1	175.503
1	194.574
1	174.956
1	325.696
1	192.445
1	141.801
1	390.909
1	188.015
1	189.122
1	200.415
1	132.175
1	244.654
1	171.455
1	224.717
1	296.194
1	181.085
1	268.472
1	147.824
1	198.282
1	173.361
1	191.088
1	165.069
1	198.47
1	204.862
1	224.473
1	149.467
1	172.156
1	221.318
1	256.786
1	273.503
1	177.934
1	215.907
1	182.284
1	168.718
1	162.352
1	167.137
1	236.212
1	283.074
1	261.008
1	218.179
1	249.188
1	180.632
1	168.206
1	142.733
1	160.019
1	173.616
1	189.505
1	192.154
1	128.808
1	284.607
1	147.226
1	282.107
1	154.199
1	224.185
1	207.53
1	153.699
1	207.887
1	187.676
1	115.434
1	169.656
1	167.128
1	165.823
1	217.663
1	203.021
1	183.099
1	135.774
1	177.999
1	160.231
1	220.296
1	184.041
1	194.108
1	134.127
1	192.121
1	183.561
0	42.7572
1	158.894
1	177.454
1	267.893
1	237.407
1	285.277
1	149.14
1	205.749
1	192.559
1	198.297
1	184.228
1	136.916
1	256.34
1	157.515
1	201.445
1	182.349
1	187.177
1	245.766
1	163.559
1	169.937
1	364.262
1	158.803
1	222.449
1	189.21
1	177.184
1	228.213
1	193.969
1	160.393
1	200.147
1	308.207
1	247.829
1	238.803
1	220.845
1	261.721
1	194.577
1	225.865
1	160.016
1	177.65
1	183.395
1	219.217
1	228.326
1	165.452
1	220.119
1	242.664
1	125.711
1	293.309
1	192.221
1	161.217
1	291.496
1	149.048
1	149.899
1	200.577
1	198.362
1	168.033
1	152.877
1	202.095
1	236.675
1	224.203
1	136.55
1	359.978
1	222.83
1	298.978
1	286.344
1	143.27
1	174.556
1	268.651
1	241.96
1	238.703
1	214.833
1	231.08
1	115.508
1	169.252
1	136.392
1	194.848
1	206.356
1	215.986
1	210.238
1	136.856
1	225.62
1	137.151
1	186.681
1	182.283
1	165.186
1	243.997
1	174.011
1	202.64
1	347.349
1	186.281
1	166.986
1	202.038
1	226.027
1	153.148
1	207.153
1	166.771
1	161.825
1	109.848
1	144.424
1	243.51
1	143.565
1	161.25
1	170.716
1	296.999
1	225.897
1	229.078
1	154.271
1	207.881
1	181.084
1	250.918
1	133.988
1	192.767
1	202.348
1	198.912
1	294.237
1	347.697
1	215.813
1	212.532
1	157.069
1	221.517
1	143.716
1	151.522
1	211.271
1	212.254
1	177.9
1	204.831
1	199.95
1	211.063
1	196.312
1	228.66
1	279.403
1	172.271
1	211.638
1	358.012
1	157.14
1	129.202
1	172.247
1	275.203
1	261.779
1	162.991
1	197.571
1	221.74
1	140.844
1	172.791
1	191.478
1	192.377
1	258.86
1	234.32
1	170.559
1	148.143
1	210.27
1	267.023
1	157.436
1	166.941
1	149.66
1	160.024
1	174.408
1	208.093
1	118.518
1	187.706
1	183.713
1	250.188
1	163.479
1	299.881
1	170.858
1	149.385
1	203.234
1	199.236
1	246.941
1	213.514
1	127.753
1	198.651
1	181.678
1	210.359
1	170.162
1	139.235
1	187.024
1	275.317
1	252.885
1	183.541
1	247.659
1	168.103
1	210.752
1	191.055
1	140.615
1	167.353
1	223.926
1	187.514
1	234.438
1	193.738
1	272.871
1	305.65
1	250.954
1	271.235
1	221.339
1	195.523
1	143.764
1	295.142
1	191.997
1	170.964
1	191.288
1	330.315
1	161.226
1	159.922
1	181.154
1	303.49
0	4.66155
1	202.607
1	222.436
1	236.949
1	182.723
1	225.221
1	256.631
1	234.619
1	184.562
1	155.277
1	311.036
0	46.788
1	161.079
1	218.694
1	201.857
1	165.991
1	166.977
1	284.14
1	149.397
1	163.392
1	227.524
1	174.774
1	205.46
1	171.007
1	145.7
1	141.044
1	154.352
1	237.588
1	257.342
1	277.336
1	115.92
1	175.787
1	166.685
1	168.251
1	173.981
1	259.683
1	183.191
1	221.677
1	390.148
1	177.529
1	179.553
1	147.866
1	221.724
1	240.056
1	208.465
1	215.889
1	189.356
1	289.165
1	359.433
1	204.009
1	188.188
1	156.778
1	227.66
1	240.18
1	154.383
1	170.687
1	196.682
1	165.861
1	166.918
1	199.032
1	200.432
1	148.469
1	236.7
1	135.249
1	216.015
1	301.563
1	350.905
1	325.575
1	207.684
1	331.554
1	157.682
1	202.499
1	144.12
1	169.411
1	155.81
1	176.108
1	163.644
1	153.161
1	137.314
1	158.606
1	188.385
1	339.817
1	175.848
1	204.567
1	211.763
1	309.676
1	248.754
1	176.377
1	179.985
1	424.597
1	175.318
1	209.915
1	165.112
1	204.592
1	337.43
1	185.498
1	232.173
1	196.557
1	187.894
1	180.63
1	201.849
1	167.777
1	206.142
1	291.76
1	153.384
1	144.24
1	192.101
1	138.686
1	173.126
1	272.674
1	256.704
1	151.598
1	229.34
1	133.151
1	135.221
1	168.501
1	206.95
1	223.63
1	225.429
1	138.808
1	163.908
1	196.001
1	140.167
1	209.766
1	158.599
1	188.499
1	216.869
1	147.411
1	159.785
1	175.357
1	187.96
1	194.48
1	149.871
1	268.077
1	144.458
1	221.069
1	220.274
1	239.695
1	278.656
1	147.142
1	258.338
1	174.015
1	187.215
1	302.669
1	203.12
1	140.369
1	293.187
1	190.247
1	279.647
1	288.23
1	242.354
1	165.793
1	184.247
1	228.404
1	200.592
1	267.754
1	135.811
1	153.535
1	214.228
1	195.461
1	241.757
1	178.401
1	183.375
1	158.092
1	206.443
1	235.47
1	168.518
1	172.609
1	145.482
1	201.11
1	196.162
1	169.675
1	279.348
1	153.942
1	125.905
1	120.785
1	170.284
1	302.761
1	171.211
1	190.266
1	262.931
1	182.991
1	154.56
1	215.328
1	264.062
1	131.601
1	172.623
1	232.28
1	196.022
1	177.452
1	166.983
1	272.031
1	308.996
1	142.471
1	303.925
1	221.242
1	174.16
1	180.234
1	211.4
1	232.251
1	145.314
1	179.824
1	171.639
1	243.855
1	175.313
1	208.073
1	127.361
1	225.918
1	277.155
1	229.597
1	163.501
1	211.87
1	203.158
1	180.891
1	171.741
1	187.275
1	151.374
1	247.695
1	187.925
1	134.649
1	207.444
1	265.533
1	205.184
1	295.079
1	196.863
1	306.283
1	163.059
1	202.56
1	272.311
1	177.893
1	264.521
1	117.153
1	215.23
1	164.234
1	119.297
1	152.061
1	167.849
1	217.205
1	210.876
1	155.034
1	234.446
1	194.149
1	274.52
1	185.878
1	230.768
1	238.661
1	205.601
1	145.87
1	181.934
1	193.411
1	208.618
1	174.012
1	221.149
1	166.644
1	212.497
1	211.321
1	179.489
1	203.109
1	176.154
1	420.688
1	179.235
1	331.591
1	123.556
1	177.521
1	208.433
1	208.418
1	209.621
1	165.664
1	349.943
1	198.984
1	161.568
1	246.118
1	201.78
1	165.19
1	343.248
1	166.779
1	242.04
1	222.15
1	282.507
1	213.947
1	153.801
1	180.381
1	257.173
1	177.913
1	288.394
1	185.194
1	289.898
1	172.631
1	155.804
1	212.329
1	161.415
1	179.741
1	207.329
1	183.395
1	182.199
1	191.331
1	194.224
1	202.788
1	202.639
1	169.897
1	175.925
1	184.378
1	283.58
1	175.758
1	221.028
1	163.236
1	128.337
1	197.888
1	214.055
1	168.756
1	130.188
1	165.317
1	208.815
1	190.119
1	173.231
1	140.137
1	149.843
1	234.943
1	149.907
1	217.037
1	177.588
1	183.907
1	150.471
1	231.965
1	152.188
1	199.978
1	155.497
1	181.72
1	176.879
1	224.169
1	222.315
1	255.003
1	197.484
1	158.979
1	222.701
1	229.481
1	180.669
1	315.543
1	176.332
1	208.356
1	185.033
1	220.645
1	204.543
1	209.541
1	261.421
1	363.951
1	209.631
1	162.86
1	183.302
1	213.649
1	158.791
1	220.865
1	183.528
1	286.902
1	246.788
1	228.255
1	170.049
1	169.503
1	208.985
1	132.859
1	231.868
1	130.334
1	164.997
1	259.474
1	131.631
1	230.544
1	215.943
1	200.435
1	290.691
1	202.066
1	188.28
1	175.626
1	228.79
1	193.349
1	222.552
1	271.127
1	170.607
1	240.928
1	170.366
1	178.117
1	279.795
1	256.731
1	159.833
1	207.618
1	164.992
1	212.754
1	265.124
1	227.597
1	207.276
1	189.832
1	286.866
1	208.091
1	193.141
1	244.625
1	188.139
1	204.064
1	181.766
1	159.795
1	156.79
1	193.247
1	157.482
1	166.154
1	158.433
1	273.073
1	179.769
1	145.597
1	176.113
1	232.489
1	216.421
1	188.857
1	144.545
1	326.575
1	287.225
1	157.962
1	157.873
1	284.455
1	178.159
1	195.817
1	186.459
1	181.622
1	421.104
1	278.314
1	184.948
1	111.602
1	172.946
1	188.374
1	205.534
1	193.001
1	259.194
1	273.73
1	125.471
1	217.146
1	238.58
1	200.536
1	209.737
1	168.761
1	195.385
1	192.622
1	215.548
1	187.489
1	159.142
1	228.598
1	153.255
1	206.567
1	210.991
0	27.3287
1	135.027
1	186.839
1	213.32
1	169.652
1	345.894
1	187.878
1	171.41
1	145.455
1	163.133
1	164.262
1	196.854
1	207.387
1	255.781
1	206.126
1	213.259
1	249.446
1	232.095
1	242.54
1	222.099
1	140.488
1	144.482
1	206.062
1	203.589
1	115.004
1	257.544
1	221.605
1	274.325
1	155.386
1	184.031
1	183.597
1	272.183
1	161.688
1	224.934
1	160.535
1	235.751
1	228.556
1	115.441
1	200.071
1	204.966
1	118.397
1	185.775
1	201.085
1	180.41
1	184.539
1	156.945
1	145.239
1	216.847
1	165.731
1	146.129
1	209.734
1	193.319
1	141.448
1	144.914
1	177.386
1	221.606
1	170.27
1	246.959
1	161.937
1	195.554
1	173.941
1	162.675
1	128.844
1	149.599
1	253.18
1	358.194
1	141.864
1	240.041
1	210.875
1	211.583
1	163.71
1	150.016
1	294.18
1	234.48
1	150.492
1	246.386
1	158.612
1	228.798
1	224.237
1	237.5
1	253.534
1	221.37
1	202.226
1	224.553
1	206.584
1	167.641
1	252.665
1	250.818
1	277.666
1	180.6
1	189.222
1	131.604
1	227.652
1	152.348
1	212.078
1	252.286
1	169.193
1	183.084
1	180.108
1	265.202
1	220.22
1	166.79
1	153.144
1	181.961
1	202.921
1	178.809
1	237.336
1	188.656
1	250.773
1	136.505
1	201.03
1	159.853
1	203.132
1	163.009
1	162.973
1	163.397
1	168.79
1	200.255
1	226.054
1	216.831
1	179.459
1	223.626
1	130.062
1	182.484
1	141.923
1	197.121
1	160.063
1	147.827
1	221.884
1	124.626
1	210.404
1	167.894
1	184.58
1	209.611
1	358.981
1	253.948
1	213.584
1	204.11
1	162.48
1	259.93
1	161.069
1	194.026
1	187.892
1	172.085
1	225.007
1	200.094
1	204.551
1	198.802
1	218.415
1	204.047
1	172.583
1	196.99
1	190.343
1	171.518
1	305.877
1	278.059
1	229.929
1	116.036
1	198.488
1	226.255
1	158.177
1	310.904
1	349.902
1	137.645
1	122.898
1	131.269
1	172.662
1	249.441
1	167.05
0	165.022
1	236.188
1	123.41
1	188.915
1	212.314
1	180.165
1	210.827
1	168.631
1	285.304
1	260.179
1	199.33
1	207.3
1	172.846
1	224.335
1	176.22
1	160.297
1	178.343
1	137.831
1	147.334
1	186.554
1	170.659
1	179.683
1	204.587
1	223.647
1	201.635
1	256.042
1	225.161
1	159.013
1	225.251
1	231.956
1	166.405
1	205.457
1	140.45
1	195.147
1	164.042
1	198.026
1	176.338
1	218.883
1	168.885
1	166.132
1	198.008
1	227.179
1	189.899
1	154.965
1	149.774
1	207.76
1	125.844
1	309.599
1	132.173
1	161.292
1	132.353
1	146.867
1	194.861
1	246.742
1	249.335
1	180.324
1	270.627
1	227.336
1	190.922
1	352.255
1	273.047
1	307.004
1	213.742
1	233.656
1	186.919
1	209.508
1	165.936
1	338.168
1	132.782
1	175.979
1	272.951
1	174.627
1	124.946
1	166.103
1	175.672
1	326.847
1	256.845
1	124.392
1	178.572
1	137.031
1	131.79
1	196.453
1	135.571
1	217.712
1	233.435
1	195.6
1	190.758
1	203.958
1	207.676
1	181.761
1	197.762
1	159.978
1	157.006
1	303.637
1	167.962
1	196.216
1	135.999
1	179.567
1	168.685
1	190.885
1	313.118
1	268.377
1	176.126
1	322.316
1	198.539
1	164.075
1	156.94
1	193.031
1	208.931
1	152.675
1	177.364
1	154.537
1	124.35
1	194.942
1	253.991
1	166.863
1	216.036
1	174.433
1	183.699
1	256.748
1	271.615
1	228.87
1	220.209
1	257.143
1	167.976
1	142.437
1	224.854
1	172.381
1	137.378
1	132.101
1	178.929
1	121.332
1	186.313
1	197.209
1	176.187
1	240.49
1	169.289
1	164.899
1	205.381
1	177.847
1	278.675
1	183.844
1	214.695
1	218.32
1	191.441
1	133.526
1	277.718
1	268.091
1	239.91
1	163.007
1	231.619
1	154.242
1	174.178
1	246.271
1	254.007
1	142.81
1	143.049
1	156.546
1	162.86
1	155.321
1	165.362
1	225.063
1	211.904
1	174.533
1	186.123
1	204.934
1	166.4
1	344.393
1	281.986
1	140.435
1	219.996
1	337.781
1	330.605
1	159.741
1	198.289
1	186.039
1	193.208
1	252.291
1	376.91
1	211.315
1	202.047
1	261.255
1	181.766
1	198.378
1	272.074
1	179.506
1	174.641
1	238.881
1	125.389
1	357.982
1	230.326
1	217.899
1	300.586
1	214.319
1	199.901
1	259.355
1	165.892
1	301.605
1	178.698
1	229.468
1	242.891
1	183.474
1	177.365
1	180.306
1	191.133
1	145.299
1	117.427
1	174.396
1	196.996
1	242.578
1	161.449
1	195.952
1	278.933
1	180.428
1	153.286
1	244.966
1	178.022
1	200.4
1	184.204
1	203.586
1	233.003
1	231.343
1	248.741
1	164.552
1	201.135
1	214.005
1	186.315
1	116.24
1	149.611
1	202.021
1	255.496
1	217.781
1	137.218
1	179.533
1	298.418
1	203.231
1	193.363
1	174.301
1	199.658
1	203.211
1	188.346
1	149.148
1	238.522
1	179.084
1	175.31
1	242.452
1	199.295
1	190.014
1	248.817
1	238.301
1	197.8
1	121.949
1	205.046
1	247.768
1	143.555
1	343.869
1	284.333
