10000	100	9900	0.00138889
0.025641	2.53846	71746.2	7.24709
1	228.474
1	282.41
1	133.664
1	137.4
1	216.582
1	227.59
1	258.578
1	150.013
1	232.214
1	230.25
1	148.946
1	199.628
1	226.906
1	193.011
1	168.6
1	169.656
1	222.926
1	200.733
0	13.2719
1	169.417
1	244.342
1	144.375
1	339.473
1	182.666
1	141.762
1	262.386
1	328.093
1	140.431
1	145.642
1	215.452
1	203.651
1	176.257
1	195.966
1	178.058
1	171.759
1	184.935
1	189.35
1	169.051
1	171.544
1	188.052
1	185.519
1	185.201
1	148.545
1	164.654
1	231.058
1	152.268
1	194.19
1	231.551
1	137.338
1	203.484
1	142.074
1	166.567
1	234.822
1	201.477
1	208.364
1	211.717
1	155.749
1	371.914
1	183.33
1	156.896
1	158.883
1	316.903
1	149.617
1	126.073
1	144.747
1	359.537
1	287.366
1	209.523
1	229.879
1	217.415
1	141.484
1	333.764
1	253.133
1	246.319
1	223.411
1	272.128
1	236.135
1	218.764
1	235.272
1	335.684
1	173.864
1	203.476
1	179.107
1	199.792
1	180.503
1	194.723
1	143.391
1	229.044
1	232.858
1	205.083
1	186.73
1	152.132
1	240.426
1	154.423
1	168.238
1	272.751
1	169.311
1	166.634
1	178.027
1	240.254
1	319.573
1	210.957
1	202.418
1	221.356
1	205.522
1	154.787
1	222.17
1	177.151
1	212.242
1	180.072
1	208.827
1	190.125
1	201.953
1	208.056
1	167.897
1	179.949
1	251.762
1	222.294
1	117.377
1	223.178
1	205.045
1	173.471
1	314.81
1	226.127
1	134.435
1	221.327
1	164.784
1	186.06
1	210.228
1	162.563
1	149.317
1	170.163
1	122.374
1	104.92
1	164.373
1	290.354
1	197.692
1	174.596
1	217.642
1	345.886
1	211.511
1	125.337
1	143.399
1	220.098
1	339.215
1	194.505
1	260.239
1	299.331
1	201.427
1	183.309
1	131.593
1	162.24
1	159.051
1	236.532
1	211.953
1	197.993
1	144.402
1	207.834
1	158.727
1	262.311
1	179.08
1	153.809
1	364.796
1	229.554
1	183.466
1	237.332
1	203.6
1	175.028
1	195.804
1	200.992
1	164.851
1	238.125
1	209.54
1	194.117
1	165.295
1	169.628
1	269.406
1	215.132
1	186.91
1	160.491
1	173.923
1	256.041
1	181.192
1	160.189
1	250.865
1	177.061
1	184.124
1	158.964
1	210.302
1	236.459
1	195.332
1	219.605
1	197.873
1	169.196
1	241.71
1	182.508
1	279.752
1	187.076
1	201.343
1	199.438
1	166.708
1	271.473
1	181.472
1	167.515
1	151.454
1	201.252
1	161.739
1	217.451
1	178.792
1	153.769
1	190.128
1	170.486
1	134.231
0	22.3018
1	243.179
1	226.312
1	155.614
1	168.13
1	139.755
1	182.236
1	315.677
1	157.959
1	196.39
1	186.406
1	138.567
1	207.179
1	140.588
1	165.864
1	331.216
1	290.029
1	280.488
1	150.351
1	164.411
1	216.602
1	165.759
1	162.266
1	173.716
1	222.79
1	171.349
1	154.64
1	193.879
1	212.563
1	219.223
1	163.847
1	194.136
1	163.813
1	129.828
1	152.621
1	177.979
1	140.985
1	124.547
1	236.503
1	172.218
1	186.192
1	220.215
1	176.731
1	216.046
1	235.163
1	127.664
1	170.581
1	212.796
1	284.475
1	206.618
1	186.979
1	167.676
1	236.664
1	226.765
1	183.834
1	151.605
1	168.311
1	186.46
1	208.338
1	264.336
1	215.55
1	167.961
1	293.987
1	172.49
1	270.738
1	163.826
1	225.823
1	139.972
1	212.914
1	198.54
1	202.349
1	218.578
1	105.896
1	259.185
1	231.285
1	205.824
1	200.414
1	182.863
1	199.309
1	288.069
1	187.832
1	335.566
1	166.646
1	241.569
1	146.852
1	213.681
1	338.966
1	180.157
1	196.468
1	214.851
1	140.723
1	178.786
1	182.82
1	209.601
1	262.689
1	206.495
1	159.098
1	234.261
1	199.728
1	194.518
1	238.611
1	260.178
1	139.679
1	219.214
1	161.933
1	142.941
1	219.984
1	187.448
1	215.551
1	173.638
1	248.185
1	220.278
1	366.719
1	235.674
1	181.607
1	147.019
1	174.164
1	182.944
1	135.078
1	211.468
1	203.201
1	199.302
1	279.974
1	178.672
1	315.69
1	204.247
1	164.909
1	190.073
1	186.812
1	187.121
1	194.369
1	273.334
1	174.805
1	185.238
1	285.329
1	213.674
1	268.141
1	232.543
1	236.362
1	233.94
1	313.631
1	335.702
1	200.169
1	285.41
1	200.47
1	194.674
1	251.537
1	244.557
1	215.168
1	187.624
1	195.423
1	117.914
1	250.571
1	255.976
1	148.497
1	225.481
1	171.511
1	157.637
1	227.566
1	190.328
1	180.674
1	150.326
1	172.958
1	197.311
1	168.788
1	165.294
1	205.924
1	186.757
1	185.701
1	254.335
1	319.777
1	187.867
1	230.781
1	144.498
0	22.2503
1	158.259
1	184.591
1	151.199
1	296.351
1	220.306
1	143.455
1	158.219
1	160.327
1	191.025
1	146.839
1	130.659
1	175.391
1	204.773
1	139.266
1	139.303
1	256.127
1	259.104
1	143.201
1	164.927
1	164.115
1	416.117
1	149.118
1	213.993
1	316.435
1	180.379
1	206.18
1	220.328
1	205.89
1	160.921
1	163.763
1	164.185
1	188.707
1	166.623
1	188.968
1	208.771
1	233.761
1	183.674
1	187.828
1	137.241
1	225.727
1	323.73
1	188.435
0	99.7091
1	173.078
1	134.915
1	182.718
1	170.436
1	240.826
1	172.389
1	158.111
1	230.598
1	264.055
1	153.423
1	276.091
1	169.23
1	183.426
1	223.39
1	126.78
1	333.582
1	200.222
1	149.472
1	151.302
1	169.154
1	197.579
1	202.321
1	186.82
1	225.046
1	150.327
1	178.7
1	189.549
1	210.904
1	242.62
1	293.76
1	205.263
1	149.415
1	174.854
1	190.014
1	152.895
1	181.617
1	171.608
1	173.896
1	211.18
1	189.717
1	213.953
1	238.22
1	147.834
1	192.202
1	183.585
1	202.338
1	177.337
1	192.775
1	172.06
1	133.559
1	155.056
1	157.642
1	233.794
1	239.504
1	193.122
1	144.751
1	197.173
1	284.136
1	229.51
1	180.773
1	211.101
1	196.687
1	164.585
1	126.256
1	160.12
1	158.66
1	183.014
1	191.52
1	161.674
1	232.032
1	164.6
1	258.108
1	173.933
1	172.323
1	175.487
0	110.857
1	205.689
1	182.346
1	147.634
1	297.053
1	191.087
1	209.829
1	236.82
1	187.232
1	144.001
1	170.934
1	190.207
1	253.667
1	170.026
1	162.06
1	261.18
1	228.297
1	179.032
1	200.9
1	272.451
1	206.878
1	226.927
1	127.95
1	383.384
1	185.071
1	179.802
1	140.807
1	216.777
1	256.1
1	259.573
1	341.986
1	185.351
1	239.84
1	188.892
1	187.123
1	189.746
1	201.16
1	200.088
1	174.898
1	192.119
1	219.521
1	157.318
1	192.962
1	228.838
1	169.057
1	136.84
1	178.309
1	189.346
1	169.419
1	238.672
1	337.18
1	338.17
1	116.012
1	179.105
1	153.848
1	142.818
1	154.793
1	219.7
1	189.411
1	208.25
1	225.554
1	212.316
1	146.824
1	207.358
1	178.382
1	148.787
1	150.441
1	153.151
1	245.177
1	212.875
1	149.484
1	304.822
1	200.386
1	146.435
1	169.327
1	204.021
1	162.004
1	273.13
1	119.958
1	228.424
1	178.776
1	199.52
1	231.863
1	253.158
1	238.245
1	181.721
1	170.976
1	189.628
1	241.226
1	231.228
1	271.999
1	292.189
1	235.022
1	213.753
1	197.226
1	213.812
1	254.55
1	214.12
1	279.976
1	166.686
1	232.353
1	203.597
1	216.021
1	252.936
1	231.371
1	242.659
1	171.881
1	211.258
1	258.95
1	218.226
1	185.017
1	193.859
1	314.858
1	317.831
1	133.783
1	145.756
1	257.885
1	175.808
1	220.523
1	253.557
1	180.635
1	316.372
1	156.742
1	169.732
1	256.331
1	220.6
1	204.774
1	200.473
1	197.413
1	243.873
1	206.072
1	136.69
1	224.958
1	213.288
1	158.925
1	160.815
1	219.476
1	196.548
1	136.197
1	157.042
1	209.931
1	108.962
1	238.235
1	208.963
1	234.688
1	230.283
1	153.276
1	163.462
1	165.601
1	166.53
1	332.684
1	216.206
1	206.81
1	249.585
1	260.58
1	199.181
1	181.198
1	120.545
1	143.514
1	279.442
1	210.777
1	149.852
1	205.845
1	323.46
1	353.929
1	183.172
1	217.338
1	190.776
1	122.244
1	164.513
1	250.195
1	167.901
1	230.082
1	172.143
1	150.092
1	156.8
1	181.434
1	216.228
1	290.82
1	244.482
1	176.748
1	194.877
1	308.109
1	212.454
1	200.088
1	155.674
1	202.964
1	163.028
1	353.156
1	146.285
1	145.779
1	136.005
1	195.251
1	245.378
1	171.909
1	129.397
0	42.9205
1	164.619
1	266.996
1	171.16
1	319.429
1	295.863
1	174.494
1	204.171
1	193.386
1	148.349
1	191.347
1	126.96
1	192.203
1	203.912
1	336.087
1	205.521
1	185.949
1	170.734
1	194.781
1	232.885
1	202.9
1	305.816
1	211.913
1	264.67
1	185.358
1	168.117
1	220.08
1	143.883
1	147.997
1	168.84
1	174.36
1	188.364
1	170.875
1	199.888
1	285.824
1	180.711
1	202.471
1	175.331
1	188.37
1	108.897
1	240.12
1	359.631
1	216.945
1	139.756
1	257.199
1	210.149
1	145.751
1	162.356
1	188.61
1	229.266
1	192.955
1	169.555
1	237.474
1	165.49
1	207.93
1	189.02
1	156.615
1	147.342
1	173.75
1	142.027
1	264.751
1	210.62
1	236.011
1	174.699
1	323.041
1	219.084
1	166.441
1	236.018
1	255.416
1	192.871
1	172.417
1	229.181
1	297.289
1	190.635
1	235.002
1	161.091
1	234.437
1	191.87
1	194.655
1	271.631
1	202.095
1	179.382
1	210.94
1	188.352
1	292.454
1	197.755
1	166.65
1	148.249
1	159.056
1	241.641
1	230.094
1	216.318
1	193.407
1	243.593
1	199.278
1	137.681
1	175.111
1	139.462
1	214.569
1	172.196
1	146.109
1	157.148
1	198.779
1	188.721
1	214.726
1	199.351
1	259.879
1	150.584
1	159.703
1	191.254
1	160.83
1	160.621
1	185.55
1	274.118
1	208.913
1	310.15
1	209.331
1	203.897
1	208.926
1	339.051
1	207.811
1	144.377
1	224.848
1	182.843
1	262.098
1	164.499
1	120.846
1	172.84
1	181.92
1	99.5221
1	215.197
1	221.633
1	307.118
1	135.736
1	130.521
1	145.421
1	234.33
1	204.489
1	220.475
1	281.962
1	116.445
1	238.576
1	308.41
1	150.448
1	141.032
1	237.121
1	196.606
1	152.345
1	179.222
1	183.042
1	118.506
1	237.719
1	192.25
1	191.323
1	201.964
1	207.76
1	215.105
1	225.451
1	143.132
1	205.976
1	185.179
1	124.284
1	135.915
1	188.721
1	232.806
1	188.367
1	173.097
1	152.513
1	149.066
1	200.951
1	272.974
1	198.964
1	166.892
1	187.159
1	186.162
1	164.085
1	211.003
1	213.978
1	200.024
1	222.376
1	129.199
1	259.542
1	167.865
1	250.803
1	163.693
1	173.45
1	178.185
1	167.706
1	184.476
1	199.877
1	221.76
1	196.52
1	181.333
1	224.968
1	160.728
1	208.659
1	120.631
1	253.332
1	163.635
1	134.331
1	204.558
1	141.728
1	197.034
1	214.331
1	226.07
1	156.01
1	172.819
1	195.735
1	191.479
1	159.486
1	242.361
1	188.348
1	207.568
1	192.369
1	190.414
1	209.721
1	175.755
1	181.505
1	258.756
1	195.76
1	180.025
1	217.581
1	349.57
1	197.175
1	119.445
1	213.557
1	211.026
1	189.306
1	258.639
1	177.46
1	187.677
1	238.417
1	167.39
1	165.65
1	157.81
1	258.366
1	172.792
1	194.529
1	184.357
1	138.831
1	148.652
1	152.32
1	278.228
1	267.276
1	165.428
1	131.916
1	154.632
1	171.169
1	240.556
1	214.033
1	153.977
1	129.49
1	168.215
1	167.462
1	195.558
1	256.291
1	183.606
1	152.606
1	210.807
1	174.029
1	222.751
1	238.626
1	150.368
1	178.095
1	156.198
1	331.003
1	220.538
1	225.974
1	167.875
1	275.132
1	207.801
1	174.189
1	283.951
1	234.621
1	179.501
1	272.594
1	177.96
1	185.205
1	187.54
1	171.134
1	178.777
1	307.789
1	181.92
1	174.239
1	236.649
1	226.098
1	175.687
1	200.786
1	211.884
1	226.081
1	145.253
1	161.26
1	174.177
1	162.456
1	234.694
1	156.961
1	223.19
1	163.597
1	262.786
1	150.656
1	235.152
1	118.278
1	157.148
1	166.718
1	173.3
1	250.029
1	161.365
1	249.366
1	263.785
1	180.667
1	186.082
1	188.228
1	193.277
1	308.953
1	206.853
1	168.749
1	156.473
1	248.925
1	297.218
1	196.963
1	213.482
1	169.178
1	177.781
1	174.812
1	211.053
1	179.524
1	144.09
1	157.87
1	169.192
1	199.212
1	166.372
1	192.737
1	156.97
1	174.96
1	185.497
1	183.794
1	260.48
1	171.4
1	187.735
1	129.015
1	236.139
1	192.842
1	198.772
1	233.872
1	182.282
1	198.265
1	262.807
1	169.043
1	159.286
1	223.508
1	216.748
1	282.03
1	343.85
1	175.037
1	300.044
1	154.967
1	178.237
1	324.894
1	207.13
1	193.845
1	142.922
1	245.623
1	155.655
1	189.507
1	152.319
1	156.815
1	155.869
1	185.497
1	178.084
1	220.729
1	154.232
1	246.572
1	234.428
1	184.782
1	157.436
1	286.452
1	172.018
1	226.792
1	193.701
1	200.195
1	492.484
1	167.251
1	157.187
1	235.956
1	133.869
0	69.1014
1	229.704
1	259.295
1	222.43
1	182.37
1	327.988
1	230.908
1	142.335
1	212.361
1	196.468
1	239.804
1	285.213
1	110.855
1	224.098
1	161.466
1	240.395
1	188.796
1	173.35
1	175.462
1	216.572
1	192.674
1	182.566
1	275.52
1	153.467
1	241.994
1	186.662
1	239.813
1	258.804
1	258.198
1	201.187
1	162.14
1	180.839
1	185.042
1	223.134
1	153.177
1	153.081
1	179.356
1	128.713
1	178.451
1	296.941
1	235.922
1	148.274
1	142.215
1	160.697
1	199.688
1	189.952
1	161.656
1	172.912
1	233.229
1	239.952
0	13.9627
1	252.399
1	169.599
0	32.643
1	232.811
1	189.544
1	246.498
1	155.333
1	192.944
1	171.339
1	181.615
1	272.516
1	198.403
1	165.442
1	276.157
1	165.772
1	212.462
1	213.838
1	232.421
1	219.81
1	294.944
1	335.826
1	160.564
1	129.638
1	158.853
1	182.103
1	192.577
1	147.648
1	217.08
1	152.101
1	136.519
1	246.953
1	246.211
1	219.054
1	173.727
1	278.994
1	192.052
1	294.514
1	332.274
1	320.493
1	161.721
1	231.385
1	137.876
1	141.574
1	296.802
1	185.358
1	190.292
1	197.541
1	188.133
1	227.878
1	191.3
1	219.349
1	264.599
1	105.679
1	165.75
1	187.585
1	233.884
1	182.008
1	184.393
1	163.813
1	201.758
1	172.247
1	222.552
1	141.736
1	180.778
1	157.632
1	184.606
1	181.6
1	191.2
1	164.189
1	248.729
1	213.533
1	154.167
1	126.069
1	207.595
1	226.923
1	239.017
1	263.515
1	252.758
1	170.524
1	153.45
1	219.497
1	279.305
1	184.481
1	238.457
1	212.518
1	321.282
1	193.732
1	310.562
1	228.794
1	248.678
1	175.197
1	241.914
1	148.881
1	178.596
1	151.735
1	211.556
1	145.778
1	179.033
1	349.291
1	217.247
1	137.249
1	145.671
1	235.235
1	238.876
1	265.926
1	189.808
1	155.726
1	182.033
1	220.433
1	168.986
1	218.596
1	196.48
1	178.319
1	153.013
1	138.642
1	157.954
1	164.194
0	36.1469
1	143.902
1	169.79
1	173.966
1	182.353
1	176.704
1	150.878
1	195.916
1	195.448
1	355.737
1	136.781
1	254.194
1	142.456
1	151.634
1	224.52
1	168.304
1	172.487
1	144.821
1	167.76
1	130.811
1	227.368
1	168.587
1	174.426
1	295.372
1	158.793
1	184.065
1	219.512
1	228.735
1	205.975
1	207.148
1	230.001
1	144.877
1	240.239
1	130.155
1	137.578
1	208.273
1	133.808
1	180.907
1	250.145
1	236.938
1	161.695
1	222.502
0	51.1476
1	236.354
1	253.553
1	178.191
1	131.464
1	170.839
1	189.445
1	223.965
1	178.532
1	159.902
1	286.559
1	100.277
1	215.031
1	189.257
1	161.767
1	158.464
1	196.348
1	249.066
1	158.035
1	140.891
1	238.384
1	188.411
1	165.805
1	164.213
1	163.261
1	225.209
1	225.613
1	257.747
1	280.441
1	215.168
1	180.771
1	178.016
1	153.233
1	186.262
1	118.989
1	203.487
1	192.016
1	265.637
1	156.557
1	222.223
1	275.647
1	131.086
1	172.986
1	221.766
1	254.994
1	203.015
1	150.829
1	173.193
1	160.55
1	228.591
1	154.762
1	170.157
1	299.733
1	138.081
1	299.628
1	175.824
1	374.839
1	380.259
1	209.542
1	191.105
1	187.63
1	228.638
1	223.171
1	165.265
1	274.821
1	167.007
1	209.1
1	232.724
1	182.858
1	163.028
1	156.518
1	259.102
1	135.692
1	233.085
1	253.532
1	158.766
1	214.343
1	156.402
1	257.131
1	283.531
1	326.197
1	182.612
1	222.5
1	266.185
1	153.613
1	349.786
0	43.8657
1	154.17
1	240.177
1	260.439
1	263.611
1	162.202
1	270.359
1	189.253
1	167.123
1	208.922
1	176.321
1	171.23
1	174.134
1	154.625
1	223.137
1	296.512
1	183.018
1	210.07
1	173.46
1	190.898
1	148.634
1	177.43
1	187.521
1	229.992
1	215.377
1	207.592
1	139.222
1	233.903
1	304.78
1	241.128
1	186.283
1	173.408
1	244.895
1	165.428
1	157.834
1	212.183
1	219.842
1	193.957
1	248.662
1	187.949
1	236.699
1	248.053
1	233.387
1	144.828
1	192.875
1	310.366
1	166.151
1	146.32
1	183.598
1	168.185
1	114.688
1	181.708
1	224.331
1	223.156
1	181.767
1	306.006
1	180.747
1	143.165
1	208.679
1	180.541
1	233.881
1	194.106
1	183.977
1	225.82
1	197.946
1	274.052
1	169.572
1	210.019
1	215.101
1	231.824
1	216.905
1	260.294
1	180.219
1	229.345
1	182.962
1	190.924
1	251.568
1	309.127
1	176.649
1	128.38
1	138.657
1	120.913
1	236.973
1	148.212
1	199.401
1	143.9
1	228.03
1	114.548
1	204.349
1	123.142
1	285.583
1	282.078
1	240.939
1	173.146
1	228.507
0	113.161
0	42.5549
1	182.58
1	173.853
1	227.855
1	157.325
1	216.97
0	162.594
1	212.19
1	301.49
1	202.04
1	143.657
1	125.682
1	191.056
1	223.455
1	263.296
1	182.098
1	212.456
1	187.49
1	168.094
1	252.375
1	174.94
1	201.788
1	233.683
1	155.093
1	272.745
1	129.936
1	232.961
1	254.994
1	176.539
1	327.189
1	156.966
1	130.091
1	289.617
1	182.324
1	184.671
1	193.769
1	187.609
1	176.914
1	208.95
1	161.957
1	122.673
1	121.139
1	276.974
1	148.509
1	143.423
1	157.164
1	219.096
1	164.611
1	200.882
1	363.888
1	205.914
1	180.541
1	172.08
1	220.105
1	128.111
1	218.52
1	172.921
1	160.267
1	257.127
1	232.442
1	174.09
1	157.858
1	243.14
1	186.176
1	149.009
1	194.603
1	211.833
1	196.678
1	162.849
1	221.411
1	233.565
1	157.047
1	188.766
1	243.851
1	161.145
1	153.216
1	234.1
1	235.549
1	196.871
1	174.735
1	156.37
1	173.29
1	154.88
1	185.312
1	193.016
1	273.462
1	235.625
1	243.538
1	169.39
1	213.758
1	162.75
1	213.285
1	164.496
1	191.266
1	187.885
1	175.535
1	187.601
1	279.357
1	229.735
1	158.182
1	178.413
1	142.981
1	283.562
1	228.852
1	159.554
1	250.887
1	290.437
1	191.238
1	198.291
1	173.169
1	199.262
1	148.261
1	221.768
1	110.189
1	211.347
1	172.374
1	200.359
1	199.922
1	249.191
1	198.896
1	202.167
1	219.429
1	243.788
1	167.771
1	187.021
1	196.222
1	214.91
1	189.872
1	197.276
1	235.742
1	236.167
1	215.266
1	144.417
1	327.028
1	150.408
1	202.12
1	138.905
1	139.644
1	257.178
1	206.015
1	382.515
1	296.583
1	223.446
1	199.511
1	148.747
1	226.231
1	233.007
1	222.24
1	223.721
1	151.362
1	131.292
1	292.839
1	160.24
1	160.667
1	153.573
1	246.909
1	151.241
0	21.8767
1	190.556
1	146.707
1	174.756
1	229.211
1	163.77
1	167.98
1	201.672
0	23.7915
1	226.669
1	237.884
1	180.329
1	197.156
1	194.21
1	183.108
1	270.024
1	240.369
1	183.163
1	266.835
1	136.637
1	167.141
1	235.986
1	202.978
1	136.672
1	227.409
1	227.207
1	200.342
1	198.851
1	156.178
1	137.129
1	187.877
1	192.245
1	215.481
1	136.611
1	271.124
1	213.073
1	373.285
1	203.09
1	149.921
1	183.699
1	218.079
1	176.439
1	338.856
1	151.15
1	273.665
1	203.54
1	209.142
1	195.869
1	254.656
1	193.722
1	259.735
1	180.072
1	203.853
1	297.533
1	263.322
1	138.199
1	165.738
1	165.748
1	190.625
1	159.521
1	166.253
1	313.889
1	176.803
1	218.654
1	148.502
1	205.163
1	152.685
1	262.368
1	304.578
1	220.572
1	173.96
1	179.972
1	182.451
1	174.488
1	245.782
1	147.91
1	196.511
1	211.312
1	183.653
1	163.442
1	309.394
1	169.857
1	116.498
1	168.185
1	216.779
1	164.414
1	192.537
1	243.244
1	191.72
1	158.935
1	182.084
1	206.669
1	208.401
1	213.175
1	185.06
1	197.788
1	212.191
1	198.57
1	259.727
1	183.869
1	191.678
1	217.078
1	246.831
1	145.699
1	193.917
1	158.498
1	174.656
1	232.815
1	178.819
1	201.176
1	194.982
1	205.365
1	130.685
1	153.351
1	196.513
1	230.558
1	134.43
1	192.709
1	144.283
1	212.103
1	174.148
1	197.385
1	228.441
1	193.014
1	232.283
1	269.843
1	155.431
1	229.079
1	222.43
1	273.557
1	179.809
1	186.244
1	143.141
1	239.923
1	186.468
1	162.813
1	162.68
1	220.414
1	141.235
1	138.657
1	204.148
1	269.441
1	259.954
1	205.058
1	224.444
1	191.634
1	172.468
1	236.388
1	311.657
1	232.016
1	249.337
1	163.653
1	145.707
1	315.016
1	186.092
1	229.618
1	170.889
1	205.441
1	192.648
1	181.165
1	160.401
1	264.591
1	224.281
1	125.159
1	200.756
1	258.73
1	228.498
1	154.741
1	214.175
1	158.584
1	178.327
1	209.066
1	147.413
1	157.144
1	204.24
1	171.276
1	280.104
1	174.914
1	231.746
1	137.244
1	210.625
1	288.108
1	315.637
1	167.957
1	182.484
1	136.638
1	172.039
1	251.363
1	153.517
1	240.959
1	219.422
1	160.187
1	254.003
1	222.695
1	161.3
1	133.37
1	212.139
1	121.117
1	205.349
1	220.077
1	145.297
1	166.214
1	231.277
1	211.886
1	217.818
1	166.813
1	286.473
1	219.133
1	197.003
1	204.908
1	291.831
1	352.435
1	190.794
1	274.654
1	198.996
1	163.775
1	185.225
1	172.969
1	275.06
1	230.801
1	281.35
1	274.418
1	228.125
1	161.867
1	221.285
1	242.992
1	177.633
1	135.357
1	263.775
1	163.45
1	130.894
1	254.176
1	202.1
1	314.525
1	287.539
1	256.071
1	172.724
1	248.206
1	140.713
1	177.588
1	161.392
1	224.205
1	231.482
1	199.216
1	203.352
1	244.513
1	183.245
1	141.434
1	197.549
1	204.83
1	198.655
1	185.452
1	235.32
1	162.781
1	193.322
1	160.464
1	253.17
1	134.494
1	250.434
1	276.638
1	173.076
1	205.46
1	303.81
1	217.029
1	213.286
1	191.361
1	255.716
1	206.955
1	248.365
1	165.756
1	301.962
1	192.152
1	198.829
1	196.549
1	175.889
1	145.787
1	224.154
1	232.176
1	248.812
1	139.92
1	225.693
1	215.911
1	182.937
1	288.983
1	165.129
1	172.579
1	207.08
1	243.997
1	154.048
1	261.354
1	317.45
1	161.569
1	299.279
0	2.76389
1	218.827
1	155.406
1	191.74
1	218.339
1	196.378
1	227.153
1	198.208
1	238.262
1	234.053
1	211.035
1	157.668
1	204.534
1	320.966
1	294.423
1	183.8
1	196.147
1	195.655
1	134.555
1	200.215
1	164.071
1	140.241
1	179.265
1	206.525
1	201.397
1	279.973
1	222.297
1	210.452
1	149.02
1	170.208
1	310.449
1	304.159
1	214.424
1	178.839
1	281.186
1	159.431
1	126.501
1	169.285
1	149.788
1	209.651
1	179.854
1	166.498
1	226.202
1	207.756
1	260.321
1	161.826
1	152.394
1	240.209
1	216.583
1	149.344
1	213.591
1	146.087
1	204.058
1	183.051
1	265.646
1	200.81
1	306.227
1	142.688
1	233.766
1	203.279
1	217.281
1	182.199
1	196.309
1	171.187
1	234.817
1	182.849
1	153.334
1	198.239
1	126.878
1	162.617
1	147.771
1	233.509
1	149.287
1	165.56
1	134.543
1	141.925
1	248.676
1	191.917
1	179.218
1	259.622
1	233.083
1	204.094
1	211.293
1	166.769
1	159.056
1	160.316
1	287.21
1	197.305
1	213.107
1	259.089
1	258.071
1	355.855
1	150.264
1	205.761
1	248.63
1	173.393
1	183.566
1	210.419
0	3.55955
1	240.532
1	129.827
1	259.077
1	175.95
1	189.906
1	233.759
1	239.634
1	174.437
1	197.122
1	171.291
1	236.15
1	156.409
1	162.609
1	137.192
1	203.519
1	210.836
1	182.314
1	178.159
1	219.307
1	202.279
1	197.827
1	222.05
1	125.414
1	147.574
1	225.715
1	190.049
1	186.047
1	270.375
1	176.987
1	229.822
1	252.018
1	181.986
1	183.18
1	203.597
1	150.038
1	209.648
1	149.919
1	144.953
1	149.356
1	241.155
1	221.885
1	292.496
1	242.643
1	117.393
1	249.239
1	169.236
1	149.763
1	176.51
1	163.686
1	227.703
1	241.398
1	161.322
1	162.994
1	167.623
1	114.656
1	230.564
1	268.434
1	237.263
1	146.039
1	170.883
1	181.99
1	157.925
1	358.949
1	156.768
1	199.109
1	148.612
1	158.814
1	166.692
1	176.109
1	164.974
1	207.23
1	235.128
1	237.542
1	166.562
1	214.225
1	168.703
1	207.619
1	165.1
1	138.208
1	177.165
1	219.247
1	236.995
1	180.024
1	208.472
1	139.368
1	211.561
1	168.656
1	183.884
1	163.965
1	139.423
1	239.637
1	139.775
1	148.691
1	186.576
1	198.369
1	158.203
1	160.583
1	199.784
1	211.423
1	321.14
1	176.555
1	270.926
1	187.844
1	184.709
1	176.95
1	317.009
1	170.249
1	246.267
1	133.646
1	149.503
1	266.965
1	163.479
1	169.448
1	169.994
1	167.433
1	191.886
1	136.68
1	248.614
1	194.253
1	144.937
1	210.264
1	209.324
1	184.441
1	248.968
1	164.319
1	171.225
1	157.045
1	223.197
1	167.012
1	160.497
1	179.018
1	243.208
1	139.815
1	169.016
1	212.602
1	179.32
1	112.918
1	193.781
1	214.255
1	260.869
1	233.976
1	209.419
1	186.07
1	154.764
1	192.464
1	197.092
1	178.356
1	172.824
1	166.804
1	186.012
1	221.791
1	171.56
1	186.516
1	280.772
1	255.158
1	241.518
1	174.368
1	198.044
1	230.192
1	175.449
1	190.557
1	175.417
1	147.128
1	166.24
1	203.387
1	153.373
1	190.878
1	170.976
1	374.42
1	230.027
1	149.288
1	144.832
1	244.688
1	193.428
1	282.099
1	170.999
1	239.575
1	329.498
1	188.184
1	184.655
1	145.033
1	235.332
1	178.662
1	227.06
1	214.227
1	218.841
1	356.28
1	152.146
1	218.731
1	222.698
1	182.201
1	212.9
1	178.991
1	162.129
1	249.435
1	249.992
1	141.796
1	189.491
1	278.591
1	186.947
1	195.311
1	203.239
1	204.92
1	256.05
1	189.545
1	229.648
1	137.134
1	183.721
1	191.193
1	269.375
1	176.657
1	245.951
1	353.782
1	282.106
1	237.247
1	207.891
1	174.771
1	152.514
1	294.971
1	305.879
1	178.441
1	160.698
1	177.746
1	181.86
1	230.475
1	280.483
1	162.963
1	165.83
1	178.299
1	150.784
1	182.315
1	188.537
1	137.308
1	157.355
1	169.84
1	131.255
1	158.635
1	212.845
1	185.038
1	276.218
1	264.861
1	143.891
1	242.895
1	162.532
1	244.953
1	183.683
1	216.585
1	204.538
1	203.1
1	180.235
1	160.039
1	144.226
1	250.154
1	156.482
1	157.529
1	152.502
1	187.965
1	144.927
1	230.007
1	322.392
1	176.979
1	135.253
1	163.413
1	199.746
1	230.587
1	165.957
1	259.509
1	208.294
1	203.519
1	263.79
1	128.069
1	219.804
1	281.073
1	127.478
1	294.463
1	140.055
1	196.031
1	215.034
1	157.191
1	150.829
1	135.87
1	170.83
1	288.456
1	291.453
1	222.56
1	197.412
1	177.479
1	199.728
1	200.944
1	149.536
1	288.415
1	149.626
1	206.959
1	227.451
1	179.144
1	222.368
1	217.29
1	152.218
1	235.271
1	161.637
1	253.122
1	190.671
1	165.669
1	187.076
1	202.063
1	205.733
1	199.445
1	190.246
1	201.974
1	170.395
1	221.991
1	198.981
1	236.642
1	233.548
1	181.513
1	165.895
1	176.616
1	300.557
1	217.894
1	190.522
1	206.612
1	190.435
1	286.711
1	314.165
1	246.131
1	217.615
1	258.328
1	160.95
1	174.087
1	184.38
1	154.866
1	177.563
1	251.838
1	300.011
1	200.328
1	221.963
1	176.507
1	147.315
1	161.256
1	212.805
1	312.488
1	206.873
1	189.829
1	207.254
1	252.716
1	230.837
1	193.29
1	138.062
1	199.407
1	248.466
1	214.655
1	166.392
1	139.305
1	230.755
1	132.88
1	161.514
1	161.069
1	140.074
1	168.892
1	197.853
1	171.422
1	240.619
1	280.546
1	162.72
1	187.373
1	155.789
1	173.065
1	188.334
1	239.01
1	226.828
1	150.234
1	227.846
1	167.215
1	184.189
1	204.31
1	258.715
1	209.896
1	169.055
1	206.188
1	210.581
1	208.204
1	153.739
1	143.435
1	137.188
1	239.337
1	171.842
1	313.077
1	176.381
1	220.327
1	164.937
1	198.305
1	349.897
1	249.55
1	213.68
1	210.347
1	221.65
1	215.913
1	137.523
1	156.579
1	285.55
1	218.995
1	190.959
1	212.686
1	277.933
1	229.019
1	195.156
1	204.614
1	286.032
1	223.518
1	315.998
1	193.937
1	225.274
1	226.991
1	265.68
1	171.816
1	147.476
1	165.198
1	255.138
1	175.069
1	229.266
1	190.613
1	174.813
1	183.109
1	262.807
1	237.593
1	214.123
1	177.501
1	374.225
1	145.047
1	229.194
1	134.317
1	218.193
1	177.474
1	183.28
1	165.92
1	200.103
1	137.321
1	212.822
1	162.992
1	211.77
1	189.87
1	146.564
1	222.446
1	246.642
1	158.457
1	182.804
1	173.956
1	210.468
1	255.773
1	249.025
1	164.884
1	200.879
1	215.646
1	189.08
1	220.213
1	171.722
1	151.476
1	279.32
1	262.601
1	302.479
1	157.619
1	185.316
1	226.181
1	251.087
1	152.308
1	174.87
1	242.918
1	134.567
1	207.086
1	185.107
1	142.064
1	201.334
1	194.923
1	209.207
1	181.893
1	240.357
1	215.766
1	262.174
1	268.435
1	240.634
1	151.315
1	148.527
1	169.953
1	213.35
1	170.369
1	183.718
1	141.725
1	176.742
1	211.021
1	211.674
1	166.622
1	163.855
1	134.173
1	428.177
1	172.035
1	164.468
1	302.281
1	162.84
1	118.527
1	202.376
1	184.861
1	230.396
1	185.071
1	218.797
1	188.939
1	238.429
1	230.583
1	217.709
1	213.39
1	160.387
1	215.587
1	181.074
1	200.897
1	288.398
1	132.558
1	333.388
1	233.834
1	229.901
1	279.702
1	128.935
1	141.833
1	207.173
1	220.732
1	217.207
1	141.622
1	163.291
1	223.425
0	40.6165
1	215.098
1	183.989
1	188.782
1	164.977
1	244.643
1	216.493
1	257.853
1	216.211
1	157.361
1	245.767
1	232.135
1	157.151
1	196.237
1	240.56
1	163.301
1	204.226
1	190.446
1	244.301
1	168.006
1	179.399
1	178.822
1	140.054
1	200.142
1	355.095
1	210.606
1	140.548
1	269.462
1	160.822
1	196.891
1	199.23
1	193.793
1	132.414
1	181.692
1	176.864
0	11.1192
1	235.577
1	230.426
1	162.341
1	291.512
1	229.686
1	198.094
1	166.655
1	173.023
1	168.066
1	187.451
1	361.384
1	193.827
1	301.85
1	222.566
1	196.543
1	251.203
1	183.258
1	254.999
1	170.109
1	179.639
1	188.435
1	246.815
1	168.629
1	214.603
1	194.625
1	196.698
1	185.72
1	171.87
1	133.836
1	162.294
1	202.857
1	141.946
1	241.967
1	297.13
1	255.106
1	214.345
1	128.156
1	163.901
1	224.118
1	158.806
1	170.951
1	272.739
1	175.29
1	166.474
1	244.836
1	265.13
1	164.308
1	265.491
1	166.165
1	193.243
1	139.703
1	169.684
1	233.832
1	274.011
1	253.416
1	170.093
1	229.804
1	240.018
1	254.969
1	176.263
1	265.98
1	262.97
1	172.46
1	228.946
1	268.976
1	226.449
1	297.674
1	169.561
1	308.124
1	171.437
1	213.523
1	196.471
1	138.789
1	202.693
1	144.434
1	215.053
1	308.35
1	198.124
1	298.014
1	214.05
1	138.721
1	191.793
1	321.976
1	167.695
1	183.566
1	195.761
1	137.826
1	183.545
0	74.7277
1	189.6
1	176.522
1	175.33
1	154.49
1	229.439
1	176.319
1	212.349
1	178.035
1	198.874
1	155.157
1	216.199
1	137.69
1	164.488
1	263.008
1	271.718
1	183.573
1	178.781
1	231.91
1	173.786
1	199.346
1	173.793
1	207.713
1	244.974
1	215.55
1	320.451
1	174.81
1	164.319
1	207.782
1	276.21
1	147.863
1	211.441
1	150.848
1	229.484
1	181.724
1	156.556
1	144.705
1	265.208
1	162.601
1	183.228
1	164.971
1	210.861
1	283.628
1	280.269
1	132.677
1	190.338
1	158.893
1	237.611
1	121.102
1	248.625
1	177.707
1	167.912
1	154.757
1	141.835
1	200.967
1	230.871
1	183.261
1	164.969
1	162.161
1	223.248
1	128.576
1	205.13
1	198.278
1	210.245
1	264.965
1	232.035
1	179.419
1	211.522
1	170.028
1	156.59
1	218.174
1	229.789
1	174.43
1	196.062
1	175.557
1	276.298
1	198.001
1	184.137
1	189.175
1	187.229
1	200.367
1	202.28
1	217.766
1	172.665
1	189.955
1	156.699
1	157.914
1	158.036
1	238.267
1	244.321
1	145.635
1	132.673
1	146.778
1	150.177
1	177.512
1	249.913
1	254.139
1	173.919
1	240.063
1	121.691
1	167.553
1	207.129
1	170.541
1	176.711
1	165.644
1	233.265
1	179.104
0	138.521
1	232.365
1	221.467
1	224.862
1	275.846
1	228.282
1	176.666
1	208.528
1	212.383
1	270.297
1	165.802
1	215.113
1	134.537
1	177.346
0	16.9849
1	196.824
1	191.414
1	244.337
1	201.101
1	193.915
1	144.998
1	191.44
1	416.072
1	182.944
1	170.889
1	196.82
1	285.588
1	180.802
1	135.922
1	232.367
1	238.961
1	163.304
1	170.8
1	272.751
1	240.852
1	127.811
1	215.633
1	145.807
1	157.909
1	203.583
1	123.103
1	190.626
1	234.707
1	167.213
1	178.651
1	306.372
1	186.163
1	183.165
1	226.122
1	140.917
0	22.9918
1	127.362
1	125.37
1	140.651
1	220.894
1	180.04
1	149.675
1	207.697
1	170.912
1	198.21
1	214.818
1	185.318
1	191.213
1	232.82
1	203.665
1	295.928
1	221.142
1	267.06
1	165.005
1	337.667
1	171.576
1	144.859
1	174.013
1	163.393
1	178.219
1	195.487
1	196.606
1	371.669
1	191.55
1	217.443
1	213.062
1	161.566
1	149.46
1	174.675
1	137.977
1	270.373
1	157.768
1	205.889
1	268.093
1	186.893
1	189.234
1	113.425
1	201.929
1	176.016
1	191.014
1	293.968
1	219.902
1	223.316
1	114.414
1	185.804
1	225.343
1	203.938
1	153.448
1	226.979
1	198.232
1	186.054
1	180.217
1	159.879
1	179.506
1	203.013
1	171.67
1	171.444
1	209.3
1	230.148
1	182.325
1	162.476
1	164.117
1	212.522
1	163.06
1	298.092
1	147.454
1	183.929
1	164.778
1	169.577
1	327.298
1	213.656
1	174.318
1	137.9
1	205.937
1	336.414
1	211.342
1	151.338
1	268.425
1	165.855
1	265.995
1	138.547
1	206.292
1	230.881
1	176.378
1	128.541
1	141.161
1	166.24
1	318.245
1	188.104
1	234.403
1	352.164
1	189.538
1	151.427
1	178.049
1	183.56
1	130.354
1	132.468
1	186.59
1	168.179
1	153.447
1	182.698
1	208.445
1	176.099
1	187.879
1	206.321
1	226.025
1	405.147
1	252.967
1	168.46
1	284.788
1	193.72
1	182.108
1	198.052
1	179.796
1	191.529
1	143.881
1	220.766
1	193.733
1	171.632
1	210.147
1	226.726
1	195.546
1	122.397
1	159.783
1	319.985
1	218.073
1	242.865
1	200.427
1	137.966
1	201.925
1	192.419
1	302.428
1	209.189
1	178.102
1	196.955
1	213.017
1	248.61
1	252.595
1	251.741
1	321.014
1	138.86
1	241.545
1	151.585
1	186.823
1	139.105
1	237.524
1	225.963
1	229.83
1	187.669
1	152.942
1	188.937
1	143.619
1	192.95
1	184.031
1	291.062
1	144.268
1	133.972
1	228.118
1	191.063
1	206.144
1	224.883
1	234.384
1	172.725
1	221.052
1	263.127
1	166.182
1	145.778
1	231.119
1	208.447
1	303.267
1	142.868
1	205.319
1	183.51
1	194.59
1	225.216
1	208.175
1	223.781
1	162.439
1	211.768
1	167.509
1	300.675
1	152.561
1	125.437
1	172.194
1	302.327
1	162.138
1	182.834
1	202.339
1	178.699
1	169.648
1	198.812
1	281.197
1	260.125
1	137.319
1	182.968
1	168.135
1	219.101
1	219.014
1	159.371
1	214.325
1	198.246
1	180.635
1	185.29
0	35.1297
1	241.5
1	164.064
1	188.491
1	167.003
1	268.659
1	335.881
1	188.673
1	216.003
1	169.58
1	93.4444
1	148.861
1	287.579
1	171.011
1	158.636
1	195.625
1	204.943
1	243.221
1	160.402
1	191.921
1	184.88
1	228.787
1	207.085
1	120.983
1	156.536
1	177.951
1	197.829
1	134.921
1	234.3
1	171.995
1	152.915
1	254.677
1	293.5
1	199.32
1	161.717
1	149.851
1	229.464
1	193.418
1	223.276
1	167.514
1	370.662
1	225.299
1	153.76
1	228.674
1	192.806
1	125.185
1	308.095
1	203.716
1	215.624
1	114.613
1	203.976
1	253.666
1	153.031
1	218.109
1	156.858
1	219.825
1	251.33
1	154.226
1	207.717
1	263.946
1	171.235
1	119.199
1	182.588
1	203.228
1	233.095
1	166.931
1	235.813
1	176.727
1	144.532
1	258.546
1	271.626
1	237.858
1	188.465
1	254.626
0	34.975
1	124.321
1	219.649
1	138.672
1	119.74
1	168.332
1	183.935
1	141.732
1	155.462
1	213.965
1	207.322
1	214.022
1	161.914
1	214.627
1	144.127
1	209.39
1	214.635
1	179.45
1	181.845
1	142.68
1	168.539
1	211.221
1	251.838
1	244.338
1	186.031
1	216.687
1	149.284
1	265.545
1	229.07
1	178.813
1	202.605
1	421.072
1	192.396
1	189.503
1	142.72
1	195.786
1	143.142
1	161.882
1	219.506
1	216.826
1	345.35
1	209.998
1	187.335
1	222.198
1	205.179
1	181.412
1	203.737
1	153.661
1	161.266
1	191.043
1	138.233
1	352.145
1	176.185
1	159.77
1	261.978
1	162.195
1	167.03
1	252.777
1	244.276
1	309.044
1	110.271
1	208.863
1	140.208
1	232.749
1	195.485
1	181.992
1	193.33
1	191.062
1	222.64
1	134.292
1	322.923
1	239.901
1	262.361
1	207.114
1	163.238
1	136.724
1	138.345
1	158.869
1	169.369
1	233.098
1	196.867
1	283.806
1	223.865
1	222.086
1	206.304
1	156.168
1	251.729
1	188.82
1	178.92
1	230.522
1	172.67
1	176.871
1	263.78
1	154.644
1	174.083
1	178.321
1	242.934
1	232.359
1	136.988
1	232.174
1	111.369
1	146.273
1	204.332
1	281.133
1	191.935
1	326.912
1	166.992
1	158.804
1	196.945
1	198.509
1	190.393
1	334.07
1	226.691
1	190.683
1	270.986
1	198.833
1	212.007
1	162.336
1	210.14
1	216.555
1	202.866
1	212.334
0	45.2123
1	313.784
1	181.709
1	178.49
1	210.53
1	128.411
1	184.789
1	224.775
1	266.299
1	200.109
1	225.472
1	182.914
1	247.629
1	198.717
1	193.341
1	219.564
1	233.656
1	145.302
1	172.059
1	237.433
1	172.851
1	177.21
1	184.937
1	218.423
1	216.627
1	159.348
1	203.179
1	150.019
1	280.378
1	139.069
1	220.902
1	192.261
1	183.773
1	346.081
1	317.942
1	226.398
1	189.118
1	199.781
1	171.246
1	193.108
1	170.825
1	200.171
1	198.02
1	344.72
1	151.797
1	197.044
1	160.625
1	203.377
1	147.606
1	227.902
1	195.815
1	200.957
1	161.731
1	233.386
1	350.001
1	148.849
0	4.98085
1	163.101
1	179.641
1	320.024
1	164.143
1	172.13
1	180.26
1	149.471
1	169.619
1	180.033
1	166.122
1	281.837
1	149.941
1	246.623
1	156.155
1	219.722
1	343.789
1	143.3
1	146.233
1	202.47
1	127.725
1	204.036
1	167.756
1	188.467
1	209.894
1	190.432
1	159.208
1	193.457
1	179.703
1	243.482
1	233.093
1	157.545
1	167.458
1	185.903
1	265.421
1	278.616
0	65.5446
1	206.468
1	244.074
1	171.325
1	176.132
1	207.057
1	148.79
1	217.052
1	164.767
1	178.345
1	150.057
1	246.989
1	155.004
1	198.779
1	227.446
1	139.626
1	182.23
1	180.256
1	188.4
1	205.841
1	209.421
1	225.203
1	278.24
1	206.901
1	211.801
1	234.684
1	193.523
1	154.255
1	229.551
1	151.105
1	182.834
1	161.828
1	234.203
1	167.362
1	143.926
1	164.284
1	198.16
1	340.597
1	171.807
1	166.554
1	178.325
1	100.44
1	188.997
1	253.113
1	142.375
1	162.831
1	210.664
1	161.341
1	239.744
1	199.143
1	126.052
1	211.377
1	211.759
1	127.573
1	164.283
1	168.161
1	193.418
1	126.213
1	147.5
1	252.755
1	277.593
1	246.479
0	7.35612
1	165.807
1	169.482
1	234.134
1	168.945
1	138.609
1	179.101
1	164.23
1	379.63
1	160.32
1	175.768
1	209.29
1	283.697
1	158.914
1	177.579
1	159.3
1	181.342
1	186.42
1	174.645
1	163.337
1	264.659
1	132.855
1	166.502
1	359.177
1	227.298
1	180.945
1	204.557
1	162.616
1	200.281
1	287.165
1	199.797
1	224.65
1	215.074
1	138.467
1	266.061
1	195.562
1	236.657
1	244.604
1	203.134
1	154.972
1	154.243
1	274.01
1	189.85
1	323.642
1	181.715
1	139.141
1	205.925
1	234.018
1	172.092
1	212.078
1	195.512
1	267.781
1	234.023
1	186.025
1	158.226
1	200.775
1	223.328
1	170.834
1	139.543
1	177.088
1	174.739
1	250.202
1	158.133
1	187.91
1	167.832
1	186.447
1	223.476
1	208.256
1	322.856
1	240.425
1	223.099
1	151.667
1	343.568
1	137.783
1	206.906
1	263.623
1	147.409
1	179.292
1	249.049
1	248.001
1	215.485
1	194.802
1	154.512
1	158.049
1	245.01
1	204.651
1	101.869
1	206.884
1	262.114
1	242.295
1	217.034
1	233.396
1	259.365
1	198.442
1	347.903
1	160.393
1	249.796
1	265.857
1	165.019
1	225.224
1	160.793
1	133.207
1	152.133
1	239.251
1	158.775
1	196.626
1	179.263
1	244.678
1	219.907
1	187.553
1	195.472
1	260.235
1	128.095
1	153.715
1	230.281
1	165.516
1	205.945
1	195.863
1	255.482
1	267.831
1	164.674
1	216.221
1	163.78
1	197.273
1	188.572
1	173.277
1	174.198
1	150.494
1	194.798
1	186.884
1	244.959
1	209.827
1	170.965
1	177.168
1	196.958
1	200.209
1	164.926
0	13.4095
1	264.104
1	158.236
1	248.248
1	198.01
1	267.165
1	253.582
1	209.777
1	194.147
1	245.462
1	249.491
1	170.784
1	164.853
1	142.909
1	305.708
1	162.536
1	178.437
1	194.554
1	168.516
1	201.169
1	145.085
1	204.21
1	157.81
1	191.36
1	163.429
1	181.299
1	182.583
1	157.51
1	373.583
1	220.878
1	210.505
1	235.355
1	178.897
1	215.1
1	185.556
1	160.738
1	205.721
1	181.899
1	224.401
1	197.889
1	252.265
1	123.672
1	175.632
1	182.304
1	321.949
1	158.882
1	151.511
1	188.311
1	268.717
1	240.427
1	216.492
1	152.816
1	162.391
1	147.959
1	176.259
1	153.875
1	266.353
1	118.442
1	145.604
1	246.195
1	165.871
1	211.338
1	193.129
1	158.22
1	207.126
1	171.202
1	183.13
1	237.259
1	166.819
1	190.044
1	174.378
1	222.184
1	154.08
1	217.769
0	89.1973
1	188.544
1	182.218
1	196.074
1	181.505
1	223.858
1	192.581
1	146.421
1	155.327
1	274.827
1	178.573
1	271.187
1	216.089
1	176.627
1	233.643
1	157.414
1	135.553
1	206.054
1	145.888
1	210.197
1	225.45
1	263.626
1	132.615
1	243.969
1	316.793
1	176.011
1	197.186
1	147.745
1	168.137
1	237.848
0	27.4797
1	190.024
1	303.203
1	207.2
1	148.505
1	270.111
1	179.741
1	187.064
1	178.253
1	130.284
1	233.936
1	134.055
1	264.346
1	200.349
1	319.266
1	127.491
1	191.122
1	231.684
1	180.389
1	199.435
1	175.112
1	216.446
1	195.043
1	167.191
1	183.611
1	152.716
1	193.74
1	195.43
1	161.199
1	331.735
1	153.096
1	188.681
1	203.45
1	210.012
1	194.208
1	188.064
1	171.42
1	230.299
1	231.485
1	357.343
1	257.478
1	235.135
1	184.276
1	204.19
1	176.743
1	397.537
1	155.836
1	259.993
1	207.178
1	208.186
1	204.354
1	174.537
1	292.218
1	189.365
1	179.692
1	179.462
1	222.216
1	176.676
1	170.829
1	209.154
1	223.397
1	147.69
1	192.786
1	225.835
1	265.749
1	149.639
1	173.79
1	170.929
1	356.701
1	225.435
1	212.961
1	194.663
1	302.308
1	220.391
1	189.326
1	245.092
1	224.485
1	159.02
1	166.404
1	192.663
1	259.015
1	141.409
1	144.446
1	119.04
1	119.745
1	113.195
1	219.234
1	232.47
1	211.813
1	292.748
1	260.987
1	182.114
1	176.006
1	191.324
1	203.378
1	208.797
1	170.614
1	280.693
1	246.885
1	360.735
1	135.308
1	184.108
1	279.274
1	195.899
1	267.076
1	307.731
1	139.234
1	219.764
1	273.734
1	198.381
1	152.736
1	180.75
1	186.216
1	180.324
1	149.946
1	165.535
1	213.1
1	232.415
1	190.347
1	305.492
1	182.415
1	205.961
1	376.079
1	206.626
1	138.798
1	177.219
1	154.969
1	178.955
1	108.475
1	245.265
1	194.777
1	170.079
1	147.511
1	200.439
1	142.22
1	171.464
1	148.682
1	182.221
1	117.059
1	225.089
1	194.8
1	210.029
1	148.808
1	172.864
1	243.36
1	143.074
1	401.896
1	252.486
1	215.73
1	251.621
0	62.7674
1	198.101
1	198.42
1	141.475
1	196.086
1	189.607
1	236.108
1	149.258
1	223.289
1	169.101
1	165.341
1	191.019
1	160.593
1	118.758
1	202.458
1	137.719
1	236.626
1	265.221
1	212.176
1	169.383
1	168.082
1	130.527
1	200.463
1	173.2
1	315.923
1	195.269
1	180.119
1	256.262
1	271.405
1	241.989
1	266.782
1	217.698
1	136.088
1	223.706
1	157.612
1	242.443
1	239.553
1	259.091
1	196.032
1	249.749
1	201.954
1	179.927
1	164.495
1	136.543
1	234.577
1	245.375
1	191.779
1	170.01
1	174.425
1	354.111
1	207.716
1	222.055
1	149.214
1	192.731
1	194.476
1	222.62
1	276.758
1	134.012
1	316.371
1	257.119
1	215.459
1	235.474
1	157.859
1	134.544
1	253.844
1	201.647
1	152.337
1	128.897
1	154.771
1	260.92
1	147.829
1	250.948
1	262.934
1	162.588
1	196.927
1	327.651
1	225.715
1	145.91
1	272.864
1	197.16
1	196.227
1	112.541
1	202.803
1	151.605
1	233.369
1	257.178
1	171.695
1	296.507
1	210.738
1	173.07
1	149.061
1	144.182
1	281.037
1	316.829
1	147.963
1	152.641
1	200.34
1	265.098
1	170.565
1	239.538
1	199.649
1	235.794
1	144.256
1	173.832
1	208.064
1	137.52
1	151.001
1	213.536
1	236.714
1	269.328
1	159.355
1	222.157
1	133.655
1	203.177
1	200.192
1	175.509
1	352.256
1	226.072
1	170.703
1	239.128
1	344.345
1	198.842
1	157.701
1	115.474
1	206.635
1	215.05
1	195.827
1	134.028
1	153.606
1	129.563
1	166.019
1	195.55
1	133.403
1	215.456
1	159.384
1	186.603
1	214.789
0	36.7363
1	148.245
1	213.403
1	210.136
1	238.255
1	205.314
1	192.393
1	182.74
1	171.231
1	132.787
1	184.265
1	201.575
1	316.368
1	196.483
1	218.157
1	139.499
1	198.281
1	151.163
1	168.674
1	200.413
1	148.869
1	220.527
1	140.384
1	277.404
1	259.509
1	214.015
1	152.375
1	157.815
1	239.19
1	221.403
1	201.5
1	344.113
1	184.876
1	233.51
1	245.104
1	164.658
1	178.148
1	228.065
1	210.509
1	154.915
1	138.918
1	188.631
1	116.73
1	246.68
0	8.28595
1	173.426
1	172.456
1	207.778
1	161.004
1	156.704
1	152.366
1	142.965
1	168.49
1	185.209
1	300.463
1	228.06
1	179.337
1	355.45
1	166.642
1	278.912
1	173.255
1	143.04
1	193.39
1	232.178
1	195.918
1	182.123
1	153.584
1	170.987
1	185.097
1	197.917
1	169.987
1	244.818
1	209.247
1	201.453
1	173.185
1	390.026
1	198.484
1	204.976
1	207.117
1	291.958
1	203.148
1	161.965
1	146.849
1	189.997
1	269.949
1	175.716
1	122.916
1	229.902
1	194.43
1	177.413
1	206.321
1	136.045
1	206.084
1	184.891
1	192.873
1	241.09
1	278.693
1	232.104
1	240.245
1	178.8
1	272.163
1	168.129
1	155
1	166.016
1	179.755
1	265.585
1	384.344
1	134.719
1	183.861
1	185.741
1	190.734
1	162.221
1	297.849
1	163.462
1	199.352
0	28.9785
1	180.97
1	294.161
1	228.671
1	239.704
1	147.15
1	233.505
1	171.206
1	151.643
0	12.411
1	181.772
1	263.121
1	261.796
1	180.581
1	254.48
1	147.462
1	192.959
1	213.697
1	194.511
1	236.946
1	189.603
1	161.838
1	186.414
1	174.42
1	153.494
1	251.151
1	236.667
1	242.097
1	216.536
1	169.534
1	142.535
1	321.847
1	252.409
1	166.076
1	537.644
1	227.524
1	217.932
1	197.444
1	202.475
1	194.199
1	150.88
1	182.388
1	359.16
1	184.734
1	196.867
1	169.653
1	280.052
1	251.047
1	109.325
1	323.928
1	181.049
1	193.496
1	211.893
1	191.571
1	146.475
1	344.993
1	221.972
1	130.45
1	150.057
1	248.206
1	281.769
1	196.775
1	242.324
1	389.836
1	173.992
1	185.786
1	175.463
1	182.915
1	184.799
1	171.502
1	206.318
1	119.38
1	313.245
1	198.323
1	219.138
1	229.572
1	183.334
1	197.938
1	163.327
1	240.89
1	193.986
1	240.845
1	227.461
1	198.709
1	201.142
1	156.302
1	171.152
1	134.998
1	231.758
1	192.994
1	206.574
1	210.003
1	174.724
1	162.774
1	198.063
1	175.472
1	153.208
1	191.067
1	166.536
1	220.948
1	157.984
1	166.806
1	183.614
1	183.806
1	173.129
1	196.096
1	209.192
1	170.828
1	234.26
1	214.997
1	185.924
1	266.516
1	170.68
1	212.955
1	301.008
1	255.519
1	166.739
1	250.805
1	193.129
1	228.454
1	197.613
1	286.402
1	167.988
1	132.059
1	194.282
1	203.481
1	200.796
1	192.377
1	215.671
1	203.034
1	181.848
1	181.132
1	283.057
1	185.123
1	230.149
1	306.893
1	221.121
1	236.58
1	244.895
1	248.317
1	154.384
1	271.619
1	146.245
1	148.698
1	299.883
1	250.964
1	210.225
1	188.052
1	245.758
1	156.394
1	125.14
1	147.157
1	252.424
1	242.092
1	162.23
1	141.772
1	220.473
1	196.687
1	201.186
1	238.278
1	188.661
1	268.523
1	220.318
1	206.271
1	163.519
1	292.23
1	272.203
1	223.683
1	208.881
1	287.315
1	223.346
1	184.277
1	209.217
1	184.116
1	155.845
1	124.225
1	232.798
1	189.216
1	242.372
1	175.71
1	199.831
1	153.202
1	163.26
1	155.831
1	163.451
1	205.454
1	277.174
1	191.151
1	325.364
1	207.36
1	206.619
1	182.043
1	254.002
1	286.291
1	179.341
1	216.508
1	232.662
1	172.274
1	142.294
1	200.542
1	371.861
1	185.938
1	175.412
1	184.199
1	223.159
1	211.616
1	244.386
1	145.849
1	201.433
1	264.313
1	234.901
1	202.498
1	155.944
1	153.639
1	191.535
1	290.826
1	293.934
1	170.684
1	224.936
1	192.379
1	233.169
1	371.74
1	141.997
1	265.669
0	32.2142
1	165.401
1	167.021
1	306.558
1	161.617
1	229.063
1	272.426
1	267.269
1	159.058
1	135.417
1	133.462
1	147.612
1	193.376
1	142.989
1	131.947
1	208.048
1	247.061
1	158.322
1	204.377
1	182.238
1	204.861
1	224.946
1	161.128
1	198.03
1	202.438
1	186.433
1	182.431
1	180.915
1	259.124
1	175.971
1	270.433
1	194.335
1	245.765
1	194.609
1	196.273
1	156.643
1	188.388
1	187.648
1	153.382
1	201.426
1	297.899
1	242.259
1	203.853
1	202.402
1	256.054
1	178.838
1	209.228
1	149.72
1	146.635
1	170.724
1	173.37
1	180.32
1	177.053
1	236.733
1	173.691
1	174.955
1	172.005
1	337.299
1	138.928
1	222.522
1	263.513
1	202.283
1	245.267
1	146.943
1	195.978
1	186.693
1	198.576
1	148.582
1	180.671
1	234.913
1	209.123
1	168.513
1	236.908
1	191.839
1	320.435
1	227.051
1	142.201
0	24.9788
1	265.435
1	202.606
1	166.729
1	122.317
1	194.913
1	162.691
1	207.879
1	247.317
1	175.581
1	218.093
1	139.121
1	141.338
1	267.825
1	154.655
1	284.376
1	280.549
1	309.206
1	176.197
1	225.364
1	235.992
1	189.001
1	152.271
1	165.698
1	238.785
1	191.167
1	218.239
1	225.208
1	254.11
1	142.453
1	236.587
1	197.688
1	174.569
1	144.833
1	256.27
1	220.895
1	188.661
1	178.793
1	140.405
1	196.249
1	206.437
1	208.356
1	168.614
1	126.588
1	158.695
1	164.034
1	116.862
1	267.711
1	198.857
1	185.648
1	215.058
1	122.66
1	260.765
1	233.911
1	150.148
1	171.845
1	204.057
1	215.819
1	188.509
1	227.087
1	206.777
1	152.035
1	294.276
1	214.364
1	132.013
1	237.763
1	116.715
1	173.317
1	234.246
1	247.69
1	226.418
1	213.862
1	157.835
1	183.902
1	242.688
1	99.8532
1	244.59
1	158.116
1	199.388
1	181.001
1	242.955
1	208.597
1	217.687
0	48.4627
1	174.13
1	118.116
1	113.068
0	40.9693
1	144.364
1	203.307
1	169.766
1	220.603
1	191.177
1	144.559
1	225.536
1	175.243
1	169.699
1	358.039
1	184.872
1	151.601
1	182.429
1	211.578
1	254.143
0	41.4198
1	321.23
1	190.115
1	196.012
1	268.658
1	243.841
1	315.063
1	412.27
1	280.623
1	184.961
0	27.3513
1	247.593
1	117.282
1	240.161
1	175.682
1	317.295
1	165.565
1	222.583
1	259.866
1	151.386
1	216.118
1	250.447
1	263.738
1	172.3
1	196.98
1	141.049
1	201.502
1	273.786
1	193.839
1	163.451
1	176.343
1	236.274
1	253.477
0	61.9101
1	164.876
1	154.45
1	181.069
1	157.188
1	131.789
1	207.016
1	132.135
1	230.257
1	157.765
1	310.721
1	195.704
1	205.45
1	235.498
1	171.185
1	197.233
1	218.102
1	200.054
1	142.129
1	176.303
1	173.415
1	395.011
1	144.667
1	171.511
1	192.898
1	231.132
1	116.181
1	152.723
1	258.869
1	232.059
1	188.148
1	147.033
1	168.224
1	205.575
1	201.561
1	257.05
1	170.179
1	197.645
1	187.432
1	262.374
1	229.072
1	297.196
1	208.421
1	142.38
1	159.459
1	124.719
1	260.802
1	235.986
1	188.239
1	165.326
1	167.489
1	254.472
1	147.862
1	229.036
1	173.918
1	171.529
1	281.226
1	146.974
1	203.23
1	173.179
1	145.406
1	187.853
1	166.027
1	176.772
1	112.105
1	153.229
1	242.329
1	198.456
1	180.761
1	144.468
1	154.157
1	226.982
1	159.761
1	223.469
1	175.593
1	168.624
1	134.963
1	176.204
1	201.943
1	204.597
1	181.17
1	118.778
1	181.248
1	189.923
1	201.262
1	189.491
1	289.925
1	158.589
1	195.287
1	207.787
1	212.375
1	170.756
1	147.378
1	205.573
1	269.828
1	208.916
1	161.06
1	156.674
1	263.676
1	224.308
1	220.197
1	190.214
1	122.655
1	136.278
1	166.903
1	234.312
1	200.595
1	164.588
1	135.662
1	254.684
1	132.047
1	152.575
1	182.687
1	201.994
1	287.254
1	144.571
1	319.774
1	276.417
1	157.81
1	202.403
1	166.244
1	212.577
1	171.324
1	220.608
1	199.935
1	189.069
1	212.963
1	210.756
1	468.28
1	169.807
1	184.22
1	163.249
1	183.85
1	168.448
1	180.009
1	185.973
1	254.246
1	219.373
1	160.748
1	203.775
1	147.524
1	250.943
0	31.7793
1	166.176
1	196.801
1	183.116
1	180.917
1	271.608
1	223.503
1	139.137
1	192.478
1	200.113
1	152.792
1	166.774
1	324.135
1	238.368
1	209.272
1	168.791
1	188.82
1	208.902
1	177.713
1	131.232
1	278.91
0	2.50549
1	218.341
1	158.667
1	233.116
1	173.261
1	191.978
1	245.403
1	236.696
1	211.318
1	181.629
1	151.924
1	267.363
1	191.719
1	187.556
1	198.785
1	156.22
1	233.929
1	199.9
1	200.53
1	210.998
1	236.764
1	131.411
1	138.133
1	169.624
1	286.067
1	174.955
1	183.903
1	333.969
1	237.717
1	252.801
1	123.911
1	257.86
1	277.452
1	149.489
1	202.727
1	198.347
1	175.243
1	242.145
1	179.221
1	164.463
0	35.9118
1	162.216
1	192.869
1	179.763
1	139.159
1	205.323
1	157.867
1	211.753
1	318.133
1	174.302
1	151.628
1	238.535
1	214.408
1	180.773
1	260.531
1	183.84
1	160.768
1	220.869
1	182.617
1	119.6
1	254.09
1	155.586
1	229.674
1	233.344
1	231.279
1	192.678
1	200.632
1	115.523
1	247.098
1	203.029
1	224.672
1	205.034
1	204.044
1	140.739
1	164.47
1	161.213
1	168.943
1	294.063
1	210.037
1	217.088
1	184.439
1	161.105
1	237.153
1	164.462
1	150.707
1	164.968
1	161.997
1	188.017
1	153.589
1	211.754
1	216.545
1	158.106
1	172.9
0	7.51407
1	246.678
1	176.918
1	247.348
1	196.406
1	154.643
1	198.458
1	214.807
1	169.191
1	204.39
1	159.753
1	173.392
1	222.638
1	192.54
1	213.079
1	178.867
1	194.655
1	164.1
1	144.131
1	179.92
1	215.938
0	111.547
1	345.598
1	186.195
1	320.362
1	231.744
1	194.888
1	418.163
1	114.188
1	146.094
1	203.163
1	201.547
1	212.433
1	230.218
1	130.761
1	199.171
1	148.782
1	173.982
1	229.927
1	184.571
1	263.757
1	259.883
1	195.511
1	207.338
1	138.784
1	155.699
1	213.195
1	189.365
1	237.088
1	215.43
1	293.931
1	207.323
1	202.764
1	274.177
1	168.171
0	10.4193
1	152.529
1	178.608
1	197.459
1	151.597
1	200.011
1	164.747
1	150.153
1	191.415
1	221.408
1	236.467
1	401.989
1	146.683
1	185.107
1	160.404
1	196.918
1	183.773
1	270.824
1	294.49
1	153.921
1	246.924
1	185.489
1	162.268
1	187.029
1	220.133
1	302.87
1	157.52
1	209.461
1	169.172
1	209.807
1	187.786
1	244.19
1	117.846
1	209.778
0	56.9421
1	277.102
1	254.452
1	230.931
1	199.271
1	246.335
1	295.088
1	217.452
1	282.461
1	270.824
1	176.691
1	223.325
1	147.719
1	159.695
1	191.257
1	213.942
1	156.855
1	301.325
1	151.579
1	177.298
1	269.431
1	231.925
1	145.328
1	260.841
1	157.579
1	250.686
1	174.223
1	272.899
1	190.675
1	201.624
1	215.016
1	128.812
1	222.97
1	231.137
1	135.686
1	228.256
1	253.076
1	176.142
1	130.276
1	205.754
1	290.947
1	216.965
1	215.84
1	193.596
1	218.671
1	255.392
1	156.09
1	255.945
1	206.867
1	200.775
1	164.942
1	160.512
1	194.809
1	276.742
1	153.413
1	191.595
1	210.62
1	145.233
1	239.761
1	162.516
1	185.733
1	178.324
1	190.819
1	143.26
1	244.797
1	187.862
1	200.719
1	230.447
1	208.611
1	164.807
1	285.471
1	212.452
1	155.265
1	156.628
1	249.804
1	224.507
1	146.707
1	161.559
1	180.088
1	196.348
1	178.759
1	166.45
1	267.508
1	179.156
1	273.219
1	173.866
1	276.98
1	260.093
1	143.431
1	209.896
1	182.942
1	224.209
1	193.179
1	216.775
1	131.256
1	276.117
1	244.863
1	180.148
1	183.578
1	146.507
1	198.891
1	165.517
1	156.238
1	213.057
1	191.887
1	236.354
1	159.683
1	206.305
1	177.234
1	253.507
1	150.893
1	200.619
1	182.57
1	124.37
1	198.557
1	215.227
1	221.246
1	122.587
1	250.948
1	179.154
1	161.721
1	207.992
1	134.87
1	207.263
1	212.402
1	277.388
1	261.188
1	191.159
1	321.253
1	169.092
1	241.131
1	236.249
1	187.714
1	199.178
1	132.666
1	153.7
1	272.898
1	230.915
1	186.231
1	232.145
1	218.964
1	260.54
1	235.529
0	32.9258
1	221.513
1	228.511
1	201.893
1	167.777
1	226.882
1	153.844
1	241.472
1	237.184
1	161.959
1	224.603
0	5.37805
1	209.77
1	245.663
1	251.764
1	167.217
1	314.429
1	213.697
1	175.022
1	215.227
1	257.42
1	145.724
1	174.426
1	150.996
1	145.52
1	146.649
1	233.408
1	193.248
1	188.561
1	196.058
1	193.787
1	187.244
1	255.13
1	236.381
1	246.861
1	166.018
1	223.892
1	181.112
1	172.006
1	421.113
1	128.728
1	214.139
1	213.98
1	196.026
1	149.797
1	217.392
1	220.915
1	199.419
1	169.979
1	137.7
1	235.722
1	163.413
1	228.069
1	218.503
1	185.576
1	201.114
1	185.082
1	220.541
1	328.886
1	196.294
1	221.289
1	221.444
1	237.724
1	279.855
1	237.057
1	171.703
1	131.544
1	223.44
1	205.556
1	191.71
1	196.224
1	181.133
1	318.203
1	216.154
1	205.681
1	262.963
1	206.544
1	210.91
1	171.015
1	144.062
1	241.05
1	174.682
1	173.9
1	200.803
1	141.852
1	266.387
1	152.882
1	158.043
1	152.19
1	190.18
1	221.724
1	305.821
1	202.501
1	215.67
1	191.367
1	412.853
1	190.397
1	147.261
1	153.25
1	236.201
1	300.7
1	227.533
1	194.054
1	193.419
1	185.851
1	275.989
1	257.331
1	198.91
1	218.257
1	209.907
1	180.267
1	180.432
1	207.775
1	200.62
1	243.666
1	239.651
1	159.369
1	156.386
1	159.807
1	192.005
1	199.441
1	138.447
1	175.473
1	188.533
1	224.011
1	149.625
1	271.293
1	203.712
1	221.153
1	166.188
1	248.115
1	190.785
1	226.251
1	180.465
1	177.91
1	131.335
1	168.026
1	327.617
1	222.485
1	316.509
1	238.859
1	218.805
1	126.158
1	156.779
1	162.905
1	150.653
1	244.975
1	206.37
1	205.012
1	170.078
1	174.833
1	157.888
1	218.58
1	206.723
1	212.057
1	165.516
1	127.366
1	200.581
1	203.517
1	239.314
1	222.168
1	158.189
1	215.59
1	147.127
1	274.658
1	198.942
1	142.431
1	249.403
1	214.007
1	308.998
1	291.858
1	240.268
1	243.462
1	201.641
1	161.879
1	163.532
1	213.109
1	198.802
1	248.52
1	200.149
1	150.818
1	170.344
1	169.093
1	152.635
1	152.416
1	165.923
1	150.987
1	191.272
1	263.309
1	241.01
1	182.716
1	282.857
1	179.682
1	185.001
1	212.024
1	190.199
1	155.437
1	248.415
1	203.756
1	281.417
1	158.66
1	191.116
1	193.039
1	152.036
1	208.049
1	175.305
1	260.691
1	148.894
1	226.747
1	263.798
1	180.447
1	165.076
1	366.207
1	184.987
1	197.438
1	174.01
1	207.687
1	184.597
1	179.142
1	175.839
1	145.842
1	209.146
1	201.961
1	158.456
1	215.838
1	219.617
1	210.514
1	214.262
1	170.974
1	179.335
1	179.786
1	234.662
1	219.786
1	183.771
1	318.375
1	131.906
1	197.267
1	114.085
1	178.269
1	190.192
1	154.524
1	175.261
1	212.476
1	191.931
1	183.052
0	0.383175
1	289.589
1	222.944
1	148.93
0	24.8956
1	203.412
1	264.157
1	141.341
1	154.899
1	215.191
1	181.306
1	197.054
1	165.937
1	238.654
1	203.342
1	178.548
1	311.11
1	154.817
1	189.888
1	312.777
1	189.172
1	374.564
1	109.503
0	38.8585
1	182.274
1	177.89
1	224.886
1	190.091
1	186.704
1	267.609
1	157.614
1	136.216
1	177.101
1	198.297
1	211.218
1	202.014
1	187.276
1	185.169
1	218.798
1	194.361
1	196.958
1	258.573
1	164.741
1	247.189
1	160.398
1	205.177
1	288.286
1	255.467
1	196.452
1	253.557
1	268.036
1	124.482
1	175.125
1	208.42
1	156.993
1	210.153
1	201.943
1	200.72
1	162.856
1	204.475
1	215.771
1	130.343
1	333.406
1	155.588
1	329.994
1	135.774
1	136.051
1	224.867
1	262.829
1	225.323
1	160.884
1	139.899
1	169.261
1	246.125
1	203.873
1	144.982
1	197.49
1	194.971
1	235.008
1	196.847
1	350.476
1	158.748
1	117.159
1	228.146
1	181.262
1	115.67
1	219.623
1	205.633
1	291.655
1	232.694
1	123.654
1	292.641
1	194.505
1	286.614
1	164.742
1	213.548
1	154.452
1	142.984
1	364.274
1	210.872
1	166.653
1	209.619
1	272.809
1	170.175
1	170.301
1	159.31
1	257.195
1	213.695
1	168.156
1	229.105
1	212.533
1	306.266
1	222.42
1	190.702
1	168.142
1	183.981
1	312.565
1	196.596
1	187.474
1	237.191
1	315.231
1	184.365
1	200.903
1	221.397
1	151.284
1	204.602
1	215.12
1	195.056
1	177.885
1	217.746
1	187.277
1	143.769
1	201.396
1	188.58
1	256.554
1	181.347
1	151.749
1	216.726
1	300.147
1	347.566
1	200.851
1	161.862
1	242.181
1	208.79
1	253.936
1	198.433
1	255.753
1	185.603
1	257.683
1	163.523
1	165.464
1	176.504
1	246.225
1	266.917
1	218.376
1	161.737
1	255.507
1	166.573
1	131.281
1	144.653
1	199.816
1	246.265
1	185.087
1	173.317
1	276.148
1	177.99
1	180.045
1	185.708
1	167.126
1	238.35
1	216.746
1	197.839
1	164.574
1	155.992
1	193.004
1	151.891
1	260.685
1	254.998
1	212.454
1	211.719
1	228.748
1	195.857
1	153.685
1	246.833
1	222.301
1	154.947
1	138.289
1	244.642
1	172.788
1	164.51
1	267.263
1	358.846
1	302.839
1	191.862
1	194.633
1	216.992
1	213.801
1	213.724
1	304.121
1	190.294
1	287.612
1	224.013
1	204.687
1	291.169
1	208.096
1	211.688
1	188.369
1	332.645
1	191.557
1	230.707
1	208.054
1	222.329
1	146.887
1	153.011
1	151.265
1	271.03
1	151.769
1	194.39
1	187.513
1	185.141
1	211.989
1	184.632
1	177.385
1	285.77
1	193.369
1	205.992
1	226.414
1	180.592
1	131.929
1	151.555
1	240.898
1	235.106
1	216.18
1	185.928
1	124.781
1	170.964
1	205.4
1	195.926
1	173.704
1	189.042
1	181.034
1	330.5
1	165.124
1	247.611
1	162.751
1	241.816
1	158.002
1	196.388
1	178.436
1	245.063
1	209.032
1	242.876
1	129.546
1	148.443
1	214.37
1	151.954
1	138.959
1	212.744
1	244.821
1	269.61
1	161.603
1	178.302
1	196.181
1	138.265
1	189.227
1	216.223
1	183.148
1	185.961
1	251.249
1	201.243
1	164.743
1	173.111
1	183.125
1	145.237
1	147.912
1	190.176
1	389.014
1	389.669
1	175.962
1	227.519
1	210.99
1	234.369
1	409.143
1	209.852
1	210.106
1	132.964
1	239.829
1	244.738
1	151.918
1	208.683
1	254.237
1	160.733
1	215.968
1	164.447
1	143.521
1	157.446
1	152.213
1	256.998
1	235.198
1	184.692
1	195.811
1	222.97
1	140.194
1	203.486
1	239.771
1	139.049
1	204.631
1	152.07
1	137.927
1	162.577
1	238.494
1	145.812
1	175.539
1	178.066
1	171.457
1	186.776
1	252.336
1	178.478
1	189.577
1	171.859
1	140.347
1	187.472
1	237.257
1	158.522
1	198.706
1	305.985
1	197.134
1	127.808
1	197.674
1	205.49
1	284.324
1	184.793
1	215.903
1	252.024
1	229.377
1	228.572
1	193.186
1	140.858
1	157.769
1	258.419
1	176.753
1	207.554
1	197.264
1	202.092
1	247.585
1	175.748
1	152.273
1	149.807
1	176.038
1	218.127
1	218.66
1	131.615
1	193.866
1	167.82
1	166.721
1	227.017
1	196.072
1	224.665
1	213.024
1	432.032
1	238.479
1	203.663
1	162.269
1	222.219
1	144.889
1	171.702
1	359.141
1	159.971
1	192.732
1	246.148
1	168.024
1	127.603
1	218.935
1	173.707
1	231.922
1	243.453
1	191.861
1	226.183
1	169.44
1	211.659
1	178.548
1	251.39
1	204.127
1	214.585
1	227.535
1	125.014
1	225.816
1	151.685
1	159.635
1	324.662
1	182.948
1	189.698
1	148.208
1	246.137
1	127.594
0	5.07716
1	154.308
1	171.875
1	207.903
1	288.07
1	327.664
1	186.024
1	206.309
1	173.492
1	348.093
1	126.628
1	213.236
1	298.001
1	243.429
1	202.674
1	269.209
1	173.531
1	275.4
1	189.147
1	185.947
1	186.86
1	241.285
1	213.023
1	238.122
1	383.441
1	326.997
1	297.337
1	144.123
1	263.38
1	133.964
1	193.379
1	246.466
1	224.189
1	201.066
1	220.334
1	139.517
1	156.764
1	194.056
1	160.248
1	180.744
1	167.355
1	185.574
1	153.653
1	174.991
1	243.086
1	226.009
1	221.029
1	201.838
1	134.551
1	284.506
1	179.37
1	192.569
1	178.536
1	155.171
1	195.424
1	213.3
1	257.021
1	189.32
1	216.897
1	255.719
0	47.5418
1	194.391
1	193.904
1	173.13
1	155.87
1	185.242
1	226.48
1	165.544
1	175.087
1	171.2
1	238.478
1	378.306
1	168.782
1	123.755
1	170.761
1	164.772
1	269.298
1	156.82
1	147.719
1	154.853
1	188.178
1	160.65
1	214.032
1	261.165
1	226.731
1	144.967
1	309.362
1	231.197
1	281.897
1	172.503
1	236.551
1	131.02
1	238.661
1	174.025
1	236.081
1	192.635
1	178.096
1	257.748
1	227.175
1	217.513
1	209.041
1	149.449
1	154.745
1	169.878
1	227.121
1	143.069
1	173.382
1	194.192
1	298.983
1	165.034
1	164.211
1	164.959
1	179.45
1	130.348
1	177.324
1	165.323
1	247.66
1	251.826
1	149.698
1	246.975
1	198.007
1	221.499
1	352.49
1	136.679
1	182.509
1	174.723
1	148.202
1	169.117
1	187.862
1	204.552
1	193.199
1	239.605
1	133.787
1	268.409
1	178.779
1	233.072
1	174.715
1	200.696
1	173.795
1	215.456
1	278.701
1	186.096
1	223.464
1	225.906
1	120.185
1	203.55
1	178.347
1	242.188
1	149.222
1	158.781
1	230.594
1	219.929
1	179.134
1	176.161
1	222.08
1	389.58
1	262.559
1	335.414
1	185.676
1	169.197
1	224.198
1	304.623
1	204.773
1	184.97
1	151.208
1	232.871
1	167.361
1	291.814
1	248.075
1	264.573
1	295.585
1	171.661
1	161.402
1	135.801
1	185.723
1	148.637
1	185.32
1	169.553
1	168.887
1	171.06
1	207.65
1	183.478
1	177.574
1	180.715
1	136.938
1	157.526
1	209.725
1	251.906
1	213.286
1	179.884
1	170.737
1	204.74
1	165.124
1	225.757
1	233.782
1	163.711
1	176.74
1	249.698
1	228.534
1	158.874
1	247.701
1	180.942
1	166.8
1	183.934
1	187.272
1	177.915
1	201.378
1	180.078
1	139.815
1	168.482
1	186.878
1	254.047
1	205.469
1	147.458
1	357.865
1	144.688
1	208.894
1	136.737
1	200.982
1	192.831
1	177.169
1	248.05
1	103.097
1	368.629
1	229.31
1	217.23
1	222.327
1	313.689
1	197.273
1	229.985
1	134.568
1	247.627
1	168.024
1	157.016
1	173.271
1	237.054
1	250.226
1	245.692
1	133.602
1	224.739
1	140.554
1	188.195
1	347.009
1	250.981
1	187.22
1	181.156
1	277.696
1	193.6
1	195.868
1	233.726
1	143.128
1	156.6
1	180.114
1	234.895
1	199.624
1	266.775
1	116.72
1	226.327
1	195.201
1	281.678
1	199.114
1	221.349
1	220.364
1	208.021
1	178.537
1	179.562
1	246.478
1	216.061
1	254.688
1	198.272
1	195.061
1	240.459
1	283.626
1	207.686
1	196.646
1	205.401
1	290.096
1	163.05
1	176.813
1	185.97
1	238.051
1	161.522
1	182.274
1	142.685
1	232.985
1	211.954
1	162.875
1	192.261
1	243.835
1	199.641
1	195.371
1	199.561
1	187.462
1	155.272
1	307.835
1	195.03
1	188.56
1	221.222
1	158.833
1	120.316
1	212.222
1	314.5
1	152.01
1	128.55
1	280.886
1	200.962
1	196.814
1	205.619
1	175.64
1	155.14
1	262.441
1	164.973
1	199.201
1	273.801
1	218.853
1	228.329
1	201.983
1	136.9
1	241.978
0	42.3854
1	241.511
1	248.529
1	198.945
1	200.148
1	164.146
1	220.832
1	184.753
1	175.826
1	195.394
1	179.064
1	155.928
1	178.933
1	190.555
1	152.451
1	222.279
1	279.96
1	179.249
1	190.178
1	314.667
1	225.908
1	237.124
1	214.748
1	198.719
1	186.583
1	169.241
1	273.225
1	153.76
1	160.219
1	187.858
1	203.82
1	185.358
1	149.052
1	165.063
1	160.814
1	237.706
1	152.407
1	243.806
1	164.83
1	200.052
1	205.428
1	258.591
1	189.003
1	163.792
1	233.254
1	151.364
1	216.815
1	172.932
1	191.624
1	173.814
1	199.104
1	253.64
1	158.207
1	196.231
1	132.246
1	211.159
1	341.902
1	127.782
1	149.269
1	140.99
1	211.747
1	203.237
1	189.382
1	172.118
1	189.395
1	317.39
1	242.617
1	180.257
1	181.98
1	203.457
1	202.902
1	158.373
1	215.93
1	248.104
1	295.498
1	190.349
1	192.836
1	237.217
1	212.687
1	127.507
1	218.856
1	275.553
1	161.134
1	166.482
1	228.738
1	176.544
1	133.154
1	181.055
1	139.376
1	166.144
1	352.874
1	172.04
1	238.416
1	219.781
1	229.036
1	241.722
1	126.692
1	202.611
1	209.146
1	157.636
1	192.472
1	249.862
1	188.222
1	168.488
1	193.724
1	193.231
1	261.543
1	268.882
1	159.542
1	193.133
1	173.765
1	203.129
1	199.739
1	218.266
1	143.661
1	307.05
1	215.105
1	203.869
1	184.218
1	164.772
1	151.534
1	206.152
1	244.568
1	165.716
1	219.594
1	209.539
1	259.415
1	186.094
1	255.71
1	252.39
1	154.251
1	248.663
1	311.758
1	188.63
1	161.596
1	160.052
1	187.004
1	177.643
1	142.625
1	203.72
1	144.978
1	164.179
1	198.915
1	211.926
1	274.614
1	247.232
1	176.541
1	122.378
1	220.217
1	319.635
1	183.003
1	232.188
1	193.56
1	226.852
1	219.67
1	250.639
1	125.553
1	162.848
1	162.597
1	187.076
1	218.071
1	176.435
1	199.316
1	152.42
1	112.366
1	208.684
1	203.704
1	191.436
1	190.059
1	106.685
1	184.195
1	234.427
1	303.254
1	147.875
1	129.236
1	165.02
1	178.776
1	228.774
1	265.37
1	304.153
1	157.243
1	400.228
1	143.835
1	189.824
1	166.353
1	251.072
1	271.907
1	187.175
1	220.766
1	216.642
1	208.063
1	167.561
1	197.645
1	223.228
1	181.17
1	218.68
1	208.997
1	203.968
1	192.595
1	197.512
1	171.062
1	158.528
1	228.866
1	245.609
1	138.349
1	128.972
1	247.431
1	206.432
1	160.284
1	244.244
1	248.159
1	242.441
1	195.627
1	253.058
1	123.796
1	168.122
1	237.737
1	183.903
1	209.543
1	161.666
1	248.964
1	113.291
1	195.787
1	204.461
1	195.13
1	253.553
1	228.344
1	199.808
1	230.798
1	146.592
1	180.064
1	179.674
1	111.961
1	129.824
1	154.183
1	128.908
1	185.789
1	191.107
1	151.018
1	279.533
1	195.788
1	356.248
1	215.785
1	176.114
1	172.247
1	163.777
1	259.035
1	177.935
1	217.973
1	150.295
1	201.988
1	224.335
1	191.006
1	211.539
1	191.556
1	221.86
1	192.463
1	271.28
1	182.317
1	234.468
1	140.292
1	221.25
1	152.168
1	220.64
1	279.643
1	147.398
1	162.271
1	251.978
1	202.846
1	302.372
1	159.966
1	260.847
1	163.434
1	128.106
1	166.322
1	220.609
1	191.841
1	136.986
1	283.535
1	176.408
1	208.576
1	184.564
1	162.968
1	212.457
0	76.4643
1	210.396
1	176.784
1	234.519
1	223.202
1	179.77
1	175.04
1	265.962
1	238.116
1	262.756
1	164.435
1	227.389
1	225.475
1	263.106
1	203.961
1	157.27
1	246.466
1	166.101
1	129.699
1	163.671
1	233.895
1	207.114
1	174.584
1	188.797
1	252.827
1	136.66
1	195.906
1	257.481
1	151.346
1	244.475
1	156.046
1	189.944
1	218.111
1	183.793
1	263.498
1	131.4
1	300.113
1	218.23
1	179.877
1	188.491
1	134.104
1	185.824
1	168.691
1	246.995
1	210.166
1	286.83
1	182.51
1	187.646
1	132.307
1	436.704
1	291.644
1	139.593
1	171.671
1	180.989
1	144.719
1	289.7
1	144.228
1	379.066
1	197.697
1	237.483
1	212.113
1	194.502
1	235.45
1	176.582
1	167.459
1	231.803
1	141.776
1	141.561
1	201.431
1	172.983
1	181.407
1	233.798
1	167.767
1	203.557
1	215.72
1	157.305
1	206.325
1	150.056
1	170.954
1	169.437
1	190.163
1	143.568
1	137.202
1	190.533
1	151.08
1	150.445
1	128.226
1	227.945
1	182.639
1	203.212
1	199.244
1	189.59
1	181.78
1	149.197
1	181.746
1	382.314
1	165.761
1	236.616
1	127.221
1	194.219
1	159.051
1	216.538
1	235.086
1	189.413
1	154.513
1	172.622
1	265.101
1	282.636
1	158.108
1	220.38
1	180.718
1	207.649
1	274.268
0	4.08255
1	217.065
1	408.289
1	161.538
1	280.43
1	214.478
1	160.479
1	371.22
1	222.85
1	207.133
1	212.6
1	238.316
1	260.196
1	276.498
1	257.566
1	144.495
1	166.149
1	259.783
1	302.776
1	154.398
1	134.13
1	184.067
1	195.604
1	171.26
1	187.462
1	260.856
1	286.125
1	356.956
1	238.505
1	194.585
1	205.964
1	171.815
1	175.772
1	204.381
1	318.662
1	213.337
1	239.63
1	230.535
1	256.31
1	149.56
1	185.716
1	164.749
1	200.381
1	148.124
1	268.392
1	193.722
1	171.023
1	213.177
1	202.267
1	154.927
1	158.228
1	201.056
1	340.99
1	208.583
1	255.903
1	196.518
1	270.362
1	178.683
1	204.187
1	281.587
1	182.831
1	171.174
1	171.94
1	269.185
1	202.377
1	292.51
1	124.894
1	166.578
1	169.075
1	157.439
1	211.269
1	307.118
1	164.65
1	242.513
1	199.48
1	219.213
1	155.861
1	164.428
1	178.022
1	203.654
1	174.593
1	185.384
1	194.833
1	188.428
1	223.326
1	265.64
1	126.824
1	177.529
1	170.161
1	166.896
1	211.047
1	283.533
1	134.52
1	247.286
1	303.159
1	196.404
1	148.555
1	184.063
1	177.696
1	262.647
1	212.111
1	250.928
1	232.577
1	157.936
1	193.348
1	245.877
1	158.502
1	194.889
1	165.244
1	179.175
1	237.097
1	203.089
1	216.864
1	222.039
1	200.401
1	151.009
1	193.525
1	178.862
1	186.093
1	179.624
1	154.652
1	287.43
1	253.774
1	167.836
1	149.864
1	300.967
1	266.779
1	131.018
1	183.499
1	242.249
1	253.074
1	209.898
1	201.832
1	145.757
1	222.621
1	196.792
1	171.551
1	255.208
1	169.864
1	293.789
1	247.082
1	182.688
1	165.279
1	184.714
1	153.415
0	36.7793
1	241.726
1	189.604
1	209.668
1	246.717
1	197.932
1	189.788
1	156.956
1	179.243
1	183.229
1	205.948
1	152.3
1	262.088
1	261.023
1	192.71
1	172.241
1	201.373
1	189.652
1	154.506
1	204.325
1	226.884
1	165.148
1	191.435
1	171.993
1	139.823
1	176.206
1	208.396
1	238.434
1	164.454
1	170.239
1	204.504
1	184.316
1	191.938
1	157.038
1	232.914
1	178.815
1	246.302
1	157.966
1	142.417
1	178.097
1	233.882
1	193.334
1	186.224
1	188.844
1	235.196
1	138.01
1	204.614
1	280.569
1	220.719
1	158.029
1	225.015
1	189.042
1	327.081
1	130.878
1	196.335
1	236.473
1	204.808
1	164.144
1	182.838
1	167.672
1	185.842
1	238.382
1	192.954
1	224.127
1	198.237
1	353.885
1	198.232
1	277.966
1	191.2
1	222.829
1	341.883
1	182.114
1	202.906
1	369.366
1	255.969
1	292.891
1	200.842
1	193.52
1	258.057
1	111.81
1	175.067
1	180.86
1	394.644
1	133.566
1	151.986
1	224.138
1	186.355
1	326.705
1	237.393
1	267.809
1	302.644
1	140.836
1	198.556
1	172.405
1	174.895
1	186.558
1	154.5
1	168.854
1	212.657
1	189.285
1	194.192
1	152.018
1	281.234
1	248.816
1	112.193
1	222.737
1	273.088
1	330.899
1	223.926
1	165.406
1	323.205
1	154.184
1	157.391
1	214.137
1	166.422
1	207.232
1	146.197
1	207.039
1	123.605
1	220.385
1	139.298
1	139.033
1	160.352
1	155.903
1	303.872
1	217.879
1	199.018
1	249.954
1	150.278
1	212.32
1	226.583
1	232.787
1	139.895
1	202.934
1	190.615
1	175.259
1	231.115
1	216.291
1	174.381
1	208.548
1	190.695
1	189.484
1	169.736
1	145.577
1	182.241
1	189.606
1	224.246
1	189.489
1	202.051
1	212.491
1	183.728
1	199.993
1	227.967
1	181.465
1	196.725
1	262.044
1	189.785
1	220.84
1	401.012
1	255.753
1	215.423
1	235.269
1	154.69
1	222.973
1	165.542
1	251.243
1	162.035
1	245.133
1	175.54
1	138.125
1	171.672
1	237.558
1	166.517
1	205.958
1	138.343
1	203.926
1	215.179
1	323.392
1	155.673
1	173.763
1	194.792
1	254.509
1	168.045
1	150.588
1	140.832
1	189.782
1	191.664
1	302.816
1	220.145
1	175.544
1	156.694
1	224.622
1	199.171
1	161.043
1	150.22
1	122.503
1	234.559
1	201.752
1	157.421
1	246.678
1	189.511
1	213.129
1	161.008
1	187.206
1	327.74
1	209.052
1	284.285
1	142.68
1	192.32
1	193.521
1	153.246
1	229.992
1	162.55
1	305.173
1	149.38
1	219.344
1	152.953
1	240.258
1	193.359
1	219.584
1	222.626
1	268.971
1	146.953
1	172.382
1	294.218
1	228.511
1	432.066
1	230.423
1	222.237
1	200.408
1	235.576
1	248.449
1	221.602
1	179.585
1	199.872
1	228.745
1	184.15
1	141.18
1	133.31
1	179.849
1	263.389
1	167.719
1	236.348
1	219.477
1	215.477
1	163.797
1	218.042
1	152.228
1	296.43
1	342.232
1	185.476
1	160.5
1	181.337
1	220.682
1	178.599
1	176.876
1	183.671
1	179.016
1	157.439
1	238.42
1	223.909
1	193.634
1	209.594
1	135.273
1	181.644
0	23.5205
1	239.05
1	190.736
1	181.604
1	193.824
1	198.955
1	225.654
1	205.348
1	272.343
0	61.296
1	341.771
1	181.107
1	221.486
1	193.567
1	187.061
1	153.999
1	254.403
1	246.598
1	183.458
1	153.167
1	212.595
1	278.406
1	195.503
1	233.136
1	230.034
1	177.122
1	166.472
1	156.75
1	286.967
1	260.537
1	227.179
1	173.642
1	222.443
1	167.464
1	120.632
1	149.016
1	166.952
1	183.461
1	275.1
1	132.481
1	267.455
1	252.073
1	182.915
1	142.293
1	162.43
1	167.134
1	120.485
1	182.638
1	376.123
1	209.168
1	185.696
1	172.367
1	262.054
1	129.567
1	192.844
1	167.12
1	176.256
1	156.248
1	117.484
1	202.609
1	226.247
1	231.306
1	208.635
1	168.39
1	151.178
1	145.39
1	188.317
1	287.361
1	236.577
1	188.776
1	119.175
1	160.482
1	127.862
1	271.849
1	123.849
1	158.509
1	238.223
1	115.79
1	161.874
1	152.181
1	155.941
1	226.775
1	236.307
1	209.198
1	166.606
1	149.591
1	185.264
1	301.328
1	213.556
1	264.163
1	168.849
1	223.659
1	149.594
1	170.826
1	160.617
1	224.855
1	201.287
1	202.385
1	292.885
1	204.469
1	239.473
1	222.572
1	324.734
1	167.457
1	170.366
1	223.323
1	172.523
1	124.452
1	156.875
1	229.703
1	418.739
1	165.391
1	196.793
1	194.942
1	492.723
1	130.101
1	254.224
1	190.679
1	164.486
1	152.214
1	197.931
1	355.839
1	192.138
1	173.42
1	157.998
1	175.466
1	223.499
1	170.406
1	194.085
1	192.119
1	200.593
0	5.53738
1	349.968
1	169.792
1	259.583
1	200.849
1	213.704
1	159.243
1	153.196
1	281.734
1	184.838
1	169.544
1	269.996
1	178.505
1	239.358
1	201.351
1	268.589
1	152.799
1	181.738
1	165.164
1	176.538
1	275.324
1	230.713
1	140.377
1	199.461
1	178.293
1	164.133
1	266.035
1	257.255
1	227.262
1	183.559
1	240.912
1	159.65
1	252.923
1	235.315
1	220.831
1	182.45
1	230.281
1	248.933
1	218.254
1	148.188
1	185.908
1	144.78
1	136.151
1	197.682
1	162.42
1	154.377
1	342.4
1	135.927
1	246.656
1	349.78
1	140.072
1	153.175
1	172.507
1	241.184
1	351.503
1	288
1	124.168
1	208.307
1	179.183
1	224.099
1	156.71
1	117.144
1	211.262
1	212.501
1	211.831
1	221.193
1	140.288
1	203.735
1	182.018
1	250.782
1	168.034
1	171.739
1	307.287
1	222.057
1	208.05
1	149.379
1	295.807
1	194.143
1	217.023
1	334.698
1	163.262
1	181.41
1	225.36
1	235.345
1	313.569
1	167.587
1	276.162
1	210.92
1	132.307
1	195.54
1	143.986
1	152.395
1	202.769
1	270.338
1	343.054
1	218.852
1	134.504
1	210.695
1	257.139
1	106.679
1	155.885
1	178.317
1	198.73
1	185.264
1	264.081
1	222.884
1	232.226
1	215.513
1	170.157
1	138.139
1	250.584
1	179.492
1	209.258
1	208.436
1	174.918
1	216.404
1	197.576
1	159.473
1	210.032
1	154.12
1	231.557
1	197.617
1	132.091
1	322.992
1	162.085
1	200.181
1	247.061
1	210.152
1	192.966
1	190.199
1	169.171
1	191.46
1	159.947
1	226.781
1	221.427
1	177.362
1	226.267
1	159.003
1	140.832
1	213.307
1	179.229
1	213.332
1	164.173
1	182.901
1	173.628
1	220.473
1	227.678
1	221.862
1	193.094
1	204.31
1	177.343
1	210.604
1	184.518
1	165.086
1	173.399
1	269.969
1	242.907
1	168.847
1	234.008
1	319.96
1	190.523
1	248.288
1	127.786
1	153.299
1	148.463
1	143.224
1	236.648
1	167.118
1	180.185
1	176.205
1	201.042
1	193.95
1	209.965
1	212.163
1	171.733
1	165.213
1	160.755
1	204.603
1	176.704
1	219.472
1	206.82
1	305.256
1	231.641
1	214.014
1	173.893
1	265.051
1	195.532
1	144.911
1	149.828
1	159.485
1	272.141
1	239.987
1	164.109
1	197.515
1	177.137
1	249.01
1	169.342
1	162.578
1	119.624
1	204.79
1	193.762
1	160.172
1	276.549
1	155.942
1	223.398
1	208.938
1	290.954
1	250.782
1	168.343
1	219.329
1	188.868
1	195.144
1	139.928
1	149.579
1	205.942
1	151.603
1	205.057
1	208.127
1	113.758
1	161.146
1	325.604
1	196.329
1	177.959
1	251.126
1	221.021
1	177.072
1	211.49
1	196.411
1	212.167
1	198.919
1	225.561
1	228.256
1	151.932
1	251.035
1	179.816
1	167.329
1	188.499
1	159.08
1	158.255
1	396.5
1	222.957
1	195.71
1	162.596
1	223.257
1	139.065
1	196.528
1	199.272
1	162.336
1	252.322
1	182.723
1	175.941
1	204.511
1	237.905
1	241.174
1	181.33
1	185.241
1	198.688
1	283.667
1	308.46
1	135.137
1	185.616
1	181.34
1	217.347
1	201.59
1	212.9
1	150.596
1	245.053
1	175.103
1	137.656
1	174.767
1	203.721
1	230.109
1	216.296
1	214.919
1	126.221
1	193.834
1	251.82
1	151.351
1	236.618
1	126.552
1	175.27
1	159.802
1	221.912
1	172.923
1	353.691
1	225.494
1	184.23
1	177.545
1	176.126
1	203.312
0	43.38
1	185.485
1	150.29
1	242.302
1	233.375
1	199.001
1	240.881
1	195.276
1	147.513
1	234.066
1	260.159
1	251.632
1	219.007
1	167.902
1	241.23
1	192.953
1	313.362
1	245.09
1	174.136
1	178.099
1	222.948
1	186.768
1	155.835
1	206.413
1	239.941
1	203.022
1	183.821
1	191.286
1	166.366
1	227.148
1	203.037
1	236.829
1	151.056
1	220.274
1	164.352
1	293.488
1	171.278
1	261.722
1	216.642
1	254.876
1	160.759
1	129.919
1	137.74
1	206.106
1	237.145
1	216.302
1	231.923
1	203.165
1	269.396
1	232.584
1	280.386
1	236.997
1	187.847
1	266.949
1	195.236
1	218.159
1	164.338
1	128.394
1	189.573
1	229.984
1	222.014
1	212.774
1	276.561
1	163.741
1	225.469
1	258.002
1	181.116
1	169.682
0	7.01321
1	224.819
1	117.769
1	252.587
1	208.251
1	197.138
1	182.744
1	283.262
1	211.446
1	181.262
1	198.426
1	167.613
1	197.867
1	162.036
1	167.465
1	148.433
1	147.169
1	230.937
1	235.644
1	141.166
1	194.074
1	270.866
1	234.207
1	201.627
1	155.043
1	116.569
1	182.647
1	187.058
1	176.767
1	188.176
1	154.769
1	181.142
1	156.691
1	158.515
1	195.619
1	279.034
1	279.333
1	212.844
1	213.246
0	99.3165
1	183.011
1	212.058
1	196.817
1	188.921
1	213.668
1	163.391
1	210.719
1	266.631
1	180.139
1	217.67
1	264.65
1	151.109
1	236.571
1	126.242
1	216.039
1	144.314
1	185.818
1	255.678
1	158.098
1	198.104
1	203.743
1	299.57
1	242.287
1	233.773
1	296.645
1	251.609
1	148.574
1	212.741
1	164.17
1	208.657
1	353.584
1	178.521
1	231.91
1	215.896
1	204.829
1	178.404
0	50.3639
1	161.304
1	241.06
1	207.63
1	251.297
1	222.668
1	159.784
1	168.032
1	159.687
1	256.669
1	122.515
1	189.815
1	235.348
1	240.039
1	263.115
1	193.409
1	145.379
1	223.048
1	127.754
1	178.334
1	245.294
0	13.3915
1	200.779
1	154.268
1	171.234
1	221.745
1	195.574
1	204.48
1	207.762
1	142.608
1	282.369
1	275.334
1	242.039
1	147.981
1	158.064
1	200.16
1	140.364
1	220.215
1	167.857
1	199.871
1	145.992
1	141.461
1	281.213
1	205.906
1	184.038
1	239.798
1	216.437
1	255.423
1	174.323
1	149.72
1	167.203
1	185.255
1	172.515
1	149.328
1	170.84
1	232.681
1	226.497
1	161.49
1	408.666
1	188.664
1	236.419
1	198.342
1	235.269
1	178.704
1	143.488
1	135.733
1	153.956
0	8.04081
1	235.05
1	159.71
1	196.888
1	182.947
1	127.743
1	195.689
1	178.278
1	171.548
1	236.435
1	141.144
1	388.182
1	136.366
1	174.935
1	222.053
1	192.522
1	208.753
1	217.81
1	182.86
1	181.628
1	210.772
1	174.266
1	270.524
1	237.41
1	239.661
1	213.983
1	241.741
1	172.69
1	192.027
1	172.595
1	117.171
1	152.455
1	136.964
1	214.691
1	267.019
1	116.586
1	299.296
1	208.327
1	282.071
1	180.251
1	293.761
1	225.537
1	134.595
1	168.668
1	226.088
1	366.487
1	324.2
1	154.753
1	247.482
1	252.527
1	280.748
1	190.668
1	227.557
1	284.707
1	215.907
1	129.42
1	175.102
1	243.189
1	207.73
1	210.614
1	175.535
1	208.529
1	184.513
1	224.801
1	176.247
1	331.222
1	211.225
1	196.857
1	170.351
1	128.504
1	158.778
1	153.242
1	332.23
1	220.002
1	153.459
1	135.884
1	228.502
1	220.882
1	230.99
1	211.195
1	134.987
1	212.758
1	153.668
1	129.8
1	208.588
1	171.423
1	178.655
1	179.289
1	317.377
1	197.632
1	154.588
1	229.495
1	170.087
1	190.657
1	184.835
1	190.463
1	153.597
1	159.631
1	158.772
1	266.66
1	196.45
1	184.698
1	120.447
1	254.073
1	220.775
1	225.881
1	180.759
1	221.211
1	164.643
1	160.083
1	228.002
1	203.133
1	230.696
1	229.874
1	136.903
1	197.714
1	178.271
1	205.109
1	230.157
1	291.598
1	199.611
1	135.424
1	218.457
1	134.786
1	183.238
1	164.054
1	261.917
1	211.582
1	177.159
1	163.828
1	123.673
1	183.864
1	175.738
1	252.784
1	164.382
1	208.035
0	31.9503
1	277.604
1	118.849
1	355.515
1	167.693
1	190.157
1	206.379
1	318.55
1	198.053
1	170.122
1	136.795
1	175.896
1	190.271
1	211.1
1	263.428
1	201.071
1	184.389
1	189.928
1	186.424
1	167.712
1	111.857
1	194.299
1	119.593
1	197.131
1	144.773
1	188.243
1	136.829
1	217.171
1	161.329
1	202.067
1	288.318
1	181.633
1	162.219
1	163.826
1	197.718
1	133.891
1	144.723
1	159.596
1	195.892
1	146.989
1	234.168
1	210.388
1	141.095
1	142.608
1	232.245
1	227.473
1	151.619
0	1.64005
1	178.21
1	260.865
1	228.453
1	217.44
0	133.996
1	224.482
1	185.95
1	197.23
1	198.021
1	198.389
1	322.819
1	152.551
1	211.089
1	169.872
1	150.822
1	114.477
1	134.577
1	275.513
1	235.89
1	277.428
1	326.307
1	238.928
1	145.254
1	168.105
1	132.398
1	197.463
1	250.968
1	229.324
1	210.069
1	171.551
1	271.74
1	141.408
1	183.391
1	181.657
1	214.675
1	281.525
1	203.616
1	290.846
1	212.496
1	297.999
1	255.73
1	180.114
1	174.242
1	160.362
1	167.373
1	221.558
1	190.087
1	200.887
1	196.559
1	151.488
1	246.334
1	427.205
1	240.613
1	220.371
1	279.006
1	146.955
1	196.358
1	189.538
1	174.228
1	216.885
1	249.706
1	217.473
1	182.779
1	248.199
1	188.695
1	158.7
0	53.3374
1	241.88
1	183.522
1	325.006
1	177.203
1	178.346
1	215.439
1	172.4
1	233.348
1	151.084
1	134.108
1	229.792
1	246.406
1	138.299
1	191.917
1	167.74
1	166.06
1	198.943
1	153.096
1	198.295
1	181.084
1	177.755
1	228.781
1	223.625
1	251.585
1	331.965
1	144.683
1	180.321
1	130.053
1	252.961
1	258.743
1	261.745
1	269.237
1	174.584
1	182.935
1	281.573
1	160.616
1	284.597
1	155.622
1	171.098
1	206.779
1	278.33
1	351.87
1	183.59
1	144.466
1	139.409
1	160.158
1	230.201
1	154.743
1	167.435
1	220.204
1	186.541
1	176.764
1	202.805
1	190.285
1	160.389
1	152.273
1	265.783
1	235.761
1	210.57
1	153.507
1	174.56
1	322.579
1	202.97
1	169.683
1	184.325
1	169.219
1	162.942
1	242.457
1	187.987
1	229.798
1	309.082
1	191.169
1	200.728
1	129.479
1	236.588
1	170.25
1	148.469
1	176.205
1	186.293
1	207.3
1	199.732
1	188.647
1	165.443
1	246.464
1	168.523
1	141.236
1	323.579
1	184.984
1	185.524
1	209.996
1	204.599
0	43.3089
1	200.756
1	155.224
1	262.354
1	217.08
1	286.788
1	255.601
1	190.123
1	106.139
1	164.703
1	180.655
1	174.69
1	150.535
1	181.608
1	205.666
1	170.57
1	228.379
1	184.09
1	184.392
1	188.052
1	154.581
1	273.907
1	192.696
1	234.028
1	301.772
1	230.505
1	265.013
1	185.222
1	143.847
1	307.125
1	205.067
1	155.628
1	153.908
1	289.981
1	336.141
1	255.857
1	147.356
1	203.535
1	177.855
1	187.027
1	157.981
1	262.214
1	183.363
1	194.551
1	235.769
1	237.229
1	195.16
1	172.821
1	202.043
1	139.918
1	187.346
1	192.157
1	126.228
1	194.66
1	287.114
1	201.364
1	258.345
1	169.126
1	158.31
1	187.935
1	173.153
1	203.033
1	138.914
1	213.928
1	200.422
1	163.535
1	214.23
1	183.182
1	168.531
1	128.801
1	183.598
1	170.081
1	187.62
1	199.933
1	188.193
1	233.12
1	228.84
1	171.467
1	268.916
1	210.989
1	137.788
1	241.634
1	200.59
1	141.529
1	203.472
1	237.119
1	151.413
1	150.807
0	22.4287
1	200.676
1	204.629
1	115.992
1	192.058
1	198.303
1	231.879
1	383.57
1	334.363
1	163.378
1	195.067
1	286.159
1	168.562
1	181.362
1	180.813
1	179.564
1	318.848
1	188.364
1	207.791
1	143.969
1	190.588
1	180.852
1	292.48
1	216.943
1	208.611
1	248.457
1	252.953
1	161.485
1	128.804
1	265.768
1	181.585
1	191.666
1	204.295
1	165.82
1	199.411
1	175.392
1	256.508
1	339.49
1	257.605
1	201.676
1	238.974
1	191.616
1	136.252
1	184.684
1	196.478
1	194.099
1	190.949
1	147.117
1	245.267
1	315.786
1	210.398
1	164.444
1	296.322
1	193.241
1	239.612
1	182.393
1	168.263
1	210.592
1	228.218
1	183.991
1	143.583
1	251.266
1	267.649
1	204.433
1	162.111
1	196.718
1	184.389
1	253.518
1	154.361
1	236.769
1	144.911
1	201.033
1	191.794
1	159.182
1	244.482
1	208.01
1	171.142
1	201.908
1	183.588
1	199.589
1	183.351
1	277.796
1	259.03
1	153.224
1	125.873
1	161.766
1	224.222
1	165.244
0	12.4479
1	205.361
1	300.344
1	154.667
1	221.76
1	237.977
1	229.482
1	237.717
1	196.221
1	136.715
1	182.835
1	242.445
1	196.521
1	173.634
1	198.251
1	312.155
1	243.53
1	143.105
1	202.943
1	134.215
1	287.83
1	308.74
1	253.679
1	241.027
1	166.53
1	220.368
1	205.713
1	196.222
1	232.024
1	241.189
1	180.624
1	154.957
1	254.89
1	209.794
1	184.502
1	158.89
1	214.605
1	200.139
1	230.927
1	227.801
1	182.552
1	143.786
1	362.325
1	181.192
1	139.829
1	172.215
1	183.229
1	185.153
1	210.88
1	240.81
0	12.1026
1	137.777
1	259.046
1	227.011
1	248.559
1	186.88
1	173.593
0	71.3777
1	181.228
1	189.717
1	214.342
1	156.739
1	197.791
1	165.306
1	220.791
1	207.719
1	167.422
1	187.908
1	178.974
1	202.694
1	141.77
1	209.668
1	152.649
1	257.537
1	143.394
1	161.21
1	272.801
1	124.792
1	401.641
1	239.438
1	161.219
1	163.868
1	140.452
1	313.535
1	172.42
1	156.524
1	200.351
1	203.349
1	174.86
1	188.716
1	116.634
1	224.629
1	156.549
1	196.555
1	180.09
1	195.842
1	231.04
1	160.952
1	148.648
1	145.336
1	165.692
1	182.091
1	280.225
1	193.628
1	299.759
1	149.034
1	200.305
1	183.478
1	189.708
1	185.112
1	192.119
1	216.129
1	159.768
1	168.895
1	171.871
1	169.627
1	142.707
1	174.219
1	197.992
1	195.506
1	167.61
1	143.114
1	301.189
1	177.455
1	185.008
1	258.199
1	198.279
1	246.262
1	220.642
1	215.293
1	175.525
1	161.599
1	258.113
1	191.589
1	229.882
1	213.227
1	154.141
1	221.657
1	145.904
1	342.656
1	199.249
1	142.464
1	248.393
1	213.742
1	171.429
1	236.958
0	10.5793
1	172.144
1	155.165
1	245.406
1	245.929
1	201.978
1	155.544
1	221.502
1	155.585
1	198.814
1	189.463
1	425.943
1	273.482
1	236.641
1	190.916
1	206.169
1	187.935
1	156.567
1	242.187
1	220.962
1	366.881
1	249.957
1	195.018
1	236.967
1	218.715
1	243.715
1	169.758
1	248.075
1	184.268
0	13.3299
1	163.621
1	231.37
1	257.97
1	202.567
1	122.368
1	242.158
1	245.232
1	184.977
1	149.701
1	165.732
1	217.675
1	170.195
1	156.705
1	232.308
1	180.182
1	165.002
1	234.377
1	283.561
1	256.128
1	227.737
1	249.529
1	163.931
1	241.905
1	195.462
1	273.49
1	237.853
1	251.166
1	372.363
1	205.541
1	181.38
1	177.03
1	154.15
1	160.308
1	203.207
1	169.601
1	203.739
1	352.849
1	145.227
1	165.122
1	200.116
1	181.932
1	197.425
1	140.87
1	310.347
1	112.251
1	241.543
1	130.82
1	251.688
1	144.675
1	310.607
1	270.21
1	216.203
1	129.824
1	194.498
1	125.626
1	202.5
0	36.024
1	218.976
1	229.26
1	202.182
1	193.992
1	251.271
1	149.715
1	205.024
1	174.972
1	159.735
1	268.084
1	245.891
1	225.949
1	233.634
1	213.445
1	207.695
1	204.149
1	197.451
1	260.685
1	210.834
1	172.789
1	251.872
1	203.356
1	170.823
1	214.942
1	135.209
1	215.478
1	179.735
1	194.387
1	194.343
1	191.734
1	194.354
1	195.445
1	204.918
1	299.375
1	201.426
1	204.094
1	175.709
1	226.234
1	211.252
1	246.591
1	169.504
1	190.304
1	151.234
1	198.378
1	238.563
1	148.096
1	141.41
1	242.077
1	166.537
1	237.314
1	211.417
1	218.234
1	227.159
1	230.753
1	255.142
1	156.986
1	275.309
1	215.483
1	188.979
1	194.663
1	182.79
1	228.948
1	160.331
1	146.273
1	245.484
1	177.299
1	210.893
1	144.463
1	333.638
1	293.972
1	144.139
1	301.587
1	250.122
1	166.85
1	230.747
1	167.37
1	171.417
1	236.901
1	294.323
1	210.222
1	163.519
1	171.098
1	208.209
1	165.059
1	307.524
1	252.654
1	162.24
1	154.499
1	244.806
1	202.722
1	107.925
1	325.311
1	161.875
1	205.555
1	205.374
1	214.639
1	266.979
1	159.579
1	172.584
1	204.08
1	243.7
1	222.386
1	189.748
1	190.374
1	203.634
1	237.855
1	163.822
1	265.713
1	178.409
1	174.322
1	212.167
1	199.288
1	272.364
1	210.413
1	142.361
1	136.231
0	32.0896
1	183.404
1	229.386
1	143.957
1	189.289
1	183.314
1	273.668
1	149.014
1	187.676
1	141.136
1	159.687
1	363.711
1	222.094
1	210.195
1	218.079
1	170.167
1	236.304
1	182.526
1	219.118
1	185.154
1	171.703
1	197.908
1	292.793
1	154.092
1	305.645
1	212.977
1	203.43
1	121.814
1	197.449
1	138.83
1	269.122
1	215.532
1	194.309
1	248.81
1	124.405
1	218.266
1	172.879
1	381.946
1	264.013
1	135.407
1	238.835
1	233.697
1	146.536
1	145.306
1	265.977
1	243.009
1	179.633
1	200.729
1	233.144
1	322.122
1	177.546
1	139.832
1	183.767
1	179.12
1	260.615
1	236.33
1	284.192
1	270.987
1	144.971
1	235.088
1	231.639
1	177.382
1	174.701
1	200.315
1	218.09
1	194.224
1	199.366
1	161.101
1	133.869
1	203.652
1	240.727
1	163.188
1	167.934
1	238.769
1	184.203
1	182.602
1	199.96
1	179.398
1	167.477
1	267.455
1	190.489
1	166.49
1	221.324
1	259.993
1	236.694
1	280.789
1	196.178
1	182.671
1	165.666
1	154.824
1	193.508
1	201.562
1	214.558
1	140.608
1	154.802
1	200.406
1	254.643
1	154.519
1	200.819
1	125.285
1	256.104
1	204.564
1	181.484
1	172.139
1	251.857
1	203.224
1	290.875
1	246.066
1	147.308
1	252.346
1	184.057
1	197.184
1	181.103
1	129.326
1	199.89
1	170.184
1	216.299
1	171.54
1	162.553
1	467.732
1	170.453
1	201.989
1	222.576
1	162.306
1	139.389
1	166.402
1	231.204
1	240.47
1	244.985
1	114.453
1	225.255
1	275.618
1	223.842
1	132.618
1	213.722
1	231.17
1	302.859
1	146.12
1	194.471
1	181.051
1	158.435
1	189.925
1	231.743
1	239.496
1	214.206
1	151.806
1	195.833
1	301.478
1	178.561
1	189.402
1	216.267
1	258.067
1	185.378
1	228.663
1	206.714
1	204.395
1	223.242
1	224.158
1	191.74
1	191.396
1	244.345
1	179.917
1	188.191
1	220.139
0	218.455
1	171.226
1	234.697
1	273.789
1	144.735
1	182.781
1	209.661
1	251.411
1	221.872
1	174.305
1	173.648
1	216.771
1	226.248
1	276.177
1	216.755
1	149.743
1	190.774
1	183.359
1	160.922
1	236.784
1	136.911
1	126.592
1	259.708
1	183.585
1	121.155
1	201.286
1	206.313
1	188.151
1	246.702
1	209.815
1	176.672
1	226.17
1	162.488
1	212.014
1	275.199
1	204.701
1	172.541
1	106.197
1	154.969
1	201.044
1	204.541
1	199.264
1	311.62
1	226.506
1	196.751
1	237.268
1	139.826
1	118.069
1	173.133
1	165.465
1	215.109
1	245.606
1	185.096
1	211.351
1	256.919
1	139.535
1	261.829
1	205.968
1	147.525
1	176.947
1	149.382
1	156.757
1	184.852
1	184.217
1	132.522
1	235.017
1	284.098
1	214.584
1	156.228
1	193.406
1	307.312
1	146.503
1	200.96
1	264.218
1	225.342
1	179.182
1	145.205
0	85.9692
1	139.83
1	220.773
1	153.47
1	165.511
1	307.883
1	284.137
1	196.601
1	198.514
1	168.548
1	277.144
1	195.543
1	145.723
1	147.413
1	170.65
1	200.324
1	159.902
1	304.812
1	177.535
1	173.914
1	233.802
1	265.733
1	199.885
1	151.723
1	357.141
1	172.239
1	201.119
1	185.012
1	196.068
1	169.517
1	215.752
1	181.278
1	112.823
1	245.367
1	193.381
1	453.572
1	115.448
1	162.275
1	163.286
1	240.801
1	198.717
1	141.236
1	153.431
1	234.627
1	177.977
1	166.913
1	243.339
1	148.526
1	446.98
1	192.535
1	260.437
1	164.185
1	196.015
1	185.162
1	129.363
1	250.524
1	226.601
1	197.795
1	106.098
1	249.655
1	170.018
1	176.298
1	301.632
1	187.918
1	214.061
1	145.598
1	181.505
1	255.064
1	149.154
1	229.732
1	142.549
1	303.755
1	213.673
1	211.918
1	148.224
1	258.231
1	144.768
1	218.341
1	344.553
1	236.287
1	213.905
1	148.508
1	195.574
1	196.872
1	195.824
1	221.182
1	314.329
1	182.974
1	235.419
1	272.793
1	183.666
1	303.36
1	162.435
1	205.29
1	126.175
1	157.747
1	217.528
1	173.049
1	208.286
1	197.001
1	186.404
1	217.201
1	280.556
1	245.651
1	182.1
1	156.611
1	258.352
1	134.057
1	330.02
1	178.213
1	209.5
1	178.94
1	124.474
1	133.614
1	214.065
1	239.553
1	144.256
1	253.984
1	210.449
1	265.779
1	162.349
1	137.165
1	344.091
1	307.253
1	175.674
1	169.593
1	140.953
1	258.082
1	195.835
1	210.952
1	208.033
1	252.105
1	355.453
1	205.957
1	141.155
1	149.633
1	131.945
1	280.427
1	162.802
1	162.027
1	272.098
1	211.016
1	189.105
1	255.397
1	269.284
1	188.675
1	192.604
1	294.02
1	230.896
1	137.489
1	243.864
1	218.948
1	238.778
1	220.989
1	267.992
1	182.081
1	218.605
1	294.314
1	214.202
1	154.252
1	330.617
1	237.163
1	247.278
1	165.489
1	139.854
1	156.716
1	139.635
1	207.691
1	203.112
1	218.346
1	212.439
1	236.365
1	191.805
1	230.406
1	175.34
1	194.983
1	210.748
1	182.225
1	220.688
1	207.929
1	154.694
1	163.177
1	196.629
1	280.288
1	212.621
1	250.549
1	240.842
1	161.237
1	176.324
1	140.129
1	217.189
1	163.815
1	140.939
1	296.493
1	164.724
1	201.905
1	179.185
1	174.306
1	247.482
1	159.243
1	213.991
1	234.862
1	200.729
1	245.74
1	158.438
1	213.723
1	230.047
1	218.845
1	169.214
1	168.679
1	174.218
1	266.789
1	196.2
1	185.845
1	147.833
1	290.475
1	186.024
1	218.59
1	319.189
1	214.808
1	147.207
1	212.368
1	240.011
1	296.614
1	175.521
1	162.93
1	165.866
1	269.567
1	195.532
1	171.738
1	225.767
1	188.76
1	209.417
0	44.3625
1	346.282
1	175.018
1	170.972
1	220.448
0	71.8007
1	146.042
1	172.877
1	169.231
1	181.195
1	157.924
1	175.996
1	153.392
1	231.007
1	196.268
1	179.31
1	242.289
1	157.871
1	160.336
1	188.504
1	207.779
1	188.15
1	163.538
1	143.577
1	220.486
1	223.723
1	182.625
1	114.831
1	317.719
1	179.439
1	178.133
1	187.276
1	254.954
1	177.482
1	125.977
1	114.656
1	248.463
1	148.352
1	208.629
1	229.372
1	242.192
1	163.074
1	154.418
1	144.816
1	207.04
1	309.838
1	123.483
1	266.226
1	163.796
1	194.822
1	192.438
1	208.121
1	199.041
1	209.507
1	192.828
1	221.298
1	193.814
1	177.788
1	149.312
1	199.335
1	325.576
1	229.214
1	198.021
1	212.057
1	230.611
1	209.559
1	208.148
1	204.363
1	143.09
0	29.3106
1	186.153
1	320.917
1	191.625
1	209.419
1	381.96
1	181.436
1	370.011
1	159.92
1	302.052
1	266.526
1	133.272
1	191.636
1	222.449
1	304.998
1	180.101
1	207.369
1	218.58
1	216.603
1	300.236
1	196.302
1	127.414
1	196.523
1	236.872
1	197.333
1	281.356
1	204.345
1	180.075
1	165.154
1	242.349
1	247.27
1	160.629
1	133.436
1	134.824
1	155.617
1	278.207
1	145.833
1	142.771
1	210.567
1	201.555
1	142.143
1	205.812
1	216.976
0	85.8599
1	186.76
1	211.833
1	245.453
1	252.384
1	184.323
1	200.403
1	251.993
1	191.967
1	286.848
1	190.444
1	202.628
1	234.536
1	133.376
1	164.715
1	201.413
1	160.35
1	213.718
1	282.077
1	179.859
1	151.897
1	181.322
1	164.395
1	150.68
1	224.513
1	246.421
1	182.888
1	175.65
1	197.471
1	223.452
1	171.419
1	214.366
1	149.678
1	225.369
1	328.568
1	155.142
1	245.907
1	204.301
1	235.247
1	327.286
1	162.557
1	239.566
1	209.418
1	222.556
1	178.315
1	258.011
1	187.961
1	261.727
1	208.87
1	263.642
1	178.628
1	232.542
1	183.963
1	178.415
1	248.812
1	167.035
1	195.719
1	173.757
1	181.711
1	139.062
1	267.663
1	209.172
1	175.367
1	149.746
1	150.151
1	221.829
1	249.413
1	191.72
1	203.884
1	204.808
1	267.54
1	205.786
1	166.495
0	6.04711
1	190.149
1	199.95
1	245.151
1	182.913
1	288.403
1	236.029
1	121.613
1	142.405
1	201.365
1	237.849
1	120.882
1	252.494
1	209.691
1	177.322
1	178.747
1	172.296
1	211.205
1	286.87
1	153.309
1	160.188
1	203.368
1	150.946
1	219.246
1	228.064
1	248.976
1	145.087
1	165.583
1	225.241
1	148.954
1	155.072
1	148.937
1	134.134
1	190.062
1	210.878
1	156.256
1	140.392
1	203.76
1	187.377
1	210.59
1	196.582
1	216.028
1	153.388
1	199.193
1	144.596
1	189.115
1	160.604
1	188.563
1	175.489
1	202.723
1	226.783
1	188.247
1	159.74
1	276.402
1	179.039
1	135.265
1	181.367
1	150.157
1	210.91
1	170.643
1	156.414
1	121.543
1	271.963
1	236.207
1	200.558
1	160.872
1	233.977
1	128.706
1	170.638
1	185.529
1	183.48
1	175.148
1	218.656
1	179.953
1	219.904
1	204.898
1	160.269
1	153.682
1	152.003
1	167.839
1	213.691
1	190.104
1	189.917
1	284.437
1	212.904
1	216.066
1	192.881
1	186.094
1	144.022
1	311.135
1	216.367
1	244.496
1	208.973
1	192.827
1	227.795
1	157.353
1	164.221
1	240.426
1	243.811
1	232.636
1	298.151
1	174.299
1	247.859
1	235.132
1	160.231
1	215.184
1	267.653
1	149.656
1	168.32
1	226.818
1	155.209
1	166.808
1	159.04
1	329.773
1	254.464
1	192.452
1	162.049
1	185.435
1	217.615
1	186.305
1	179.331
1	195.881
1	183.829
1	162.932
1	202.088
1	196.199
1	152.163
1	154.79
1	173.33
1	145.509
1	174.42
1	256.323
1	158.329
1	287.377
1	277.421
1	257.761
1	154.804
1	258.985
1	300.738
1	209.318
1	155.599
1	197.18
1	244.749
1	156.95
1	155.495
1	254.235
1	250.658
1	190.329
1	219.771
1	207.795
1	202.18
1	319.353
1	214.426
1	170.265
1	185.737
1	221.388
1	225.437
1	235.525
1	238.443
1	243.856
0	253.102
1	304.08
1	213.041
1	156.213
1	167.844
1	176.119
1	186.342
1	186.598
1	233.532
1	157.711
1	156.784
1	144.478
1	187.583
1	183.258
1	221.629
1	185.016
1	299.891
1	176.89
1	221.135
1	244.421
1	144.432
1	238.484
1	186.63
1	175.516
1	229.744
1	195.501
1	226.757
0	4.36945
1	283.836
1	205.992
1	214.144
1	180.48
1	426.366
1	130.898
1	397.871
1	281.333
1	229.808
1	219.9
1	268.96
1	191.996
1	183.661
1	238.085
1	228.93
1	215.394
1	187.887
1	253.907
1	167.691
1	212.599
1	217.771
1	202.968
1	116.321
1	231.345
1	205.901
1	195.969
1	171.264
1	239.023
1	224.305
1	192.016
1	206.805
1	177.878
1	168.881
1	279.458
1	193.716
1	200.719
1	128.835
1	176.739
1	136.81
1	240.97
1	179.643
1	189.149
1	187.04
1	184.26
1	222.988
1	189.465
1	195.895
1	229.241
1	154.694
1	213.424
1	244.367
1	172.234
1	166.651
1	216.836
1	298.365
1	282.124
1	200.712
1	177.641
1	141.811
1	179.671
1	258.539
1	192.202
1	147.548
1	158.436
1	192.142
1	204.243
1	248.249
1	178.37
1	216.029
0	92.012
1	93.5384
1	227.544
1	186.797
1	181.992
1	176.649
1	161.195
1	225.149
1	208.811
1	197.751
1	164.957
1	141.248
1	273.473
1	191.07
1	146.394
1	209.268
1	218.93
1	199.132
1	150.977
1	193.406
1	133.675
1	129.988
1	271.546
1	170.921
1	152.471
1	233.509
1	315.8
1	154.519
1	291.298
1	143.286
1	206.188
1	212.026
1	188.077
1	330.63
1	176.652
1	188.182
1	170.673
1	243.596
1	129.302
1	164.067
1	157.382
1	166.688
1	226.238
1	121.264
1	199.869
1	143.106
1	171.077
1	270.797
1	175.23
1	200.612
1	162.239
1	258.421
1	168.926
1	167.307
1	205.073
1	195.278
1	202.404
1	188.202
1	204.593
1	206.624
1	170.161
1	194.217
1	199.486
1	151.655
1	288.01
1	166.884
1	244.079
1	178.647
1	239.724
1	205.575
1	182.026
1	216.302
1	143.782
1	207.668
1	214.508
1	230.908
1	201.702
1	222.567
1	213.08
1	223.636
1	150.768
1	189.663
1	228.905
1	229.291
1	202.53
1	162.56
1	186.004
1	213.587
1	249.824
1	141.705
1	348.81
1	228.937
1	164.727
1	208.932
1	226.9
1	280.592
1	208.602
1	182.971
1	184.159
1	153.866
1	254.272
1	180.251
1	167.317
1	262.16
1	212.709
1	202.522
1	126.492
1	137.455
1	198.772
1	142.231
1	191.777
1	175.413
1	193.464
1	157.98
1	164.271
1	201.061
1	200.425
1	157.513
1	189.451
1	258.636
1	186.373
1	161.695
1	139.553
1	274.711
1	318.998
1	223.917
1	257.918
1	299.858
1	207.063
1	350.216
1	136.92
1	209.908
1	249.458
1	173.882
1	169.875
1	167.114
1	175.974
1	157.803
1	192.469
1	207.911
1	149.109
1	247.76
1	159.995
1	193.23
1	178.437
1	135.946
1	179
1	224.266
1	192.948
1	177.881
1	367.645
1	215.054
1	273.419
1	260.097
1	193.488
1	162.497
1	247.223
1	177.771
1	116.706
1	182.591
1	254.369
1	259.485
1	216.552
1	216.978
1	180.097
0	29.312
1	294.979
1	195.276
1	219.767
1	134.271
1	164.932
1	240.751
1	138.074
1	277.379
1	143.749
1	215.778
1	171.72
1	150.371
1	157.454
1	150.851
1	220.47
1	210.059
1	275.018
1	220.082
1	172.369
1	160.293
1	200.929
1	282.401
1	123.477
1	257.374
1	134.011
1	174.924
1	205.597
1	168.397
1	153.194
1	144.414
1	204.742
1	205.032
1	151.239
1	172.385
1	221.136
1	285.786
1	257.361
1	207.731
1	170.479
1	283.739
1	207.855
1	224.024
1	144.377
1	222.979
1	210.751
1	172.3
1	244.359
1	180.431
1	193.88
1	203.422
1	190.868
1	198.647
1	188.049
1	205.455
1	243.988
1	201.422
1	247.446
1	172.043
1	163.98
1	174.525
1	238.603
1	227.233
1	170.661
1	166.35
1	270.315
1	188.34
1	270.989
1	207.057
1	120.309
1	188.605
1	215.055
1	296.914
1	160.522
1	253.359
1	229.635
1	186.825
1	227.515
1	203.207
1	172.554
1	221.697
1	213.569
1	310.634
1	186.579
1	128.902
1	223.882
1	292.258
1	168.877
1	194.279
1	214.184
1	182.171
1	169.959
1	234.87
1	172.281
1	168.057
1	214.858
1	209.412
1	136.317
1	166.365
1	195.322
1	216.251
1	254.158
1	210.439
1	162.804
1	131.143
1	145.727
1	200.523
1	179.235
1	115.975
1	163.632
1	151
1	339.732
1	173.125
1	259.362
1	236.754
1	236.071
1	170.401
1	195.999
1	147.021
1	146.64
1	139.276
1	223.589
1	139.83
1	187.1
1	265.517
1	175.249
1	151.953
1	168.71
1	310.006
1	167.459
1	168.531
1	202.412
1	405.834
1	214.095
1	235.955
1	159.185
1	234.058
1	218.635
1	235.606
1	238.849
1	216.568
1	147.623
1	155.81
1	176.141
1	286.283
1	288.878
1	124.85
1	188.97
1	222.938
1	207.941
1	293.286
1	202.141
1	181.832
1	229.874
1	160.092
1	184.341
1	193.553
1	176.472
1	182.753
1	235.643
1	201.938
1	211.233
1	155.474
0	5.14096
1	161.532
1	238.407
1	156.609
1	224.54
1	142.265
1	200.862
1	208.098
1	190.645
1	162.691
1	238.155
1	213.875
1	122.423
1	137.315
1	258.347
1	204.597
1	163.8
1	242.389
1	155.834
1	177.245
1	212.573
1	167.989
1	215.864
1	134.144
1	264.062
1	160.555
1	257.492
1	242.725
1	259.972
1	174.63
1	156.312
1	133.519
1	167.593
1	203.027
1	130.862
1	257.336
1	133.855
1	138.89
1	200.314
1	164.043
1	218.213
1	229.102
1	155.716
1	203.396
1	171.784
1	202.749
1	174.559
1	159.225
1	235.747
1	234.933
1	298.229
1	171.56
1	161.772
1	164.708
1	220.24
1	177.52
1	226.8
1	231.87
1	185.238
1	260.793
1	175.89
0	62.6795
1	159.013
1	181.147
1	199.664
1	253.283
1	208.197
1	141.56
1	182.368
1	238.163
1	258.921
1	174.713
1	210.704
1	163.171
1	140.347
1	159.212
1	237.805
1	191.041
1	274.114
1	308.426
1	125.534
1	195.503
1	193.016
1	245.027
1	260.955
1	149.998
1	179.928
1	259.13
1	169.607
1	313.864
1	303.474
1	160.208
1	318.513
1	169.91
1	165.09
1	207.946
1	194.901
1	179.454
1	264.014
1	261.153
1	243.61
1	263.305
1	189.396
1	217.474
1	181.916
1	172.058
1	235.592
1	179.079
1	244.268
1	198.062
1	248.727
1	279.429
1	195.519
1	176.117
1	188.074
1	202.746
1	183.803
1	124.465
1	257.477
0	9.72055
1	207.171
1	147.193
1	143.607
1	170.21
1	341.46
1	137.083
1	202.099
1	335.052
1	215.543
1	237.646
1	220.459
1	203.981
1	209.097
1	213.708
1	191.53
1	135.955
1	312.52
1	188.986
1	175.779
1	223.607
1	128.156
1	183.619
1	242.361
1	190.386
1	169.567
1	194.242
1	188.819
1	166.282
1	290.29
1	128.959
1	297.278
1	192.506
1	214.603
1	304.195
1	164.012
1	279.726
1	185.403
1	136.033
1	238.031
1	180.999
1	195.943
1	186.464
1	201.439
1	184.12
1	239.507
1	295.212
1	236.005
1	204.165
1	265.586
1	264.758
1	158.682
1	152.671
1	164.178
1	289.796
1	149.254
1	262.338
1	217.506
1	244.458
1	161.199
1	198.293
1	174.218
1	233.511
1	236.581
1	151.875
1	192.88
1	143.118
1	218.446
1	217.66
1	140.166
1	189.366
1	206.808
1	186.761
1	227.499
1	205.47
0	2.69851
1	181.208
1	169.831
1	137.992
1	260.601
1	171.832
1	215.448
1	353.376
1	185.612
1	218.63
1	266.694
1	178.361
1	133.986
1	149.909
1	191.26
1	208.075
1	196.93
1	208.923
1	171.443
1	174.63
1	142.258
1	156.704
1	173.912
1	173.231
1	193.583
1	151.146
1	150.152
1	184.03
1	259.117
1	131.638
1	204.055
1	178.435
1	256.209
1	244.535
1	159.653
1	410.644
1	284.531
1	150.089
1	202.18
1	149.175
1	150.07
1	235.083
1	210.203
1	266.444
1	407.097
1	143.362
1	175.741
1	282.325
1	174.033
1	172.008
1	191.83
1	219.752
1	172.358
1	201.683
1	184.674
1	124.059
1	238.455
1	126.165
1	214.129
1	149.237
1	182.808
1	161.204
1	198.958
1	223.302
1	195.842
1	165.295
1	211.029
1	184.019
1	303.964
1	182.695
1	224.184
1	200.408
1	217.779
1	195.964
1	145.211
1	160.429
1	179.807
1	209.283
1	307.829
1	199.797
1	248.566
1	238.255
1	278.769
1	153.957
1	229.982
1	131.968
1	142.712
1	387.466
1	201.886
1	197.766
1	271.89
1	185.14
1	173.064
1	216.657
1	192.164
1	170.042
1	175.028
1	234.848
1	235.998
1	141.58
1	185.191
1	246.767
1	231.324
1	253.084
1	236.762
1	220.22
1	268.134
1	303.151
1	196.963
1	264.238
1	230.646
1	186.044
0	63.8109
1	257.521
1	197.281
1	330.242
1	193.206
1	152.829
1	160.562
1	181.081
1	163.124
1	150.262
1	175.243
1	170.494
1	134.385
1	372.369
1	229.846
1	157.104
1	178.382
1	232.732
1	287.32
1	167.537
1	297.407
1	220.25
1	156.346
1	254.252
1	318.035
1	312.615
1	209.633
1	179.762
1	237.647
1	185.56
1	182.784
1	148.899
1	238.037
1	152.19
1	176.712
1	228.98
1	179.295
1	169.453
1	181.111
1	290.406
0	12.3659
1	230.012
1	121.957
1	194.347
1	175.697
1	142.801
1	158.077
1	142.865
1	174.147
1	155.736
1	189.088
1	191.77
1	166.61
1	164.256
1	241.699
1	169.26
1	220.721
1	183.358
1	230.672
1	175.599
1	157.23
1	230.525
1	163.927
1	319.61
1	166.663
1	225.635
1	239.73
1	247.744
1	165.815
1	191.146
1	206.105
1	250.126
1	203.847
1	248.112
1	163.685
1	148.597
1	190.577
1	175.267
1	295.097
1	173.61
1	154.998
1	180.199
1	207.439
1	158.124
1	177.487
1	209.922
1	195.707
1	304.184
1	256.307
1	110.801
1	110.954
1	191.136
1	260.433
1	189.255
1	238.382
1	195.109
1	130.239
1	178.499
1	225.256
1	147.276
1	183.416
1	209.663
1	213.207
1	221.555
1	175.259
1	222.705
1	156.99
1	169.708
1	223.695
1	177.33
1	134.918
1	211.09
1	181.572
1	204.02
1	207.652
1	230.312
1	288.756
1	157.816
1	183.781
1	168.499
1	146.971
1	321.487
1	290.797
1	195.381
1	186.775
1	193.602
1	202.015
1	199.666
1	276.112
1	197.763
1	114.558
1	157.919
1	162.33
1	376.579
1	234.86
1	196.027
1	163.108
1	240.47
1	210.969
1	173.148
1	295.452
1	180.315
1	190.345
1	163.396
1	203.089
1	168.376
1	182.958
1	224.42
1	175.872
1	230.659
1	224.256
1	212.794
1	229.135
1	174.737
1	198.595
1	209.269
1	126.405
1	234.887
1	164.454
1	221.653
1	165.252
1	195.825
1	130.611
1	248.359
1	292.101
1	274.163
1	196.315
1	221.286
1	122.363
1	182.117
1	218.088
1	224.58
1	186.803
1	143.399
1	222.908
1	223.203
1	199.12
0	16.735
1	168.077
1	210.342
1	201.709
1	267.423
1	193.677
1	177.617
1	161.878
1	184.984
1	182.882
1	174.623
1	191.009
1	197.562
1	201.562
1	199.936
1	123.244
1	163.359
1	181.562
1	233.364
1	200.645
1	169.685
1	152.163
1	156.265
1	367.261
1	233.777
1	189.148
1	274.543
1	201.613
1	272.947
1	192.767
1	204.196
1	238.617
1	133.155
1	288.07
0	63.9524
1	258.155
1	223.784
1	210.558
1	245.641
1	319.308
1	168.906
1	177.827
1	178.734
1	183.791
1	131.283
1	158
