10000	100	9900	0.00347222
0.025641	2.53846	28546.2	2.88345
1	158.842
1	180.326
1	151.054
1	165.319
1	183.077
1	218.281
1	148.495
1	187.859
1	152.237
1	183.49
1	188.832
1	243.017
1	286.735
1	206.132
1	207.801
1	207.797
1	177.882
1	185.109
1	315.029
1	155.741
1	165.886
1	157.41
1	188.625
1	209.779
1	236.701
1	250.259
1	192.397
1	192.243
1	229.18
1	285.782
1	133.215
1	264.298
1	157.558
1	285.199
1	165.896
1	194.419
1	236.752
1	191.375
1	163.016
1	321.336
1	149.85
1	187.666
1	213.935
1	195.172
1	250.757
1	226.31
1	205.743
1	196.509
1	290.225
1	146.772
1	178.882
1	128.221
1	326.303
1	200.064
1	147.931
1	147.692
1	255.187
1	309.788
1	211.44
1	222.362
1	133.566
1	243.515
1	205.128
1	191.367
1	155.166
1	162.635
1	195.316
1	274.582
1	182.995
1	213.413
1	196.898
1	177.504
1	153.041
1	169.496
1	224.35
1	221.51
1	142.346
1	229.999
1	198.349
1	186.829
1	183.653
1	188.839
1	186.208
1	213.956
1	178.928
1	423.053
1	196.6
1	210.419
1	169.381
1	246.646
1	260.918
1	155.276
1	257.705
1	213.639
1	279.025
1	163.193
1	246.038
1	213.363
1	118.716
1	206.736
1	201.231
1	187.467
1	223.899
1	184.766
1	327.688
1	189.829
1	185.119
1	189.327
1	222.146
1	182.664
1	183.866
1	139.8
1	174.43
1	201.334
1	157.53
1	125.279
1	211.162
1	262.2
1	161.98
1	142.33
1	205.69
1	184.3
1	193.309
1	223.647
1	213.316
1	146.382
1	106.347
1	258.516
1	176.127
1	217.515
1	194.064
1	271.837
1	210.373
1	155.475
1	201.765
1	150.124
1	216.399
1	186.516
1	219.561
1	176.489
1	195.084
1	205.712
1	148.967
1	298.832
1	200.39
1	172.29
1	188.094
0	38.425
1	151.127
1	219.595
1	170.468
1	201.885
1	245.814
1	220.475
1	221.793
1	184.444
1	195.081
1	217.291
1	136.578
1	184.866
1	134.559
1	145.203
1	232.697
1	283.11
1	118.184
1	190.688
1	229.664
1	171.264
1	216.259
1	146.383
1	160.183
1	210.315
1	195.942
1	165.154
1	176.148
1	166.097
1	225.254
1	196.33
1	238.669
1	208.808
1	175.678
1	243.041
1	140.633
1	202.376
0	1.38323
1	148.484
1	265.879
1	163.719
1	235.506
1	182.328
1	147.47
1	206.946
1	131.853
1	186.353
1	325.038
1	181.384
1	174.539
1	215.23
1	190.207
1	266.618
1	193.858
1	223.898
1	239.48
1	243.499
1	181.08
1	202.031
1	208.989
1	213.783
1	177.322
1	185.695
1	174.551
1	191.091
1	218.897
0	22.942
1	235.552
1	226.638
1	150.709
1	192.694
1	171.176
1	172.656
1	254.341
1	210.206
1	194.05
1	196.434
1	222.34
1	135.561
1	177.891
1	174.906
1	261.742
1	264.8
1	171.344
1	156.627
1	247.016
1	198.227
1	168.565
1	186.483
1	167.492
1	140.976
1	210.46
1	147.572
1	184.46
1	175.684
1	211.897
1	229.783
1	191.901
1	224.781
1	235.675
1	180.024
1	250.893
1	265.559
1	225.661
1	161.154
1	335.425
1	271.155
1	130.792
1	145.774
1	220.965
1	275.674
1	156.45
1	279.371
1	178.75
1	172.225
1	176.555
1	152.07
1	264.269
1	146.5
1	297.199
1	162.732
1	226.568
1	211.028
1	201.221
1	308.579
1	196.245
1	143.074
1	216.422
1	156.272
1	200.898
1	159.513
1	151.393
1	226.673
1	201.807
1	185.488
1	211.305
1	122.95
1	293.132
1	210.228
1	155.026
1	141.319
1	231.702
1	139.362
1	183.34
1	175.324
1	191.57
1	211.167
1	235.671
1	155.584
1	200.616
1	144.312
1	221.351
1	164.115
1	225.184
1	313.706
1	188.645
1	191.443
1	143.214
1	150.816
1	207.261
1	336.037
1	218.931
1	196.918
1	209.567
1	163.321
1	211.769
1	345.753
1	199.953
1	274.758
1	168.415
1	232.591
1	399.164
1	198.142
1	171.902
1	310.25
1	170.42
1	256.579
1	237.173
1	160.799
1	160.676
1	187.594
1	164.484
1	165.537
1	222.642
1	233.412
1	254.25
1	211.69
1	155.529
1	205.613
1	229.333
1	259.765
1	152.778
1	208.501
1	308.358
1	169.21
1	329.718
1	234.536
1	190.185
1	202.431
1	144.884
1	161.315
1	213.495
0	22.3802
1	220.717
1	296.874
1	166.321
1	157.897
1	182.949
1	195.571
1	178.559
1	164.719
1	137.597
1	195.833
1	192.753
1	166.768
1	163.007
1	361.129
1	178.744
1	239.246
1	138.321
1	230.364
1	348.245
1	163.282
1	203.947
1	270.526
1	188.363
1	177.945
1	244.066
1	163.897
1	164.922
1	187.357
1	178.888
1	215.454
1	179.287
1	189.345
1	132.995
1	251.945
1	131.53
1	294.531
1	213.22
1	250.199
1	190.85
1	186.834
1	241.736
1	257.168
1	164.813
1	280.447
1	292.646
1	211.389
1	230.027
1	205.831
1	161.834
1	273.111
1	222.538
1	218.578
1	162.245
1	231.658
1	230.006
1	183.002
1	215.025
1	192.599
1	213.248
1	188.786
1	330.097
1	152.018
1	210.129
1	369.922
1	265.349
1	275.672
1	201.614
1	191.088
1	192.842
1	164.304
1	217.459
1	166.673
1	198.686
1	188.509
1	224.616
1	192.046
1	245.573
1	165.691
1	127.843
1	259.434
1	201.359
1	235.668
1	216.918
1	284.269
1	232.187
1	213.501
1	221.272
1	243.872
1	149.92
1	217.947
1	170.828
1	160.069
1	265.508
1	159.336
1	192.791
1	207.21
1	190.678
1	207.528
1	181.507
1	262.297
1	181.017
1	142.121
1	206.869
1	164.255
1	180.486
1	198.49
1	222.704
1	132.93
1	229.429
1	135.603
1	149.348
1	329.813
1	205.506
1	239.31
1	315.21
1	185.559
1	168.446
1	242.545
1	200.662
1	128.206
1	182.37
1	208.814
1	125.738
1	207.255
1	211.1
1	131.221
1	191.852
1	181.667
1	255.997
1	165.074
1	131.42
1	158
1	179.873
1	169.908
1	358.668
1	216.296
1	216.297
1	170.194
1	135.02
1	279.217
1	190.377
1	202.527
1	179.436
1	265.232
1	184.545
1	176.251
1	208.81
1	194.431
1	126.93
1	196.033
1	176.584
1	174.413
1	228.499
1	243.241
1	163.4
1	169.633
1	134.947
1	228.706
1	170.083
1	162.462
1	271.466
1	203.268
1	267.632
0	79.0674
1	196.436
1	247.526
1	176.365
1	344.737
1	214.69
1	244.939
1	148.072
1	190.972
1	246.687
1	152.179
1	214.828
1	143.961
1	188.115
1	207.939
1	157.503
1	231.619
1	190.44
1	253.235
1	250.708
1	246.923
1	143.886
1	207.576
1	161.781
1	152.124
1	153.31
1	230.65
1	318.396
1	158.199
1	200.948
1	230.08
1	165.02
1	161.433
1	203.137
1	230.84
1	161.194
0	40.2683
1	186.783
1	207.238
1	256.627
1	151.399
1	249.013
1	204.675
1	202.258
1	180.461
1	226.272
1	226.51
1	210.165
1	186.788
1	171.25
1	258.566
1	191.613
1	189.49
1	156.394
1	175.366
1	240.905
1	185.307
1	186.942
1	210.035
1	183.514
1	208.62
1	207.379
1	230.892
1	248.704
1	178.568
1	182.033
1	205.915
1	233.247
1	207.521
1	249.926
1	226.113
1	279.585
1	179.662
1	278.336
1	192.55
1	209.054
1	281.421
1	164.958
1	144.932
1	171.063
1	166.398
1	212.58
1	201.689
1	166.892
1	176.259
1	198.478
1	294.642
1	158.549
1	204.74
1	214.32
1	254.183
1	179.141
1	210.487
1	215.199
1	211.768
1	172.378
1	184.328
1	294.452
1	306.479
1	212.873
1	188.866
1	303.968
1	188.736
1	217.246
1	161.021
1	175.554
1	193.975
1	197.955
1	183.581
1	146.448
1	142.481
1	188.402
1	165.886
1	159.706
1	167.664
1	279.926
1	219.162
1	221.178
1	288.144
1	235.17
1	254.922
1	212.786
1	137.944
1	278.766
1	149.367
1	153.134
1	301.563
1	192.325
1	137.938
1	252.287
1	234.448
1	209.512
1	185.588
1	165.481
1	281.873
1	187.614
1	211.291
1	186.725
1	197.26
1	298.385
1	316.751
1	195.668
1	176.852
1	154.313
1	183.166
1	151.198
1	166.374
1	151.078
1	244.259
1	181.944
1	140.416
1	199.481
1	215.496
1	267.167
1	209.589
1	186.557
1	210.809
1	165.822
1	174.351
1	178.503
1	162.064
1	184.72
1	291.418
1	246.663
1	125.815
1	190.771
1	215.099
1	177.581
1	241.525
1	228.78
1	120.174
1	208.568
1	237.079
1	200.738
1	227.271
1	210.286
1	156.529
1	199.171
1	292.835
1	251.884
1	320.581
1	210.184
1	158.246
1	444.724
1	199.881
1	202.437
1	146.382
1	228.669
1	262.358
1	127.831
1	154.171
1	189.719
1	181.098
1	203.449
1	330.765
1	194.948
1	221.325
1	186.823
1	126.407
1	183.155
1	203.481
1	210.954
1	144.19
1	207.09
1	150.621
1	196.212
1	209.016
1	233.682
1	135.177
1	238.628
1	220.971
1	228.703
1	219.951
1	172.966
1	338.86
1	189.056
1	225.454
1	185.434
1	194.51
1	176.113
1	223.336
1	247.896
1	242.468
1	188.296
1	194.428
1	275.345
1	202.169
1	190.23
1	223.07
1	128.902
1	158.802
1	205.123
1	230.681
1	182.02
1	237.251
1	114.496
1	144.675
1	155.721
1	190.316
1	148.609
1	280.072
1	252.925
1	188.162
1	256.494
1	260.825
1	184.421
1	216.231
1	178.225
1	128.019
1	268.916
1	155.41
1	254.012
1	278.3
1	166.667
1	167.393
1	249.093
1	144.291
1	282.467
1	267.351
1	200.915
1	191.573
1	300.312
1	158.224
1	413.263
1	272.669
1	238.932
1	202.978
1	183.786
1	249.469
1	247.899
1	377.516
1	215.556
1	173.082
1	276.839
1	220.8
1	352.18
1	225.159
1	198.099
1	127.439
1	227.028
1	154.908
1	171.388
1	204.496
1	193.707
1	245.364
1	192.617
1	208.131
1	215.909
1	190.511
1	153.515
1	219.694
1	242.685
1	197.814
1	197.187
1	230.077
1	348.817
1	170.291
1	258.562
1	192.049
1	218.843
1	151.029
1	198.21
1	290.79
1	145.847
1	203.458
1	233.345
1	231.02
1	209.441
1	136.671
1	160.878
1	222.315
1	197.127
1	191.747
1	208.953
1	209.3
1	148.011
1	231.33
1	158.261
1	212.775
1	211.634
1	210.551
1	265.913
1	153.884
1	223.836
1	190.386
1	189.137
1	223.889
1	176.535
1	308.284
1	146.063
1	196.988
1	163.549
1	193.715
1	214.634
1	176.333
1	205.276
1	224.057
1	187.072
1	163.058
1	312.607
1	277.404
1	185.834
1	159.481
1	225.319
1	142.106
1	278.727
1	161.783
1	234.397
1	215.245
1	254.32
1	167.951
1	255.872
1	244.878
1	188.166
1	185.419
1	218.31
1	276.754
1	195.257
1	133.49
1	166.778
1	202.669
1	114.043
1	148.05
0	5.1979
1	139.886
1	167.988
1	333.108
1	140.123
1	204.457
1	229.401
1	148.946
1	113.151
1	242.638
1	205.889
1	125.257
1	246.848
1	192.219
1	160.15
1	162.939
1	241.586
1	193.102
1	150.535
1	191.548
1	168.268
1	230.487
1	127.258
1	158.82
1	249.176
1	279.605
1	238.259
1	195.469
1	161.849
1	168.77
1	244.878
1	172.026
1	128.311
1	181.257
1	275.725
1	243.829
1	285.64
1	156.706
1	241.273
1	205.695
1	156.511
0	11.7411
1	149.04
1	238.865
1	152.226
1	143.655
1	267.579
1	121.003
1	260.554
1	247.004
1	249.7
1	292.043
1	109.613
1	272.896
1	197.599
1	228.034
1	175.019
1	218.73
1	151.244
1	145.381
1	136.609
1	182.127
1	293.06
1	217.019
1	214.834
1	124.637
1	216
1	185.585
1	177.057
1	215.912
1	194.815
1	208.95
1	206.564
1	202.278
1	139.379
1	185.501
1	293.855
1	185.229
1	236.394
1	228.716
1	178.102
1	210.182
1	197.156
1	205.118
1	182.977
1	192.856
1	196.236
1	232.889
1	195.924
1	192.267
1	173.656
1	236.55
1	111.49
1	227.344
1	143.665
1	154.665
1	177.576
1	246.049
1	193.002
1	189.275
1	218.523
1	143.767
1	165.151
1	262.347
1	173.625
1	230.711
1	245.807
1	111.901
1	129.309
1	188.646
1	251.547
1	220.404
1	278.642
1	194.262
1	148.637
1	196.034
1	207.65
1	180.623
1	225.327
1	185.89
1	199.24
1	247.698
1	167.854
1	165.831
1	159.727
1	154.061
1	195.713
1	186.77
1	126.499
1	187.954
1	182.907
1	230.062
1	237.58
1	219.884
1	217.302
1	162.262
1	150.719
1	346.507
1	207.548
1	225.406
1	221.196
1	186.482
1	208.077
1	300.676
1	188.833
1	147.61
1	196.132
1	167.639
1	214.9
1	167.202
1	230.91
1	161.83
1	255.093
1	252.646
0	76.2341
1	240.041
1	191.239
1	159.017
1	176.866
1	235.112
1	142.746
1	249.639
1	177.028
1	201.004
1	146.296
1	218.786
1	192.418
1	219.157
1	194.642
1	187.781
1	172.084
1	177.802
1	216.087
1	200.991
1	278.309
1	276.711
1	175.602
1	203.879
1	149.307
1	222.143
1	188.302
1	334.994
1	185.897
1	167.547
1	171.967
1	163.561
1	258.198
1	206.468
1	179.71
1	190.553
1	227.46
1	312.458
1	284.148
1	164.693
1	160.95
1	128.916
1	240.014
1	171.977
1	140.409
1	166.691
1	163.21
0	21.8242
1	208.217
1	173.054
1	186.048
1	168.283
1	173.888
1	148.47
1	146.468
1	168.135
1	164.026
1	302.704
1	242.025
1	203.539
1	295.951
1	271.619
1	206.367
1	148.23
1	212.344
1	242.543
1	259.946
1	126.166
1	180.919
1	202.272
1	215.519
1	163.875
1	262.637
1	194.907
1	229.736
1	106.625
1	198.793
1	162.998
1	193.26
1	199.299
1	167.673
1	261.352
1	153.686
1	230.798
1	204.146
1	178.045
1	191.65
1	209.102
1	168.228
1	202.922
1	211.568
1	162.96
1	391.927
1	176.325
1	168.2
1	313.453
1	283.89
1	152.107
1	240.762
1	281.412
1	167.606
1	233.044
1	168.11
1	112.033
1	306.417
1	298.69
1	158.833
1	179.472
1	191.34
1	227.468
1	252.363
1	154.283
1	207.595
1	209.418
1	176.274
1	341.869
1	168.053
1	193.772
1	216.608
1	241.567
1	206.279
1	140.008
1	143.175
1	258.819
1	155.323
1	165.385
1	194.982
1	161.009
1	180.945
1	198.862
1	245.507
1	236.98
1	233.656
1	295.757
1	165.993
1	158.875
1	249.05
1	244.62
1	199.441
1	202.849
1	251.279
1	247.491
1	222.157
1	144.22
1	170.5
1	206.446
1	181.116
1	169.187
1	173.383
1	176.157
1	149.293
1	250.679
1	148.681
1	215.122
1	301.539
1	186.928
1	186.403
1	260.401
1	203.838
1	169.774
1	208.123
1	211.991
0	0.909664
1	232.475
1	144.315
1	186.05
1	157.427
1	410.303
1	171.79
1	303.859
1	218.611
1	127.459
1	210.817
1	131.45
1	141.176
1	235.947
1	236.244
1	126.812
1	215.868
1	184.319
0	99.0173
1	140.494
1	179.58
1	151.836
1	253.756
1	290.92
1	297.939
1	174.174
1	220.544
1	237.451
1	244.851
1	158.146
1	240.642
1	161.669
1	193.692
1	151.569
1	134.571
1	146.476
1	164.364
1	175.901
1	196.091
1	188.309
1	232.39
1	188.392
1	222.393
1	225.181
1	162.626
1	151.637
1	217.928
1	296.446
1	220.564
1	252.609
1	204.187
1	163.194
0	38.9261
1	188.562
1	189.589
1	324.468
1	127.455
1	131.779
1	309.761
1	189.914
1	178.858
1	191.67
1	154.339
1	149.912
1	250.685
1	188.274
1	213.136
1	237.508
1	207.161
1	164.742
1	229.637
1	387.184
1	196.855
1	229.61
1	175.57
1	296.655
1	155.689
1	216.124
1	224.024
1	138.359
1	217.097
1	206.195
1	172.905
1	167.935
1	221.295
1	196.675
1	234.089
1	147.505
1	180.097
1	173.361
1	265.774
1	403.279
1	430.213
1	210.605
1	160.367
1	181.047
1	242.835
1	155.902
1	163.632
1	151.238
1	263.775
1	208.083
1	185.869
1	213.242
1	202.224
1	152.125
1	203.149
1	147.474
1	297.288
1	245.931
1	233.23
1	232.798
1	243.982
1	162.66
1	206.005
1	146.593
1	241.653
1	269.058
1	228.017
1	174.727
1	258.991
1	228.76
1	166.257
1	136.84
1	295.269
1	237.794
1	259.096
1	136.085
1	232.235
1	283.939
1	253.224
1	145.559
1	197.887
1	182.59
1	184.993
1	253.433
1	295.288
1	221.841
1	150.628
1	281.324
1	169.765
1	331.108
1	192.303
1	214.638
1	209.274
1	197.848
1	167.755
1	283.511
1	284.368
1	209.148
1	230.36
1	128.628
1	186.868
1	169.698
1	270.365
1	176.56
1	134.984
1	188.475
1	301.71
1	168.649
1	156.439
1	199.643
1	154.163
1	444.952
1	143.214
1	233.473
1	261.703
1	249.104
1	181.357
1	178.625
1	208.971
1	168.061
1	162.611
1	230.542
1	222.666
1	162.063
1	242.127
1	139.732
1	134.346
1	205.417
1	127.272
1	167.048
1	306.495
1	258.631
1	167.906
1	221.277
1	205.902
1	300.063
1	265.012
1	242.1
1	191.239
1	250.622
1	156.321
1	343.731
1	247.48
1	150.634
1	160.105
1	149.546
1	138.569
1	167.878
1	161.62
1	242.908
1	131.948
1	143.484
1	212.334
1	303.069
1	192.48
1	160.351
1	214.58
1	256.956
1	258.424
1	215.318
1	166.773
1	229.103
1	159.028
1	166.213
1	225.619
1	134.749
1	215.698
1	186.297
1	210.806
1	171.922
1	243.757
1	205.253
1	156.348
1	172.733
1	253.563
1	156.227
1	126.937
1	131.843
1	207.136
1	276.015
1	220.687
1	171.534
1	281.171
1	116.426
1	107.819
1	281.89
1	179.128
1	197.516
1	170.457
1	204.524
1	211.143
1	179.83
1	191.141
1	237.813
1	196.125
1	172.367
1	153.87
1	197.664
1	181.927
1	194.053
1	321.343
1	156.156
1	228.238
1	180.634
1	192.872
1	301.824
1	164.008
1	232.649
1	197.484
1	224.084
1	196.931
1	140.393
1	211.968
1	251.462
1	265.111
1	150.553
1	277.407
1	248.159
1	120.909
1	193.653
1	148.878
1	204.653
1	213.093
1	161.922
1	122.156
1	177.742
1	136.191
1	149.033
1	205.307
1	164.488
1	211.958
1	121.313
1	160.56
1	191.319
1	179.469
1	158.639
1	194.257
1	195.964
1	149.753
1	292.843
1	141.509
1	300.98
1	175.457
1	163.615
1	143.624
1	134.984
1	266.225
1	138.137
1	301.852
1	269.212
0	15.1471
1	179.637
1	146.922
1	187.822
1	197.434
1	149.296
1	155.006
1	158.294
1	176.086
1	258.407
1	259.388
1	199.404
1	216.174
1	157.633
1	212.36
1	150.914
1	188.207
1	197.568
1	225.916
1	168.069
1	217.167
1	135.965
1	265.739
1	225.779
1	186.431
1	196.881
1	278.152
1	172.768
1	157.324
1	202.593
1	276.266
1	278.414
1	269.732
1	178.667
1	212.42
1	152.83
1	175.938
1	135.14
1	181.609
1	295.587
1	307.924
1	264.358
0	32.4701
1	205.892
1	172.109
1	168.408
1	152.725
1	301.891
1	158.003
1	138.578
1	199.597
1	215.476
1	257.198
1	162.65
1	190.741
1	146.66
1	254.418
1	187.752
1	162.108
1	299.254
1	219.374
1	161.091
1	184.879
1	291.583
1	185.841
1	197.979
1	162.008
1	120.234
1	137.51
1	205.41
1	192.058
1	175.175
1	217.045
1	154.685
1	156.24
1	186.353
1	208.449
1	250.681
1	151.887
1	162.747
1	243.731
1	256.709
1	135.642
1	174.649
1	155.208
1	157.753
1	171.847
1	231.42
1	213.628
1	125.446
1	170.463
1	165.752
1	265.872
1	187.811
1	240.715
1	148.976
1	172.77
0	57.6909
1	149.711
1	169.165
1	173.242
1	369.022
1	197.889
1	244.54
1	181.533
1	314.92
1	160.213
1	139.217
1	269.754
1	257.109
1	189.295
1	205.744
1	163.667
1	189.602
1	177.322
1	184.056
1	188.115
1	228.11
1	181.739
1	172.391
0	12.2621
1	373.648
1	146.339
1	193.114
1	138.043
1	203.536
1	187.289
1	157.427
1	212.104
1	159.237
1	227.925
1	228.236
1	182.041
1	163.212
1	270.614
1	240.985
1	180.108
1	214.399
1	138.966
1	220.904
1	162.074
1	132.812
1	247.404
1	192.039
1	203.162
1	296.017
1	271.862
1	200.66
1	253.525
1	175.648
1	236.518
1	180.943
1	178.232
1	162.503
1	256.175
1	186.514
1	175.508
1	116.513
1	249.757
1	323.48
1	206.982
1	172.303
1	254.736
1	391.119
1	162.142
1	183.965
1	217.868
1	306.616
1	274.425
1	235.301
1	224.081
1	181.775
1	290.978
1	127.945
1	161.58
1	165.803
1	371.96
1	303.052
1	303.77
1	197.67
1	279.989
1	145.844
1	212.317
1	325.798
1	154.737
1	152.359
1	254.814
1	252.225
1	149.675
1	336.484
1	173.303
1	188.344
1	193.852
1	191.815
1	220.018
1	253.829
1	277.958
1	127.673
1	143.376
1	244.75
1	165.411
1	197.917
1	239.973
1	170.86
1	227.867
1	200.923
1	171.8
1	187.62
1	176.243
1	135.062
1	148.154
1	144.301
1	204.318
1	231.024
1	198.564
1	208.161
1	239.591
1	127.552
1	314.232
1	187.01
1	190.164
1	274.529
1	190.241
1	126.159
1	239.321
1	275.668
1	195.454
1	226.94
1	208.723
1	145.717
1	243.255
1	184.85
1	285.139
1	153.365
1	191.53
1	264.885
1	184.981
1	258.132
1	158.27
1	159.042
1	151.984
1	181.243
1	200.796
1	180.686
1	243.452
1	219.344
1	201.564
1	141.301
1	120.763
1	173.743
1	118.681
1	185.734
1	174.03
1	183.592
1	176.289
1	199.685
1	286.34
1	202.587
1	352.367
1	201.48
1	240.026
1	312.345
1	143.162
1	340.598
1	162.853
1	210.917
1	163.241
1	226.387
1	193.746
1	381.838
1	211.119
1	258.972
0	48.5988
1	244.527
1	242.72
1	228.559
0	77.373
1	214.689
1	167.989
1	159.152
1	218.779
1	198.758
1	231.461
1	142.277
1	298.755
1	301.576
1	252.638
1	173.568
1	182.139
1	186.346
1	232.607
1	266.672
1	227.398
1	248.646
1	176.304
1	161.312
1	245.638
1	164.586
1	170.866
1	237.711
1	198.02
1	225.106
1	145.932
1	140.137
1	159.044
1	151.291
1	206.548
1	278.905
1	180.823
1	163.746
1	188.877
1	195.039
1	171.657
1	176.93
1	197.204
1	337.782
1	230.23
1	257.646
1	142.54
1	281.286
1	187.168
1	203.858
1	175.887
1	320.462
1	207.904
1	218.154
1	210.44
1	219.851
1	153.422
1	280.626
1	152.633
1	172.648
1	173.896
1	170.5
1	202.353
1	187.548
1	343.843
1	292.79
1	192.473
1	235.619
1	241.812
1	232.388
1	237.257
1	189.254
1	158.538
1	129.991
1	160.757
1	199.639
1	286.317
1	154.743
1	392.276
1	192.029
1	198.937
1	158.961
1	252.366
1	245.958
1	192.512
1	188.275
1	299.6
1	172.197
1	204.715
1	260.14
1	167.161
1	202.101
1	193.189
1	236.709
1	166.391
1	178.05
1	152.965
1	146.254
1	147.592
1	199.542
1	235.092
1	218.792
1	256.085
1	199.046
1	162.784
1	160.23
1	267.1
1	278.809
1	196.906
1	180.919
1	150.539
1	193.521
1	143.676
1	152.682
1	136.753
1	149.02
1	200.133
1	251.106
1	221.341
1	156.942
1	207.107
1	209.196
1	212.361
1	230.778
1	238.105
1	206.777
1	216.931
1	292.064
1	157.549
1	302.352
1	207.736
1	267.243
1	201.192
1	295.804
1	183.717
1	229.93
1	169.952
1	220.897
1	329.356
1	217.67
1	255.588
1	254.01
1	175.635
1	228.252
1	173.908
1	156.143
1	201.804
1	212.53
1	188.47
1	219.975
1	142.1
1	132.015
1	298.849
1	247.254
1	204.415
1	180.081
1	172.285
1	211.805
1	162.712
1	226.021
1	149.668
1	186.546
1	224.202
0	53.3974
1	196.632
1	232.735
1	249.573
1	397.084
1	223.215
1	179.154
1	130.727
1	188.239
1	308.915
1	264.257
1	170.477
1	241.904
1	196.385
1	246.239
1	316.406
1	184.102
1	209.59
1	248.598
1	159.95
1	232.74
1	243.604
1	237.223
1	188.743
1	290.787
1	145.26
1	296.494
1	161.669
1	253.602
1	147.962
1	190.735
1	175.01
1	185.815
1	153.073
1	146.333
1	207.026
1	122.403
1	267.372
1	218.223
1	211.044
1	170.628
1	143.36
1	179.785
1	160.683
1	143.345
1	160.659
1	245.637
1	181.892
1	148.379
1	148.536
1	179.145
1	219.032
0	20.81
1	189.113
1	189.953
1	142.952
1	239.367
1	330.593
1	152.695
1	201.639
1	312.629
1	215.331
1	154.817
1	278.465
1	286.304
1	210.8
1	179.39
1	199.474
1	211.53
1	222.104
1	217.308
1	224.178
1	263.801
1	262.784
1	282.25
1	338.242
1	278.272
1	143.796
1	152.776
1	163.957
1	235.43
1	204.95
1	193.542
1	200.858
1	241.598
1	190.668
1	233.924
1	236.085
1	224.33
1	158.567
1	162.987
1	188.866
1	295.18
1	161.657
1	228.996
1	172.075
1	166.555
1	227.085
1	160.676
1	203.299
1	227.965
1	233.105
1	197.16
1	206.381
1	154.156
1	226.739
1	209.745
1	200.844
1	180.492
1	226.157
1	198.148
1	198.916
1	185.001
1	141.939
1	200.465
1	173.413
1	191.926
1	179.891
1	148.477
1	200.252
1	259.644
1	147.25
1	188.394
1	308.528
1	200.129
1	186.757
1	214.159
1	223.357
1	192.412
1	199.738
1	182.865
1	197.145
1	114.039
1	157.908
1	187.556
1	149.446
1	186.662
1	130.098
1	160.384
1	199.598
1	187.951
1	260.969
1	245.262
1	228.724
1	171.519
1	173.235
1	199.191
1	174.798
1	203.683
1	132.306
1	210.344
1	149.124
1	154.352
1	151.231
1	144.302
1	209.567
1	239.368
1	218.065
1	305.741
1	229.531
1	270.023
1	178.28
1	406.951
1	213.478
1	168.072
1	198.341
1	202.949
1	182.418
1	221.527
1	330.664
1	246.069
1	220.708
1	208.976
1	164.795
1	178.565
1	141.16
1	280.077
1	236.99
1	222.909
1	182.228
1	246.27
1	160.379
1	126.102
1	315.999
1	188.869
1	215.525
1	204.803
1	242.084
1	509.507
1	137.091
1	154.095
1	154.917
1	188.54
1	286.416
1	199.465
1	131.956
1	158.818
1	379.242
1	252.943
1	200.376
1	208.049
1	205.364
1	171.13
1	140.563
1	186.209
1	235.329
1	184.473
1	148.553
1	239.626
1	202.071
1	259.177
1	240.379
1	192.793
1	129.348
1	207.091
1	177.149
1	176.851
1	172.868
1	391.051
1	148.367
1	187.597
1	140.804
1	172.322
1	187.547
1	203.616
0	43.5902
1	182.026
1	186.186
1	190.37
1	162.308
1	171.529
1	245.382
1	163.265
1	261.409
1	164.875
1	296.01
1	195.072
1	231.051
1	179.318
1	200.762
1	155.43
1	175.254
1	180.207
1	208.407
1	294.974
1	221.188
1	203.554
1	161.096
1	131.904
1	218.719
1	174.369
1	193.516
1	205.046
1	190.666
1	170.31
1	204.791
1	154.628
1	284.339
1	203.835
1	224.567
1	232.515
1	221.709
1	156.61
0	141.195
1	243.574
1	186.951
1	234.76
1	94.7918
1	196.822
1	260.135
1	183.895
1	274.358
1	328.956
1	118.645
1	222.514
1	201.1
1	213.538
1	145.411
1	181.843
1	161.271
1	158.04
1	219.903
1	207.365
1	238.91
1	177.284
1	330.324
1	165.715
1	184.332
1	251.18
1	248.931
1	277.375
1	228.927
1	254.03
1	131.07
1	202.005
1	192.182
1	265.746
1	239.513
1	180.556
1	180.458
1	145.246
1	152.368
1	270.112
1	230.439
1	196.97
1	267.112
1	139.174
1	268.153
1	181.15
1	175.071
1	168.864
1	156.57
1	288.016
1	196.497
1	235.823
1	183.726
1	210.723
1	154.483
1	223.113
1	190.557
1	241.804
1	233.081
1	142.577
1	288.381
1	296.419
1	197.462
1	235.49
1	264.928
1	226.726
1	196.146
1	242.537
1	139.534
1	257.931
1	170.441
1	340.419
1	224.317
1	222.121
1	170.592
1	155.525
1	219.85
0	38.5366
1	189.981
1	166.588
1	245.734
1	217.862
1	159.397
1	157.96
1	141.862
1	172.129
1	246.513
1	177.265
1	229.097
1	198.063
1	246.686
1	160.055
1	206.643
1	210.777
1	222.911
1	133.491
1	256.445
1	216.064
1	211.895
1	142.226
1	155.346
1	153.829
1	206.194
0	75.8032
1	173.937
1	139.193
1	166.297
1	183.951
1	173.885
1	174.707
1	174.415
1	160.494
1	197.315
1	268.647
1	278.045
1	230.784
1	231.617
1	150.58
1	197.01
1	211.323
1	179.823
1	170.208
1	192.873
1	117.364
1	277.248
1	231.587
1	201.172
1	155.794
1	261.481
1	153.421
1	247.737
1	255.019
1	180.142
1	169.083
1	141.104
1	183.574
1	270.381
1	203.985
1	222.825
1	143.988
1	131.786
1	251.048
1	266.609
1	297.625
1	172.596
1	183.52
1	119.119
1	211.504
1	131.021
1	154.49
1	213.526
1	212.146
1	168.674
1	296.655
1	172.681
1	151.713
1	245.321
1	170.595
1	154.787
1	173.734
1	228.747
1	201.471
1	392.869
1	153.22
1	307.286
1	175.177
1	193.071
1	154.838
1	135.726
1	168.348
1	169.079
1	140.18
1	206.876
1	189.007
0	18.0681
1	171.974
1	238.789
1	158.721
1	176.41
1	203.635
1	201.257
1	131.388
1	257.956
1	178.806
1	158.539
1	254.265
1	154.43
1	216.056
1	283.541
1	271.075
1	220.284
1	181.211
1	199.445
1	194.894
1	190.033
1	143.275
1	270.361
1	224.975
1	117.68
1	177.185
1	197.108
1	151.912
1	163.858
1	210.309
1	175.428
1	187.835
1	149.804
1	262.44
1	233.449
1	147.07
1	200.785
1	223.381
1	383.623
1	258.61
1	210.275
1	123.475
1	157.785
1	314.238
1	153.808
1	143.998
1	221.407
1	222.655
1	143.506
1	178.588
1	190.816
1	155.898
1	244.167
1	196.871
1	223.929
1	250.72
1	178.486
1	238.057
1	154.135
1	108.87
1	399.746
1	205.891
1	181.793
1	236.074
1	143.747
1	159.02
1	112.655
1	283.896
1	224.193
1	211.315
1	293.759
1	209.75
1	266.861
1	196.186
1	174.874
1	200.857
1	197.754
1	216.709
1	180.429
1	222.847
1	133.457
1	243.622
1	207.809
1	206.467
1	181.009
1	167.621
1	287.646
1	149.321
1	248.296
1	260.226
1	143.709
1	157.423
1	222.573
1	184.07
1	221.013
1	253.395
1	169.816
1	209.641
1	171.803
1	285.784
1	207.205
1	266.697
1	148.055
1	146.516
1	335.74
1	232.731
1	184.179
1	171.733
1	177.17
1	177.18
1	164.689
1	185.187
1	210.938
1	266.541
1	215.199
1	147.819
0	15.5393
1	218.266
1	244.715
1	213.555
1	198.132
1	208.945
1	149.326
1	178.669
1	186.955
1	188.047
1	165.325
1	208.081
1	172.732
0	29.4533
0	47.9089
1	151.167
1	171.001
1	209.835
1	174.206
1	187.341
1	164.882
1	329.056
1	200.79
1	179.801
1	268.103
1	173.533
1	213.942
1	190.392
1	224.933
1	298.619
1	188.066
1	188.115
1	154.23
1	196.952
1	206.266
1	174.962
1	184.425
1	386.872
1	280.125
1	218.34
1	216.054
1	158.548
1	233.309
1	206.287
1	219.586
1	230.199
1	249.879
1	154.854
1	196.238
1	172.185
1	126.146
1	166.811
1	253.889
1	195.398
1	131.468
1	255.506
1	134.321
1	196.305
1	301.648
1	161.663
1	259.136
1	198.558
1	196.016
1	143.12
1	252.214
1	214.272
1	217.78
1	152.154
1	166.092
1	157.256
1	232.514
1	163.054
1	249.356
1	160.016
1	146.003
1	104.994
1	166.162
1	237.916
1	174.683
1	181.24
1	244.032
1	214.727
1	193.942
1	305.948
1	209.898
1	255.32
1	150.616
1	171.854
1	266.455
1	173.009
1	185.217
1	212.178
1	156.713
1	248.467
1	230.812
1	145.375
1	184.682
1	162.429
1	168.906
1	210.29
1	145.418
1	176.231
1	142.842
1	167.228
1	208.215
1	162.576
1	247.748
1	188.425
1	222.311
1	239.849
1	225.36
1	181.21
1	227.527
1	265.81
1	265.755
1	200.421
1	164.711
1	278.454
1	211.414
1	185.243
1	153.552
1	242.22
1	216.16
1	135.835
1	198.218
1	155.227
1	250.594
1	205.563
1	220.74
1	157.412
1	153.533
1	189.198
1	186.92
1	173.175
1	205.843
1	217.014
1	273.406
1	167.55
1	220.137
1	162.608
1	121.081
1	149.472
1	154.101
1	197.042
1	204.171
1	186.301
1	116.304
1	130.333
1	239.983
1	180.103
1	175.956
1	291.883
1	286.589
1	258.211
1	185.148
1	177.739
1	145.606
1	175.213
1	208.743
1	192.632
1	216.553
1	127.563
1	158.319
1	253.136
1	187.844
1	226.847
1	204.852
1	137.547
1	230.671
1	130.362
1	182.958
1	154.734
1	155.185
1	226.121
1	202.926
1	176.546
1	201.043
1	234.239
1	130.942
1	328.344
1	179.35
1	162.802
1	150.231
1	219.059
1	144.532
1	164.819
1	186.351
1	208.183
1	183.366
1	273.079
1	159.31
1	218.038
1	162.176
1	212.403
1	198.407
1	155.762
1	195.826
1	216.932
1	143.216
1	239.384
1	207.724
1	188.716
1	176.044
1	192.058
1	263.97
1	171.898
1	161.796
1	223.665
1	143.016
1	214.72
1	168.411
1	189.313
1	212.9
1	242.611
1	255.701
1	208.057
1	134.883
1	167.755
1	188.889
1	274.501
1	165.45
1	261.344
1	210.01
1	198.958
1	170.682
1	172.811
1	132.448
1	265.154
1	211.272
1	184.252
1	236.988
1	245.101
1	220.497
1	173.783
1	193.987
1	254.189
1	159.685
1	306.86
1	196.923
1	206.933
1	244.576
1	213.23
1	187.834
1	197.389
1	136.678
1	166.257
1	171.71
1	145.409
1	242.43
1	267.001
1	134.375
1	133.136
1	178.808
1	191.939
1	183.907
1	165.041
1	145.017
1	305.778
1	316.923
1	230.257
1	228.527
1	295.43
1	130.209
1	175.724
1	196.729
1	165.076
1	210.83
1	347.944
1	245.719
1	155.441
1	176.866
1	229.06
1	169.583
1	189.268
1	187.542
1	182.042
1	243.885
1	203.784
1	214.089
1	249.395
1	269.288
1	265.09
1	212.249
1	144.706
1	152.659
1	319.309
1	276.257
1	182.697
1	219.114
1	354.864
1	202.938
1	142.469
1	291.303
1	259.426
1	227.495
1	210.119
1	169.447
1	171.104
1	161.289
1	202.658
1	194.795
1	133.068
1	159.683
1	267.913
1	165.516
1	163.824
1	274.067
1	225.119
1	254.868
1	305.826
1	282.729
1	159.261
1	274.443
1	330.036
1	239.296
1	178.253
1	136.494
1	190.01
1	199.086
1	250.672
1	203.796
1	320.301
1	232.161
1	198.453
1	152.651
1	372.226
1	202.17
1	335.665
1	187.452
1	175.73
1	298.733
1	297.561
1	198.685
1	213.417
1	159.501
1	301.187
1	223.711
1	168.637
1	307.011
1	217.937
1	215.618
1	181.636
1	199.702
1	183.871
1	236.457
1	441.657
1	223.636
1	183.128
1	121.248
1	268.453
1	207.366
1	261.954
1	207.474
1	268.669
1	172.615
1	150.084
1	198.623
0	91.7395
1	162.32
1	172.432
1	205.039
1	170.84
1	235.757
1	171.253
1	180.555
1	191.415
1	168.82
1	169.84
1	152.27
1	227.521
1	235.366
1	146.259
1	324.867
1	199.055
1	238.846
1	231.241
1	189.511
1	209.431
1	216.947
1	176.279
1	152.376
1	181.325
1	249.348
1	224.23
1	270.084
1	177.625
1	267.228
1	182.44
1	214.221
1	181.538
1	191.049
1	192.464
1	203.878
1	180.082
1	267.219
1	255.117
1	139.359
1	167.665
1	138.905
1	260.973
1	215.332
1	201.459
1	196.286
1	137.454
1	292.683
1	187.543
1	194.39
1	295.438
1	186.328
1	322.451
1	207.059
1	228.526
1	313.007
1	302.724
1	198.996
1	143.879
1	198.888
1	240.04
1	189.685
1	209.465
1	227.749
1	170.099
1	182.704
1	266.408
1	131.755
1	156.676
1	191.516
1	163.638
1	188.365
1	245.559
1	252.693
1	172.59
1	206.07
1	134.551
1	225.809
1	155.104
1	147.785
1	227.542
1	203.032
1	250.003
1	144.269
1	159.107
1	164.195
1	231.426
1	205.829
1	179.985
1	200.884
1	201.613
1	151.254
1	266.601
1	169.5
0	8.79913
1	122.687
1	219.444
1	245.224
1	151.647
1	252.717
1	190.973
1	237.53
1	127.8
1	160.794
1	207.716
1	218.602
1	169.215
1	160.228
1	177.953
1	232.558
1	221.235
1	209.304
1	210.897
1	232.505
1	199.239
1	221.688
1	258.938
1	187.791
1	234.046
1	170.935
1	170.345
1	206.502
1	166.789
1	198.169
1	202.067
1	205.426
1	195.88
1	168.073
0	60.6728
1	237.694
1	269.18
1	157.158
1	238.031
0	63.8276
1	177.109
1	163.346
1	241.788
1	149.021
1	151.084
1	173.505
1	228.081
1	166.301
1	191.341
1	203.742
1	241.987
1	222.063
1	235.737
1	156.781
1	128.114
1	188.801
1	219.77
1	182.417
1	172.462
1	231.496
1	218.124
1	136.082
1	227.582
1	163.812
1	182.593
1	201.387
1	177.808
1	206.177
1	220.05
1	183.161
1	237.2
1	148.554
1	219.795
1	189.866
1	337.069
1	159.646
1	131.058
1	162.519
1	208.066
1	146.188
1	185.582
1	272.108
1	146.838
1	201.699
1	383.867
1	182.736
1	208.793
1	153.511
1	246.893
1	164.844
1	185.815
1	208.32
1	198.895
1	332.393
1	166.919
1	160.468
1	224.353
1	208.017
1	219.565
1	222.048
1	191.6
1	198.967
1	235.331
1	228.319
1	174.656
1	239.307
1	212.633
1	154.064
1	178.421
1	231.654
1	231.919
1	216.455
1	226.622
1	164.847
1	219.284
1	126.892
1	381.768
1	205.207
1	347.608
1	162.922
1	199.156
1	205.414
1	183.931
1	266.987
1	206.473
1	197.764
1	141.466
1	278.856
1	190.572
1	198.099
1	224.495
1	183.32
1	192.298
1	210.794
1	166.587
1	198.323
1	158.726
1	173.388
1	182.277
1	163.997
1	183.103
1	203.482
1	252.233
1	194.243
1	218.95
1	198.471
1	211.484
1	234.391
1	117.835
1	160.417
1	210.939
1	163.624
1	199.711
1	282.294
1	186.522
1	326.093
1	291.723
1	151.677
1	331.525
1	223.255
1	168.612
1	203.884
1	223.642
1	126.657
1	243.185
1	244.604
1	242.6
1	177.121
1	216.633
1	227.393
1	265.981
1	277.707
1	279.377
1	294.3
1	201.641
1	227.647
1	245.633
1	223.868
1	184.403
1	327.478
1	229.567
1	169.821
1	208.57
1	161.446
1	295.197
1	243.305
1	308.771
1	170.03
1	142.603
1	253.408
1	227.731
1	259.146
1	197.191
1	248.115
1	223.15
1	205.757
1	186.106
1	163.712
1	253.351
1	177.28
1	228.958
1	284.234
1	277.324
1	104.385
1	289.009
1	168.503
1	352.442
1	142.49
1	151.879
1	213.447
1	262.802
1	229.422
1	187.432
1	250.624
1	192.942
1	153.344
1	135.826
1	146.556
1	326.525
1	220.163
1	253.313
1	147.556
1	243.776
1	200.748
1	198.788
1	211.687
1	164.844
1	155.2
1	172.546
1	152.415
1	121.884
1	149.589
1	236.679
1	165.456
1	116.15
1	255.375
1	176.151
1	208.355
1	248.868
0	31.912
1	152.927
1	155.855
1	169.234
1	172.323
1	184.848
1	199.494
1	198.308
1	182.026
1	173.08
1	227.213
1	206.278
1	166.535
1	200.636
1	290.176
1	212.515
1	178.04
1	180.62
1	185.209
1	203.85
1	175.351
1	208.575
1	327.27
1	211.469
1	142.615
1	225.15
1	144.885
1	221.844
1	266.893
1	251.656
1	202.572
1	194.43
1	185.859
1	187.871
1	203.913
1	189.224
1	200.713
1	224.756
1	161.371
1	121.02
1	191.127
1	214.155
1	172.031
1	144.844
1	289.134
1	200.945
1	300.052
1	204.045
1	183.05
1	172.923
1	364.165
1	246.83
1	183.508
1	126.033
1	206.613
1	236.884
1	238.315
1	226.266
1	177.26
1	195.651
1	186.84
1	209.068
1	295.931
1	233.594
1	325.609
1	366.609
1	193.955
1	190.423
1	252.89
1	250.959
1	238.318
1	204.013
1	184.383
1	226.021
1	210.22
1	166.906
1	145.991
1	227.718
1	164.382
1	220.892
1	182.777
1	149.711
1	169.61
1	193.266
1	173.724
1	202.105
1	224.448
1	156.946
1	179.034
1	233.34
1	194.133
1	156.09
0	79.9921
1	221.563
1	189.395
1	186.361
1	280.636
1	230.561
1	110.646
1	195.722
1	211.622
1	223.603
1	170.074
1	140.079
1	211.208
1	207.384
1	170.333
1	136.013
1	235.163
1	148.922
1	207.446
1	219.203
1	261.327
1	218.121
1	174.138
1	195.83
1	233.743
1	195.932
1	163.453
1	200.15
1	277.522
1	145.603
1	137.413
1	255.36
1	199.16
1	185.986
1	207.243
1	216.99
1	182.72
1	240.057
1	180.639
1	203.239
1	197.449
1	193.537
1	217.237
1	150.449
1	324.451
1	171.026
1	157.165
1	170.5
1	258.452
1	228.859
0	23.3005
1	158.462
1	163.526
1	118.152
1	164.673
1	185.545
1	222.251
1	145.421
0	11.6438
1	233.869
1	232.661
1	247.304
1	241.933
1	179.464
1	174.915
1	159.799
1	214.078
1	235.931
1	162.001
1	156.736
1	260.444
1	200.532
1	211.635
1	161.684
1	144.25
1	190.085
1	200.218
1	149.33
1	241.103
1	169.845
1	235.13
1	177.014
1	248.551
1	228.008
1	177.267
1	152.199
1	184.923
1	359.425
1	188.604
1	243.619
1	267.512
1	253.008
1	169.324
1	154.483
1	176.136
1	200.827
1	144.604
1	258.217
1	165.901
1	290.519
1	277.137
1	167.571
1	312.166
1	331.994
1	165.326
1	197.038
1	200.596
1	185.113
1	153.512
1	252.594
1	226.032
1	255.328
1	175.748
1	202.701
1	178.73
1	305.43
1	191.509
1	155.293
1	167.239
1	148.77
1	175.719
1	196.93
1	156.921
1	208.029
1	209.761
1	217.754
1	239.385
1	183.706
1	131.912
1	244.268
1	239.07
1	233.641
1	207.565
1	134.413
1	157.24
1	225.387
1	150.846
1	155.916
1	216.07
1	158.429
1	214.101
1	226.411
1	174.965
1	116.783
1	142.03
1	164.625
1	182.46
1	230.901
1	278.781
1	197.156
1	227.127
1	216.277
1	234.044
1	202.162
1	188.903
1	166.127
1	155.076
1	233.439
1	250.424
1	156.837
1	312.42
1	195.126
1	210.049
1	211.998
1	226.32
1	194.08
1	142.825
1	304.383
1	215.492
1	220.271
1	205.233
1	184.152
1	316.974
1	247.002
1	217.655
0	33.8831
1	171.014
1	260.379
1	219.756
1	157.187
1	157.856
1	253.975
1	195.375
1	277.93
1	171.665
1	293.352
1	191.322
1	239.926
1	208.826
1	202.047
1	207.637
1	232.371
1	195.718
1	224.468
1	208.021
1	256.303
1	161.44
1	224.711
1	185.44
1	217.125
1	166.221
1	193.638
1	172.395
1	213.413
1	161.775
1	278.67
1	149.609
1	303.328
1	228.089
1	168.541
1	203.153
1	189.972
1	141.145
1	141.126
1	225.144
1	210.857
1	176.641
1	253.229
1	236.836
1	149.829
1	231.373
1	242.816
1	236.158
1	180.312
1	204.785
1	154.164
1	235.373
1	222.351
1	199.503
1	174.646
1	211.604
1	313.971
1	264.618
1	180.211
1	192.526
1	178.518
1	339.779
1	239.293
1	209.71
1	152.83
1	211.486
1	217.558
1	162.747
1	201.149
1	163.037
1	194.978
1	192.005
1	168.801
1	149.018
1	285.772
1	263.389
1	155.214
1	184.753
1	148.034
1	210
1	197.065
1	222.414
1	174.558
1	136.721
1	199.251
1	154.508
1	239.762
1	188.608
1	174.64
1	221.459
1	210.079
1	269.478
1	172.884
1	281.231
1	188.665
1	199.576
1	220.689
1	252.126
1	227.256
1	157.199
1	202.257
1	178.661
1	171.222
1	132.949
1	254.771
1	138.973
1	189.712
1	181.981
1	106.585
1	201.281
1	187.075
1	143.792
1	171.776
0	3.16703
1	274.399
1	151.324
1	170.955
1	152.976
1	193.729
1	217.851
1	165.702
1	151.695
1	283.497
1	194.377
1	207.837
1	185.911
1	138.454
1	237.226
1	340.623
1	178.595
1	168.612
1	191.824
1	259.258
1	182.284
1	234.785
1	261.548
1	189.212
1	171.109
1	222.347
1	236.628
1	315.263
1	179.56
1	188.843
1	158.053
1	227.98
1	203.02
1	293.217
1	227.904
1	155.697
1	217.542
1	260.481
1	221.6
1	167.289
1	276.556
1	364.404
1	208.993
1	150.157
1	146.11
1	189.265
1	229.785
1	156.347
1	246.213
1	129.045
1	184.918
1	210.726
1	190.657
1	268.549
1	218.458
1	156.884
1	179.524
1	198.811
1	212.03
1	187.643
1	172.674
1	177.572
1	161.392
1	336.256
1	255.558
1	195.135
1	159.81
1	126.294
1	147.678
1	158.031
1	151.554
1	257.99
1	161.804
1	194.465
1	187.801
1	240.477
1	209.472
1	304.265
1	190.623
1	231.963
1	200.882
1	314.532
1	144.418
1	176.939
1	165.228
1	224.127
1	196.214
1	230.269
1	197.543
1	276.285
1	239.771
1	185.27
1	277.161
1	225.177
1	186.967
1	212.076
1	311.271
1	180.195
1	151.839
1	174.798
0	107.598
1	171.638
1	213.335
1	202.841
1	141.511
1	277.258
1	248.109
1	186.931
1	166.71
1	163.561
1	212.483
1	155.075
1	195.729
1	225.208
1	224.222
1	172.181
1	229.299
1	184.944
1	229.516
1	274.046
1	150.495
1	176.878
1	185.363
1	210.185
1	223.159
1	243.498
1	158.954
1	140.006
1	155.707
1	191.158
1	197.892
1	128.039
1	242.635
1	240.141
1	234.399
1	163.158
1	163.909
1	179.555
1	221.604
1	237.247
1	245.203
1	149.051
1	239.635
1	216.459
1	165.032
1	336.529
1	168.599
1	193.94
1	167.433
1	310.83
1	150.051
1	257.504
1	167.748
1	140.484
1	145.055
1	144.164
1	148.252
1	146.658
1	212.79
1	213.845
1	260.528
1	186.406
1	132.951
1	259.31
1	139.44
1	186.601
1	207.441
1	196.858
1	212.009
1	170.699
1	188.975
1	234.1
1	183.396
1	273.423
1	122.133
1	284.105
1	196.311
1	229.238
1	250.915
1	249.355
1	236.582
1	249.443
1	219.343
1	170.965
1	163.512
1	182.399
1	173.148
1	196.39
1	175.613
1	225.538
1	114.617
1	240.237
1	227.079
1	166.532
1	211.476
1	253.445
1	124.895
1	222.978
1	219.812
1	189.073
1	177.405
1	187.408
1	122.6
1	222.553
1	241.364
1	176.107
1	189.895
1	147.473
1	222.301
1	289.178
1	183.381
1	245.996
1	282.993
1	189.95
1	382.513
1	376.293
1	218.539
1	179.471
1	234.164
1	274.062
1	156.754
1	149.4
1	159.487
1	173.492
1	441.069
1	156.243
1	150.592
1	175.436
1	183.424
1	248.166
1	226.096
1	158.283
1	180.924
1	184.248
1	182.371
1	179.989
1	270.277
1	210.386
1	188.203
1	135.168
1	176.097
1	161.675
1	172.736
1	205.319
1	194.516
1	132.689
1	277.191
1	205.502
1	169.42
1	180.464
0	25.2983
1	223.472
1	147.227
1	213.697
1	243.72
1	204.178
1	167.047
1	198.078
1	267.065
1	297.115
1	177.523
1	214.266
1	148.535
1	206.206
1	259.82
1	149.814
1	163.545
1	225.1
1	160.305
1	251.438
1	141.566
1	190.77
1	248.607
1	154.713
1	251.835
1	206.652
1	163.013
1	212.686
1	139.42
1	189.602
1	184.744
1	174.417
1	200.597
1	164.534
1	159.204
1	183.981
1	187.022
1	176.901
1	206.755
1	214.178
1	144.046
1	165.986
1	178.503
1	182.264
1	129.095
1	255.347
1	278.61
1	211.507
1	177.128
1	162.071
1	175.92
1	267.058
1	175.149
1	177.023
1	173.835
1	229.615
1	168.235
1	188.154
1	178.67
1	180.121
1	215.299
1	224.895
1	277.06
1	169.074
1	185.175
1	213.464
1	148.097
1	164.843
1	209.143
1	174.415
1	154.766
0	4.64952
1	220.818
1	137.507
0	61.8283
1	164.437
1	130.421
1	226.444
1	193.5
1	149.589
1	245.199
1	127.16
1	232.043
1	238.231
1	162.147
1	156.617
1	191.788
1	334.778
1	153.636
1	154.861
1	186.871
1	182.693
1	203.07
1	204.09
1	207.362
1	157.105
1	222.057
1	356.621
1	231.473
1	189.194
1	155.792
1	147.833
1	171.989
1	173.479
1	162.969
1	168.095
1	164.027
1	224.268
1	176.07
1	198.03
1	205.409
1	211.713
1	194.078
1	247.13
1	231.753
1	185.178
1	198.599
1	280.403
1	236.46
1	231.095
1	162.163
1	116.357
1	182.522
1	212.639
1	256.072
1	210.365
1	174.018
1	226.778
1	261.75
1	194.498
1	226.996
1	134.482
1	267.909
1	191.425
1	187.846
1	160.613
1	147.009
1	249.833
1	188.074
1	194.545
1	216.861
1	170.69
1	134.275
1	222.452
1	286.136
1	159.996
1	185.023
1	165.678
1	261.956
1	307.634
1	159.739
1	133.094
1	185.557
1	161.709
1	215.842
1	175.21
1	200.648
1	224.83
1	187.004
1	193.767
1	213.484
1	223.232
1	237.146
1	226.437
1	123.082
1	218.56
1	205.589
1	156.276
1	278.652
1	289.31
1	212.586
1	226.932
1	168.844
1	170.108
1	151.189
1	211.233
1	286.956
1	187.403
1	254.887
1	193.17
1	284.393
1	264.1
1	193.406
1	178.841
1	148.223
1	130.993
1	152.285
1	167.893
1	137.12
1	229.325
1	175.751
1	178.961
1	127.678
1	173.361
1	261.864
1	180.87
1	249.478
1	223.458
1	169.054
1	257.733
1	273.271
1	184.274
1	209.057
0	47.3218
1	229.514
1	233.61
1	227.798
1	170.025
1	203.146
1	275.943
1	215.132
1	194.811
1	172.816
1	165.807
1	179.392
1	204.947
1	275.845
1	245.881
1	201.5
1	270.381
1	166.74
1	192.879
1	298.59
1	165.795
1	151.596
1	245.083
1	182.597
1	133.307
1	165.211
1	209.702
1	143.655
1	212.602
1	130.639
1	212.523
1	153.013
1	172.72
1	218.924
1	164.563
1	185.625
1	155.889
1	189.418
1	153.928
1	174.363
1	189.136
1	222.45
1	188.111
1	304.903
1	186.941
1	282.325
1	200.824
1	153.305
1	151.243
1	132.679
1	533.709
1	163.019
1	164.701
1	184.015
1	258.452
1	214.95
1	139.979
1	195.635
1	163.292
1	219.292
1	228.723
1	214.184
1	173.919
1	175.249
1	164.148
1	121.348
1	164.532
1	157.128
1	150.849
1	188.214
1	172.393
1	137.312
1	251.055
1	198.305
1	339.123
1	177.954
1	181.367
1	178.443
1	197.04
1	249.164
1	219.333
1	215.136
1	300.561
1	215.26
1	151.483
1	297.085
1	222.623
1	197.763
1	210.059
1	237.706
1	175.726
1	134.905
1	192.252
0	6.40224
1	200.195
1	134.751
1	146.413
1	180.963
0	52.0588
1	164.82
1	194.879
1	213.204
1	180.078
1	210.264
1	216.31
1	173.299
1	213.193
1	126.284
1	177.305
1	235.712
1	222.653
1	288.719
1	217.899
1	222.172
1	146.522
1	187.675
1	167.725
1	131.739
1	227.687
1	207.423
1	290.923
1	168.261
1	161.296
1	125.888
1	194.205
1	284.787
1	175.749
1	144.942
1	236.242
1	250.764
1	173.264
1	200.734
1	216.626
1	192.653
1	159.591
1	174.037
1	197.291
1	168.343
1	243.073
1	160.256
1	143.752
1	148.004
1	210.74
1	238.877
1	117.713
1	172.411
1	169.235
1	337.653
1	291.14
1	160.024
1	135.953
1	251.8
1	285.552
1	202.466
1	238.263
1	196.934
1	211.092
1	162.102
1	138.081
1	153.724
1	175.665
1	215.948
1	147.459
1	172.483
1	215.604
1	239.862
1	215.507
1	216.09
1	249.204
1	147.689
1	184.179
1	177.665
1	220.466
1	252.363
1	157.85
1	218.95
1	264.627
1	217.966
1	161.238
1	285.688
1	169.878
1	196.09
1	146.839
1	178.004
1	166.51
1	165.907
1	159.484
1	391.566
1	147.656
1	177.118
1	218.506
1	164.001
1	132.012
1	302.507
1	214.83
1	233.903
1	254.917
1	171.165
1	147.3
1	146.446
1	194.67
1	187.357
1	154.092
1	177.63
1	157.357
1	159.723
1	121.483
1	170.11
1	249.37
1	152.198
1	188.972
1	266.673
1	164.205
1	181.851
1	200.236
1	232.665
1	167.028
1	327.864
1	207.474
1	138.558
1	312.925
1	220.452
1	219.128
1	214.835
1	149.756
1	212.538
1	224.374
1	160.686
1	162.398
1	135.411
1	223.771
1	206.134
1	184.999
1	309.931
1	157.241
1	167.831
1	133.133
1	137.077
1	201.624
1	282.514
1	204.288
1	242.765
1	161.88
1	158.681
1	165.336
1	273.763
1	229.414
1	194.604
1	159.215
1	277.381
1	118.117
1	156.378
1	284.718
1	207.041
1	136.728
1	155.904
1	178.586
1	204.584
1	288.763
1	144.791
1	214.719
1	247.712
1	301.093
1	182.214
1	188.681
1	276.944
1	144.544
1	207.348
1	187.097
1	172.951
1	143.62
1	205.605
1	217.495
1	234.234
1	170.886
1	200.783
1	255.568
1	150.997
1	132.406
1	126.568
1	188.413
1	177.331
1	243.396
1	133.651
1	201.692
1	241.123
1	140.368
1	245.854
1	149.218
1	226.3
1	325.169
1	195.862
1	221.3
1	178.216
1	197.431
1	197.639
1	191.07
1	173.533
1	187.439
1	178.271
1	273.523
1	163.139
1	255.1
1	234.931
1	264.174
1	195.97
1	188.156
1	349.332
1	159.871
1	291.109
1	214.356
1	129.305
0	31.6568
1	221.311
1	302.978
1	243.516
1	273.937
1	248.716
1	212.501
1	168.983
1	156.007
1	260.74
1	326.195
1	269.709
1	181.676
1	206.586
1	163.536
1	148.285
1	166.743
1	155.286
1	211.32
1	202.179
1	256.706
1	214.513
1	130.184
1	174.275
1	199.898
1	177.212
1	325.087
1	156.013
1	183.822
1	147.503
1	167.055
1	233.101
1	195.317
1	132.981
1	177.679
1	249.409
1	166.669
1	187.362
1	263.842
1	183.573
1	185.563
1	198.639
1	206.36
1	266.22
1	203.11
1	166.081
1	240.501
1	208.115
1	153.125
1	319.938
1	172.189
1	244.832
1	251.847
1	236.396
1	254.553
1	174.986
1	207.299
1	179.923
1	188.868
1	188.83
1	143.221
1	165.223
1	171.801
1	192.873
1	200.646
1	236.933
1	159.407
1	250.081
1	200.842
1	111.564
1	243.535
1	121.074
1	163.56
1	129.827
1	297.113
1	167.108
1	195.373
1	272.801
1	243.79
1	223.38
1	212.841
1	158.263
1	227.458
1	199.432
1	493.781
1	237.14
1	132.867
1	256.357
1	194.223
1	216.181
1	224.506
1	200.033
1	312.831
1	251.872
1	223.908
1	116.488
1	183.37
1	199.375
1	242.957
1	178.038
1	178.09
1	171.209
1	189.944
1	175.792
1	301.841
1	194.93
1	295.05
1	138.815
1	147.922
1	170.429
1	255.883
1	311.067
1	161.56
1	191.182
1	154.242
1	223.098
1	238.221
1	229.209
1	249.955
1	171.999
1	237.228
1	174.693
1	156.534
1	144.283
1	120.207
1	215.475
1	208.473
1	145.449
1	152.522
1	234.251
1	265.711
1	170.222
1	190.504
1	231.961
1	230.132
1	196.279
1	201.639
1	309.034
1	140.912
1	198.555
1	116.46
1	212.285
1	158.011
1	161.734
1	228.847
1	134.262
1	382.396
1	253.893
1	192.911
1	234.442
1	169.238
1	305.854
1	159.003
1	205.174
1	198.396
1	280.117
1	228.133
1	231.239
1	153.17
1	149.622
1	168.371
1	125.703
1	186.699
1	199.607
1	204.287
1	305.489
1	155.009
1	210.286
1	231.281
1	220.188
1	257.176
1	182.56
1	182.856
1	164.865
1	165.186
1	135.869
1	199.733
1	287.695
1	211.871
1	272.576
1	245.486
1	179.972
1	136.762
1	247.994
1	203.349
1	112.065
1	181.142
1	254.838
1	154.08
1	203.272
1	234.647
1	134.308
1	169.784
1	345.939
1	201.198
1	208.149
1	191.318
1	185.03
1	220.547
1	427.381
1	233.052
1	182.77
1	222.136
1	153.722
1	243.877
1	194.237
1	197.88
1	191.296
1	158.41
1	188.169
1	165.61
1	157.601
1	310.744
1	202.444
1	203.013
1	192.438
1	224.295
1	198.902
1	212.444
1	167.109
1	193.531
1	193.551
1	341.186
1	251.864
1	215.307
1	240.034
1	226.839
1	247.548
1	191.32
1	195.003
1	219.059
1	173.907
0	22.7052
1	164.909
1	231.359
1	258.635
1	161.516
1	180.488
1	300.707
1	179.037
1	163.528
1	198.076
1	177.211
1	165.594
1	227.954
1	181.524
1	152.633
1	308.451
1	197.231
1	182.225
1	190.52
1	238.406
1	262.409
1	198.405
1	169.059
1	223.272
1	191.873
1	179.036
1	136.321
1	163.013
1	172.014
1	210.016
1	209.762
1	178.291
1	202.675
1	205.381
1	176.765
1	172.117
1	155.862
1	258.819
1	289.657
1	221.661
1	158.194
1	192.775
1	200.46
1	181.626
1	182.602
1	300.122
1	308.111
1	275.687
1	287.304
1	195.489
1	208.267
1	270.922
1	143.635
1	174.037
1	259.236
1	191.57
1	246.02
1	230.47
1	204.728
1	212.192
1	182.532
1	136.803
1	205.427
1	174.69
1	189.625
1	185.529
1	165.949
1	147.012
1	179.052
1	125.667
1	244.415
1	257.308
1	202.912
1	204.418
1	185.118
1	195.549
1	161.373
1	145.777
1	219.719
1	219.303
1	194.618
1	175.917
1	165.009
1	201.291
1	183.838
1	181.443
1	117.715
1	226.782
1	163.898
1	179.183
1	213.894
1	165.241
1	193.81
1	237.959
1	176.674
1	343.21
1	223.955
1	335.584
1	172.378
1	207.316
1	207.218
1	175.886
1	238.183
1	210.801
1	151.656
1	304.624
1	157.277
1	218.933
1	233.137
1	154.583
1	234.089
1	163.54
1	233.07
1	167.961
1	241.407
1	245.901
1	216.51
1	184.172
1	268.174
1	155.682
1	165.518
1	181.08
1	165.009
1	194.833
1	239.681
1	177.435
1	190.576
1	166.069
1	238.564
1	170.33
1	176.691
1	236.312
1	292.478
1	279.436
1	208.552
1	121.027
1	269.583
1	252.958
1	263.631
1	111.295
1	188.073
1	216.605
1	185.901
1	157.597
0	6.82521
1	112.901
1	176.227
1	214.352
1	177.625
1	170.245
1	246.15
1	145.124
1	168.586
1	208.898
1	201.101
1	181.366
1	184.159
1	204.306
1	160.905
1	249.308
1	290.897
1	119.585
1	173.851
1	147.156
1	183.674
1	306.861
1	238.573
1	311.641
0	1.61439
1	272.718
1	186.675
1	268.818
1	166.052
1	174.671
1	126.295
1	230.338
1	194.501
1	185.743
1	241.063
1	123.664
1	231.17
1	203.603
1	142.868
1	256.401
1	268.177
1	197.687
1	151.601
1	161.643
1	269.76
1	215.308
1	212.765
1	219.587
1	193.263
1	228.135
1	341.969
1	163.947
1	176.363
1	161.884
1	187.325
1	243.76
1	187.687
1	249.262
1	148.241
1	165.099
1	146.515
1	230.691
1	106.943
1	162.893
1	226.086
1	193.243
1	193.1
1	288.054
1	191.381
1	189.293
1	141.208
1	271.787
1	166.381
1	246.342
1	241.949
1	253.665
1	166.573
1	162.843
1	196.855
1	152.796
1	286.647
1	171.597
1	205.635
1	150.482
1	201.211
1	239.94
1	251.518
1	292.047
1	219.284
1	217.827
1	153.651
1	226.091
1	196.916
1	227.354
1	181.968
1	231.26
1	225.741
1	213.369
1	192.056
1	145.136
1	146.158
1	196.913
1	259.254
1	195.851
1	188.314
1	252.013
1	192.001
1	213.954
1	270.571
1	184.483
1	171.104
1	190.998
1	303.225
1	238.385
1	205.457
1	199.168
1	192.082
1	164.851
1	182.413
1	178.832
1	174.613
1	278.54
1	159.912
1	148.964
1	192.025
1	237.139
1	209.565
1	118.157
1	208.819
1	149.061
1	159.345
1	168.451
1	226.903
1	122.17
1	229.669
1	184.147
1	282.196
1	155.767
1	170.154
1	172.31
1	189.941
1	261.124
1	178.042
1	193.595
1	199.751
1	128.514
1	177.178
1	218.395
1	197.908
1	348.26
1	189.675
1	225.685
1	178.117
1	231.679
1	166.454
1	222.968
1	169.055
1	185.847
1	203.563
1	188.801
1	227.291
1	164.809
1	192.578
1	300.865
1	212.073
1	197.914
1	203.728
1	142.187
1	138.419
1	294.361
1	181.008
1	173.953
1	198.924
1	253.159
1	212.565
1	159.757
1	266.675
1	232.215
1	172.247
1	192.771
1	148.119
1	211.347
1	127.573
1	364.478
1	142.793
1	190.043
1	305.415
1	193.902
1	216.689
1	144.218
1	197.345
1	192.412
1	181.279
1	220.313
1	190.329
1	196.345
1	169.084
1	207.537
1	194.114
1	153.716
1	158.455
1	164.834
1	186.596
1	182.407
1	177.674
1	181.375
1	249.793
1	221.53
1	284.407
1	239.956
1	241.002
1	266.412
1	156.591
1	185.287
1	157.177
1	185.612
1	167.829
1	150.23
1	176.406
1	247.018
1	155.191
1	233.507
1	176.736
1	151.06
1	145.602
1	212.386
1	190.539
1	162.87
1	189.649
1	181.916
1	208.873
1	169.708
1	168.319
1	258.397
1	169.992
1	180.877
1	195.339
1	227.72
1	176.132
1	161.368
1	272.654
1	223.495
1	189.055
1	274.213
1	195.911
1	330.823
1	170.394
1	150.3
1	177.457
1	169.096
1	161.247
1	303.86
1	232.015
1	219.682
1	314.644
1	199.823
1	179.572
1	227.999
1	188.217
1	124.795
1	158.1
1	232.456
1	140.411
1	177.085
1	265.567
1	159.039
1	201.133
1	163.127
1	145.209
1	216.308
1	205.816
1	173.528
1	146.83
1	245.851
1	264.051
1	224.18
1	166.697
1	222.118
1	235.81
1	198.339
1	172.641
1	138.758
1	238.795
1	303.574
1	150.805
1	352.578
1	163.297
1	206.014
1	171.493
1	134.281
1	171.615
1	222.154
1	256.915
1	161.69
1	180.152
1	245.223
1	247.756
1	242.704
1	164.391
1	162.121
1	212.554
1	196.137
1	169.017
1	196.845
1	171.106
1	193.551
1	243.006
1	243.529
1	239.822
1	143.664
1	198.315
1	291.939
1	193.723
1	203.724
1	159.243
1	273.76
1	226.797
1	220.748
1	185.293
1	245.357
1	317.058
1	219.415
1	294.128
1	252.164
1	366.116
1	146.655
1	191.171
1	130.796
1	170.278
1	248.352
1	315.232
1	187.525
1	198.625
1	225.887
1	221.678
1	348.378
1	158.231
1	202.216
1	134.306
1	331.53
1	210.043
1	211.484
1	261.678
1	125.022
1	239.837
1	283.632
1	228.413
1	187.934
1	166.166
1	179.414
1	186.795
1	168.183
1	186.299
1	357.389
1	177.297
1	279.263
1	278.652
1	157.455
1	177.456
1	184.028
1	371.912
1	242.447
1	205.301
1	177.113
1	201.24
1	136.805
1	219.841
1	230.988
1	162.756
1	236.242
1	181.566
1	152.933
1	125.652
1	270.521
1	187.754
1	271.836
1	230.839
1	175.218
1	179.202
1	169.491
1	210.721
1	207.634
1	140.619
1	204.856
1	260.718
1	255.911
1	192.028
1	224.743
1	238.867
1	173.463
1	212.797
1	302.391
1	209.789
1	333.048
1	168.354
1	245.176
1	242.826
1	170.617
1	171.943
1	182.232
1	179.501
1	153.374
1	208.864
1	249.561
1	188.783
1	175.197
1	145.358
1	175.175
1	235.796
1	179.644
1	188.63
1	230.727
1	226.487
1	210.177
1	186.97
1	160.284
1	216.808
1	207.006
1	274.678
1	324.385
1	172.866
1	173.319
1	244.904
1	265.785
1	267.561
1	165.656
1	201.006
1	291.912
1	145.17
1	238.594
1	150.32
1	202.227
0	20.0779
1	174.694
1	179.762
1	183.594
1	328.229
1	168.592
1	240.75
1	211.703
1	340.159
1	185.424
1	205.353
1	222.168
1	264.999
1	263.914
1	182.168
1	244.355
1	169.683
1	185.033
1	203.741
1	119.713
1	264.012
1	230.402
1	251.122
1	254.345
1	202.385
1	156.225
1	211.97
1	149.292
1	264.551
1	223.158
1	171.413
1	279.804
1	260.861
1	140.145
1	299.265
1	182.442
1	231.121
1	184.514
1	281.946
1	204.98
1	151.005
1	124.597
1	261.316
1	172.811
1	194.749
1	197.99
1	206.947
1	292.584
1	187.225
1	270.541
1	175.383
1	173.238
1	153.072
1	227.713
1	216.215
1	260.525
1	444.273
1	223.591
1	253.389
1	189.641
1	170.791
1	148.513
1	197.129
1	153.24
1	240.578
1	288.185
1	235.724
1	136.753
1	192.345
1	163.289
1	208.206
1	245.739
1	173.904
1	332.272
1	194.499
1	154.347
1	141.049
1	194.622
1	270.727
1	228.743
1	132.647
1	205.679
1	192.427
1	123.956
1	200.037
1	166.646
1	240.402
1	332.318
1	160.398
1	147.152
1	192.129
1	214.802
1	222.697
1	143.107
1	155.594
1	214.837
1	197.717
1	163.915
1	252.013
1	164.048
1	193.28
1	131.436
1	173.905
1	132.974
1	181.152
1	202.613
1	253.538
1	324.246
1	178.41
1	252.661
1	182.732
1	271.096
1	200.19
1	156.031
1	152.086
1	174.476
1	154.004
1	185.459
1	340.128
1	205.695
1	181.623
1	180.888
1	236.007
1	199.836
1	267.298
1	179.134
1	178.209
1	245.919
1	198.747
1	231.263
1	218.43
1	113.557
1	230.25
1	240.664
1	153.723
1	288.261
1	262.689
1	216.793
1	155.269
1	199.598
1	206.525
1	199.204
1	173.961
1	228.827
1	147.303
1	130.051
1	208.991
1	190.875
1	126.35
1	233.582
1	245.275
1	225.555
1	95.1847
1	163.796
1	171.364
1	206.701
1	219.95
1	209.048
1	153.537
1	208.842
1	206.257
1	213.173
1	168.744
1	264.414
1	182.246
1	189.73
1	198.912
1	184.64
1	194.624
1	151.387
1	146.491
1	184.081
1	217.13
1	174.791
1	172.142
1	240.882
1	312.325
1	184.562
1	166.206
1	184.928
1	248.995
1	172.913
1	171.226
1	343.335
1	173.579
1	164.644
1	272.609
1	199.802
1	209.459
1	288.096
1	203.341
1	311.877
1	171.176
1	188.517
1	125.343
1	199.466
1	161.605
1	211.056
1	232.997
1	163.604
1	196.303
1	176.663
1	193.735
1	200.669
1	150.736
1	144.658
1	243.914
1	211.117
1	262.132
1	242.257
1	267.186
1	150.532
1	254.004
1	170.783
1	266.178
1	523.862
1	243.957
1	129.005
1	166.328
1	193.905
1	222.091
1	217.5
1	162.955
1	214.216
1	159.309
1	200.976
1	198.667
1	176.713
1	158.287
1	287.607
1	132.455
1	161.295
1	276.978
1	191.016
1	174.012
1	230.59
1	181.317
1	203.878
1	213.902
1	172.848
1	192.9
1	146.591
1	226.239
1	296.076
1	196.699
1	212.219
1	224.043
1	228.286
1	207.459
1	191.234
1	208.993
1	239.557
1	201.522
1	298.285
1	171.303
1	177.371
1	220.589
1	183.433
1	139.164
1	246.656
1	183.074
1	248.563
1	212.793
1	263.237
1	165.748
1	158.669
1	229.646
1	162.763
1	162.367
1	213.376
1	193.035
1	195.287
1	144.637
1	161.404
1	262.669
1	183.51
1	164.669
1	370.045
1	194.082
1	152.589
1	211.623
1	232.335
1	139.766
1	164.111
1	178.555
1	157.928
1	138.335
1	263.098
1	158.279
1	285.949
1	170.023
1	220.983
1	237.485
1	228.687
1	170.037
1	183.954
1	187.692
1	169.338
1	230.559
1	175.628
1	168.107
1	170.386
1	195.414
1	296.508
1	171.876
1	166.481
1	219.95
1	261.789
1	171.535
1	133.286
1	160.045
1	318.468
1	171.237
1	228.781
1	152.064
1	331.841
1	174.893
1	189.648
1	193.353
1	165.481
1	163.096
1	194.067
1	157.855
1	306.898
1	326.951
1	239.139
1	213.571
1	154.608
1	220.075
1	272.96
1	188.525
1	262.003
1	206.648
0	133.82
1	192.284
1	157.37
1	185.463
1	185.014
1	140.44
1	143.563
1	210.466
1	136.783
1	285.954
1	371.04
1	463.65
1	149.024
1	211.279
1	208.981
1	229.721
1	182.918
1	123.56
1	207.493
1	229.174
1	139.651
1	180.157
1	135.111
1	189.342
1	223.386
1	192.895
1	205.282
1	293.854
1	176.876
1	278.207
1	184.047
1	183.603
1	165.451
1	198.098
1	307.713
1	146.802
1	214.619
1	288.401
1	224.039
1	235.944
1	208.526
1	183.135
1	362.909
1	126.533
1	394.576
1	247.149
1	267.26
1	192.557
1	214.486
1	172.009
1	174.162
1	264.621
1	165.719
0	61.7295
1	130.991
1	174.805
1	264.62
1	181.476
1	249.193
1	208.871
1	170.987
1	349.336
1	186.962
1	165.696
1	159.452
1	168.102
1	141.114
1	150.807
1	216.56
1	197.101
1	254.635
1	169.608
1	174.349
1	172.959
1	229.923
1	159.322
1	150.975
1	229.154
1	172.81
1	199.747
1	208.619
1	156.41
1	207.453
1	268.025
1	340.463
1	317.847
1	216.564
1	200.821
1	177.228
1	329.617
1	216.962
1	193.831
1	201.661
1	296.091
1	174.888
1	226.096
1	205.523
1	164.865
1	257.444
1	255.016
1	160.707
1	146.553
1	194.291
1	151.663
1	166.273
1	196.906
1	209.272
1	199.275
1	151.894
1	138.174
1	132.157
1	222.143
1	239.517
1	203.879
1	240.979
1	152.962
1	279.676
1	255.492
1	216.665
1	148.962
1	234.21
1	215.44
1	209.125
1	269.783
1	170.33
1	208.038
1	373.332
1	188.378
1	144.15
1	144.685
1	168.625
1	238.373
1	314.334
1	199.49
1	173.005
1	183.092
1	155.666
1	146.178
1	200.437
1	180.805
1	203.103
1	136.814
1	181.657
1	168.48
1	144.797
1	138.085
1	162.583
1	165.77
1	199.041
0	97.9784
1	169.349
1	158.574
1	199.349
1	172.142
1	179.562
1	217.138
1	212.735
1	230.796
1	165.412
1	228.694
1	207.15
1	248.967
1	278.954
1	155.898
1	181.297
1	220.609
1	213.569
1	197.559
1	182.768
1	263.133
1	195.973
1	261.168
1	171.662
1	150.838
1	214.53
1	239.815
1	198.164
1	272.059
1	198.482
1	192.206
1	275.416
1	201.427
1	208.349
1	156.418
1	172.773
1	202.899
1	262.715
1	178.345
1	211.469
1	173.677
1	287.207
1	174.835
1	110.978
1	193.312
1	194.07
1	238.325
1	172.183
1	200.959
1	206.769
1	170.389
1	147.082
1	218.791
1	140.034
1	260.8
1	221.346
1	301.142
1	289.91
1	243.37
0	86.3696
0	15.9851
1	238.044
1	195.287
1	255.35
1	191.938
1	158.698
1	230.527
1	199.873
1	161.402
1	288.984
1	258.174
1	158.349
1	168.974
1	215.427
1	200.544
1	142.89
1	222.987
1	182.96
1	228.368
1	153.256
1	295.317
1	214.201
1	237.098
1	183.56
1	252.253
1	210.021
1	286.364
1	162.81
1	203.93
1	241.688
1	288.584
1	209.914
1	279.68
1	168.33
1	183.722
1	150.654
1	227.271
1	163.85
1	165.665
1	241.69
1	221.084
1	241.1
1	256.869
1	177.714
1	236.489
1	177.254
1	204.064
1	157.846
1	285.435
1	239.465
1	157.267
1	130.135
1	217.53
1	132.899
1	205.228
1	291.48
1	221.704
1	194.015
1	133.9
1	173.562
1	189.709
1	196.655
1	176.44
1	128.2
1	196.767
1	198.994
1	203.861
1	184.107
1	221.591
1	163.859
1	116.626
1	221.679
1	171.732
1	173.244
1	236.204
1	167.493
1	191.014
1	185.973
1	183.121
1	199.679
1	117.453
1	424.255
1	194.441
1	212.776
1	184.634
1	201.066
1	299.104
1	200.202
1	181.901
1	180.153
1	153.016
1	166.231
1	216.203
1	164.617
0	24.2155
1	216.209
1	168.333
1	171.689
1	171.543
1	178.952
1	237.099
1	309.037
1	193.555
1	186.827
1	202.354
1	223.035
1	217.476
1	183.852
1	211.16
1	169.719
1	218.531
1	284.96
1	305.425
1	218.159
1	243.205
1	179.054
1	184.468
0	15.1708
1	161.571
1	199.872
1	186.756
1	130.375
1	193.739
1	177.804
1	175.822
1	354.284
1	217.525
1	201.385
1	234.967
1	171.692
1	187.998
1	192.645
1	252.958
1	210.845
1	190.402
1	175.34
1	171.979
1	182.601
1	212.072
1	182.577
1	247.162
1	252.439
1	186.56
1	196.512
1	190.994
1	317.435
1	178.493
1	155.059
1	186.249
1	224.695
1	199.912
1	179.909
1	199.8
1	133.447
1	185.408
1	210.077
1	233.998
1	176.85
1	284.36
1	182.997
1	232.869
1	319.081
1	189.015
1	178.711
1	172.129
1	255.237
1	233.249
1	250.735
1	179.356
1	186.715
1	209.306
1	173.824
1	210.481
1	167.604
1	280.844
1	164.708
1	163.779
1	156.204
1	170.327
1	269.11
1	252.055
0	134.089
1	168.134
1	129.519
1	235.935
1	106.133
1	189.4
1	198.309
1	246.246
1	209.93
1	161.542
1	227.73
1	206.415
1	149.884
1	168.296
1	197.611
1	230.434
1	234.039
1	175.424
1	171.374
1	180.197
1	247.349
1	169.279
1	249.42
1	208.894
1	169.826
1	250.541
1	178.454
1	181.536
1	248.591
1	137.947
1	216.06
1	227.813
1	226.953
1	189.538
1	193.602
1	197.431
1	338.457
1	252.421
1	202.576
1	192.182
1	179.173
1	316.479
1	263.824
1	189.131
1	259.388
1	228.643
1	143.609
1	184.495
1	236.951
1	253.602
1	185.359
1	174.312
1	173.387
1	283.568
1	225.44
1	182.994
1	177.562
1	206.384
1	194.474
1	217.611
1	206.71
1	216.879
1	167.494
1	179.21
1	198.291
1	185.602
1	240.069
1	412.31
1	149.591
1	269.288
1	172.381
1	171.141
1	382.112
1	148.671
1	159.623
1	161.605
1	147.298
1	310.355
1	220.591
1	193.313
1	296.27
1	193.689
1	187.84
1	236.141
1	232.982
1	280.345
1	232.463
1	163.976
1	160.133
1	205.802
1	189.34
1	215.132
1	193.487
1	212.184
1	188.189
1	147.802
1	158.912
1	234.646
1	324.757
1	209.594
1	184.797
1	189.013
1	182.078
1	231.468
1	177.145
1	283.795
1	156.63
1	198.488
1	238.955
1	210.418
1	133.903
1	161.596
1	227.709
1	226.943
1	243.506
1	144.905
1	196.206
1	151.788
1	256.989
1	135.478
1	209.839
1	205.09
1	256.684
1	185.718
1	164.888
1	232.428
1	217.282
1	158.542
1	216.18
1	228.71
1	164.314
1	337.019
1	158.287
1	226.766
1	165.648
1	128.453
1	181.084
1	326.481
1	191.484
1	171.649
1	192.833
1	179.698
1	343.711
1	223.095
1	174.456
1	253.745
1	305.861
1	164.02
1	176.39
0	54.5833
1	204.658
1	186.347
1	182.042
1	192.471
1	221.38
1	350.687
1	274.288
1	151.462
1	276.343
1	158.835
1	126.781
1	186.508
1	231.778
1	189.736
1	269.351
1	165.094
1	210.661
1	235.253
1	179.861
1	217.306
1	271.317
1	227.976
1	274.461
1	180.712
1	183.498
1	234.203
1	142.971
1	218.602
1	190.51
1	174.433
1	169.112
1	271.336
1	150.918
1	166.493
1	179.176
1	333.273
1	225.349
1	200.622
1	138.653
1	272.362
1	222.266
1	170.053
1	320.042
1	122.907
1	264.26
1	189.335
1	282.223
1	219.931
1	173.672
1	230.137
1	180.472
1	168.575
1	170.948
1	184.039
1	155.931
1	127.362
1	230.614
1	222.327
1	155.763
1	188.793
1	173.499
1	205.372
1	281.114
1	203.401
1	175.057
1	145.781
1	194.099
1	176.653
1	190.875
1	253.096
1	188.822
1	197.152
1	191.187
1	201.613
1	159.055
1	140.783
1	170.755
1	181.232
1	159.804
1	126.319
1	227.524
1	265.115
1	299.55
1	207.214
1	217.898
1	202.029
1	179.82
1	152.055
1	233.945
1	137.075
1	237.837
1	181.922
1	208.028
1	211.169
1	176.122
1	143.916
1	188.71
1	176.323
1	271.508
1	228.931
1	222.245
1	183.726
1	207.852
1	152.025
1	164.775
1	295.492
1	336.238
1	147.738
1	241.672
1	189.493
0	138.672
1	207.309
1	247.92
1	230.377
1	212.331
1	170.322
1	171.078
1	155.3
1	412.28
1	329.527
1	180.875
1	184.747
1	175.314
1	135.207
1	297.01
1	161.034
1	216.196
1	114.562
1	178.094
1	305.348
0	23.9006
1	334.409
1	151.036
1	172.367
1	208.888
1	212.128
1	172.092
1	163.564
1	223.012
1	224.97
1	217.199
1	150.439
1	238.288
1	191.438
1	200.061
1	242.786
1	167.743
1	218.946
1	243.459
1	208.388
1	175.533
1	219.001
1	206.057
1	143.609
1	227.873
1	189.943
1	185.987
1	210.191
1	179.91
1	238.732
1	171.079
1	177.273
1	249.292
1	250.233
1	193.728
1	223.976
1	371.26
1	182.401
1	163.156
1	158.478
1	158.633
1	215.218
1	178.835
1	212.97
1	323.572
1	141.418
1	205.347
1	167.734
1	231.465
1	299.882
1	172.342
1	301.415
1	182.14
1	194.828
1	199.188
1	202.796
1	205.316
1	198.712
1	217.894
1	337.558
1	186.818
1	257.086
1	181.102
1	144.736
1	228.838
1	166.033
1	286.655
1	201.925
1	184.867
1	150.389
1	150.432
1	181.437
1	172.168
1	161.458
1	219.342
1	151.698
1	192.437
1	267.543
1	575.164
1	237.94
1	206.802
1	168.825
1	147.574
1	195.66
1	260.934
1	236.02
0	1.82724
1	209.938
1	197.77
1	246.549
1	301.682
1	182.702
1	171.722
1	152.623
1	235.089
1	296.419
1	231.295
1	168.195
1	230.284
1	171.875
1	191.115
1	206.579
1	370.935
1	212.617
1	186.255
1	159.298
1	209.128
1	196.164
1	399.541
1	178.915
1	188.96
1	130.289
1	168.694
1	207.678
1	253.932
1	201.972
1	211.76
1	222.82
1	215.415
1	221.011
1	240.843
1	217.924
1	176.57
1	202.704
1	190.633
1	149.153
1	194.185
1	212.212
1	189.729
1	236.941
1	200.496
1	175.944
1	187.256
1	184.947
1	204.76
1	221.288
1	167.459
1	206.88
1	279.925
1	194.769
1	141.395
1	262.021
1	193.648
1	279.479
1	143.085
1	201.323
1	235.552
1	246.932
1	161.344
1	142.243
1	257.806
1	236.566
1	141.83
1	241.016
1	269.708
1	239.375
1	209.812
1	175.13
1	204.368
1	142.916
1	219.843
1	210.587
1	167.344
1	316.969
1	211.041
1	209.319
1	140.343
1	144.103
1	284.587
1	152.113
1	192.944
1	261.949
1	257.682
1	233.365
1	219.206
1	160.255
1	264.642
1	234.165
1	238.026
1	125.608
1	237.043
1	221.487
1	196.419
1	208.904
1	250.618
1	179.962
1	248.123
1	245.304
1	165.667
1	204.023
0	32.2546
1	152.652
1	179.285
1	191.147
1	235.384
1	163.008
1	336.214
1	148.314
1	165.946
1	159.567
1	233.242
1	281.197
1	276.099
1	159.819
1	254.474
1	220.624
1	186.78
1	190.149
1	248.353
1	204.929
1	272.869
1	192.153
1	217.734
1	184.229
1	173.583
1	117.967
1	179.604
1	195.874
1	214.633
1	150.206
1	203.718
1	273.763
1	184.469
1	148.621
1	185.309
1	193.617
1	116.07
1	299.24
1	221.705
1	314.966
1	228.509
1	162.75
1	276.099
1	161.279
1	147.355
1	228.918
1	121.258
1	167.355
1	219.451
1	218.037
1	240.094
0	69.5791
1	189.772
1	152.52
1	199.244
1	233.112
1	156.896
1	133.451
1	207.219
1	203.013
1	268.851
1	227.829
1	214.013
1	136.487
1	208.499
1	201.207
1	213.431
1	191.106
1	218.406
1	200.273
1	183.104
1	256.593
1	165.586
1	174.782
1	225.59
1	205.446
1	160.603
1	353.06
1	199.685
1	116.89
1	202.104
1	273.47
1	249.518
1	182.89
1	175.484
1	203.719
0	4.52499
1	197.695
1	155.384
1	275.627
1	189.679
1	241.663
1	181.855
1	180.473
1	279.078
1	167.856
1	138.926
1	178.539
1	305.498
1	186.695
1	174.558
1	224.247
1	141.531
1	273.21
1	285.507
1	167.195
1	284.107
1	188.478
1	343.3
1	224.032
1	263.991
1	200.532
1	170.966
1	160.531
1	415.657
1	209.295
1	192.162
1	207.806
1	186.897
1	175.213
1	197.893
1	248.889
1	317.165
1	162.62
1	182.152
0	100.513
1	114.176
1	201.84
1	221.184
1	181.514
1	174.633
1	209.853
1	144.38
1	187.466
1	239.957
1	253.073
1	195.678
1	181.575
1	286.283
1	347.871
1	148.846
1	205.645
1	174.885
1	205.516
1	187.241
1	185.083
1	138.909
1	179.033
1	272.78
1	233.401
1	160.294
1	175.293
1	165.164
1	185.549
1	227.911
1	214.814
1	237.257
1	160.644
1	173.112
1	178.638
1	183.352
1	215.156
1	142.416
1	209.39
1	190.405
1	219.005
1	192.816
1	141.99
1	146.213
1	174.067
1	258.976
1	284.839
1	206.502
1	186.981
1	210.644
1	289.853
1	187.758
1	186.512
1	199.38
1	167.67
1	223.991
1	207.26
1	276.825
1	240.91
1	245.508
1	210.935
1	186.332
1	138.957
1	250.123
1	197.981
1	147.107
1	173.338
1	227.094
1	203.248
1	194.904
1	188.189
1	251.193
1	141.559
1	164.326
1	173.115
1	180.008
1	127.374
1	126.274
1	179.769
1	223.123
1	199.389
1	308.155
1	421.712
1	170.275
1	185.736
1	441.664
1	188.188
1	133.522
1	185.695
1	149.557
1	156.986
1	242.195
1	258.538
1	232.001
1	174.402
1	179.143
1	212.331
1	188.349
1	199.373
1	279.981
1	268.346
1	222.804
1	204.942
1	246.336
1	181.07
1	136.266
1	244.195
1	213.171
1	180.359
1	288.869
1	234.539
1	292.205
1	280.375
1	245.002
1	192.858
1	158.625
1	196.649
1	181.271
1	200.809
1	260.971
1	181.496
1	181.818
1	173.132
1	184.09
1	167.421
1	182.334
1	157.083
1	223.263
1	234.289
1	227.894
1	150.186
1	136.564
1	174.016
1	177
1	170.791
1	206.482
1	193.923
1	133.234
1	175.075
1	163.47
1	227.904
1	162.181
1	265.166
1	179.642
1	135.287
1	247.198
1	257.627
1	165.504
1	155.796
1	214.897
1	164.797
1	146.666
1	193.074
1	197.609
1	161.124
1	199.094
1	171.054
1	190.355
1	144.242
1	170.99
1	244.801
1	316.258
1	228.652
1	175.165
1	426.006
1	198.988
1	152.287
1	259.923
1	210.813
1	155.542
1	185.032
1	191.68
1	224.583
1	204.769
1	275.563
1	199.958
1	140.758
1	159.479
1	138.768
1	201.867
1	156.323
1	256.262
1	260.08
1	218.513
1	281.263
1	210.348
1	171.424
1	126.068
1	185.98
1	237.313
1	247.367
1	174.117
1	237.057
1	143.962
1	310.606
1	247.392
1	142.825
1	172.635
1	211.728
1	197.908
1	216.499
1	209.725
1	241.469
1	165.2
1	186.379
1	254.355
1	246.552
1	169.506
1	243.428
1	178.356
1	174.877
1	224.728
1	194.46
1	154.237
1	212.944
1	177.53
1	139.304
1	139.235
1	233.752
1	339.225
1	261.048
1	241.294
1	159.8
1	313.274
1	176.99
1	196.638
1	189.958
1	166.326
1	266.856
1	174.629
1	166.872
1	155.255
1	205.205
1	318.663
1	251.375
1	213.381
1	220.565
1	135.418
1	235.564
1	203.057
1	279.154
1	220.586
1	192.695
1	229.237
1	256.326
1	177.541
1	159.087
1	145.088
1	138.232
1	205.887
1	232.972
1	159.987
0	32.4576
1	141.04
1	144.486
1	253.75
1	179.926
1	131.657
1	173.074
1	219.669
1	222.218
1	196.578
1	204.074
1	168.865
1	137.177
1	249.32
1	164.842
1	180.254
1	196.477
1	129.639
1	303.152
1	183.53
1	130.029
1	179.704
1	180.325
1	155.074
1	135.624
1	139.048
1	176.466
1	161.74
1	210.841
1	331.898
1	247.188
1	208.471
1	183.343
1	163.134
1	184.295
1	316.972
1	143.404
1	173.611
1	186.59
1	429.385
1	165.724
1	188.945
1	225.016
1	182.362
1	167.979
1	234.396
1	141.733
1	260.267
1	217.429
1	139.146
1	176.449
1	206.787
1	188.719
1	194.156
1	275.873
1	325.166
1	151.814
1	164.417
1	201.542
1	198.82
1	131.58
1	203.161
1	210.903
1	172.772
1	266.981
1	180.476
1	136.84
1	158.135
1	232.884
1	185.474
1	270.676
1	265.176
1	177.732
1	253.99
1	167.238
1	185.824
1	180.535
1	255.695
1	140.653
1	179.263
1	179.501
1	282.055
0	16.3958
1	266.246
1	159
1	241.942
1	151.425
1	109.271
1	171.922
1	171.409
1	183.533
1	229.36
1	175.534
1	160.836
1	234.189
1	238.194
1	201.496
1	140.003
1	248.47
1	169.159
1	221.688
1	193.719
1	139.446
1	228.448
1	227.071
1	170.061
1	142.806
1	222.092
1	272.223
1	320.347
1	176.788
1	139.876
1	256.796
1	215.938
1	234.704
1	214.582
1	172.339
1	232.007
1	200.669
1	145.885
1	152.032
1	156.742
1	242.172
1	183.132
1	230.167
1	121.462
1	159.101
1	176.199
1	223.677
1	268.015
1	247.004
1	150.438
1	241.527
1	257.002
1	248.108
1	174.522
1	167.595
1	182.794
1	204.653
1	275.111
1	200.197
1	209.881
1	194.487
1	210.134
1	223.884
1	181.169
1	234.757
1	182.39
1	150.251
1	145.129
0	36.4442
1	209.617
1	506.09
1	175.797
1	231.085
1	198.183
1	195.962
1	210.276
1	230.867
1	142.636
1	230.271
1	238.141
1	192.415
1	210.243
1	233.376
1	234.977
1	171.062
1	243.093
1	212.934
1	200.684
1	255.318
1	263.754
1	169.187
1	200.421
1	120.728
1	187.301
1	231.084
1	191.019
1	215.03
1	289.069
1	213.21
1	269.94
1	160.745
1	152.567
1	245.628
1	239.26
1	338.723
1	162.467
1	162.036
1	131.555
1	151.298
1	199.885
1	303.089
1	188.089
1	155.102
1	209.326
1	159.18
1	142.527
1	173.435
1	175.954
1	136.619
1	258.262
0	1.57118
1	223.144
1	168.46
1	179.731
1	175.118
1	155.813
1	210.082
1	324.181
1	162.225
1	218.866
1	154.653
1	264.911
1	237.578
1	231.527
1	222.309
1	236.876
1	138.104
1	156.882
1	139.4
1	179.686
1	278.93
0	56.7095
1	207.136
1	257.003
1	185.136
1	228.258
1	255.23
1	229.616
1	176.503
1	220.442
1	179.309
1	155.571
1	199.224
1	245.183
1	215.986
1	215.185
1	308.774
1	159.243
1	175.484
1	186.512
1	217.138
1	176.71
1	197.967
0	70.5074
1	270.87
1	163.527
1	193.302
1	139.454
1	232.723
1	158.614
1	153.525
1	278.124
1	188.45
1	135.661
1	291.989
1	151.102
1	141.665
1	208.867
1	192.536
1	206.357
1	233.582
1	227.59
1	207.156
1	128.262
1	198.308
1	240.743
1	216.43
1	138.683
1	158.81
1	187.266
1	217.934
1	127.05
1	123.787
1	205.6
1	196.522
1	282.969
1	227.468
1	195.991
1	182.344
1	188.634
1	171.822
1	129.227
1	189.071
1	327.498
1	217.411
1	207.071
1	158.328
1	258.436
1	191.888
1	272.977
1	226.465
1	175.315
1	179.291
1	252.988
1	213.606
1	156.691
1	240.559
1	172.894
1	239.582
1	229.898
1	198.036
1	161.296
1	260.927
1	211.697
1	214.803
1	210.988
1	172.086
1	195.487
1	159.371
1	191.455
1	187.09
1	163.454
1	133.829
1	163.097
1	217.381
1	164.461
1	190.527
1	222.313
1	224.794
1	185.806
1	205.557
1	214.245
1	241.713
1	183.638
1	339.867
1	331.461
1	209.1
1	214.9
1	232.462
1	173.368
1	182.28
1	147.818
1	193.461
1	236.721
1	194.132
1	258.475
1	243.49
1	160.747
1	170.784
1	528.346
1	140.032
1	144.134
1	162.124
1	186.708
1	294.241
1	194.491
1	240.264
1	159.479
1	287.229
1	166.072
1	270.749
1	144.788
1	176.027
1	198.903
1	271.241
1	149.416
1	146.794
1	157.376
1	99.6512
1	187.592
1	270.663
1	162.053
1	189.905
1	259.241
1	189.591
1	252.188
1	250.388
1	162.692
1	347.946
1	218.497
1	274.968
1	401.103
1	194.892
1	151.569
1	143.253
1	207.675
1	179.64
1	318.493
1	171.38
1	245.54
1	166.512
1	141.187
1	176.801
1	201.241
1	255.158
1	334.189
1	200.036
1	206.949
1	146.295
1	267.477
1	149.237
1	400.525
1	180.387
1	210.706
1	233.955
1	132.165
1	186.036
1	150.847
1	158.859
1	245.826
1	173.934
1	236.229
1	183.85
1	275.216
1	285.018
1	260.611
1	199.65
1	185.873
1	204.289
1	296.872
1	205.768
1	276.844
1	274.086
1	187.1
1	175.038
1	163.589
1	203.047
1	380.762
1	168.892
1	223.971
1	220.599
1	222.744
1	210.811
1	201.101
1	280.018
1	148.214
1	156.299
1	342.613
1	198.467
1	195.481
1	148.275
1	165.556
1	133.442
1	166.849
1	183.892
1	206.464
1	164.317
1	198.997
1	203.494
1	198.549
1	207.241
1	128.827
1	205.431
1	281.323
1	155.493
1	162.698
1	167.906
1	160.815
1	145.272
1	283.987
1	236.18
1	179.003
1	201.645
1	171.326
1	209.002
1	217.72
1	169.821
1	196.102
1	151.896
1	168.841
1	134.271
1	191.458
1	189.082
1	148.871
1	162.23
1	145.629
1	244.969
1	174.063
1	247.176
1	200.809
1	176.511
1	147.028
1	165.785
1	199.654
1	87.2706
1	197.624
1	155.029
1	179.333
1	192.984
1	150.21
1	209.639
1	160.863
1	147.362
1	173.736
1	194.969
1	161.807
1	177.372
1	170.435
1	245.704
1	151.101
1	168.796
1	166.817
1	247.893
1	129.941
1	175.442
1	156.068
0	78.9619
1	242.438
1	245.96
1	337.331
1	162.957
1	227.792
1	209.856
1	124.394
1	156.067
1	177.903
1	143.922
1	223.445
1	178.722
1	217.008
1	168.46
1	181.756
1	159.418
1	142.979
1	200.763
1	175.724
1	226.084
1	181.413
1	173.669
1	153.704
1	229.025
1	256.773
1	167.128
1	221.251
1	186.281
1	189.796
1	175.681
1	184.95
1	135.948
1	301.234
1	189.509
1	211.376
1	194.108
1	250.042
1	140.753
1	257.185
1	243.432
1	144.22
1	183.654
1	159.222
1	236.034
1	151.878
1	242.733
1	145.172
1	218.394
1	205.822
1	167.803
1	215.569
1	230.496
1	139.066
1	162.32
1	185.657
1	167.242
1	221.833
1	176.424
1	184.154
1	231.887
1	126.411
1	214.761
1	131.347
1	253.606
1	200.547
1	164.9
1	157.823
1	230.125
1	161.232
1	166.585
1	232.176
1	198.484
1	235.831
1	164.816
1	205.777
1	156.101
1	151.416
1	245.633
1	159.946
1	186.92
1	179.014
1	157.819
1	165.094
1	160.308
1	274.037
1	169.833
1	224.99
1	191.82
1	227.352
1	270.457
1	142.311
1	226.744
1	207.467
1	170.731
1	210.961
1	125.265
1	224.457
1	251
1	367.255
1	200.149
0	45.0616
1	135.176
1	186.777
1	193.696
1	370.042
1	252.277
1	279.41
1	190.546
1	211.883
1	247.556
1	244.654
1	134.861
1	256.821
1	264.334
1	222.05
1	229.997
1	205.828
1	312.079
1	222.624
1	217.037
1	234.95
1	155.283
1	196.139
1	325.484
1	202.189
1	217.008
1	157.157
1	271.646
1	106.163
1	253.456
1	179.06
1	157.55
1	181.68
1	147.033
1	148.045
1	209.54
1	189.037
1	198.731
1	225.627
1	150.421
1	147.236
1	189.563
1	198.851
1	151.88
1	187.715
1	195.058
1	233.333
1	289.909
1	156.862
1	183.11
1	157.453
1	220.529
1	269.576
1	143.075
1	206.592
1	213.182
1	140.085
1	164.753
1	179.524
1	209.378
1	222.318
1	170.927
1	178.638
1	206.496
1	369.692
1	308.181
1	222.87
1	307.089
1	162.271
0	47.8063
1	300.493
1	202.927
1	252.916
1	200.132
1	201.554
1	313.884
1	206.683
1	218
1	230.844
1	188.852
1	158.78
1	238.55
1	243.902
1	183.252
1	158.866
1	178.138
1	219.588
1	261.299
1	230.759
1	404.804
1	201.04
1	268.68
1	197.304
1	171.35
1	163.571
1	221.319
1	169.843
1	214.162
1	213.449
1	140.394
1	309.463
1	190.663
1	201.231
1	130.399
1	165.21
1	202.399
1	291.804
1	237.543
1	336.906
1	210
1	128.608
1	157.118
1	277.783
1	255.64
1	181.712
1	176.213
1	213.804
1	230.518
1	158.18
1	189.027
1	232.199
1	160.332
1	235.171
1	222.451
1	135.319
1	153.003
1	207.753
1	241.284
1	319.396
1	135.12
1	230.69
1	269.828
1	170.434
1	199.728
1	219.542
1	305.565
1	227.147
1	178.015
1	192.086
1	165.976
1	190.7
1	218.728
1	159.955
1	141.521
1	173.063
1	231.129
1	283.373
1	161.977
1	202.128
1	212.308
1	160.361
1	233.955
1	188.302
1	203.528
1	159.649
1	166.711
1	182.734
1	162.368
1	162.743
1	152.705
1	227.212
1	206.962
1	197.883
1	137.306
1	195.151
1	228.327
1	222.64
1	180.334
1	153.401
1	294.424
1	241.422
1	193.733
1	221.441
1	144.275
1	201.124
1	411.784
1	173.419
1	151.45
1	144.795
1	278.06
1	240.923
1	203.922
1	157.727
1	154.154
1	231.391
1	172.791
1	235.571
1	130.565
1	161.262
1	232.419
1	168.999
1	195.778
1	177.834
1	213.489
1	165.96
1	173.313
1	209.153
1	226.931
1	240.814
1	167.715
1	164.16
1	180.533
1	191.584
1	271.216
1	248.574
1	412.299
1	255.227
1	181.669
1	261.845
1	240.353
1	204.009
1	107.549
1	197.483
1	175.67
1	204.309
1	148.069
1	153.973
1	201.906
1	144.673
1	198.575
1	225.702
1	164.727
1	165.545
1	267.347
1	230.741
1	226.426
1	178.994
1	241.733
1	212.445
1	256.144
1	171.164
1	176.986
1	163.272
1	165.227
1	184.058
1	180.714
1	283.027
1	435.989
1	166.956
1	181.469
1	250.753
1	238.613
1	238.028
1	291.366
1	156.957
1	210.554
1	195.979
1	146.739
1	194.176
1	186.033
1	218.318
1	298.721
1	251.155
1	227.256
1	203.224
1	138.23
1	248.062
1	220.702
1	182.705
1	193.549
1	118.624
1	169.616
1	231.146
1	195.728
1	236.545
1	206.812
1	174.13
1	194.13
1	213.629
1	198.023
1	287.544
1	121.406
1	321.622
1	326.97
1	168.457
1	422.038
1	209.794
1	193.943
1	129.289
1	138.365
1	217.208
1	343.809
1	272.564
1	256.976
1	451.409
1	182.525
1	176.96
1	223.073
1	189.529
1	157.713
1	134.216
1	190.928
1	166.104
1	219.781
1	225.665
1	163.735
1	164.3
1	233.743
1	362.588
1	178.672
1	162.232
1	249.819
1	136.9
1	163.509
1	190.796
1	216.11
1	246.273
1	176.557
1	182.397
1	194.546
1	201.047
1	174.024
1	123.608
1	122.556
1	133.148
1	195.797
1	190.884
1	376.076
1	203.043
1	208.611
1	176.269
1	158.164
1	187.963
1	114.893
1	145.649
1	154.035
1	198.662
1	209.628
1	239.476
1	179.223
1	197.125
1	290.493
1	188.875
1	202.5
1	189.999
1	210.268
1	261.875
1	155.899
1	169.423
1	321.971
1	232.031
1	173.653
1	227.715
1	213.771
1	185.202
1	210.758
1	202.245
1	175.424
1	234.586
1	254.306
1	179.426
1	200.284
1	231.327
1	184.621
1	155.807
1	233.357
1	255.901
1	418.766
1	192.825
1	253.29
1	216.228
1	226.632
1	160.925
1	214.807
1	258.77
1	186.915
1	118.721
1	169.231
1	276.082
1	159.362
1	140.547
1	187.089
1	267.109
1	206.36
1	276.548
1	228.374
1	148.256
1	149.452
1	218.834
1	195.045
1	217.898
1	153.844
1	185.826
1	250.582
1	210.235
1	171.869
1	152.708
1	345.454
1	249.592
1	271.16
1	221.082
1	152.417
1	180.48
1	198.311
1	180.456
1	183.324
1	161.474
1	210.428
1	219.194
1	283.533
1	199.105
1	187.939
1	262.276
1	232.912
1	302.61
1	170.668
1	283.729
1	292.256
1	249.561
1	230.817
1	151.492
1	193.409
1	226.817
1	286.966
1	136.034
1	161.413
1	188.097
1	143.954
1	209.713
1	213.523
1	200.727
0	107.521
1	172.038
1	177.973
1	269.031
1	304.719
1	238.761
1	297.834
1	252.964
1	155.654
1	351.279
1	148.074
1	180.709
1	265.192
1	153.345
1	221.298
1	146.522
1	185.422
1	206.096
1	194.134
1	177.295
1	178.626
1	184.55
1	175.829
1	201.888
1	246.303
1	169.642
1	195.529
1	197.517
1	216.283
1	250.823
1	110.768
1	233.154
1	136.569
0	134.506
1	169.283
1	224.441
1	160.915
1	145.445
1	162.559
1	204.316
1	360.69
1	167.04
1	273.12
1	245.736
1	194.862
1	160.031
1	268.809
1	214.152
1	161.36
1	228.574
1	197.004
1	164.499
1	202.811
1	132.384
1	192.175
1	218.841
1	173.207
1	317.938
1	169.254
1	155.726
1	183.27
1	149.697
1	203.527
1	215.125
1	196.306
1	197.98
1	143.295
1	129.775
1	162.322
1	187.453
1	116.158
1	341.244
1	254.695
1	201.676
1	112.959
1	221.021
1	136.329
1	221.959
1	179.586
1	142.815
1	224.159
1	165.582
1	133.298
1	175.243
1	561.597
1	292.808
1	227.252
1	184.838
1	195.128
1	298.611
1	156.807
1	228.315
1	247.216
1	187.373
1	294.985
1	165.156
1	198.938
1	244.484
1	181.459
1	156.491
1	188.311
1	260.702
1	260.8
1	155.924
1	215.6
1	247.228
1	166.805
1	223.182
1	240.982
1	255.545
1	352.036
1	252.023
1	212.769
1	180.032
1	221.902
1	216.287
1	175.994
1	285.768
1	239.089
1	240.273
1	196.732
1	214.908
1	182.307
1	271.419
1	205.824
1	208.312
1	197.239
1	294.049
1	154.948
1	212.758
1	138.9
1	192.618
1	161.614
1	188.872
1	130.829
1	287.677
1	179.027
1	153.999
1	280.476
1	213.656
1	277.807
1	231.395
1	127.563
1	188.834
1	251.159
1	165.627
1	291.029
1	332.716
1	197.317
1	199.82
1	205.265
1	189.094
1	233.857
1	136.214
1	311.28
1	169.92
1	208.155
1	147.122
1	315.892
1	160.034
1	190.697
1	147.359
1	255.914
1	222.664
1	252.961
1	173.921
1	253.153
1	249.969
0	29.0965
1	275.103
1	245.783
1	245.487
1	239.143
1	140.431
1	211.45
1	170.403
1	223.743
1	240.661
1	186.768
1	147.755
1	167.685
1	284.981
1	277.635
1	193.87
1	164.031
1	164.378
1	143.395
1	220.624
1	174.366
1	152.262
1	123.51
0	4.22136
1	222.242
1	173.102
1	227.019
1	175.54
1	159.558
1	190.547
1	160.488
1	194.479
1	155.984
1	174.133
1	225.05
1	247.87
1	239.141
1	310.767
1	249.179
1	197.229
1	199.492
1	187.089
1	169.495
1	207.509
1	240.065
1	179.972
1	247.278
1	182.09
1	221.088
1	177.672
1	169.62
1	160.297
1	169.491
1	189.252
1	205.505
1	135.935
1	201.032
1	205.021
1	309.196
1	203.167
1	218.89
1	200.259
1	262.905
1	151.115
1	173.827
1	148.092
1	188.843
1	213.708
1	129.318
1	181.678
1	288.495
1	259.914
1	164.496
1	139.25
1	200.135
1	176.253
1	182.451
1	218.384
1	137.925
1	217.234
1	211.446
1	183.174
1	257.831
1	231.289
1	187.972
1	179.17
1	188.41
1	143.349
1	190.346
1	166.982
1	263.784
1	290.666
1	185.799
1	276.783
1	188.417
1	174.83
1	206.954
1	192.998
1	189.39
1	191.14
1	265.305
1	210.958
1	226.757
1	138.759
1	217.539
1	162.974
1	138.569
1	201.821
1	254.559
1	134.559
1	219.131
1	216.363
1	205.028
1	157.255
1	340.992
1	177.611
1	215.324
1	200.05
1	287.596
1	196.698
1	154.555
1	264.895
1	211.991
1	199.138
1	235.975
1	362.414
1	250.619
1	158.459
1	170.821
1	251.711
1	163.926
1	181.958
1	156.617
1	146.132
1	189.602
1	183.076
1	240.546
1	178.16
1	144.864
1	200.7
1	232.413
1	147.039
1	128.06
1	188.847
1	168.112
1	183.14
1	234.896
1	250.514
1	193.425
1	208.089
1	186.736
1	278.914
1	277.978
1	143.609
1	150.446
1	211.496
1	224.208
1	166.824
1	222.24
1	384.491
1	200.157
1	207.499
1	200.95
1	202.153
1	182.037
1	182.055
1	343.237
1	162.87
1	174.759
1	218.429
1	223.916
1	193.664
1	278.713
1	157.953
1	204.023
1	177.487
1	217.155
1	188.659
1	214.505
1	238.696
1	280.399
1	173.016
1	173.299
1	284.697
0	12.0847
1	174.679
1	185.097
1	257.519
1	227.735
1	209.912
1	202.041
1	189.915
1	179.303
1	147.943
1	199.21
1	159.575
1	192.493
1	164.044
1	153.168
1	146.229
1	249.565
1	243.754
1	168.163
1	185.028
1	160.909
1	129.998
1	245.797
1	121.182
1	267.261
1	149.364
1	240.701
1	192.594
1	191.372
1	308.731
1	224.712
1	145.054
1	147.963
1	261.691
1	225.922
1	138.503
1	204.67
1	195.645
1	198.227
1	117.074
1	178.9
1	144.218
1	145.086
1	245.289
1	180.864
1	219.239
1	190.536
1	225.267
1	153.867
1	156.786
1	239.113
1	173.867
1	190.256
1	234.305
1	197.998
1	268.91
1	195.049
1	239.072
1	245.731
1	135.367
1	210.081
1	217.195
1	158.246
1	164.272
1	219.685
1	165.892
1	172.776
1	200.891
1	187.259
1	197.246
1	159.212
1	209.063
1	209.585
1	199.937
1	202.387
1	236.341
1	266.694
1	141.209
1	215.24
1	174.071
1	135.451
1	154.778
1	163.651
1	256.199
1	170.672
1	190.903
1	186.328
1	182.008
1	257.221
1	237.491
1	126.789
1	170.636
1	182.536
1	317.254
1	286.658
1	187.086
1	171.318
1	304.758
1	392.674
1	207.662
1	289.315
1	172.59
1	294.93
1	185.618
1	163.858
1	153.607
1	213.105
1	182.141
1	202.048
1	205.971
1	167.111
1	192.301
1	180.875
1	159.558
1	253.146
1	186.955
1	217.29
1	151.739
1	133.986
1	281.837
1	183.607
1	247.274
1	141.895
1	218.216
1	157.681
1	163.443
1	148.294
1	258.132
1	225.983
1	142.711
1	207.433
1	260.514
1	210.123
1	194.044
1	172.904
0	103.278
1	253.192
1	172.923
1	426.889
1	267.418
1	159.113
1	150.474
1	138.752
1	195.634
1	259.3
1	264.872
1	217.24
1	249.659
1	168.914
1	311.816
1	215.656
1	209.478
1	266.428
1	192.846
1	209.433
1	270.686
1	189.796
1	169.024
1	222.965
1	166.853
1	244.14
1	150.591
1	225.123
1	262.956
1	192.983
1	200.672
1	198.443
1	185.93
1	162.311
1	146.578
1	208.819
1	172.741
1	142.178
1	148.205
1	175.929
1	176.059
1	204.676
1	179.6
1	156.866
1	207.703
1	216.142
1	167.416
1	144.335
1	191.281
1	228.702
1	175.027
1	296.114
1	196.059
1	278.025
1	200.49
1	170.989
1	210.265
1	150.543
1	230.418
1	236.241
1	186.34
1	221.132
1	166.169
1	210.452
1	236.615
1	167.944
1	301.325
1	226.286
1	210.138
1	181.577
1	246.599
1	203.329
1	173.946
1	216.358
1	113.787
1	189.069
1	134.816
1	318.012
1	298.194
1	162.191
1	187.951
1	178.68
1	143.881
1	271.748
1	258.529
1	146.743
1	162.829
1	182.607
1	159.028
1	147.004
1	172.984
1	207.013
1	226.236
1	149.77
1	261.581
1	140.349
1	143.124
1	301.607
1	250.614
1	277.74
1	210.315
1	292.54
1	215.7
1	166.102
1	289.11
1	256.088
1	204.493
1	179.359
1	179.775
1	277.667
0	126.937
1	164.946
1	236.008
1	309.581
1	273.755
1	196.637
1	166.78
1	143.577
1	190.468
1	156.854
1	276.499
1	162.351
1	190.259
1	206.325
1	223.249
1	172.211
1	237.591
1	175.853
1	164.722
1	173.519
1	129.435
1	131.978
1	203.706
1	145.203
1	200.702
1	229.202
1	337.115
1	280.214
1	179.268
1	175.288
1	169.887
1	193.586
1	235.513
1	178.231
1	190.203
1	254.748
1	196.139
1	201.993
1	173.859
1	165.205
1	171.587
1	234.267
1	213.798
1	170.789
1	205.481
1	182.77
1	223.668
1	216.738
1	294.224
1	157.631
1	194.486
1	212.293
1	237.673
1	234.339
1	327.549
1	220.662
1	264.004
1	199.744
1	255.503
1	250.05
1	175.153
1	175.317
1	144.194
1	329.945
1	172.698
1	177.759
1	169.851
1	127.541
1	164.268
1	138.307
1	183.105
1	227.975
1	218.635
1	168.689
1	174.688
1	153.535
1	220.594
1	156.489
1	213.599
1	351.176
1	214.219
1	198.967
1	213.59
1	218.975
1	235.368
1	159.933
1	160.003
1	221.505
1	210.35
1	181.797
1	170.624
1	209.413
1	174.893
1	194.097
1	199.603
1	175.296
1	250.737
1	203.857
0	19.8477
1	146.805
1	218.748
1	158.768
1	211.442
1	188.897
1	244.124
1	283.042
1	207.396
1	144.663
1	221.933
1	326.43
1	134.098
1	127.38
1	179.824
1	205.889
1	187.257
1	203.928
1	202.869
1	214.593
1	355.305
1	119.765
1	147.756
1	119.354
1	215.506
1	244.203
1	297.773
1	132.609
1	194.584
1	256.554
1	140.258
1	146.604
1	162.06
1	170.459
1	173.417
1	221.424
1	233.031
1	227.834
1	171.434
1	165.768
1	137.319
1	230.49
1	158.887
1	262.304
1	229.634
1	177.875
1	173.447
1	125.618
1	188.527
1	184.53
1	178.083
1	142.747
1	187.931
1	190.243
1	170.692
1	163.723
1	210.369
1	231.768
1	248.732
1	174.973
1	149.619
1	128.644
1	214.464
1	303.47
1	168.827
1	166.549
1	191.486
1	194.73
1	162.701
1	186.92
1	110.694
1	222.172
1	168.297
1	276.747
1	215.818
1	158.815
1	221.799
1	159.382
1	177.856
1	182.949
1	194.206
1	154.179
1	117.138
1	231.503
1	250.421
1	198.103
1	193.72
1	235.941
1	145.842
1	204.178
1	166.508
1	164.775
1	277.581
1	140.538
1	186.723
1	164.296
1	226.361
1	146.885
1	236.224
1	180.155
1	247.258
1	280.129
1	157.715
1	314.781
1	188.495
1	223.123
1	139.683
1	228.645
1	221.257
1	265.444
1	163.654
1	306.169
1	194.889
1	174.153
1	178.463
1	152.942
1	208.337
1	167.556
1	180.693
1	165.8
1	206.498
1	182.214
1	235.425
1	132.628
1	190.081
1	203.359
1	206.824
1	238.668
1	203.541
1	251.768
1	206.15
1	221.162
1	176.35
1	229.031
1	166.415
1	175.572
1	150.691
1	152.242
1	189.083
1	183.491
1	200.394
1	146.914
1	185.756
0	3.78057
1	222.408
1	189.981
1	294.831
1	197.263
1	195.539
1	201.174
1	171.125
1	139.336
1	198.34
1	199.07
1	248.724
1	132.599
1	188.897
1	225.171
1	214.638
1	189.247
1	172.379
1	156.907
1	221.207
1	203.101
1	213.703
1	227.165
1	189.215
1	222.208
1	234.581
1	252.089
1	278.359
1	184.489
1	187.565
1	200.007
1	174.054
1	155.309
1	159.242
1	325.525
1	177.514
1	193.721
1	206.352
1	203.347
1	116.388
1	286.972
1	248.495
1	148.319
1	246.226
1	211.945
1	170.631
1	257.832
1	217.246
1	161.998
1	149.747
1	181.027
1	168.591
1	306.595
1	142.243
1	256.938
1	217.76
1	168.047
1	298.259
1	202.962
1	358.421
1	110.509
1	155.451
1	174.435
1	248.065
1	206.873
1	140.151
1	216.045
1	155.197
1	174.339
1	218.392
1	186.555
1	265.792
1	197.94
1	180.964
1	136.442
1	249.87
1	268.866
1	165.438
1	254.807
1	255.399
1	241.261
1	154.187
1	155.374
1	198.532
1	165.84
1	189.814
1	139.969
1	286.963
1	199.998
1	179.972
1	194.332
1	405.759
1	201.565
1	196.972
1	203.854
1	185.089
1	166.592
1	266.137
1	196.356
1	208.894
1	334.316
1	158.077
1	132.724
1	172.103
1	227.401
1	212.494
1	124.088
1	162.835
1	305.566
1	141.218
1	200.586
1	246.247
1	274.884
1	205.321
1	222.332
1	160.25
1	248.068
1	194.22
1	240.514
1	157.983
1	216.187
1	168.191
1	175.123
1	171.566
1	228.386
1	194.627
1	177.284
1	166.791
1	169.386
1	162.599
1	198.414
1	188.433
1	148.003
1	161.284
1	300.978
1	148.774
1	176.255
1	131.387
1	169.667
1	163.964
1	140.579
1	292.526
1	251.176
1	219.668
1	279.665
1	170.776
1	137.878
1	181.441
1	152.197
1	138.181
1	238.425
1	309.959
1	246.313
1	290.458
1	207.617
1	255.071
1	171.451
1	240.468
1	142.27
1	151.864
1	167.885
1	150.421
1	225.758
1	277.522
1	206.222
1	146.994
1	197.209
1	181.244
1	152.979
1	165.19
1	256.121
1	187.14
1	115.603
1	126.791
1	223.381
1	207.663
1	277.245
1	302.929
1	276.043
1	194.093
1	144.938
1	198.033
1	171.911
1	245.306
1	191.761
1	143.076
1	176.321
1	299.181
1	282.816
1	179.11
1	218.777
1	206.812
1	161.649
1	169.287
1	226.337
1	229.032
1	186.491
1	249.312
1	189.788
1	203.409
1	276.804
1	289.235
1	163.718
1	124.012
1	171.788
1	233.899
1	326.623
1	195.179
1	247.659
1	189.505
1	201.029
1	155.582
1	166.481
1	171.209
1	120.625
1	174.802
1	177.857
1	227.235
1	231.465
1	222.419
1	153.589
1	276.304
1	207.054
1	173.01
1	255.753
1	259.845
1	250.484
1	162.134
1	347.528
1	136.535
1	215.713
1	203.458
1	199.025
1	165.492
1	169.158
1	169.235
1	193.241
1	156.386
1	177.034
1	238.461
1	229.156
1	158.956
1	167.123
1	188.861
1	279.882
1	186.551
1	170.301
0	72.083
1	250.412
1	189.636
1	170.705
1	210.117
1	225.976
1	221.779
1	169.612
1	241.886
1	189.241
1	205.372
1	161.155
0	16.8595
1	151.017
1	244.014
1	200.505
1	265.324
1	276.246
1	170.992
1	176.071
1	162.012
1	161.418
1	183.728
1	193.646
1	122.183
1	168.421
1	125.296
1	140.533
1	203.125
1	221.783
1	157.459
1	223.124
1	202.377
1	192.947
1	230.579
1	184.604
1	232.178
1	192.74
1	229.636
1	203.967
1	203.5
1	203.834
1	206.43
1	160.783
1	106.116
1	198.11
1	175.313
1	185.16
1	298.489
1	224.448
1	192.322
1	184.76
1	162.122
1	182.966
1	164.088
1	208.895
1	265.005
1	120.581
1	186.304
1	200.213
1	146.287
1	163.721
1	263.418
1	255.048
1	214.811
1	196.782
1	179.22
1	135.057
1	373.248
1	217.843
1	146.611
1	152.785
1	208.566
1	169.457
1	211.057
1	228.534
1	200.777
1	172.061
1	302.603
1	135.349
1	199.486
1	152.64
1	159.791
1	263.419
1	149.128
1	208.172
1	137.064
1	145.785
1	147.682
1	276.937
1	141.432
1	210.368
1	186.037
1	120.103
1	175.534
1	221.129
1	125.655
1	156.446
1	149.421
1	180.251
1	142.274
1	119.128
1	221.221
1	159.91
1	201.208
1	199.179
1	191.475
1	233.803
1	214
1	192.757
1	298.784
1	165.679
0	20.6055
1	173.029
1	192.155
1	215.951
1	199.703
1	215.752
1	139.261
1	174.87
1	165.125
1	264.061
1	161.978
1	191.957
1	190.555
1	198.191
1	198.64
1	147.268
1	168.424
1	181.949
1	185.677
1	228.028
1	154.358
1	230.652
1	266.519
1	265.563
1	218.267
1	174.974
1	175.19
1	210.557
1	172.917
1	140.715
1	180.709
1	153.719
1	137.607
1	154.401
1	298.063
1	209.022
1	230.082
1	229.547
1	117.472
1	237.831
1	201.503
1	246.545
1	141.233
1	211.96
1	220.667
1	179.057
1	171.448
1	376.147
1	243.168
1	178.503
1	247.216
1	177.765
1	240.664
1	286.332
1	230.371
1	204.563
1	163.162
1	176.894
1	245.773
1	178.4
1	162.382
1	265.572
1	146.307
1	141.435
1	194.916
1	172.247
1	196.802
1	182.53
1	164.558
1	256.126
1	236.595
1	155.062
1	243.979
1	226.365
1	205.747
1	177.492
1	173.995
1	212.468
1	160.496
1	217.915
1	203.016
1	300.79
1	280.011
1	186.059
1	261.292
1	330.246
1	206.599
1	168.876
1	227.462
1	361.175
1	294.752
1	241.805
1	192.993
1	199.953
1	158.905
1	117.254
1	178.967
1	192.599
1	143.491
1	206.865
1	247.605
1	213.465
1	237.965
1	276.637
0	6.55144
1	165.323
1	324.373
1	260.97
1	176.34
1	197.566
1	200.363
1	271.932
1	201.558
1	126.241
1	172.588
1	155.196
1	183.831
1	208.64
1	180.528
1	153.571
1	165.098
1	144.967
1	261.571
1	153.469
1	194.195
1	206.55
1	204.175
1	200.675
1	275.318
1	162.038
1	231.79
1	265.094
1	144.244
1	229.127
1	161.828
1	190.887
1	156.195
1	157.382
1	124.208
1	206.576
1	276.968
1	194.094
1	212.609
1	171.638
1	150.475
1	168.77
1	147.479
1	197.99
1	192.265
0	57.7346
1	140.652
1	226.94
1	178.348
1	277.788
1	236.674
1	240.167
1	152.026
1	180.142
1	355.722
1	184.004
1	242.915
1	133.416
1	217.551
1	195.474
1	204.232
1	320.159
1	157.213
1	358.86
1	265.333
1	210.826
1	242.477
1	125.034
1	172.659
1	159.546
1	193.542
1	193.111
1	279.552
1	163.592
1	143.31
1	204.292
1	139.934
1	178.118
1	171.851
1	205.293
1	189.818
1	177.59
1	216.116
1	197.403
1	203.573
1	204.81
1	211.339
1	261.439
1	160.689
1	160.938
1	206.927
1	223.751
1	211.675
1	229.287
1	180.618
1	376.41
1	234.142
1	151.653
1	120.285
1	155.964
1	188.806
1	218.519
1	193.679
1	180.101
1	212.425
1	238.934
1	162.838
1	179.947
1	163.469
1	169.085
1	198.235
1	181.72
1	240.42
1	173.516
1	179.04
1	233.052
1	127.248
1	162.257
1	232.684
1	200.395
1	214.23
1	239.823
1	215.187
1	156.389
1	170.612
1	217.036
1	220.242
1	186.317
1	214.515
1	230.756
1	266.166
1	165.894
1	194.083
1	299.526
1	154.486
1	426.997
1	249.218
1	201.594
1	127.04
1	176.918
1	153.261
1	175.37
1	279.568
1	247.198
1	277.25
1	276.939
1	181.337
1	217.428
1	177.946
1	168.402
1	158.023
1	121.101
1	245.253
1	214.446
1	307.626
1	252.146
1	208.998
1	240.768
1	175.487
1	162.423
1	240.037
1	210.441
1	152.411
1	209.3
1	121.799
1	350.842
1	175.47
1	238.04
1	219.494
1	163.507
1	244.023
1	154.273
1	122.222
1	212.872
1	171.188
1	236.255
1	122.681
1	138.561
1	147.101
1	192.955
1	243.027
1	238.419
1	166.978
1	181.168
1	203.548
1	271.286
1	211.523
1	175.707
1	213.587
1	190.243
1	215.598
1	267.482
1	213.729
1	164.534
1	193.916
1	129.951
1	139.908
1	422.601
1	145.289
1	203.617
1	242.391
1	318.524
1	187.137
1	270.121
1	231.744
1	185.809
1	199.882
1	225.968
1	167.934
1	137.684
1	167.112
1	132.115
1	211.279
1	178.078
1	211.319
1	191.786
1	173.115
1	145.201
1	146.155
1	211.88
1	185.486
1	126.211
1	213.034
1	146.874
1	179.721
1	203.846
1	211.981
1	150.108
1	217.033
1	163.792
1	177.934
1	249.527
1	215.018
1	156.167
1	144.701
1	229.235
1	189.754
1	208.249
1	215.314
1	145.307
1	224.43
1	176.861
1	216.902
1	271.501
0	8.20949
1	115.888
1	222.937
1	150.703
1	173.129
1	208.85
1	183.82
1	179.292
1	190.495
1	217.89
1	264.424
1	106.782
1	185.704
1	209.606
1	172.248
1	212.29
1	227.555
1	219.063
1	211.021
1	283.293
1	192.315
1	128.911
1	194.325
1	227.797
1	287.469
1	285.077
1	343.798
1	218.678
1	119.369
1	197.529
1	173.095
1	191.828
1	191.657
1	172.495
1	192.626
1	260.25
1	209.026
1	258.667
1	214.142
1	151.243
1	223.089
0	20.0057
1	149.875
1	179.823
1	215.37
1	160.353
1	181.239
1	217.221
1	229.442
1	176.38
1	187.937
1	211.339
1	211.114
1	157.02
1	194.812
1	223.988
1	197.458
1	176.308
1	171.704
1	164.34
1	176.214
1	138.312
1	218.668
1	142.855
1	169.038
1	165.375
1	177.466
1	193.77
1	230.046
1	135.203
1	143.666
1	268.391
1	205.595
1	167.404
1	158.942
1	213.434
1	197.169
1	156.369
1	219.817
1	175.401
1	205.612
1	161.259
1	180.707
1	214.805
1	139.465
1	304.253
1	158.843
1	166.933
1	240.19
1	251.838
1	233.604
1	213.539
1	155.071
1	177.096
1	239.157
1	198.771
1	195.932
1	205.661
1	227.093
1	172.592
1	158.986
0	11.9571
1	186.357
1	362.517
1	132.177
1	214.284
1	127.497
1	279.435
1	237.87
1	199.691
1	220.064
1	180.35
1	224.945
1	161.858
1	333.904
1	196.394
1	222.225
1	192.013
1	120.298
1	363.279
1	234.558
1	152.249
1	172.647
1	188.336
1	144.968
1	221.901
1	180.03
1	150.763
1	228.103
1	183.703
1	226.751
1	213.205
1	189.371
1	157.415
1	205.583
1	247.011
1	247.325
1	191.58
1	163.626
1	165.021
1	182.231
1	235.116
1	143.254
1	314.484
1	192.115
1	206.482
1	218.013
1	281.155
1	203.832
1	183.004
1	251.928
1	205.52
1	260.768
1	160.086
1	175.872
1	140.118
1	162.773
1	196.62
1	177.438
1	183.448
1	196.006
1	178.076
1	251.138
1	203.027
1	228.966
1	327.927
1	307.818
1	135.713
1	188.768
1	262.24
1	142.362
1	160.854
1	150.875
1	189.776
1	185.829
1	224.42
1	300.452
1	133.879
1	222.498
1	178.424
1	188.655
1	138.679
1	188.603
1	178.286
1	354.818
1	204.491
1	188.16
1	241.98
1	210.275
1	242.296
1	141.912
1	215.48
1	151.338
1	190.053
1	240.632
1	212.169
1	121.249
1	129.364
1	196.97
1	230.691
1	207.255
1	168.726
1	184.16
1	258.123
1	236.107
1	213.189
1	268.64
1	145.928
1	271.912
1	149.319
1	317.374
1	185.066
1	122.262
1	203.603
1	260.707
1	155.221
1	185.978
1	164.086
1	344.233
1	136.662
1	160.372
1	211.19
1	198.571
1	169.108
1	176.311
1	141.205
1	177.065
1	165.829
1	258.075
1	256.483
1	217.297
1	202.057
1	161.788
1	152.529
1	213.113
1	208.115
1	228.915
1	203.878
1	246.729
1	127.565
1	129.295
1	268.613
0	31.1096
1	156.504
1	139.781
0	7.48724
1	191.417
1	382.18
1	170.584
1	229.872
1	211.965
1	300.276
1	185.854
1	264.959
1	258.748
1	169.274
1	192.756
1	226.682
1	245.238
1	158.091
1	190.327
1	203.076
1	222.168
1	233.184
1	168.663
1	216.585
1	148.121
1	189.444
1	218.611
1	126.411
1	160.944
1	219.084
1	136.008
1	176.933
1	167.969
1	245.645
1	207.505
1	175.85
1	174.905
1	152.982
1	378.182
1	169.444
1	149.54
1	178.481
1	241.046
1	283.574
1	156.617
1	151.237
1	210.127
1	216.319
1	163.702
1	224.697
1	141.109
1	155.054
1	169.708
1	284.483
1	195.894
1	258.025
1	183.168
1	216.621
1	273.04
1	136.915
1	238.568
1	146.514
1	145.127
1	193.308
1	193.027
1	251.99
1	176.005
1	113.137
1	176.996
1	173.18
1	284.425
1	196.551
1	167.052
1	254.134
1	201.726
1	149.519
1	326.326
1	195.762
1	202.398
1	129.156
1	187.595
1	219.987
1	363.073
1	250.984
1	245.277
1	179.788
1	184.432
1	176.408
1	143.671
1	264.797
1	188.965
1	169.098
1	127.455
1	147.554
1	155.817
1	187.57
1	189.134
1	126.496
1	171
1	150.308
1	238.011
1	152.908
1	162.619
1	285.091
1	230.273
1	151.62
1	166.323
1	248.521
1	255.592
1	170.326
1	138.528
1	200.372
1	150.192
1	379.563
1	228.852
1	174.351
1	190.305
1	150.099
1	240.355
1	166.682
1	146.61
1	176.008
1	206.533
1	186.64
1	204.149
1	216.379
1	195.259
1	177.912
1	134.703
1	187.222
1	123.641
1	204.164
1	191.01
1	230.272
1	146.167
1	182.009
1	286.833
1	227.977
1	342.555
1	287.573
1	354.561
1	183.926
1	170.174
1	206.467
1	214.33
1	141.74
1	177.185
1	193.938
1	197.639
1	148.057
1	156.066
1	169.228
1	206.842
1	207.072
1	195.026
1	267.012
1	158.909
1	163.335
1	191.593
1	150.88
1	287.561
1	174.247
1	292.187
1	186.543
1	172.41
1	229.532
1	210.493
1	139.506
1	200.261
1	166.224
1	169.931
1	186.299
1	212.583
1	201.855
1	182.364
1	233.779
1	261.319
1	255.343
1	183.986
1	202.977
1	216.499
1	157.353
1	186.818
1	284.811
1	334.788
1	202.684
1	191.977
1	236.345
1	318.619
1	218.02
1	163.779
1	249.665
1	158.243
0	8.57877
1	140.349
1	265.94
1	211.837
1	176.978
1	230.924
1	146.195
1	144.525
1	225.071
1	195.326
1	230.919
1	421.24
1	173.506
1	180.269
1	179.486
1	202.062
1	212.729
1	218.799
1	140.382
1	209.813
1	181.942
1	170.789
1	159.63
1	167.158
1	165.129
1	188.469
1	214.608
1	157.271
1	138.15
1	320.321
1	274.56
1	151.365
1	208.23
1	222.302
1	187.435
1	214.523
1	288.611
1	139.388
1	176.073
1	143.727
1	271.035
1	165.279
1	139.322
1	154.041
1	270.892
1	178.405
1	250.101
1	205.764
1	175.736
1	152.684
1	216.824
1	144.164
1	176.249
1	155.982
1	150.656
1	201.771
1	202.332
1	143.764
1	119.777
1	289.877
1	213.34
1	240.18
1	145.855
1	183.382
1	172.462
1	240.243
1	136.745
1	168.19
1	214.688
1	166.139
1	212.728
1	318.421
1	210.079
1	150.951
1	291.233
1	190.57
1	156.043
1	186.613
1	146.656
1	209.475
1	190.237
1	147.692
1	187.989
1	175.313
1	225.37
1	185.341
1	197.702
1	215.09
1	197.008
1	137.585
1	236.254
1	214.563
1	138.173
1	206.508
1	181.937
1	225.092
1	223.381
1	182.243
1	187.663
1	299.695
1	294.062
1	198.127
1	159.841
1	155.4
1	212.752
1	232.101
1	138.846
1	161.119
1	230.433
1	188.385
1	210.747
1	190.604
1	226.754
1	181.272
1	125.955
1	240.163
1	210.938
1	154.24
1	132.727
1	192.716
1	154.943
1	162.585
1	197.593
1	331.297
1	176.641
1	167.412
1	200.99
0	22.8367
1	139.644
1	170.721
1	246.98
1	173.816
1	124.006
1	208.426
1	165.331
1	289.23
1	176.169
1	173.464
1	162.326
1	173.742
1	178.023
1	336.589
1	203.445
1	176.16
1	225.853
1	159.072
1	284.77
1	190.561
1	141.785
1	220.649
1	213.333
1	215.946
1	136.521
1	225.576
1	226.046
1	173.277
1	189.051
1	175.524
1	193.996
1	179.63
1	196.944
1	223.829
1	174.222
1	181.865
1	214.289
1	142.01
1	150.726
1	203.563
1	223.941
1	282.097
1	150.804
1	171.451
1	216.153
1	160.848
1	270.073
1	246.799
1	133.824
1	259.924
1	228.495
1	130.626
1	371.087
1	176.226
1	191.526
1	185.201
1	141.299
1	169.037
1	151.48
1	149.492
1	242.143
1	328.934
1	232.642
1	294.903
1	213.878
1	187.086
1	194.875
1	160.036
1	145.629
1	256.719
1	207.416
1	181.794
1	170.926
1	157.438
1	204.078
1	235.226
1	208.413
1	156.775
1	214.55
1	189.687
1	169.549
1	232.038
1	282.029
1	183.175
1	186.948
1	147.26
1	268.151
1	183.993
1	179.535
1	187.084
1	197.129
1	268.08
1	181.118
1	134.078
1	167.01
1	202.835
1	239.949
1	176.507
1	195.242
1	269.274
1	205.369
1	242.424
1	189.748
1	175.47
1	219.108
1	135.93
1	183.101
1	210.869
1	229.62
1	201.49
1	186.108
1	310.583
1	186.794
1	184.166
1	177.955
1	223.785
1	159.522
1	184.027
1	179.763
1	237.526
1	209.101
1	206.94
1	174.939
1	198.61
1	175.422
1	230.932
1	194.766
1	184.097
1	277.214
0	161.445
1	289.746
1	160.199
1	199.951
1	228.035
1	244.511
1	269.896
1	174.145
1	125.744
1	239.938
1	217.142
1	210.3
1	170.936
1	151.778
1	299.216
1	267.182
1	194.334
1	216.7
1	138.233
1	180.16
1	175.305
1	161.783
1	181.031
1	314.408
1	148.968
1	214.132
1	197.978
1	291.614
1	187.873
1	155.674
1	227.168
1	179.182
1	197.977
1	174.075
1	156.134
1	174.518
1	165.043
1	176.521
1	188.826
1	155.915
1	248.474
1	144.784
1	252.663
1	208.613
1	213.362
1	284.117
1	261.798
1	201.804
