10000	4	9900	0.000694444
0.025641	63.4615	137654	0.556177
1	203.613
1	172.051
1	126.721
1	205.909
1	164.938
1	247.272
1	167.317
1	201.257
1	168.671
1	201.799
1	201.757
1	219.078
1	138.221
1	188.783
1	134.301
1	299.512
1	161.132
1	185.349
1	132.628
1	201.922
0	1.9947e-06
1	141.567
1	174.755
1	208.757
1	231.198
1	199.12
1	152.157
1	159.686
1	189.959
1	183.257
1	125.457
1	175.146
1	176.322
1	200.967
1	249.775
1	161.847
1	257.939
1	252.605
1	182.446
1	168.752
1	193.763
1	244.484
1	203.051
1	141.404
1	248.335
1	192.503
1	155.79
1	212.391
1	235.657
1	167.739
1	200.875
1	209.31
1	224.382
1	194.738
1	190.948
1	148.813
1	189.424
1	155.047
1	275.033
1	205.26
1	307.486
1	191.799
1	203.067
1	201.811
1	184.283
1	222.558
1	212.826
1	156.799
1	207.14
1	141.15
1	387.191
1	173.044
1	179.258
1	233.454
1	190.952
1	154.641
1	149.431
1	206.764
1	178.428
0	29.1146
1	170.5
1	152.451
1	157.559
1	143.778
1	177.052
1	219.542
1	219.71
1	241.431
1	152.651
1	218.843
1	157.543
1	153.842
1	207.653
1	270.895
1	232.538
1	187.709
1	233.222
1	255.143
1	267.949
1	244.08
1	151.551
1	177.546
1	176.756
1	233.537
1	187.393
1	138.984
1	150.559
1	229.971
1	173.629
1	157.94
1	124.943
1	168.012
1	154.837
1	175.387
1	151.191
1	297.864
1	374.36
1	264.339
1	248.989
1	170.619
1	176.063
1	263.808
1	241.362
1	243.006
1	161.573
1	206.722
1	148.394
1	201.601
1	156.847
1	189.511
1	280.246
1	127.202
1	189.642
1	160.165
1	194.281
1	142.248
1	138.172
1	186.319
1	212.002
1	246.606
1	136.646
1	207.862
1	345.058
1	141.83
1	183.491
1	165.105
1	171.382
1	231.021
1	167.659
1	196.139
1	206.097
1	201.703
1	191.717
1	187.37
1	274.828
1	141.773
1	175.287
1	222.522
1	130.931
1	192.92
1	291.195
1	160.375
1	227.845
1	203.748
1	170.589
1	183.54
1	217.384
1	203.487
1	357.06
0	24.7799
1	169.727
1	167.688
1	194.535
1	148.378
1	261.728
1	159.017
1	150.285
1	253.379
1	291.872
1	154.975
1	203.916
1	166.704
1	124.367
1	204.001
1	163.64
1	207.683
1	274.979
1	177.23
1	138.882
1	203.165
1	148.705
1	165.525
1	262.67
1	180.697
1	185.262
1	208.206
1	169.536
1	221.77
1	137.091
1	211.024
1	268.145
1	213.8
1	237.969
1	236.518
1	174.058
1	149.748
1	180.788
1	227.732
1	225.3
1	219.269
1	327.511
1	136.47
1	193.197
1	179.201
1	335.562
1	153.538
1	238.977
1	215.782
1	175.837
1	241.401
1	195.432
1	153.71
1	204.5
1	143.168
1	184.01
1	147.397
1	180.238
1	219.475
1	163.457
1	151.067
1	206.144
1	182.801
1	338.661
1	156.79
1	191.732
1	286.844
1	209.233
1	139.648
1	141.426
1	252.443
1	172.396
1	223.509
1	149.116
1	224.791
1	177.354
1	179.127
1	151.772
1	223.168
1	197.33
1	159.988
1	194.515
1	232.766
1	220.903
1	207.497
1	179.702
1	178.039
1	211.83
1	211.713
1	196.978
1	160.494
1	185.166
1	186.085
1	118.242
1	216.478
1	185.205
1	176.511
1	235.696
1	223.698
1	196.152
1	193.797
1	191.59
1	174.353
1	308.951
1	216.447
1	284.405
1	234.863
1	143.587
1	259.577
1	177.134
1	138.991
1	141.94
1	228.932
1	254.01
1	182.638
1	185.148
1	179.832
1	208.379
1	261.878
1	237.982
1	253.694
1	240.898
1	239.616
1	205.424
1	156.964
1	254.785
1	157.801
1	136.892
1	176.226
1	192.436
1	200.31
1	188.662
1	199.304
1	202.976
1	153.075
1	184.879
0	51.3457
1	230.729
1	130.084
1	136.53
1	142.355
1	179.019
1	174.295
1	247.989
1	151.569
1	162.221
1	170.12
1	142.969
1	209.096
1	202.414
1	231.49
1	187.516
1	167.893
1	226.499
1	187.634
1	128.549
1	155.147
1	274.077
1	149.494
1	331.594
1	206.506
1	232.314
1	145.112
1	160.233
1	142.509
1	230.219
1	211.533
1	176.446
1	234.515
1	143.259
1	195.981
1	215.336
1	175.846
1	146.472
1	205.94
1	270.782
1	176.425
1	160.722
1	229.4
1	143.367
1	183.857
1	206.361
1	177.576
1	169.623
1	199.78
1	135.52
1	224.815
1	179.639
1	290.895
1	202.043
1	277.417
1	303.526
0	62.9205
1	203.798
1	149.841
1	149.722
1	223.842
1	200.583
1	226.566
1	214.644
1	267.298
1	186.653
1	206.61
1	194.667
1	240.302
1	174.982
1	140.671
1	197.844
1	191.725
1	163.182
1	185.59
1	262.808
1	141.983
1	292.266
1	154.639
1	164.856
1	192.502
1	142.577
1	240.991
1	200.166
1	343.937
1	181.835
1	277.98
1	165.019
1	169.093
1	448.098
1	115.914
1	168.594
1	168.032
1	221.668
1	131.304
1	179.085
1	234.513
1	177.466
1	204.741
1	195.943
1	152.736
1	251.549
1	224.911
1	244.795
1	254.87
1	171.244
1	286.996
1	116.464
1	185.741
1	130.847
1	174.089
1	193.08
1	180.548
1	139.865
1	163.876
1	338.327
1	188.732
1	121.392
1	215.182
1	140.844
1	227.037
1	167.71
1	219.007
1	138.877
1	194.286
1	343.217
1	143.887
1	198.916
1	189.956
1	178.435
1	288.145
1	231.901
1	169.43
1	256.834
1	208.792
1	261.77
1	165.025
1	201.733
1	212.947
1	252.809
1	237.465
1	227.579
1	149.452
1	171.24
1	156.979
1	136.887
1	298.929
1	151.837
1	211.596
1	184.853
1	162.374
1	212.108
1	173.43
1	109.2
1	184.028
1	184.712
1	211.048
1	285.816
1	203.088
1	206.028
1	194.218
1	219.533
1	234.534
1	211.814
1	206.173
1	148.591
1	201.963
1	180.027
1	168.473
1	187.661
1	206.133
1	209.735
1	162.618
1	287.736
1	173.142
1	264.488
1	200.632
1	169.819
1	233.727
1	278.681
1	247.934
1	314.112
1	278.498
1	262.749
1	173.495
1	347.494
1	274.485
1	200.417
1	148.114
1	195.442
1	220.029
1	125.775
1	188.605
1	205.224
1	181.986
1	249.226
1	274.832
1	258.838
1	220.342
1	298.702
1	246.068
1	170.888
1	165.075
1	179.89
1	191.377
1	143.858
1	180.818
1	168.464
1	270.49
1	188.208
1	148.308
1	167.142
1	152.032
1	202.067
1	194.819
1	226.377
1	128.112
1	250.044
1	161.695
1	225.314
1	168.828
1	267.424
1	184.659
1	193.672
1	211.562
1	283.754
1	183.655
1	138.047
1	176.695
1	160.589
1	224.058
1	147.249
1	263.764
1	288.916
1	156.185
1	169.362
1	244.294
1	204.128
1	138.533
0	31.8679
1	210.165
1	163.861
1	204.883
1	240.921
1	254.487
1	170.68
1	217.364
1	190.449
1	290.33
1	231.237
1	211.649
1	198.895
1	278.267
1	237.095
1	185.87
1	168.471
1	176.671
1	249.296
1	217.154
1	152.871
1	200.514
1	225.762
1	272.593
1	241.314
1	208.473
1	167.393
1	227.452
1	173.058
1	236.478
1	180.517
1	204.853
1	218.769
1	177.949
1	173.73
1	126.9
1	165.328
1	205.728
1	215.828
1	299.689
1	224.493
1	240.795
1	171.591
1	170.702
1	124.323
1	204.488
1	241.555
1	229.197
1	202.651
1	154.583
1	271.59
1	244.152
1	153.25
1	210.793
1	163.266
1	175.12
1	136.523
1	190.444
0	18.6837
1	171.326
1	217.867
1	290.038
1	193.598
0	17.2994
1	197.924
1	159.602
1	291.632
1	295.578
1	195.684
1	179.526
1	202.934
1	205.238
1	199.926
1	305.769
1	312.305
1	170.335
1	138.888
1	254.516
1	132.238
1	124.707
1	149.812
1	185.91
1	214.364
1	318.539
1	150.978
1	232.435
1	212.098
1	148.869
1	170.76
1	162.644
1	204.715
1	188.823
1	203.391
1	168.252
1	202.932
1	228.317
1	153.175
1	204.99
1	157.075
1	293.005
1	229.915
1	203.485
1	213.415
1	122.832
1	250.085
1	228.328
1	146.496
1	306.368
1	199.006
1	200.919
1	245.962
1	219.679
1	237.826
1	231.155
1	145.46
1	161.208
1	206.966
1	220.864
1	216.783
1	126.274
1	164.427
1	187.071
1	196.436
1	135.195
1	159.779
1	212.101
1	214.277
1	234.33
1	171.333
1	166.607
1	132.789
1	227.686
0	46.9214
1	186.361
1	189.913
1	164.156
1	199.271
0	23.6479
1	245.974
1	169.247
1	132.063
1	174.848
1	239.409
1	222.024
1	154.16
1	475.831
1	171.333
1	127.163
1	190.436
1	231.707
1	198.581
1	155.851
1	195.205
1	185.639
0	11.7241
1	280.629
1	279.779
1	238.925
1	163.546
1	220.213
1	289.149
1	214.939
1	180.497
1	170.03
1	225.142
1	333.722
1	275.955
1	149.978
1	241.314
1	128.621
1	208.513
1	196.798
1	173.348
1	249.783
1	176.8
1	205.493
1	203.877
1	143.481
1	167.484
0	32.7601
1	211.574
1	157.495
1	252.621
1	163.884
1	242.466
1	129.419
1	207.833
1	241.038
1	157.242
1	353.065
1	177.118
1	160.465
1	155.662
1	200.292
1	219.242
1	281.451
1	163.335
1	244.886
1	152.886
1	221.188
1	169.735
1	329.493
1	122.859
1	175.139
1	215.357
1	201.044
1	228.841
1	195.092
1	179.169
1	174.716
1	253.675
1	231.564
1	157.908
1	220.224
1	237.038
1	287.545
1	178.063
1	155.107
0	16.4859
1	262.817
1	153.655
1	256.587
1	230.264
1	180.522
1	142.908
1	141.89
1	232.784
1	234.66
1	224.296
1	192.03
1	196.48
1	234.632
1	219.644
1	178.336
1	165.081
1	103.889
1	256.951
1	149.275
1	127.585
1	333.125
1	155.377
1	201.549
1	126.979
1	214.755
1	124.543
1	209.505
1	275.025
1	190.43
1	200.127
1	165.416
1	258.883
1	149.25
1	142.294
1	315.87
1	179.559
1	314.738
1	192.472
1	184.784
1	135.426
1	207.867
1	209.262
1	135.117
1	256.837
1	191.657
1	252.07
1	179.541
1	195.276
1	201.503
1	264.19
1	169.102
1	202.764
1	221.914
1	232.013
1	237.001
1	270.052
1	189.542
1	227.775
1	180.196
1	156.182
1	151.683
1	194.408
1	148.13
1	212.398
1	199.285
1	236.938
1	210.003
1	176.846
1	211.425
1	210.316
1	187.391
1	233.653
1	247.359
1	186.09
1	293.079
1	258.248
1	151.69
1	150.513
1	186.343
1	283.285
1	255.604
1	196.892
1	198.545
1	329.423
1	199.405
1	146.275
1	183.769
1	224.151
1	199.41
1	160.272
1	210.919
1	228.903
1	215.587
1	191.083
1	122.907
1	173.148
1	255.2
1	209.4
1	163.666
1	264.93
1	357.658
1	203.421
1	262.781
1	195.825
1	226.357
1	161.115
1	223.008
1	213.859
1	199.317
1	227.128
1	141.344
1	128.092
1	420.394
1	235.505
1	208.348
1	168.024
1	190.998
1	237.888
1	241.202
1	227.027
1	228.382
1	273.734
1	211.535
1	91.846
1	175.383
1	138.104
1	166.185
1	191.572
1	130.698
1	164.18
1	204.067
1	225.157
1	443.262
1	174.292
1	167.782
1	175.728
0	65.7668
1	203.173
1	132.094
1	124.634
1	185.445
1	229.195
1	194.112
1	197.431
1	171.801
1	188.414
1	223.572
1	198.274
1	227.306
1	216.26
1	152.34
1	166.931
1	172.39
1	235.556
1	165.707
1	158.562
1	217.509
1	199.108
1	204.185
1	199.294
1	189.91
1	196.091
1	247.735
1	280.762
1	220.552
1	235.775
1	182.302
1	370.61
1	127.991
1	170.714
1	141.467
1	158.865
1	179.054
1	143.159
1	238.477
1	241.383
1	239.117
1	168.818
1	230.899
1	217.206
1	164.712
1	168.532
1	260.819
1	180.596
1	116.01
1	182.685
1	229.955
1	239.3
1	192.424
1	262.021
1	254.468
1	204.334
1	161.606
1	161.784
1	141.165
1	232.677
1	140.922
1	222.104
1	227.039
1	266.217
1	162.76
1	187.14
1	143.493
1	189.424
1	228.378
1	125.12
1	176.753
1	230.945
1	181.325
1	202.241
1	143.04
1	220.797
1	156.923
1	221.274
1	108.349
1	279.585
1	259.535
1	330.79
1	214.125
1	138.011
1	158.349
1	164.632
1	148.619
1	142.467
1	116.106
1	220.802
1	166.609
1	142.189
1	183.909
1	203.734
1	255.962
1	223.788
1	199.094
1	272.156
1	178.565
1	146.934
1	236.498
1	197.786
1	138.57
1	250.155
1	151.986
1	190.128
1	239.497
1	264.727
1	170.567
1	253.281
1	151.893
1	184.255
1	167.048
1	117.735
1	179.372
1	143.466
1	187.911
1	196.274
1	295.929
1	278.011
1	241.193
1	280.53
1	306.91
1	261.093
1	243.758
1	227.055
1	171.643
1	152.729
1	296.553
1	196.438
1	307.71
1	328.141
1	202.241
1	174.072
1	200.447
1	154.958
1	170.636
1	178.469
1	229.062
1	179.778
1	181.95
1	165.47
1	198.179
1	296.324
1	134.485
1	225.564
1	280.456
1	222.156
1	147.632
1	215.744
1	236.099
1	271.811
0	16.6521
1	207.575
1	206.772
1	139.513
1	120.729
1	236.516
1	155.34
1	151.023
1	244.451
1	312.362
1	209.533
1	187.667
1	185.404
1	214.151
1	260.001
1	258.645
1	201.904
1	255.26
1	132.1
1	135.927
1	182.292
1	221.187
1	194.256
1	153.782
1	242.937
1	173.123
1	187.603
1	168.399
1	178.926
1	160.645
1	158.853
1	234.207
1	170.883
1	202.939
1	178.848
1	166.289
1	191.924
1	226.948
1	171.239
1	255.127
1	184.113
1	178.945
1	151.147
1	195.321
1	229.682
1	140.207
1	327.985
1	198.349
1	331.707
1	184.065
1	172.165
1	124.167
1	223.34
1	202.935
1	185.815
1	241.353
1	219.087
1	260.877
1	175.995
1	209.987
0	1.85426e-06
1	184.75
1	211.516
1	273.028
1	180.491
1	204.087
1	221.115
1	194.874
1	231.922
1	276.34
1	174.887
1	192.275
1	180.325
1	242.61
1	222.742
1	166.437
1	305.018
1	174.706
1	118.516
1	215.146
1	360.445
1	167.148
1	170.726
1	192.561
1	172.717
1	249.399
1	195.928
1	159.738
1	247.539
1	234.944
1	236.491
1	273.704
1	190.931
1	182.927
1	195.969
1	197.267
1	209.083
1	155.311
1	213.035
1	150.606
1	289.855
1	254.319
1	318.938
1	166.878
1	210.589
1	152.374
1	278.015
1	269.807
1	180.24
1	177.319
1	191.707
1	226.345
1	121.805
1	281.891
1	183.258
1	159.635
1	161.72
1	213.423
1	246.471
1	192.647
1	176.376
1	258.691
1	183.234
1	205.988
1	244.501
1	156.321
1	215.092
1	219.032
1	168.378
1	154.702
1	268.098
1	265.676
1	163.868
1	231.239
1	237.816
1	339.811
1	119.729
1	170.707
1	208.949
1	145.844
1	158.855
1	234.45
1	198.772
1	252.982
1	200.953
1	198.419
1	207.446
1	187.88
1	140.172
1	229.877
1	152.208
1	221.887
1	220.462
1	186.295
1	218.367
1	133.057
1	200.022
1	232.411
1	240.937
1	208.111
1	135.717
1	248.247
1	167.323
1	210.64
1	150.197
1	222.064
1	308.666
1	161.091
1	176.966
1	156.783
1	184.408
1	183.864
1	190.6
1	185.13
1	152.095
1	263.428
1	188.502
1	183.165
1	219.095
1	245.364
1	191.27
1	199.974
1	175.257
1	237.951
1	150.867
1	186.919
1	242.439
1	215.35
1	136.978
1	294.842
1	202.577
1	244.37
1	129.639
1	225.893
1	124.431
1	185.936
1	317.794
1	175.858
1	188.711
1	249.964
1	186.775
0	70.4264
1	237.558
1	320.038
1	229.374
1	174.33
1	166.566
1	252.268
1	199.056
1	191.357
1	169.249
1	232.189
1	225.218
1	162.467
1	217.298
1	289.764
1	169.738
1	149.542
1	216.216
1	221.016
1	184.306
1	239.518
1	191.799
1	203.328
1	108.014
1	162.549
1	199.391
1	212.896
1	177.656
1	148.303
1	177.51
0	12.0316
1	199.485
1	170.276
1	235.777
1	205.081
1	193.654
1	165.593
1	207.711
1	160.036
1	216.226
1	241.97
1	229.295
1	151.021
1	180.605
1	170.541
1	216.967
1	216.9
1	203.12
1	173.917
1	139.921
1	255.004
1	300.286
1	301.937
1	169.777
1	153.013
1	212.286
1	185.191
1	112.084
1	202.554
1	158.765
1	166.239
1	168.401
1	200.57
1	185.906
1	154.46
1	142.806
1	242.581
1	199.181
1	207.821
1	453.787
1	189.279
1	258.661
1	259.195
1	178.212
0	0.274512
1	385.389
1	269.818
1	276.243
1	260.178
1	197.799
1	193.149
1	171.07
1	207.507
1	205.009
1	167.37
1	179.657
1	198.042
1	192.122
1	147.901
1	179.572
1	197.123
1	314.656
1	263.787
1	236.079
1	264.431
1	221.643
1	119.993
1	267.225
1	255.771
1	389.712
1	223.881
1	143.579
1	178.952
1	228.694
1	146.468
1	210.673
1	202.99
1	146.866
1	281.802
1	166.894
1	169.184
1	169.271
1	223.747
1	246.198
1	153.921
1	190.313
1	246.97
1	215.844
1	158.499
1	309.361
1	187.418
1	160.56
1	196.798
1	159.981
1	285.218
1	154.966
1	193.312
1	197.747
1	166.281
1	231.525
1	203.225
1	161.785
1	190.917
1	160.452
1	252.017
1	180.075
1	136.06
1	207.427
1	206.911
1	264.392
1	180.627
1	251.417
1	166.112
1	194.176
1	189.86
1	227.27
1	268.532
1	204.532
1	141.938
1	192.418
1	161.137
1	187.328
1	159.114
1	255.199
1	174.317
1	185.654
1	157.185
0	46.1619
1	255.987
1	240.921
1	179.961
1	184.97
1	141.888
1	203.584
1	150.683
1	148.277
1	216.449
1	302.593
1	146.6
1	140.401
1	230.21
1	270.582
1	222.696
1	242.285
1	272.039
1	178.364
1	139.316
1	154.063
1	225.383
1	178.64
1	272.357
1	169.688
1	298.054
1	171.142
1	174.33
1	167.724
1	196.441
1	237.904
1	153.446
1	252.196
1	364.503
1	211.69
1	215.861
1	152.668
1	195.458
1	202.817
1	143.634
1	134.298
1	308.938
1	155.003
1	184.24
1	179.136
1	176.111
1	187.758
1	163.977
1	295.479
1	249.454
1	125.367
1	220.415
1	226.177
1	283.475
1	180.366
1	151.735
1	146.346
1	179.032
1	188.584
1	275.815
1	184.412
1	194.945
1	171.305
1	141.622
1	314.327
1	179.927
1	178.462
1	225.176
1	187.553
1	186.321
1	269.457
1	377.057
1	161.192
1	393.379
1	272.144
1	179.542
1	200.276
1	303.464
1	275.718
1	258.893
1	180.133
1	159.635
1	166.616
1	156.851
1	160.453
1	194.038
1	197.413
1	207.685
1	210.764
1	242.562
1	333.206
1	200.696
1	248.252
1	205.313
1	153.232
1	191.576
1	151.256
1	286.038
1	270.597
1	181.245
1	258.004
1	216.126
1	162.92
1	228.868
1	182.212
1	249.779
1	153.594
1	159.004
1	170.451
1	177.787
1	216.321
1	269.598
1	277.272
1	228.153
1	155.856
1	157.364
1	237.723
1	236.448
1	261.23
1	173.495
1	333.122
1	283.188
1	271.027
1	196.642
1	171.108
1	199.058
1	240.672
1	216.208
1	209.455
1	179.911
1	177.752
1	192.899
1	161.968
1	155.53
1	121.994
1	214.513
1	163.005
1	186.681
1	101.481
1	274.211
1	150.243
1	209.623
1	293.971
1	161.119
1	149.704
1	149.739
1	224.341
1	156.356
1	191.266
1	208.798
1	163.948
1	138.44
1	225.914
1	236.261
1	193.292
1	165.794
1	191.674
1	222.168
1	179.427
1	143.348
1	294.339
1	199.711
1	172.032
1	216.455
1	237.463
1	163.167
1	208.063
1	147.845
1	167.708
1	208.987
1	164.088
1	174.452
1	187.17
1	269.609
1	123.715
1	194.372
1	282.222
1	198.718
1	164.582
1	165.641
1	139.485
1	178.997
1	133.946
1	221.174
1	172.066
1	179.708
1	250.9
1	213.003
1	194.77
1	158.019
1	187.805
1	177.288
1	263.261
1	240.149
1	183.565
1	173.842
1	204.301
1	249.298
1	193.038
1	255.463
1	197.315
1	190.661
1	242.982
1	192.209
1	187.262
1	148.979
1	164.455
1	178.173
1	231.001
1	121.832
1	322.767
1	196.814
1	244.406
1	236.397
1	182.943
1	136.471
1	198.994
1	178.354
1	142.117
1	197.926
1	123.022
1	292.063
1	177.607
1	124.762
1	134.607
1	180.441
1	191.62
1	195.08
1	230.709
1	287.321
1	183.701
1	182.622
0	1.64005
1	298.539
1	122.004
1	144.629
1	205.137
1	214.775
1	187.609
1	284.247
1	184.264
1	258.639
1	182.354
1	178.043
1	152.521
1	162.575
1	155.941
1	131.908
1	215.049
1	256.083
1	238.705
1	246.715
1	218.5
1	129.581
1	191.029
1	207.226
1	267.065
1	291.487
1	160.736
1	175.5
1	305.472
1	163.024
1	210.328
1	148.157
1	274.611
1	251.427
1	264.23
1	158.788
1	264.249
1	168.555
1	205.779
1	261.271
1	293.388
1	376.244
1	164.767
1	287.792
1	233.166
1	200.058
1	147.533
1	186.431
1	239.195
1	179.892
1	190.068
1	153.29
1	134.475
1	105.73
1	236.486
1	307.861
1	186.873
1	169.35
1	162.384
1	212.48
1	164.807
1	252.653
1	163.322
1	220.239
1	185.499
1	208.019
1	323.042
1	204.149
1	203.069
1	136.198
1	128.804
1	138.343
1	217.248
1	209.57
1	167.771
1	179.525
1	169.337
1	187.306
1	119.33
1	194.445
1	194.244
1	193.214
1	281.756
1	216.544
1	186.534
1	213.068
1	213.878
1	149.3
1	169.524
1	228.257
1	165.776
1	160.921
1	167.52
1	220.866
1	129.375
1	158.319
1	203.777
1	253.032
1	215.336
1	181.39
1	229.956
1	118.454
1	175.791
1	183.93
1	181.552
1	251.954
1	212.335
1	184.874
1	192.161
1	204.793
1	149.022
1	224.68
1	205.324
1	169.734
1	162.925
1	225.056
1	174.097
1	180.469
1	198.319
1	193.874
1	232.805
1	211.675
1	224.073
1	249.7
1	226.312
1	306.203
1	197.332
1	179.258
1	231.16
1	185.596
1	215.866
1	182.577
1	274.949
1	256.541
1	211.525
1	113.845
1	222.909
1	168.057
1	200.6
1	294.554
1	154.62
1	176.127
1	197.125
1	206.896
1	185.846
1	229.386
1	167.016
1	258.473
1	185.817
1	198.864
1	240.331
1	241.954
1	172.671
1	246.497
1	201.439
1	276.685
1	318.313
1	207.458
1	186.774
1	209.036
1	291.887
1	240.367
1	322.768
1	254.169
1	245.401
1	257.885
1	209.725
1	205.286
1	197.02
1	226.138
1	201.932
1	191.872
1	214.242
1	183.27
1	127.64
1	198.39
1	160.779
1	226.815
1	277.155
1	164.163
1	420.73
1	191.651
1	197.645
1	209.937
1	145.491
1	197.027
1	312.487
1	158.027
1	185.65
1	151.571
1	221.073
1	204.111
1	226.659
1	200.925
1	308.537
1	202.281
1	213.196
0	13.9673
1	233.224
1	340.384
1	172.174
1	216.084
1	177.888
1	180.775
1	221.469
1	167.191
1	190.64
1	272.241
1	189.999
1	146.686
1	175.201
1	142.686
1	157.422
1	215.285
1	215.259
1	176.226
1	262.084
1	172.175
1	211.414
1	134.418
1	203.222
1	137.974
1	175.212
1	169.271
1	162.456
1	201.626
1	120.153
1	146.107
1	144.22
1	203.278
1	168.033
1	269.05
1	204.597
1	259.92
1	147.167
1	275.228
1	168.428
1	203.965
1	237.947
1	150.502
1	178.345
1	200.822
1	340.23
1	210.535
1	289.771
1	218.037
1	175.402
1	176.676
1	242.478
1	206.158
1	198.677
1	183.287
1	127.564
1	339.076
1	185.733
1	227.223
1	132.176
1	206.291
0	3.49872
1	220.939
1	175.423
1	105.425
1	218.476
1	213.13
1	169.919
1	177.753
1	194.347
1	152.098
1	220.993
1	231.045
1	195.407
1	236.617
1	150.899
1	192.975
1	336.758
1	135.338
0	20.1733
1	165.931
1	270.56
1	204.389
1	161.038
1	145.295
1	193.008
1	194.833
1	182.267
1	166.2
1	187.052
0	46.6832
1	222.826
1	187.829
1	273.234
1	146.943
1	141.24
1	262.831
1	231.977
1	204.309
1	216.591
1	169.461
1	144.955
1	178.441
1	236.467
1	104.659
1	180.293
1	324.836
1	240.62
1	194.317
1	275.678
1	200.016
1	228.671
1	238.44
1	245.534
1	186.838
1	130.741
1	208.765
1	186.396
1	196.173
1	424.505
1	217.626
1	149.513
1	194.99
1	218.519
1	204.015
1	168.163
1	166.729
1	219.739
1	161.534
1	125.038
1	153.954
1	283.374
1	163.514
1	154.749
1	216.28
1	112.094
1	284.955
1	202.31
1	257.154
1	235.77
1	225.75
1	123.962
1	169.151
1	212.419
1	303.445
1	220.311
1	147.662
1	190.366
1	183.619
1	147.992
1	187.752
1	259.829
1	210.186
1	178.017
1	163.629
1	239.39
1	159.341
1	180.12
1	282.872
1	133.399
1	247.516
1	206.551
1	200.095
1	260.869
1	136.879
1	175.206
1	271.808
1	176.11
1	234.653
1	265.183
1	179.854
1	180.772
1	199.658
1	233.146
1	126.745
1	173.317
1	161.319
1	144.312
1	175.009
1	163.115
1	196.513
1	176.128
1	257.765
1	239.139
1	203.472
1	140.44
1	196.421
1	236.416
1	176.64
1	290.268
1	185.376
1	155.846
1	184.746
1	191.914
1	149.507
1	172.127
1	150.27
1	133.975
1	205.043
1	175.232
1	215.626
1	195.747
1	122.993
1	185.462
1	264.972
1	156.824
1	171.754
1	227.934
1	184.391
1	208.269
1	146.209
1	158.96
1	149.667
1	221.196
1	201.292
1	135.645
1	153.163
1	144.456
1	189.389
1	168.361
1	177.653
1	170.359
1	194.971
1	201.991
1	144.512
1	201.887
1	138.952
1	365.421
1	129.644
1	233.864
1	163.073
1	195.753
1	236.86
1	265.686
1	177.641
1	166.878
1	215.61
1	210.096
1	193.857
1	196.334
1	175.571
1	230.211
1	210.36
1	147.24
1	186.017
1	200.669
1	199.008
1	284.345
1	214.274
1	233.369
1	255.747
1	183.496
1	172.679
1	216.781
1	181.704
1	344.686
1	160.113
1	308.295
1	283.075
1	285.231
1	175.561
1	209.09
1	150.978
1	211.148
1	208.889
1	192.255
1	237.857
1	163.689
1	169.264
1	154.271
1	159.042
1	209.022
1	245.978
1	149.178
1	251.504
1	284.982
1	243.564
1	131.174
1	228.684
1	219.779
1	178.6
1	179.61
1	190.992
1	205.387
1	138.101
1	231.617
1	243.93
1	212.336
1	199.156
1	170.343
1	154.79
1	209.041
1	245.307
1	180.155
1	156.282
1	215.42
1	191.197
1	228.544
1	165.994
1	158.32
1	228.79
1	270.995
1	202.604
1	213.575
1	221.752
1	205.912
1	228.529
1	135.63
1	201.054
1	223.636
1	213.244
1	147.673
1	247.264
1	168.459
1	186.282
1	179.736
1	158.81
1	248.035
1	234.605
1	305.191
1	267.741
1	297.218
1	161.184
1	219.395
1	176.734
1	152.509
1	279.41
1	142.906
1	161.943
1	186.784
1	185.263
1	235.386
1	173.801
1	205.681
1	152.249
1	180.602
1	136.531
1	209.738
1	276.135
1	193.077
1	244.096
1	173.25
1	167.197
1	171.096
1	243.246
1	342.862
1	276.529
1	206.02
1	271.197
1	181.761
1	195.994
1	291.101
1	220.9
1	219.061
1	196.314
1	177.756
0	7.85343
1	251.92
1	213.85
1	215.152
1	131.867
1	190.458
1	151.617
1	183.808
1	193.722
1	147.271
1	108.415
1	146.662
1	206.151
1	186.144
1	149.99
1	239.986
1	213.319
1	263.986
1	204.01
1	181.429
1	176.352
1	137.563
1	249.174
1	191.079
1	168.587
1	188.09
1	165.73
1	236.911
1	144.27
1	186.3
1	139.578
1	181.436
1	273.802
1	168.822
1	155.764
1	175.646
1	173.898
1	163.088
1	226.47
1	242.468
1	171.851
1	118.589
1	126.802
1	282.88
1	155.194
1	190.944
1	123.694
1	228.205
1	227.98
1	198.376
1	141.751
1	183.764
1	161.923
1	166.453
1	183.74
1	231.524
1	153.547
1	167.788
1	257.358
1	198.203
1	212.941
1	178.974
1	249.972
1	201.475
1	168.704
1	143.444
1	153.971
1	232.867
1	165.98
1	153.551
1	177.067
1	159.233
1	182.116
1	273.648
1	218.103
1	228.638
1	117.335
1	285.643
1	162.834
1	197.621
1	238.214
1	241.131
1	189.13
1	188.473
1	153.17
1	211.697
1	144.84
1	170.859
1	204.098
1	187.241
1	191.186
1	156.528
1	259.253
1	185.92
1	181.561
1	189.822
1	190.146
1	175.337
1	199.055
1	249.422
1	179.01
1	277.202
1	213.039
1	175.711
1	167.826
1	151.622
1	171.719
1	195.248
1	219.574
1	374.842
1	218.228
1	214.593
1	145.023
1	181.663
1	225.64
1	212.476
1	196.605
1	217.812
1	216.17
1	200.753
1	157.736
1	215.81
1	271.881
1	191.944
1	182.392
1	205.785
1	291.531
1	128.041
1	220.359
1	347.546
1	274.631
1	158.173
1	181.989
1	195.494
1	273.825
1	177.443
1	273.422
1	166.996
1	144.676
1	200.793
1	187.002
1	345.298
1	188.324
1	288.148
1	265.725
1	246.256
1	180.37
1	230.642
1	274.078
1	182.037
1	243.541
1	155.494
1	291.973
1	271.96
1	218.801
1	199.349
1	269.25
1	185.584
1	198.933
1	301.369
1	176.134
1	132.944
1	200.46
1	136.081
1	223.358
1	154.911
1	224.658
1	144.639
1	218.017
1	237.888
1	165.972
1	168.919
1	277.355
1	208.832
1	171.069
1	209.062
1	124.589
1	204.843
1	152.118
1	204.055
1	156.743
1	242.653
1	197.104
1	295.208
1	188.47
1	269.537
1	168.459
1	165.541
1	221.12
1	152.451
1	181.383
1	265.984
1	187.133
1	172.91
1	185.45
1	151.849
1	154.287
1	153.784
1	158.655
1	396.135
1	239.213
1	158.195
1	177.131
1	192.866
1	176.456
1	198.133
1	222.371
1	162.691
1	181.202
1	116.802
1	233.24
1	165.16
1	264.846
1	166.979
1	199.264
1	263.99
1	195.545
1	195.158
1	316.489
1	123.616
1	240.97
1	260.283
1	196.313
1	204.825
1	385.091
1	159.525
1	172.007
1	209.922
1	207.603
1	206.678
1	288.219
1	222.856
1	225.885
1	310.219
1	151.497
1	209.547
1	181.112
1	228.913
1	163.983
1	202.265
1	236.663
1	305.87
1	157.051
1	194.447
1	282.266
1	181.05
1	210.912
1	267.999
1	148.509
1	184.642
1	165.062
1	148.544
1	300.758
1	144.403
1	143.942
1	248.756
1	188.4
1	176.858
1	192.623
1	186.806
1	131.12
1	248.852
1	183.823
1	167.687
1	191.33
1	148.222
1	152.494
1	244.993
1	150.104
1	137.813
1	181.156
1	166.69
1	190.749
1	190.601
1	173.594
1	149.298
1	224.916
1	175.075
1	215.884
1	287.945
1	308.589
1	289.364
1	243.728
1	243.164
1	153.359
1	202.068
1	177.971
1	157.739
1	251.309
1	98.3064
1	169.082
1	184.713
1	166.961
1	132.465
1	151.547
1	155.298
1	221.557
1	206.777
1	205.754
1	186.439
1	268.88
1	140.417
1	199.361
1	166.985
1	236.023
1	200.043
1	163.585
1	258.346
1	137.354
1	257.757
1	202.28
1	232.934
1	179.243
1	209.768
1	416.762
1	264.582
1	135.814
1	205.002
1	349.834
1	197.825
1	153.428
1	193.576
1	154.596
1	210.449
1	131.116
1	157.57
1	171.922
1	214.31
1	305.341
1	159.053
1	158.173
1	212.55
1	205.736
1	226.442
1	243.504
1	333.072
1	363.932
1	158.48
1	182.835
1	149.726
1	238.397
1	145.402
1	255.128
1	208.716
1	231.446
1	198.874
1	208.763
1	213.026
1	156.76
1	263.811
1	218.166
1	185.974
1	201.837
1	164.846
1	170.308
1	222.523
1	236.207
1	190.147
1	149.399
1	233.464
1	153.365
1	242.597
1	270.097
1	193.791
1	197.383
1	261.782
1	188.337
1	188.986
1	123.573
1	230.149
1	221.728
1	185.164
1	280.199
1	226.102
1	173.599
1	294.503
1	169.301
1	345.692
1	170.673
1	133.266
1	177.174
1	138.344
1	271.402
1	237.723
1	242.358
1	215.716
1	190.108
1	232.983
1	143.699
1	185.492
1	222.684
1	225.984
1	236.335
1	216.172
1	246.561
1	146.809
1	243.246
1	459.995
1	198.491
1	156.823
1	203.183
1	245.49
1	196.644
1	227.182
1	254.898
1	193.942
1	148.998
1	211.617
1	166.283
1	213.691
1	204.304
1	279.271
1	246.974
1	228.726
1	231.483
1	165.599
1	187.044
1	139.26
1	279.998
1	162.236
1	238.915
1	144.497
1	149.432
1	138.945
1	307.162
1	137.354
1	111.258
1	184.314
1	248.629
1	189.349
1	173.915
1	192.729
1	263.81
1	209.495
1	267.891
1	194.322
1	196.122
1	224.334
1	193.49
1	287.909
1	140.433
1	222.021
1	232.785
1	139.695
1	238.695
1	140.92
1	172.976
1	186.73
1	237.779
1	148.89
1	128.789
1	242.589
1	148.544
1	202.453
1	285.675
1	278.511
1	295.315
1	143.592
1	175.941
1	203.101
1	128.002
1	164.227
1	244.207
1	226.555
1	154.16
1	167.509
1	167.612
1	198.115
1	138.47
1	118.265
1	146.456
1	161.976
1	216.313
1	194.465
1	159.188
1	184.268
1	280.193
1	156.407
1	261.195
1	262.244
1	201.648
1	281.968
1	256.338
1	263.675
1	233.672
1	231.594
1	150.321
1	203.504
1	227.59
1	309.421
1	230.276
1	247.881
1	217.288
1	142.699
1	218.119
1	188.738
1	161.649
1	200.98
1	161.74
1	148.439
1	316.127
1	153.637
1	245.303
1	207.039
1	110.399
1	148.559
1	230.754
1	226.039
1	219.411
1	190.42
1	215.338
1	256.318
1	146.168
1	166.834
1	191.972
1	257.997
1	209.029
1	287.885
1	204.908
1	140.103
1	302.661
1	178.845
1	207.795
1	313.504
1	145.586
1	223.962
1	255.615
1	176.259
1	208.99
1	191.485
1	177.374
1	205.468
1	277.865
1	233.612
1	412.185
1	338.048
1	178.581
1	139.023
1	277.077
1	220.746
1	179.6
1	185.191
1	174.109
1	171.64
1	248.86
1	143.098
1	145.662
1	178.893
1	190.64
1	228.384
1	188.472
1	212.991
1	187.266
1	307.417
1	152.242
1	282.181
1	335.202
1	186.252
1	240.314
1	189.175
1	151.741
1	344.072
1	136.966
1	215.721
1	190.186
1	274.305
1	179.736
1	238.234
1	161.789
1	211.185
1	132.183
1	176.904
1	167.939
1	178.182
1	165.732
1	228.827
1	208.961
1	216.199
1	188.647
1	189.893
1	166.186
1	219.518
1	167.844
1	187.675
1	201.121
1	190.706
1	203.552
1	165.614
1	253.851
1	236.125
1	136.429
1	221.031
1	184.764
1	270.408
1	132.391
1	224.179
1	215.494
1	211.894
1	233.4
1	307.987
1	231.186
1	261.059
1	216.961
1	255.482
1	290.232
1	254.486
1	188.884
1	176.252
1	239.557
1	168.23
1	236.219
1	187.746
1	146.024
1	295.315
1	185.143
1	224.599
1	249.978
1	159.999
1	353.484
1	281.447
1	213.729
1	136.254
1	254.886
1	168.197
1	199.167
1	185.095
1	154.796
1	242.131
1	149.75
1	210.191
1	209.798
1	199.832
1	176.816
1	174.367
1	132.859
1	347.685
1	148.937
1	176.833
1	162.797
1	144.052
1	161.255
1	138.911
1	204.604
1	210.239
1	173.708
1	209.392
1	199.43
1	173.627
1	165.811
1	236.199
1	181.692
1	256.131
1	226.596
1	162.329
1	360.049
1	127.871
1	202.018
1	252.995
1	197.285
1	244.863
1	375.696
1	237.545
1	188.332
1	173.603
1	178.234
1	171.757
1	187.543
1	208.677
1	205.369
1	171.573
1	157.644
1	276.394
1	182.119
1	184.594
1	214.408
1	178.328
1	243.138
1	217.78
1	167.523
1	225.549
1	147.263
1	256.676
1	157.582
1	199.385
1	171.257
1	254.013
1	186.596
1	168.152
1	215.07
1	179.524
1	185.221
1	141.995
1	177.363
1	199.008
1	177.217
1	129.056
1	139.667
1	140.75
1	276.206
1	141.13
1	156.535
1	203.1
1	157.728
1	236.276
1	210.375
1	221.557
1	204.53
1	176.236
1	126.41
1	199.32
1	222.792
1	444.469
1	180.7
1	245.714
1	236.163
1	247.593
1	175.989
1	218.127
1	418.481
1	188.052
1	208.003
1	244.919
1	286.911
1	143.835
1	202.818
1	193.472
1	223.178
1	226.846
1	226.323
1	283.545
1	261.56
1	198.456
1	225.306
1	188.828
1	258.286
1	177.333
1	268.922
1	228.241
1	160.649
1	176.86
1	281.374
1	128.708
1	216.84
1	185.364
1	215.605
1	254.344
1	231.537
1	157.654
1	231.172
1	156.748
1	180.527
1	161.924
1	177.101
1	190.814
1	155.693
1	228.623
1	145.996
1	223.481
1	284.47
1	232.603
1	191.115
1	175.554
1	160.144
1	162.501
1	106.154
1	140.333
1	186.904
1	177.16
1	196.847
1	199.109
1	219.644
1	253.92
1	194.328
1	180.299
1	289.98
1	189.274
1	152.544
1	187.805
1	255.691
1	180.911
1	171.134
1	269.095
1	179.514
1	233.391
1	217.293
1	253.489
1	159.965
1	205.208
1	165.666
1	227.84
1	197.042
1	218.229
1	370.203
1	146.892
1	188.392
1	242.369
1	187.697
1	161.101
1	255.229
1	240.307
1	172.928
1	137.265
1	190.516
1	209.763
1	201.489
1	223.01
1	181.07
1	224.601
1	184.873
1	222.785
1	182.941
1	201.216
1	178.863
1	200.576
1	171.649
1	194.971
1	193.103
1	200.122
1	147.538
1	307.329
1	144.728
1	327.475
1	174.591
1	121.811
1	293.992
1	172.231
1	272.713
1	226.926
1	159.141
1	148.988
1	144.319
1	177.558
1	187.069
1	325.888
1	201.589
1	173.067
1	238.702
1	147.782
1	136.253
1	174.065
1	220.724
1	169.221
1	174.821
1	153.968
1	193.246
1	166.563
1	236.008
1	170.32
1	151.265
1	143.481
1	275.659
1	187.884
1	261.35
1	173.164
1	207.585
1	169.944
1	186.285
1	268.933
1	197.603
1	218.501
1	209.73
1	181.175
1	147.09
1	270.289
1	146.234
1	232.096
1	272.741
1	155.722
1	173.739
1	172.277
1	231
1	230.105
1	169.474
1	242.81
1	166.987
1	169.767
1	214.487
1	191.404
1	259.589
1	279.451
1	192.905
1	268.44
1	232.388
1	248.847
1	143.999
1	305.119
1	176.737
1	259.497
1	377.389
1	282.572
1	210.014
1	219.995
1	243.36
1	235.715
1	269.263
1	200.514
1	251.203
1	150.191
1	187.198
1	201.005
1	194.542
1	130.765
1	163.504
1	166.382
1	208.319
1	259.16
1	235.277
1	191.315
1	167.374
1	190.091
1	285.347
1	243.949
1	125.771
1	149.419
1	257.615
1	143.235
1	185.898
1	193.614
1	199.941
1	191.21
1	194.109
1	198.834
1	199.193
1	215.746
1	202.354
1	169.799
1	229.161
1	193.864
1	111.625
1	242.927
1	197.084
1	192.553
1	173.407
1	175.964
1	250.284
1	243.937
1	215.799
1	183.586
1	194.644
1	179.541
1	282.861
1	383.817
1	220.266
1	339.778
1	227.261
1	209.861
1	201.846
1	289.828
1	264.627
1	159.854
1	190.698
1	228.325
1	161.967
1	127.544
1	184.71
1	200.413
1	251.681
1	143.887
1	174.651
1	199.823
1	183.898
1	164.076
1	176.571
1	153.568
1	224.664
1	195.441
1	252.332
1	184.986
1	220.57
1	234.121
1	165.421
1	167.937
1	146.307
1	230.192
1	240.704
1	238.49
1	169.739
1	207.423
1	208.831
1	277.853
1	214.719
1	201.728
1	183.725
1	259.788
1	181.207
1	257.656
1	155.953
1	240.898
1	199.931
1	166.124
1	216.055
1	200.849
1	153.694
1	253.218
1	165.621
1	203.056
1	248.587
1	173.214
1	290.003
1	129.407
1	216.597
1	186.407
1	128.206
1	150.462
1	173.035
1	179.806
1	181.414
1	174.154
1	202.855
1	270.919
1	131.132
1	194.113
1	146.882
1	225.042
1	164.549
0	22.0609
1	243.87
1	194.851
1	199.281
1	195.635
1	263.546
1	212.362
1	153.013
1	179.162
1	231.659
1	234.375
1	321.713
1	196.513
1	162.826
1	216.77
1	192.988
1	196.611
1	185.175
1	212.961
1	164.918
1	179.866
1	156.094
1	203.951
1	193.926
1	191.474
1	210.078
1	233.249
1	224.075
1	220.737
1	248.146
1	133.614
1	187.21
1	237.058
1	248.312
1	176.692
1	182.804
1	314.243
1	282.58
1	275.535
1	235.816
1	179.246
1	164.761
1	182.87
0	47.1791
1	187.396
1	127.481
0	99.0395
1	183.147
1	198.433
1	274.341
1	207.971
1	180.566
1	171.839
1	307.132
1	188.033
1	188.344
1	206.215
1	146.714
1	196.605
1	224.872
1	185.434
1	154.129
1	221.326
1	156.001
1	159.19
1	186.259
1	146.803
1	174.615
1	229.918
1	167.248
1	308.804
1	273.533
1	203.566
1	147.008
1	175.579
1	166.059
1	146.558
1	150.682
1	224.193
1	220.529
1	174.784
1	181.552
1	192.985
1	226.793
1	184.031
1	172.619
1	162.515
1	265.702
1	325.863
1	173.767
1	267.353
1	232.762
1	192.212
1	181.074
1	321.373
1	239.368
1	205.268
1	120.097
1	193.241
1	240.991
1	161.041
1	230.759
1	192.353
1	197.366
1	298.519
1	264.416
1	155.526
1	166.105
1	149.277
1	173.448
1	175.758
1	191.239
1	163.113
1	246.081
1	179.974
1	168.475
1	246.596
1	207.766
1	173.131
1	223.011
1	151.401
1	305.905
1	197.887
1	234.027
1	240.26
1	208.698
1	166.364
1	216.76
1	168.361
1	107.991
1	195.886
1	163.386
1	239.364
1	143.545
1	130.703
1	202.571
1	255.778
1	229.127
1	229.041
1	160.809
1	130.652
1	238.722
1	202.79
1	171.825
1	178.494
0	1.42383
1	164.865
1	250.265
1	202.95
1	181.291
1	242.534
1	163.056
1	205.311
1	180.297
1	286.843
1	213.72
1	218.542
1	228.725
1	198.037
1	392.535
1	172.151
1	173.261
1	178.733
1	224.113
1	160.31
1	187.332
1	188.128
1	226.067
1	143.638
1	378.373
1	168.059
1	234.951
1	153.002
1	210.785
1	158.84
1	181.146
1	172.801
1	149.873
1	241.072
1	229.09
1	294.659
1	263.428
1	205.667
1	311.213
1	255.529
1	156.837
1	201.793
1	212.487
1	147.26
1	248.556
1	196.262
1	205.567
1	171.482
1	149.136
1	197.607
1	274.885
1	164.978
1	182.754
1	194.796
1	169.343
1	181.155
1	218.167
1	233.513
1	197.413
1	261.775
1	283.994
1	181.797
1	232.302
1	311.895
1	187.363
1	234.755
1	189.151
1	151.418
1	233.57
1	182.824
1	199.618
1	222.336
1	219.829
1	222.41
1	211.125
1	262.728
1	239.472
1	198.71
1	365.009
1	201.167
1	191.691
1	256.082
1	195.738
1	169.951
1	185.607
1	206.189
1	173.966
1	194.129
1	161.666
1	394.52
1	140.622
1	239.096
1	244.88
1	172.285
1	188.341
1	219.871
1	167.63
1	235.73
1	225.778
1	184.708
1	192.741
1	221.921
1	247.674
1	152.178
1	243.636
1	120.422
1	307.872
1	127.171
1	152.737
1	152.01
0	6.64426
1	249.616
1	191.128
0	46.5167
1	193.018
1	199.192
1	157.717
1	201.5
1	229.787
1	143.93
1	177.83
1	153.131
1	214.947
1	151.474
1	280.672
1	221.726
1	193.505
1	197.337
1	167.896
1	196.336
1	204.847
1	173.498
1	203.541
1	249.114
1	138.953
1	237.712
1	184.297
0	1.58068
1	163.644
1	173.887
1	143.371
1	174.339
1	236.295
1	159.016
1	238.375
1	281.339
1	326.701
1	220.674
1	165.847
1	149.935
1	237.148
1	265.473
1	118.761
1	197.704
1	167.506
1	241.857
1	235.34
1	194.676
1	260.334
1	234.076
1	208.673
1	234.6
1	239.599
1	149.485
1	183.761
1	165.728
1	251.798
1	183.895
1	266.354
1	253.042
1	211.094
1	131.74
1	179.215
1	180.285
1	189.842
1	152.385
1	218.214
1	222.572
1	366.269
1	185.524
1	223.318
1	184.565
1	263.517
1	146.385
1	179.276
1	257.994
1	250.811
1	262.162
1	184.522
1	165.878
1	199.348
1	157.74
1	203.333
1	207.535
1	237.111
1	278.887
1	176.268
1	273.714
1	171.638
1	161.52
1	205.469
1	210.26
1	167.142
1	214.302
1	324.221
1	171.183
1	150.272
1	166.855
1	213.553
1	204.829
1	144.24
1	219.635
1	131.076
1	244.228
1	185.543
1	193.758
1	253.929
1	196.806
1	265.133
1	191.177
1	199.143
1	175.736
1	148.573
1	165.885
1	230.565
1	176.613
1	207.935
1	164.814
1	223.318
1	248.215
1	251.09
1	134.589
1	208.918
1	139.975
1	218.929
1	134.275
1	142.459
1	176.485
1	361.695
1	251.265
1	163.919
1	246.465
1	208.335
1	151.494
1	478.284
1	147.541
1	161.724
1	226.659
1	218.997
1	227.006
1	215.556
1	155.888
1	270.624
1	147.506
1	148.343
1	125.69
1	175.9
1	169.669
1	181.932
1	185.976
1	193.246
1	146.204
1	178.537
1	193.923
1	160.179
1	281.23
1	223.667
1	243.07
1	271.994
1	145.384
1	255.542
1	195.298
1	254.284
1	146.252
1	172.588
1	212.439
1	176.11
1	192.938
1	166.065
1	169.834
1	251.892
1	188.632
1	293.505
1	141.87
1	238.18
1	301.217
1	178.787
1	246.121
1	127.458
1	213.002
1	239.343
1	269.379
1	216.702
1	198.463
1	165.468
1	173.289
1	272.627
1	282.623
1	227.082
1	165.422
1	200.321
1	156.66
1	176.994
1	185.719
1	138.229
1	168.72
1	191.105
1	179.767
1	265.719
1	216.745
1	200.561
1	157.856
1	284.291
1	178.798
1	196.888
1	175.697
1	165.055
1	239.013
1	138.632
1	188.411
1	212.319
1	232.601
1	385.381
1	161.967
1	180.248
1	133.77
1	168.844
1	167.765
1	181.361
1	230.699
1	182.263
1	136.57
1	208.778
1	293.986
1	253.722
1	172.322
1	199.706
1	235.983
1	189.813
1	208.948
1	291.264
1	153.584
1	172.337
1	170.948
1	168.949
1	210.844
1	200.576
1	265.176
1	206.394
1	208.68
1	163.781
1	213.886
1	194.38
0	76.8253
1	178.727
1	183.177
1	269.603
1	183.078
1	226.775
1	244.594
1	159.148
1	231.242
1	237.319
1	133.728
1	164.425
1	251.293
1	310.048
1	207.993
1	143.804
1	262.636
1	198.741
1	301.594
1	122.78
1	253.914
1	270.087
1	176.658
1	152.774
1	248.969
1	237.149
1	189.275
1	169.539
1	252.828
1	186.672
1	149.352
1	146.932
1	289.619
1	170.05
1	212.1
1	166.952
1	218.195
1	190.245
1	128.738
1	187.154
1	221.085
1	229.949
1	143.195
1	194.019
1	240.065
1	194.402
1	191.866
1	223.075
1	150.278
1	270.279
1	129.367
1	154.298
1	210.138
1	137.645
1	276.737
1	257.56
1	141.313
1	270.496
1	211.899
1	187.443
1	179.619
1	158.582
1	184.93
1	224.149
1	135.937
1	173.579
1	265.772
1	331.264
1	200.32
1	191.903
1	131.055
1	191.034
1	179.484
1	197.431
1	118.31
1	261.917
1	200.352
1	177.504
1	273.826
1	171.191
1	150.089
1	262.502
1	298.679
1	163.119
1	141.966
1	175.826
1	176.905
1	190.321
1	182.739
1	142.006
1	177.635
1	152.043
1	136.162
1	229.168
1	248.339
1	302.455
1	223.3
1	175.378
1	267.127
1	246.973
1	126.016
1	178.52
1	193.277
1	311.705
1	240.217
1	198.73
1	218.522
1	223.582
1	168.429
1	249.352
1	194.998
1	141.374
1	151.491
1	163.432
1	204.252
1	235.081
1	154.538
1	251.356
1	207.043
1	150.239
1	193.148
1	284.986
1	190.456
1	180.085
1	265.01
1	141.087
1	174.01
1	198.768
1	178.776
1	206.261
1	300.079
0	0.766485
0	17.6193
1	155.528
1	182.219
1	217.423
1	272.359
1	192.524
1	192.145
1	174.52
1	159.972
1	157.178
1	262.719
1	183.053
1	208.233
1	176.163
1	223.385
1	191.918
1	185.806
1	179.414
1	213.343
1	203.392
1	184.406
0	126.536
1	157.699
1	195.061
1	158.025
1	170.102
1	297.981
1	178.036
1	201.565
1	244.696
1	212.161
1	232.876
1	206.086
1	182.237
1	196.718
1	234.244
1	211.241
1	172.148
1	235.533
1	151.62
1	198.735
1	186.176
1	197.353
1	195.637
1	145.052
1	264.782
1	158.496
1	176.869
1	177.676
1	193.348
1	204.489
1	198.98
1	139.033
1	196.038
1	146.224
1	341.996
1	168.582
1	136.627
1	225.242
1	176.566
1	181.276
1	176.271
1	147.05
1	300.344
1	186.596
1	160.919
1	201.563
1	238.44
1	217.314
1	245.607
1	247.455
1	148.094
1	160.577
1	157.15
1	226.644
1	178.411
1	200.903
1	172.553
1	213.808
1	152.669
1	223.906
1	279.577
1	203.382
1	224.985
1	201.686
1	196.76
1	197.935
1	217.636
1	210.193
1	228.592
1	160.743
1	306.541
1	402.398
1	157.371
1	392.544
1	231.645
1	205.356
1	259.27
1	311.101
1	198.222
1	148.853
1	282.987
1	238.114
1	184.229
1	213.763
1	194.617
1	230.349
1	218.318
1	252.103
1	258.475
1	191.292
1	269.366
1	218.82
1	238.154
1	260.982
1	170.251
1	160.096
1	165.894
1	193.051
1	236.884
1	182.678
1	323.547
1	169.575
0	28.3356
1	243.974
1	198.537
1	205.787
1	150.096
1	180.802
1	194.155
1	241.948
1	232.989
1	265.548
1	168.756
1	272.206
1	150.442
1	159.383
1	176.055
1	206
1	148.525
1	185.732
1	153.562
1	248.218
1	239.807
1	236.232
1	312.456
1	196.475
1	190.9
1	228.903
1	287.654
1	156.952
1	197.767
1	180.284
1	253.033
1	250.689
1	174.939
1	143.366
1	190.706
1	164.952
1	208.591
1	193.072
1	163.938
1	297.556
1	223.834
1	169.044
1	134.453
1	210.014
1	219.078
0	8.72633
1	153.756
1	195.964
1	204.021
1	176.531
1	163.827
1	185.424
1	145.876
1	204.312
1	135.926
1	220.32
1	209.435
1	211.432
1	186.406
1	243.274
1	239.035
1	245.743
1	199.104
1	196.656
1	144.803
1	228.18
1	167.641
1	205.471
1	131.664
1	150.96
1	262.627
1	205.494
1	153.982
1	191.315
1	146.57
1	153.4
1	195.786
1	158.56
1	242.134
1	194.76
1	155.568
1	197.973
1	281.684
1	128.46
1	169.503
1	204.277
1	248.168
1	237.079
1	192.665
1	270.357
1	220.638
1	219.18
1	214.508
1	169.786
1	192.92
1	336.909
1	278.662
1	187.741
1	217.73
1	146.833
1	294.094
1	317.74
1	185.529
1	183.641
1	201.692
0	31.2257
1	203.818
1	240.051
1	164.783
1	162.599
1	203.316
1	174.475
1	210.136
1	164.239
1	153.604
1	184.624
1	111.363
1	182.887
1	174.601
1	301.552
1	131.081
1	147.921
1	196.666
1	185.436
1	215.641
1	181.505
1	264.03
1	259.897
1	191.122
1	146.799
1	143.293
1	277.379
1	153.087
1	152.834
1	232.14
1	194.918
1	247.601
1	228.987
1	195.815
1	173.939
1	166.58
1	305.064
1	156.818
1	165.298
1	236.395
1	143.374
1	301.058
1	148.554
1	175.284
1	212.529
1	245.86
1	223.311
1	228.089
1	183.174
1	169.421
1	221.86
1	226.895
1	210.519
1	145.562
1	181.652
1	170.552
1	248.635
1	197.951
1	261.998
1	442.127
1	143.473
1	135.322
1	141.754
1	230.277
1	180.697
1	156.837
1	260.062
1	290.725
1	180.294
1	329.317
1	223.77
1	150.426
1	166.66
1	193.061
0	7.24379
1	208.699
1	187.558
1	196.765
1	149.05
1	199.645
0	139.863
1	197.487
1	304.185
1	191.046
1	160.331
1	179.1
1	222.779
1	178.677
1	215.085
1	165.934
1	187.88
1	230.769
1	217.244
1	247.186
1	188.473
1	298.206
1	167.176
1	304.415
1	223.992
1	227.294
1	208.965
1	225.628
1	237.581
1	242.787
1	167.281
1	210.725
1	220.979
1	216.96
1	160.767
1	167.661
1	246.306
1	176.365
1	221.346
1	204.488
1	294.704
1	211.892
1	203.964
1	171.899
1	191.457
1	164.191
1	195.962
1	285.294
1	97.6711
1	208.1
1	243.888
1	227.262
1	207.75
1	179.887
1	238.672
1	180.042
1	222.869
1	207.726
1	189.25
1	357.083
1	209.203
1	241.795
1	158.541
1	233.919
1	210.516
0	16.0574
1	156.588
1	303.633
1	174.112
1	190.675
1	182.17
1	378.423
1	191.39
1	171.596
1	341.772
1	202.532
1	183.288
1	135.983
1	175.189
1	167.109
1	142.679
1	206.048
1	142.305
1	221.327
1	344.153
1	283.559
1	223.482
1	370.283
1	254.51
1	203.236
1	193.541
1	176.194
1	163.518
1	191.334
1	241.702
1	381.271
1	200.254
1	177.174
1	213.391
1	153.17
1	185.702
1	232.104
1	190.565
1	216.326
1	150.348
1	191.502
1	225.685
1	240.532
1	190.402
1	280.318
1	251.284
1	141.936
1	142.051
1	222.181
1	128.69
1	243.72
1	212.253
1	175.684
1	277.106
1	140.705
1	122.552
1	229.788
1	233.062
1	278.457
1	135.175
1	220.641
1	272.078
1	259.799
1	191.492
1	124.175
1	191.548
1	125.239
1	219.454
1	255.135
1	188.662
1	196.332
1	254.008
1	200.704
1	157.991
1	151.91
1	219.128
1	168.801
1	251.269
1	191.808
1	164.934
1	164.692
1	223.503
1	173.931
1	223.665
1	248.391
1	184.232
1	155.442
1	224.09
1	234.591
1	220.151
1	260.801
1	264.017
1	148.564
1	192.536
1	221.278
1	141.132
1	185.212
1	190.857
1	146.768
1	274.777
1	169.072
1	220.672
1	280.502
0	8.71496
1	176.365
1	157.301
1	148.098
1	181.12
1	217.934
1	192.262
1	190.72
1	215
1	193.11
1	215.759
1	240.346
1	218.408
1	183.481
1	253.996
1	334.631
1	151.435
1	148.118
1	179.263
1	324.085
1	215.164
1	167.77
1	255.724
1	189.183
1	235.557
1	194.653
1	179.16
1	209.103
1	173.874
1	177.72
1	190.653
1	187.197
1	200.207
1	230.938
1	238.392
1	201.348
1	152.737
1	284.085
1	133.798
1	210.906
1	193.562
1	221.525
1	243.065
1	307.843
1	159.55
1	176.766
1	216.693
1	193.916
1	321.264
1	190.401
1	154.149
1	128.41
1	170.684
1	175.133
1	241.23
1	155.96
1	169.318
1	166.819
1	267.917
1	336.018
1	177.93
1	125.005
1	215.084
1	157.872
1	175.125
1	252.301
1	201.923
1	158.467
1	226.478
1	212.136
1	190.823
1	156.944
1	212.238
1	175.493
1	247.264
1	150.013
1	212.61
1	161.986
1	156.577
1	198.278
1	172.14
1	214.054
1	178.763
1	140.593
1	208.101
1	160.673
1	181.185
1	208.369
1	209.865
1	202.108
1	454.953
1	227.165
1	154.289
1	242.157
1	211.922
1	172.012
1	191.406
1	168.017
1	181.915
1	253.581
1	242.24
1	121.421
1	283.018
1	172.72
1	196.041
1	235.667
1	174.032
1	276.702
1	195.624
1	220.082
1	153.857
1	190.149
1	182.821
1	137.828
1	234.791
1	176.373
1	162.869
1	181.037
1	157.23
1	221.094
1	157.049
1	207.821
1	212.266
1	255.079
1	182.459
1	161.233
1	443.524
1	188.974
1	451.167
1	209.638
1	249.745
1	206.308
1	166.33
1	173.465
1	124.089
1	145.141
1	254.728
1	207.741
1	221.883
1	158.555
1	172.248
1	230.591
1	181.969
1	315.548
1	188.684
1	231.539
1	155.081
1	117.857
1	170.139
1	205.704
1	224.184
1	160.636
0	34.825
1	203.968
1	173.362
1	459.369
1	199.765
1	174.174
1	149.43
1	276.897
1	193.653
1	244.701
1	190.708
1	262.962
1	189.825
1	252.037
1	222.968
1	147.688
1	143.442
1	172.754
1	175.831
1	190.527
1	165.396
1	154.014
1	218.451
1	182.716
1	157.062
1	169.061
1	249.006
1	274.411
1	190.401
1	172.045
1	160.81
1	164.914
1	344.458
1	257.695
1	233.32
1	151.398
1	235.493
1	220.92
1	146.122
1	179.739
1	216.442
1	153.502
1	265.577
1	126.608
1	203.738
1	206.302
1	189.665
1	278.841
1	236.862
1	197.682
1	241.516
1	263.846
1	259.334
1	163.353
1	249.424
1	240.756
1	194.405
1	243.36
1	186.29
1	212.805
1	156.124
1	194.251
1	186.682
1	171.347
1	219.861
1	174.74
1	214.63
1	150.57
1	183.661
1	190.085
1	210.382
1	186.391
1	197.456
1	242.929
1	212.481
1	288.01
1	182.055
1	229.651
1	216.793
1	184.936
1	193.485
1	213.153
1	221.015
1	199.88
1	157.413
1	145.173
1	281.719
1	187.913
1	164.859
1	228.086
1	225.569
1	243.81
1	165.471
1	247.778
1	211.268
1	219.069
1	168.512
1	168.259
1	179.26
1	185.183
1	121.389
1	255.71
1	215.432
1	189.787
1	191.413
1	187.575
1	164.818
1	157.156
1	321.16
1	169.889
1	169.521
1	203.726
1	196.765
1	158.037
1	243.18
1	252.93
1	140.557
1	196.941
1	279.315
1	156.295
1	166.99
1	222.585
1	138.199
1	184.165
1	184.168
1	200.312
1	177.848
1	196.974
1	193.078
1	191.219
1	213.022
1	149.305
1	212.876
1	242.337
1	210.967
1	227.96
1	141.697
1	268.241
1	301.845
1	190.843
1	222.621
1	239.541
1	282.17
1	138.787
1	177.609
1	116.967
1	184.515
1	255.692
1	227.545
1	143.712
1	196.02
1	153.432
1	263.933
1	315.242
1	249.787
1	244.821
1	208.124
1	171.813
1	126.313
1	134.139
1	152.411
1	254.32
1	193.638
1	150.981
1	171.939
1	227.795
1	160.076
1	160.236
1	182.836
1	144.342
1	193.919
1	320.009
1	215.103
1	225.643
1	223.122
1	185.913
1	215.062
1	126.22
1	201.084
1	247.308
1	259.303
1	375.077
1	228.949
1	205.664
1	181.23
1	219.062
1	137.665
1	156.971
1	143.359
1	251.916
1	174.766
1	233.459
0	6.20535
1	192.569
1	198.962
1	230.686
1	108.23
1	158.951
1	314.332
1	301.491
1	165.078
1	165.464
1	200.033
1	222.923
1	286.255
1	172.719
1	114.328
1	201.223
1	281.889
1	158.607
1	238.525
1	196.392
1	239.356
1	218.967
1	179.823
1	286.779
1	193.965
1	240.463
1	140.801
1	179.54
1	200.495
1	186.704
1	180.946
1	220.407
1	266.662
1	240.139
1	144.682
1	194.652
1	178.833
1	357.49
1	214.199
0	42.1595
1	175.022
1	155.684
1	192.385
1	272.494
1	289.537
1	226.112
1	167.473
1	181.646
1	136.609
1	123.428
1	143.623
1	210.239
1	258.365
1	349.315
1	175.445
1	220.337
1	173.185
1	170.613
1	305.254
1	141.765
1	267.264
1	197.013
1	224.984
1	162.506
1	198.834
1	159.941
1	194.039
1	314.748
1	226.627
1	129.558
1	165.336
1	191.781
1	145.304
1	218.536
1	212.092
1	167.355
1	191.615
1	174.451
1	156.882
1	198.233
1	255.027
1	124.825
1	136.129
1	127.367
1	130.787
1	181.504
1	280.711
1	173.968
1	281.05
1	135.296
1	142.694
1	140.929
1	210.836
1	205.071
1	220.837
1	167.625
1	190.687
1	209.812
1	188.985
1	151.88
1	228.379
1	200.539
1	165.95
1	165.772
1	203.361
1	153.684
1	204.052
1	197.513
1	162.804
1	181.297
1	157.363
1	253.675
1	213.549
1	283.87
1	156.037
1	159.41
1	291.478
1	153.107
1	258.716
1	222.038
1	389.009
1	173.67
1	231.42
1	205.681
1	253.095
1	269.313
1	190.755
1	186.205
1	156.317
1	228.448
1	221.777
1	127.36
1	203.08
1	169.169
1	202.591
1	193.795
1	256.753
1	194.11
1	161.699
1	201.042
1	172.84
1	193.728
1	203.404
1	246.654
1	151.226
1	140.41
1	151.051
1	248.68
1	194.013
1	207.597
1	158.027
1	203.143
1	237.905
1	228.047
1	250.063
1	148.617
1	150.594
1	200.506
0	47.9622
1	231.144
1	185.392
1	222.831
1	194.884
1	219.669
1	213.853
1	232.829
1	165.111
1	240.926
1	166.197
1	173.373
1	164.987
1	248.727
1	216.244
1	230.241
1	262.15
1	167.702
1	346.576
1	205.111
1	172.141
1	190.257
1	325.266
1	233.099
1	217.783
1	212.367
1	221.808
1	213.607
1	154.434
1	176.741
1	152.537
1	195.137
1	172.611
0	15.7963
1	197.552
1	135.397
1	231.606
1	236.281
1	186.19
1	135.507
1	378.659
1	219.23
1	198.884
1	167.395
1	182.252
1	226.254
1	196.321
1	183.288
1	171.753
1	151.241
1	222.683
1	171.585
1	200.378
1	251.089
1	146.983
1	204.286
1	180.688
1	197.83
1	187.016
1	209.238
1	137.731
1	225.805
1	269.489
1	151.224
1	251.906
1	176.051
1	497.253
1	164.636
1	222.532
1	185.783
1	156.369
1	152.49
1	178.016
1	164.528
1	305.125
1	178.818
1	212.566
1	183.29
1	148.193
1	125.149
1	158.915
1	276.998
1	177.027
1	198.005
1	146.578
1	136.115
1	181.062
1	219.715
1	163.756
1	295.79
1	212.022
1	176.898
1	293.254
1	176.127
1	185.415
1	147.305
1	166.809
1	199.325
1	240.886
1	212.364
1	184.664
1	132.553
1	192.503
1	251.663
1	314.581
1	195.342
1	216.032
1	143.308
1	235.393
1	175.647
1	265.409
1	178.783
1	240.264
1	158.952
1	153.991
1	212.937
0	22.6296
1	194.266
1	229.048
1	224.785
1	188.05
0	60.2656
1	136.353
1	230.03
1	136.554
1	180.464
1	221.079
1	195.292
1	239.885
1	217.075
1	255.504
1	167.569
1	188.185
1	147.793
1	295.349
1	191.607
1	133.308
1	277.992
1	190.706
1	189.137
1	229.316
1	275.592
1	171.727
1	161.735
1	219.916
1	164.07
1	121.228
1	196.526
1	171.41
1	205.736
1	177.193
1	202.526
1	223.203
1	197.51
1	194.656
1	168.815
1	204.607
1	208.651
1	150.705
1	205.231
1	194.091
1	133.956
1	181.226
1	153.481
1	244.901
1	150.122
1	276.318
1	206.022
1	175.204
1	192.306
1	178.427
1	218.951
1	154.011
1	192.288
1	171.968
1	177
1	176.205
1	175.292
1	159.014
1	124.805
1	201.809
1	192.88
1	196.363
1	161.251
1	208.412
1	189.368
1	230.432
1	229.592
1	248.776
1	209.241
0	6.93322
1	273.734
1	236.619
1	176.873
1	130.683
1	313.384
1	228.484
1	139.011
1	245.165
1	217.372
1	252.465
1	124.641
1	184.298
1	239.499
1	164.657
1	275.391
1	164.446
1	191.621
1	244.092
1	228.696
1	218.279
1	214.339
1	206.36
1	168.788
1	152.655
1	133.146
1	234.906
1	216.303
1	169.506
1	151.863
1	152.731
1	185.595
1	311.599
1	187.562
1	251.562
1	233.175
1	209.538
1	228.415
1	233.367
1	163.932
1	207.145
1	353.892
1	195.47
1	260.455
1	225.664
1	141.414
1	244.479
1	215.781
1	193.325
1	131.33
1	236.057
1	269.578
1	169.386
1	255.667
1	247.165
1	178.589
1	203.258
1	131.029
1	206.783
1	155.048
1	221.867
1	191.349
1	296.035
1	176.801
1	185.011
1	196.945
1	195.364
1	190.045
1	133.709
1	229.05
1	173.388
1	179.296
1	206.376
1	298.794
1	252.212
1	187.09
1	200.821
1	307.634
1	246.726
1	136.448
1	114.554
1	174.342
1	193.734
1	178.856
1	206.595
1	137.56
1	162.59
1	222.618
1	202.007
1	214.549
1	208.312
1	168.882
1	254.096
1	183.922
1	206.853
1	160.942
1	186.499
1	211.205
1	181.512
1	319.226
1	189.229
1	160.648
1	228.987
1	258.275
1	263.951
1	259.63
1	131.1
1	170.502
1	176.393
1	149.518
1	181.826
1	180.114
1	170.272
1	128.897
1	232.567
1	328.703
1	238.488
1	217.416
1	170.199
1	114.306
1	232.978
1	195.757
1	192.03
1	146.953
1	160.315
1	189.413
1	206.028
1	175.64
1	241.802
1	179.151
1	158.944
1	135.283
1	210.761
1	232.736
1	250.477
1	138.448
1	160.881
1	135.967
1	465.736
1	176.012
1	240.431
1	199.247
1	158.479
1	216.812
1	202.877
1	220.937
1	172.203
1	198.54
1	225.035
1	192.033
1	244.343
1	185.39
1	247.879
1	244.481
1	276.681
1	132.783
1	183.806
1	140.603
1	204.345
1	211.432
1	201.219
1	274.319
1	157.124
1	203.691
1	205.14
1	210.742
1	249.97
1	239.525
1	252.315
1	189.857
1	179.689
1	204.667
1	138.847
1	171.445
1	148.653
0	7.82647
1	125.334
1	138.886
1	168.049
1	189.399
1	154.854
1	182.97
1	277.096
1	238.164
1	142.598
1	125.101
1	148.609
1	191.031
1	260.685
1	161.785
1	169.002
1	203.268
1	179.832
1	229.817
1	162.796
1	150.584
1	307.787
1	284.274
1	209.682
1	163.576
1	227.405
1	180.768
1	210.452
1	232.424
1	218.491
1	224.561
1	174.577
1	157.771
1	175.637
1	241.938
1	183.303
1	287.808
1	258.467
1	217.906
1	159.787
1	190.159
1	128.352
1	223.016
1	127.799
1	204.526
1	327.771
1	190.669
1	185.198
1	163.529
1	227.819
1	296.217
1	179.596
1	181.782
1	246.907
1	217.326
1	183.784
1	170.286
1	184.674
1	499.915
1	224.06
1	209.305
1	140.061
1	156.567
1	197.646
0	4.81302
1	340.636
1	170.4
1	205.564
1	241.014
1	218.814
1	176.494
1	193.525
1	143.976
1	199.911
1	221.284
1	148.069
1	271.419
1	168.33
1	197.52
1	184.639
1	136.74
1	177.454
1	130.836
1	218.762
1	263.757
1	154.59
1	227.947
1	180.228
1	198.585
1	179.24
1	166.674
1	217.915
1	189.964
1	235.897
1	169.094
1	212.284
1	159.308
1	245.494
1	159.915
1	179.91
1	176.397
1	184.341
1	230.748
1	226.782
1	154.478
1	187.16
1	128.281
1	235.673
1	183.418
1	256.283
1	186.35
1	299.904
1	225.66
1	234.851
1	244.474
1	166.48
1	210.44
1	176.945
1	166.199
1	173.578
1	197.668
1	188.69
1	194.257
1	187.273
1	215.894
1	135.883
1	224.816
1	157.736
1	226.446
1	151.549
1	160.416
1	203.141
1	226.229
1	163.039
1	176.619
1	198.913
1	255.813
1	177.852
1	143.282
1	179.93
1	159.967
1	191.324
1	206.844
1	124.922
1	117.959
1	255.802
1	186.194
1	203.21
1	139.598
1	150.975
1	139.702
1	168.409
1	271.247
1	201.167
1	276.518
1	215.582
1	353.283
1	186.027
1	181.496
1	254.766
1	166.413
1	192.287
1	200.642
0	50.8408
1	195.626
1	207.074
1	205.089
1	201.837
1	212.464
1	232.048
1	277.621
1	227.849
1	203.636
1	199.691
1	201.895
0	40.8293
1	146.259
1	186.961
1	295.736
1	209.89
1	287.522
1	216.426
1	233.48
1	215.415
1	214.506
1	218.432
1	204.466
1	193.113
1	142.397
1	146.997
1	127.916
1	201.786
1	194.436
1	168.391
1	179.152
1	207.289
1	150.935
1	173.841
1	163.242
1	168.328
1	170.493
1	218.229
1	169.36
1	228.79
1	195.864
1	218.048
1	172.032
1	163.209
1	227.944
1	142.566
1	166.337
1	234.959
1	207.63
1	196.215
1	237.796
1	219.78
1	187.132
1	150.338
1	215.91
1	262.161
1	243.691
1	165.066
1	200.68
1	218.978
1	137.98
0	27.0595
1	227.803
1	162.262
1	222.574
1	214.462
1	198.174
1	183.271
1	293.954
1	317.952
1	233.63
1	207.981
1	136.975
1	230.756
1	270.19
1	198.776
1	284.615
1	171.258
1	185.215
1	345.528
1	129.534
0	28.4369
1	234.708
0	24.808
1	160.644
1	137.903
1	185.485
1	229.842
1	216.057
1	160.52
1	163.526
1	286.555
1	273.86
1	158.623
1	216.353
1	150.678
1	281.569
1	214.592
1	200.222
1	181.885
1	200.868
1	207.047
1	192.428
1	271.347
1	264.917
1	154.095
1	138.558
1	172.152
1	201.571
1	194.151
1	178.148
1	135.133
1	209.535
1	200.4
1	148.183
1	171.329
1	183.778
1	225.377
1	190.259
1	151.72
1	164.719
1	149.212
1	211.223
1	193.009
1	170.416
1	185.98
1	217.04
0	25.6221
0	114.214
1	174.261
1	133.529
1	216.341
1	190.554
1	194.681
1	164.308
0	9.15748
1	277.106
1	142.569
1	346.751
1	237.168
1	234.397
1	136.03
1	313.787
1	237.628
1	215.06
1	165.869
1	159.036
1	178.112
1	288.753
1	304.775
1	232.83
1	163.333
1	208.975
1	156.564
1	175.57
1	203.156
1	274.274
1	158.031
1	173.623
1	243.526
1	337.991
1	142.418
1	135.099
1	238.415
1	182.258
1	209.249
1	292.469
1	177.08
1	323.628
1	283.774
1	197.841
1	199.005
1	175.975
1	190.301
1	234.164
1	163.382
1	176.481
1	237.395
1	173.244
1	244.196
1	194.011
1	190.174
1	250.858
1	230.381
1	152.791
1	280.02
1	330.912
1	206.344
1	274.939
1	200.47
1	193.206
1	169.243
1	151.37
1	194.304
1	277.397
1	214.271
1	124.984
1	194.591
1	150.114
1	266.926
1	185.269
1	145.197
1	140.414
1	250.57
1	173.449
1	173
1	258.178
1	177.459
1	277.072
1	234.621
1	152.285
1	278.458
1	360.334
1	204.636
1	188.439
1	302.564
1	299.548
1	177.139
1	179.408
1	137.7
1	149.821
1	187.422
1	135.627
1	181.732
1	156.971
1	137.849
1	151.928
1	216.653
1	187.365
1	169.542
1	135.779
1	147.672
1	218.606
1	218.796
1	166.568
1	208.528
1	169.903
1	207.972
1	179.458
1	159.672
1	205.263
1	211.99
1	134.661
1	261.762
1	219.084
1	145.708
1	161.075
1	172.016
1	173.647
1	203.686
1	213.209
1	204.387
1	156.962
1	152.683
1	138.946
1	370.704
1	169.81
1	266.326
1	139.763
1	154.597
1	236.687
1	176.212
1	156.724
1	166.027
1	233.365
1	136.447
1	176.485
1	149.881
1	268.754
1	219.104
1	166.675
1	202.721
1	184.869
1	233.16
1	126.634
1	220.555
1	117.824
1	159.257
1	160.466
1	320.838
1	159.064
1	203.94
0	1.62249
1	153.031
1	204.801
1	267.031
1	182.816
1	162.399
1	156.556
1	202.256
1	150.515
1	227.862
1	249.364
1	225.684
1	169.795
1	203.309
1	223.696
1	145.178
1	194.678
1	150.191
1	213.214
1	207.43
1	155.716
1	221.649
1	215.243
1	170.465
1	289.068
1	215.332
1	292.306
1	231.515
1	255.689
1	142.606
1	161.215
1	249.78
1	189.819
1	179.878
1	193.901
1	259.245
1	231.361
1	211.443
1	169.76
1	141.412
1	238.398
1	141.608
1	191.152
1	179.464
1	238.097
1	295.135
1	356.134
1	234.73
1	203.017
1	169.346
1	188.601
1	219.839
1	176.376
1	162.282
1	537.991
1	215.209
1	180.401
1	210.936
1	273.471
1	159.813
1	230.522
1	329.362
1	221.076
1	218.415
1	207.291
1	196.93
1	170.585
1	185.3
1	182.521
1	161.732
1	229.189
1	236.056
1	273.059
1	186.192
1	230.092
1	304.254
1	154.027
1	301.662
1	140.022
1	229.13
1	163.71
1	191.591
1	228.177
1	172.056
1	144.64
1	225.219
1	334.792
1	226.259
1	202.111
1	146.504
1	175.714
1	251.136
1	202.468
1	179.876
1	241.83
1	238.382
1	198.107
1	319.935
1	229.072
1	224.925
1	249.865
1	167.6
1	248.39
1	172.26
1	201.184
1	227.898
1	239.99
1	262.322
1	119.03
1	212.348
1	187.012
1	179.386
1	191.615
1	205.897
1	120.992
1	218.194
1	161.976
1	148.629
1	131.256
1	221.953
1	153.212
1	195.119
1	297.754
1	183.652
1	259.682
1	211.061
1	351.366
1	215.421
1	202.47
1	207.296
1	210.118
1	152.433
1	141.895
1	203.316
1	240.677
1	159.11
1	188.041
1	108.588
1	197.185
1	248.648
1	295.826
1	228.187
1	164.321
1	222.568
1	185.824
1	208.227
1	153.547
1	127.922
1	158.238
1	197.134
1	255.613
1	181.79
1	163.411
1	137.04
1	162.631
1	245.841
1	155.49
1	176.049
1	120.699
1	156.595
1	186.115
1	187.455
1	188.952
1	231.357
1	177.091
1	168.624
1	195.46
1	200.153
1	316.464
1	201.682
1	314.238
1	229.456
1	202.967
1	209.587
1	192.906
1	152.044
1	203.633
1	188.817
1	147.826
1	195.229
1	157.615
1	161.141
1	180.793
1	240.548
1	131.186
1	205.369
1	233.844
1	233.11
1	166.39
1	159.262
1	262.382
1	320.505
1	190.36
1	174.245
1	261.356
1	212.618
1	212.871
1	167.351
1	205.304
1	228.022
1	301.529
1	213.787
1	197.275
1	129.903
1	264.02
1	157.621
1	218.69
1	165.967
1	270.077
1	136.087
1	222.63
1	152.23
1	136.823
1	241.704
1	137.539
1	204.224
1	131.478
1	177.425
1	219.934
1	171.564
1	177.856
1	196.728
1	190.503
1	224.012
1	252.892
1	233.588
1	184.838
1	193.584
1	177.694
1	242.483
1	201.489
1	215.241
1	223.972
1	136.791
1	160.382
1	208.412
1	123.136
1	226.569
1	205.971
1	212.454
1	249.739
1	222.054
1	236.657
0	62.7879
1	214.418
1	146.838
1	166.808
1	320.129
1	229.997
1	211.939
1	178.216
1	146.268
1	230.682
1	171.31
1	254.478
1	168.666
1	211.063
1	173.196
1	161.471
1	182.435
1	163.473
1	210.653
1	267.34
1	243.543
1	172.872
1	197.303
1	190.613
1	160.82
1	197.583
1	248.506
1	166.224
1	202.606
1	262.663
1	302.092
1	219.6
1	177.733
1	148.675
1	218.277
1	170.039
1	190.909
1	211.878
1	120.174
1	316.468
1	206.242
1	199.456
1	219.159
0	6.13228
1	262.333
1	225.56
1	169.723
1	150.111
1	189.448
1	189.893
1	126.531
1	260.619
1	166.287
1	191.375
1	128.778
1	226.77
1	237.883
1	182.52
1	147.196
1	196.08
1	165.073
1	173.744
1	302.675
1	218.48
1	206.273
1	131.484
1	220.085
1	188.632
1	163.134
1	184.657
1	219.278
1	224.299
1	314.519
1	136.01
1	257.229
1	213.325
1	195.933
1	305.16
1	205.353
1	141.401
1	218.598
1	210.135
1	149.912
1	168.166
1	231.322
1	264.355
1	171.708
1	194.212
1	135.637
1	235.737
1	191.451
1	235.343
1	166.963
1	173.69
1	228.147
1	197.273
1	217.065
1	266.266
1	206.841
1	217.836
1	193.06
1	311.676
1	168.085
1	172.595
1	217.065
1	216.077
1	215.192
1	140.517
1	223.124
1	197.164
1	257.891
1	198.341
1	174.153
1	221.689
1	174.095
1	177.89
1	126.901
1	157.969
1	173.685
1	183.491
1	240.262
1	208.748
1	165.734
1	180.869
1	195.433
1	186.338
1	144.535
1	196.206
1	221.297
1	277.657
1	226.497
1	289.569
1	132.659
0	23.7101
1	105.647
1	232.422
1	154.719
1	137.737
1	159.848
1	206.027
1	157.316
1	165.57
1	221.366
1	179.081
1	217.086
1	239.458
1	261.657
1	181.526
1	168.433
1	161.321
1	262.416
1	154.629
1	166.647
1	155.301
1	261.281
1	158.184
1	164.794
1	168.107
1	196.892
1	207.945
1	225.007
1	126.212
1	238.747
1	158.801
1	153.688
1	258.98
1	112.862
1	162.779
1	160.773
1	301.709
1	172.734
1	341.796
1	205.742
1	230.5
1	140.612
1	156.327
1	251.292
1	208.708
1	212.626
1	203.228
1	167.72
1	205.276
1	247.88
1	191.419
1	164.673
1	185.068
1	237.451
1	136.233
1	186.447
1	175.565
1	234.434
1	177.463
1	251.006
1	189.333
1	182.593
1	195.367
1	155.429
1	187.349
1	274.445
1	131.818
1	202.065
1	183.68
1	262.597
1	282.288
1	179.422
1	145.593
1	134.503
1	155.609
1	238.075
1	197.457
1	127.06
1	170.355
1	231.62
1	299.286
1	147.709
1	248.532
1	239.997
1	249.687
1	179.127
1	251.959
1	308.689
1	264.609
1	231.906
1	260.095
1	146.777
1	181.185
1	196.151
1	258.134
1	355.476
1	228.856
1	191.079
1	134.752
1	222.154
1	199.377
1	212.227
1	177.514
1	225.377
1	193.429
1	157.147
1	190.737
1	256.203
1	221.205
1	254.695
1	178.784
1	261.516
1	224.191
1	194.279
1	224.121
1	105.52
1	207.347
1	169.662
1	409.861
1	153.801
1	130.737
1	191.788
1	126.023
1	145.908
1	184.227
1	148.926
1	204.026
1	203.88
1	219.198
1	145.452
1	174.208
1	283.681
1	269.332
1	189.521
1	204.881
0	59.2365
1	181.489
1	189.107
1	183.559
1	131.108
1	232.21
1	203.662
1	198.664
1	240.427
1	165.891
1	203.495
1	224.342
1	205.024
1	202.783
1	132.453
1	261.677
1	198.169
1	147.017
1	233.319
1	322.903
1	154.72
1	169.411
1	183.782
1	158.817
1	186.521
1	384.228
1	203.298
1	196.028
1	140.168
1	235.217
1	172.955
1	286.29
1	205.907
1	198.839
1	182.044
1	303.218
1	210.536
1	276.352
1	245.506
1	113.015
1	235.906
1	172.288
1	144.882
1	158.078
1	204.989
1	167.262
1	139.169
1	229.742
1	263.775
1	180.479
1	127.227
1	224.945
1	256.84
1	246.689
1	172.513
1	166.64
1	211.43
1	204.627
1	137.392
1	201.265
1	245.851
1	205.541
1	165.688
1	224.222
1	167.572
1	213.736
1	161.975
1	172.574
1	285.478
1	220.268
1	147.242
1	234.716
1	190.147
1	163.125
1	209.448
1	165.642
1	139.922
1	298.078
0	33.0754
1	204.32
1	287.497
1	182.456
1	224.95
1	188.159
1	281.236
1	219.329
1	140.809
1	194.282
1	175.758
1	149.838
1	147.637
1	165.053
1	219.852
1	172.474
1	279.27
1	182.394
1	313.449
1	201.701
1	209.507
1	301.5
1	132.625
1	233.516
1	143.343
1	296.809
1	153.633
1	153.443
1	218.066
1	222.611
1	370.233
1	197.765
1	191.082
1	244.277
1	182.688
1	234.172
1	503.685
1	224.051
1	227.759
1	219.276
1	260.442
1	194.042
1	218.932
1	186.71
1	197.482
1	160.223
1	224.903
1	211.226
1	182.487
1	144.541
1	137.501
1	155.312
1	137.802
1	153.126
1	174.098
1	282.234
1	171.493
1	200.636
1	225.712
1	267.912
1	168.539
1	192.09
1	191.228
1	240.577
1	109.497
1	142.84
1	123.617
1	156.934
1	165.308
1	232.472
1	144.298
1	196.219
1	229.206
1	259.425
1	180.914
1	216.346
1	175.519
1	259.875
1	185.815
1	327.809
1	135.741
1	224.724
1	143.116
1	170.69
1	137.295
1	145.952
1	176.496
1	270.808
1	289.729
1	273.794
1	198.436
1	147.518
1	165.034
1	139.726
1	204.812
1	183.988
1	237.624
1	233.362
1	106.16
1	151.66
1	175.708
1	248.776
1	151.728
1	208.643
1	197.669
1	254.372
1	205.522
1	141.946
1	184.361
1	184.948
1	244.21
1	160.239
1	261.059
1	220.893
1	225.811
1	173.282
1	227.711
1	203.881
1	200.866
1	157.921
1	296.937
1	170.741
1	236.97
1	186.659
1	204.652
1	132.306
1	137.73
1	231.723
1	292.285
1	150.644
1	322.564
1	121.211
1	200.023
1	192.582
1	276.41
1	138.29
1	138.393
1	227.484
1	141.578
1	162.193
1	161.902
1	225.849
1	239.388
1	169.038
1	335.138
1	232.15
1	182.234
1	162.662
1	221.629
1	157.849
1	213.06
1	135.465
1	203.195
1	190.664
1	184.831
1	184.907
1	162.022
1	126.652
1	252.994
1	199.385
1	170.024
1	250.022
1	246.678
1	347.746
1	187.622
1	155.639
1	197.639
1	254.53
1	244.341
1	247.334
1	212.511
1	392.358
1	163.928
1	162.609
1	176.26
1	184.595
1	342.208
1	173.508
1	168.098
1	154.681
1	150.958
1	168.378
1	214.079
1	233.781
1	185.577
1	264.04
1	212.89
1	230.243
1	171.162
1	245.467
1	207.087
1	150.059
1	207.907
1	177.028
1	183.393
1	194.974
1	238.972
1	230.131
1	238.675
1	212.443
1	200.489
1	268.189
1	247.167
1	206.867
1	144.18
1	208.227
1	124.664
1	194.439
1	206.401
1	223.671
1	192.969
1	253.058
1	240.875
1	236.46
1	207.608
1	191.039
1	203.083
1	202.78
1	234.059
1	224.914
1	244.786
1	161.963
1	160.381
1	184.747
1	186.608
1	165.077
1	131.847
1	153.007
1	186.83
1	183.994
1	215.654
1	234.263
1	195.782
1	189.097
1	198.838
1	171.184
1	176.51
1	243.675
1	204.17
1	158.427
1	228.287
1	191.417
1	180.132
1	353.937
1	180.895
1	198.368
1	168.477
1	224.081
1	181.15
1	146.012
1	144.513
1	195.156
1	202.274
1	218.042
1	194.515
1	187.741
1	275.025
1	165.918
1	143.757
1	250.226
1	260.824
1	184.743
1	208.36
1	291.58
1	143.651
1	314.126
1	262.545
1	206.007
1	223.9
1	265.153
1	196.112
1	175.363
1	163.02
1	195.953
1	155.298
1	184.829
1	213.505
1	210.485
1	246.443
1	171.712
1	333.935
1	196.444
1	125.808
1	249.463
1	238.235
1	187.769
1	218.096
1	173.063
1	322.54
1	186.297
1	250.334
1	145.681
1	206.973
1	162.734
1	181.21
1	230.223
1	149.006
1	148.975
0	186.096
1	215.7
1	205.27
1	198.097
1	241.76
1	188.732
1	245.24
1	194.08
1	165.07
1	193.459
1	342.644
1	210.657
1	173.6
1	152.08
1	240.649
1	243.735
1	167.185
1	126.703
1	195.815
1	211.415
1	174.589
1	212.761
1	215.884
1	178.332
1	155.428
1	300.243
1	202.695
1	157.507
1	155.444
1	139.581
1	205.667
1	199.341
1	282.365
1	234.645
1	215.538
1	172.484
1	242.585
1	245.501
1	239.021
1	206.512
1	186.516
1	184.715
1	291.439
1	170.585
1	228.104
1	208.953
1	175.604
1	158.322
1	198.964
1	273.641
1	241.4
1	258.636
1	241.236
1	226.101
1	256.881
1	211.3
1	185.783
1	141.161
1	204.096
1	156.635
1	209.925
1	231.501
1	214.29
1	229.921
1	196.034
1	187.303
1	214.155
1	133.717
1	175.679
1	166.917
1	178.705
1	191.792
1	189.433
1	245.69
1	176.952
1	157.371
1	254.563
1	193.084
1	199.591
1	160.935
1	221.539
1	228.272
1	295.886
1	236.41
1	213.505
1	152.963
1	159.202
1	188.039
1	254.264
1	221.633
1	165.673
1	172.526
1	183.004
1	230.325
1	264.355
1	184.811
1	226.067
1	176.252
1	166.52
1	193.179
1	190.173
1	304.543
1	156.762
1	179.53
1	237.459
1	126.91
1	308.097
1	223.179
1	229.273
1	215.477
1	198.062
1	211.679
1	193.169
1	191.573
1	141.057
1	206.755
1	186.113
1	229.37
1	267.16
1	159.525
1	157.209
1	236.649
1	165.399
1	350.781
1	216.826
1	366.692
1	182.232
1	113.182
1	140.192
1	240.139
1	214.36
1	149.744
1	235.347
1	334.136
1	234.622
1	261.962
1	180.303
1	246.275
1	308.297
1	110.042
1	191.057
1	154.634
1	184.536
1	234.417
1	138.378
1	204.454
1	136.818
1	208.596
1	181.801
1	180.171
1	207.503
1	268.815
1	189.005
1	155.14
1	226.325
1	162.819
1	235.713
1	223.834
1	255.194
0	84.705
1	148.201
1	153.128
1	245.939
1	156.918
1	147.372
1	246.413
1	212.171
1	214.301
1	236.023
1	348.316
1	189.795
1	130.687
1	212.214
1	164.609
1	182.651
1	168.059
1	161.793
1	188.516
1	227.567
1	178.863
1	182.844
1	281.175
1	226.683
1	184.514
1	161.508
1	163.862
1	155.579
1	225.411
1	149.485
1	195.043
1	309.677
1	150.258
1	198.319
1	180.215
1	235.181
1	232.122
1	280.973
1	296.429
1	182.32
1	235.378
1	154.239
1	211.668
1	323.694
1	198.278
1	158.732
1	172.595
1	219.149
1	210.415
1	212.941
1	242.475
1	282.209
1	267.585
1	215.953
1	283.057
1	189.913
1	208.922
1	150.922
1	178.796
1	186.094
1	181.276
1	223.733
1	152.755
1	187.228
1	171.241
1	168.12
1	276.807
1	169.685
1	143.572
1	316.168
1	224.694
1	170.495
1	192.065
1	290.456
1	171.431
1	239.683
1	178.328
1	165.343
1	290.676
1	258.526
1	198.037
1	215.04
1	211.333
1	215.064
1	175.318
1	133.7
1	242.321
1	180.831
1	208.199
1	199.414
1	224.014
1	148.155
1	185.751
1	197.209
1	225.112
1	134.886
1	227.175
1	215.346
1	184.131
1	179.583
1	159.346
1	266.543
1	114.602
1	179.33
1	178.109
1	204.955
1	167.227
1	171.093
1	166.428
1	275.978
1	230.82
1	188.43
1	203.045
1	192.034
1	143.315
1	208.359
1	169.336
1	252.516
1	161.314
1	188.535
1	205.791
1	189.935
1	179.494
1	304.481
1	245.979
1	156.138
1	228.528
1	285.673
1	228.834
1	242.142
1	245.47
1	246.259
1	192.656
1	189.157
1	183.708
1	193.522
1	310.334
1	143.201
1	252.825
1	249.649
1	227.408
1	187.109
1	225.795
1	146.412
1	292.902
1	191.699
1	201.321
1	205.982
1	199.388
1	143.07
1	164.973
1	216.731
1	236.923
1	204.777
1	189.109
1	150.864
1	177.866
1	175.986
1	239.185
1	205.671
1	176.798
1	385.843
1	287.355
1	151.185
1	156.417
1	148.257
1	165.673
1	293.782
1	118.916
1	164.266
1	194.01
1	211.35
1	275.194
1	171.271
1	233.361
1	226.449
1	191.885
1	183.166
1	274.388
1	231.62
1	203.882
1	195.71
1	210.852
1	159.491
1	355.916
1	144.124
1	153.567
1	185.046
1	202.559
1	146.236
1	178.137
1	209.221
1	205.914
1	147.013
1	219.237
1	201.629
1	203.158
1	156.215
1	205.486
1	258.72
1	296.741
0	17.9536
1	246.467
1	182.558
1	272.859
1	195.006
1	282.165
1	160.395
1	244.452
1	130.433
1	199.652
1	176.629
1	171.062
1	180.759
1	206.38
1	166.916
1	227.888
1	179.242
1	201.926
1	232.07
1	186.646
1	253
1	216.663
1	202.752
1	258.201
1	172.174
1	188.256
1	165.724
1	164.574
1	222.397
1	151.246
1	142.337
1	153.662
1	231.118
1	197.392
1	150.272
1	181.208
1	312.354
1	163.992
1	205.63
1	192.713
1	149.165
1	266.854
1	171.33
1	229.544
1	257.829
1	219.322
1	320.32
1	216.763
1	194.541
1	151.844
1	179.922
1	233.564
1	313.352
1	219.747
1	208.887
1	200.96
1	157.798
1	168.232
1	206.198
1	218.915
1	194.137
1	194.424
1	231.275
1	247.715
1	204.961
1	113.463
1	177.499
1	306.736
1	221.474
1	231.28
1	212.237
1	185.903
1	306.236
1	207.695
1	219.346
1	240.401
1	262.161
1	165.517
1	174.263
1	258.35
1	206.318
1	244.486
1	242.073
0	37.5647
1	240.685
1	186.802
1	505.624
1	157.158
1	257.948
1	265.311
1	169.326
1	235.474
1	162.613
1	258.444
1	190.301
1	149.502
1	163.533
1	233.268
1	159.838
1	186.504
1	247.328
1	238.319
1	195.711
1	194.92
1	176.51
1	132.404
1	239.087
1	144.755
1	180.411
1	144.751
1	229.796
1	237.971
1	146.667
1	191.142
1	176.106
1	177.969
1	193.402
1	201.166
1	158.513
1	177.258
1	224.067
1	298.079
1	272.931
1	173.731
1	164.807
1	414.347
1	234.557
1	173.868
1	176.051
1	214.817
1	183.499
1	213.786
1	233.339
1	207.61
1	142.45
1	131.046
1	197.457
1	215.534
1	210.492
1	172.669
1	195.038
1	157.814
1	349.994
1	168.156
1	277.891
1	158.768
1	219.209
1	298.674
1	169.171
1	144.194
1	179.448
1	165.974
1	207.677
1	191.845
1	166.19
1	231.342
1	167.506
1	183.415
1	200.584
1	278.972
1	272.036
1	217.173
1	196.065
1	137.232
1	235.549
1	165.844
1	225.973
1	192.264
1	167.9
1	163.075
1	232.604
1	215.633
1	190.934
1	175.529
1	142.618
1	276.077
1	144.606
1	179.506
1	188.384
1	164.021
1	202.014
1	235.66
1	232.948
1	401.027
1	187.478
1	163.707
1	169.227
1	220.347
1	185.097
1	170.049
1	195.656
1	177.437
1	192.926
1	266.872
1	177.869
1	196.859
1	177.182
1	201.117
1	148.205
1	144.88
1	208.252
1	139.904
1	144.724
1	172.532
1	235.905
1	174.943
1	250.893
1	167.007
1	277.772
1	216.141
1	204.479
1	132.938
1	191.299
1	172.222
1	174.015
1	222.95
1	254.863
1	160.868
1	160.075
1	175.086
1	250.252
1	207.615
1	140.829
1	190.626
1	218.099
1	212.192
1	392.43
1	325.222
1	288.68
1	149.837
1	291.955
1	184.288
1	178.188
1	149.473
1	178.188
1	179.906
1	240.362
1	147.799
1	179.799
1	133.286
1	200.332
1	228.717
1	276.704
1	175.89
1	298.703
1	153.767
1	177.643
1	266.506
1	242.23
1	151.348
1	176.167
1	200.232
1	141.102
1	149.811
1	220.645
1	194.731
1	384.513
1	191.615
1	288.728
1	135.599
1	237.585
1	291.168
1	157.51
1	155.637
1	263.71
1	118.401
1	335.468
1	205.916
1	223.707
1	167.452
1	249.427
1	211.666
1	194.9
1	198.261
1	250.324
1	120.03
1	213.416
1	186.617
1	206.323
1	255.133
1	217.311
1	169.882
1	272.407
1	182.951
1	178.269
1	236.339
1	145.819
1	147.095
1	239.859
1	205.771
1	196.226
1	204.463
0	5.34209
1	212.002
1	253.926
1	142.837
1	140.611
1	179.054
1	282.942
1	202.347
1	196.999
1	170.709
1	199.969
1	253.952
1	206.322
1	133.718
1	225.078
1	198.964
1	294.507
1	181.958
1	199.745
1	143.538
1	218.173
1	285.21
1	203.063
1	153.644
1	253.247
1	204.312
1	197.007
1	202.24
1	182.713
1	294.099
1	154.591
1	172.115
1	217.592
1	289.31
1	148.554
1	239.185
1	200.533
1	278.572
1	201.215
1	219.323
1	244.682
1	344.43
1	170.233
1	176.869
1	257.238
1	299.938
1	153.546
1	149.339
1	157.879
1	186.545
1	188.761
1	184.992
1	176.274
1	126.826
1	217.231
1	251.921
1	165.675
1	193.963
1	305.753
1	148.735
1	272.224
1	172.788
1	186.827
1	240.328
1	228.17
1	175.483
1	192.525
1	242.374
1	239.304
1	205.319
1	225.296
1	191.104
1	278.035
1	306.827
1	132.452
1	149.629
1	225.73
1	186.994
1	300.374
1	156.789
1	162.311
1	145.855
1	192.509
1	133.44
1	278.196
1	205.961
1	175.903
1	131.557
1	159.919
1	182.878
1	199.414
1	149.972
1	215.628
1	207.35
1	169.933
1	197.921
1	140.667
1	190.369
1	227.511
1	194.141
1	249.018
1	233.444
1	197.946
1	162.885
1	154.91
1	282.94
1	171.916
1	292.082
1	172.068
1	138.492
1	203.827
0	39.7537
1	161.695
0	73.5905
1	229.088
1	141.078
1	247.822
1	204.357
1	198.136
1	266.012
1	192.858
1	235.177
1	181.845
1	188.742
1	181.963
1	156.784
1	214.034
1	153.4
1	245.995
1	191.297
1	224.707
1	168.574
1	166.636
1	301.378
1	182.278
1	281.697
1	183.179
1	372.268
1	181.404
1	225.798
1	142.133
1	221.157
1	170.929
1	198.375
1	203.608
1	209.883
1	164.799
1	267.513
1	225.36
1	177.503
1	161.778
1	151.389
1	248.024
1	193.726
1	215.395
1	152.3
1	155.463
1	179.354
1	336.845
1	206.308
1	193.195
1	248.79
1	248.338
1	146.116
1	295.607
1	180.589
1	188.729
1	222.992
1	141.392
1	178.75
1	241.428
1	213.422
1	181.476
1	233.792
1	222.818
1	142.911
1	194.623
1	208.763
1	213.927
1	288.666
1	167.495
1	204.923
1	159.423
1	118.147
1	268.139
1	322.723
1	172.32
1	145.88
1	265.73
1	236.305
1	158.642
1	252.343
1	230.18
1	213.771
1	135.988
1	145.374
1	139.139
1	220.565
1	241.449
1	247.92
1	132.889
1	164.208
1	215.63
1	171.255
1	233.825
1	191.119
1	250.652
1	193.275
0	21.3644
1	264.863
1	236.392
1	180.707
1	172.836
1	178.917
1	253.901
1	207.427
1	196.364
1	272.414
1	176.56
1	181.037
1	194.804
1	213.156
1	137.829
1	159.644
1	160.466
1	134.792
1	163.917
1	226.517
1	222.556
1	163.603
1	171.42
1	217.398
1	234.973
1	244.573
1	200.947
1	163.334
1	192.759
1	182.178
1	233.759
1	221.441
1	186.459
1	185.253
1	209.707
1	302.569
1	165.238
1	227.054
1	169.771
1	231.015
1	194.656
1	254.901
1	176.59
1	231.202
1	227.503
1	218.715
1	164.543
1	150.171
1	164.763
1	253.758
1	157.453
1	266.884
1	314.617
1	187.075
1	198.534
1	125.07
1	255.053
1	178.655
1	265.584
1	202.722
1	148.255
1	148.016
1	158.26
1	177.656
1	186.072
1	113.974
1	168.901
1	119.335
1	244.864
1	164.404
0	116.34
1	183.236
1	203.462
1	206.33
1	120.248
1	320.266
1	207.68
1	209.385
1	264.331
1	244.298
1	152.858
1	249.591
1	183.638
1	158.003
1	252.328
1	225.506
1	188.633
1	296.097
1	199.612
1	207.161
1	219.814
1	263.515
1	196.252
1	170.783
1	189.454
1	157.111
1	214.114
1	142.819
1	225.076
1	205.099
1	162.266
1	168.816
1	207.255
1	259.583
1	232.194
1	208.468
1	158.082
1	288.854
1	163.17
1	194.397
1	213.666
1	249.341
1	148.52
1	169.24
1	160.951
1	188.689
1	240.381
1	176.018
1	208.781
1	130.983
1	230.698
1	182.323
1	178.58
1	219.34
1	204.993
1	199.838
1	206.872
1	258.613
1	191.753
1	188.438
1	211.121
1	200.389
1	189.034
1	157.45
1	227.839
1	256.871
1	256.673
1	144.694
1	145.162
1	174.274
1	222.151
1	208.015
1	139.332
1	328.61
1	193.853
1	242.444
1	217.159
1	170.277
1	224.87
1	133.044
1	211.709
1	290.975
1	250.612
1	245.656
1	197.386
1	155.863
1	160.753
1	249.475
1	211.154
1	164.161
1	171.216
1	204.839
1	223.676
1	241.094
1	180.07
1	135.34
1	142.415
1	226.978
1	213.951
1	130.633
1	166.543
1	155.89
1	283.715
1	207.614
1	144.711
1	197.539
1	172.763
1	233.85
1	256.023
1	227.743
1	222.136
1	145.721
1	172.969
1	194.814
1	178.184
1	145.437
1	139.378
1	174.689
1	206.956
1	215.506
1	198.178
1	199.494
1	280.414
1	157.613
1	191.86
1	167.559
1	195.076
1	171.496
1	190.836
1	250.321
1	171.485
1	121.825
1	204.381
1	195.075
1	162.443
1	171.134
1	146.823
1	186.441
1	226.243
1	191.053
1	182.411
1	117.654
1	228.411
1	247.024
1	156.235
1	215.038
1	189.652
1	144.182
1	156.338
1	346.574
1	155.357
1	223.656
1	202.75
1	214.838
1	253.923
1	251.432
1	173.316
1	205.258
1	226.481
1	172.297
1	203.316
1	184.479
1	145.823
1	190.071
1	193.822
1	222.701
1	275.117
1	152.549
1	161.614
1	154.047
1	206.223
1	219.368
1	284.311
1	192.508
1	141.749
1	163.591
1	176.245
1	304.622
1	164.944
1	214.25
1	290.847
1	176.222
1	182.968
1	228.158
1	190.472
1	218.303
1	172.15
1	153.33
1	168.403
1	219.231
1	174.272
1	223.477
1	182.121
1	284.37
1	151.561
1	231.812
1	183.708
1	131.69
1	166.572
1	162.426
1	129.798
1	246.507
1	279.547
1	227.019
1	196.218
1	153.255
1	228.69
1	183.019
1	269.052
1	208.658
1	184.326
1	154.076
1	130.341
1	262.517
1	273.273
1	210.396
1	179.362
1	212.549
1	104.286
1	146.412
1	201.772
1	191.476
1	195.005
1	136.785
1	238.906
1	208.581
1	270.039
1	154.501
1	235.467
1	266.588
1	171.991
1	179.261
1	198.866
1	156.024
1	222.169
1	141.059
1	166.944
1	291.55
1	201.291
1	147.679
1	244.517
1	194.501
1	234.952
1	205.835
1	173.288
1	183.702
1	198.674
1	223.178
1	164.642
1	161.362
1	178.521
1	339.141
1	100.496
1	180.418
1	196.601
1	205.499
1	168.163
1	225.137
1	193.828
1	245.537
1	183.706
1	233.235
1	188.56
1	184.541
1	183.512
1	132.967
1	166.504
1	173.007
1	176.814
1	196.458
1	260.402
1	205.17
1	170.827
1	213.559
1	241.68
1	157.541
1	283.726
1	118.542
1	209.467
1	232.755
1	196.004
1	227.389
1	189.913
1	300.98
1	181.311
1	223.741
1	281.625
1	217.676
1	161.636
1	283.823
1	205.195
1	205.149
1	162.566
1	162.198
1	180.126
1	206.046
1	208.296
1	158.75
1	267.124
1	230.231
1	180.176
1	317.918
1	210.913
1	240.288
1	208.288
1	167.469
1	172.176
1	230.512
1	264.866
1	177.487
1	184.859
1	220.895
1	176.159
1	333.206
1	168.903
1	189.732
1	206.269
1	212.794
1	181.345
1	208.464
1	215.147
1	228.069
1	150.055
1	362.795
1	277.382
1	165.347
1	118.269
1	197.942
1	206.835
1	154.81
1	162.312
1	168.829
1	168.024
1	221.629
1	285.023
1	150.018
1	233.896
1	194.534
1	173.629
1	391.455
1	392.448
1	177.278
1	206.748
1	166.698
1	143.645
1	207.007
1	323.718
1	195.293
1	210.112
1	252.492
1	229.593
1	168.484
1	177.783
1	293.059
1	207.128
1	225.291
1	169.088
1	235.739
1	152.148
1	201.003
1	175.078
1	146.893
1	215.52
1	162.682
1	253.219
1	150.967
1	177.806
1	255.814
1	232.652
1	150.349
1	167.821
1	174.672
1	196.203
1	215.654
1	169.3
1	206.329
1	173.604
1	276.918
1	195.176
1	213.608
1	237.943
1	170.15
1	142.482
1	217.391
1	307.139
1	201.86
1	142.858
1	229.781
1	171.994
1	133.711
1	194.989
1	233.606
1	203.996
1	187.961
1	207.02
1	214.248
1	179.065
1	201.406
0	25.6263
1	222.575
1	181.013
1	217.59
1	217.015
1	186.137
1	214.205
1	218.416
1	212.224
1	121.924
1	134.823
1	176.125
1	286.675
1	318.75
1	185.504
1	143.705
1	192.617
1	226.9
1	149.966
1	124.69
1	162.018
1	162.277
1	201.191
1	213.841
1	172.959
1	218.1
1	209.899
1	156.904
1	253.769
1	216.669
1	198.371
1	251.807
1	172.771
1	242.487
1	228.498
1	169.697
1	209.934
1	198.75
1	140.48
1	124.71
1	167.396
1	185.94
1	217.594
1	192.089
1	272.601
1	137.234
1	193.467
1	223.695
1	167.686
1	167.885
1	138.66
1	188.302
1	171.644
1	284.468
1	244.892
1	255.574
1	183.691
1	220.519
1	148.24
1	170.683
1	187.928
1	298.923
1	163.241
1	174.603
1	215.188
1	184.907
1	214.329
1	206.163
1	229.629
1	163.116
1	266.938
1	260.157
1	151.582
1	201.94
1	265.848
1	177.708
1	176.933
1	162.906
1	187.701
1	247.967
1	304.563
1	174.172
1	190.956
1	180.813
1	160.935
1	147.045
1	200.505
1	201.964
1	164.867
1	173.262
1	164.769
1	148.81
1	138.165
1	157.801
1	250.619
1	163.145
1	223.346
1	182.21
1	150.083
1	264.86
1	132.418
1	160.368
1	257.959
1	166.657
1	206.146
1	216.48
1	197.01
1	268.123
1	145.099
1	259.827
1	323.168
1	188.611
1	218.755
1	181.457
1	157.081
1	158.479
1	208.05
1	190.144
1	194.707
1	161.848
1	107.703
1	172.189
1	137.557
1	156.391
1	177.25
1	110.922
1	228.839
1	237.286
1	146.562
1	189.177
1	214.862
1	184.322
1	300.804
1	156.409
1	196.211
1	221.187
1	169.261
1	174.36
1	233.598
1	496.388
1	189.647
1	154.932
1	165.58
1	216.733
1	168.804
1	274.795
1	197.294
1	400.845
1	211.524
1	257.001
1	282.395
1	203.95
1	266.422
1	190.297
1	243.296
1	144.476
1	148.087
1	172.534
1	262.817
1	387.129
1	186.962
1	182.851
1	180.026
1	207.222
1	161.332
1	203.181
1	165.483
1	193.096
1	218.178
1	218.057
1	226.653
1	214.659
1	152.237
1	372.202
1	321.861
1	159.563
1	277.247
1	165.019
1	216.485
1	297.82
1	118.077
1	167.532
1	212.169
1	231.514
1	163.877
1	231.537
1	208.103
1	142.354
1	233.132
1	233.426
1	229.079
1	203.97
1	302.024
1	196.559
1	188.16
1	174.403
1	171.238
1	120.191
1	159.673
1	190.342
1	128.253
0	32.3203
1	282.751
1	175.242
1	157.703
1	218.869
1	186.646
1	146.511
1	232.774
1	129.008
1	188.047
1	282.315
1	257.248
1	228.383
1	198.764
1	142.957
1	231.833
1	183.197
1	241.263
1	129.804
1	140.746
1	211.795
1	249.047
1	179.5
1	240.044
1	224.978
1	171.329
1	148.196
1	203.287
1	174.317
1	283.628
1	175.832
1	191.778
1	184.789
1	185.336
1	138.509
1	154.848
1	160.051
1	179.797
1	197.772
1	177.673
1	243.367
1	217.747
1	229.398
1	230.059
1	193.323
1	167.683
1	198.971
1	223.392
1	214.289
1	161.168
1	182.805
1	226.468
1	175.494
1	209.491
1	155.306
1	225.724
1	196.966
1	117.914
1	202.673
1	217.318
1	343.155
1	153.335
1	160.296
1	172.41
1	188.746
1	161.389
1	213.242
1	252.799
1	188.584
1	139.58
1	201.876
1	178.619
1	173.331
1	186.045
1	128.079
1	155.066
1	316.481
1	218.623
1	162.654
1	170.495
1	180.09
1	279.348
1	138.214
1	158.103
1	211.4
1	218.337
1	194.789
1	285.87
1	196.743
1	279.62
1	308.444
1	330.482
1	204.892
1	243.796
1	155.37
1	269.582
1	126.626
1	283.132
1	201.688
1	396.498
1	185.479
1	190.484
1	253.589
1	214.815
1	191.27
1	176.588
1	131.157
1	280.804
1	156.314
1	301.713
1	334.874
1	244.034
1	155.346
1	238.244
1	202.665
1	267.182
1	331.228
1	175.273
1	165.613
1	203.111
1	221.806
1	144.535
1	188.62
1	497.97
1	226.47
1	199.1
1	147.614
1	157.002
1	231.377
1	257.938
1	264.086
1	182.293
1	170.71
1	287.132
1	229.832
1	167.765
1	188.118
1	196.815
1	199.554
1	368.76
1	174.884
1	221.213
1	219.173
1	277.958
1	145.529
1	182.23
1	141.242
1	165.078
1	213.702
1	206.919
1	191.065
1	219.431
1	227.264
1	200.68
1	201.884
1	417.6
1	145.483
1	188.271
1	133.164
1	167.292
1	171.786
1	263.32
1	203.531
1	333.425
1	164.647
1	164.577
1	183.694
1	326.855
1	240.897
1	257.852
1	233.741
1	164.114
1	151.338
1	194.616
1	150.903
1	167.822
1	254.417
1	191.986
1	211.331
1	191.012
1	205.976
1	247.187
1	129.786
1	148.491
1	178.836
1	162.961
1	270.478
1	189.323
1	224.713
1	168.883
1	174.492
1	203.068
1	168.199
1	184.972
0	27.5419
1	371.259
1	179.142
1	149.941
1	106.944
1	272.655
1	230.777
1	225.495
1	164.395
1	237.175
1	164.983
1	241.109
1	180.804
1	180.901
1	184.755
1	168.598
1	204.146
1	208.628
1	197.748
1	244.736
1	190.749
1	151.727
1	205.041
1	296.215
1	141.73
1	167.959
1	201.86
1	214.097
1	190.682
1	195.299
1	212.486
1	170.613
1	192.068
1	194.48
1	181.473
1	359.2
1	151.503
1	220.399
1	153.429
1	164.576
1	140.159
1	218.535
1	255.974
1	155.061
1	231.995
1	178.142
1	209.214
1	199.719
1	278.253
1	125.642
0	81.61
1	225.458
1	171.563
1	223.516
1	155.305
1	206.902
1	159.789
1	180.323
1	214.855
1	178.963
1	178.319
1	165.791
1	179.377
1	355.735
1	257.905
1	261.191
1	187.482
1	160.459
1	133.974
1	184.818
1	140.506
1	150.112
1	199.142
1	165.671
1	146.635
1	179.089
1	207.797
1	138.5
1	205.177
1	180.131
1	153.269
1	224.489
1	254.732
1	144.7
1	260.834
1	248.529
1	160.253
1	151.836
1	137.916
1	226.303
1	414.058
1	264.777
1	175.559
1	166.074
1	197.517
1	174.966
1	177.72
1	166.41
1	194.023
1	163.149
1	154.159
1	197.206
1	195.303
1	186.664
1	224.857
1	175.671
1	167.869
1	190.198
1	199.789
1	165.298
1	191.139
1	161.372
1	169.712
1	181.712
1	128.326
1	201.705
1	156.447
1	339.497
1	236.496
1	172.483
1	158.632
1	241.544
1	148.034
1	142.833
1	178.469
1	227.878
1	268.591
1	120.953
1	149.101
1	226.093
1	152.731
1	236.192
1	167.186
1	166.89
1	152.58
1	145.391
1	166.576
1	191.069
1	235.134
1	175.678
1	194.529
1	240.461
1	229.009
1	344.289
1	225.17
1	130.784
1	248.105
1	250.034
1	189.495
1	137.912
1	159.176
1	174.978
1	134.384
1	165.308
1	172.816
1	158.116
1	227.953
1	191.306
1	230.536
1	225.344
1	187.076
1	251.413
1	183.615
1	142.477
1	132.646
1	166.679
1	270.089
1	252.8
1	183.468
1	202.432
1	215.117
1	382.792
1	152.315
1	220.421
1	194.309
1	142.361
1	213.309
1	164.377
1	362.682
1	257.689
1	175.924
1	245.014
1	178.464
1	199.809
1	179.912
1	139.438
1	152.467
1	188.892
1	238.617
1	175.985
1	194.702
1	153.873
1	165.841
1	154.533
1	155.867
1	268.349
1	239.668
1	176.25
1	194.18
1	195.31
1	258.364
1	214.605
1	218.576
1	272.942
1	177.625
1	183.395
1	183.803
1	140.452
1	142.86
1	207.134
1	154.776
1	143.992
1	199.595
1	173.109
1	155.014
1	174.058
1	181.775
1	212.751
1	201.45
1	240.647
1	211.141
1	187.548
1	189.693
1	178.286
1	286.713
1	172.737
1	257.93
1	211.662
1	222.322
1	163.518
1	225.573
1	193.062
1	192.959
1	241.251
1	195.118
1	236.891
1	285.62
1	143.41
1	124.802
1	193.056
1	242.039
1	179.545
1	173.359
1	329.383
1	148.314
1	201.672
1	187.25
1	223.852
1	186.245
1	163.63
1	211.817
1	250.377
1	200.819
1	174.34
1	152.631
1	177.384
1	126.073
1	162.769
1	193.011
1	132.345
1	270.281
1	165.196
1	204.873
1	165.552
1	146.688
1	189.269
1	177.025
1	339.343
1	275.078
1	164.365
1	207.283
1	269.877
1	166.061
1	240.969
1	262.004
1	139.382
1	258.151
1	218.394
1	146.681
1	202.581
1	174.923
1	166.862
1	110.633
1	445.632
0	17.5406
1	273.735
0	29.538
1	137.214
1	290.441
1	208.689
1	171.922
1	212.498
1	255.197
1	321.488
1	465.759
1	165.11
1	241.447
1	193.941
1	110.651
1	188.087
1	237.406
1	231.079
1	172.6
1	166.164
1	192.46
1	128.984
1	163.577
1	176.433
1	282.8
1	256.791
1	288.054
1	293.904
1	202.389
1	174.684
1	195.301
1	306.566
1	206.842
1	230.107
1	226.305
1	192.517
1	252.87
1	173.269
1	159.367
1	213.917
1	217.551
1	155.062
1	323.505
1	173.406
1	119.967
1	144.483
1	199.564
1	208.938
1	165.991
1	288.345
1	166.371
1	183.381
1	294.91
1	191.812
1	184.682
1	212.641
1	239.656
1	226.604
1	184.51
1	268.218
1	172.17
1	161.589
1	188.728
1	185.474
1	142.261
1	388.061
1	369.378
1	179.531
1	227.985
1	158.06
1	228.408
1	220.588
1	175.454
1	175.075
1	258.354
1	197.925
1	274.729
1	190.241
1	179.899
1	149.928
1	197.911
1	182.483
1	148.145
1	251.619
1	230.89
1	311.926
1	193.707
1	179.963
1	220.651
1	157.244
1	286.782
1	203.918
1	256.902
1	256.368
1	161.238
1	165.252
1	157.005
1	206.84
1	266.962
1	159.341
1	175.875
1	342.827
1	193.653
1	199.504
1	165.226
1	243.914
1	165.723
1	187.013
1	156.117
1	188.259
1	173.768
1	167.681
1	242.078
1	180.492
1	280.539
1	256.116
1	182.457
1	205.264
1	156.907
1	239.265
1	172.322
1	126.096
1	161.028
1	147.916
1	307.569
1	200.965
1	220.442
1	217.858
1	142.488
1	239.033
1	159.403
1	167.014
1	191.9
1	175.435
1	226.105
1	221.248
1	225.171
1	127.37
1	204.385
1	185.277
1	138.82
1	136.511
1	247.817
1	161.73
1	296.514
1	229.754
1	200.993
1	283.037
1	163.496
1	159.192
1	188.213
1	196.089
1	239.152
1	255.43
1	221.786
1	140.774
1	130.212
1	209.597
1	226.213
1	174.303
1	149.917
1	250.33
1	154.336
1	164.567
0	31.0265
1	293.714
1	228.272
1	157.211
1	138.243
1	195.427
1	189.496
1	272.874
1	178.103
1	149.277
1	232.055
1	240.88
1	166.42
1	214.871
1	224.303
1	308.547
1	208.047
1	188.711
1	246.213
1	220.694
1	216.199
1	157.659
1	174.063
1	203.746
1	225.718
1	187.488
1	183.547
1	153.477
1	154.731
1	242.979
1	170.005
1	250.007
1	200.654
1	196.405
1	289.696
1	213.485
1	173.306
1	241.227
1	147.254
1	149.127
1	169.47
1	175.206
1	267.513
1	190.571
1	169.96
1	187.226
1	153.472
1	167.362
1	149.837
1	193.296
1	168.16
1	175.023
1	236.127
1	239.659
1	171.002
1	179.107
1	224.319
1	222.453
1	191.468
1	163.998
1	250.318
1	244.999
1	413.087
1	268.265
1	156.135
1	183.396
1	255.781
1	248.125
1	225.668
1	189.352
1	235.844
1	181.772
1	146.948
1	148.871
1	255.569
1	181.319
1	203.858
1	158.433
1	178.155
1	206.146
1	162.362
1	252.24
1	248.626
1	160.418
1	167.894
1	169.062
1	191.77
1	193.853
1	213.09
0	26.8346
1	204.819
1	236.271
1	251.914
1	168.545
1	156.688
1	165.953
1	155.258
1	232.066
1	126.205
1	232.367
1	213.385
1	376.135
1	258.069
1	269.43
1	253.203
1	205.283
1	335.717
1	195.63
1	187.111
1	162.669
1	140.36
1	144.913
1	145.251
1	190.709
1	166.692
1	201.385
1	152.832
1	174.34
1	160.39
1	196.578
1	288.7
1	200.638
1	170.793
1	225.799
1	178.195
1	174.82
1	138.519
1	174.369
1	132.18
1	231.737
1	179.912
1	208.815
1	159.877
1	172.058
1	107.222
1	200.021
1	185.919
0	19.1478
1	176.573
1	213.281
1	250.188
1	171.843
1	206.861
1	138.133
1	177.595
1	196.975
1	194.873
1	151.758
1	161.779
1	265.004
1	305.141
1	178.77
1	250.018
0	32.7351
1	192.203
1	199.818
1	176.231
1	159.095
1	203.572
1	194.346
1	151.44
1	191.771
1	239.907
1	182.745
1	180.372
1	205.164
1	151.247
1	191.895
1	194.187
1	142.768
1	148.187
1	209.874
1	215.008
1	228.561
1	258.622
1	222.244
1	350.86
1	157.375
1	299.454
1	162.867
1	230.928
1	179.026
1	164.884
1	200.924
1	319.717
1	214.373
0	57.8225
1	205.993
1	165.302
1	196.623
1	147.061
1	246.848
1	331.368
1	157.136
1	245.327
1	152.651
1	190.881
1	187.075
1	243.896
1	155.108
1	163.125
1	279.07
1	278.374
1	187.35
1	112.346
1	199.625
1	176.093
1	206.224
1	132.071
1	215.578
1	245.943
1	198.457
1	192.656
1	268.697
1	197.563
1	177.803
1	213.788
1	204.882
1	191.616
1	219.763
1	195.348
1	335.025
1	172.364
1	194.337
1	238.71
1	317.941
1	169.309
1	273.388
1	137.05
1	202.562
1	175.716
1	141.773
1	218.878
1	324.861
1	267.087
1	136.757
1	144.198
1	161.992
1	165.534
1	188.249
1	210.981
1	160.564
1	160.714
1	314.6
1	243.418
1	215.057
1	142.604
1	213.611
1	180.218
1	178.239
1	263.371
1	138.75
1	287.945
1	156.213
1	178.254
1	175.364
1	227.663
1	141.76
1	161.488
1	193.231
1	184.628
1	234.311
1	239.201
1	269.745
1	157.908
1	206.77
1	151.603
1	144.985
1	189.382
1	185.853
1	121.371
1	191.535
1	207.008
1	175.677
1	308.578
1	115.095
1	190.189
1	215.901
1	177.515
1	138.311
1	175.379
1	229.903
1	144.735
1	190.595
1	214.299
1	191.573
1	189.239
1	234.584
1	172.088
1	196.883
1	183.76
1	232.57
1	230.852
1	143.009
1	203.274
1	232.314
1	130.665
1	184.302
1	168.474
1	238.206
1	297.598
1	248.893
1	177.763
1	132.184
1	154.515
1	243.01
1	155.316
1	240.904
1	122.357
1	264.318
1	215.711
1	190.932
1	210.516
1	187.97
1	184.544
1	128.877
1	194.241
1	288.102
1	260.679
1	169.97
1	200.709
1	280.73
1	222.389
1	285.602
1	177.313
1	187.077
1	157.972
1	200.521
1	186.43
1	181.401
1	188.769
1	205.987
1	164.748
1	204.921
1	240.04
1	154.847
1	136.548
1	231.701
1	356.557
1	210.355
1	167.696
1	146.889
1	136.074
1	204.162
1	254.4
1	174.521
1	181.141
1	215.965
1	202.959
1	181.784
1	336.575
1	177.272
1	172.373
1	149.867
1	186.573
1	176.857
1	310.591
1	221.666
1	142.71
1	168.354
1	160.801
1	153.47
1	163.74
1	191.614
1	140.681
1	198.172
1	206.078
1	259.161
1	212.095
1	184.336
1	299.276
1	171.193
1	247.686
1	150.293
1	201.751
1	131.85
1	304.742
1	162.201
1	191.401
1	161.196
1	177.997
1	216.337
1	214.419
1	218.365
1	115.951
1	220.998
1	188.818
1	234.466
1	238.568
1	138.105
1	318.3
1	159.776
1	149.826
1	131.768
0	21.7123
1	207.528
1	183.043
1	190.751
1	193.918
1	189.789
1	160.233
1	305.455
1	261.795
1	185.981
1	209.579
1	185.513
1	277.823
0	25.6246
1	293.572
1	290.901
1	205.329
1	138.688
1	207.65
1	193.602
1	146.396
1	304.815
0	5.41965
1	151.143
1	195.154
1	194.062
1	223.026
1	202.068
1	178.84
1	220.113
1	208.477
1	150.525
1	218.422
1	177.407
1	197.001
1	168.939
1	163.142
1	153.745
1	189.681
1	292.454
1	189.836
1	230.531
1	121.763
1	170.491
1	290.087
1	163.824
1	199.689
1	181.191
1	174.159
1	194.189
1	155.299
1	252.924
1	189.473
1	201.572
1	161.174
1	276.988
1	167.665
1	166.71
1	250.386
1	163.052
1	122.826
1	172.701
1	138.589
1	182.912
1	163.552
1	225.713
1	212.361
1	161.344
1	201.939
1	160.674
1	365.78
1	241.011
1	241.222
1	135.699
1	234.624
1	128.123
1	304.32
1	218.311
1	199.296
1	210.383
1	244.72
1	156.615
1	167.462
1	209.85
1	111.837
1	200.176
1	155.855
1	179.002
1	215.295
1	233.415
1	270.985
1	174.175
1	170.319
1	193.487
1	176.503
1	244.268
1	178.931
1	157.272
1	184.571
1	122.786
1	184.579
1	212.711
1	220.235
1	212.834
1	199.356
1	222.481
1	261.835
1	277.396
1	168.555
1	242.041
1	235.427
1	188.36
0	36.8973
1	209.872
1	127.803
1	237.761
1	193.969
1	172.419
1	216.351
1	186.106
1	157.232
1	207.91
1	265.835
1	192.352
1	350.162
1	116.174
1	206.094
1	186.972
1	248.53
1	198.315
1	321.354
1	208.669
1	210.12
1	189.927
1	199.995
1	153.372
1	283.904
1	148.151
1	191.082
1	162.79
1	142.377
1	233.573
1	162.261
1	181.83
1	277.771
1	139.532
1	177.558
1	237.445
1	296.319
1	159.901
1	199.323
1	197.432
1	255.132
1	206.427
1	227.803
1	157.318
1	219.33
1	154.658
1	144.982
1	183.573
1	180.183
1	276.78
1	195.472
1	206.791
1	194.769
1	189.824
1	211.321
1	211.342
1	154.997
1	180.055
1	145.685
1	211.596
1	229.985
1	200.727
1	204.161
1	132.24
1	148.303
1	187.569
1	159.726
1	176.262
1	243.361
1	211.399
1	254.599
1	229.635
1	186.349
1	137.245
1	156.265
1	263.302
1	143.55
1	313.234
1	252.266
1	156.249
1	219.342
1	234.768
1	244.262
1	223.027
1	239.94
1	196.248
1	282.718
1	217.072
1	182.591
1	154.522
1	151.181
1	325.906
1	143.632
1	196.35
1	262.897
1	143.118
1	255.644
1	170.633
1	186.463
1	154.615
1	181.34
1	135.078
1	213.896
1	200.762
1	159.714
1	175.944
1	285.968
1	248.796
1	256.936
1	244.511
1	163.291
1	207.617
1	233.549
1	215.609
1	213.994
1	282.122
1	205.306
1	178.436
1	122.952
1	156.673
1	198.149
1	146.687
1	217.155
1	167.304
1	253.745
1	198.477
1	224.11
1	190.529
1	221.883
1	248.194
1	365.343
1	223.039
1	234.047
1	151.313
1	222.927
1	204.531
1	242.4
1	199.289
1	227.569
1	263.923
1	156.565
1	192.359
1	265.174
1	153.843
1	253.426
1	266.921
1	143.073
1	173.9
1	219.512
1	168.348
1	209.981
1	222.528
1	255.837
1	174.072
1	312.278
1	197.26
1	186.12
1	196.395
0	27.935
1	194.903
1	262.653
1	181.471
1	137.842
1	310.877
1	213.816
1	306.965
1	260.975
1	255.945
1	213.042
1	232.009
1	179.016
1	185.508
1	217.769
1	223.684
1	170.357
1	128.008
1	172.333
1	250.374
1	203.505
1	185.443
1	180.109
1	181.671
1	137.626
1	228.358
1	170.4
1	216.036
1	180.182
1	337.829
1	338.81
1	210.969
1	294.177
1	242.073
1	245.7
1	209.398
1	250.74
1	322.267
1	255.746
1	220.902
1	162.581
1	153.28
1	136.545
1	145.971
1	161.272
1	191.173
1	136.368
1	245.745
1	196.437
1	205.423
1	243.524
1	208.601
1	192.636
1	194.391
1	168.77
1	191.562
1	169.276
1	114.318
1	178.759
1	172.05
1	192.748
1	207.983
1	192.914
1	290.929
1	166.761
1	222.488
1	257.416
1	287.183
1	204.847
1	197.772
1	180.87
1	260.543
1	233.16
1	251.748
1	185.245
1	253.471
1	207.239
1	134.472
1	221.985
1	158.392
1	117.598
1	171.935
1	129.914
1	222.78
1	215.52
1	241.954
1	275.037
1	128.515
1	205.801
1	168.541
1	194.014
1	214.713
1	233.48
1	164.516
1	222.444
1	166.231
1	195.032
1	295.219
1	297.894
1	123.721
1	205.777
1	182.558
1	244.729
1	184.976
1	168.442
1	198.728
1	157.211
1	221.209
1	178.439
1	192.892
1	179.513
1	203.964
1	224.841
1	247.756
1	242.668
1	211.243
1	221.482
1	196.842
1	281.23
1	202.467
1	220.189
1	178.332
1	165.058
1	148.767
1	245.448
1	169.746
1	169.191
1	235.715
1	240.679
1	221.247
1	162.734
1	198.636
1	269.1
1	270.138
1	160.803
1	177.866
1	202.223
1	141.748
1	245.904
1	205.752
1	154.688
1	152.187
1	232.999
1	249.048
1	224.761
1	203.865
1	208.496
1	190.659
1	211.341
1	250.789
1	163.939
1	169.392
1	249.729
1	255.434
1	251.574
0	5.85926
1	232.419
1	251.797
1	250.469
1	201.873
1	154.674
1	194.845
1	190.099
1	162.193
1	138.665
1	189.57
1	126.579
1	269.924
1	223.522
1	245.937
1	221.728
1	163.117
1	109.449
1	181.569
1	190.644
1	196.827
1	213.299
1	156.997
1	211.381
1	191.15
1	164.159
1	359.549
1	155.528
1	209.031
1	156.597
1	348.705
1	165.706
1	143.249
1	323.055
1	142.406
1	146.534
1	159.981
1	208.823
1	202.62
1	166.088
1	146.945
1	238.273
1	190.777
1	192.599
1	272.642
1	256.236
1	185.236
1	183.717
1	250.371
1	244.909
1	211.652
1	234.729
1	247.438
1	205.197
1	300.483
1	212.728
1	237.862
1	210.376
1	169.13
1	221.391
1	180.046
1	162.49
1	188.282
1	152.575
1	281.043
1	211.164
1	187.966
1	153.714
1	158.013
1	205.375
1	175.123
1	113.893
1	251.946
1	173.015
1	229.055
1	173.931
1	170.85
1	202.144
1	125.337
1	169.978
1	208.95
1	159.343
1	185.252
1	232.675
1	132.83
1	150.112
1	168.428
1	197.023
1	238.035
1	169.716
1	164.148
1	199.578
1	150.776
1	231.305
1	182.725
1	129.169
1	223.64
1	196.627
1	238.438
1	287.887
1	177.108
1	189.18
1	251.292
0	43.9226
1	208.635
1	105.838
1	238.61
1	251.047
1	166.035
1	131.07
1	222.952
1	177.264
1	183.038
1	150.035
1	188.004
1	136.956
1	171.476
1	213.625
1	204.398
1	144.407
1	149.841
1	189.671
1	206.541
1	203.053
1	188.513
1	252.467
1	161.012
1	182.825
1	138.234
1	255.966
1	175.619
1	243.971
1	207.16
1	150.866
1	106.084
1	248.116
1	167.446
1	194.847
1	289.392
1	241.847
1	179.826
0	77.3519
1	173.792
1	160.179
1	222.933
1	229.58
1	190.175
1	174.892
1	133.034
1	209.966
1	192.823
1	144.558
1	390.341
1	285.074
1	273.493
1	157.725
1	172.15
1	248.64
1	155.365
1	172.651
1	221.428
1	163.52
1	137.606
1	207.888
1	145.144
1	180.232
1	164.489
1	164.228
1	197.866
1	184.83
1	187.775
1	206.368
1	118.941
1	175.654
1	151.131
1	252.961
1	147.341
1	225.269
1	246.877
1	227.999
1	130.866
1	286.093
1	231.4
1	199.822
1	254.487
1	252.432
1	174.816
1	161.222
1	158.602
1	241.435
1	193.773
1	251.176
1	165.236
1	214.464
1	212.287
0	57.8035
1	163.462
1	182.884
1	137.03
0	8.07796
1	191.078
1	191.065
0	44.976
1	200.4
1	205.046
1	270.205
1	268.702
1	258.691
1	139.274
1	246.934
1	180.714
1	209.924
1	222.851
1	124.364
1	275.038
1	178.459
1	165.994
1	221.229
1	219.235
1	229.429
1	145.99
1	166.04
1	193.121
1	154.406
1	199.552
1	174.373
1	151.9
1	207.77
1	153.868
1	241.052
1	192.461
1	235.812
1	193.18
1	241.396
1	216.056
1	251.793
1	171.333
1	189.37
1	211.169
1	192.111
1	191.494
1	327.941
1	208.309
1	141.992
1	182.855
1	230.967
1	182.379
1	236.493
1	144.326
1	223.175
1	158.649
1	206.895
1	203.983
1	203.098
1	185.145
1	189.338
1	171.592
1	282.354
1	225.742
1	250.551
1	227.057
1	232.124
1	154.308
1	261.089
1	266.693
1	177.829
1	168.188
1	285.63
1	248.745
1	138.937
1	173.752
1	238.777
1	187.575
1	266.621
1	266.775
1	292.112
1	260.969
1	229.947
1	183.788
1	272.306
1	257.885
1	147.416
1	269.992
1	257.285
1	190.482
1	237.326
1	209.183
1	182.207
1	188.326
1	187.323
1	226.359
1	167.371
1	233.061
1	188.207
1	272.202
1	246.506
1	163.353
1	239.034
1	269.385
1	154.545
1	180.933
1	178.283
1	259.23
1	184.619
1	208.919
1	147.662
1	179.53
1	292.935
1	173.091
1	260.557
1	145.481
1	141.277
1	252.764
1	117.229
1	245.426
1	204.069
1	164
1	184.518
1	168.714
1	350.564
1	214.535
1	169.93
1	244.789
1	238.822
1	257.597
1	205.407
1	190.304
1	220.612
1	201.388
1	214.466
1	158.358
1	176.252
1	180.627
1	188.925
1	200.628
1	244.919
1	153.054
1	138.902
1	184.851
1	197.459
1	277.56
1	197.162
1	237.861
1	263.934
1	205.444
1	163.256
1	173.749
1	159.222
1	224.789
1	170.193
1	168.304
1	238.732
1	135.564
1	251.226
1	257.426
1	161.67
1	188.987
1	181.695
1	133.687
1	226.739
1	163.762
1	140.342
1	253.671
1	193.432
1	205.275
1	228.252
1	151.222
1	210.009
1	256.08
1	182.035
1	205.486
1	371.892
1	177.929
1	397.594
1	194.638
1	163.752
1	117.593
1	259.288
1	140.176
1	239.611
1	189.737
1	246.898
1	204.115
1	176.771
1	202.955
1	166.551
1	173.592
1	172.63
1	131.796
1	166.244
1	213.738
1	174.452
1	196.712
1	179.051
1	164.611
1	138.616
1	192.844
1	273.974
1	276.949
1	156.355
1	155.824
1	229.673
1	211.364
1	222.395
1	197.021
1	163.989
1	196.571
1	163.537
1	252.871
1	263.857
1	174.499
1	171.572
1	141.605
1	123.099
1	136.551
1	130.906
1	194.31
1	256.06
1	219.716
1	168.295
1	179.055
1	239.316
1	140.727
1	160.575
1	199.676
1	195.178
1	275.666
1	174.146
1	142.349
1	147.834
0	43.3492
1	260.826
1	185.516
1	200.66
1	141.822
1	152.605
1	221.062
1	152.235
1	205.005
1	215.69
1	228.841
1	219.418
1	231.776
1	232.503
1	208.551
1	146.365
1	361.251
1	142.415
1	221.054
1	290.141
1	227.047
1	294.295
1	178.181
1	184.521
1	206.217
1	193.626
1	240.328
1	153.307
1	191.306
1	218.812
1	220.914
1	154.63
1	191.284
1	206.704
1	173.584
1	151.969
1	277.857
1	181.854
1	176.646
1	144.491
1	272.718
1	184.976
1	229.973
1	194.123
1	287.406
1	243.529
1	153.164
1	178.245
0	58.8087
1	150.341
1	198.784
1	186.029
1	194.095
1	156.838
1	199.342
1	165.139
1	189.828
1	211.961
1	204.957
1	150.202
1	204.359
1	228.834
1	136.565
1	209.899
1	217.35
1	171.398
1	143.9
1	265.127
1	176.143
1	258.701
1	218.002
