10000	32	9900	0.00347222
0.025641	7.93269	28006.7	0.905268
1	177.863
1	273.712
1	241.042
1	313.146
1	149.468
1	267.635
1	180.526
1	190.037
1	183.827
1	196.4
1	236.998
1	200.388
1	251.519
1	164.991
1	238.922
1	173.13
1	188.769
1	213.326
1	189.384
1	172.992
1	174.245
1	178.009
1	234.553
1	162.983
1	235.201
1	235.446
1	183.361
1	151.178
1	216.27
1	190.927
1	184.262
1	157.3
1	270.475
1	222.223
1	172.238
1	176.137
1	215.521
1	301.483
1	156.057
0	16.3819
1	205.995
1	162.026
1	186.799
1	187.293
1	301.572
1	136.862
1	169.889
1	185.14
1	135.495
1	189.564
1	140.474
1	236.889
1	170.387
1	228.414
1	268.264
1	202.511
1	115.274
1	215.993
1	199.31
1	164.07
1	280.876
1	364.349
1	261.388
1	180.749
1	213.216
1	214.366
1	187.834
1	165.985
1	198.212
1	161.125
1	205.889
1	116.056
1	445.318
1	187.778
1	169.026
1	285.524
1	207.471
1	239.958
1	167.723
1	215.428
1	214.476
1	213.058
1	198.072
1	236.63
1	211.637
1	286.441
1	197.723
1	197.312
1	223.05
1	256.877
1	126.042
1	173.663
1	237.184
1	200.967
1	277.075
1	207.024
1	298.684
1	199.26
1	204.774
1	225.548
1	222.163
1	163.638
1	181.03
1	352.014
1	177.971
1	140.965
1	176.467
1	160.152
1	189.237
1	209.879
1	179.252
1	195.141
1	138.522
1	151.969
1	434.633
1	171.175
1	206.253
1	177.115
1	278.734
1	202.677
1	158.26
1	144.259
1	253.413
1	304.155
1	218.646
1	211.179
1	185.434
1	160.647
1	274.596
0	44.7723
1	161.091
1	147.383
1	158.916
1	159.289
1	189.384
1	147.329
1	202.924
1	182.032
1	232.893
1	185.368
1	267.747
1	190.182
1	203.271
1	158.994
1	188.714
1	267.91
1	229.689
1	215.892
1	144.648
1	155.02
1	170.108
1	183.719
1	182.597
1	130.877
1	300.727
1	182.051
1	179.593
1	170.794
1	177.437
1	134.965
1	182.02
1	275.13
1	204.047
1	178.721
1	373.246
1	124.219
1	338.473
1	245.624
1	184.522
1	148.625
1	176.878
1	195.273
1	195.588
1	150.355
1	161.38
1	321.79
1	159.079
1	188.476
1	150.3
1	188.278
1	166.184
1	202.724
1	194.17
1	168.265
1	180.802
1	163.752
1	232.882
1	206.07
1	161.218
1	277.232
1	132.636
1	211.36
1	189.799
1	200.711
1	242.064
1	186.212
1	131.388
1	194.273
1	175.596
1	150.922
1	203.635
1	404.773
1	158.58
1	234.054
1	174.886
1	138.305
1	271.809
1	183.352
1	133.872
1	220.315
1	183.783
1	210.511
1	241.065
1	166.819
1	165.827
1	179.375
1	173.466
1	162.337
1	162.893
1	235.218
1	278.585
1	273.036
1	293.067
1	213.729
1	161.446
1	174.22
1	240.389
1	195.467
1	226.458
1	180.502
1	165.305
1	144.709
1	175.338
1	191.34
1	182.741
1	217.056
1	226.983
1	217.523
1	143.255
1	259.963
1	221.835
1	152.716
1	234.985
1	180.193
1	180.041
1	284.843
1	249.844
1	173.587
1	148.642
1	163.275
1	222.483
1	201.436
1	203.877
1	162.958
1	283.024
1	196.298
1	255.744
1	260.377
1	177.205
1	189.019
1	186.179
1	200.871
1	118.182
1	200.166
1	177.361
1	221.827
1	195.76
1	174.148
1	200.991
1	281.935
1	155.579
1	189.668
1	191.068
1	137.57
1	194.33
1	221.639
1	198.291
1	162.906
1	185.386
1	182.194
1	242.605
1	150.76
1	228.937
1	260.953
1	155.102
1	254.403
1	153.607
1	318.332
1	160.967
1	249.977
1	165.901
1	202.483
1	154.729
1	199.906
1	253.058
1	203.816
1	221.694
1	167.979
1	236.448
1	189.086
1	158.819
1	215.316
1	213.335
1	371.923
1	183.343
1	179.112
1	224.196
1	269.433
1	189.881
1	221.679
1	247.721
1	225.382
1	191.566
1	133.182
1	152.699
1	274.068
1	248.837
1	145.426
1	211.235
1	178.179
1	176.278
1	211.275
1	176.807
1	208.749
1	181.571
1	243.394
1	209.874
1	206.704
1	237.716
1	235.044
1	136.745
1	174.473
1	284.673
1	184.824
1	143.042
1	194.386
1	238.059
0	6.93592e-05
1	171.346
1	334.313
1	309.722
1	202.855
1	164.71
1	197.032
1	239.188
1	154.682
1	219.267
1	316.596
1	163.392
1	454.471
1	186.687
1	165.552
1	253.436
1	237.79
1	271.12
1	269.871
1	217.484
1	179.886
1	174.631
1	306.478
1	132.335
1	191.063
1	196.219
1	200.473
1	310.037
1	150.855
1	224.957
1	160.765
1	197.142
1	167.598
1	176.252
1	173.695
1	126.638
1	134.798
1	194.587
1	282.315
1	159.197
1	187.69
1	176.887
1	182
1	222.895
1	233.123
1	198.973
1	199.825
1	233.729
1	208.199
1	163.138
1	176.775
1	284.73
1	175.913
1	164.621
1	154.086
1	235.554
1	157.219
1	130.261
1	199.405
1	169.051
1	204.864
1	195.915
1	161.248
1	192.182
1	174.115
1	245.057
1	186.976
1	263.054
1	185.658
1	167.554
1	214.975
1	169.206
1	136.507
1	219.136
1	159.148
1	151.809
0	10.9901
1	261.218
1	264.427
1	231.754
1	146.005
1	164.515
1	205.963
1	256.41
1	184.33
1	207.671
1	222.014
1	217.702
1	245.255
1	236.217
1	106.211
1	155.533
1	230.049
1	150.316
1	129.104
1	192.333
1	219.854
1	269.986
1	131.855
1	245.444
1	238.97
1	194.997
1	131.336
1	267.726
1	222.925
1	188.9
1	204.129
1	213.533
1	196.913
1	178.238
1	262.653
1	176.243
1	186.27
1	238.724
1	185.738
1	201.178
1	152.381
1	221.521
1	220.916
1	166.729
1	197.099
1	360.121
1	176.078
1	151.028
1	250.936
1	205.997
1	203.361
1	235.819
1	141.045
1	217.119
1	197.69
1	220.201
1	299.976
1	205.926
1	298.601
1	178.178
1	221.891
1	292.748
1	168.536
1	238.245
1	188.713
1	318.452
1	152.511
1	189.396
1	190.657
1	111.388
1	203.025
1	186.589
1	221.075
1	161.285
1	113.319
1	158.618
1	220.738
1	297.074
1	152.793
1	181.071
1	244.423
1	186.718
1	150.859
1	152.645
1	280.284
1	164.895
1	151.108
1	406.369
1	184.198
1	291.812
1	226.424
1	184.078
1	178.851
1	206.158
1	176.384
1	162.815
1	156.436
1	166.812
1	211.003
1	147.931
1	213.884
1	197.576
1	222.139
1	176.436
1	185.544
1	163.121
1	454.647
1	258.145
1	240.595
1	202.209
1	193.854
1	235.931
1	181.676
1	113.819
1	158.884
1	249.582
1	141.87
1	148.49
1	171.704
1	201.879
1	202.074
1	158.968
1	262.28
1	182.15
1	173.979
1	201.378
1	205.118
1	176.246
1	228.94
1	133.826
1	221.3
1	163.208
1	184.855
1	160.621
1	229.178
1	284.677
1	196.477
1	204.984
1	146.619
1	127.468
1	144.366
1	241.398
1	187.019
1	162.018
1	192.167
1	189.561
1	186.941
1	191.176
1	244.571
1	161.758
1	196.153
1	194.257
1	226.524
1	244.629
1	263.261
1	260.502
1	206.16
1	179.324
1	192.898
1	207.209
1	216.695
1	440.108
1	154.023
1	261.575
1	224.785
1	246.951
1	415.881
1	205.054
1	189.409
1	180.628
1	267.844
1	183.647
1	157.382
1	246.2
1	218.818
1	195.944
1	169.504
1	231.192
1	195.012
1	165.397
1	223.834
1	192.847
1	179.169
1	133.764
1	148.229
1	223.019
1	231.27
1	278.875
1	209.521
1	131.949
1	192.213
1	198.41
1	155.719
1	235.209
1	222.331
0	6.44552e-06
1	153.846
1	148.756
1	181.491
1	166.742
1	232.867
1	204.986
1	131.727
1	154.279
1	159.883
1	198.711
1	223.921
1	225.817
1	195.441
1	277.85
1	193.931
1	138.337
1	200.148
1	285.745
1	190.354
1	240.373
1	199.418
1	283.323
1	215.817
1	285.804
1	172.545
1	172.606
1	269.442
1	135.178
1	134.073
1	214.462
1	137.407
1	184.902
1	140.752
1	204.892
1	209.108
0	6.08026
1	149.874
1	147.946
1	129.958
1	183.555
1	285.817
1	327.194
1	202.377
1	253.235
1	134.137
1	142.123
1	288.107
1	167.264
1	175.655
1	184.069
1	206.078
0	43.1122
1	125.264
1	172.204
1	188.26
1	150.022
1	172.962
1	174.41
1	169.452
1	194.039
1	233.931
1	156.459
1	169.094
1	208.994
1	147.726
1	139.072
1	135.306
1	190.734
1	253.492
1	263.887
1	151.582
1	238.376
0	53.5634
1	241.483
1	191.116
1	168.425
1	181.389
1	174.175
1	184.092
1	213.33
1	273.052
1	242.713
1	168.313
1	308.372
1	269.73
1	202.778
1	301.714
1	238.071
1	269.244
1	131.304
1	191.922
1	281.684
1	216.016
1	180.79
1	156.344
1	226.894
1	236.821
1	217.707
1	159.666
1	226.866
1	161.109
1	263.928
1	237.759
1	181.724
1	179.474
1	188.868
1	157.129
1	144.651
1	311.538
1	250.658
1	175.013
1	217.177
1	378.064
1	170.856
1	172.531
1	200.221
1	194.949
1	210.213
1	309.759
1	247.915
1	198.321
1	127.693
1	161.698
1	154.571
1	255.271
1	195.006
1	162.164
1	237.039
1	222.606
1	144.51
1	141.123
1	140.764
1	239.321
1	173.435
1	164.157
1	204.585
1	309.13
1	165.165
1	148.406
1	270.477
1	253.998
1	156.097
1	200.611
1	394.791
1	138.639
1	162.882
1	216.139
1	197.969
1	224.654
1	245.674
1	157.78
1	250.177
1	192.843
1	152.397
1	169.268
1	201.884
1	166.337
0	22.2262
1	171.446
1	212.754
1	167.367
1	519.568
1	207.165
1	185.3
1	180.554
1	214.009
1	156.424
1	156.766
1	209.036
1	189.186
1	255.772
1	215.846
1	255.247
1	167.985
1	180.634
1	157.116
1	331.714
1	196.101
1	257.222
1	169.713
1	300.948
1	230.03
1	208.432
1	173.19
1	245.124
1	246.786
1	174.631
1	272.414
1	151.611
1	172.349
1	152.837
1	183.408
1	206.416
1	141.743
1	237.998
1	200.326
1	164.556
1	273.474
1	183.595
1	170.588
1	226.681
1	142.998
1	205.662
1	226.455
1	199.059
1	159.12
1	242.876
1	145.657
1	160.889
1	264.497
1	168.771
1	172.599
1	240.058
1	176.181
1	177.066
1	275.852
1	199.297
1	127.065
1	189.674
1	266.349
1	156.229
1	262.127
1	137.757
1	198.566
1	126.948
1	217.334
1	192.278
1	149.916
1	319.141
1	156.254
1	179.921
1	187.897
1	174.02
1	182.71
1	178.247
1	207.488
1	159.989
1	236.561
1	320.673
1	181.282
1	207.847
1	184.456
1	152.491
1	187.859
1	246.421
1	178.015
1	194.17
1	183.284
1	148.791
1	285.841
1	196.029
1	307.381
1	268.872
1	200.788
1	215.087
1	177.421
1	215.512
1	220.28
1	190.824
1	150.833
1	183.464
0	25.834
1	202.675
1	235.043
1	215.145
1	144.013
1	228.934
1	360.267
1	195.303
1	166.313
1	208.246
1	257.004
1	158.05
1	146.985
1	198.754
1	155.983
1	199.835
1	160.336
1	190.079
1	162.383
1	157.922
1	296.509
1	212.576
1	254.743
1	182.241
1	321.931
1	170.902
1	228.32
1	191.441
1	224.812
1	165.43
1	150.864
1	224.476
1	211.368
1	191.073
1	167.474
1	162.897
1	354.134
1	167.292
1	132.576
1	281.211
1	177.809
1	192.745
1	293.996
1	191.156
1	176.249
1	258.747
1	166.398
1	198.567
1	192.09
1	148.924
1	222.301
1	209.169
1	217.67
1	223.625
1	137.39
1	116.165
1	246.887
1	180.584
1	187.426
1	204.496
1	169.477
1	142.524
1	193.995
1	175.873
1	164.212
1	186.52
1	247.009
1	165.332
1	212.85
1	202.263
1	238.727
1	237.732
1	183.672
1	215.838
1	188.438
1	305.31
1	200.46
1	176.151
1	184.731
1	138.717
1	147.99
1	179.636
1	200.657
1	181.273
1	184.839
1	215.235
1	283.824
1	140.285
1	187.289
1	252.513
1	249.071
1	255.954
1	204.328
1	233.486
1	241.32
1	217.256
1	222.834
1	158.962
1	207.409
1	231.803
1	255.949
1	148.397
1	207.649
1	169.503
1	169.764
1	190.799
1	219.22
1	127.271
1	155.533
1	150.58
1	308.652
1	222.792
1	219.765
1	211.876
0	7.9507
0	45.5718
1	197.28
1	218.382
1	189.699
1	184.59
1	274.902
1	246.565
1	181.162
1	154.092
1	221.052
1	185.035
1	173.139
0	14.3063
1	298.535
1	247.426
1	172.724
1	184.786
1	143.178
1	281.604
1	137.584
1	172.543
1	238.653
1	153.541
1	174.685
1	124.673
1	187.96
1	242.891
1	173.312
1	181.606
1	278.824
1	181.473
1	193.7
1	187.755
1	165.03
1	205.645
1	153.184
1	145.152
1	162.796
1	215.108
1	149.048
1	148.331
0	8.97544
1	221.001
1	164.916
1	174.561
1	154.517
1	217.354
1	189.562
1	198.891
1	154.423
1	135.671
1	240.294
1	248.479
1	176.121
1	172.795
1	171.87
1	242.772
1	150.31
0	27.8035
1	205.452
1	154.855
1	211.746
1	275.182
1	334.574
1	187.324
1	186.907
1	244.113
1	240.006
1	220.669
1	178.06
1	228.094
1	199.858
1	253.515
1	205.5
1	165.045
1	175.869
1	122.523
1	141.643
1	253.37
1	304.705
1	150.792
1	155.576
1	277.14
1	232.645
1	146.175
1	130.619
1	265.633
1	262.761
1	183.679
1	179.44
1	145.238
1	217.647
1	148.859
1	177.521
1	208.379
1	287.748
1	244.231
1	156.678
1	171.735
1	182.149
1	157.593
1	258.353
1	167.965
1	171.411
1	213.878
1	190.339
1	147.188
1	184.434
1	364.238
1	153.586
1	184.2
1	129.423
1	222.25
1	240.833
1	209.623
1	246.568
1	234.309
1	221.043
1	184.966
1	172.57
1	197.976
1	197.703
1	237.766
1	155.779
1	252.343
1	148.063
1	269.627
1	199.934
1	181.305
1	208.234
1	197.814
0	23.0223
1	186.827
1	160.096
1	345.365
1	219.622
1	244.916
1	250.951
1	219.463
1	172.383
1	139.762
1	253.123
1	309.745
1	228.903
1	220.255
1	113.56
1	178.916
1	144.402
1	165.494
1	153.991
1	155.82
1	207.123
1	185.008
1	228.109
1	412.213
1	331.459
1	191.635
1	252.195
1	131.911
1	238.497
1	185.24
1	158.947
1	467.347
1	104.255
1	307.217
1	221.287
1	332.501
1	183.521
1	150.306
1	295.461
1	139.929
1	218.907
1	272.979
1	162.833
1	216.186
1	220.867
1	145.853
1	211.159
1	283.099
1	112.922
1	190.619
1	164.627
1	145.582
1	228.928
1	188.65
1	130.798
1	165.767
1	194.99
1	163
1	144.141
1	305.464
1	217.886
1	342.255
1	179.023
1	245.392
1	240.705
1	241.431
1	206.423
1	191.317
1	235.284
1	165.314
1	177.816
1	202.099
1	250.655
1	162.298
1	226.915
1	186.139
1	189.124
1	217.458
1	202.338
1	217.412
1	183.437
1	218.348
1	146.098
1	237.237
1	157.185
1	193.937
1	137.838
1	189.842
1	148.297
1	277.249
1	181.575
1	226.901
1	274.703
1	168.301
1	219.01
1	187.713
1	244.131
1	241.344
1	147.431
1	282.095
1	229.852
1	147.352
1	208.105
1	174.397
1	204.801
1	160.675
1	306.546
1	225.043
1	129.356
1	348.455
1	185.149
1	286.601
1	142.896
1	149.529
1	297.183
1	153.354
1	187.576
1	192.781
1	268.052
1	228.338
1	211.574
1	162.156
1	215.88
1	286.001
1	148.175
1	260.518
1	197.257
1	209.269
1	153.193
1	153.424
1	235.882
1	158.931
1	288.053
1	142.399
1	184.73
1	263.629
1	182.257
1	334.73
1	161.34
1	136.215
1	266.453
1	214.144
1	181.747
1	277.362
1	219.456
1	170.303
1	197.199
1	190.993
1	190.524
1	187.48
1	176.084
1	224.151
1	328.478
1	200.305
1	226.056
1	227.792
1	237.091
1	235.539
1	178.798
1	192.094
1	251.586
1	133.226
1	195.247
1	146.29
1	169.799
1	201.82
1	222.744
1	193.171
1	196.986
1	149.851
1	341.032
1	165.043
1	162.113
1	161.993
1	181.532
1	178.418
1	161.917
1	226.422
1	248.739
1	290.648
1	195.876
1	156.997
1	251.922
1	282.826
1	283.812
1	150.854
1	204.856
1	160.759
1	179.962
1	294.522
1	151.249
0	52.3307
1	237.307
1	230.466
1	221.721
1	159.86
1	233.211
1	207.145
1	227.61
1	273.879
1	235.483
1	226.906
1	190.947
1	244.524
1	181.97
1	231.318
1	159.299
1	152.904
1	272.862
1	170.886
1	187.94
1	173.269
1	207.368
1	177.823
1	237.389
1	180.308
1	200.082
1	251.076
1	191.055
1	197.24
1	185.476
1	211.724
1	186
1	189.136
1	220.659
1	163.071
1	129.583
1	264.443
1	212.389
1	179.374
1	153.038
1	320.151
1	162.082
1	203.568
1	207.937
1	193.925
1	150.212
1	272.979
1	172.697
1	240.328
1	137.042
1	240.716
1	213.729
1	186.815
1	195.186
1	208.644
1	190.618
1	292.02
1	144.134
1	287.412
1	172.151
1	202.251
1	116.556
1	171.711
1	127.572
1	207.828
1	212.135
1	166.37
1	181.323
1	213.533
1	190.557
1	157.82
1	214.056
1	302.753
1	150.24
1	193.685
1	190.375
1	177.785
1	167.158
1	125.939
1	212.3
1	258.127
1	171.377
1	230.736
1	196.436
1	187.773
0	17.2822
1	199.369
1	191.811
1	145.381
1	189.675
1	204.732
1	211.367
1	209.789
1	155.375
1	162.849
1	323.163
1	205.433
1	220.971
1	222.962
1	186.741
1	282.688
1	167.656
1	182.848
1	144.225
1	244.267
1	211.578
1	133.223
1	301.834
1	210.487
1	182.744
1	160.97
1	148.382
1	173.816
1	185.598
1	161.28
1	215.024
0	7.2631
1	187.611
1	205.986
1	168.889
1	197.724
1	196.681
1	151.995
1	157.839
1	187.579
1	248.189
1	198.496
1	202.974
1	206.177
1	204.764
1	225.952
1	189.413
1	167.306
1	146.268
1	162.769
1	152.251
1	211.668
1	149.468
1	177.55
1	311.584
1	176.117
1	146.011
1	275.871
1	199.548
1	266.234
1	157.645
1	323.102
1	275.772
1	387.81
1	153.415
1	136.857
1	290.145
1	157.624
1	200.841
1	408.671
1	195.017
1	165.149
1	252.411
1	132.759
1	199.283
1	151.026
1	254.223
1	223.999
1	180.132
1	147.029
1	147.301
1	249.862
1	185.993
1	309.505
1	161.904
1	164.902
1	172.379
1	171.582
1	144.988
1	115.191
1	185.518
1	207.58
1	153.94
1	199.981
1	200.763
1	265.754
1	217.328
1	213.041
0	75.3293
1	242.38
1	208.199
1	165.941
1	154.531
1	195.493
1	211.623
1	193.988
1	233.545
0	25.1279
1	163.545
1	216.335
1	252.731
1	145.702
1	191.31
1	229.368
1	245.195
1	208.61
1	178.324
1	225.37
1	176.948
1	164.204
1	199.506
1	181.796
0	57.1597
1	156.64
1	204.73
1	160.708
1	213.934
1	205.07
1	223.426
1	184.429
1	141.004
1	220.102
1	181.721
1	188.811
1	294.002
1	141.894
1	251.032
1	221.97
1	243.284
1	131.431
1	267.838
1	205.642
1	176.531
1	201.527
1	194.812
1	164.557
1	266.385
1	175.931
1	185.847
1	278.6
1	141.373
1	188.512
1	283.759
1	187.991
1	186.912
1	196.924
1	191.656
1	310.18
1	374.355
1	229.991
1	317.245
1	182.689
1	200.345
1	206.315
1	199.049
1	207.043
1	159.794
1	288.44
1	206.357
1	176.202
1	201.667
1	247.908
1	172.548
1	183.749
1	210.584
1	260.961
1	160.84
1	281.541
1	243.222
1	192.401
1	149.922
1	236.475
1	149.424
1	191.78
1	253.112
1	180.149
1	169.62
1	151.405
1	213.077
1	200.605
1	195.524
1	201.049
1	226.652
1	255.909
1	195.751
1	275.473
1	135.17
1	249.356
1	161.6
1	233.729
1	153.657
1	162.719
1	228.429
1	232.745
1	149.216
1	241.058
1	191.796
1	180.12
1	232.469
1	199.643
1	204.435
1	137.725
1	142.335
1	153.341
1	163.278
1	210.405
1	223.512
1	260.011
1	210.273
1	130.941
1	278.305
1	173.437
1	189.816
1	151.419
1	196.039
1	179.809
1	159.844
1	144.371
1	241.369
1	212.321
1	175.864
1	158.538
1	224.184
1	194.82
1	149.714
1	235.991
1	158.572
0	27.0931
1	232.664
1	181.093
1	162.153
1	148.475
1	186.344
1	303.86
1	176.936
1	135.987
1	232.551
1	177.217
1	211.944
1	250.941
1	267.088
1	172.497
1	189.959
1	186.394
1	215.469
1	322.172
1	210.806
1	137.205
1	214.065
1	196.407
1	179.811
1	171.26
1	234.793
1	145.96
1	255.035
1	297.813
1	159.982
1	151.265
1	239.438
1	259.537
1	155.599
1	232.41
1	180.676
1	272.759
1	184.509
1	139.445
1	185.763
1	157.679
1	134.067
1	185.4
1	199.755
1	256.512
1	202.188
1	262.026
1	236.494
1	226.682
1	231.59
1	219.335
1	201.956
1	161.287
1	163.064
1	188.47
1	164.775
1	135.355
1	165.739
1	200.612
1	208.968
1	287.706
1	161.64
1	181.85
1	127.769
1	182.181
1	270.026
1	296.542
1	239.315
1	172.209
1	300.154
1	123.98
1	327.141
1	187.141
1	145.2
1	156.216
1	141.168
1	205.567
1	153.288
1	204.625
1	209.6
1	132.957
1	155.32
1	144.786
1	279.35
1	228.777
1	175.648
1	349.044
1	141.067
1	130.546
1	178.185
1	147.613
1	290.431
1	128.147
1	190.89
1	367.187
1	383.822
1	178.308
1	187.062
1	186.161
1	163.14
1	255.645
1	288.386
1	137.154
1	247.777
1	135.432
1	189.444
1	174.104
1	204.885
1	158.765
1	170.859
1	216.43
1	156.41
1	176.366
1	299.432
1	150.876
1	219.126
1	300.062
1	172.506
1	171.13
1	202.956
1	149.99
1	221.16
1	221.233
1	151.246
1	146.01
1	196.107
1	167.251
1	181.294
1	202.1
1	202.336
1	199.151
1	255.89
1	216.712
1	161.187
1	177.459
0	59.076
1	233.866
1	190.366
1	192.873
1	142.751
1	214.634
1	151.047
1	200.235
1	201.686
1	178.667
1	209.282
1	159.609
1	196.767
1	176.971
1	133.841
1	258.537
1	473.736
1	265.691
1	188.203
1	206.607
1	210.24
1	199.084
1	197.206
1	288.54
1	172.195
1	167.419
1	252.566
1	132.198
1	185.258
1	199.825
0	42.8182
1	185.559
1	176.823
1	165.745
1	200.018
1	121.808
1	239.733
1	195.843
1	213.827
1	173.688
1	337.904
1	160.131
1	135.61
1	220.662
1	175.614
1	190.042
1	239.747
1	135.629
1	283.488
1	219.403
1	168.332
1	171.005
1	188.995
1	175.705
1	240.73
1	336.667
1	197.824
1	191.129
1	164.267
1	159.359
1	277.45
1	199.657
1	219.642
1	214.201
1	152.951
1	246.858
1	221.89
1	119.748
0	78.1266
1	250.029
1	263.877
1	155.006
1	175.816
1	167.256
1	142.29
1	190.197
1	150.969
1	218.867
1	147.786
1	179.664
1	150.104
1	233.796
1	163.558
1	205.579
1	218.702
1	152.717
1	150.506
1	208.515
1	159.815
1	253.395
1	184.975
1	161.74
1	199.559
1	145.18
1	184.641
1	256.935
1	181.061
1	308.177
1	176.028
1	154.821
1	260.77
1	193.858
1	186.253
1	179.917
1	168.636
1	193.97
1	196.065
1	215.912
1	147.133
1	211.042
1	295.445
1	125.514
1	253.76
1	225.48
1	189.28
1	189.035
1	156.105
1	178.862
1	240.174
1	160.485
1	263.093
1	197.926
1	188.536
1	146.115
1	247.208
1	189.649
1	162.349
1	141.131
1	202.356
1	262.507
1	173.152
1	174.962
1	193.687
1	210.275
1	173.827
1	265.846
1	230.819
1	181.811
1	189.273
1	164.989
1	234.079
1	204.644
1	222
1	168.852
1	190.248
1	219.439
1	285.29
1	163.895
1	209.462
1	204.09
1	219.959
1	201.813
1	197.645
1	369.004
1	286.601
1	140.027
1	162.617
1	218.444
1	265.436
1	164.085
1	241.558
1	191.543
1	173.051
1	142.394
1	195.563
1	228.622
1	361.225
1	219.847
1	206.043
1	171.553
1	171.694
1	256.127
1	263.888
1	155.013
1	215.316
1	179.109
1	193.056
1	153.004
1	187.572
1	277.984
1	141.298
1	171.817
1	277.883
1	166.036
1	174.088
1	225.569
1	140.401
1	186.707
1	241.273
1	156.912
1	204.972
1	175.656
1	158.22
1	131.38
1	154.359
1	192.256
1	226.47
1	199.706
1	286.083
1	220.213
1	194.042
1	289.278
1	189.681
1	257.964
1	201.496
1	191.373
1	192.765
1	206.488
1	172.247
1	164.795
1	218.996
1	209.507
1	246.545
1	158.316
1	219.568
1	211.37
1	186.614
1	200.56
1	192.435
1	199.196
1	212.63
1	170.457
1	271.427
1	224.714
1	175.578
1	207.121
1	164.392
1	144.312
1	198.129
1	256.326
1	190.08
1	236.527
1	210.136
1	182.788
1	172.368
1	261.032
1	260.848
1	307.335
1	158.542
1	143.223
1	190.815
1	258.902
1	195.668
1	299.035
1	223.648
1	141.193
1	235.098
1	453.15
1	142.751
1	278.924
1	197.879
1	251.108
1	240.934
1	191.761
1	223.745
1	227.836
1	194.511
1	194.783
1	198.574
1	177.893
1	181.854
0	26.7917
1	156.251
1	227.42
1	200.701
1	121.716
1	200.35
1	169.404
1	196.128
1	243.426
1	168.56
1	140.306
1	183.044
1	219.049
1	243.74
1	187.458
1	201.17
1	175.091
1	119.306
1	155.346
1	181.69
1	216.858
1	203.006
1	146.032
1	304.177
1	316.153
1	251.227
1	256.127
1	248.773
1	343.584
1	159.326
1	219.839
1	242.71
1	213.697
1	164.75
1	159.511
1	140.936
1	187.131
1	262.386
1	186.124
1	215.445
1	228.4
1	165.681
1	171.922
1	307.659
1	143.079
1	176.008
1	119.252
1	141.117
1	183.585
1	214.05
1	131.615
1	246.618
1	192.93
1	223.431
1	151.305
1	162.304
1	193.403
1	196.017
1	212.508
1	238.115
1	179.264
1	226.986
1	205.038
1	112.796
1	183.313
1	235.05
1	179.343
1	130.129
1	198.039
1	294.373
1	243.907
1	127.217
1	193.688
1	187.507
1	177.026
1	182.258
1	158.588
1	180.586
1	172.798
1	150.647
1	269.224
1	125.983
1	141.158
1	315.129
1	233.016
1	129.555
1	172.031
1	250.25
1	292.593
1	208.47
1	167.967
1	121.169
1	223.017
1	258.817
1	275.15
1	196.028
1	256.028
1	237.105
1	282.977
1	185.053
1	231.113
1	190.468
1	161.179
0	0.811035
1	203.612
1	252.057
0	192.31
1	238.766
1	194.093
0	17.3268
1	245.348
1	146.06
1	272.191
1	239.771
1	196.451
1	370.627
1	190.472
1	173.632
1	282.168
1	217.117
1	168.524
1	206.24
1	206.334
1	289.36
1	206.553
1	166.259
1	350.77
1	186.957
1	191.516
1	215.18
1	116.223
1	292.806
1	170.043
1	180.168
1	295.287
1	158.564
1	123.991
1	195.377
1	380.783
1	192.887
1	175.409
1	238.526
1	194.525
1	259.571
0	10.4396
1	257.968
1	171.689
1	226.493
1	309.71
1	136.616
1	166.461
1	302.498
0	7.32111
1	185.32
1	168.058
1	211.672
1	264.021
1	219.257
1	189.519
1	223.213
1	193.009
1	234.101
1	119.181
1	282.479
1	174.732
1	204.596
1	214.78
1	210.341
1	227.488
1	143.673
1	249.583
1	204.079
1	204.181
1	212.637
1	203.036
1	252.59
1	186.018
1	217.883
1	181.035
1	386.247
1	230.021
1	275.814
1	168.808
1	200.128
1	196.87
1	143.078
1	204.42
1	242.445
1	148.796
1	181.727
1	155.735
1	147.087
1	198.337
1	165.286
1	170.904
1	280.017
1	152.052
1	165.827
1	292.457
1	196.202
1	161.533
1	162.658
1	154.291
1	227.941
1	230.043
1	155.588
1	211.527
1	300.547
1	263.736
1	179.196
1	225.226
1	186.726
1	157.964
1	161.602
1	200.948
1	193.266
1	269.651
1	199.178
1	224.165
1	205.939
1	146.797
1	167.835
1	254.555
1	197.903
1	194.712
1	141.268
1	240.725
1	184.068
1	185.072
1	157.997
1	216.961
1	159.726
1	257.822
1	251.304
1	201.402
1	187.177
1	179.232
1	189.359
1	308.465
1	200.123
1	210.574
1	146.109
1	177.077
1	214.909
1	144.179
1	150.289
1	238.425
1	126.479
1	145.435
1	217.839
1	178.525
1	130.156
1	244.449
1	241.966
1	168.543
1	252.443
1	241.77
1	232.788
1	148.075
1	211.42
1	205.017
1	148.202
1	198.115
1	215.079
1	224.642
1	262.648
1	207.372
1	217.495
1	171.785
1	220.542
1	174.387
1	261.805
0	1.49662e-07
1	204.096
1	181.995
1	314.207
1	293.294
1	183.809
1	230.34
1	186.106
1	214.541
1	150.612
1	174.867
1	142.679
1	173.193
1	257.142
1	158.995
1	195.604
1	218.88
1	227.306
1	170.695
1	216.491
1	206.386
1	267.982
1	152.112
1	152.643
1	261.806
1	189.798
1	151.647
1	135.278
1	168.863
1	235.425
1	249.35
1	168.362
1	228.12
1	167.528
1	158.537
1	282.188
1	159.286
1	136.361
1	218.976
1	214.607
1	134.618
1	168.864
1	209.769
1	213.106
1	358.037
1	236.694
1	218.844
1	186.35
1	209.391
1	200.666
1	215.196
1	134.281
1	236.51
1	172.092
1	239.745
1	147.433
1	147.738
1	270.764
1	235.05
1	156.171
1	153.239
1	179.573
1	312.889
1	134.531
1	224.121
1	198.146
1	191.88
1	190.044
1	196.081
1	245.166
1	248.61
1	162.363
1	226.649
1	208.894
1	152
1	160.296
1	209.978
1	154.37
1	184.75
1	120.375
1	143.856
1	165.545
1	200.765
1	177.233
1	157.775
1	196.432
1	172.521
1	177.471
1	149.307
1	174.904
1	148.079
1	209.716
1	146.231
1	199.312
1	167.842
1	215.61
1	180.562
1	161.987
1	183.123
1	202.9
1	260.208
1	167.475
1	230.243
1	229.798
1	157.629
1	243.235
1	147.804
1	154.532
1	173.714
1	186.058
1	221.983
1	226.073
1	150.399
1	145.852
1	198.918
1	178.123
1	185.799
1	215.275
1	183.092
1	214.799
1	176.221
1	192.53
1	168.174
1	169.047
1	216.715
1	179.451
1	221.949
1	139.491
1	240.89
1	171.046
1	142.469
1	190.542
1	290.762
1	214.683
1	208.96
1	271.525
1	207.165
1	208.451
1	180.283
1	176.148
1	206.966
1	342.964
1	177.39
1	192.82
1	169.242
1	205.814
1	256.763
1	229.031
1	149.932
1	225.55
1	189.801
1	149.144
1	125.303
1	289.938
1	285.39
1	142.154
1	142.126
1	167.997
1	204.069
1	149.505
1	223.793
1	217.112
1	172.578
1	292.232
1	174.422
1	242.361
1	153.094
1	264.732
1	208.48
1	317.707
1	197.513
1	309.237
1	136.041
1	153.067
1	224.046
1	217.131
1	208.936
1	171.889
1	235.57
1	228.58
1	371.732
1	226.852
1	155.621
1	189.211
1	148.081
1	194.921
1	249.88
1	184.126
1	158.395
1	176.757
1	170.048
1	172.335
0	82.1923
1	205.544
1	232.433
1	180.62
1	181.429
1	165.531
1	177.467
1	183.05
1	301.34
1	143.198
1	256.82
1	189.066
1	137.964
1	186.832
1	162.553
1	194.916
1	138.269
1	203.382
1	146.611
1	214.952
1	166.906
1	166.888
1	160.86
1	266.444
1	232.91
1	173.749
1	167.353
1	180.257
1	151.382
1	176.849
1	247.987
1	161.199
1	169.234
1	134.554
1	191.915
1	363.545
1	188.366
1	164.672
1	205.457
1	274.789
1	170.162
1	184.823
1	120.151
1	235.342
1	266.97
1	181.891
1	179.946
1	179.983
1	182.65
1	204.061
1	154.909
1	220.474
1	229.568
1	309.138
1	210.787
1	265.435
1	151.909
1	184.933
1	238.319
1	199.053
1	154.868
1	198.772
1	197.763
1	164.841
1	198.231
1	216.804
1	194.536
1	285.463
1	172.299
1	156.398
1	152.861
1	307.29
1	136.834
1	188.341
1	162.391
1	252.435
1	177.612
1	173.865
1	165.591
1	148.672
1	180.87
1	218.639
1	180.841
1	158.439
1	224.264
1	182.79
1	159.823
1	172.759
1	203.757
1	232.606
1	201.774
1	166.173
1	261.692
1	192.632
1	159.692
1	246.561
1	231.355
1	173.614
1	174.351
1	270.801
1	190
1	167.215
1	157.255
1	150.804
1	154.652
1	253.06
1	123.248
1	280.914
1	271.577
1	198.336
1	229.331
1	145.795
1	308.671
1	209.198
1	177.721
1	213.198
1	155.242
1	140.939
1	200.488
1	165.594
1	193.269
1	152.254
1	247.294
1	147.78
1	209.256
1	226.306
1	295.692
1	213.573
1	150.913
1	165.009
1	131.295
1	229.378
1	188.888
1	143.662
1	183.373
1	194.541
1	181.612
1	260.063
1	260.862
1	172.165
1	119.553
1	372.532
1	152.301
1	249.819
1	201.334
1	185.607
1	188.074
1	208.419
1	209.385
1	120.772
1	241.314
1	268.443
1	198.412
1	149.832
1	248.033
1	182.837
1	220.153
1	255.525
1	252.221
1	177.653
1	214.627
1	199.606
1	162.826
1	188.565
1	121.013
1	192.991
1	223.777
1	255.138
1	161.451
1	147.943
0	201.125
1	358.762
1	247.828
1	213.155
1	203.563
1	158.674
1	152.456
1	230.138
1	296.604
1	182.843
1	391.519
1	192.566
1	228.596
1	193.663
1	150.932
1	139.69
1	193.78
1	164.383
1	229.995
1	249.42
1	257.054
1	186.21
1	194.006
1	157.568
1	200.292
1	202.525
1	198.201
1	184.258
1	172.51
1	225.155
1	165.78
1	233.248
1	184.836
1	177.404
1	179.839
1	201.473
1	178.483
1	213.656
1	216.291
1	225.197
1	176.629
1	188.71
1	177.077
1	151.544
1	301.956
1	176.201
1	156.566
1	165.247
1	167.668
1	254.467
1	203.793
1	181.863
1	218.1
1	248.784
1	257.92
1	227.223
1	161.869
1	367.865
1	254.79
1	147.973
1	153.071
1	184.222
1	183.425
1	138.467
1	120.289
1	229.746
1	205.11
1	194.293
1	257.055
1	241.405
1	131.193
1	268.308
1	168.61
1	355.566
1	154.178
1	189.509
1	126.524
1	237.008
1	164.919
1	214.313
1	231.924
1	169.331
1	180.17
1	180.341
1	180.419
1	229.985
1	185.34
1	196.308
1	162.328
1	215.573
1	222.951
1	223.191
1	157.401
1	149.684
1	145.278
1	155.744
1	178.234
1	233.395
1	209.408
1	232.006
1	164.629
1	167.605
1	176.987
1	179.995
1	164.631
0	53.4175
1	138.607
1	169.484
1	225.075
1	166.042
1	241.833
1	196.296
1	268.953
1	308.534
1	191.693
1	179.488
1	256.901
1	208.598
1	143.207
1	249.092
1	172.912
1	154.658
1	253.305
1	192.098
1	194.454
1	186.736
1	175.808
1	195.298
1	163.278
1	218.113
1	156.18
1	276.514
1	223.471
1	180.541
1	139.325
1	301.505
1	228.559
1	143.845
1	235.662
1	166.669
1	167.014
1	155.564
1	285.894
1	242.62
1	147.517
1	229.947
1	159.306
1	109.255
1	217.82
1	219.233
1	164.413
1	190.616
1	240.937
1	181.59
1	161.661
1	258.483
1	255.789
1	171.252
1	256.675
1	243.626
1	211.186
1	182.768
1	167.856
1	200.426
1	219.946
1	124.476
1	149.916
1	210.469
1	190.23
1	199.16
1	199.802
1	292.45
1	219.891
1	308.552
1	205.104
1	175.941
1	161.615
1	204.226
1	177.897
1	235.316
0	13.3607
1	160.373
1	163.225
1	176.553
1	211.904
1	195.136
1	170.206
1	203.716
1	185.395
1	258.255
1	196.083
1	148.841
1	121.698
1	241.966
1	213.466
1	233.549
1	164.235
1	193.162
1	263.107
1	181.058
1	166.019
1	239.96
1	307.308
1	252.361
1	221.257
1	176.526
1	280.356
1	208.605
1	163.569
1	214.682
1	258.696
1	210.282
1	235.266
1	171.587
1	275.781
1	155.031
1	183.73
1	209.541
1	232.841
1	297.129
1	273.296
1	199.022
1	238.228
1	222.367
1	190.359
1	320.637
1	177.439
1	140.989
1	177.926
1	169.839
1	144.367
1	170.342
1	306.29
1	132.072
1	246.862
1	202.242
1	214.626
1	144.999
1	271.077
1	261.392
1	160.906
1	273.234
1	184.357
1	227.665
1	262.067
1	211.339
1	257.227
1	181.747
1	244.1
1	230.706
1	195.536
1	241.772
1	181.4
1	166.174
1	177.46
1	148.444
1	172.056
1	179.955
1	224.304
1	153.124
1	157.572
1	205.531
1	194.506
1	235.47
1	192.603
1	249.364
1	198.879
1	225.065
1	205.726
1	256.749
1	238.995
1	238.998
1	157.313
1	188.936
1	181.477
1	219.406
1	145.122
1	136.506
1	249.734
1	231.022
1	189.02
1	169.186
1	158.885
1	131.485
1	180.209
1	295.539
1	231.312
1	245.168
1	174.06
1	239.777
1	135.937
1	179.335
1	317.361
1	203.661
1	178.006
1	260.25
1	147.863
1	182.048
1	158.148
1	257.023
1	179.715
1	199.835
1	202.051
1	169.613
1	196.355
1	162.569
1	204.063
1	166.123
1	228.431
1	196.246
1	136.297
1	272.09
1	191.123
1	201.489
1	213.118
1	159.91
1	125.598
1	256.586
1	197.042
1	196.825
1	137.458
1	291.144
1	295.585
1	217.822
1	205.426
1	191.939
1	205.075
1	118.086
1	231.43
1	375.492
1	275.954
1	167.59
1	218.375
1	204.667
1	207.642
1	197.367
1	175.596
1	203.555
1	262.509
1	195.045
1	152.615
1	187.166
1	176.555
1	230.058
1	223.369
1	330.732
1	160.543
1	238.608
1	205.598
1	198.523
1	238.376
1	131.969
1	214.894
1	204.731
1	214.777
1	137.04
1	292.807
1	130.225
1	169.028
1	248.656
1	191.664
1	207.794
1	171.512
1	179.79
1	190.807
1	209.775
1	211.324
1	198.349
1	172.583
1	330.541
1	185.872
1	118.014
1	271.477
1	218.035
1	137.349
1	189.774
1	178.244
1	302.345
1	269.295
1	184.272
1	151.228
1	197.176
1	243.274
1	227.145
1	191.51
1	182.656
1	206.47
1	244.073
1	262.286
1	200.271
1	411.147
1	161.949
1	203.802
1	178.143
1	279.633
1	210.965
1	225.548
1	242.465
1	248.422
1	184.392
1	163.973
1	219.862
1	136.421
1	200.452
1	211.557
1	151.046
1	164.482
1	200.047
1	209.221
1	341.394
1	213.163
1	177.435
1	182.088
1	188.856
1	220.343
1	181.983
1	122.722
1	196.297
1	177.284
1	171.046
1	169.092
1	434.121
1	323.435
1	154.971
1	122.092
1	177.683
1	225.66
1	150.304
1	205.274
1	171.194
1	205.178
1	147.615
1	221.396
1	254.717
1	139.699
1	206.491
1	154.655
1	250.968
1	183.55
1	267.29
1	194.325
1	185.282
1	174.683
1	257.561
1	217.832
1	179.608
1	294.18
1	191.139
1	287.157
1	156.083
1	220.306
1	120.363
1	240.811
1	232.452
1	257.301
1	201.933
1	126.52
1	387.031
1	170.559
1	136.824
1	336.485
1	179.042
1	169.49
1	182.221
1	223.108
1	165.624
1	200.935
1	246.009
1	189.703
1	159.906
1	146.69
1	173.364
1	328.462
1	149.838
1	147.476
1	161.457
1	128.319
1	225.61
1	254.324
1	258.393
1	165.212
1	200.142
1	298.044
1	121.386
1	173.35
1	168.192
1	178.184
1	217.336
1	207.329
1	128.597
1	277.697
1	199.837
1	229.795
1	185.587
1	218.618
1	226.344
1	272.662
1	167.459
1	193.713
1	274.553
1	182.87
1	232.3
1	184.394
1	202.519
1	168.299
1	197.356
1	241.526
1	203.974
1	183.412
1	240.027
1	177.025
1	137.784
1	239.273
1	276.986
1	152.329
1	177.481
1	202.534
1	241.744
1	165.213
1	213.255
1	171.462
1	249.439
1	251.06
1	234.02
1	203.695
1	183.246
1	205.627
1	192.066
1	238.257
1	191.651
1	251.809
1	171.954
1	182.352
1	210.356
1	203.571
1	158.717
1	248.339
1	112.415
1	174.553
1	199.86
1	184.495
1	213.186
1	255.546
1	198.048
1	253.715
1	159.255
1	368.857
1	257.001
1	166.517
1	140.175
1	165.256
1	192.606
1	180.791
1	211.799
1	201.208
1	157.121
1	237.961
1	169.586
1	267.525
1	216.176
1	180.969
1	166.216
1	277.669
1	280.011
1	135.116
1	182.125
1	178.018
1	173.415
1	147.925
1	185.409
1	188.561
1	216.104
1	127.991
1	271.777
1	124.837
1	152.946
1	273.426
1	179.145
1	249.692
1	200.597
1	182.988
1	173.201
1	242.525
1	170.971
1	219.956
1	236.135
1	190.506
1	239.051
1	201.359
1	241.782
1	187.64
1	225.829
1	402.092
1	172.159
1	193.895
1	217.689
1	139.584
1	196.531
1	213.006
1	354.838
1	227.963
1	120.872
1	192.962
1	149.754
1	220.713
1	166.428
1	188.391
1	337.429
1	237.488
1	120.255
1	212.905
1	188.863
1	179.248
1	261.733
1	176.555
1	272.588
1	147.859
1	188.12
1	280.314
1	157.494
1	175.608
1	185.927
1	166.979
1	142.256
1	128.426
1	197.454
1	228.16
1	243.086
1	184.757
1	233.963
1	239.302
1	170.286
1	166.803
1	208.241
1	221.637
1	189.533
1	219.336
1	276.241
1	135.23
1	182.214
1	327.872
1	207.54
1	212.396
1	205.746
1	199.835
1	188.816
1	217.564
1	161.089
1	178.967
1	241.449
1	219.881
1	251.752
1	239.651
1	174.243
1	188.559
1	194.208
1	194.718
1	197.162
1	231.041
1	159.359
1	147.756
1	170.278
1	175.04
1	182.001
1	203.102
1	216.317
1	157.955
1	269.906
1	178.302
1	334.25
1	240.346
1	232.807
1	255.252
1	176.089
1	141.456
1	149.619
1	191.262
1	232.83
1	212.089
1	223.43
1	173.182
1	146.97
1	249.236
1	184.858
1	198.749
1	230.036
1	118.051
1	174.196
1	195.6
0	4.24897
1	168.79
1	192.615
1	201.381
1	143.007
1	208.037
1	221.805
1	196.012
1	251.76
1	310.382
1	176.642
1	184.814
1	158.945
1	142.657
1	319.158
1	304.125
1	185.411
1	128.919
1	335.274
1	210.844
1	253.932
1	240.398
1	144.094
1	250.48
1	204.357
1	324.247
1	312.309
1	164.805
1	222.31
1	212.452
1	198.982
1	331.983
1	201.044
1	186.266
1	147.18
1	152.48
1	218.256
1	211.085
1	139.159
1	184.819
1	158.726
1	290.784
1	188.099
1	200.645
1	177.501
1	267.938
1	206.045
1	170.626
1	162.559
1	178.989
1	188.892
1	135.364
1	183.948
1	192.455
1	180.185
1	362.078
1	170.415
1	165.389
1	303.837
1	152.548
1	202.37
1	191.992
1	185.87
1	176.202
1	232.863
1	239.15
1	140.878
1	170.582
1	211.577
1	145.543
1	266.96
1	279.644
1	267.688
1	205.372
1	178.614
1	214.915
1	177.926
1	165.878
1	156.517
1	353.836
1	171.336
1	181.02
1	185.023
1	189.26
1	204.781
1	250.504
1	144.992
1	153.907
1	196.997
1	213.659
1	189.376
1	166.717
1	215.593
1	158.771
1	205.512
1	162.919
1	173.811
1	158.635
0	36.3211
1	217.401
1	359.682
1	152.294
1	247.374
1	152.216
1	235.304
1	251.491
1	208.736
1	159.479
1	179.009
1	206.754
1	207.213
1	137.194
1	151.735
1	168.237
1	286.532
1	225.826
1	219.706
1	179.586
1	131.166
1	215.518
1	258.249
1	155.145
1	195.928
1	243.573
1	236.563
1	201.455
1	154.943
1	211.969
1	185.741
1	297.333
1	250.814
1	211.464
1	294.686
1	203.347
1	156.796
1	197.495
1	203.522
1	168.498
1	251.85
1	146.001
1	201.595
0	5.83085
1	190.638
1	265.767
1	164.561
1	151.327
1	219.139
1	160.093
1	171.516
1	272.761
1	144.566
1	154.493
1	233.607
1	317.808
1	169.017
1	171.278
1	153.222
1	221.796
1	151.638
1	172.548
1	165.28
1	207.29
1	239.951
1	183.35
1	184.413
1	158.093
1	314.688
1	421.619
1	322.063
1	214.903
1	206.539
1	192.153
0	37.8967
1	284.017
1	227.705
1	174.707
1	203.475
1	211.108
1	205.518
1	264.943
1	146.37
1	290.523
1	213.042
1	202.152
1	199.469
1	223.569
1	161.303
1	236.705
1	154.205
1	176.269
1	165.302
1	266.554
1	186.713
1	261.072
1	208.427
1	208.011
1	221.647
1	136.452
1	193.939
1	174.454
1	245.389
1	211.793
1	219.957
1	134.027
1	215.368
1	173.809
1	212.127
1	190.22
1	313.064
1	107.973
1	168.294
1	174.134
1	193.938
1	164.819
1	225.977
1	184.688
1	190.308
1	161.415
1	166.782
1	162.333
1	199.241
1	170.766
1	186.81
1	184.002
1	205.639
1	180.656
1	226.61
1	250.627
1	169.224
1	224.242
1	179.471
1	201.128
1	163.043
1	221.489
1	197.211
1	211.546
1	243.856
1	285.023
1	160.518
1	180.989
1	183.423
1	142.772
1	145.874
1	183.614
1	282.42
1	256.901
1	266.808
1	310.235
1	403.15
1	153.033
1	326.015
1	173.244
1	271.348
1	226.123
1	252.059
1	144.907
1	218.382
1	186.648
1	177.674
1	219.351
1	212.529
1	166.884
1	220.961
1	240.368
1	155.825
1	279.902
1	171.302
1	217.07
1	249.987
1	125.921
1	173.708
1	208.806
1	185.191
1	137.924
1	209.005
1	175.833
1	291.247
1	179.461
1	138.427
1	309.743
1	194.105
1	214.879
1	202.843
1	203.837
1	211.304
1	166.558
1	242.451
1	218.162
1	267.605
1	145.728
1	236.418
1	186.297
1	137.403
1	183.925
1	183.476
1	169.514
1	256.288
1	199.467
1	190.064
1	138.581
1	181.52
0	36.2382
1	188.426
0	8.57935
1	173.677
1	200.911
1	210.074
1	133.219
1	301.479
1	239.069
1	147.413
1	141.581
1	211.89
1	207.213
1	203.957
1	204.988
1	190.318
1	199.01
1	169.365
1	210.467
1	208.15
1	181.849
1	252.784
1	143.183
1	143.631
1	229.91
1	233.265
1	197.753
1	236.606
1	180.811
1	153.594
1	175.206
1	152.781
1	220.015
1	184.698
1	172.879
1	261.088
1	167.851
1	205.533
1	249.241
1	237.582
1	176.882
1	173.08
1	146
1	263.772
1	190.637
1	268.317
1	234.023
1	267.883
1	167.149
1	186.163
1	371.606
1	321.019
1	180.148
1	230.517
1	210.072
0	80.8462
1	196.88
1	192.404
1	259.571
1	158.715
1	226.704
1	323.669
1	275.642
1	243.902
1	195.181
1	327.727
1	205.936
1	296.131
1	189.694
1	275.514
1	178.176
1	161.341
1	243.413
1	196.787
1	142.994
0	54.0471
1	175.05
1	253.325
1	169.53
1	234.426
1	211.482
1	198.697
1	184.708
1	197.667
1	238.057
1	340.883
1	141.312
1	172.81
1	157.118
1	168.481
1	211.837
1	188.573
1	155.424
1	198.875
1	152.277
1	215.843
1	147.87
1	150.573
1	205.714
1	142.667
1	144.192
1	156.12
1	241.576
1	244.747
1	221.017
1	211.195
1	347.793
1	177.792
1	170.162
1	168.183
1	168.103
1	232.725
1	183.119
1	190.371
1	225.051
1	208.198
1	208.247
1	245.828
1	197.934
1	184.348
1	251.236
1	176.149
1	227.003
1	197.025
1	115.939
1	121.6
1	265.652
1	268.656
1	211.998
1	218.562
1	220.455
1	182.722
1	102.41
1	256.703
1	199.788
1	217.278
1	190.925
1	196.212
1	169.554
1	181.166
1	168.752
1	337.484
1	174.81
1	201.642
1	193.775
1	221.122
1	196.293
1	148.978
1	365.184
1	199.811
1	192.846
1	365.561
1	168.149
1	133.487
1	232.232
1	147.081
1	120.731
1	227.812
1	261.648
1	137.884
1	251.681
1	181.932
1	151.973
1	204.4
1	206.598
1	254.777
1	150.313
1	266.265
1	260.141
1	301.11
1	239.554
1	218.283
1	231.16
1	174.458
1	182.992
1	172.428
1	151.653
1	228.602
1	257.593
1	228.574
1	273.504
1	247.434
0	8.00038
1	198.935
1	163.919
1	184.554
1	172.186
1	257.787
1	169.056
1	390.491
1	273.233
1	286.062
1	186.89
1	208.053
1	177.479
1	167.289
1	224.485
1	229.564
1	235.478
1	194.923
1	261.891
1	232.085
1	241.41
1	204.611
1	149.222
1	185.377
1	164.793
1	215.79
1	179.455
1	190.453
1	192.042
1	168.038
1	193.741
1	215.41
1	252.206
1	186.319
1	188.203
1	209.107
1	143.804
1	161.461
1	138.417
1	132.025
1	158.521
1	277.287
1	280.432
1	157.174
1	153.444
1	236.45
1	186.834
1	178.123
1	168.347
1	155.771
1	275.359
1	177.573
1	272.329
1	329.677
1	184.358
1	275.156
1	206.472
1	153.849
1	161.873
1	158.556
1	148.468
1	245.064
1	232.829
1	196.373
1	268.257
1	201.713
1	187.515
1	220.259
1	203.186
1	189.92
1	171.906
1	172.712
1	184.325
1	142.134
1	164.066
1	182.043
1	191.618
1	167.97
1	235.67
1	193.102
1	170.504
1	145.94
1	251.363
1	167.491
1	166.712
1	149.865
0	15.8214
1	284.851
1	158.052
1	175.125
1	214.503
1	228.224
1	283.005
1	225.261
1	197.205
1	276.599
1	222.98
1	183.102
1	209.201
1	188.791
1	206.777
1	168.987
1	150.642
1	382.36
1	196.433
1	273.259
1	149.92
1	170.321
1	259.818
1	194.351
1	220.735
1	202.314
1	163.505
1	182.147
1	186.907
1	276.66
1	213.708
1	189.316
1	211.447
1	169.176
1	169.727
1	211.275
1	218.413
1	166.225
1	155.677
1	183.383
1	227.84
1	144.543
1	147.619
1	188.397
1	200.757
1	190.309
1	299.684
1	160.371
1	137.775
1	259.796
1	189.271
1	171.338
1	204.616
1	266.74
1	178.949
1	228.95
1	178.635
1	267.966
1	248.789
1	169.519
1	158.949
1	305.979
1	226.454
1	224.483
1	179.336
1	256.882
1	166.183
1	221.53
1	176.2
1	215.597
1	192.612
1	230.89
1	186.293
1	227.278
1	253.682
1	205.128
1	190.888
1	167.672
1	169.626
1	183.802
1	271.544
1	148.39
1	126.476
1	285.727
1	215.703
1	181.283
1	218.03
1	229.579
1	164.876
1	264.678
1	211.591
1	195.993
1	208.168
1	168.86
1	171.367
1	172.78
1	154.542
1	136.513
1	383.837
1	216.139
1	188.062
1	210.308
1	145.935
1	212.78
1	286.658
1	302.165
1	149.782
1	269.979
1	223.884
1	259.319
1	217.967
1	312.633
1	202.717
1	227.539
1	194.671
1	139.408
1	141.017
1	206.302
1	149.158
1	175.833
1	202.977
1	135.559
1	198.689
1	156.074
1	185.487
1	204.555
1	167.602
1	229.85
1	231.735
1	180.493
1	141.218
1	266.369
1	213.528
1	276.421
1	247.822
1	144.992
1	234.306
0	50.7094
1	271.913
1	185.346
1	185.451
1	210.235
1	137.767
1	270.309
1	192.052
1	182.776
1	189.156
1	231.19
1	161.715
1	173.255
1	183.147
1	201.887
1	179.009
1	232.502
1	168.182
1	195.405
1	147.605
1	168.168
1	187.488
1	145.297
1	228.604
1	188.61
1	242.004
1	160.6
1	219.605
1	130.603
1	186.405
1	200.568
1	169.585
0	25.4076
1	116.422
1	204.695
1	293.069
1	153.684
1	120.12
1	260.415
1	216.863
1	266.962
1	179.76
1	209.738
1	192.727
1	168.558
1	157.571
1	126.421
1	272.337
1	274.627
1	197.775
1	173.367
1	182.348
1	301.52
1	186.861
1	193.775
0	21.5735
1	216.871
1	224.326
1	150.245
1	251.81
1	252.349
1	209.854
1	203.169
1	204.095
1	135.632
1	235.491
1	159.5
1	197.297
1	207.051
1	254.364
1	222.977
1	147.065
1	146.554
1	190.074
1	212.697
1	150.572
1	170.593
1	164.041
1	322.368
1	175.163
1	160.71
1	224.106
1	177.535
1	205.424
1	198.112
1	204.624
1	203.725
1	212.302
1	188.549
1	239.609
1	235.293
1	244.504
1	126.813
1	240.556
1	287.634
1	246.317
1	292.062
1	247.836
1	218.705
1	229.02
1	170.191
1	267.117
1	188.674
1	200.635
1	150.629
1	240.642
1	197.154
1	302.984
1	247.2
1	173.558
1	191.017
1	167.451
1	317.123
1	186.622
1	149.732
1	166.084
1	232.687
1	168.757
1	159.931
1	178.936
1	220.943
1	194.112
1	172.362
1	338.272
1	199.068
1	223.932
1	245.474
1	336.927
1	177.377
1	178.612
1	186.851
1	196.36
1	150.102
1	175.329
1	215.503
1	208.838
1	248.229
1	173.076
1	211.872
1	186.264
1	230.834
1	168.881
1	256.929
1	251.46
1	364.407
1	224.162
1	186.793
1	188.296
1	163.42
1	206.677
1	224.147
1	203.87
1	279.348
1	143.793
1	160.297
1	166.681
1	252.56
1	279.985
1	257.951
1	201.379
1	151.727
1	158.368
1	150.708
1	246.559
1	204.538
1	126.279
1	137.743
1	369.638
1	215.233
1	190.969
1	233.354
1	496.531
1	163.204
1	185.5
1	268.364
1	295.319
1	140.237
1	138.976
1	176.421
1	208.728
1	210.915
1	186.034
1	179.97
0	44.9468
1	200.833
1	277.034
0	50.9048
1	201.973
1	257.727
1	234.278
1	187.293
1	170.119
1	217.538
1	204.095
1	207.457
1	141.043
1	215.58
1	178.358
1	143.122
1	154.859
1	234.73
1	130.734
1	226.074
1	191.646
1	142.861
1	158.395
1	213.245
1	246.053
1	192.319
1	181.685
1	261.08
1	267.582
1	215.814
1	135.706
1	162.63
1	195.54
1	204.23
1	219.03
1	222.121
1	161.327
1	219.385
1	219.971
1	190.096
1	177.828
1	173.903
1	234.36
1	189.768
1	172.274
1	208.847
1	124.251
1	213.286
1	166.557
1	210.216
1	194.983
1	168.279
1	160.533
1	212.921
1	160.139
1	382.75
1	263.097
1	172.465
1	156.144
1	165.169
1	216.442
1	296.508
1	137.351
1	209.442
1	169.488
1	413.192
1	177.434
1	256.322
1	227.328
1	150.009
1	231.414
1	218.2
1	214.471
1	194.44
1	252.729
1	208.837
1	206.292
1	194.363
1	241.717
1	171.652
1	187.542
1	252.541
1	188.994
1	253.351
1	151.883
1	168.407
1	227.198
1	288.693
1	200.047
1	201.256
1	204.643
1	148.915
1	140.487
1	189.078
1	156.82
1	177.778
1	150.302
1	258.017
1	437.241
1	145.83
1	287.392
1	164.726
1	394.003
1	156.958
1	170.147
1	172.554
1	237.247
1	131.591
1	194.227
1	212.56
1	299.408
1	172.418
1	242.836
1	153.496
1	248.768
1	189.065
1	196.88
1	163.729
1	184.236
1	157.252
1	215.782
1	140.448
1	182.668
1	156.474
1	183.3
1	251.975
1	233.366
1	252.144
1	135.213
1	155.876
1	263.771
1	161.392
1	195.983
1	163.7
1	197.556
1	229.086
1	227.994
1	214.625
1	184.33
1	175.011
1	218.465
1	155.39
1	233.62
1	198.683
1	170.213
1	176.253
1	173.403
1	184.918
1	300.346
1	196.629
1	263.712
1	384.682
1	181.994
1	248.711
1	190.607
1	164.362
1	155.046
1	347.221
1	194.734
1	196.653
1	207.713
1	229.141
1	170.065
1	208.006
1	233.58
1	148.105
1	182.426
1	150.22
1	220.514
1	191.718
1	229.515
1	210.424
1	224.232
1	258.367
1	251.545
1	212.627
1	206.689
1	241.959
1	262.015
1	246.078
1	171.05
1	249.445
1	164.774
1	210.563
1	400.243
1	168.493
1	226.247
1	411.086
1	218.125
1	190.399
1	170.445
1	150.182
1	237.378
1	347.748
1	339.817
1	184.842
1	178.485
1	125.166
1	155.559
1	162.823
1	221.977
1	231.223
1	308.595
1	161.374
1	211.941
1	160.809
1	133.121
1	197.271
1	198.072
1	171.582
1	249.875
1	289.15
1	131.451
1	184.661
1	164.461
1	177.926
1	142.67
1	189.782
1	220.537
1	248.737
1	202.34
1	188.002
1	186.816
1	243.297
1	200.233
1	148.474
1	218.402
1	197.923
1	237.649
1	158.193
1	155.732
1	174.801
1	206.914
1	130.018
1	150.127
1	148.937
1	252.546
1	205.753
1	289.223
1	122.05
1	215.701
1	273.307
1	250.537
1	224.258
1	188.89
1	196.465
1	174.128
1	191.8
1	142.932
1	161.768
1	126.047
1	248.609
1	309.462
0	18.1714
1	368.924
1	175.72
1	214.087
1	163.779
1	133.673
1	180.215
1	224.15
1	216.629
1	236.378
1	125.597
1	170.652
1	155.932
1	188.959
1	165.575
1	252.789
1	145.842
1	191.081
1	207.129
1	176.24
1	196.859
1	169.197
1	135.36
1	255.439
1	281.661
1	222.277
1	192.477
1	206.713
1	178.094
1	160.155
1	161.221
1	161.26
1	131.897
1	174.345
1	143.969
1	419.741
1	131.734
1	149.05
1	174.347
1	194.959
1	193.825
1	160.257
1	301.13
1	172.695
1	181.421
1	174.385
1	132.399
1	192.119
1	211.388
1	187.105
1	197.147
1	531.356
1	257.928
1	188.454
1	161.153
1	140.34
1	148.542
1	258.856
1	214.839
1	186.454
1	213.986
1	163.53
1	178.355
1	162.24
1	207.319
1	182.32
1	169.816
1	222.776
1	176.575
1	122.779
1	421.23
1	194.841
1	219.728
1	295.716
1	300.419
1	182.047
1	278.809
1	154.684
1	145.404
1	146.772
1	129.087
1	201.8
1	199.65
1	145.453
1	197.693
1	217.411
1	263.475
1	126.527
1	137.86
1	178.389
1	212.401
1	279.253
1	219.613
1	208.137
1	150.336
1	257.467
1	180.358
1	177.037
1	237.135
1	254.473
1	149.629
1	158.597
1	231.465
1	152.222
1	161.821
1	269.674
1	218.798
1	326.053
1	124.592
1	248.921
1	212.313
1	162.726
1	197.768
1	139.526
1	200.35
1	175.012
1	208.127
1	173.182
1	179.722
1	277.712
1	265.096
1	209.255
1	157.01
1	299.253
1	197.285
1	149.592
1	218.934
1	222.284
1	161.579
1	224.89
1	393.699
1	160.235
1	143.51
1	204.213
1	235.426
1	225.104
1	205.437
1	151.842
1	220.508
1	148.738
1	214.225
1	174.286
1	124.285
1	228.78
1	232.011
1	244.793
1	141.163
1	204.557
1	143.779
1	153.429
1	150.825
1	215.321
1	158.715
1	203.343
1	275.412
1	299.285
1	143.002
1	178.11
0	5.33397
1	248.554
1	171.012
1	200.341
1	206.504
1	184.566
1	157.886
1	204.675
1	212.426
1	196.106
1	237.49
1	191.908
1	129.755
1	183.89
1	190.357
1	182.964
1	223.181
1	180.959
1	258.482
1	221.994
1	166.108
1	245.386
1	145.401
1	142.755
1	167.795
1	242.016
1	131.835
1	255.228
1	257.937
0	9.61914
1	165.193
1	200.562
1	145.074
1	178.687
1	279.492
1	293.505
1	158.709
1	171.721
1	194.353
1	248.445
1	195.684
0	1.44412
1	231.818
1	182.933
1	152.092
1	162.959
1	178.484
1	181.4
1	291.728
1	191.98
1	136.261
1	129.011
1	330.414
1	157.578
1	184.23
1	187.479
1	144.817
1	178.734
1	144.424
1	229.253
1	179.596
1	164.311
1	151.526
1	133.678
1	245.734
1	174.987
1	216.358
1	240.851
1	197.604
1	235.019
1	168.058
1	213.06
1	200.555
1	189.248
1	160.652
1	188.679
1	169.311
1	148.661
1	166.854
1	182.514
1	224.359
1	164.027
1	288.031
1	163.805
1	154.774
1	201.342
1	194.249
1	152.428
1	186.146
1	205.192
1	171.14
1	225.714
1	204.866
1	141.96
1	170.137
1	282.011
1	222.74
1	176.973
1	272.887
1	193.431
1	165.864
1	156.578
1	142.302
1	212.684
1	214.621
1	237.495
1	228.014
1	140.797
1	145.175
1	159.578
1	196.667
1	178.875
1	131.283
1	157.807
1	200.688
1	185.489
1	185.014
1	234.406
1	354.887
1	198.625
1	180.974
1	161.854
1	252.37
1	187.633
1	183.575
1	134.668
1	224.302
1	189.906
1	166.763
1	229.225
1	132.257
1	125.087
1	207.933
1	187.473
1	160.422
1	180.357
1	199.812
1	152.616
1	194.176
1	207.799
1	247.781
1	141.35
1	195.665
1	190.032
1	182.864
1	193.833
1	279.506
1	265.598
1	194.219
1	251.761
1	189.145
1	198.945
1	199.772
1	287.454
1	338.511
1	149.228
1	150.52
1	180.089
1	153.223
1	234.69
1	282.894
1	198.492
1	176.915
1	206.067
1	179.103
1	186.175
1	149.488
1	208.964
1	135.859
1	150.539
1	196.717
1	175.647
1	208.916
1	375.966
1	217.639
1	203.287
1	180.789
1	266.492
1	137.095
1	246.442
1	183.435
1	158.346
1	189.572
1	145.322
1	148.887
1	210.735
1	208.889
1	166.325
1	172.563
1	132.059
1	134.719
1	234.78
1	122.6
1	121.548
1	202.913
1	235.073
1	136.97
1	247.4
1	121.501
1	236.697
1	134.408
1	299.282
1	239.179
1	140.744
1	258.333
1	152.952
1	177.32
1	178.906
1	174.646
1	276.562
1	160.214
1	243.891
1	199.837
1	197.047
1	396.919
1	187.027
1	201.004
1	149.553
1	197.676
1	148.299
1	166.03
1	225.313
1	140.424
1	366.307
1	221.983
1	204.302
1	261.563
1	160.441
1	250.23
1	144.336
1	200.438
1	181.016
1	283.896
1	178.71
1	132.171
1	267.048
1	224.363
1	231.596
1	176.636
1	176.816
1	239.33
1	292.414
1	183.417
1	209.894
1	197.173
1	188.793
1	190.065
1	155.751
1	245.063
1	204.367
1	127.865
1	162.743
1	164.724
1	264.203
1	176.062
1	161.439
1	182.697
1	191.136
1	239.069
1	230.019
1	167.387
1	195.124
1	201.912
1	243.532
1	192.921
1	219.598
1	196.16
1	244.55
1	162.532
1	206.272
1	193.913
1	303.866
1	179.247
1	256.532
1	142.353
1	186.756
1	155.7
1	224.67
1	259.333
1	187.452
1	179.294
1	232.063
1	148.405
1	182.836
1	179.347
1	159.047
1	198.572
1	168.643
1	134.099
1	194.741
1	256.433
1	240.659
1	130.902
1	420.044
1	146.621
1	220.671
1	225.786
1	258.945
1	245.173
1	305.17
1	199.838
1	167.592
1	216.876
1	232.076
1	219.371
0	19.511
1	193.544
1	325.261
1	191.828
1	120.155
1	220.134
1	282.803
1	246.806
1	158.995
1	177.198
1	279.422
1	204.628
1	305.395
1	174.779
1	202.188
1	224.85
1	305.48
1	176.17
1	217.576
1	188.576
1	198.171
1	164.012
1	119.871
1	219.225
1	201.962
1	195.239
1	247.158
1	278.297
1	120.871
1	169.271
1	217.352
1	178.521
1	282.937
1	189.946
1	192.187
1	133.923
1	236.134
1	171.669
1	120.572
1	242.658
1	164.546
1	158.649
1	173.98
1	198.424
1	225.995
1	174.514
1	150.665
1	222.064
1	161.918
1	161.045
1	408.003
1	173.327
1	263.805
1	293.859
1	215.37
1	223.644
1	200.013
1	167.999
1	210.191
1	233.814
1	168.447
1	178.045
1	245.12
1	175.598
1	175.763
1	197.391
1	208.5
1	153.002
1	216.489
1	146.576
1	179.655
1	164.945
1	247.018
1	180.746
1	247.142
1	131.22
1	265.52
1	188.356
1	196.07
1	222.712
1	202.286
1	187.703
1	189.151
1	161.167
1	272.276
1	234.679
1	285.88
1	233.594
1	222.752
1	177.766
1	267.079
1	141.877
1	314.78
1	182.108
1	154.82
1	259.857
1	189.133
1	150.577
1	194.232
1	144.12
1	292.608
1	179.723
1	145.438
1	218.542
1	150.357
1	194.595
1	189.621
1	215.182
1	211.689
1	167.542
1	205.582
1	246.882
1	165.654
1	185.639
1	146.134
1	149.5
1	180.561
1	280.12
1	148.086
1	169.372
1	214.398
1	198.546
1	223.004
1	195.846
1	172.334
1	163.925
1	183.869
1	176.078
1	153.085
1	171.761
1	199.511
1	203.923
1	301.501
1	173.013
1	260.305
1	263.392
1	171.014
1	264.225
1	213.113
1	215.286
1	199.602
1	232.15
1	230.794
1	184.313
1	150.177
1	184.069
1	193.887
1	198.864
1	246.436
1	159.445
1	156.364
1	206.492
1	140.849
1	125.091
1	224.54
1	166.453
1	174.428
1	307.996
1	202.927
1	181.432
1	157.215
1	195.105
1	252.604
1	182.598
1	245.455
1	247.448
1	203.473
1	280.121
1	258.861
1	168.261
1	240.718
1	224.774
1	233.153
1	203.476
1	173.668
1	321.228
1	213.287
1	146.191
1	248.881
1	252.615
1	180.125
1	169.046
1	203.214
1	274.185
1	346.871
1	196.812
1	245.743
1	176.374
1	218.915
1	146.095
1	163.658
1	172.387
1	171.205
1	214.643
1	281.269
1	142.403
1	321.874
1	199.65
1	217.19
1	183.666
1	122.129
1	201.425
1	144.434
1	205.623
1	219.251
1	283.716
1	154.778
1	213.213
1	274.292
1	248.719
1	178.538
1	132.816
1	259.135
1	231.753
1	182.676
1	181.019
1	240.791
1	145.784
1	158.828
1	149.132
1	267.046
1	187.816
1	182.991
1	157.742
0	116.975
1	236.37
1	205.925
1	234.174
1	181.894
1	250.653
1	271.428
1	227.332
1	182.73
1	255.626
1	218.924
1	192.039
1	214.849
1	221.626
1	253.206
1	197.182
1	138.188
1	213.168
1	158.164
1	267.333
1	222.025
1	268.62
1	268.649
1	142.183
1	169.376
1	190.382
1	239.107
1	178.986
1	185.748
1	189.944
1	312.801
1	177.712
1	251.52
1	242.725
1	173.834
1	238.445
1	168.742
1	239.685
1	216.888
1	279.896
1	337.571
1	204.743
1	236.274
1	129.581
1	214.546
1	159.245
1	223.04
1	238.521
1	179.914
1	205.998
1	192.376
1	150.114
1	207.025
1	191.427
1	224.067
1	256.695
1	212.531
1	223.146
1	161.097
1	190.284
1	283.664
1	291.097
1	131.54
1	217.929
1	232.64
1	249.041
1	159.831
1	190.695
1	209.751
1	162.666
1	167.696
1	273.174
1	137.035
1	206.215
1	224.488
1	148.928
1	277.551
1	211.664
1	180.419
1	260.682
1	168.307
1	244.944
1	180.129
1	169.392
1	271.134
1	225.501
1	180.248
1	201.231
1	275.439
1	286.411
1	199.236
1	142.902
1	214.822
1	159.721
1	259.87
1	233.066
1	171.283
1	285.557
1	158.976
1	140.644
1	210.604
1	255.428
1	177.017
1	197.252
1	172.103
1	198.567
1	193.912
0	33.5312
1	343.406
1	221.769
1	204.18
1	172.222
1	217.366
1	251.301
1	124.255
1	198.333
1	285.62
1	205.799
1	167.186
1	170.841
1	204.281
1	181.939
1	348.734
1	259.16
1	135.818
1	237.735
1	206.322
1	241.039
1	273.7
1	297.827
1	190.957
1	213.395
1	361.247
1	202.231
1	249.822
1	274.245
1	217.415
1	222.205
1	202.662
1	184.437
1	243.369
1	194.077
1	174.043
1	248.066
1	302.903
1	213.97
1	212.891
1	250.029
1	196.804
1	261.431
1	235.619
1	201.101
1	210.023
1	249.228
1	152.372
1	190.578
1	165.833
1	185.326
1	191.274
1	158.986
1	226.403
1	212.477
1	194.326
1	173.882
1	191.724
1	234.364
1	229.874
0	8.98699
1	196.012
1	241.094
1	135.629
1	173.421
1	241.53
1	148.171
1	202.636
1	266.075
1	192.808
1	222.505
1	154.221
1	166.245
1	248.896
1	205.562
1	226.538
1	184.579
1	157.01
1	161.904
1	234.883
1	195.324
1	202.919
1	209.407
1	263.905
1	152.176
1	185.741
1	203.977
1	195.593
1	207.786
1	163.206
1	281.303
1	160.574
1	193.889
1	181.956
1	273.93
1	273.584
1	270.676
1	190.006
1	161.356
1	292.724
1	177.493
1	178.823
1	141.979
1	183.884
1	196.766
1	159.364
1	217.32
1	236.363
1	244.691
1	221.812
1	137.282
1	177.345
1	173.118
1	155.828
1	192.264
1	281.253
1	158.028
1	200.224
1	248.205
1	235.781
1	181.678
1	162.789
1	257.154
1	207.476
1	190.912
1	266.003
1	149.231
1	203.634
1	314.179
1	199.748
1	158.982
1	240.982
1	178.15
1	161.549
1	224.972
1	188.601
1	202.217
1	287.611
1	283.663
1	196.856
1	222.46
1	218.423
1	195.327
1	193.393
1	195.615
1	341.329
1	192.111
1	193.74
1	154.938
1	228.975
1	195.008
1	212.916
1	146.072
1	285.02
1	132.673
1	174.152
1	154.686
1	206.516
1	245.189
1	256.935
1	192.304
1	245.549
1	178.072
1	249.156
1	227.334
1	216.184
1	201.67
1	174.067
1	238.54
1	203.522
1	251.209
1	158.204
1	173.308
1	225.474
1	216.507
1	295.665
1	159.309
1	290.867
1	280.559
1	152.729
1	184.392
1	188.104
1	346.414
1	204.57
1	121.821
1	171.235
1	239.652
1	264.991
1	280.092
1	265.975
1	177.64
1	220.795
1	225.154
1	244.278
1	141.796
1	304.184
1	276.53
1	164.796
1	208.086
1	171.901
1	176.224
1	230.575
1	173.025
1	325.75
1	219.366
1	178.354
1	359.709
1	410.677
1	227.721
1	140.14
1	205.619
1	236.987
1	213.699
1	171.895
1	197.103
1	228.012
1	119.207
1	238.163
1	229.115
1	171.096
1	287.835
1	192.922
1	156.321
1	208.75
1	175.314
1	151.841
1	200.561
1	260.74
1	209.772
1	182.727
1	288.344
1	182.623
1	155.289
1	137.163
1	249.323
1	205.246
1	158.627
1	208.508
1	223.087
1	302.082
1	298.01
1	173.018
1	133.716
1	225.824
1	227.766
1	124.181
1	222.637
1	202.234
1	165.127
1	280.602
1	152.069
1	162.595
1	191.204
1	185.999
1	232.898
1	204.231
1	217.138
1	186.477
1	231.875
1	165.448
1	130.581
1	145.265
1	194.846
1	269.691
1	216.823
1	164.131
1	249.297
0	19.4275
1	184.392
1	186.558
1	131.121
1	198.761
1	130.449
1	222.72
1	182.514
1	187.202
1	218.812
1	153.875
1	190.832
1	308.561
1	277.747
1	163.956
1	200.519
1	204.42
1	262.531
1	215.696
1	195.006
1	166.615
1	284.306
1	129.612
1	159.885
1	152.211
0	64.6737
1	167.005
1	189.841
1	164.335
1	156.215
1	136.867
1	202.434
1	210.494
1	153.861
1	111.443
1	150.171
1	235.876
1	147.039
1	143.627
1	256.201
1	166.504
1	204.139
1	176.115
1	152.501
1	316.073
0	10.7357
1	146.093
1	176.663
1	291.601
1	256.66
1	199.205
1	160.427
1	181.142
1	140.72
1	161.39
1	214.104
1	221.208
1	214.55
1	148.692
1	180.914
1	141.017
1	222.054
1	259.117
1	147.423
1	231.835
1	141.274
1	210.333
1	256.174
1	250.862
1	210.905
1	187.43
1	237.732
1	202.296
1	154.802
1	180.884
1	127.775
1	210.958
1	201.51
1	153.225
1	238.957
1	137.705
1	223.808
1	210.65
0	5.67586
1	220.9
1	261.296
1	147.369
1	195.33
1	204.897
1	315.783
1	261.078
1	150.407
1	204.488
1	211.629
1	202.226
1	157.211
1	217.547
1	154.457
1	225.054
1	198.512
1	140.39
1	188.908
1	268.138
1	191.083
1	194.455
1	164.203
1	144.07
1	292.806
1	182.79
1	187.71
1	206.065
1	187.856
1	131.035
1	183.397
0	1.95596
1	201.331
1	153.696
1	146.982
1	309.853
1	184.788
1	227.763
1	225.407
1	107.966
1	135.94
1	154.994
1	219.06
1	254.16
1	190.469
1	247.654
1	200.467
1	215.582
1	241.013
1	201.069
1	227.049
1	208.716
1	185.304
1	202.785
1	226.846
1	170.6
1	221.921
1	245.382
1	235.363
1	200.673
1	187.234
1	102.354
1	150.63
1	201.182
1	184.368
1	179.874
1	210.845
1	140.67
1	260.816
1	216.833
1	193.12
1	234.225
1	162.523
1	149.782
1	185.559
1	131.305
1	228.642
1	189.659
1	232.582
1	285.856
1	336.23
1	175.58
1	195.117
1	210.184
1	260.96
1	261.268
1	247.432
1	165.003
1	149.169
1	152.625
1	395.606
1	228.593
1	262.269
1	182.177
1	155.428
1	213.492
1	241.024
1	185.145
1	172.212
1	223.95
1	215.078
1	213.107
1	226.809
1	249.955
1	190.681
1	166.271
1	215.514
1	263.44
1	179.754
1	170.325
1	213.668
1	280.363
1	250.615
1	196.116
1	161.378
1	229.917
1	162.555
1	248.73
1	198.173
1	260.408
1	174.872
1	234.079
1	306.521
1	195.148
1	178.784
1	189.765
1	139.496
1	162.345
1	245.029
1	213.6
1	199.446
1	171.357
1	253.462
1	201.712
1	253.202
1	202.756
1	246.903
1	215.916
1	171.291
1	258.508
1	169.452
1	261.274
1	200.65
1	303.016
1	161.021
1	194.681
1	248.428
1	174.981
1	250.234
1	181.718
1	166.548
1	219.762
1	168.176
1	236.478
1	176.901
1	227.502
1	132.157
1	259.14
1	207.866
1	234.276
1	167.934
1	329.535
1	175.454
1	223.58
1	158.671
1	201.676
1	225.76
1	201.561
1	126.848
1	199.324
1	171.492
1	184.523
1	160.14
1	317.716
1	167.961
1	192.361
1	202.766
1	199.972
1	147.78
1	208.208
1	169.707
1	275.951
1	276.833
1	195.141
1	334.952
1	110.81
1	174.048
1	128.845
1	194.568
1	233.628
1	198.251
1	189.866
1	194.969
1	161.62
1	313.316
1	261.781
1	170.272
1	197.679
1	209.061
1	296.465
1	183.872
1	90.8446
1	308.485
1	165.491
1	242.478
1	153.42
1	243.012
1	101.67
1	146.265
1	187.248
1	217.784
1	191.751
1	228.411
1	244.783
1	171.804
1	185.536
1	134.546
1	193.079
1	178.07
1	253.94
1	206.5
1	200.213
1	212.994
1	168.629
1	145.166
1	241.758
1	150.846
1	211.459
1	170.401
1	176.139
1	155.754
1	210.955
1	171.696
1	118.469
1	150.734
1	235.327
1	238.345
1	319.389
1	206.598
1	258.49
1	217.385
1	177.427
1	162.401
1	134.186
1	240.31
1	248.817
0	44.5019
1	153.538
1	187.235
1	258.236
1	232.275
1	140.13
1	184.057
1	175.309
1	224.716
1	234.836
1	207.472
1	191.613
1	149.382
1	164.046
1	160.415
1	269.762
1	224.331
1	209.632
1	146.436
1	168.558
1	213.695
1	217.382
1	204.951
1	200.796
1	168.925
1	205.198
1	212.535
1	212.127
1	217.892
1	255.142
1	158.587
1	195.537
1	183.857
1	264.692
1	214.694
1	278.699
1	200.919
1	141.668
1	209.547
1	239.28
1	162.765
1	145.8
1	250.773
1	192.991
1	203.545
1	281.42
1	133.376
1	198.392
1	234.991
1	195.238
1	195.195
1	243.649
1	181.969
1	160.378
1	229.034
1	144.53
1	195.443
1	154.024
1	214.172
1	186.317
1	260.511
1	132.537
1	132.433
1	237.1
1	168.068
1	132.734
1	188.552
1	160.474
1	240.918
1	162.299
1	148.814
1	206.571
1	171.065
1	152.7
1	299.538
1	162.809
1	149.016
1	315.859
1	209.501
1	186.588
1	224.264
1	197.274
1	147.271
1	195.231
0	9.70753
1	146.399
1	202.338
1	220.739
1	189.85
1	150.942
1	248.676
1	155.6
1	184.867
1	408.37
1	272.773
1	155.603
1	202.288
1	199.524
1	229.217
1	223.459
1	208.995
1	147.178
1	218.893
1	219.356
1	173.542
1	287.393
1	222.85
1	188.611
1	138.188
1	217.828
1	201.062
1	217.857
1	134.666
1	322.501
0	3.3691
1	131.065
1	178.285
1	191.895
1	169.558
1	215.171
1	201.327
1	132.291
1	220.192
1	216.494
1	202.797
1	248.311
1	170.261
1	198.132
1	182.843
1	163.562
1	190.98
1	160.161
1	262.017
1	258.423
1	279.338
1	206.83
1	184.512
1	264.037
1	182.926
1	314.598
1	350.747
1	221.729
1	131.771
1	189.672
1	214.7
1	181.281
1	170.105
1	296.547
1	155.649
1	193.798
1	257.435
1	178.091
1	153.591
1	163.83
1	262.058
1	206.085
1	241.525
1	185.685
1	201.83
1	204.953
1	166.995
1	259.668
1	288.157
1	204.885
1	160.946
1	198.497
1	219.085
1	208.206
1	241.408
1	210.969
1	206.799
1	176.688
1	273.668
1	243.139
1	246.172
1	118.461
1	216.491
0	14.1037
1	177.871
1	171.25
1	236.917
1	187.339
1	169.392
1	128.431
1	210.494
0	33.4447
1	163.589
1	205.367
1	246.366
1	190.241
1	187.49
0	54.5981
1	168.338
1	217.954
1	152.904
1	298.432
1	165.744
1	210.131
1	253.692
1	161.122
1	193.121
1	411.32
1	225.118
1	178.081
1	237.868
1	201.705
1	198.452
1	246.725
1	284.044
1	185.14
0	38.2194
1	185.59
1	206.728
1	202.081
1	202.861
1	249.315
1	254.56
1	186.135
1	192.198
1	200.605
1	184.34
1	196.573
1	156.678
1	253.581
1	155.436
1	131.498
1	187.114
1	127.601
1	226.696
1	233.758
1	165.006
1	173.67
1	129.884
1	156.479
1	211.602
1	187.057
1	197.8
1	214.312
1	174.165
1	182.743
1	194.2
1	155.581
1	153.299
1	223.202
1	213.606
1	210.547
1	218.351
1	207.571
1	195.251
1	168.916
1	382.051
1	161.594
1	114.31
1	155.043
1	209.347
1	198.652
1	195.76
1	181.03
1	204.241
1	149.694
1	166.873
1	227.296
1	252.207
1	246.176
1	209.462
1	286.063
1	166.938
1	259.865
1	130.133
1	199.843
1	198.242
1	248.458
1	215.026
1	386.824
1	226.809
1	209.259
1	175.093
1	203.483
1	225.082
1	268.395
1	237.352
1	174.663
1	174.086
1	231.447
1	174.76
1	142.891
1	169.142
1	247.934
1	207.76
1	158.596
1	211.017
1	301.985
1	143.21
1	174.159
1	191.388
1	223.241
1	192.771
1	243.955
1	182.385
1	215.274
1	212.468
1	215.552
1	147.597
1	309.164
1	219.672
1	243.229
1	184.978
1	157.826
1	170.488
1	199.228
1	247.241
1	216.105
1	224.496
1	159.059
1	196.967
1	231.553
1	143.011
1	222.024
1	177.726
1	186.799
1	256.998
1	244.311
1	159.668
1	226.448
1	185.378
1	149.748
1	148.562
1	215.981
1	143.527
1	191.379
1	186.52
1	312.387
1	172.714
1	206.332
1	274.841
1	257.925
1	307.221
1	182.033
1	227.236
1	157.589
1	157.463
1	121.36
1	162.686
1	231.232
1	224.969
1	228.065
1	238.089
1	172.56
1	210.78
1	121.254
1	172.172
1	202.555
1	182.79
1	174.958
1	216.329
1	218.792
1	263.547
1	169.791
1	202.252
1	284.418
1	159.374
1	213.687
1	218.93
1	189.402
1	158.691
1	132.891
1	212.145
1	227.755
1	232.869
1	166.959
1	145.966
1	160.503
1	180.736
1	166.384
1	213.299
1	309.583
1	175
1	181.129
1	157.009
1	246.109
1	117.376
1	134.877
1	253.372
1	214.431
1	191.784
1	206.37
1	190.932
1	236.595
1	344.075
1	157.301
1	149.649
1	156.803
1	173.828
1	188.464
1	168.576
1	147.36
1	191.737
1	286.593
1	163.521
1	237.254
1	157.533
1	218.782
1	183.817
1	168.528
1	204.324
1	254.832
1	216.917
1	160.995
1	218.292
1	140.049
1	183.329
1	200.523
1	246.88
1	222.597
1	150.521
1	307.296
1	269.399
1	207.177
1	150.123
1	208.556
1	281.146
1	245.971
1	188.975
1	193.784
1	224.543
1	150.23
1	185.302
1	154.104
1	326.063
1	243.457
1	178.158
1	155.333
1	191.69
1	159.115
1	114.838
1	156.907
1	172.1
1	158.912
1	177.311
1	145.383
1	208.275
1	177.716
1	178.674
1	150.35
1	127.687
1	160.594
1	219.383
1	192.319
1	216.717
1	206.742
1	161.734
1	206.368
1	180.068
1	256.248
1	249.91
1	156.461
1	205.621
1	189.706
1	202.833
1	211.206
1	234.735
1	249.961
1	203.142
1	168.872
1	180.195
1	168.89
1	168.564
1	159.962
1	228.242
1	163.652
1	190.254
1	272.321
1	178.551
1	164.813
1	207.351
1	309.621
1	257.433
1	236.79
1	302.111
1	167.618
1	165.029
1	248.554
1	282.531
1	198.458
1	189.779
1	276.074
1	189.555
1	156.245
1	118.2
1	181.497
1	176.183
1	153.068
1	209.878
1	198.905
1	142.218
1	292.946
1	250.63
1	226.734
1	212.317
1	166.861
1	169.5
1	255.411
1	189.166
1	206.245
1	174.881
1	160.011
1	310.096
1	136.153
1	157.528
1	174.579
1	213.258
1	327.951
1	172.504
1	167.165
1	226.571
1	159.538
1	229.417
1	213.476
1	198.685
1	153.433
1	167.18
1	305.235
1	171.658
1	208.499
1	188.554
1	296.259
1	207.328
1	155.537
1	202.227
1	231.387
1	171.539
1	267.736
1	146.455
1	175.938
1	225.694
1	211.955
1	159.168
1	275.292
1	236.023
1	230.761
1	189.676
1	303.07
1	200.703
1	324.851
1	163.388
1	151.007
1	180.868
1	185.402
1	152.689
1	253.699
1	163.484
1	246.369
1	196.643
0	65.5913
1	322.28
1	289.959
1	210.27
1	358.877
1	168.55
1	180.995
1	206.534
1	138.513
1	166.281
1	175.324
1	214.405
1	148.831
1	158.015
1	174.779
1	131.866
1	142.098
1	174.536
1	153.516
1	221.528
1	174.883
1	184.764
1	232.671
1	183.598
1	149.399
1	215.315
1	179.045
1	238.491
1	223.999
1	272.925
1	161.934
1	203.956
1	238.008
1	165.158
1	173.111
1	188.651
1	183.469
1	169.931
1	212.619
1	175.216
1	200.306
1	162.221
1	240.929
1	231.614
1	302.339
1	173.741
1	179.64
1	275.537
1	192.701
1	263.19
1	142.465
1	242.619
1	217.811
1	201.068
1	247.002
1	203.551
1	207.406
1	215.838
1	149.112
1	159.723
1	186.519
1	246.532
1	134.798
0	48.8387
1	224.872
1	159.81
1	164.336
1	179.994
1	251.443
1	160.766
1	347.48
1	135.845
1	159.364
1	182.013
1	254.445
1	175.337
1	170.105
1	194.766
1	173.383
1	166.515
1	148.117
1	179.293
1	182.868
1	221.874
1	183.639
1	208.029
1	152.318
1	170.834
1	139.094
1	178.392
1	174.419
1	214.224
1	240.853
1	241.98
1	191.196
1	177.263
1	149.157
1	248.012
1	203.469
1	169.221
1	172.485
1	198.881
1	152.764
1	203.667
1	190.47
1	177.679
1	243.076
1	148.055
1	284.071
1	173.46
1	176.45
1	186.518
1	238.044
1	178.499
1	366.513
1	212.753
1	221.745
1	174.449
1	359.616
1	174.259
1	176.917
1	156.765
1	193.363
1	300.758
1	261.03
1	201.833
1	119.251
1	209.918
1	157.253
1	178.078
1	212.102
1	230.015
1	267.28
1	231.155
1	220.582
1	162.962
1	144.209
1	210.379
1	173.605
1	192.763
1	197.838
1	211.446
1	182.799
1	195.96
1	245.996
1	233.006
1	342.386
1	162.088
1	152.353
1	189.072
1	197.102
1	174.989
1	187.401
1	214.105
1	125.172
1	222.43
1	189.897
1	210.548
1	180.397
1	132.459
1	306.204
1	206.471
1	169.428
1	225.123
1	125.536
1	403.18
1	151.412
1	191.629
1	205.545
1	197.685
1	165.937
1	231.928
1	211.242
1	279.401
1	141.972
1	235.816
1	313.476
1	184.271
1	219.548
1	175.18
1	184.249
1	173.485
1	186.781
1	199.534
1	246.366
0	8.07095
0	3.1326
1	211.51
1	214.645
1	207.563
1	251.469
1	237.376
1	275.131
1	176.782
1	276.965
1	176.642
1	189.554
1	313.184
1	196.125
1	196.288
1	157.526
1	223.067
1	173.796
1	223.574
1	178.196
1	195.809
1	181.694
1	175.793
1	155.776
1	130.023
1	258.223
1	225.626
1	378.565
1	180.607
1	183.241
1	234.568
1	192.676
1	232.61
1	159.375
1	225.803
1	184.574
1	172.857
1	156.916
1	184.116
1	163.422
1	184.579
1	188.721
1	161.011
1	202.714
1	323.991
1	230.099
1	208.39
1	156.624
1	208.061
1	165.043
1	149.978
1	374.794
1	232.254
1	258.274
1	264.745
1	189.014
1	175.331
1	245.312
1	211.398
1	241.272
1	172.019
1	136.393
1	240.501
1	163.683
1	261.303
1	175.162
1	189.905
1	169.74
1	252.81
1	161.314
1	191.425
1	220.323
1	287.342
1	275.276
1	168.944
1	217.798
1	190.154
1	154.046
1	139.956
1	219.287
1	264.043
1	242.188
1	254.965
1	168.61
1	195.534
1	157.877
1	146.29
1	182.759
1	182.761
1	145.803
1	177.283
1	147.436
1	174.425
1	186.477
1	242.172
1	170.985
1	280.997
1	185.948
1	275.52
1	168.945
0	7.41101
1	272.468
1	239.39
1	166.076
1	245.323
1	168.524
1	213.277
1	148.017
1	238.084
1	213.302
1	220.671
1	196.393
1	148.189
1	301.737
1	222.02
1	114.556
1	247.879
1	179.375
1	295.202
1	220.272
1	192.846
1	212.546
1	165.86
1	213.197
1	181.596
1	217.214
1	220.883
1	198.418
1	135.302
1	174.288
1	199.926
1	171.465
1	248.047
1	180.379
1	315.647
1	190.155
1	225.431
1	197.266
1	240.57
1	179.113
1	193.913
1	260.338
1	194.001
1	178.088
1	233.888
1	257.478
1	241.14
1	237.934
1	229.155
1	217.024
1	211.628
1	174.124
1	184.662
1	185.669
1	132.5
1	190.119
1	195.677
1	193.561
1	272.578
1	255.888
1	190.654
1	191.001
1	159.152
1	181.807
1	185.516
1	243.756
1	302.773
1	216.826
1	201.778
1	215.21
1	298.75
1	163.393
1	191.158
1	357.182
1	280.501
1	220.43
1	211.897
1	201.481
1	262.844
1	177.285
1	130.932
1	188.581
1	260.23
1	220.689
1	193.507
1	155.216
1	170.901
1	132.117
1	164.25
1	221.504
1	149.286
1	205.417
1	348.891
1	137.587
1	177.698
1	170.586
1	177.241
1	171.5
1	216.821
1	178.089
1	168.279
1	195.753
1	114.485
1	199.865
1	216.262
1	267.253
1	185.035
1	232.235
1	174.496
1	168.701
1	319.738
1	161.198
1	191.141
1	274.016
1	154.18
1	152.417
1	204.097
1	164.458
1	180.467
1	144.752
1	225.762
1	202.453
1	147.858
1	178.14
1	156.952
1	151.85
1	269.117
1	135.887
1	183.169
1	231.683
1	190.199
1	159.63
1	215.586
1	170.579
1	254.703
1	247.796
1	165.27
1	220.42
1	143.916
1	254.619
1	176.603
1	185.924
1	205.422
1	124.34
1	189.851
1	155.089
1	245.679
1	185.493
1	184.385
1	201.96
1	176.093
1	146.291
1	337.991
1	340.026
1	246.909
1	151.262
1	222.365
1	184.035
1	180.7
1	154.854
1	229.993
1	232.816
1	184.758
1	187.769
1	189.485
1	248.962
1	160.162
1	322.95
1	150.234
1	267.082
1	175.847
1	168.25
1	196.208
1	324.146
1	216.788
1	115.86
1	340.255
1	262.285
1	187.127
1	155.767
1	225.135
1	193.44
1	139.975
1	270.808
1	184.908
1	142.403
1	187.337
1	243.648
1	168.837
1	281.517
1	149.445
1	170.936
1	236.884
1	294.844
1	144.143
1	251.109
1	178.546
1	241.903
1	202.38
1	186.04
1	225.242
1	241.588
1	182.153
1	274.235
1	392.725
1	257.042
1	196.061
1	243.937
1	146.097
1	177.987
1	166.155
1	136.693
1	125.744
1	187.709
1	159.501
1	314.106
1	204.214
1	118.58
1	177.276
1	252.18
1	151.522
1	196.56
1	160.358
1	253.729
1	187.868
1	222.274
1	173.263
1	221.808
1	273.739
1	214.099
1	206.118
1	183.117
1	181.59
1	372.218
1	164.403
1	308.78
1	194.615
1	175.836
1	231.138
1	189.707
1	198.662
1	196.805
1	142.29
1	187.838
1	190.938
1	206.387
1	180.816
1	155.197
1	132.884
1	180.994
1	219.804
1	241.992
1	214.489
1	212.978
1	262.371
1	260.862
1	175.387
1	251.997
1	211.424
1	141.416
1	165.472
1	429.6
1	217.572
1	250.632
1	384.929
1	220.197
1	286.041
1	148.655
1	182.153
1	229.186
1	205.086
1	218.634
1	199.216
1	219.085
1	222.533
1	150.744
1	168.753
1	117.189
1	218.991
1	178.576
1	212.944
1	147.031
1	176.969
1	211.454
1	282.279
1	221.155
1	265.55
1	178.951
1	216.114
1	178.976
1	284.382
1	213.812
1	238.392
1	184.644
1	209.281
1	181.502
1	148.812
1	163.291
1	200.789
1	178.797
0	23.6899
1	187.341
1	260.599
1	159.428
1	192.817
1	335.543
1	278.913
1	130.073
1	159.697
1	196.529
1	222.702
1	109.093
1	170.714
1	185.783
1	193.937
1	166.423
1	133.521
1	236.938
1	216.051
1	176.184
1	220.443
1	287.377
1	196.082
1	230.242
1	232.829
1	173.304
1	173.959
1	185.683
1	162.385
1	378.327
1	176.635
1	174.522
1	191.6
1	143.969
1	158.454
1	212.726
1	241.849
1	225.702
1	205.995
1	213.023
1	205.857
1	175.02
1	242.871
1	209.967
1	318.973
1	218.307
1	169.065
1	213.771
1	195.62
1	213.662
1	229.529
1	206.113
1	157.008
1	280.181
1	137.828
1	215.6
1	194.022
1	162.258
1	215.67
1	250.953
1	257.628
1	210.305
1	141.649
1	152.246
1	182.721
1	184.856
1	178.37
1	144.923
1	284.857
1	122.853
1	209.214
1	206.682
1	181.325
1	195.242
1	187.093
1	138.494
1	168.066
1	173.78
1	219.414
1	246.171
1	317.607
1	141.753
1	228.063
1	221.293
1	274.734
1	130.679
1	193.113
1	203.71
1	209.756
1	204.205
1	149.525
1	197.851
1	212.647
1	316.645
1	183.403
1	192.992
1	126.074
1	184.426
1	146.429
1	168.765
1	212.784
1	330.761
1	236.043
1	244.886
1	283.473
1	229.72
1	144.848
1	186.412
1	146.696
1	126.527
1	183.91
1	204.088
1	145.959
1	174.209
1	213.083
1	184.292
1	170.773
1	160.624
1	200.843
1	194.844
1	157.895
1	225.585
1	284.937
1	226.871
1	207.19
1	256.84
1	183.681
1	197.099
1	150.037
1	191.061
1	179.909
1	184.784
1	281.171
1	147.486
1	172.24
1	200.056
1	178.874
1	200.607
1	195.979
1	141.091
1	329.264
1	411.087
1	168.547
1	257.596
1	177.644
1	233.969
1	248.183
1	261.268
1	276.437
1	211.626
1	201.916
1	194.41
1	260.354
1	222.423
1	233.239
1	212.475
1	207.346
1	121.082
1	229.24
1	209.156
1	250.604
1	155.621
1	275.671
1	244.429
1	229.6
1	201.251
1	251.151
1	254.145
1	144.286
1	207.068
1	183.261
1	153.589
1	178.66
1	223.711
1	202.506
1	130.535
1	229.052
1	298.902
1	170.509
1	309.353
1	217.948
0	21.1713
1	192.174
1	214.731
1	154.896
1	249.899
1	196.184
1	260.409
1	145.825
1	182.924
1	226.83
1	170.776
1	175.607
1	145.928
1	209.636
1	336.385
1	158.287
1	390.96
1	283.839
1	242.137
1	276.043
1	157.328
1	271.373
1	174.211
1	155.636
1	221.097
1	190.099
1	211.702
1	239.641
1	157.998
1	185.501
1	221.186
1	225.743
1	160.431
1	219.209
1	224.976
1	200.893
1	182.64
1	268.464
1	139.94
1	182.951
1	229.374
1	218.327
1	188.443
1	161.483
1	210.391
1	226.02
1	203.01
1	248.502
1	146.695
1	174.5
1	255.214
1	197.987
1	288.211
1	175.802
1	152.608
1	157.611
1	251.401
1	184.841
1	278.416
1	166.677
1	179.769
1	288.487
1	178.301
1	145.958
1	336.519
1	341.314
1	219.682
1	203.978
1	119.438
1	196.303
1	162.498
1	150.269
1	192.212
1	189.368
1	168.935
1	139.722
1	258.213
1	141.076
1	148.534
1	209.428
1	237.215
0	30.0389
1	218.071
1	284.484
1	163.778
1	175.919
1	125.692
1	150.661
1	292.655
1	111.649
1	205.352
1	191.554
1	311.059
1	172.011
1	314.384
1	208.02
1	194.104
1	143.38
1	178.387
1	210.985
1	213.531
1	145.047
1	198.463
1	243.289
1	135.111
1	200.193
1	242.34
1	192.643
1	237.927
1	141.813
1	368.902
1	146.286
1	264.2
1	192.16
1	156.64
1	173.145
1	196.572
1	188.723
1	281.323
1	156.362
1	247.045
1	165.453
1	181.88
1	155.939
1	203.497
1	154.571
1	174.933
1	208.827
1	171.682
1	224.602
1	157.86
1	175.523
1	211.223
1	167.523
1	181.519
1	209.524
1	220.242
1	243.497
1	140.62
1	201.651
1	183.741
1	143.95
1	194.522
1	307.337
1	231.905
1	322.008
1	139.386
1	138.573
1	223.304
1	228.796
1	228.706
1	204.651
1	167.868
1	192.545
1	184.401
1	255.069
1	178.01
1	124.145
1	189.037
1	229.672
1	141.77
1	169.251
1	238.891
1	148.789
1	281.337
1	182.734
1	175.971
1	161.556
1	250.346
1	155.856
1	216.758
1	183.828
1	123.282
1	169.739
1	174.699
1	204.958
1	188.017
1	124.373
1	183.415
1	311.314
1	203.648
1	260.281
1	170.257
1	165.892
1	235.885
1	246.55
1	244.376
1	207.227
1	206.151
1	171.107
1	191.78
1	122.569
1	275.548
1	283.692
1	221.938
1	241.861
1	123.319
1	134.277
1	292.421
1	219.151
1	202.932
1	224.045
1	160.709
1	204.243
1	230.918
1	222.509
1	270.389
1	190.959
1	197.016
1	159.619
1	204.167
1	242.357
1	141.66
1	150.635
1	154.545
1	204.68
1	194.231
1	216.354
1	157.288
1	170.961
1	200.109
1	165.359
1	149.768
1	230.206
1	182.874
1	154.579
1	243.482
1	193.189
1	199.655
1	152.062
1	209.105
1	199.211
1	167.03
1	280.939
1	203.325
1	139.653
1	236.311
1	161.358
1	211.013
1	113.371
1	212.111
1	122.314
1	161.216
1	231.377
1	164.547
1	201.085
1	160.165
1	134.862
1	141.955
1	202.141
1	191.284
1	212.799
1	198.92
1	239.941
1	215.927
1	212.899
1	214.958
1	281.457
1	277.965
1	238.901
1	312.13
1	262.286
1	244.644
1	325.285
1	196.38
1	205.503
1	216.131
1	195.198
1	151.893
1	220.582
1	129.553
1	206.636
1	174.004
1	150.948
1	239.086
1	223.222
1	191.311
1	264.319
1	177.12
1	197.25
1	143.499
1	227.515
1	210.598
1	234.166
1	201.325
1	182.675
1	225.102
1	299.815
1	175.196
1	134.287
1	246.963
1	138.711
1	175.939
1	174.567
1	187.904
1	231.626
1	175.34
1	158.771
1	157.446
1	241.542
1	216.877
1	149.861
0	25.5376
1	164.933
1	162.25
1	188.975
1	212.809
1	168.502
1	184.668
1	189.209
1	158.948
1	175.449
1	248.499
1	179.902
1	192.032
1	208.376
1	145.317
1	170.484
1	195.371
1	206.441
1	180.393
1	185.293
1	180.779
1	126.723
1	142.423
1	230.635
1	178.076
1	365.362
1	191.32
1	179.252
1	223.317
1	165.911
1	187.884
1	233.205
1	229.21
1	128.738
1	240.193
1	221.876
1	215.393
1	200.517
1	208.026
1	154.411
1	252.006
1	362.917
1	123.674
1	175.852
1	174.801
1	164.181
1	269.204
1	195.403
1	186.173
1	161.599
1	208.432
1	144.992
1	206.073
1	219.815
1	184.23
1	145.003
1	231.756
1	217.04
1	169.664
1	247.318
1	169.136
1	215.955
1	251.098
1	199
1	137.868
1	200.367
1	208.021
1	196.486
1	293.637
1	211.286
1	292.655
1	171.785
1	176.07
1	126.799
1	285.024
1	195.712
1	201.871
1	201.678
1	271.852
1	211.281
1	247.791
1	178.744
1	201.572
1	313.204
1	198.271
1	204.71
1	228.838
1	227.293
1	205.019
1	249.392
1	189.14
0	89.6968
1	193.138
1	205.998
1	236.39
1	203.709
1	197.845
0	38.9798
1	220.18
1	256.366
1	224.689
1	189.946
1	191.524
1	145.779
1	252.567
1	315.312
1	284.523
1	245.807
1	197.502
1	137.848
1	201.559
1	167.254
1	238.337
1	202.982
1	249.837
1	170.806
1	255.586
1	122.989
1	161.052
1	153.454
1	256.616
1	256.924
1	235.392
1	201.778
1	312.699
1	134.761
1	212.175
1	229.248
1	122.973
1	200.516
1	175.285
1	134.667
1	146.481
1	198.42
1	302.169
1	124.764
1	395.773
1	245.474
1	169.537
1	181.79
1	160.997
1	216.853
1	161.179
1	180.002
1	196.88
1	226.718
1	174.139
1	180.345
1	185.518
1	157.453
1	151.777
1	197.912
1	148.057
1	198.856
1	295.662
1	214.083
1	207.805
1	319.914
1	162.738
1	188.828
1	236.909
1	145.261
1	168.277
1	160.161
1	169.994
1	237.451
1	196.387
1	280.417
1	212.227
1	173.247
1	244.366
1	303.496
1	147.829
1	183.776
1	256.462
1	178.717
1	186.039
1	224.19
1	314.132
1	212.433
1	308.982
1	200.394
1	231.263
1	197.157
1	159.982
1	243.322
1	265.205
1	190.491
1	148.062
1	214.895
1	208.205
1	171.696
1	226.997
1	174.009
1	195.819
1	262.557
1	185.121
1	230.454
1	156.534
1	142.561
1	212.755
1	164.018
1	264.936
1	129.568
1	157.179
1	181.413
1	241.899
1	176.966
1	196.703
1	201.69
1	208.108
1	282.133
1	205.785
1	135.688
1	179.523
1	133.882
1	176.959
1	143.414
1	167.554
1	132.448
1	161.14
1	185.671
1	134.205
1	218.697
0	0.201846
1	186.407
1	304.076
1	204.576
1	233.584
1	231.261
1	194.685
1	280.346
1	151.022
1	219.291
1	168.133
1	178.032
1	192.733
1	126.966
1	274.219
1	219.026
1	227.993
1	296.436
1	206.813
1	173.112
1	146.123
1	168.068
1	170.23
1	130.212
1	237.568
1	162.507
1	169.284
1	217.144
1	170.971
1	188.442
1	164.364
1	149.51
1	233.416
1	171.501
1	170.149
1	354.243
1	156.743
1	212.992
1	186.514
1	118.299
1	240.754
1	259.344
1	179.834
1	198.437
1	181.074
1	233.019
1	317.424
1	195.823
1	201.786
1	267.881
1	225.158
1	163.599
1	218.065
1	247.458
1	218.14
1	276.795
1	218.552
1	330.054
1	183.425
1	162.805
1	137.416
1	153.682
1	286.606
1	199.052
1	215.924
1	229.268
1	208.096
1	149.193
1	134.918
1	178.4
1	286.8
1	197.831
1	175.485
1	154.292
1	189.13
1	279.633
1	222.562
1	175.559
1	139.624
1	188.347
1	161.011
1	217.244
1	216.661
1	341.468
0	11.9603
1	119.368
1	289.457
1	133.1
1	204.696
1	228.546
1	132.711
1	216.78
1	176.517
1	168.627
1	228.614
1	229.213
1	267.507
1	155.742
1	182.789
1	225.354
1	146.607
1	228.039
1	158.403
1	201.787
1	154.275
0	5.26165
1	159.713
1	178.578
1	131.666
1	186.548
1	241.75
1	328.354
1	169.874
1	314.846
1	183.289
1	168.464
1	212.847
1	301.511
1	297.179
1	151.125
1	219.251
1	211.63
1	165.827
1	143.419
1	342.673
0	17.8646
1	183.324
1	322.674
1	221.096
1	227.551
1	149.168
1	161.286
1	160.684
1	188.866
1	159.272
1	180.228
1	182.745
1	190.156
1	290.276
1	173.583
1	177.686
1	244.375
1	156.706
1	164.336
1	256.341
1	178.599
1	228.482
1	227.218
1	168.808
1	228.438
1	223.494
1	276.997
1	205.563
1	248.912
1	127.154
1	329.424
1	156.661
1	165.916
1	149.576
1	258.65
1	153.035
1	354.125
1	199.58
1	185.432
1	182.512
1	291.944
1	276.424
1	138.674
1	165.273
1	142.203
1	157.45
1	147.237
1	262.655
1	123.311
1	263.148
1	202.452
1	252.523
1	206.417
1	216.463
1	159.27
1	221.298
1	223.219
1	236.281
1	232.119
1	300.432
1	268.71
1	180.012
1	224.982
1	170.196
1	249.656
1	185.326
1	173.113
1	256.356
1	226.84
1	220.442
1	328.9
1	259.802
1	153.395
1	230.02
1	170.139
1	178.82
1	213.229
1	149.389
1	161.839
1	254.876
1	199.159
1	248.071
1	177.526
1	170.417
1	250.964
1	203.009
1	195.205
1	167.688
1	256.165
1	203.339
1	259.66
1	171.942
1	150.013
1	230.628
1	120.394
1	277.831
1	157.649
1	235.649
1	137.438
1	178.872
1	153.043
1	117.301
1	219.617
1	249.577
1	178.527
1	273.944
1	143.408
1	244.22
1	180.791
1	165.923
1	206.039
1	210.338
1	195.087
1	129.46
1	246.906
1	214.339
1	183.211
1	162.56
1	208.698
1	131.239
1	253.23
1	181.423
1	158.709
1	159.442
1	172.568
1	237.956
1	197.257
1	162.682
1	265.745
1	246.484
1	228.509
1	167.661
1	271.515
1	233.307
1	212.625
1	222.731
1	164.292
1	203.814
1	191.698
1	269.889
1	204.536
1	154.163
1	214.055
1	224.725
1	268.782
1	207.032
1	100.109
1	241.061
1	163.903
1	242.463
1	185.148
1	192.274
1	147.509
1	313.771
1	144.912
1	217.167
1	140.125
1	240.394
1	277.548
1	310.849
1	222.012
1	201.941
1	147.603
1	176.997
1	227.496
1	180.294
1	233.378
1	175.112
1	155.031
1	187.514
1	231.477
1	220.07
1	207.611
1	166.693
1	152.023
1	135.186
1	256.934
1	163.305
1	225.452
1	165.603
1	206.996
1	243.995
1	164.952
1	167.236
1	243.482
1	180.026
1	163.698
1	255.017
1	193.832
1	181.473
1	186.294
1	146.278
1	208.973
1	188.536
1	258.709
1	163.295
1	187.013
1	211.521
1	275.148
1	264.068
1	207.306
1	187.382
1	143.871
1	215.839
1	188.267
1	157.441
1	209.766
1	180.797
1	134.459
1	204.967
1	123.632
1	214.19
1	149.22
1	225.436
1	195.594
1	201.785
1	160.832
1	192.472
1	139.345
1	194.395
1	187.91
1	156.788
1	193.362
1	310.424
1	211.377
1	150.945
1	214.457
1	193.472
1	128.797
1	236.583
1	215.198
1	188.409
1	176.595
1	190.728
1	228.467
1	187.004
1	165.787
1	309.972
1	131.967
1	149.061
1	240.989
1	329.737
1	165.041
1	193.753
1	236.658
1	141.808
1	133.989
1	158.897
1	151.979
1	133.269
1	210.909
1	156.711
1	250.806
1	132.016
1	207.922
1	236.159
1	196.804
1	179.129
1	144.917
1	140.251
1	187.113
1	264.222
1	251.533
1	181.774
1	148.042
1	168.242
1	179.683
1	188.62
1	312.181
1	142.679
1	184.63
1	272.635
1	206.21
1	185.05
1	283.973
1	147.98
1	264.003
1	179.323
1	315.034
1	148.962
1	169.434
1	162.666
1	230.472
1	213.007
1	187.845
1	206.896
1	205.999
1	153.487
1	245.842
0	14.0573
1	171.624
1	172.52
1	187.462
1	164.901
1	362.457
1	228.15
1	182.543
1	149.896
1	129.854
1	145.506
1	121.912
1	169.833
1	154.207
1	193.905
1	145.378
1	197.209
1	166.498
1	152.437
1	249.707
1	179.267
1	218.793
1	163.785
1	142.665
1	224.574
1	142.835
1	142.796
1	155.685
1	203.821
1	180.843
1	302.643
1	171.599
1	264.531
1	147.065
1	189.579
1	260.038
1	122.808
1	166.146
1	160.249
1	152.622
1	247.441
1	149.994
1	197.512
1	155.318
1	198.838
0	135.038
1	198.127
1	142.124
1	277.863
1	152.933
1	137.225
1	143.24
1	258.567
1	197.778
1	215.955
1	178.895
1	234.688
1	194.659
1	127.123
1	129.669
1	301.952
1	148.47
0	19.7859
1	213.811
1	252.426
1	237.833
1	292.764
1	184.39
1	237.798
1	202.385
1	172.99
1	176.452
1	191.07
1	161.768
1	253.277
1	318.169
1	225.634
1	206.729
1	185.583
1	198.246
1	183.875
1	196.281
1	169.436
1	277.823
1	196.713
1	166.856
1	175.68
1	209.992
1	156.185
1	192.344
1	223.826
1	182.454
1	232.245
1	217.884
1	207.341
1	210.908
1	221.342
1	198.124
1	221.988
1	281.456
1	210.855
1	167.211
1	168.423
1	187.205
1	177.405
1	134.834
1	228.021
1	167.912
1	144.394
1	174.793
1	134.419
1	143.382
1	264.292
1	184.663
1	195.432
1	172.8
1	265.447
1	173.583
1	146.187
1	210.479
1	156.628
1	139.024
1	200.292
1	200.456
1	154.171
0	4.92581
1	115.231
1	207.923
1	180.669
1	262.267
1	195.242
1	137.158
1	255.977
1	191.682
1	263.573
1	120.871
1	202.643
1	289.744
1	246.176
1	234.027
1	159.609
1	215.536
1	169.403
1	172.962
1	148.829
1	148.494
1	193.118
1	171.033
1	242.824
1	159.896
1	253.984
1	333.708
1	137.181
1	158.547
1	187.051
1	197.167
1	237.848
1	147.588
1	150.846
1	175.784
1	156.637
1	255.338
1	147.785
1	122.61
1	205.595
1	236.661
1	210.409
1	251.186
1	126.494
1	192.621
1	445.101
1	295.866
1	318.326
1	176.776
1	165.961
1	253.069
1	162.677
1	358.913
1	191.184
1	171.602
1	234.154
1	140.424
1	353.957
1	197.801
1	225.306
1	190.607
1	174.591
1	165.867
1	275.112
1	164.575
1	219.975
1	200.732
1	229.685
1	233.018
1	253.942
1	149.966
1	186.145
1	244.08
1	284.709
1	181.429
1	416.978
1	168.285
1	239.315
1	154.603
1	199.797
1	175.499
1	165.914
1	146.925
1	172.165
1	179.643
1	185.076
1	172.168
1	246.347
1	171.929
1	153.943
1	179.131
1	175.45
1	201.532
1	152.341
1	138.166
1	171.662
0	12.2755
1	278.622
1	188.186
1	221.807
1	182.556
1	269.224
1	183.601
1	198.789
1	196.482
1	243.232
1	210.199
1	223.636
1	225.589
1	174.846
1	157.505
1	142.964
1	236.668
1	225.311
1	127.075
1	184.924
1	209.732
1	226.913
1	193.244
1	174.7
1	221.272
1	158.633
1	146.744
1	260.334
1	173.375
1	249.767
1	175.993
1	182.868
1	162.968
1	311.043
1	190.025
1	172.265
1	222.453
1	205.915
1	189.984
1	216.407
1	145.593
1	251.115
1	189.526
1	187.712
1	153.864
1	218.803
1	195.328
1	183.195
1	218.205
1	192.974
1	212.33
1	265.025
1	230.398
1	174.883
1	258.601
1	288.324
1	151.304
1	220.083
1	130.33
1	190.518
1	341.184
1	213.007
1	238.36
1	149.724
1	174.289
1	238.476
1	212.722
1	158.862
1	216.336
1	251.824
1	132.151
1	143.307
1	171.102
1	160.041
1	574.092
1	218.47
1	236.911
1	184.672
0	78.1636
1	228.415
1	146.967
1	193.382
1	207.554
1	195.415
1	200.341
1	184.206
1	263.164
1	173.923
1	257.511
1	305.04
1	162.071
1	207.656
1	243.245
1	217.565
1	240.508
1	115.445
1	187.76
1	256.359
1	139.585
1	262.475
1	176.406
1	180.849
1	209.832
1	189.351
1	177.843
1	343.016
1	173.554
1	133.888
1	262.939
1	220.866
1	163.091
1	179.552
1	210.328
1	160.154
1	317.939
1	186.306
1	153.87
1	186.637
1	155.402
1	184.155
1	282.408
1	203.946
1	205.367
1	189.663
1	359.362
1	128.146
1	201.155
1	148.898
1	183.163
1	167.863
1	144.6
1	154.831
1	241.421
1	207.505
1	174.637
1	139.831
1	166.342
1	149.306
1	204.396
1	158.883
1	135.552
1	133.161
1	200.69
1	173.34
1	198.633
1	195.219
1	196.923
1	206.424
1	139.544
1	192.082
1	153.5
1	165.125
1	213.431
1	180.629
1	248.587
1	182.623
1	202.115
1	179.98
1	156.421
1	190.885
1	211.062
1	195.719
1	150.025
1	171.174
1	139.465
1	201.418
1	182.452
1	176.004
1	136.94
1	193.108
1	309.606
1	201.669
1	212.801
1	264.375
1	474.82
1	176.102
1	205.858
1	190.148
1	353.722
1	170.072
1	160.766
1	177.769
1	183.978
1	171.397
1	202.497
1	177.483
1	175.241
1	282.972
1	247.383
1	302.52
1	202.615
1	132.326
1	289.082
1	173.554
1	204.811
1	237.597
1	183.335
1	152.156
1	178.612
1	254.645
1	151.478
1	191.794
1	215.092
1	138.604
1	164.667
1	214.662
1	203.68
1	199.883
1	156.854
1	197.052
1	276.758
1	195.971
1	185.276
1	191.584
1	237.144
1	299.454
1	192.556
1	238.692
1	182.751
1	291.727
1	231.937
1	190.522
1	155.884
1	145.012
1	250.467
1	238.253
1	164.443
1	250.124
0	48.8989
1	234.353
1	233.61
1	182.467
1	207.529
1	193.013
1	167.897
1	198.599
1	188.32
1	333.215
1	179.469
1	276.7
1	199.569
1	158.364
1	204.471
1	250.023
1	121.215
1	256.912
1	226.324
1	145.247
1	140.343
1	189.307
1	139.293
1	252.632
1	199.065
1	193.462
1	214.412
1	214.718
1	337.293
1	211.919
1	185.643
1	191.853
1	203.603
1	194.299
1	219.901
1	263.918
1	192.262
1	181.63
0	51.219
0	50.321
1	246.737
1	155.328
1	403.123
1	236.253
1	127.584
1	264.121
1	297.808
1	155.521
1	210.495
1	183.171
1	175
1	119.899
1	231.129
1	162.412
1	167.662
1	183.983
1	177.703
1	169.839
1	188.295
1	244.736
1	244.726
1	169.974
1	153.812
1	177.262
1	173.499
1	161.786
1	319.222
1	166.303
1	154.928
1	261.056
1	199.261
1	167.702
1	145.321
1	214.723
1	142.797
1	189.591
1	232.158
1	182.456
1	232.004
1	241.395
1	226.866
1	147.855
1	165.64
1	184.248
1	213.262
1	192.669
1	251.764
1	182.597
1	203.386
1	212.425
1	165.555
1	195.589
1	163.124
1	174.77
1	275.939
1	232.452
1	256.74
1	230.903
1	190.69
1	234.707
1	224.078
1	229.958
1	229.948
1	207.56
1	320.978
1	175.848
1	241.702
1	234.016
1	161.139
1	224.89
1	164.715
1	194.019
1	152.065
1	164.79
1	222.819
1	171.979
1	298.771
1	166.858
1	171.659
1	208.492
1	207.805
1	209.994
1	175.357
1	199.314
1	204.944
1	156.141
1	244.389
1	139.584
1	323.37
1	225.177
1	197.461
1	169.904
1	189.877
1	203.52
1	202.043
1	148.024
1	226.089
1	251.679
1	278.563
1	167.367
1	145.874
1	171.659
1	196.761
1	216.995
1	192.602
1	155.221
1	202.056
1	225.526
1	199.371
1	170.906
1	154.202
1	359.887
1	228.923
1	193.392
1	190.579
1	230.167
1	369.266
1	204.286
1	189.208
1	150.934
1	143.218
1	182.347
1	152.792
1	189.594
1	211.181
1	242.396
1	238.238
1	147.114
1	307.55
1	163.964
1	216.72
1	196.654
1	200.501
1	131.101
1	199.589
1	151.281
1	191.925
1	221.339
1	198.258
1	192.51
1	177.885
1	174.886
1	161.951
1	162.825
1	223.598
1	95.0589
1	244.72
1	204.942
1	178.281
1	268.846
1	192.653
1	247.043
1	192.376
1	241.782
1	139.967
1	128.375
1	194.903
1	177.964
1	243.271
1	269.805
1	185.347
1	172.303
1	229.862
1	175.84
1	163.275
1	176.542
1	153.585
1	216.25
1	208.315
1	176.556
1	226.017
1	133.658
1	275.693
1	180.635
1	202.741
1	328.924
1	226.826
1	247.982
1	199.026
1	179.609
1	233.052
1	164.466
1	169.185
1	191.708
1	229.645
1	164.569
1	182.119
1	169.684
1	231.129
1	222.535
1	241.964
1	254.19
1	232.111
0	54.2477
1	213.27
1	259.808
1	190.441
1	225.161
1	270.746
1	262.954
1	201.878
1	163.227
1	423.661
1	162.545
1	216.627
0	14.6786
1	159.337
1	195.53
1	188.613
1	220.277
1	181.454
1	164.561
1	246.945
1	268.412
1	233.607
1	338.384
1	188.454
1	208.563
1	222.716
1	301.623
1	142.356
1	158.234
1	179.933
1	202.839
1	188.963
1	151.886
1	209.001
1	200.399
1	157.904
1	185.863
1	222.743
1	218.526
1	233.733
1	133.911
1	199.849
1	275.867
1	197.51
1	236.145
1	177.148
1	192.073
1	256.502
1	265.29
1	212.475
1	239.111
1	203.689
1	194.342
1	148.397
1	222.679
1	194.851
1	187.629
1	298.208
1	200.734
1	163.955
1	155.367
1	218.474
1	210.103
1	285.463
1	157.04
1	180.793
1	236.55
1	217.254
1	208.177
1	208.55
1	167.04
1	375.353
1	206.231
1	185.937
1	215.266
1	285.059
1	172.932
1	187.826
1	181.44
1	295.413
1	205.072
1	328.031
1	215.973
1	143.565
1	197.283
1	139.243
1	169.293
1	236.352
1	194.97
0	8.69298
1	230.374
1	209.419
1	209.791
1	260.734
1	158.096
1	206.586
1	194.469
1	127.465
1	244.425
1	214.273
1	218.675
1	252.117
1	201.651
1	141.506
1	150.402
1	224.196
1	210.387
1	247.825
1	172.946
1	229.384
1	286.639
1	215.653
1	153.293
1	186.442
1	187.01
1	246.166
1	180.226
1	242.322
0	0.564966
1	160.629
1	225.545
1	206.223
1	187.808
1	231.339
1	189.472
1	229.816
1	140.113
1	182.283
1	203.593
1	231.488
1	204.63
1	192.489
1	264.687
1	149.47
1	274.15
1	217.31
1	134.73
1	159.405
1	152.628
1	152.888
1	226.32
0	5.68616
1	295.839
1	211.476
1	250.185
1	252.054
1	180.228
1	154.332
1	215.425
1	186.261
1	289.625
1	258.812
1	253.637
1	156.869
1	158.087
1	264.641
1	238.218
1	213.272
1	214.189
1	173.135
1	188.77
1	177.031
1	191.214
1	173.228
1	178.108
1	143.701
1	136.548
1	191.162
1	202.722
1	232.055
1	136.277
1	153.728
1	217.428
1	248.999
1	144.738
1	275.091
1	233.805
1	330.983
1	189.717
1	254.08
1	239.498
1	171.631
1	224.706
1	168.574
1	157.256
1	166.397
1	370.053
1	153.321
1	287.275
1	313.308
1	311.656
1	225.033
1	164.738
1	170.605
1	236.009
1	147.403
1	284.484
1	246.729
1	251.149
1	211.934
1	253.966
1	187.809
1	194.87
1	133.964
1	196.68
1	191.254
1	167.952
1	201.264
1	224.843
1	245.342
1	181.431
1	181.308
1	331.067
1	172.675
1	187.606
1	182.29
1	202.122
1	196.99
1	268.247
1	117.82
1	114.349
1	163.49
1	214.655
1	277.697
1	205.21
1	216.044
1	166.289
1	276.646
1	140.728
1	147.729
1	204.765
1	247.869
1	219.322
1	163.558
1	192.631
1	289.224
1	253.007
1	310.485
1	182.528
1	188.048
1	196.325
1	216.021
1	190.539
1	189.373
1	177.689
1	150.676
1	246.505
1	185.424
1	274.468
1	167.407
1	138.255
1	226.498
1	192.281
1	172.757
1	238.588
1	128.623
1	157.407
1	108.714
1	224.345
1	334.182
1	144.551
1	162.389
1	193.521
1	155.808
1	173.962
1	124.591
1	147.336
1	190.14
1	149.881
1	265.699
1	298.933
1	232.219
1	207.475
1	175.647
1	262.66
1	155.03
1	222.433
1	174.412
1	251.496
1	183.457
1	302.561
1	185.687
1	162.703
1	201.087
1	269.46
1	257.035
1	364.806
1	171.902
1	190.424
1	190.896
1	292.253
1	141.72
1	196.776
1	149.296
1	223.906
1	164.998
1	160.117
1	141.857
1	160.355
1	171.997
1	193.782
1	173.711
1	250.378
1	204.448
1	234.577
1	195.732
1	163.763
1	274.205
1	227.27
1	139.917
1	145.034
1	142.523
1	188.139
1	151.99
1	227.715
1	156.696
1	202.048
1	192.635
1	221.522
1	221.112
1	244.523
1	210.513
1	187.541
1	170.349
0	21.3351
1	235.756
1	267.659
1	135.392
1	225.236
1	179.508
1	189.363
1	199.379
1	157.189
1	193.397
1	221.852
1	208.876
1	144.337
1	198.193
1	255.823
1	189.829
1	241.707
1	192.946
1	222.067
1	303.135
1	202.374
1	194.569
1	179.025
1	186.344
1	172.219
1	195.779
1	176.477
1	164.87
1	193
1	225.505
1	207.94
1	190.772
1	200.848
1	211.346
1	237.477
1	214.817
1	248.706
1	254.362
1	197.399
1	192.087
1	157.158
1	224.713
1	291.825
1	196.547
1	194.562
1	218.122
1	258.115
1	154.84
1	200.342
1	177.924
1	153.011
1	231.136
1	206.222
1	205.899
1	174.509
1	150.231
1	358.263
1	204.724
1	141.942
1	134.685
1	167.842
1	125.051
1	132.534
1	200.096
1	151.327
1	281.041
1	169.665
1	224.172
1	233.027
1	254.182
1	155.183
1	145.812
1	191.107
1	159.697
1	199.829
1	174.235
1	143.065
1	182.088
1	167.925
1	175.537
1	220.651
1	136.39
1	179.218
1	264.377
1	225.435
1	129.517
1	140.436
1	183.691
1	147.109
1	174.199
1	208.541
1	322.155
1	218.99
1	157.009
1	148.209
1	175.416
1	202.023
1	236.437
0	70.4987
1	202.333
1	223.414
1	182.669
1	355.714
1	179.093
1	146.336
1	225.766
1	212.597
1	185.956
1	211.479
1	202.483
1	234.028
1	161.197
1	198.332
1	181.131
1	258.614
1	159.025
1	122.356
1	281.572
1	232.051
1	266.503
1	252.233
1	144.101
1	131.879
1	175.961
1	225.37
1	264.121
1	274.056
1	173.173
1	189.484
1	174.686
1	253.669
1	215.025
1	201.191
1	186.788
1	160.782
1	322.154
1	272.402
1	173.364
1	230.394
1	160.611
1	178.526
1	146.457
1	150.319
1	192.45
1	273.544
1	210.991
1	171.947
1	270.928
1	193.664
1	256.295
1	205.323
1	154.61
1	226.42
1	206.758
1	193.02
1	185.184
1	153.35
1	187.282
1	174.056
1	245.548
1	255.608
1	207.883
1	169.566
1	195.347
1	469.383
1	182.186
1	245.233
1	153.259
1	136.219
1	192.329
1	180.387
1	164.394
1	226.822
1	204.196
1	219.494
1	143.045
1	235.297
1	199.494
1	286.111
1	212.473
1	236.936
1	392.219
1	336.986
1	169.761
1	252.646
1	153.71
1	203.741
1	192.525
1	222.218
0	49.9543
1	173.684
1	150.855
1	141.304
1	191.616
1	382.359
1	166.332
1	211.54
1	257.545
1	156.35
1	256.22
1	158.423
1	187.191
1	180.431
1	130.603
1	256.792
1	228.17
1	240.035
1	246.233
1	163.103
1	200.619
1	212.464
1	163.605
1	155.185
1	250.692
1	232.7
1	199.941
1	173.973
1	149.929
1	172.88
1	223.763
1	239.365
1	232.494
1	175.955
0	8.62117
1	195.51
1	166.101
1	168.813
1	239.096
1	202.366
1	129.96
1	192.672
1	234.669
1	185.911
1	188.306
1	147.646
1	161.121
1	173.118
1	192.452
1	168.375
1	136.856
1	201.12
1	135.896
1	241.89
1	249.562
1	125.488
1	215.735
1	300.34
1	174.929
1	141.73
1	136.363
1	226.623
1	172.257
1	199.158
1	169.522
1	200.351
1	196.158
1	175.056
1	157.847
1	126.181
1	164.244
1	219.921
1	149.515
1	192.595
1	223.099
1	183.774
1	285.897
1	185.267
1	167.545
1	162.056
1	341.963
1	191.527
1	149.582
1	159.617
1	199.751
1	192.374
1	178.018
1	177.789
1	200.206
1	172.509
1	187.351
1	207.083
1	295.249
1	276.513
1	193.199
1	322.138
1	241.805
1	256.238
1	135.416
1	219.591
1	148.995
1	153.621
1	244.733
1	220.005
1	250.793
1	232.322
1	336.123
1	192.454
1	189.069
1	140.09
1	193.635
1	170.31
1	178.039
1	145.568
1	180.559
1	215.002
1	158.195
0	28.2547
1	216.708
1	193.292
1	150.81
1	156.145
1	318.633
1	283.312
1	198.45
1	254.254
1	222.69
1	156.065
1	194.308
1	150.142
1	187.884
1	138.235
1	172.446
1	190.462
1	228.25
1	247.898
1	187.891
1	206.785
1	282.633
1	166.657
1	145.067
1	131.236
1	217.385
1	302.566
1	276.184
1	174.741
1	151.271
1	267.502
1	163.883
1	182.847
1	233.947
1	179.161
1	181.586
1	217.331
1	157.63
1	165.609
1	332.802
1	170.008
1	317.671
1	206.825
1	165.819
1	163.476
1	152.858
1	282.158
1	231.735
1	264.935
1	158.364
1	246.789
1	197.724
1	249.497
1	191.999
1	302.413
1	215.395
1	179.452
1	175.863
1	239.17
1	275.474
1	332.749
1	261.9
1	162.473
1	146.389
1	198.359
1	140.455
1	158.993
1	169.728
1	287.73
1	234.452
1	167.001
1	194.089
1	169.427
1	171.08
1	279.462
1	176.272
1	144.634
1	161.05
1	195.616
1	233.539
1	183.635
1	239.236
1	232.602
1	158.747
1	181.644
1	154.509
1	228.09
1	241.966
1	243.068
1	216.144
1	192.342
1	197.359
1	189.301
1	240.078
1	168.422
1	177.994
1	310.034
1	151.555
1	227.097
1	170.691
1	227.383
1	202.969
1	205.517
1	112.429
1	229.67
1	270.623
1	184.217
1	214.763
0	87.7706
1	223.481
1	221.55
1	200.299
1	230.049
1	145.882
1	188.063
1	195.542
1	177.388
1	239.939
1	187.509
1	224.151
1	221.544
1	136.618
1	247.345
1	201.986
1	148.153
1	187.444
1	186.205
1	240.805
1	163.667
1	206.422
1	272.354
1	198.539
1	199.483
1	183.209
1	191.927
1	306.912
1	170.77
1	129.006
1	197.035
1	159.764
1	274.784
1	180.152
1	192.116
1	311.198
1	166.435
1	346.997
1	195.761
1	178.693
1	177.492
1	200.084
1	181.97
1	276.95
1	161.745
1	151.699
1	172.572
1	175.671
1	270.237
1	196.544
1	226.612
1	207.488
1	164.406
1	225.336
1	218.57
1	181.439
1	220.711
1	159.306
1	202.17
1	188.707
1	213.328
1	227.405
1	214.232
1	177.712
1	208.699
1	206.731
1	225.214
1	153.369
1	202.702
1	147.882
1	168.267
1	253.895
1	198.547
1	145.694
1	206.341
1	121.231
1	191.059
1	200.463
1	237.157
1	144.838
1	276.268
1	195.742
1	175.797
1	158.302
1	236.985
1	181.834
1	210.969
1	150.942
1	139.608
1	234.664
1	169.848
1	167.822
1	142.219
1	158.281
1	135.088
1	294.776
1	146.599
1	248.084
1	225.052
1	193.293
1	186.719
1	181.09
1	369.015
1	261.018
1	440.848
1	232.321
1	165.792
1	186.144
1	195.981
1	156.153
1	130.669
1	272.571
1	238.048
1	174.183
1	247.192
1	207.291
1	231.694
1	162.314
1	318.359
1	189.928
1	205.788
1	191.351
1	339.186
1	222.922
1	152.072
1	179.878
1	156.107
1	177.635
1	242.661
1	216.849
1	135.617
1	238.052
1	269.138
1	237.637
1	200.379
1	216.183
1	170.507
1	309.311
1	185.041
1	295.823
1	234.547
1	220.252
1	311.991
1	198.622
1	198.777
1	314.771
1	174.593
0	71.6321
1	252.684
1	194.791
1	158.009
1	202.746
1	153.696
1	177.822
1	222.568
1	161.079
1	211.367
0	3.76355
1	171.613
1	373.558
1	270.305
1	233.045
1	355.218
1	172.462
1	171.963
1	179.876
1	212.614
1	151.055
1	255.338
1	247.405
1	209.173
1	129.217
1	223.922
1	233.712
1	215.943
1	183.237
1	247.818
0	19.0932
1	231.08
1	371.702
1	148.205
1	206.396
1	216.668
1	153.13
1	205.047
1	192.553
1	243.819
1	155.807
1	160.272
1	164.308
1	260.78
1	167.792
1	205.024
1	196.748
1	235.109
1	141.966
1	186.057
1	140.346
1	253.895
1	179.769
1	176.475
1	229.157
1	174.639
1	168.556
1	173.9
1	138.96
1	232.588
1	188.517
1	217.115
1	433.432
1	155.887
1	125.534
1	185.914
1	245.103
1	193.366
1	215.261
1	160.493
1	392.842
1	228.995
1	339.549
1	228.281
1	200.013
1	298.555
1	187.893
1	182.586
1	298.857
1	185.598
1	160.253
1	272.124
1	166.58
1	248.692
0	59.9761
1	172.541
1	202.162
1	216.315
1	187.206
1	182.613
1	277.096
1	139.307
1	163.422
1	180.417
1	228.129
1	295.302
1	155.799
1	199.372
1	149.225
1	182.935
1	205.474
1	203.321
0	27.1368
1	120.329
1	145.253
1	274.902
1	187.49
1	248.375
1	150.046
1	253.243
1	182.016
1	176.175
1	243.962
1	201.142
1	197.703
1	285.334
1	253.812
1	226.001
1	215.224
1	220.072
1	213.808
1	158.504
1	156.317
1	153.164
1	246.231
1	144.948
1	186.101
1	250.542
1	138.006
1	193.579
1	201.712
1	151.973
1	229.47
1	137.057
1	187.982
1	180.607
1	185.977
1	173.607
1	199.979
1	284.15
1	186.622
1	181.864
1	201.992
1	141.784
1	254.43
1	185.542
1	148.867
1	253.296
1	136.102
1	185.69
1	297.216
1	183.057
1	241.789
1	197.003
1	244.931
1	171.9
1	149.354
1	166.46
1	161.449
1	215.57
1	243.251
1	163.788
1	177.019
1	199.804
1	175.818
1	187.691
1	221.375
1	217.722
1	164.735
1	192.644
1	149.878
1	190.587
1	232.365
1	376.715
1	218.392
1	158.696
1	179.826
1	232.004
1	233.273
1	227.23
1	156.048
1	201.413
1	225.658
1	129.554
1	256.658
1	274.257
1	206.862
1	139.096
1	190.446
1	220.911
1	270.011
1	224.796
1	193.693
1	203.384
1	173.314
1	191.479
1	169.184
1	272.574
1	178.536
1	261.938
1	234.803
1	216.459
1	181.662
1	202.981
1	181.576
1	447.641
1	209.781
1	176.04
1	228.88
0	6.43346
1	200.335
1	181.582
1	263.174
1	237.562
1	162.84
1	277.394
1	193.747
1	223.438
1	179.268
1	190.02
1	205.738
1	192.547
1	205.187
1	113.163
1	314.157
1	304.532
1	214.99
1	202.862
1	177.485
1	191.524
1	212.899
1	166.91
1	295.91
1	195.514
1	169.651
1	155.44
1	176.636
1	184.935
1	256.806
1	217.786
1	148.62
1	190.873
1	252.651
1	197.721
1	201.76
1	157.632
1	166.244
1	202.661
1	252.663
1	205.777
1	238.6
1	252.689
1	195.696
1	224.942
1	124.132
1	126.66
1	219.398
1	243.552
1	263.872
1	219.448
1	180.578
1	283.858
1	170.954
1	268.639
1	142.918
1	134.631
1	214.691
1	126.784
1	300.741
0	18.3128
1	113.479
1	227.481
1	119.779
1	153.548
1	185.489
1	155.721
1	210.765
1	408.321
1	223.088
1	185.447
1	209.288
1	220.935
1	164.918
1	173.122
1	170.108
1	168.071
1	351.331
1	176.053
1	201.955
1	189.071
1	144.444
1	210.382
1	203.223
1	338.544
