10000	100	9900	0.00277778
0.025641	2.53846	35746.2	3.61072
1	176.423
1	322.933
1	193.984
1	155.219
1	173.921
1	137.848
1	141.403
1	253.43
1	285.225
1	187.49
1	157.981
1	210.23
1	210.213
1	160.407
1	209.83
1	155.055
1	187.397
1	213.815
1	163.057
1	180.487
1	169.469
1	374.499
1	203.356
1	259.058
1	150.073
1	160.023
1	176.858
1	338.898
1	179.514
1	183.279
1	190.426
1	175.188
1	206.228
1	153.207
1	182.689
1	310.489
1	242.999
1	213.063
1	167.125
1	208.997
1	183.979
1	150.571
1	180.904
1	202.064
1	225
1	147.301
1	202.503
1	177.643
1	208.929
1	304.029
1	222.261
1	281.325
1	200.489
1	223.668
1	193.751
1	165.437
1	243.538
1	199.385
1	183.508
1	161.997
1	180.007
1	206.46
1	169.039
1	276.648
1	120.608
1	162.358
1	287.176
1	263.227
1	244.526
1	183.591
1	181.706
1	203.176
1	208.137
1	194.088
1	156.245
1	216.052
1	285.395
1	170.861
1	230.077
1	237.712
1	322.696
1	178.244
1	211.79
1	280.973
1	200.236
1	210.894
1	176.597
1	179.411
1	225.787
1	259.008
1	166.017
1	168.221
1	188.117
1	153.954
1	211.797
1	124.316
1	214.99
1	260.636
1	195.635
1	178.267
1	139.375
1	164.058
1	442.326
1	195.284
1	229.271
1	171.642
1	145.567
1	173.883
1	214.72
1	209.838
1	193.079
1	201.583
1	174.496
1	188.514
1	175.128
1	180.938
1	202.668
1	168.769
1	158.615
1	149.115
1	128.968
1	171.395
1	134.693
1	138.134
1	234.56
1	213.087
1	267.813
1	205.66
1	139.708
1	193.217
1	339.605
1	315.432
1	194.36
1	195.832
1	316.383
1	158.251
1	163.045
1	173.925
1	223.848
1	170.717
1	141.584
1	166.134
1	167.437
1	260.696
1	218.363
1	242.89
1	178.972
1	219.319
1	175.822
1	240.634
1	167.05
1	227.711
1	230.254
1	184.366
1	223.938
1	198.92
1	202.75
1	163.766
1	128.134
1	157.101
1	141.36
1	187.531
1	261.392
1	142.645
1	226.323
1	172.739
1	203.607
1	144.624
1	150.101
1	207.429
1	150.448
1	168.082
1	200.801
1	250.159
1	216.718
1	258.987
1	198.875
1	130.025
1	205.626
1	237.288
1	166.539
1	267.159
1	205.641
1	165.723
1	146.297
1	291.961
1	195.499
1	223.099
1	218.547
1	208.726
1	170.405
1	206.882
1	367.717
1	253.398
1	165.783
1	190.029
1	230.707
1	274.573
1	129.815
1	272.182
1	167.26
1	160.143
1	194.086
1	198.526
1	190.855
1	202.674
1	218.147
1	164.179
1	231.739
1	251.579
1	259.542
1	165.435
1	197.119
1	277.333
1	273.8
1	172.43
1	226.721
1	192.709
1	162.915
1	198.267
1	425.068
1	191.84
1	201.307
1	284.69
0	14.3156
1	213.601
1	146.971
1	448.509
1	317.895
1	188.716
1	180.121
1	231.391
1	190.628
1	285.567
1	160.726
1	231.266
1	221.126
1	257.32
1	211.16
1	283.429
1	203.209
1	211.867
1	174.394
1	191.928
1	219.795
1	204.796
1	115.033
1	191.855
1	217.584
1	167.653
1	134.649
1	218.663
1	208.809
1	186.007
1	148.878
1	215.422
1	147.923
1	180.916
1	178.582
1	155.152
1	287.559
1	235.198
1	360.653
1	202.89
1	215.839
1	152.861
1	219.984
1	200.342
1	306.096
1	203.307
1	174.384
1	174.166
1	158.807
1	220.933
1	151.662
1	306.239
1	150.463
1	295.973
1	139.758
1	187.357
1	227.498
1	128.333
1	164.712
1	176.483
1	180.964
1	228.631
1	173.495
1	286.359
1	127.606
1	178.994
1	147.536
1	161.175
1	223.067
1	267.868
1	246.901
1	210.914
1	244.234
0	25.1533
1	200.061
1	200.23
1	116.282
1	188.132
1	206.121
1	199.396
1	214.115
1	153.824
1	163.794
1	278.708
1	303.585
1	148.417
1	196.895
1	200.635
1	199.773
1	163.173
1	212.923
1	164.169
1	159.555
1	255.281
1	206.729
1	174.985
1	493.466
1	203.219
1	435.769
1	308.761
1	221.349
1	120.287
1	191.033
1	194.52
1	302.956
0	45.3982
1	125.878
1	170.494
1	173.485
1	205.117
1	221.036
0	23.0709
1	157.109
1	254.393
1	249.922
1	179.248
1	223.022
1	187.303
1	244.401
1	245.927
1	162.217
1	206.819
1	242.687
1	138.348
1	214.466
1	222.991
1	284.685
1	191.231
1	203.542
1	257.058
1	189.276
1	216.558
1	155.32
1	220.647
1	227.202
1	197.101
1	199.272
1	193.228
1	157.451
1	236.88
1	225.12
1	205.185
1	168.024
1	183.218
1	209.116
1	181.428
1	159.699
1	202.907
1	205.157
1	190.336
1	233.097
1	204.667
1	242.473
1	215.133
1	237.213
1	198.02
1	258.743
1	168.936
1	170.319
1	134.2
1	200.714
1	231.957
1	182.991
1	195.288
1	251.163
1	219.393
1	183.529
1	158.695
1	192.585
1	233.802
1	183.698
1	177.074
1	141.819
1	148.2
1	236.831
1	172.113
1	170.276
1	158.355
1	267.382
1	178.539
1	132.455
1	175.003
1	245.68
1	226.553
1	199.932
1	166.689
1	214.982
1	166.516
1	155.443
1	137.087
1	226.034
1	129.827
1	230.841
1	178.708
1	139.993
1	186.393
1	136.278
1	148.292
1	212.869
1	247.239
1	206.841
1	187.319
1	222.086
1	206.55
1	233.797
0	3.92029
1	254.244
1	182.425
1	268.155
1	150.275
1	152.098
1	169.763
1	187.336
1	168.56
1	162.01
1	200.638
1	261.538
1	190.691
1	182.114
1	181.096
1	204.302
1	291.052
1	189.122
1	135.334
1	256.616
1	132.819
1	235.363
1	208.813
1	188.992
1	168.885
1	238.718
1	209.231
1	153.582
1	169.09
1	218.209
1	178.42
1	179.455
1	200.11
1	154.846
1	131.804
1	221.924
1	187.858
1	246.991
1	215.52
1	204.05
1	179.199
1	241.207
1	238.382
1	251.833
1	254.042
1	154.773
1	328.944
1	137.921
1	169.045
1	231.851
1	187.684
1	234.935
1	224.832
1	172.413
1	188.942
1	179.671
1	161.267
1	190.276
1	176.978
1	200.865
1	170.961
1	182.935
1	303.456
1	212.948
1	154.438
1	163.272
1	269.658
1	221.205
1	198.855
1	172.447
1	183.782
1	205.745
1	229.148
1	181.378
1	216.939
1	281.585
1	255.066
1	151.177
1	219.753
1	162.565
1	186.897
1	189.136
1	184.547
1	217.808
1	174.286
1	175.226
1	159.079
1	185.761
1	123.505
1	123.891
1	320.405
1	146.087
1	433.761
1	336.417
1	198.439
1	172.276
1	330.012
1	179.597
1	191.857
1	183.008
1	166.996
1	154.398
1	139.835
1	173.218
1	217.857
1	252.882
1	192.761
1	244.338
1	129.721
1	169.727
1	250.941
1	232.552
1	240.231
1	162.868
1	298.608
1	226.792
1	220.988
1	201.435
1	162.486
0	5.61849
1	192.065
1	135.12
1	201.399
1	136.756
1	215.032
1	225.657
1	148.224
1	114.395
1	244.568
1	155.121
1	145.654
1	161.879
1	304.223
1	149.451
1	154.056
1	163.966
1	188.027
1	195.017
1	170.552
1	200.763
1	165.654
1	188.536
1	280.548
1	181.678
1	183.335
1	239.514
1	277.771
1	224.419
1	181.888
1	223.897
1	209.639
1	133.078
1	266.647
1	127.495
1	211.837
1	176.387
1	200.634
1	261.074
1	172.754
1	183.787
1	259.771
1	156.641
1	226.53
1	200.275
1	227.457
1	316.396
1	218.72
1	236.834
1	206.629
1	218.722
1	232.851
1	198.268
1	158.318
1	183.419
1	255.402
1	180.228
1	203.628
1	177.501
1	248.46
1	242.763
1	260.263
1	162.659
1	163.158
1	209.681
1	166.389
1	147.852
1	184.19
1	175.072
1	169.36
1	196.082
1	162.022
1	196.698
1	245.782
1	255.597
1	175.631
1	222.351
1	192.153
1	212.436
1	147.66
1	209.781
1	178.559
1	129.3
1	148.118
1	266.902
1	219.099
1	163.694
1	192.606
1	198.88
1	276.933
1	129.424
1	261.056
1	187.684
1	153.548
1	223.05
1	149.395
1	259.486
1	156.32
1	281.862
1	169.16
1	170.3
1	206.682
1	182.613
1	225.112
1	233.092
1	209.194
1	180.802
1	246.171
1	151.407
1	266.505
1	218.498
1	196.052
1	312.677
1	226
1	252.233
1	194.644
1	211.653
1	204.037
1	197.515
1	245.705
1	123.492
1	277.052
1	217.765
1	113.242
1	243.235
1	159.304
1	282.133
1	177.998
1	284.225
1	243.595
1	145.69
1	245.271
1	237.841
1	207.078
1	202.95
1	269.852
1	203.623
1	325.182
1	254.559
1	225.927
1	267.835
1	158.969
1	155.678
1	184.177
1	140.808
1	233.907
1	207.187
1	237.27
1	204.177
1	230.853
1	181.843
1	216.229
1	202.766
1	257.433
1	161.263
1	147.455
1	281.201
1	139.588
1	226.912
0	11.4607
1	166.57
1	238.631
1	157.175
1	185.421
1	217.061
1	180.648
1	251.891
1	156.101
1	202.302
1	225.69
1	136.302
1	147.889
1	155.714
1	265.423
1	133.214
1	164.046
1	181.25
1	178.375
1	179.552
1	151.927
1	206.599
1	178.326
1	221.795
1	184.363
1	181.563
1	197.211
1	172.389
1	108.808
1	204.172
1	314.808
1	210.877
1	181.941
1	176.841
1	242.706
1	297.414
1	193.249
1	242.929
1	232.305
1	195.224
1	172.554
1	225.584
1	162.008
1	201.565
1	238.593
1	226.143
1	186.951
1	199.271
1	160.134
1	151.545
1	137.305
1	181.464
1	210.469
1	182.497
1	211.098
1	221.427
1	222.601
1	190.444
1	170.703
1	131.656
1	217.6
1	174.302
1	230.882
1	145.898
1	168.758
1	204.182
1	215.401
1	164.378
1	250.595
1	200.848
1	188.784
1	149.076
1	246.854
1	164.096
1	173.371
1	186.243
1	232.1
1	208.054
0	14.9967
1	168.817
1	217.839
1	215.318
1	128.775
1	243.764
1	226.379
1	227.915
1	177.323
1	256.926
1	199.473
1	161.697
1	240.714
1	230.504
1	280.674
1	211.068
1	159.829
1	188.694
1	144.703
1	207.154
1	168.485
1	190.792
1	123.494
1	177.183
1	172.579
1	140.446
1	338.324
1	156.292
1	173.718
1	229.017
1	145.946
1	157.078
1	239.578
1	162.253
1	223.459
0	70.0279
1	224.171
1	298.49
1	259.527
1	144.778
1	153.429
1	181.212
1	175.184
1	267.69
1	161.748
1	274.787
1	132.168
1	240.553
1	174.069
1	245.938
1	207.94
1	157.958
1	182.461
1	183.1
1	125.098
1	176.485
1	261.66
1	241.793
1	144.024
1	263.308
1	175.731
1	166.291
1	284.513
1	186.73
1	166.016
1	181.673
1	186.229
1	167.465
1	245.29
1	117.892
1	235.408
1	146.817
1	185.532
1	148.129
1	269.177
1	267.92
1	159.173
1	172.01
1	239.855
1	207.978
1	185.238
1	161.412
1	144.511
1	212.619
1	199.266
1	214.65
1	246.024
1	150.157
1	143.401
1	192.618
1	137.796
1	277.959
1	317.263
1	201.143
1	129.739
1	294.24
1	257.454
1	188.942
1	221.301
1	210.218
1	243.643
1	151.875
1	188.667
1	188.244
1	213.724
1	158.621
1	245.752
1	184.097
1	139.44
0	168.141
1	299.268
1	173.223
1	194.878
1	191.741
1	197.929
1	258.837
1	152.836
1	149.681
1	206.098
1	216.259
1	300.47
1	253.831
1	131.469
1	221.633
1	183.042
1	205.575
1	184.657
1	221.852
1	181.235
1	131.524
1	292.29
0	18.7047
1	143.542
1	212.171
1	277.557
1	176.716
1	378.18
1	183.604
1	207.392
1	130.401
1	123.285
1	228.95
1	313.306
1	171.656
1	167.014
1	189.849
1	146.158
1	199.377
1	250.683
1	174.953
1	177.192
1	157.593
1	198.88
1	178.947
1	143.427
1	156.215
1	198.949
1	230.227
1	270.728
1	147.25
1	170.715
1	116.606
1	162.045
1	175.304
1	164.919
1	251.888
1	264.718
1	288.402
1	353.741
1	244.482
1	207.399
1	397.554
1	170.911
1	323.496
0	23.5769
0	54.7145
1	150.967
1	160.774
1	318.477
1	157.088
1	156.233
1	193.789
1	175.034
1	158.163
1	379.65
1	180.484
1	271.099
1	168.355
1	191.572
1	219.476
1	177.351
1	201.664
1	195.23
1	205.574
1	247.792
1	133.459
1	220.738
1	152.892
1	272.97
1	168.878
1	292.428
1	247.877
1	191.773
1	200.224
1	150.825
1	274.849
1	220.198
1	218.189
1	269.812
1	180.332
1	222.421
1	127.709
1	150.452
1	183.107
1	160.916
1	197.538
1	218.513
1	194.467
1	165.41
1	244.555
1	184.095
1	202.06
1	314.579
1	196.43
1	172.876
1	243.689
1	180.906
1	130.755
1	221.573
1	117.241
1	217.559
1	216.034
1	171.678
1	130.874
1	211.012
1	220.265
1	212.532
1	209.605
1	170.638
1	165.593
1	387.517
1	219.668
1	275.418
1	138.583
1	171.441
1	302.935
1	208.331
1	205.558
1	202.646
1	160.706
1	273.387
1	167.992
1	180.039
1	276.99
1	228.48
1	337.652
1	148.437
1	141.14
1	231.238
1	198.172
1	216.7
1	186.616
1	148.162
1	200.878
1	143.041
1	165.424
1	242.442
1	181.735
1	218.485
0	150.15
1	221.102
1	142.093
1	178.539
1	140.955
1	310.326
1	180.191
1	215.938
1	199.503
1	189.697
1	233.325
1	208.808
1	168.368
1	146.075
1	210.133
1	242.195
1	258.255
1	240.112
1	265.934
1	193.642
1	120.752
1	189.111
1	188.284
1	161.288
1	179.39
1	145.449
1	223.582
1	370.658
1	166.453
1	174.514
1	173.238
1	186.201
1	177.719
1	177.969
1	263.558
1	291.505
1	192.346
1	140.964
1	176.115
1	254.136
1	166.734
1	329.056
1	231.503
1	194.012
1	151.04
1	200.863
1	201.733
1	152.93
1	192.452
1	185.274
1	180.784
1	170.509
1	146.878
1	190.734
1	173.356
1	206.83
1	158.194
1	249.975
1	217.643
1	161.728
1	121.135
1	198.296
1	184.632
1	201.95
1	266.422
1	157.277
1	184.553
1	236.079
1	206.579
1	276.638
1	240.137
1	162.577
1	173.581
1	143.191
1	252.361
1	204.122
1	227.842
1	196.106
1	171.474
1	189.423
1	194.829
1	237.233
1	176.447
1	368
1	236.049
1	203.482
1	193.183
1	209.951
1	173.843
1	356.703
1	160.698
1	199.304
1	270.376
1	249.82
1	158.982
1	220.515
1	155.678
1	169.382
1	166.87
1	208.667
1	181.894
1	183.285
1	184.313
1	244.454
1	218.9
1	167.071
1	210.766
1	270.108
1	189.332
1	237.88
1	280.802
1	215.252
1	210.324
1	194.406
1	217.309
1	192.633
1	253.276
1	290.608
1	267.929
1	160.815
1	256.665
1	211.98
1	160.936
1	205.491
1	223.964
1	185.426
1	207.668
1	202.906
1	215.728
1	199.941
1	340.688
1	159.583
1	170.315
1	218.524
1	240.304
1	164.517
1	288.818
1	173.711
1	189.523
1	186.604
1	163.542
1	228.215
1	196.655
1	226.885
1	173.532
1	171.345
1	166.603
1	231.855
1	176.051
1	204.259
1	184.098
1	180
1	218.397
1	151.349
1	170.54
1	144.448
1	210.808
1	222.315
1	280.68
1	348.767
1	246.962
1	330.068
1	151.47
1	201.27
1	158.322
1	224.27
1	222.906
1	283.311
1	289.99
1	176.217
1	268.047
1	196.169
1	171.039
1	240.753
1	150.399
1	147.202
1	149.052
1	233.827
1	253.567
1	199.896
1	262.735
1	166.282
1	284.094
1	197.735
1	218.167
1	247.915
1	187.223
1	297.486
1	213.287
1	199.211
1	277.338
1	263.819
1	215.363
1	236.766
1	202.84
1	339.813
1	258.963
1	196.437
1	207.284
1	163.838
1	314.501
1	193.104
1	160.743
1	176.395
1	188.73
1	114.498
1	234.108
1	261.202
1	230.755
1	182.176
1	232.279
1	136.895
1	194.459
1	198.141
1	201.446
1	436.176
1	130.697
1	187.647
1	302.544
1	184.71
1	198.277
1	236.559
1	180.086
1	126.554
1	344.676
1	138.488
1	160.22
1	175.768
1	191.579
1	175.141
1	284.863
1	214.634
1	171.916
1	150.818
1	187.645
1	156.098
1	199.765
1	217.069
1	230.241
1	138.051
1	150.4
1	161.659
1	185.336
1	230.88
1	181.359
1	174.264
1	186.101
1	193.204
1	268.252
1	150.946
1	183.134
1	239.36
1	161.071
1	174.284
1	188.612
1	191.879
1	150.082
1	334.859
1	184.289
1	247.961
1	172.399
1	169.245
1	149.33
1	209.075
1	179.656
1	302.866
1	211.731
1	178.674
1	285.437
1	154.263
1	152.053
1	238.186
1	157.186
1	188.213
1	186.446
1	183.121
1	152.738
1	172.352
1	138.916
1	324.687
1	190.647
1	166.913
1	236.293
1	261.927
1	200.242
1	208.335
1	138.972
1	238.448
1	184.86
1	217.016
1	226.1
1	156.35
1	121.146
1	203.487
1	292.505
1	177.654
1	237.033
1	189.954
1	151.698
1	276.651
1	225.923
1	196.061
1	170.308
1	275.087
1	211.002
1	176.549
1	157.255
1	259.644
1	171.526
1	190.688
1	167.744
1	187.083
1	150.165
1	201.75
1	229.686
1	264.295
1	184.719
1	380.32
1	248.314
1	217.281
1	163.747
1	191.317
1	238.362
1	224.514
1	209.969
1	162.525
1	148.528
1	221.741
1	150.077
1	189.837
1	204.845
1	278.906
1	326.765
1	136.461
1	176.17
1	199.702
1	291.897
1	204.062
1	141.088
1	147.677
1	101.301
1	141.63
1	179.002
0	23.0017
1	138.378
1	201.271
1	291.672
1	162.259
1	178.876
1	157.109
1	169.464
1	212.869
1	322.907
1	205.295
1	174.356
1	231.17
1	181.744
1	181.873
1	308.633
1	269.374
1	241.036
1	112.899
1	178.235
1	201.796
1	249.675
1	164.16
1	183.379
1	227.529
1	150.291
1	195.637
1	161.051
1	131.708
1	175.816
1	138.434
1	219.199
1	326.473
1	191.407
1	138.272
1	246.998
1	160.882
1	220.406
1	163.366
1	221.598
1	230.726
1	154.048
1	116.157
1	173.132
1	150.138
1	197.458
1	183.34
1	149.986
1	177.548
1	256.524
1	307.78
1	222.403
1	148.461
1	206.822
1	178.696
1	139.706
1	119.001
1	227.845
1	203.379
1	153.192
1	165.728
1	187.369
1	192.372
1	233.214
1	166.797
1	129.226
1	271.94
1	204.646
1	208.505
1	223.226
1	132.409
1	199.01
1	210.278
1	159.762
1	268.887
1	153.291
1	209.604
1	177.126
1	180.526
1	155.876
1	178.36
1	195.596
1	221.603
1	142.066
1	196.754
1	240.618
1	151.291
1	385.503
1	199.603
1	221.231
1	211.951
1	174.647
1	149.972
1	142.197
1	224.618
1	186.676
1	190.165
1	221.744
1	179.914
1	230.577
1	244.311
1	187.815
1	213.897
1	211.814
1	197.68
1	172.619
1	198.235
1	205.767
1	168.531
1	351.556
1	206.543
1	317.097
1	224.585
1	147.424
1	210.063
1	211.037
1	188.695
1	258.548
1	234.024
1	232.068
1	216.872
1	202.258
1	344.779
1	316.205
1	233.465
1	187.466
1	198.65
1	192.788
1	132.736
1	186.99
1	225.634
1	212.467
1	164.084
1	248.389
1	292.768
1	180.361
1	209.978
1	182.246
1	213.433
1	162.075
1	149.488
1	269.293
1	164.884
1	213.834
1	140.606
1	200.774
1	181.363
1	183.203
1	217.507
1	209.703
1	218.451
1	196.444
1	215.14
1	207.054
1	167.422
1	142.475
1	199.519
1	166.22
1	155.719
1	300.262
1	187.686
1	334.119
1	203.229
1	170.751
1	195.783
1	294.239
1	223.267
1	204.729
1	228.64
1	271.378
1	149.765
1	170.28
1	151.085
1	180.385
1	181.344
1	249.071
1	271.99
1	220.747
1	268.552
0	7.10216
1	222.374
1	160.9
1	244.091
1	190.22
1	219.05
1	231.397
1	155.016
1	220.044
1	261.865
1	245.559
1	212.494
1	206.277
1	188.717
1	176.492
1	146.325
1	172.86
1	161.129
1	226.35
1	210.389
1	184.071
1	217.269
1	227.376
1	159.492
1	257.832
1	202.147
1	174.011
1	272.44
1	185.177
1	228.437
1	163.993
1	261.746
1	175.28
1	151.703
1	222.957
1	178.062
1	276.231
1	280.203
1	206.08
1	161.394
1	156.247
1	219.435
1	127.393
1	249.328
1	208.883
1	194.083
1	150.144
1	156.604
1	222.725
1	178.627
1	233.904
1	228.216
1	161.486
1	206.604
1	178.551
1	186.779
1	178.345
1	214.094
1	161.242
1	221.583
1	208.295
1	249.486
1	246.104
1	216.399
1	167.207
1	156.153
1	184.227
1	160.745
1	299.099
1	151.071
1	150.015
1	179.837
1	198.394
1	246.945
1	284.022
1	197.96
1	202.025
1	141.757
1	162.735
1	180.792
1	217.367
1	206.924
1	165.715
1	162.425
1	115.775
1	200.378
1	326.085
1	163.97
1	226.507
1	352.039
1	226.83
1	199.611
1	142.72
1	222.026
1	166.279
1	134.879
1	231.723
1	231.826
1	213.729
1	192.513
1	230.417
1	213.138
1	394.202
1	235.476
1	179.801
1	159.63
1	230.69
1	183.647
1	187.433
1	268.218
1	219.089
1	244.875
1	245.624
1	176.783
1	201.362
1	227.477
1	229.471
1	191.092
1	147.181
1	190.766
1	148.757
1	227.526
1	237.125
1	188.348
1	208.484
1	270.106
1	213.718
1	181.594
1	211.78
1	166.995
1	218.236
1	232.399
1	188.677
1	180.822
1	172.463
1	203.306
1	127.887
1	134.181
1	147.878
1	131.962
1	248.945
1	182.678
1	254.141
1	251.229
1	180.841
1	205.802
0	167.513
1	184.957
1	254.198
1	257.698
1	134.692
1	248.042
1	193.925
1	246.774
1	142.907
1	248.706
1	344.698
1	221.767
1	142.036
1	172.172
1	225.419
1	193.116
1	173.93
1	306.791
1	251.892
1	212.769
1	251.807
1	204.281
1	134.795
1	159.289
1	176.092
1	163.236
1	154.177
1	136.232
1	220.478
1	125.833
1	182.388
1	174.374
1	148.013
1	164.664
1	275.861
1	233.083
1	175.345
1	302.092
1	128.685
1	171.048
1	185.451
1	187.526
1	272.671
1	260.488
1	170.9
1	187.846
1	202.836
1	156.266
1	133.465
1	146.808
1	187.428
1	243.026
1	256.708
1	250.091
1	163.099
1	147.682
1	318.713
1	225.823
1	221.321
1	226.666
1	198.75
1	160.31
1	172.56
1	189.079
1	232.239
1	153.067
1	228.296
1	232.237
1	194.097
1	216.768
1	193.383
1	288.414
1	155.398
1	260.862
1	361.69
1	173.629
1	170.188
1	174.588
1	241.222
1	267.544
1	224.263
1	233.936
1	146.431
1	314.82
1	192.607
1	158.107
0	37.674
1	154.01
1	182.994
1	213.407
1	144.439
1	224.76
1	192.633
1	250.578
1	153.116
1	197.606
1	395.883
1	228.51
1	151.766
1	171.278
1	147.705
1	204.871
1	184.99
1	183.198
1	261.652
1	170.945
1	188.541
1	236.997
1	202.452
1	158.937
1	214.521
1	214.992
1	143.855
1	279.584
1	193.396
1	307.312
1	206.141
1	196.321
1	214.815
1	351.862
1	219.318
1	200.194
1	223.316
1	224.913
1	175.293
1	166.325
1	226.436
1	197.173
1	139.321
1	227.651
1	263.996
1	158.801
1	145.346
1	169.74
1	265.059
1	174.512
1	232.267
1	154.653
1	179.945
1	166.03
1	216.791
1	161.025
1	191.917
1	172.971
1	153.642
1	205.085
1	204.906
1	281.911
1	192.108
1	174.668
1	157.591
1	261.674
1	209.673
1	171.272
1	233.498
1	199.397
1	232.774
1	212.787
1	200.075
1	199.801
1	220.747
1	168.672
1	147.701
1	163.623
1	174.945
1	179.473
1	164.775
1	170.885
1	204.777
1	185.506
1	163.882
1	212.096
1	182.398
1	190.073
1	202.975
1	149.357
1	185.554
1	235.025
1	197.913
1	210.145
1	267.909
1	188.147
1	196.891
1	234.209
0	125.026
1	206.124
1	267.081
1	144.053
1	231.1
1	135.45
1	314.101
1	266.569
1	191.119
1	138.189
1	191.814
1	161.29
1	187.309
1	271.721
1	220.559
1	142.448
1	205.173
1	153.576
1	186.639
1	191.258
1	211.525
1	128.358
1	197.981
1	187.331
1	182.154
1	150.312
1	176.851
1	196.73
1	172.231
1	143.997
1	174.207
1	346.987
1	148.382
1	274.744
1	184.026
1	174.865
1	132.322
1	163.281
1	180.188
1	269.11
1	233.89
1	175.769
1	224.094
1	239.297
1	174.398
1	224.387
1	228.61
1	230.773
1	197.619
1	161.568
1	169.874
1	161.063
1	208.055
1	144.21
1	181.147
1	194.559
1	208.19
1	186.077
1	240.605
1	301.868
1	186.671
1	165.635
1	187.147
1	193.695
1	222.324
1	162.277
1	172.273
1	179.963
1	171.807
1	142.58
1	215.978
1	168.37
1	114.435
1	164.448
1	267.557
1	308.191
1	295.548
1	321.731
1	162.726
1	228.157
1	153.183
1	155.861
0	40.7034
1	147.681
1	132.909
1	162.322
1	190.432
1	236.12
1	220.599
1	173.228
1	233.528
1	248.502
1	211.132
1	316.331
1	248.236
1	276.344
1	218.906
1	179.534
1	180.285
1	181.923
1	179.196
1	197.756
1	142.032
1	177.498
1	185.99
1	282.702
1	190.346
1	175.393
1	208.638
1	301.011
1	237.323
1	192.006
1	174.315
1	234.737
1	141.631
1	300.674
1	183.134
1	170.832
1	143.072
1	138.062
1	165.336
1	204.309
1	211.358
1	144.273
1	163.243
1	261.512
1	267.657
1	190.897
1	193.781
1	202.623
1	212.274
1	172.871
1	211.222
1	224.058
1	191.819
1	217.947
1	224.874
1	204.131
1	248.052
1	214.783
1	226.207
1	202.334
1	184.367
1	128.96
1	134.459
1	198.455
1	319.032
1	273.662
1	202.953
1	161.144
1	230.734
1	203.648
1	404.194
1	206.434
1	217.978
1	286.689
1	224.517
1	208.387
1	214.747
1	198.278
1	130.846
1	238.391
1	207.697
1	194.537
1	171.424
1	270.565
1	140.34
1	173.199
1	134.703
1	200.482
1	254.358
1	166.7
1	220.101
1	272.867
1	190.134
1	287.283
1	242.881
1	264.396
1	279.125
1	156.222
1	180.097
1	213.356
1	276.053
1	175.228
1	196.039
1	431.868
1	311.484
1	204.762
1	181.065
1	320.983
1	240.337
1	175.221
1	195.218
1	208.756
1	257.205
1	211.022
1	208.876
1	324.068
1	178.984
1	225.139
1	200.086
1	174.43
1	245.403
1	176.6
1	250.502
1	128.56
1	137.562
1	205.262
1	157.579
1	230.181
1	217.519
1	164.656
1	134.981
1	166.364
1	141.618
1	184.909
1	323.018
1	401.087
1	228.483
1	161.776
1	180.805
1	217.078
1	217.047
1	193.641
1	200.898
1	181.083
1	149.016
1	204.66
1	211.087
1	209.2
1	225.042
1	221.551
1	189.404
1	123.665
1	337.668
1	194.001
1	280.681
1	171.462
1	310.753
1	258.9
1	156.868
1	275.36
1	162.28
1	273.205
1	273.431
1	237.76
1	172.91
1	324.397
1	208.26
1	182.768
1	170.049
1	235.448
1	147.817
1	245.989
1	212.403
1	197.199
1	230.565
1	152.253
1	244.013
1	154.544
1	250.299
1	220.588
1	189.387
1	196.583
1	243.537
1	244.596
1	198.6
1	155.013
1	179.77
1	219.997
1	143.454
1	191.42
1	352.103
1	181.157
1	166.504
1	158.494
1	220.457
1	169.309
1	211.654
1	164.524
0	14.4903
1	257.212
1	175.866
1	205.793
1	155.264
1	176.476
1	159.408
1	143.382
1	280.483
1	199.681
1	180.095
1	169.099
0	126.167
1	228.377
1	156.037
1	256.035
1	179.846
1	245.224
1	227.809
1	166.63
1	180.155
1	243.68
1	221.043
1	151.734
1	319.271
1	144.952
1	173.342
1	185.441
1	234.653
1	198.057
0	64.8542
1	144.824
1	197.318
1	268.609
1	173.322
1	190.655
1	215.687
1	216.048
1	183.534
1	195.191
1	230.036
1	216.39
1	196.787
1	211.407
1	224.384
1	208.188
1	240.69
1	352.746
1	222.014
1	168.49
1	229.424
1	169.21
1	239.701
1	244.309
1	159.059
1	215.824
1	200.745
1	211.951
1	222.339
1	154.647
0	0.802589
1	207.069
1	185.086
1	307.085
1	190.694
1	150.723
1	171.387
1	181.19
1	245.847
1	198.466
1	144.633
1	188.226
1	267.915
1	212.012
1	174.093
1	197.455
1	146.909
1	222.308
1	182.953
1	247.975
1	185.556
1	212.515
1	212.728
1	263.707
1	172.399
1	216.162
1	254.323
1	265.509
1	209.052
1	155.258
1	147.999
1	187.705
1	278.547
1	230.816
1	180.919
1	187.609
1	158.477
1	219.093
1	185.959
1	115.398
1	221.767
1	123.625
1	213.551
1	258.996
1	168.774
1	192.036
1	162.814
1	161.772
1	182.442
1	154.065
1	222.43
1	166.828
1	173.705
1	270.364
1	209.399
1	230.183
1	129.363
1	279.117
1	260.806
1	155.166
1	162.919
1	140.827
1	222.913
1	212.056
1	148.95
1	133.491
1	184.034
1	233.482
1	163.421
1	156.247
1	128.073
1	183.929
1	153.083
1	152.832
1	333.549
1	163.906
1	143.8
1	222.95
1	194.085
1	163.158
1	149.152
1	254.991
1	142.548
1	159.812
1	305.414
1	230.424
1	180.489
1	168.192
1	240.09
1	350.555
1	234.303
1	153.203
1	215.322
1	191.418
1	140.164
1	168.722
1	263.215
1	177.33
1	160.675
1	196.812
1	187.224
1	269.807
1	176.14
1	264.189
1	211.971
1	256.58
1	251.837
1	201.547
1	161.56
1	149.404
1	211.473
1	178.808
1	171.693
1	231.977
1	262.956
1	220.214
1	217.157
1	124.702
1	267.054
1	240.119
1	235.46
1	201.677
1	150.057
1	118.719
1	171.558
1	281.368
1	285.319
1	187.801
1	169.242
1	124.27
1	119.662
1	161.67
1	215.725
1	210.61
1	180.801
1	186.976
1	181.823
1	184.844
1	276.816
1	157.482
1	179.096
1	335.765
1	180.907
1	147.078
1	137.906
1	198.861
1	194.519
1	162.511
1	190.773
1	237.409
1	170.941
1	233.069
1	236.869
1	180.9
1	190.078
1	177.191
1	209.723
1	174.477
1	237.27
1	170.123
1	222.157
1	153.242
1	133.209
1	181.976
1	310.416
1	216.624
1	162.046
1	240.85
1	192.733
1	170.6
1	277.222
1	148.266
1	192.051
1	158.744
1	161.141
1	284.528
1	160.589
1	178.312
1	138.008
1	190.276
1	298.057
1	150.807
1	207.764
1	190.744
1	186.175
1	247.687
1	192.079
1	272.977
1	175.605
1	164.11
1	157.013
1	300.245
1	279.677
1	216.774
1	176.7
1	246.951
1	217.231
1	287.033
1	202.913
1	245.383
1	227.368
1	131.347
1	216.665
1	192.371
1	238.826
1	177.266
1	200.804
1	143.209
1	180.564
1	164.581
1	173.15
1	204.415
1	209.333
1	262.738
1	247.25
1	257.817
1	133.819
1	240.616
1	306.202
1	248.556
1	132.767
1	216.7
1	241.489
1	206.349
1	142.204
1	171.922
1	140.095
1	193.686
1	170.827
1	178.025
1	220.754
1	148.815
1	179.715
1	177.728
1	127.229
1	161.492
1	200.936
1	225.63
1	198.186
1	317.798
1	303.427
1	157.877
1	193.886
1	183.831
1	162.835
1	229.272
1	172.83
1	305.843
1	165.569
1	332.593
1	184.248
1	190.103
1	153.456
1	160.783
1	304.512
1	198.69
1	312.685
1	184.342
1	199.415
1	180.883
1	248.124
1	281.241
1	129.99
1	152.733
1	277.855
1	233.403
1	169.946
1	250.03
1	223.617
1	221.52
1	267.772
1	203.687
1	173.931
1	198.954
1	206.571
1	141.644
1	216.642
1	234.166
1	213.706
1	199.625
1	180.659
1	135.427
1	263.174
1	226.371
1	180.837
1	188.014
1	136.949
1	198.739
1	184.742
1	191.324
1	129.893
1	181.121
1	174.867
1	271.29
1	185.771
1	233.445
1	162.855
1	211.903
1	220.088
1	153.17
1	149.35
1	228.43
1	172.957
1	249.567
1	128.927
1	275.923
1	258.753
1	234.55
1	170.095
1	316.863
1	211.224
1	98.3994
1	185.605
1	141.975
1	184.004
1	235.845
1	214.669
1	142.553
1	181.276
1	237.652
1	163.23
1	151.119
1	221.968
1	219.524
1	236.246
1	148.866
1	155.42
1	165.725
1	254.066
1	168.95
1	148.998
1	178.903
1	259.126
1	173.693
1	160.652
1	243.915
1	148.381
1	223.514
1	218.781
1	252.303
1	195.335
1	302.837
1	172.425
1	186.859
1	170.068
1	212.658
1	241.458
1	317.42
1	142.714
1	178.133
1	249.173
1	172.486
1	216.439
1	231.037
1	157.391
1	155.431
1	269.128
1	308.529
1	210.295
1	359.963
1	182.977
1	190.619
1	215.568
1	206.357
1	163.569
1	183.282
1	177.254
1	193.482
1	235.759
1	220.583
1	253.999
1	187.451
1	160.719
1	288.953
1	219.173
1	180.323
1	250.1
1	245.721
1	214.258
1	195.817
1	148.534
1	190.337
1	226.15
1	138.667
1	202.938
1	173.083
1	200.182
1	210.914
1	240.351
1	157.348
1	264.309
1	216.955
1	206.727
1	200.352
1	162.867
1	130.493
1	166.809
1	168.497
1	162.573
1	150.617
1	196.923
1	207.04
1	144.5
1	181.231
1	168.762
1	168.742
1	167.313
1	167.057
1	221.762
1	241.117
1	145.981
1	208.436
1	329.984
1	251.365
1	214.65
1	267.567
1	201.312
1	141.987
1	180.419
1	190.703
1	256.15
1	188.769
1	151.811
1	153.681
1	209.088
1	208.137
1	149.732
1	176.513
1	222.878
1	276.941
1	164.067
1	212.149
1	161.606
1	222.69
1	227.325
1	228.307
1	175.426
1	195.392
1	203.538
1	273.392
1	140.214
1	225.011
1	218.714
1	226.545
1	162.859
1	196.544
1	234.401
1	185.463
1	221.974
1	195.725
1	186.369
1	165.557
1	271.174
1	158.578
1	163.753
1	253.313
1	200.721
1	177.117
1	187.024
1	175.773
1	154.555
1	189.37
1	177.84
1	206.135
1	249.732
1	157.261
1	161.991
1	198.296
1	160.438
1	249.636
1	191.523
1	156.575
1	211.129
1	208.228
1	292.852
1	248.856
1	180.296
1	205.725
1	158.748
1	335.036
1	157.698
1	188.451
1	163.761
1	213.128
1	301.134
1	298.201
1	257.004
1	240.947
1	238.644
1	159.858
1	192.13
1	219.287
1	146.738
1	147.659
1	166.745
1	163.557
1	121.492
0	31.8773
1	190.051
1	165.47
1	181.471
1	266.16
1	147.827
1	265.868
1	218.597
1	249.992
1	179.507
1	194.936
1	167.025
1	168.163
1	159.151
1	144.932
1	156.839
1	239.53
1	219.019
1	130.564
1	202.485
1	207.226
1	351.319
1	323.72
1	220.212
1	218.819
1	158.52
1	239.637
1	186.193
1	214.378
1	202.86
1	366.526
1	247.295
1	158.988
1	244.188
1	167.542
1	163.311
1	216.379
1	233.347
1	235.81
1	183.481
1	182.718
1	289.081
1	176.904
1	168.003
1	199.505
1	168.966
1	211.91
1	215.442
1	233.914
1	258.993
1	129.296
1	150.579
1	173.511
1	153.943
1	152.532
1	163.475
1	227.966
1	161.857
1	180.874
1	178.809
1	184.238
1	155.794
1	278.973
1	171.941
1	310.447
1	178.355
1	257.537
1	164.863
1	191.098
1	193.002
1	168.646
1	167.499
1	189.624
1	162.12
1	192.885
0	73.8707
1	215.085
1	184.167
1	200.857
1	177.719
1	174.402
1	239.601
1	170.593
1	199.055
1	133.196
1	201.265
1	283.09
1	170.123
1	295.326
1	233.329
1	151.329
1	178.294
1	191.082
1	244.671
1	211.847
1	196.143
1	124.907
1	252.239
1	215.28
1	151.825
1	171.045
1	183.992
1	233.217
1	278.411
1	204.474
1	198.922
1	153.163
1	162.821
1	157.769
1	158.369
1	267.884
1	208.392
1	190.266
1	196.149
1	204.2
1	193.136
1	227.388
1	202.443
1	259.55
1	230.552
1	203.088
1	180.419
1	156.446
1	169.233
1	231.045
1	168.906
1	180.364
1	242.061
1	188.873
1	554.48
1	183.087
1	141.101
1	133.799
1	196.554
1	201.681
1	232.22
1	196.218
1	285.849
1	212.746
1	199.491
1	193.023
1	302.322
1	194.986
1	210.72
1	173.059
1	213.824
1	188.089
1	184.787
1	190.829
1	191.239
1	129.369
1	196.661
1	173.327
1	247.052
1	231.086
1	172.929
1	162.27
1	206.671
1	204.255
1	174.587
1	162.734
1	155.192
1	268.185
1	230.256
1	193.356
1	246.78
1	171.258
1	206.455
1	205.736
1	244.428
1	250.451
1	205.627
0	7.51046
1	134.72
1	185.549
1	201.354
1	151.159
1	180.505
1	149.6
1	193.124
1	230.611
1	204.341
1	170.326
1	235.274
1	174.862
1	193.837
1	175.485
1	188.784
1	217.085
1	279.718
1	177.302
1	199.561
1	162.92
1	194.35
1	143.309
1	175.298
1	239.571
1	163.943
1	254.778
1	194.784
1	150.073
1	221.867
1	267.888
1	209.822
1	172.726
1	196.973
1	224.699
1	218.651
1	200.33
1	175.815
1	275.657
1	177.385
1	132.296
1	165.66
1	178.795
1	293.856
1	185.72
1	191.06
1	198.569
1	123.006
1	199.469
1	233.528
1	204.826
1	208.616
1	275.078
1	200.464
1	155.158
1	186.458
1	179.567
1	177.097
1	165.377
1	260.765
1	230.307
1	194.116
1	187.72
1	190.489
1	182.987
1	217.008
1	266.763
1	170.035
1	173.811
1	196.625
1	180.776
1	197.711
1	219.67
1	263.725
1	157.138
1	312.062
1	344.182
1	192.085
1	145.621
1	150.962
1	189.443
1	169.007
1	160.624
1	190.317
1	170.031
1	194.164
1	187.975
1	261.563
1	304.032
1	240.522
1	226.467
1	270.551
1	183.308
1	252.341
1	163.92
1	213.583
1	220.595
1	138.591
1	291.532
1	229.194
1	140.668
1	229.017
1	236.648
1	185.132
1	242.683
1	169.727
1	200.519
1	254.399
1	184.786
1	179.273
1	206.17
1	152.948
1	212.203
1	308.712
1	155.209
1	255.045
1	191.754
1	145.985
1	221.823
1	253.253
1	175.702
1	160.637
1	171.792
1	165.954
1	154.647
1	231.68
1	215.376
1	157.541
1	178.983
1	254.766
1	133.457
1	236.963
1	194.382
1	146.607
1	157.002
1	179.805
1	143.506
1	315.047
1	180.361
1	204.882
1	143.872
1	159.615
1	144.375
1	208.005
1	193.457
1	246.396
1	205.175
1	164.618
1	231.047
1	245.353
1	242.067
1	219.923
1	203.175
1	219.675
1	243.318
1	190.94
1	217.774
1	187.665
1	180.072
1	223.487
1	202.718
1	320.014
1	207.354
1	288.316
1	208.959
1	128.242
1	162.009
1	130.403
1	157.209
1	218.592
1	175.562
1	217.876
1	186.629
1	196.881
1	150.024
1	208.171
1	150.86
1	220.618
1	191.628
1	164.3
1	160.438
1	211.847
1	238.222
1	210.344
1	325.346
1	156.836
1	254.515
1	269.328
1	153.813
1	133.878
1	204.874
1	149.363
1	162.173
1	165.951
1	217.095
1	262.035
1	307.472
1	204.475
1	271.466
1	219.179
1	175.033
1	195.025
1	218.953
1	142.741
1	195.288
1	217.718
1	144.602
1	151.272
1	120.572
1	148.338
1	155.054
1	224.109
1	164.111
1	255.88
1	251.723
1	177.599
1	175.334
1	213.617
1	123.83
1	280.848
1	313.708
1	167.104
1	206.822
1	178.396
1	215.4
1	146.935
1	202.245
1	110.463
1	200.888
1	165.705
1	207.502
1	152.519
1	349.292
1	143.903
1	136.757
1	165.809
1	218.674
1	263.928
1	188.158
1	264.219
1	213.925
1	206.102
1	212.59
1	188.018
1	175.894
1	154.906
1	256.158
1	239.666
1	121.956
1	255.423
1	244.041
1	203.063
1	281.216
1	253.221
1	130.167
1	255.674
1	207.909
1	196.484
1	249.124
1	158.141
1	325.27
1	342.592
1	227.923
1	176.762
1	220.856
1	155.412
1	177.931
1	161.405
1	173.042
1	122.707
1	234.111
1	185.6
1	160.174
1	156.576
1	138.802
1	300.075
1	161.05
1	333.539
1	188.742
1	125.213
1	205.911
1	196.608
1	167.994
1	168.002
1	192.664
1	200.277
1	222.054
1	141.977
1	254.659
1	166.272
1	207.642
1	187.409
1	174.247
1	188.426
1	94.9103
1	194.682
1	142.058
1	223.46
1	196.277
1	135.605
1	211.367
1	154.525
1	130.742
1	173.994
1	215.223
1	154.709
1	167.737
1	233.789
1	141.732
1	214.036
1	143.404
1	203.197
1	126.238
1	200.902
1	250.259
1	210.114
1	143.238
1	237.481
1	200.277
1	170.732
1	290.68
1	381.069
1	171.974
1	188.492
1	197.219
1	144.296
1	305.859
1	148.421
1	254.829
1	268.643
0	35.829
1	166.781
1	298.842
1	203.453
1	221.974
1	177.926
1	194.267
1	269.28
1	168.464
1	184.35
1	155.244
1	203.2
1	177.462
1	179.799
1	206.52
1	187.859
1	276.554
1	148.687
1	198.901
1	172.858
1	182.652
1	302.64
1	144.376
1	188.284
1	124.043
1	177.681
1	174.802
1	184.54
1	156.931
1	217.313
1	171.17
1	193.064
1	189.028
1	144.911
1	243.548
1	247.265
1	193.354
1	220.222
1	219.565
1	157.857
1	297.455
1	211.937
1	255.039
1	217.522
1	152.738
1	158.018
1	197.077
1	163.701
1	194.283
1	158.576
1	210.747
1	224.769
1	250.017
1	107.502
1	196.13
1	177.114
1	293.436
1	168.068
1	193.731
1	181.183
1	144.752
1	108.882
1	284.637
1	136.782
1	250.123
1	209.433
1	268.083
1	188.706
1	157.106
1	193.121
1	465.314
1	162.674
1	189.736
1	278.756
1	117.895
1	161.258
1	178.352
1	276.09
1	218.061
1	172.452
1	212.151
1	192.64
1	147.666
1	174.733
1	258.737
1	213.415
1	245.96
1	203.878
1	158.812
0	25.4677
1	221.896
1	286.618
1	179.721
1	167.752
1	147.333
1	218.731
1	104.722
1	147.791
1	182.084
1	194.487
1	211.125
1	229.248
1	173.459
1	214.16
1	143.698
1	227.869
1	268.541
1	209.946
1	174.844
1	369.481
1	146.902
1	218.313
1	172.647
1	117.169
1	218.174
1	190.169
1	220.546
1	219.864
1	226.405
1	196.233
1	176.334
1	143.295
1	295.905
1	224.563
1	178.881
1	220.616
1	190.478
1	173.238
1	216.46
1	172.787
1	242.606
1	375.905
1	159.215
1	329.002
1	166.12
1	188.925
1	261.575
1	198.987
1	211.046
1	293.089
1	199.234
1	212.428
1	239.732
1	179.83
1	312.499
1	270.259
1	161.976
1	164.339
1	177.734
1	238.47
1	180.727
1	204.384
1	229.167
1	140.921
1	224.536
1	234.934
1	279.844
1	206.67
1	206.771
1	183.973
1	162.945
1	202.077
1	142.21
1	202.867
1	132.864
1	171.33
1	297.909
1	139.245
0	32.2162
1	186.519
1	201.912
1	180.052
1	198.853
1	257.061
1	245.363
1	149.754
1	243.326
1	238.707
1	181.752
1	408.681
1	216.809
1	283.116
1	202.804
1	184.386
1	208.051
1	237.275
1	155.629
1	253.522
1	179.747
1	195.372
1	245.988
1	170.124
1	187.202
1	193.328
1	169.987
1	165.739
1	228.515
1	225.661
1	278.212
1	213.27
1	196.683
1	172.907
1	242.168
1	301.015
1	204.553
1	164.562
1	162.377
1	136.705
1	150.029
1	212.42
1	189.628
1	156.601
1	205.243
1	259.759
1	200.143
1	134.054
1	202.459
1	228.374
1	213.023
1	170.446
1	175.087
1	195.319
0	9.10127
1	351.136
1	201.129
1	211.671
1	216.096
1	182.719
1	180.751
1	285.719
1	169.189
1	228.063
1	297.21
1	296.771
1	218.815
1	128.43
1	203.153
1	167.514
1	249.086
1	176.937
1	254.711
1	214.256
1	212.96
1	256.713
1	195.881
1	212.132
1	201.859
1	185.878
1	242.28
1	200.16
1	166.592
1	224.414
1	191.547
1	193.465
1	241.45
1	174.952
1	165.643
1	187.076
1	209.791
1	217.196
1	188.546
1	182.413
1	189.449
1	205.232
1	181.256
1	265.616
1	205.342
1	138.226
1	173.944
1	125.799
1	152.115
1	299.944
1	173.873
1	163.637
1	157.669
1	208.626
1	293.405
1	247.774
1	166.429
1	157.313
1	270.076
1	284.427
1	187.58
1	184.427
1	157.482
1	147.588
1	154.145
1	224.827
1	129.66
1	223.263
1	173.206
1	245.883
1	172.766
1	243.399
1	277.009
1	161.417
1	191.483
1	206.426
1	179.699
1	215.47
1	187.597
1	235.581
1	278.242
1	257.567
1	157.688
1	155.587
1	186.885
1	249.257
1	167.271
1	280.308
1	210.109
1	182.88
1	284.113
1	187.307
1	219.826
1	201.001
1	182.959
1	238.205
1	227.652
1	202.234
1	156.646
1	185.27
1	173.615
1	260.703
1	193.842
1	157.891
1	165.072
1	180.223
1	147.903
1	256.394
1	231.886
1	213.42
1	208.045
1	138.298
1	189.914
1	195.182
1	211.799
1	262.703
1	241.225
1	156.174
1	207.678
1	178.617
1	193.377
1	219.934
1	208.724
1	136.186
1	151.613
1	184.159
1	210.577
1	229.228
1	152.282
1	192.954
1	136.228
1	132.513
1	147.166
1	172.828
1	197.529
1	305.208
1	213.499
1	210.872
1	217.327
1	181.905
1	132.937
1	219.212
1	287.163
1	230.555
1	199.131
1	158.663
1	172.33
1	237.032
1	191.757
1	261.743
1	212.084
1	177.761
1	146.129
1	193.094
1	215.087
1	198.351
1	148.429
1	191.368
1	223.913
1	157.451
1	162.584
1	336.488
1	198.723
1	230.418
1	221.612
1	225.794
1	224.008
1	152.711
1	156.738
1	209.31
1	173.57
1	172.81
1	187.861
1	196.323
1	239.713
1	211.386
1	153.913
1	204.034
1	203.837
1	326.659
1	142.21
1	171.007
1	211.167
1	212.565
1	159.89
1	166.268
1	217.746
1	166.684
1	207.096
1	153.174
1	148.172
1	187.262
0	39.5217
1	123.738
1	189.716
1	159.717
1	208.791
1	180.464
1	228.635
1	246.27
1	156.671
1	95.9705
1	134.283
1	154.496
1	167.997
1	293.28
1	166.077
1	257.026
1	195.763
1	269.605
1	199.844
1	161.587
1	242.082
1	207.121
1	181.902
1	172.81
1	170.504
1	262.949
1	183.72
1	249.239
1	249.414
1	204.566
1	192.583
1	144.577
1	206.527
1	206.598
1	223.758
1	205.04
1	192.945
1	224.312
1	173.486
1	219.509
1	127.876
1	174.964
1	166.436
1	214.057
1	208.205
1	422.907
1	178.229
1	258.442
1	186.38
1	271.706
1	166.378
1	178.46
1	160.798
1	178.537
1	266.126
1	216.927
1	187.077
1	139.811
1	198.388
1	207.676
0	9.84746
1	122.874
1	217.231
1	145.365
1	153.412
1	303.387
1	204.005
1	228.657
1	231.1
1	223.169
1	161.967
1	188.463
1	238.488
1	161.046
1	337.252
1	216.112
1	201.221
1	168.154
1	164.331
1	172.727
1	157.055
1	229.163
1	157.876
1	171.994
1	260.701
1	237.374
1	213.371
1	178.093
1	196.119
1	177.442
1	201.673
1	146.129
1	152.625
1	198.545
1	264.246
1	290.531
1	270.769
1	222.744
1	160.252
1	232.073
1	212.599
1	197.018
1	186.344
1	157.975
1	209.291
1	205.987
1	205.911
1	245.015
1	170.293
1	167.742
1	212.019
1	137.344
1	159.856
1	179.506
1	157.299
1	186.557
1	191.908
1	211.665
1	142.978
1	222.322
1	113.856
1	159.293
1	191.281
1	155.356
1	199.821
1	327.915
1	230.313
1	130.542
1	281.382
1	237.131
1	168.416
1	230.189
1	142.73
1	220.041
1	260.142
1	218.538
1	154.62
1	175.701
1	229.914
1	262.738
1	271.214
1	307.01
1	275.393
1	211.804
1	244.456
1	152.319
1	212.342
1	183.594
1	209.157
1	252.571
1	238.823
1	139.575
1	138.793
1	191.848
1	223.111
1	224.926
1	205.176
1	285.952
1	172.615
1	173.418
1	252.002
1	173.94
1	183.341
1	152.119
1	220.912
1	229.218
1	125.507
1	133.169
1	254.593
1	178.222
1	248.075
1	132.746
1	172.178
1	169.586
1	209.035
1	167.29
1	179.548
1	287.819
1	187.869
1	175.67
1	178.614
1	178.961
1	174.611
1	181.73
1	162.506
1	229.015
1	238.517
1	182.982
1	166.017
1	192.335
1	167.011
1	219.381
0	33.2353
1	205.923
1	162.097
1	199.258
1	155.949
1	225.4
1	245.807
1	147.613
1	130.799
1	244.375
1	348.475
1	241.28
1	227.123
1	245.987
1	225.231
1	203.3
1	160.086
1	181.235
1	269.036
1	242.98
1	145.775
1	309.981
1	141.557
1	214.319
1	291.987
1	186.602
1	177.183
1	230.876
1	227.921
1	188.459
1	147.314
1	190.928
1	331.507
1	148.685
1	168.477
1	341.968
1	163.834
1	172.173
1	296.9
1	278.175
1	298.45
1	164.802
1	146.07
1	134.231
1	360.047
1	235.031
1	463.569
1	203.891
1	216.111
1	237.961
1	189.719
1	370.596
1	175.435
1	183.904
1	197.873
1	195.41
1	207.844
1	208.601
0	2.81353
1	202.712
1	172.612
1	152.532
0	117.14
1	182.205
1	233.118
1	191.523
1	217.292
1	173.64
1	168.676
1	188.57
1	219.016
1	239.972
1	223.476
1	264.207
1	272.307
1	170.801
1	251.868
1	272.265
1	199.43
1	187.702
1	180.883
1	183.523
1	140.809
1	183.301
1	166.431
1	312.035
1	211.525
1	231.33
1	162.916
1	254.168
1	141.266
1	183.493
1	170.357
1	144.881
1	220.364
1	173.202
1	276.403
1	253.352
0	96.3936
1	158.41
1	193.959
1	271.396
1	203.153
1	242.54
1	181.584
1	196.456
0	7.44821
1	210.355
1	212.507
1	279.101
1	160.555
1	209.284
1	221.049
1	128.445
1	195.576
1	171.691
1	193.651
1	174.717
1	203.722
1	213.375
1	163.012
1	219.432
1	178.556
1	228.215
1	159.979
1	134.018
1	170.632
1	203.463
1	170.349
1	195.651
1	183.876
1	326.513
1	131.47
1	289.777
1	211.753
1	178.49
1	190.668
1	233.088
1	183.05
1	232.654
1	199.851
1	322.585
1	269.966
1	159.548
1	192.517
1	194.9
1	288.728
1	201.764
1	200.984
1	193.415
1	196.835
1	118.451
1	166.138
1	118.435
1	146.583
1	208.745
1	221.275
1	177.244
1	260.81
1	213.893
1	142.293
1	153.174
1	157.293
1	156.905
1	162.858
1	189.458
1	167.431
1	225.821
1	183.573
1	230.116
1	162.019
1	156.304
1	171.04
1	186.916
1	230.09
1	177.505
1	232.6
1	151.992
1	191.123
1	198.662
1	307.563
1	143.683
1	161.508
1	241.353
1	121.071
1	140.721
1	312.899
1	193.687
1	168.168
1	209.461
1	369.415
1	404.745
1	212.823
1	194.197
1	198.864
1	166.354
1	274.609
1	173.088
1	182.72
1	141.184
1	197.971
1	156.696
1	159.006
1	171.361
0	15.1721
1	152.305
1	166.842
1	242.008
1	182.524
1	186.498
1	140.692
1	303.714
1	382.727
1	293.801
1	234.71
1	206.372
1	221.125
1	183.843
1	204.659
1	210.43
0	42.5998
1	254.155
1	237.836
1	179.7
1	141.436
1	172.312
1	174.698
1	191.802
1	148.149
1	271.757
1	219.604
1	317.907
1	228.623
1	175.344
1	198.916
1	187.754
1	175.993
1	229.334
1	196.817
1	207.476
1	253.099
1	142.809
1	138.658
1	197.298
1	224.433
1	184.185
1	281.661
1	370.496
1	196.814
1	160.465
1	241.202
1	334.121
1	192.048
1	204.589
1	194.023
1	147.725
1	223.349
1	193.745
1	159.625
1	161.659
1	179.407
1	173.413
1	153.617
1	190.921
1	188.579
1	213.206
1	239.086
1	153.528
1	168.535
1	171.964
1	288.139
1	232.357
1	161.094
1	168.563
1	185.294
1	175.44
1	181.918
1	148.932
1	166.353
1	166.459
1	196.636
1	275.428
1	138.577
0	6.53261
1	248.135
1	262.941
1	269.77
1	168.103
1	204.592
1	298.109
1	156.479
1	172.444
1	302.393
1	192.553
1	209.047
1	197.306
1	151.821
1	262.875
1	183.891
1	195.292
1	212.793
1	163.04
1	139.377
1	196.239
1	207.86
1	179.646
1	258.254
1	167.191
1	159.128
1	195.984
1	199.368
1	165.383
1	212.656
1	145.475
1	151.303
1	227.503
1	205.881
1	166.493
1	253.407
1	168.691
1	151.996
1	152.106
1	133.834
1	205.631
1	160.213
1	185.118
1	166.793
1	173.433
1	207.7
1	270.516
1	198.428
1	131.515
1	169.457
1	171.713
1	194.235
1	231.742
1	146.301
1	194.612
1	201.982
1	232.506
1	153.844
1	125.08
1	252.227
1	252.399
1	154.851
1	137.372
1	232.357
1	173.091
1	205.829
1	157.907
1	212.638
1	293.34
1	166.606
1	288.487
1	186.275
1	198.414
1	212.226
1	163.577
1	210.439
1	174.024
1	194.445
1	251.427
1	202.49
1	182.124
1	136.55
1	167.734
1	176.315
1	187.836
1	185.299
1	225.055
1	141.121
1	246.919
1	205.721
1	278.651
1	179.722
1	188.443
1	173.027
1	209.877
1	186.411
1	307.967
1	144.828
1	245.693
1	197.342
1	149.861
1	193.881
1	158.702
1	139.991
1	273.687
1	147.587
1	135.515
1	314.348
1	244.605
1	163.739
1	210.765
1	395.975
1	209.3
1	257.31
1	124.145
1	178.333
1	276.095
1	141.015
1	201.665
1	259.641
1	232.669
1	182.71
1	259.232
1	195.76
1	290.566
1	179.318
1	225.966
1	132.639
1	206.907
1	221.111
0	10.4959
1	178.55
1	372.963
1	207.085
1	194.527
1	199.173
1	177.326
1	195.198
1	228.551
1	236.706
1	125.927
1	171.07
1	261.298
0	4.40694
1	283.529
1	162.17
1	154.488
1	218.216
1	127.466
1	192.153
1	234.451
1	264.48
1	193.993
1	321.891
1	184.882
1	245.155
1	181.371
1	179.122
1	203.57
1	213.17
1	197.226
1	181.528
1	278.744
1	145.997
1	176.081
1	204.782
1	203.45
1	145.738
1	133.758
1	172.992
0	20.0406
1	219.993
1	126.306
1	169.144
1	228.552
1	138.663
1	195.443
1	154.879
1	146.036
1	125.797
1	184.991
1	157.092
1	202.364
1	198.198
1	173.748
1	214.997
1	201.585
1	163.139
1	172.489
1	197.539
1	168.621
1	162.746
1	211.819
1	177.733
1	167.188
1	228.782
1	171.314
1	184.132
1	219.812
1	166.374
1	163.842
1	303.987
1	227.062
1	226.015
0	2.92033
1	202.273
1	167.22
1	200.265
1	172.404
1	172.44
1	260.516
1	172.54
1	237.323
1	225.858
1	145.598
1	201.768
1	300.807
1	236.395
1	188.575
1	185.307
1	232.241
1	219.505
1	193.875
1	202.817
1	352.629
1	271.305
1	218.466
1	245.281
1	178.575
1	255.354
1	183.928
1	371.581
1	205.268
1	191.802
1	164.013
1	201.93
1	148.108
1	178.859
1	155.068
1	123.452
1	150.032
1	246.747
1	186.943
1	150.172
1	274.499
1	177.414
1	208.642
1	248.871
1	203.544
1	201.378
1	137.558
1	204.067
1	229.975
1	214.741
1	215.306
1	178.21
1	157.278
1	284.515
1	189.87
1	136.787
1	199.26
1	207.079
1	172.388
1	206.83
1	159.304
1	180.446
1	256.543
1	244.799
1	236.412
1	211.955
1	264.115
1	170.004
1	169.734
1	181.852
1	253.278
1	226.168
1	244.005
1	226.62
1	182.221
1	143.432
1	228.771
1	213.781
1	293.137
1	230.212
1	177.796
1	240.268
1	221.084
1	252.26
1	268.477
1	154.343
1	210.064
1	205.574
1	134.448
1	257.968
0	7.90218
1	166.918
1	192.959
1	283.763
1	135.786
1	140.349
1	182.157
1	175.776
1	148.412
1	179.037
1	167.475
1	97.9699
1	231.459
1	207.003
1	231.758
1	188.462
1	211.862
1	271.325
1	193.191
1	191.331
1	165.067
0	52.5308
1	272.313
1	190.487
1	201.024
1	179.27
1	255.885
1	160.013
1	156.614
1	248.034
1	207.976
0	16.1216
1	131.122
1	156.502
1	170.809
1	138.129
1	238.721
1	196.246
1	264.986
1	193.365
1	203.12
1	366.277
1	230.686
1	135.57
1	338.37
1	176.282
1	240.429
1	281.084
1	397.811
1	166.992
1	202.448
1	138.856
1	147.45
1	188.63
1	277.897
1	309.092
1	199.722
1	205.571
1	184.006
1	232.412
1	169.309
1	158.891
1	192.677
1	184.11
1	243.178
1	176.444
1	154.081
1	200.805
1	199.338
1	159.174
1	174.773
1	145.748
1	237.314
1	220.619
1	177.357
1	189.341
1	158.885
1	168.667
1	244.428
1	141.126
1	184.862
1	213.237
1	299.277
1	201.235
1	162.451
1	215.287
1	184.832
1	188.499
1	143.941
1	251.264
1	182.09
1	214.94
1	180.097
1	157.409
1	162.773
1	205.629
1	260.429
1	325.562
1	195.114
1	177.576
1	249.082
1	302.812
1	241.742
1	205.954
1	233.698
1	192.057
1	209.894
1	271.198
1	213.173
1	293.786
1	212.083
1	212.718
1	169.836
1	162.511
1	309.289
1	226.358
1	251.085
1	276.261
1	260.987
1	169.083
1	235.499
1	198.436
1	153.192
1	112.317
1	251.525
1	236.959
1	198.748
1	203.167
1	167.063
1	238.188
1	205.035
1	248.807
1	158.723
1	168.154
1	187.557
1	195.225
1	204.618
1	197.937
1	195.972
1	148.893
1	188.438
1	203.057
1	216.173
1	177.37
1	150.558
1	249.732
1	110.613
1	189.439
1	218.525
1	197.657
1	231.787
1	244.983
1	182.087
1	163.462
1	194.218
1	409.078
1	200.73
1	261.806
0	9.81855
1	176.135
1	179.65
1	227.285
1	201.868
1	344.784
1	258.019
1	347.388
1	209.869
1	192.424
1	219.678
1	142.273
1	168.734
1	190.495
1	260.338
1	197.612
1	233.527
1	176.086
1	170.912
1	149.726
1	132.299
1	176.332
1	181.636
1	275.521
1	154.712
1	506.585
1	240.783
1	262.171
1	276.001
1	235.438
1	160.57
1	318.201
1	312.924
1	192.166
1	230.012
1	218.579
1	343.366
1	149.72
1	168.957
1	173.939
1	144.47
1	183.896
1	220.53
1	168.803
1	229.315
1	340.454
1	204.611
1	225.963
1	135.48
1	287.501
1	239.418
1	258.091
1	296.541
1	218.827
1	253.983
1	248.032
1	170.829
1	217.09
1	249.942
1	210.723
1	235.345
1	180.93
1	144.834
1	195.876
1	197.117
1	243.405
1	203.298
1	173.277
1	177.299
1	262.278
1	208.36
1	201.593
1	263.38
1	170.829
1	230.183
1	309.768
1	336.968
1	168.408
1	157.934
1	173.37
1	254.535
1	214.407
1	152.661
1	179.684
1	233.959
1	268.044
1	239.598
1	183.569
1	195.939
1	309.12
1	175.568
1	177.408
1	214.766
1	160.122
1	151.536
1	181.352
1	190.056
1	180.424
1	214.013
1	229.161
1	272.004
1	224.552
1	163.843
1	206.853
1	245.397
1	163.882
1	185.571
1	158.103
1	161.937
1	215.798
1	147.925
1	117.705
1	190.389
0	0.990772
1	355.17
1	139.606
1	183.558
1	219.863
1	198.209
1	137.832
1	173.158
1	212.571
1	184.009
1	364.329
1	159.025
1	217.512
1	204.345
1	301.984
1	215.53
1	139.109
1	153.52
1	184.148
1	147.094
1	144.132
1	228.344
1	196.501
1	162.921
1	158.645
1	202.503
1	202.541
1	317.033
1	214.171
1	155.723
1	318.809
1	146.607
1	199.923
1	196.926
1	210.919
1	206.833
1	172.207
1	294.353
1	147.067
1	175.132
1	166.855
1	180.967
1	137.872
1	148.341
1	135.391
1	205.923
1	210.374
1	141.559
1	196.662
1	124.248
1	247.603
1	212.436
1	176.038
1	256.043
1	254.395
1	236.369
1	259.177
1	196.12
1	133.897
1	190.191
1	205.091
1	217.365
1	141.006
1	174.249
1	185.835
1	223.213
1	155.408
1	234.049
1	167.461
1	256.543
1	225.18
1	160.962
1	243.475
1	185.252
1	170.623
1	169.007
1	168.048
1	164.225
1	155.463
1	181.47
1	229.085
1	176.239
1	181.426
1	176.941
1	161.549
1	222.306
1	175.49
1	208.766
1	157.337
1	233.057
1	147.821
1	290.664
1	180.096
1	176.782
1	162.913
1	276.076
1	434.901
1	221.69
1	131.578
1	210.306
1	216.963
1	222.55
1	337.853
1	209.368
1	163.756
1	182.486
1	209.014
1	176.573
1	145.969
1	196.844
1	193.421
1	206.815
1	276.479
1	204.86
1	216.204
1	202.314
1	155.676
1	216.047
1	194.126
1	172.516
1	203.731
1	231.327
1	146.88
1	147.783
1	139.23
1	209.059
1	189.928
1	175.23
1	127.281
0	3.14945
1	233.877
1	166.697
1	204.978
1	193.571
1	191.767
1	187.462
1	155.002
1	236.797
1	248.644
1	175.76
1	173.148
1	217.661
1	237.726
1	282.458
1	184.603
1	326.559
1	236.683
1	173.262
1	178.163
1	178.932
1	202.449
1	178.718
1	207.245
1	129.185
1	175.474
1	223.654
1	234.639
1	197.237
1	199.719
1	191.698
1	229.03
1	282.739
1	198.841
1	240.06
1	208.197
1	178.326
1	245.278
1	197.979
1	191.154
1	233.762
1	170.165
1	255.689
1	228.899
1	149.471
1	176.585
1	196.866
1	286.069
1	161.114
1	205.15
1	148.549
1	222.988
1	168.826
1	236.559
1	177.281
1	174.478
1	176.566
1	242.556
1	233.213
1	140.661
1	176.405
1	190.668
1	250.825
1	182.677
1	202.548
1	173.568
1	273.802
1	237.611
1	154.616
1	183.274
1	267.532
1	230.061
1	155.232
1	178.201
0	64.7251
1	202.205
1	175.77
1	326.795
1	232.761
1	218.865
1	174.415
1	290.76
1	248.679
1	234.973
1	154.354
1	168.962
1	286.578
1	152.066
1	171.828
1	199.385
1	137.642
1	356.824
1	141.266
1	209.364
1	152.791
1	182.949
1	151.865
1	230.601
1	320.598
1	240.346
1	189.621
1	132.496
1	194.473
1	199.486
1	155.572
1	136.384
1	151.212
1	214.736
1	151.726
1	334.665
1	167.792
1	193.311
1	202.801
1	188.428
1	213.391
1	245.941
1	347.598
1	198.563
1	166.969
1	185.4
1	212.073
1	126.355
1	225.748
1	158.831
1	273.316
1	298.073
1	234.115
1	172.961
1	271.744
1	243.742
1	240.678
1	148.12
1	260.87
1	165.718
1	193.308
1	215.897
1	164.732
1	173.787
1	209.311
1	166.86
1	267.571
1	272.604
1	154.83
1	255.54
0	2.30076
1	145.503
1	199.016
1	244.593
1	369.123
1	261.12
1	216.671
1	177.346
1	207.07
1	143.238
1	240.191
1	260.709
1	237.218
1	224.287
1	208.21
1	180.323
1	322.803
1	186.55
1	156.26
1	204.416
1	211.523
1	181.529
1	172.078
1	162.975
1	241.206
1	188.557
1	172.655
1	271.723
1	244.94
1	209.032
1	140.933
1	167.581
1	241.825
1	177.406
1	206.46
1	166.5
1	228.396
1	243.962
1	241.826
1	207.469
1	206.469
1	206.027
1	116.618
1	155.659
1	201.547
1	281.275
1	182.56
1	211.242
1	200.796
1	169.899
1	267.946
1	164.618
1	190.369
1	194.661
0	35.4004
1	158.232
1	184.741
1	209.561
1	233.006
1	193.892
1	166.118
1	164.751
1	257.772
1	264.69
1	230.929
1	262.267
1	192.576
1	201.542
1	153.413
1	223.48
1	211.976
1	225.937
1	133.59
0	63.3287
1	184.304
1	197.981
1	165.399
1	270.98
1	149.724
1	244.226
1	183.46
1	172.88
1	251.343
1	298.103
1	149.495
1	186.109
1	247.298
1	209.422
1	222.554
1	152.678
1	210.051
1	207.116
1	144.651
1	259.952
1	136.719
1	197.245
1	128.924
1	171.784
1	257.982
1	179.036
1	218.645
0	7.32995
1	177.248
1	199.385
1	165.87
1	211.405
1	257.505
1	269.952
1	251.551
1	249.923
1	304.78
1	202.4
1	168.836
0	89.6104
1	239.947
1	196.179
1	260.619
1	196.693
1	148.052
1	175.736
1	188.711
1	204.757
1	215.463
1	213.937
1	187.323
1	179.371
1	178.322
1	209.599
1	312.282
1	196.804
1	149.291
1	171.203
1	218.699
1	144.993
1	227.224
1	282.946
1	180.211
1	186.026
1	163.985
1	193.019
1	267.461
1	161.724
1	246.266
1	258.687
1	207.014
1	288.054
1	173.825
1	143.807
1	125.852
1	145.567
1	254.701
1	149.133
1	265.791
1	195.354
1	305.56
1	248.711
1	327.517
1	161.686
1	280.033
1	214.856
1	139.209
1	204.883
1	469.569
1	174.379
1	185.318
1	204.952
1	191.737
1	171.068
1	261.568
1	177.076
1	147.254
1	184.696
1	179.945
1	222.365
1	201.84
1	305.167
1	200.576
1	240.505
1	228.948
1	128.234
1	179.249
1	177.005
1	198.974
1	241.996
1	186.998
1	173.251
1	226.209
1	184.904
1	201.903
1	228.554
1	251.447
1	245.063
1	234.464
1	187.023
1	129.634
1	108.308
1	239.823
1	184.622
1	123.502
1	201.662
1	251.852
1	298.278
1	186.185
1	244.028
1	147.534
1	283.93
1	309.516
1	154.088
1	216.615
1	194.459
1	129.678
1	276.151
1	197.135
1	180.447
1	199.675
1	154.93
1	217.582
1	206.021
1	156.872
1	301.867
1	167.558
1	169.032
1	136.33
1	206.678
1	172.179
1	184.4
1	141.25
1	155.735
1	165.425
1	372.477
1	265.296
1	174.2
1	161.376
1	270.762
1	217.691
0	1.77786
1	166.367
1	191.227
1	407.235
1	153.497
1	235.002
1	300.144
1	163.551
1	100.552
1	178.983
1	234.879
1	152.858
1	201.051
1	182.821
1	231.48
1	233.874
0	62.9273
1	172.521
1	273.219
1	134.462
1	172.254
1	166.641
1	258.386
1	317.1
1	288.409
1	197.664
1	200.307
1	254.97
1	166.662
1	230.227
1	164.37
1	132.25
1	164.232
1	159.226
1	194.28
1	159.799
1	211.767
1	162.137
1	165.375
1	175.745
1	143.163
1	183.178
1	145.814
1	162.072
1	214.514
1	167.874
1	222.36
1	235.561
1	179.884
1	229.541
1	181.632
1	172.595
1	208.125
1	158.794
1	249.826
1	236.358
1	169.418
1	193.507
1	163.024
1	268.42
1	277.467
1	147.932
1	238.941
1	142.724
1	239.762
1	211.011
1	151.52
1	182.528
1	159.304
1	215.97
1	233.187
1	130.3
1	216.969
1	196.543
1	209.229
1	185.414
1	236.181
1	258.269
1	198.031
1	263.897
1	230.932
1	138.26
1	201.245
1	214.54
1	220.566
1	150.513
1	139.551
1	195.442
1	175.241
1	276.354
1	231.551
1	179.961
1	319.826
1	124.902
1	157.095
1	251.854
1	175.285
1	177.635
1	178.367
1	186.153
1	159.055
1	242.377
1	253.85
1	181.353
1	151.256
0	16.9422
1	185.706
1	129.042
1	166.168
1	165.891
1	153.192
1	308.439
1	229.653
1	129.188
1	155.523
1	174.72
1	170.34
1	194.696
1	193.592
1	117.423
1	156.623
1	178.434
1	174.254
1	180.504
1	157.218
1	205.804
1	188.648
1	159.477
1	200.739
1	198.443
1	181.295
1	200.575
1	239.029
1	171.763
1	193.924
1	227.069
1	273.546
1	230.574
1	233.18
1	142.076
1	196.81
1	126.337
1	194.255
1	251.498
1	351.021
1	251.383
1	277.614
1	160.079
1	152.682
1	205.49
1	272.67
1	204.366
1	224.104
1	267.97
1	258.203
1	160.688
1	187.315
1	235.924
1	174.14
1	236.074
1	178.873
1	178.787
1	175.27
1	170.315
1	222.926
1	150.897
1	159.918
1	210.215
1	171.98
1	174.492
1	226.861
1	190.854
1	176.643
1	241.389
1	206.188
1	178.078
1	204.518
1	182.702
1	199.289
1	192.924
1	289.827
1	213.775
1	198.403
1	257.41
1	195.191
1	289.205
1	191.189
1	191.614
1	201.716
1	314.495
1	139.209
1	147.953
1	216.465
1	159.41
1	169.108
1	183.763
1	168.923
1	167.676
1	218.179
1	196.918
1	180.622
1	147.581
1	184.579
1	287.533
1	209.31
1	129.031
1	175.622
1	204.306
1	140.76
1	227.186
1	243.701
1	266.68
1	178.636
1	192.491
0	0.822024
1	229.899
1	136.83
1	187.34
1	302.525
1	263.447
1	249.413
1	244.38
1	223.118
1	220.488
1	174.983
1	133.34
1	170.371
1	266.445
1	189.774
1	167.164
1	192.214
1	164.926
1	227.692
1	247.694
1	313.228
1	159.204
1	158.678
1	138.579
1	172.279
1	213.471
1	218.545
1	188.274
1	211.696
1	156.348
1	228.142
1	175.254
1	154.033
1	157.669
1	177.823
1	139.446
1	112.38
1	205.247
1	195.508
1	258.42
1	206.432
1	166.824
1	164.806
1	167.475
1	137.042
1	264.267
1	144.629
1	245.696
1	158.202
1	283.234
1	298.328
1	202.744
1	220.399
1	215.708
1	167.894
1	161.961
1	325.078
1	157.435
1	157.601
1	221.801
1	124.112
1	328.431
1	182.328
1	252.669
1	350.113
1	266.916
1	183.939
1	181.283
1	169.524
1	182.253
1	141.07
1	223.438
1	205.659
1	181.936
1	282.206
1	232.845
1	185.446
1	409.821
1	241.055
1	177.205
1	370.09
1	164.862
1	151.238
1	226.727
1	147.926
1	190.02
1	181.357
1	157.074
1	152.761
1	181.959
1	179.666
1	174.369
1	228.492
1	172.701
1	143.033
1	192.943
1	205.297
1	221.62
1	215.182
1	364.339
1	233.595
1	145.705
1	309.671
1	162.567
1	200.811
1	176.033
1	202.795
1	183.443
1	214.172
1	260.806
1	156.128
1	348.179
1	124.683
1	162.249
1	194.008
1	197.385
1	281.385
1	191.042
1	218.796
1	236.77
1	177.234
1	150.726
1	193.806
1	307.127
1	166.926
1	164.907
1	182.015
1	138.229
1	135.042
1	178.284
1	197.826
1	140.622
1	151.923
1	227.072
1	232.711
1	163.036
1	298.02
1	231.441
1	284.705
1	247.116
1	236.06
1	125.398
1	213.427
1	335.489
1	197.674
1	218.885
1	173.103
1	168.512
1	146.259
1	212.265
1	172.569
1	131.239
1	192.724
1	248.892
1	206.89
1	210.318
1	229.09
1	154.211
1	132.464
1	215.565
1	205.412
1	286.869
1	265.663
1	210.049
1	167.869
1	155.48
1	183.387
1	260.442
1	249.464
1	241.309
1	226.336
1	206.878
1	249.207
1	209.94
1	183.466
1	272.614
1	235.965
1	127.24
1	213.455
1	185.838
1	173.798
1	208.381
1	278.201
1	214.734
1	173.51
1	323.801
1	183.644
1	166.063
1	128.172
1	231.195
1	192.684
1	248.357
1	182.19
1	233.822
1	180.723
1	158.31
1	237.439
1	162.596
1	139.847
1	120.021
1	228.871
1	176.894
1	281.506
1	181.439
1	251.324
1	168.753
1	215.963
1	169.918
1	129.136
1	244.691
1	173.411
1	327.465
1	298.179
1	266.519
1	168.603
1	215.344
1	171.437
1	226.107
1	157.584
1	212.771
1	198.282
1	160.224
1	254.515
1	158.193
1	187.988
1	217.169
1	258.504
1	196.573
1	193.557
1	196.491
1	185.208
1	305.545
1	132.72
1	248.941
1	208.214
1	211.903
1	166.92
1	184.349
1	178.373
1	212.88
1	177.336
1	318.159
1	241.646
1	257.289
1	202.297
1	149.564
1	194.144
1	250.738
1	176.897
1	200.038
1	196.323
1	236.63
1	215.425
1	199.123
1	188.839
1	178.087
1	202.905
1	187.429
1	240.552
1	248.407
1	187.431
1	162.438
1	184.83
1	195.299
1	159.044
1	209.252
1	159.21
1	200.514
1	263.849
1	233.763
1	228.22
1	196.395
1	271.492
1	176.963
1	213.734
1	233.053
1	164.248
1	183.793
1	245.604
1	186.105
1	175.648
1	365.469
1	258.171
1	225.474
1	150.614
1	182.036
1	176.857
1	167.411
1	324.649
1	254.615
1	183.355
1	219.835
1	239.655
1	134.898
1	174.335
1	186.45
1	133.803
1	191.203
1	210.88
1	233.439
1	232.84
1	176.045
1	221.927
1	153.582
1	220.693
1	251.301
1	324.779
1	179.369
1	206.777
1	128.376
1	245.976
1	157.818
1	205.317
1	247.647
1	213.422
1	189.749
1	205.917
1	300.879
1	257.612
1	227.537
1	150.487
1	240.863
1	154.32
1	138.458
1	239.602
1	218.398
1	188.629
1	240.936
1	170.473
1	196.491
1	193.535
1	252.432
1	288.588
1	154.344
1	197.444
1	222.455
1	285.041
1	180.817
1	165.494
1	183.397
1	164.679
1	243.144
1	166.815
1	163.323
1	203.203
1	267.436
1	181.286
1	184.717
1	131.344
1	300.635
1	199.388
1	145.746
1	159.746
1	255.187
1	249.463
1	152.318
1	213.452
1	168.98
1	144.138
1	274.404
1	223.88
1	185.784
1	205.867
1	172.423
1	307.165
1	192.876
1	217.135
1	255.702
1	146.945
1	311.66
1	188.62
1	140.3
1	191.726
1	196.033
1	172.332
1	263.934
1	148.589
1	209.755
1	180.914
1	141.443
1	176.312
1	222.67
1	200.811
1	179.901
1	173.514
1	151.552
1	198.422
1	189.183
1	158.729
1	293.056
1	176.121
1	194.735
1	200.912
1	185.595
1	170.385
1	152.826
1	240.584
1	252.379
1	159.985
1	196.335
1	205.843
1	288.679
1	206.947
1	204.771
1	274.68
1	159.681
1	210.227
1	161.234
1	290.539
1	170.478
1	138.469
1	249.263
1	175.349
1	131.298
1	177.385
1	171.594
1	125.75
1	205.957
1	191.534
1	166.522
1	227.691
1	166.189
1	169.234
1	160.024
1	203.032
1	136.805
1	155.226
1	201
1	149.812
1	224.045
1	243.53
1	166.981
1	212.941
1	161.257
1	129.739
1	285.541
1	208.281
1	194.718
1	219.918
1	176.745
1	157.863
1	162.38
1	180.433
1	208.833
1	208.958
1	204.678
1	193.829
1	169.463
1	175.207
1	383.75
1	127.658
1	145.148
1	436.592
1	172.3
1	243.187
1	177.314
1	194.454
1	193.461
1	181.963
1	108.986
1	221.406
1	234.206
1	257.587
1	189.662
1	175.408
1	144.755
1	135.506
1	200.009
1	182.102
1	230.764
1	201.262
1	247.859
1	272.867
1	163.695
1	342.061
1	260.765
1	214.058
1	185.966
1	242.697
0	11.2073
1	184.204
1	259.316
1	124.654
1	158.619
1	214.147
1	220.358
1	165.261
1	181.884
1	340.343
1	178.772
1	133.555
1	188
1	180.444
1	180.17
1	262.592
1	263.834
1	196.85
1	213.358
1	354.097
1	196.316
1	203.911
1	330.319
1	173.103
1	214.482
1	160.764
1	187.279
1	180.025
1	165.557
1	239.216
1	232.155
1	170.089
1	225.372
1	119.169
1	211.749
1	273.58
1	312.968
1	245.874
1	161.411
1	300.936
1	230.245
1	176.913
1	180.058
1	356.083
1	186.447
1	224.193
1	180.259
1	230.11
1	354.266
1	159.279
1	223.438
1	181.836
1	344.733
1	162.095
1	170.16
1	114.031
1	274.016
1	256.675
1	216.884
1	245.107
1	274.669
1	154.99
1	145.608
1	129.863
1	215.232
1	220.01
1	221.679
1	158.406
1	246.562
1	203.591
1	347.342
1	277.146
1	154.374
1	213.659
1	176.205
1	346.161
1	218.261
1	246.774
1	203.713
1	186.485
1	156.846
1	209.399
1	148.731
1	215.71
1	153.142
1	198.56
1	290.65
1	159.349
1	243.136
1	239.148
1	208.988
1	367.671
1	198.187
1	148.504
1	164.604
1	192.636
1	161.817
1	193.769
1	232.424
1	153.548
1	224.232
1	218.814
1	268.131
1	210.318
1	239.463
1	203.198
1	239.112
1	144.337
1	155.333
1	168.663
1	208.466
1	255.864
1	191.237
1	231.325
1	186.32
1	137.013
1	217.835
1	99.2111
1	192.35
1	187.09
1	311.89
1	156.927
1	184.417
1	151.579
1	232.343
1	151.839
1	200.059
1	157.402
1	176.915
1	176.001
1	393.257
1	315.455
1	209.424
1	249.675
1	213.436
1	285.51
1	193.637
1	139.007
1	177.621
1	343.038
1	195.898
1	146.992
1	172.818
1	228.697
1	262.802
1	160.787
1	166.12
1	175.85
1	260.45
1	154.342
1	218.377
1	174.344
1	185.665
1	186.729
1	139.036
1	177.461
1	192.324
1	214.918
1	159.21
1	191.469
1	310.363
1	293.661
1	281.613
1	205.691
1	196.429
1	186.983
1	150.329
1	209.837
1	342.684
1	211.961
1	209.9
1	235.858
1	296.355
1	207.315
1	139.514
1	172.202
1	234.057
1	183.509
1	339.842
1	177.101
1	230.266
1	199.388
1	194.456
1	199.233
1	195.101
1	163.958
1	180.854
1	215.549
1	228.594
1	146.012
1	242.517
1	220.615
1	190.676
1	151.928
1	249.526
1	184.128
1	207.62
1	267.996
1	209.509
1	163.897
1	215.273
1	362.268
1	184.978
1	285.132
1	163.522
1	228.927
1	153.451
1	215.202
1	166.358
1	222.531
1	189.95
1	179.161
1	206.798
1	136.555
1	148.439
1	174.689
1	225.407
1	343.237
1	227.582
1	222.769
1	210.539
1	210.273
1	130.362
1	189.348
1	248.842
1	278.451
1	262.846
1	175.772
1	242.364
1	169.916
1	247.641
1	209.542
1	163.902
1	232.151
1	314.659
1	218.286
1	193.67
1	182.631
1	150.276
1	244.664
1	275.646
1	137.439
1	317.889
1	161.02
1	195.58
1	220.696
1	190.515
1	164.224
1	187.039
1	173.52
1	192.683
1	213.18
1	192.783
1	231.046
1	168.826
1	171.595
1	132.218
1	178.163
1	280.067
1	295.62
1	126.179
1	281.982
1	220.841
1	210.184
1	187.69
1	304.355
1	184.63
1	247.126
1	223.541
1	200.228
1	208.716
1	173.962
1	228.009
1	184.656
1	173.423
1	172.265
1	169.16
1	167.135
1	144.185
1	217.148
1	167.247
1	219.307
1	201.952
1	128.149
1	246.434
0	85.9219
1	238.645
1	168.424
1	221.507
1	151.153
1	184.812
1	129.655
1	133.183
1	223.02
1	179.811
1	193.035
1	242.914
1	143.376
1	206.882
1	152.276
0	73.2828
1	177.824
1	192.156
1	195.129
1	209.545
1	192.176
1	194.695
1	173.405
1	229.212
1	171.594
1	231.471
1	148.072
1	145.097
1	215.669
1	154.879
1	130.675
1	162.189
1	189.306
1	310.351
1	171.099
1	185.37
1	159.365
1	238.061
1	211.178
1	154.111
1	171.121
1	87.6684
1	174.755
1	180.653
1	170.187
1	240.231
1	181.933
1	246.784
1	281.834
1	184.922
1	207.401
1	149.271
1	125.242
1	164.848
1	144.632
1	278.58
1	166.731
1	172.236
1	181.62
1	181.196
1	233.992
1	201.158
1	177.447
1	295.232
1	171.156
1	186.779
1	148.825
1	156.488
1	209.334
1	258.527
1	189.402
1	196.1
1	205.124
1	180.681
1	111.379
1	238.886
1	159.223
1	197.872
1	172.594
1	154.214
1	204.552
1	162.731
1	158.194
1	163.297
1	168.233
1	191.286
1	187.16
1	274.124
1	269.029
1	188.829
1	260.534
1	205.829
1	133.895
1	240.564
1	155.561
1	319.563
1	151.859
1	226.641
1	182.462
1	220.372
1	240.081
1	260.977
1	164.983
1	204.506
1	177.164
1	206.247
1	240.302
1	256.203
1	319.108
1	300.83
1	261.216
1	199.782
1	298.94
1	185.628
1	181.998
1	167.251
1	218.648
1	125.951
1	235.663
1	165.811
1	178.51
1	190.692
1	229.582
1	356.837
1	236.102
1	224.77
1	152.568
1	216.965
1	188.355
1	187.185
1	200.155
1	239.29
1	274.724
1	166.569
1	158.566
1	272.886
1	209.618
1	205.349
1	304.257
1	148.533
1	215.256
1	263.128
1	152.223
1	184.955
1	216.128
1	243.691
1	181.52
1	197.124
1	196.986
1	221.543
1	147.185
1	181.066
1	150.169
1	197.76
1	148.939
1	190.089
1	206.658
1	236.049
1	174.133
1	310.642
1	250.55
1	225.576
1	154.271
1	221.044
1	228.419
1	171.822
1	171.339
1	175.647
1	123.329
1	246.243
1	160.415
1	182.227
1	202.99
1	161.482
1	218.105
1	285.618
1	194.355
1	222.574
1	219.469
1	214.462
1	156.259
1	194.147
1	174.21
1	156.338
1	220.478
1	318.949
1	174.053
1	199.499
1	166.306
1	197.7
1	216.432
1	180.696
1	149.004
1	220.793
1	218.796
1	160.732
1	198.933
1	211.604
1	306.128
1	237.231
1	131.134
1	148.365
1	133.738
1	204.995
1	167.769
1	179.348
1	175.293
1	149.672
1	158.262
1	163.122
1	163.934
1	308.944
1	177.951
1	218.383
1	223.944
1	186.857
1	174.542
1	168.973
1	215.389
1	202.591
1	199.739
1	152.009
1	132.601
1	158.227
1	276.194
1	160.346
1	272.635
1	295.633
1	161.993
1	215.98
1	170.28
1	154.794
1	202.438
1	201.44
1	180.192
1	225.405
1	132.268
1	283.136
1	178.745
1	235.782
1	130.932
1	243.86
1	188.476
1	163.017
1	184.357
1	166.862
1	151.602
1	258.104
1	147.7
1	146.55
1	226.025
1	163.618
1	149.716
1	236.283
1	223.849
1	228.15
1	215.464
1	178.023
1	376.153
1	131.36
1	207.68
1	206.186
1	287.675
1	280.203
1	164.733
1	181.797
1	133.026
1	180.02
1	189.557
1	148.146
1	189.539
1	181.594
1	189.218
1	339.337
1	272.841
1	160.392
1	131.92
1	158.009
1	257.159
1	170.125
1	191.392
1	170.949
1	154.9
1	235.493
1	305.898
1	203.246
1	229.413
1	200.315
1	200.573
1	219.301
1	161.081
1	188.428
1	153.103
1	178.911
1	188.76
1	194.542
1	179.922
1	153.699
1	217.767
1	181.256
1	171.785
1	191.261
1	250.192
1	161.625
1	144.698
1	144.78
1	255.094
1	315.71
1	299.828
1	189.019
1	148.365
1	186.038
1	261.167
1	187.822
1	286.621
1	215.222
1	163.059
1	194.971
1	162.091
1	200.887
1	223.749
1	179.198
1	197.964
1	238.099
1	135.509
1	168.664
1	152.468
1	246.215
1	230.977
1	219.882
1	164.231
1	153.888
1	269.957
1	127.697
1	222.443
1	169.036
1	275.877
1	239.48
1	238.395
1	169.578
1	227.451
1	120.295
1	264.745
1	211.977
1	184.689
1	175.624
1	263.629
1	142.572
1	305.569
1	235.319
1	225.33
1	141.128
1	198.807
1	248.675
1	222.949
1	178.523
1	227.262
1	159.081
1	263.362
1	152.87
1	238.676
1	233.026
1	514.201
1	214.503
1	223.791
1	205.809
1	246.446
1	165.657
1	286.079
1	155.885
1	193.118
1	216.663
1	207.903
1	204.345
1	165.336
1	385.494
1	155.28
1	181.755
1	243.809
1	150.317
1	169.39
1	269.873
1	198.621
1	143.024
1	230.183
1	212.573
1	150.568
1	188.822
1	155.05
1	188.727
1	220.307
1	178.635
1	185.479
1	247.216
1	204.149
1	201.585
1	180.647
1	187.246
1	219.659
1	183.572
1	174.258
1	325.378
1	239.861
1	149.144
1	161.796
1	355.617
1	175.599
1	151.346
1	260.736
1	143.02
1	200.117
1	261.235
1	163.994
1	241.766
1	271.041
1	188.407
1	160.524
1	250.717
1	241.266
1	193.394
1	196.82
1	245.995
1	194.012
1	190.355
1	240.548
1	189.439
1	153.798
1	213.67
1	199.155
1	174.488
1	196.601
1	311.88
1	238.468
1	199.621
1	156.152
1	202.663
1	238.075
1	160.465
1	172.333
1	287.515
1	176.657
1	158.408
1	266.916
1	160.737
1	140.226
1	207.688
1	201.576
1	217.459
1	198.471
1	168.854
1	198.737
1	306.922
1	158.899
1	198.397
1	155.048
1	285.443
1	228.955
1	215.244
1	190.014
1	183.262
1	244.451
1	118.574
1	223.578
1	282.645
1	285.558
1	299.093
1	166.939
1	189.286
1	162.467
1	199.76
1	178.541
1	194.787
1	172.027
1	168.668
1	184.978
0	40.5302
1	159.949
1	238.135
1	245.397
1	253.062
1	131.041
1	228.988
1	227.129
1	324.066
1	328.588
1	230.562
1	254.396
1	223.223
1	268.52
1	238.664
1	218.856
1	171.572
1	248.563
1	163.55
1	135.902
1	176.627
1	246.763
1	149.218
1	202.696
1	210.814
1	178.312
1	220.777
1	182.373
1	152.723
1	159.14
1	143.1
1	192.04
1	232.844
1	241.557
1	151.192
1	209.068
1	150.149
1	176.302
1	210.269
1	194.487
1	181.76
1	231.102
1	182.038
1	122.683
1	205.4
1	257.913
1	181.644
1	259.189
1	197.194
1	188.229
1	320.342
1	157.154
1	242.998
1	243.057
1	160.355
1	274.898
1	197.781
1	190.331
1	165.427
1	223.135
1	238.455
1	244.518
1	192.344
1	191.208
1	136.25
1	177.612
1	239.431
1	158.071
1	265.687
1	142.331
1	132.198
1	219.843
1	150.948
1	198.76
1	238.96
1	164.07
1	172.061
1	177.992
1	214.659
1	164.125
1	273.701
1	193.175
1	198.172
1	183.904
1	223.526
1	250.665
1	176.496
1	216.355
1	172.266
1	163.891
1	162.915
1	237.56
1	209.708
1	170.075
1	200.314
1	179.344
1	200.197
1	191.219
1	191.703
1	206.909
1	186.286
1	211.396
1	252.276
1	173.583
1	141.714
1	190.165
1	114.108
1	209.615
1	223.208
1	302.77
1	203.946
1	195.106
1	181.625
1	173.582
1	200.533
1	173.713
1	161.61
1	119.11
1	157.481
1	257.22
1	220.476
1	229.381
1	126.191
1	229.33
1	246.335
1	150.776
1	246.366
1	244.361
1	270.561
1	122.955
1	253.2
1	176.839
1	171.546
1	294.279
1	202.91
1	238.47
1	220.7
1	244.625
1	170.224
1	215.076
1	202.072
1	193.074
1	168.277
1	192.698
0	7.60198
1	139.701
1	189.869
1	172.311
1	183.985
1	232.376
1	195.51
1	174.168
1	158.627
1	126.216
1	249.434
1	211.348
1	160.834
1	160.703
1	271.141
1	183.909
1	190.49
1	302.477
1	287.3
1	214.428
1	240.004
1	210.943
1	153.905
1	270.515
1	354.795
1	285.545
1	192.151
1	259.814
1	174.806
1	172.058
1	189.826
1	237.862
1	236.572
1	255.777
1	208.573
1	138.142
1	167.768
1	162.616
1	122.459
1	227.674
1	217.644
1	141.528
1	203.601
1	241.546
1	154.847
1	228.834
1	233.036
1	163.553
1	205.132
1	138.935
1	178.938
1	224.66
1	164.832
1	213.283
1	189.901
1	189.198
1	207.61
1	249.346
1	228.652
1	243.726
1	156.962
1	201.522
1	256.789
1	227.659
1	256.264
1	244.63
1	229.62
1	156.213
1	182.174
1	150.76
1	162.233
1	159.04
1	202.886
1	189.339
1	294.112
1	166.331
1	181.148
1	243.928
1	221.698
1	116.281
1	183.426
1	175.358
1	273.757
1	207.426
1	159.024
1	225.555
1	183.676
1	207.964
1	148.759
1	217.095
1	208.997
1	254.928
1	197.228
1	204.843
1	233.542
1	186.928
1	145.96
1	165.143
1	180.461
1	169.356
1	216.234
1	164.433
1	193.422
1	188.286
1	267.275
1	123.177
1	140.598
1	201.954
1	226.446
1	152.748
1	212.397
1	255.54
1	306.858
1	238.5
1	183.6
1	247.23
1	160.328
1	252.357
1	138.218
1	185.705
1	227.166
1	173.535
1	181.041
1	146.542
1	176.663
1	243.53
1	314.556
1	224.199
1	244.994
1	127.825
1	152.811
1	195.131
1	151.566
1	203.109
1	131
0	9.96655
1	159.841
1	236.105
1	190.901
1	170.113
1	241.669
1	198.875
1	160.41
1	196.21
1	199.817
1	221.722
1	198.757
1	219.032
1	170.13
1	341.987
1	145.735
1	166.837
1	256.299
1	204.636
1	203.903
1	154.429
1	217.25
1	156.709
1	167.182
1	177.76
1	177.159
1	224.052
1	171.993
1	150.137
1	222.938
1	198.892
1	192.241
1	239.658
1	124.821
1	191.834
1	163.323
1	177.38
1	304.931
1	212.787
1	204.99
1	139.778
1	169.431
1	207.321
1	271.553
1	199.488
1	198.561
1	214.17
1	263.793
1	238.725
1	242.633
1	164.149
1	239.216
1	253.448
1	180.225
1	203.383
1	164.681
1	202.899
1	122.365
1	125.968
1	183.916
1	229.656
1	390.122
1	171.465
1	158.026
1	134.107
1	222.432
1	167.393
1	286.591
1	231.645
1	169.248
1	244.162
1	168.83
1	212.658
1	291.991
1	174.476
0	3.45047
1	218.186
1	196.717
1	313.628
1	238.031
1	221.8
1	188.348
1	224.69
1	252.199
1	163.245
1	129.571
1	255.965
1	187.356
1	229.13
1	178.014
1	234.554
1	153.6
1	234.744
1	204.971
1	202.236
1	241.782
1	147.459
1	185.86
1	211.432
1	190.73
1	235.35
1	143.543
1	171.831
0	21.2317
1	193.129
1	192.607
1	242.222
1	192.252
1	156.87
1	220.769
1	160.637
1	264.845
1	303.427
1	171.289
1	165.896
1	293.451
1	206.652
1	234.054
1	186.303
1	250.535
1	197.176
1	279.787
1	149.212
1	155.33
1	199.769
1	149.159
1	203.142
1	212.726
1	222.329
1	248.066
1	302.29
1	227.048
1	129.357
1	219.291
1	181.121
1	150.229
1	174.859
1	289.033
1	229.648
1	203.11
1	180.281
1	243.253
1	186.004
1	160.786
1	172.089
1	153.197
1	343.438
1	348.645
1	189.652
1	178.087
1	261.189
1	164.134
1	213.581
1	157.943
1	131.847
1	163.905
1	143.536
1	207.306
1	194.468
1	243.152
1	240.097
1	202.604
1	204.456
1	284.665
1	192.554
1	115.559
1	136.466
1	168.397
1	168.221
1	151.361
1	484.694
1	125.619
1	225.291
1	174.841
1	167.805
1	161.962
1	228.059
1	218.19
1	207.876
1	250.156
1	132.717
1	130.776
1	199.516
1	160.335
1	196.376
1	296.535
1	203.264
1	144.51
1	143.843
1	160.944
1	164.759
1	221.337
1	189.385
1	135.924
1	137.304
1	225.354
1	173.765
1	192.663
1	190.545
1	130.272
1	177
1	190.545
1	264.226
1	214.277
1	261.88
1	199.241
1	227.304
1	164.565
1	184.987
1	183.38
1	214.633
1	194.403
1	138.548
1	180.066
1	236.578
1	247.371
1	206.504
1	207.113
1	159.446
1	219.754
1	139.846
1	178.082
1	233.677
1	290.78
1	172.052
1	216.047
1	196.596
1	184.391
1	207.518
1	213.501
1	223.969
1	193.464
1	205.12
1	162.733
1	221.954
1	215.995
1	263.166
1	158.299
1	186.558
1	167.461
1	233.894
1	199.743
1	156.705
1	216.738
1	199.44
1	173.165
1	159.29
1	145.459
1	173.762
1	230.36
1	244.578
1	144.835
1	229.166
1	197.102
1	191.02
1	189.844
1	165.677
1	169.686
1	202.706
1	241.47
1	222.748
1	342.83
1	129.972
1	227.662
1	174.605
1	153.988
1	168.431
1	172.15
1	353.811
1	174.62
1	222.063
1	276.95
1	131.531
1	204.662
1	160.198
1	197.886
1	319.998
1	234.409
1	327.079
1	167.955
1	164.44
1	173.836
1	212.811
1	215.287
1	150.241
1	190.625
1	233.849
1	239.658
1	188.898
1	205.222
1	176.97
1	153.7
1	208.396
1	222.023
1	211.584
1	172.379
1	121.595
1	253.172
1	183.071
1	187.625
1	206.013
1	309.092
1	191.853
1	253.426
1	162.385
1	220.691
1	327.266
1	309.432
1	233.172
1	215.545
1	192.119
1	286.096
1	147.079
1	277.765
1	225.042
1	209.361
1	153.45
1	153.219
1	204.317
1	171.426
1	238.274
1	318.561
1	293.929
1	153.671
1	130.024
1	209.666
1	127.99
1	132.262
1	181.381
1	189.253
1	176.42
1	137.463
1	241.971
1	123.848
1	228.154
1	180.21
1	229.999
1	210.117
1	174.783
1	194.736
1	220.366
1	246.262
1	190.674
1	190.536
1	213.215
1	159.297
1	255.816
1	317.712
1	223.179
1	134.282
1	232.836
1	190.965
1	148.379
1	183.591
1	160.689
1	102.228
1	233.111
1	228.646
1	239.904
1	168.69
1	188.396
1	229.57
1	176.441
1	304.933
1	312.741
1	255.675
1	192.285
1	181.668
1	164.418
1	241.168
1	270.728
1	165.632
1	154.192
1	379.539
1	120.778
1	225.518
1	185.972
1	217.332
1	189.969
1	161.298
1	156.67
1	299.015
1	304.881
1	191.965
1	153.391
1	158.598
1	149.538
1	196.038
1	164.885
1	431.869
1	244.079
1	166.111
1	97.5966
1	207.129
1	164.05
1	262.371
1	339.207
1	189.338
1	169.831
1	287.617
1	214.218
1	182.43
1	182.705
1	247.646
1	177.807
1	197.324
1	155.499
1	160.408
1	319.396
1	260.811
1	162.072
1	179.613
1	136.004
1	249.992
1	191.881
1	215.376
1	156.425
1	139.354
1	152.413
1	198.229
1	216.207
1	283.39
1	195.012
1	247.121
1	195.427
1	194.709
1	195.257
1	219.098
1	162.836
1	258.394
1	288.799
1	238.765
1	193.841
1	224.721
1	244.27
1	262.841
1	301.9
1	141.372
1	181.623
1	198.06
1	216.776
1	138.898
1	153.1
1	164.432
1	216.687
1	164.739
1	333.674
1	220.983
1	216.189
1	238.028
1	207.471
1	290.414
1	190.077
1	237.895
1	140.816
1	234.789
1	163.172
1	193.576
1	185.594
1	169.909
1	195.062
1	214.634
1	146.467
1	260.367
1	142.067
1	222.957
1	258.862
1	238.927
1	161.062
1	181.347
1	108.056
1	261.112
1	137.114
1	194.429
1	162.783
1	166.923
1	149.761
1	225.443
1	148.2
1	232.305
1	202.446
1	173.599
1	316.565
1	136.954
1	213.896
1	196.062
1	147.812
1	216.784
1	145.586
1	310.765
1	213.367
1	159.41
1	190.121
1	159.892
1	204.796
1	160.806
1	272.845
1	191.405
1	220.73
1	184.711
1	190.824
1	297.869
1	226.248
1	168.781
1	205.75
1	189.09
1	190.039
1	183.249
1	232.048
1	165.849
1	182.306
1	151.138
1	186.988
1	177.526
1	270.299
1	173.952
1	171.207
1	179.025
1	209.291
1	145.802
1	213.519
1	141.651
1	167.134
1	260.512
1	162.91
1	263.303
1	208.887
1	172.553
1	186.787
1	187.646
1	311.364
1	255.8
1	305.323
1	214.022
1	227.38
1	153.824
1	194.019
1	178.646
1	228.832
1	220.035
1	189.653
1	182.554
1	219.125
1	179.455
1	172.598
1	164.736
1	228.704
1	156.607
1	183.711
1	204.616
1	207.906
1	198.479
1	216.794
1	150.724
1	186.556
1	209.315
1	157.913
1	251.88
1	330.497
1	142.189
1	213.544
1	176.765
1	331.477
1	189.529
1	138.173
1	181.242
1	164.494
1	130.043
1	190.185
1	272.36
1	151.706
1	306.506
1	215.84
1	446.513
1	192.79
1	188.303
1	222.371
1	185.106
1	213.878
1	228.8
1	278.125
1	205.091
1	178.927
1	195.737
1	178.936
1	228.393
1	130.823
1	142.848
1	165.079
1	149.826
1	263.857
1	175.495
1	154.073
1	212.419
1	204.557
1	176.823
1	164.816
1	118.375
1	288.288
1	124.948
1	208.106
1	239.923
1	202.176
1	305.167
1	199.066
1	158.784
1	187.92
1	182.413
1	151.777
1	189.752
1	201.52
1	230.237
1	175.429
1	180.223
1	208.093
1	130.45
1	174.439
1	201.541
1	189.783
1	201.14
1	209.71
1	174.754
1	155.46
1	196.446
1	272.33
1	354.07
1	147.808
1	185.379
1	169.192
1	155.843
1	174.885
1	201.762
1	163.907
1	206.675
1	190.611
1	180.391
1	182.319
1	278.702
1	218.178
1	209.128
1	137.716
1	251.978
1	191.683
1	199.068
1	245.288
1	246.871
1	219.727
1	197.019
1	176.472
1	177.439
1	198.72
1	124.544
1	161.565
1	167.539
1	238.077
1	262.27
1	235.881
1	240.167
1	386.493
1	179.148
1	170.166
1	174.453
1	278.111
1	141.135
1	197.271
1	186.609
1	291.021
1	178.758
1	216.07
1	142.237
1	210.168
1	212.992
1	108.099
1	209.149
1	369.365
1	217.68
1	209.018
1	221.782
1	150.944
1	176.774
1	247.144
1	197.535
1	211.666
1	188.004
1	155.277
1	191.766
1	133.611
1	172.324
1	190.283
1	179.161
1	315.678
1	227.942
1	305.699
1	266.415
1	162.215
1	142.415
1	178.713
1	282.855
1	241.543
1	234.708
1	165.165
1	173.021
1	145.76
1	145.507
1	196.74
1	146.335
1	183.356
1	140.24
1	194.557
1	242.912
1	308.589
1	217.417
1	257.578
1	152.346
1	139.563
1	187.461
1	123.194
1	238.681
1	219.262
1	161.93
1	226.372
1	204.5
1	166.615
1	169.81
1	317.581
1	186.097
1	198.662
1	146.305
1	171.58
1	195.42
1	342.224
1	262.26
1	139.478
1	320.825
1	209.292
1	269.105
1	196.461
1	192.585
1	247.087
1	183.57
1	159.755
1	153.932
1	273.11
1	171.206
1	162.055
1	294.119
1	294.154
1	118.961
1	259.711
1	376.861
1	190.272
1	152.949
1	152.122
1	175.38
1	134.388
1	231.696
1	298.055
1	169.441
1	214.536
1	283.549
1	233.601
1	197.758
1	131.784
1	194.433
1	177.533
1	215.321
1	183.519
1	240.556
1	261.99
1	221.588
1	164.784
1	174.363
1	388.451
1	160.521
1	192.301
1	156.785
1	167.693
1	346.869
1	170.017
1	208.642
1	186.215
1	172.219
1	156.296
1	242.733
1	200.996
1	154.354
1	210.397
1	222.776
1	247.505
1	331.197
1	126.234
1	144.4
1	234.03
1	327.941
1	136.824
1	235.954
1	162.73
1	184.256
1	195.176
1	190.195
1	182.951
1	195.38
1	226.128
1	129.494
1	119.897
1	147.166
1	193.945
1	165.14
1	170.505
1	271.319
1	164.448
1	158.04
1	216.287
1	164.102
1	211.174
1	217.508
1	256.168
1	165.312
1	192.522
1	178.527
1	131.887
1	177.311
1	170.815
1	133.317
1	219.056
1	116.79
1	196.098
1	164.074
1	260.465
1	232.12
1	224.933
1	184.886
1	174.464
1	146.215
1	177.191
1	364.285
1	265.312
1	224.629
1	170.894
1	332.992
1	135.241
1	179.166
1	167.413
1	195.984
1	181.915
1	248.759
1	147.663
1	261.088
1	202.6
1	199.513
1	186.851
1	159.631
1	264.494
1	192.561
1	207.269
1	207.583
1	218.189
1	138.979
1	232.338
1	186.48
1	177.496
1	332.25
1	250.66
1	156.632
1	225.321
1	182.882
1	317.803
1	192.071
1	151.66
1	212.549
1	179.084
1	148.161
1	178.249
1	353.939
1	185.55
1	261.331
1	171.832
1	145.14
1	168.572
1	334.739
1	187.352
1	220.242
1	188.988
1	168.017
1	213.619
1	162.14
1	327.936
1	186.148
1	137.766
1	257.929
1	205.645
1	138.969
1	192.74
1	221.381
1	255.998
1	162.057
1	167.599
1	234.937
1	187.996
1	184.162
1	164.122
1	234.046
1	141.129
1	232.839
1	135.045
1	175.324
1	143.275
1	143.273
1	211.535
1	171.381
1	196.061
1	139.382
1	266.731
1	171.191
1	290.095
1	162.7
1	230.487
0	6.25934
1	193.695
1	319.747
1	130.71
1	197.645
1	160.631
1	168.474
1	243.456
1	212.39
1	196.139
1	188.929
1	198.351
1	180.808
1	189.183
1	279.298
1	170.047
1	187.55
1	191.367
0	20.1435
1	181.063
1	164.304
1	133.437
1	197.624
1	286.601
1	159.496
1	155.728
1	237.681
1	171.843
1	125.486
1	174.085
1	295.076
1	177.622
1	211.384
1	252.65
1	151.333
1	238.159
1	170.833
1	283.302
1	194.789
1	215.673
1	191.333
1	168.686
1	253.227
0	18.7294
1	191.427
1	269.465
0	29.6526
1	194.094
1	187.405
1	147.133
1	130.055
1	256.643
1	146.299
1	243.656
1	237.328
1	190.716
1	198.358
1	220.05
1	218.01
1	271.128
1	191.666
1	326.427
1	181.383
1	134.455
1	184.277
1	188.601
1	270.649
1	167.376
1	193.004
1	236.742
1	302.814
1	165.772
1	242.163
1	178.536
1	318.008
1	190.665
1	173.563
1	180.712
1	190.79
1	191.524
1	186.6
1	231.211
1	111.204
1	169.859
1	172.489
1	187.283
1	271.949
1	232.074
1	226.826
1	248.384
1	183.834
1	150.925
1	211.483
1	187.093
1	324.271
1	175.205
0	57.3946
1	149.537
1	261.258
1	204.728
1	186.907
1	168.981
1	256.382
1	166.925
1	290.867
1	143.811
1	226.258
1	194.761
1	185.704
1	241.188
1	242.085
1	301.489
1	300.472
1	184.348
1	221.967
1	127.073
1	206.247
1	232.806
1	186.916
1	200.232
1	181.302
0	82.9792
1	177.413
1	284.387
1	317.658
1	207.473
1	138.525
0	10.131
1	234.41
1	238.297
1	239.986
1	167.867
1	196.5
1	251.445
1	252.146
1	184.586
1	166.836
1	216.855
1	253.896
1	173.796
1	166.465
1	214.842
1	335.362
1	251.318
1	208.659
1	184.123
1	159.576
1	266.546
1	156.861
1	180.537
1	134.099
1	202.65
1	236.122
1	188.472
1	204.953
1	227.418
1	252.343
1	228.877
0	2.36105
1	206.996
1	169.42
1	250.872
1	174.042
1	145.914
1	156.749
1	185.723
1	330.63
1	266.144
1	211.098
1	193.932
1	226.246
1	177.938
1	165.118
1	197.395
1	226.986
1	176.077
1	212.423
1	172.183
1	235.306
1	253.565
1	139.839
1	232.907
1	148.859
1	128.903
1	238.91
1	225.1
1	184.932
1	166.544
1	236.173
1	176.65
1	273.605
1	335.696
1	240.505
1	197.822
1	217.475
1	203.203
1	188.727
1	251.495
1	249.16
1	219.321
1	294.46
1	167.186
1	253.641
1	226.654
1	217.373
1	171.298
1	162.742
1	268.354
1	199.973
1	214.52
1	171.206
1	157.59
1	135.811
1	232.59
1	231.679
1	298.596
1	324.766
1	127.387
1	197.461
1	286.451
1	192.617
1	150.404
1	136.04
1	269.405
1	275.626
1	185.463
1	214.382
1	175.185
1	192.748
1	173.669
1	137.921
1	196.045
1	152.764
1	298.6
1	164.931
1	208.259
1	246.403
1	148.388
1	278.581
1	150.069
1	174.15
1	315.802
1	208.629
1	306.893
1	165.096
1	211.962
1	247.466
1	292.866
0	0.96943
1	176.875
1	231.234
1	192.703
1	125.232
1	240.974
1	327.053
1	261.643
1	182.693
1	162.832
1	155.983
1	214.081
1	154.494
1	225.987
1	260.528
1	186.114
1	283.078
1	224.66
1	170.223
1	190.317
1	251.221
1	190.247
1	185.798
1	193.208
1	203.646
1	202.361
1	169.752
1	221.658
1	174.915
1	111.785
1	104.633
1	237.849
1	182.551
1	224.92
1	261.012
1	167.117
1	167.021
1	176.926
1	112.342
1	163.618
1	240.814
1	191.444
1	160.292
1	289.044
1	203.612
1	151.829
1	187.994
1	139.826
1	192.751
1	198.175
1	183.794
1	158.705
1	261.747
1	250.18
1	148.471
1	193.882
1	263.188
1	262.141
1	193.981
1	200.168
1	223.638
1	156.963
1	168.618
1	218.617
1	176.799
0	9.03527
1	234.455
1	277.452
1	322.708
1	169.92
1	196.964
1	258.382
1	282.601
1	136.06
1	260.703
1	196.888
1	189.454
1	174.017
1	173.982
1	210.735
1	216.249
1	182.316
1	152.526
1	128.406
1	200.388
1	222.269
1	215.051
1	173.234
1	229.944
1	250.53
1	154.68
1	210.195
1	191.114
1	231.14
1	159.256
1	179.901
1	170.178
1	135.259
1	144.32
1	220.097
1	167.056
1	273.852
1	197.2
1	254.428
1	143.038
1	197.116
1	271.51
1	211.32
1	242.799
1	265.514
1	162.581
1	290.816
1	171.83
1	287.263
1	183.694
0	10.1093
1	187.83
1	177.39
1	156.476
1	281.321
1	170.17
1	237.793
1	165.646
1	177.337
1	202.399
1	200.441
1	140.232
1	260.378
1	240.162
1	199.337
1	215.286
1	192.504
1	196.192
1	166.542
1	223.245
1	205.433
1	189.015
1	140.995
1	234.013
1	148.824
1	192.29
1	196.395
1	178.582
1	205.656
1	287.119
1	203.33
1	162.61
1	224.081
1	348.612
1	176.595
1	150.59
1	200.344
1	250.037
1	178.311
1	247.916
1	276.647
1	196.944
1	146.752
1	176.472
1	229.697
1	258.289
1	230.653
1	201.446
1	257.54
1	198.461
1	255.681
1	263.319
1	180.455
1	251.353
1	213.292
1	140.503
1	254.526
1	210.84
1	186.877
1	215.978
1	201.149
1	147.836
1	162.494
1	252.815
1	243.706
1	272.759
1	230.068
1	139.961
1	198
1	128.645
1	203.787
1	159.329
1	272.428
1	154.273
1	151.486
1	153.347
1	252.686
1	347.825
1	163.565
1	183.92
1	159.221
1	137.033
1	171.555
1	244.328
1	199.095
1	195.678
1	183.863
1	168.656
1	231.794
1	210.727
1	248.949
1	187.546
1	129.744
1	241.597
1	222.137
1	188.133
1	198.24
1	134.056
1	208.833
1	197.899
1	160.305
1	178.146
1	127.257
1	151.495
1	160.016
1	153.947
1	160.505
1	267.682
1	211.401
1	208.184
1	175.264
1	166.996
1	167.649
1	218.196
1	143.545
1	157.428
1	232.341
1	168.2
1	154.365
1	196.189
1	200.755
1	213.588
1	222.907
1	189.862
1	196.586
0	42.176
1	121.175
1	277.889
1	180.6
1	232.433
1	179.019
1	162.175
1	171.463
1	224.245
1	191.116
1	236.193
1	139.972
1	158.442
1	186.067
1	178.26
1	256.972
1	245.53
1	201.886
1	122.307
1	143.83
1	189.082
1	222.877
1	170.909
1	183.297
1	197.987
1	131.107
1	213.625
1	239.441
1	238.862
1	236.688
1	128.798
1	194.605
1	164.035
1	127.141
1	188.021
1	149.055
1	128.138
1	161.88
1	227.93
1	153.658
1	195.436
1	244.73
1	194.403
1	216.671
1	211.213
1	182.62
1	170.027
1	219.817
1	338.59
1	189.705
1	257.293
1	237.949
1	194.262
1	142.474
1	197.995
1	227.137
1	198.189
1	194.265
1	296.808
1	314.056
1	138.531
1	221.804
0	4.25208
1	162.952
1	268.047
1	192.41
1	264.529
1	158.077
1	118.135
1	270.722
0	16.0437
1	145.883
1	185.311
1	188.244
1	245.256
1	152.791
1	197.033
1	174.248
1	162.357
1	257.537
1	152.13
1	247.669
1	264.589
1	192.808
1	116.377
1	201.313
1	188.633
1	151.358
1	200.673
1	226.175
1	243.553
1	237.128
1	227.995
1	218.646
1	177.867
1	204.55
1	201.272
1	165.931
1	174.201
1	157.224
1	250.219
1	145.905
1	203.458
1	127.902
1	150.711
1	277.731
1	168.609
1	195.187
1	189.811
1	222.135
1	221.603
1	230.079
1	151.876
1	220.02
1	230.306
1	251.738
1	183.885
1	175.463
1	252.667
1	202.138
1	299.417
1	148.276
1	170.815
1	197.095
1	207.849
1	214.596
1	217.941
1	158.922
1	264.637
1	279.407
1	201.879
1	186.366
1	165.408
1	218.142
1	177.67
1	167.989
1	287.055
1	374.692
1	147.895
1	211.193
1	150.294
1	147.09
1	202.22
1	188.238
1	157.147
1	258.262
1	170.234
1	172.479
1	164.938
1	206.62
1	197.107
1	254.629
1	189.775
1	170.7
1	140.912
1	245.269
1	188.274
1	155.458
1	170.419
1	320.678
1	199.299
1	184.73
1	208.106
1	440.78
1	184.764
1	255.437
1	175.231
1	204.425
1	196.209
1	317.295
1	175.083
1	282.375
1	126.398
1	138.933
1	202.489
1	207.024
1	310.096
1	221.704
1	194.353
1	136.375
1	227.562
1	191.25
1	233.566
1	174.667
1	188.315
1	206.379
1	197.243
1	213.316
1	227.893
1	153.175
1	228.378
1	179.948
1	199.554
1	226.503
1	154.42
1	256.34
1	235.002
1	237.227
1	195.207
1	211.46
1	232.356
1	201.336
1	186.761
1	232.705
1	161.604
1	186.332
1	201.667
1	168.298
1	222.72
1	234.832
1	196.524
1	244.151
1	150.937
1	192.143
1	149.174
1	270.738
1	200.974
1	160.014
1	170.133
1	234.445
1	223.171
1	421.862
1	212.707
1	187.767
1	179.864
1	123.955
1	209.186
1	215.339
1	288.007
1	205.684
1	206.136
1	177.049
1	201.078
1	129.555
1	278.353
1	171.096
1	194.615
1	161.438
1	180.983
1	173.596
1	141.263
1	201.624
1	198.948
1	240.213
1	215.48
1	200.73
1	193.798
1	177.027
1	172.105
1	241.618
1	162.329
1	225.047
1	234.547
1	174.914
1	166.235
1	241.094
1	187.619
1	196.06
1	203.628
1	151.76
1	408.122
1	193.804
1	161.474
1	131.174
1	170.512
1	170.181
1	190.846
1	170.652
1	220.2
1	132.388
1	167.036
1	223.568
1	221.767
1	264.999
1	214.555
1	323.927
1	210.15
1	179.489
1	416.165
1	386.459
1	283.525
1	219.744
1	205.198
1	310.291
1	269.154
1	121.419
1	152.506
1	220.303
1	246.565
1	184.286
1	199.988
1	214.821
1	261.26
1	212.303
1	222.247
1	281.585
1	248.326
1	225.425
1	206.514
1	187.206
1	235.542
1	265.771
1	174.635
1	216.733
1	184.003
1	314.764
1	169.763
1	207.681
1	191.74
1	177.321
1	213.003
1	228.601
1	237.118
1	269.538
1	159.217
1	283.379
1	264.31
1	212.754
1	130.215
1	220.251
1	249.308
1	243.249
1	232.271
1	177.234
1	115.338
1	229.251
1	138.691
1	268.112
1	206.471
1	173.73
1	251.629
1	324.747
1	240.492
1	201.585
1	187.307
1	193.898
1	168.757
1	270.78
1	218.278
1	166.759
1	205.287
1	195.653
1	142.705
1	251.28
1	281.093
1	275.09
1	252.502
1	225.856
1	160.716
1	396.772
1	163.232
1	227.509
1	224.502
1	186.06
1	201.267
1	218.812
1	170.03
1	168.64
1	247.132
1	177.418
0	0.838137
1	164.628
1	217.388
1	274.456
1	161.759
1	164.004
1	221.584
1	309.998
1	239.544
1	135.689
1	202.557
1	204.608
1	168.379
1	301.372
1	190.243
0	17.7291
1	352.106
1	235.483
1	219.958
1	246.314
1	160.205
1	179.31
1	177.62
1	191.915
1	221.519
1	126.238
1	300.373
0	29.544
1	192.005
1	182.813
1	249.47
1	251.189
1	156.077
1	199.541
1	254.762
1	162.7
1	171.516
1	205.648
1	209.522
1	155.877
1	157.84
1	169.586
1	230.875
1	137.484
1	196.038
1	164.626
1	189.154
1	295.688
1	144.779
1	246.777
1	168.25
1	250.176
1	192.23
1	136.894
1	166.831
1	219.992
1	173.158
1	155.581
1	162.188
1	219.842
1	226.739
1	126.973
1	285.315
1	253.014
1	200.704
1	256.393
1	231.781
1	252.679
1	281.96
1	185.021
1	162.876
1	201.144
1	176.619
1	138.855
1	111.314
1	165.538
1	119.042
1	133.575
1	232.632
1	278.15
1	190.087
1	145.647
1	138.867
1	141.346
1	222.5
1	189.239
1	167.873
1	232.056
1	219.533
0	65.538
1	175.089
1	222.364
1	302.69
1	174.876
1	169.217
1	164.168
1	163.675
1	347.221
1	204.983
1	196.143
1	157.053
1	135.563
1	161.731
1	280.925
1	176.772
1	132.911
1	177.664
1	126.659
1	256.453
1	339.228
1	138.272
1	269.701
1	225.694
1	181.589
1	198.089
1	168.209
1	202.491
1	158.01
1	170.895
1	238.666
1	160.301
1	160.869
1	155.678
1	192.4
1	145.04
1	188.495
1	198.008
1	200.288
1	134.059
1	229.925
1	183.547
1	229.932
1	193.174
1	187.922
1	223.679
1	147.048
1	203.857
1	235.976
1	201.589
1	183.4
1	195.741
1	253.793
1	262.111
1	233.475
1	200.453
1	155.068
1	270.866
1	259.162
1	188.743
1	184.98
1	185.629
1	137.363
1	181.824
1	174.452
1	198.594
1	219.874
1	196.44
1	165.623
1	239.23
1	206.611
1	179.198
1	112.236
1	246.459
1	151.109
1	182.497
1	167.976
1	225.85
1	146.77
1	128.117
1	200.648
1	197.422
1	124.029
1	173.232
1	210.34
1	165.894
1	206.138
1	269.369
1	235.1
1	196.832
1	149.797
1	307.266
1	161.587
1	275.962
1	222.456
1	247.274
1	178.311
1	301.299
1	285.047
1	199.541
1	222.439
1	359.347
1	322.62
1	194.223
1	185.759
1	211.993
1	186.476
1	240.625
1	172.645
1	184.435
1	184.539
1	324.215
1	275.776
1	206.651
1	146.756
1	165.495
1	161.441
1	252.982
1	292.574
1	213.121
1	158.838
1	141.086
1	204.562
1	177.893
1	246.022
1	211.302
1	282.875
1	200.268
1	216.812
1	203.523
1	115.03
1	260.137
1	146.682
1	181.805
1	161.744
1	182.78
1	142.951
1	151.426
1	246.365
1	164.294
1	157.643
1	184.042
1	168.514
1	221.141
1	175.639
1	218.225
1	199.916
1	345.645
1	215.537
1	167.847
1	248.578
1	171.912
1	219.101
1	212.691
1	195.78
1	213.708
1	212.335
1	158.32
1	212.418
1	160.389
1	155.873
1	200.795
1	261.299
1	224.968
1	299.985
1	153.043
1	138.967
1	110.138
1	262.808
1	232.267
1	216.353
1	192.04
1	204.467
1	176.274
1	163.4
1	203.45
1	213.423
1	226.775
1	192.278
1	176.427
1	218.311
1	283.822
1	135.269
1	255.05
1	194.496
1	251.257
1	277.233
1	144.489
1	154.735
1	128.474
1	337.185
1	205.759
1	145.62
1	214.362
1	211.01
1	255.198
1	310.283
1	192.266
1	191.91
1	225.199
1	168.47
1	286.526
1	232.87
1	212.734
0	78.2819
1	179.858
1	169.956
1	155.002
1	288.819
1	173.612
1	194.722
1	124.01
1	133.749
1	180.083
1	179.079
1	187.584
1	129.721
1	215.881
1	193.396
1	223.416
1	216.29
1	134.064
1	217.79
1	185.117
1	178.637
1	258.211
1	141.887
1	145.408
1	292.314
1	191.382
1	211.996
1	136.626
1	250.902
1	148.911
1	286.992
1	158.125
1	183.576
1	153.613
1	236.868
1	207.824
1	211.164
1	165.785
1	168.171
1	170.139
1	135.034
1	328.133
1	134.828
1	267.225
1	155.823
1	199.064
1	257.76
1	211.984
1	185.169
1	229.87
1	244.629
1	239.788
1	142.974
1	318.43
1	179.922
1	156.823
1	230.72
1	253.965
1	102.779
1	175.056
1	219.719
1	123.358
1	232.904
1	250.115
1	245.685
1	183.843
1	135.993
1	218.859
1	160.342
1	265.94
1	319.426
1	188.406
1	281.983
1	230.579
1	146.139
1	262.408
1	254.006
1	219.83
1	149.356
1	260.583
1	186.149
1	196.362
1	215.525
1	200.376
1	216.349
1	192.839
1	195.185
1	264.096
1	162.206
1	203.388
1	234.455
1	218.205
1	278.414
1	184.606
1	220.662
1	184.084
1	176.686
1	171.474
1	229.061
1	202.716
1	221.156
1	150.825
1	146.442
0	10.9954
1	224.392
1	181.127
1	189.224
1	195.495
1	184.668
1	238.768
1	145.646
1	201.241
1	215.115
1	162.616
1	165.521
1	179.011
1	211.814
1	163.965
1	167.401
1	254.639
1	278.349
1	187.525
1	181.503
1	180.913
1	230.42
1	167.577
1	287.495
1	164.818
1	146.829
1	272.022
1	187.66
1	154.494
1	171.941
1	283.935
1	154.075
1	212.67
1	257.899
1	210.303
1	152.06
1	168.701
1	140.372
1	226.661
1	231.271
1	202.232
1	241.263
1	270.039
1	115.371
1	199.513
1	161.595
0	23.6877
1	279.32
1	154.849
1	159.518
1	220.257
1	133.381
1	190.021
1	295.699
1	191.537
1	178.896
1	197.879
1	198.154
1	166.96
1	173.672
1	195.641
1	153.907
1	396.405
1	391.688
1	275.821
1	185.105
1	212.348
1	373.589
1	176.759
1	287.636
1	264.387
1	174.128
1	236.442
1	195.823
1	190.895
1	153.643
1	159.556
1	202.137
1	165.167
1	180.964
1	152.536
1	184.293
1	334.505
1	202.154
1	219.655
1	222.196
1	197.86
1	191.899
1	224.601
1	201.125
1	166.973
1	239.612
1	294.966
1	217.105
1	258.862
1	229.205
1	160.359
1	242.223
1	136.3
1	240.859
1	348.636
1	219.653
1	251.677
1	180.458
1	161.311
1	155.927
1	206.224
1	169.985
1	241.899
1	298.424
1	146.982
1	173.685
1	288.288
1	216.791
1	149.986
1	215.535
1	245.927
1	173.126
1	173.633
1	160.912
1	170.076
1	229.127
1	213.832
1	228.361
1	119.519
1	172.242
1	200.429
1	140.894
1	173.614
1	235.895
1	165.551
1	156.719
1	285.984
1	185.731
1	246.587
1	150.245
1	217.257
1	241.433
1	192.099
1	190.774
1	214.792
1	172.789
1	161.231
1	201.26
1	309.577
1	156.037
1	266.642
1	254.37
1	220.983
1	154.071
1	181.805
1	202.133
1	183.797
1	283.893
1	299.223
1	216.121
1	100.071
1	228.218
1	246.866
1	115.903
1	266.981
1	187.24
1	219.426
1	264.708
1	135.853
1	184.456
1	273.145
1	157.964
1	204.891
0	4.61708
1	177.481
1	276.937
1	174.759
1	168.574
1	114.511
1	140.307
1	226.98
1	266.576
1	199.024
1	117.748
1	152.473
1	217.41
1	166.657
1	146.424
1	178.627
1	202.431
1	183.799
1	238.951
1	174.611
1	144.289
1	145.021
1	210.106
1	171.544
1	205.442
1	221.542
1	316.141
1	170.308
1	284.824
1	196.703
1	173.581
1	170.916
1	218.66
1	159.24
1	143.467
1	187.546
1	255.239
1	211.995
1	184.981
1	378.601
1	222.445
1	153.859
1	262.612
1	224.441
1	181.575
1	206.733
1	246.197
1	166.177
1	211.922
1	231.449
1	221.859
1	156.038
1	246.455
1	138.528
1	159.648
1	140.624
1	161.758
1	191.833
1	201.511
1	202.349
1	196.808
1	222.064
1	216.769
1	217.789
1	199.956
1	164.782
1	153.747
0	29.8903
1	153.634
1	186.427
1	151.285
1	179.397
1	204.757
1	150.182
1	318.837
1	135.79
1	190.293
1	171.043
1	137.143
1	203.261
1	159.219
1	266.85
1	167.425
1	225.108
1	251.635
1	140.58
1	162.54
1	192.745
1	149.064
1	170.132
1	149.659
1	220.454
1	249.368
1	207.958
1	175.827
0	45.3699
1	135.559
1	126.619
1	162.099
1	140.518
1	195.466
1	211.059
1	148.916
1	151.944
1	217.1
1	147.422
1	178.27
1	246.446
1	163.576
1	169.383
1	274.431
1	235.792
1	134.344
1	197.551
1	170.062
1	169.06
1	242.999
1	216.971
1	366.569
1	192.306
1	233.283
1	145.41
1	204.014
1	231.683
1	245.832
1	240.538
1	236.426
1	165.703
1	169.612
1	137.997
1	220.789
1	206.88
1	158.373
1	180.052
1	206.229
0	5.23748
1	304.088
1	188.865
1	127.095
1	161.448
1	174.761
1	163.603
1	168.368
1	166.548
1	292.521
1	154.966
1	209.633
1	261.835
1	331.057
1	384.838
1	230.037
1	233.625
1	212.932
1	217.473
1	198.137
1	295.282
1	166.118
1	257.506
1	124.41
1	151.409
1	331.071
1	214.768
1	145.455
1	242.486
1	200.076
1	216.397
1	155.953
1	168.842
1	283.268
1	230.073
1	123.457
1	186.64
1	183.668
1	242.622
1	273.739
1	179.17
1	193.191
1	215.561
1	202.346
1	138.904
1	168.242
1	196.542
1	158.836
1	160.97
1	116.304
1	169.487
1	191.918
1	144.301
1	187.139
1	184.428
1	220.93
1	225.476
1	232.864
1	242.998
1	207.932
1	144.307
1	160.651
1	209.153
1	210.016
1	174.194
1	162.803
1	220.457
1	159.106
1	202.429
1	183.462
1	141.691
1	145.497
1	141.834
1	149.316
1	216.482
1	168.455
1	196.274
1	201.667
1	309.163
1	208.475
1	177.779
1	165.026
1	216.709
1	148.76
1	121.406
1	166.567
1	214.108
1	133.891
1	192.225
1	194.862
1	206.686
1	214.242
1	258.167
1	162.237
1	183.09
1	262.275
1	196.866
1	166.907
1	283.081
1	194.333
1	212.572
1	222.188
1	179.811
1	207.731
1	203.448
1	174.227
1	166.482
1	181.697
1	123.043
1	269.197
1	194.861
1	170.379
1	345.178
1	152.596
1	149.945
1	173.626
0	32.9337
1	227.319
1	226.498
1	188.807
1	177.826
1	151.372
1	189.046
1	157.192
1	254.724
1	151.329
1	161.976
1	135.469
1	377.058
1	205.616
1	137.936
1	203.464
1	164.572
1	224.816
1	218.124
1	167.802
1	122.434
1	313.981
1	153.388
1	238.202
1	139.908
1	181.554
1	202.984
1	200.35
1	156.032
1	219.83
1	230.225
1	187.363
1	190.609
1	153.668
1	276.574
1	158.344
1	144.178
1	133.983
1	211.179
1	160.67
1	246.747
1	277.087
1	170.252
1	144.335
1	175
1	153.031
1	234.041
1	239.744
1	157.656
1	183.147
1	171.134
1	161.997
1	134.88
1	253.252
1	227.944
1	194.183
1	182.155
1	257.425
1	152.932
1	332.585
1	281.71
1	232.502
1	343.511
1	192.993
1	139.479
1	189.302
1	216.755
1	176.102
1	151.04
1	194.125
1	173.529
1	254.391
1	182.929
1	224.658
1	161.271
1	142.171
1	272.313
1	209.795
1	185.118
1	183.977
1	206.967
1	167.261
1	275.386
1	186.18
1	193.618
1	203.859
1	149.956
1	191.06
1	287.632
1	213.355
1	221.425
1	344.776
1	200.133
1	148.315
1	199.871
1	193.786
1	233.168
1	180.582
1	223.455
1	164.746
1	254.242
1	183.066
1	146.549
1	240.619
1	270.001
1	185.801
1	206.736
1	295.03
1	226.936
1	184.805
1	236.064
1	222.691
1	224.838
0	52.6798
1	164.991
1	317.18
1	223.378
1	142.1
1	201.999
1	177.167
1	152.05
1	220.985
1	165.98
1	172.352
1	173.758
1	189.354
1	247.231
1	310.643
1	201.054
1	238.088
1	173.228
1	169.611
1	196.191
1	172.224
1	290.335
1	318.434
1	177.958
1	169.022
1	286.512
1	197.904
1	237.511
1	184.377
1	204.761
1	133.638
1	203.152
1	170.589
1	389.728
1	264.098
1	324.905
1	211.543
1	176.048
1	292.347
1	153.733
1	367.428
1	155.153
1	247.573
1	186.459
1	135.93
1	311.268
1	186.36
1	222.4
1	201.606
1	229.146
1	155.73
1	235.75
1	253.269
1	213.957
1	164.173
1	162.17
1	214.342
1	200.355
1	256.686
1	170.657
1	151.288
1	154.089
1	273.823
1	191.764
1	174.087
1	298.581
1	207.431
1	158.159
1	130.482
1	164.764
1	185.327
1	195.224
1	164.424
1	225.248
1	301.4
1	131.162
1	206.94
1	211.567
1	315.28
1	162.871
1	212.164
1	278.558
1	219.631
1	152.41
1	215.334
1	209.824
1	339.97
1	207.531
1	249.922
1	159.162
1	165.785
1	135.133
1	212.465
1	151.4
1	169.521
1	170.777
1	191.628
1	177.615
1	173.828
1	185.515
1	219.859
1	253.812
1	160.997
1	241.643
1	154.981
1	160.393
1	168.433
1	205.882
1	185.249
1	174.88
1	142.254
1	332.35
1	303.71
1	207.24
1	215.307
1	257.23
1	181.269
1	215.487
1	239.514
1	181.839
1	252.529
1	227.448
1	253.27
1	168.822
1	155.194
1	220.167
1	213.436
1	182.027
1	210.231
1	203.651
1	199.497
1	138.093
1	243.473
1	201.033
1	249.636
1	213.651
1	220.891
1	219.939
1	183.834
1	583.019
1	220.482
1	142.221
1	170.64
1	218.258
1	207.868
1	200.859
1	210.267
1	217.038
1	219.529
1	249.244
1	238.268
1	189.485
1	254.373
1	261.708
1	166.206
1	193.844
1	166.076
1	244.026
1	191.756
1	225.891
1	196.516
1	160.6
1	241.052
1	133.593
1	212.97
0	39.8194
1	162.165
1	169.023
1	183.28
1	211.716
1	228.38
1	169.845
1	213.7
1	187.92
1	182.778
0	92.0475
1	255.455
1	189.221
1	185.112
1	279.515
1	165.343
1	139.414
1	198.592
1	165.395
1	172.873
1	197.127
1	196.147
1	225.83
1	149.918
1	121.131
1	204.952
1	262.766
1	168.667
1	329.177
1	276.045
1	236.573
1	170.91
0	68.1645
1	222.262
1	159.679
1	154.409
1	183.573
1	189.421
1	149.094
1	176.014
1	214.33
1	195.05
1	176.289
1	208.623
0	76.1915
1	209.466
1	204.189
1	194.633
1	191.307
1	198.234
1	269.61
1	180.919
1	205.77
1	164.924
1	178.565
1	324.432
1	147.595
1	300.963
1	169.16
1	232.624
1	171.503
1	164.623
1	241.123
1	210.044
1	194.986
1	161.295
1	183.155
1	280.759
1	162.903
1	243.77
1	179.291
1	239.29
1	279.876
1	188.104
1	236.611
1	199.107
1	119.239
1	208.259
1	142.199
1	144.795
1	248.324
1	142.419
1	176.928
1	166.075
1	235.938
1	242.31
1	215.198
1	140.479
1	192.258
1	154.987
1	204.82
1	247.788
1	171.972
1	191.49
1	198.872
1	187.206
1	144.536
1	271.137
1	240.759
1	190.332
1	229.579
1	190.129
1	195.872
1	143.753
1	176.073
1	235.842
1	251.88
1	308.434
1	164.486
1	231.15
1	224.401
1	191.541
1	172.926
1	207.298
1	183.436
1	182.969
1	220.901
1	246.243
1	210.551
1	160.982
1	198.486
1	159.5
1	214.192
1	189.046
1	153.493
1	245.612
1	171.352
1	167.582
1	177.535
1	202.443
1	213.536
1	243.512
1	190.507
1	235.429
1	202.529
1	302.904
1	253.12
1	128.531
1	146.842
1	187.975
1	326.256
1	180.405
1	236.667
1	173.234
1	231.134
1	231.807
1	163.67
1	200.515
1	179.304
1	221.843
1	370.539
1	217.468
1	193.972
1	145.645
1	153.493
1	193.337
1	188.831
1	242.903
1	386.456
1	233.716
1	180.082
1	191.486
1	149.496
1	189.339
1	176.796
1	159.579
1	514.416
1	160.769
1	224.135
1	161.987
1	240.361
1	268.606
1	116.648
1	199.967
1	174.418
1	153.483
1	135.74
1	192.155
1	175.719
1	217.092
1	207.204
1	157.872
1	124.651
1	156.429
1	166.068
1	310.874
1	305.685
1	160.298
1	148.571
1	166.528
1	164.57
1	178.604
1	160.708
1	142.664
1	228.477
1	177.773
1	224.287
1	291.736
1	199.138
1	183.026
1	219.029
1	181.694
