10000	128	9900	0.00347222
0.025641	1.98317	28601.7	3.698
1	313.488
1	261.676
1	213.107
1	245.835
1	161.004
1	182.008
1	237.409
1	151.329
1	202.194
1	165.77
1	189.102
1	231.298
1	248.959
1	224.457
1	164.11
1	167.983
1	190.401
1	217.366
1	274.082
1	180.212
1	289.874
1	151.991
1	155.881
1	204.098
1	165.925
1	168.758
1	183.348
1	192.79
1	220.713
1	299.614
1	163.201
1	170.953
1	204.712
1	176.328
1	222.784
1	342.478
0	12.5025
1	172.117
1	167.04
1	242.855
1	128.045
1	145.358
1	205.509
1	209.986
1	260.419
1	172.186
1	236.341
1	183.182
1	303.089
1	148.446
1	161.156
1	232.034
1	171.872
1	213.296
1	153.005
1	284.047
1	234.553
1	184.312
1	218.318
1	155.482
1	212.186
1	227.233
1	155.141
1	538.854
1	220.578
1	213.047
1	136.723
1	163.145
1	243.197
1	187.12
1	242.754
1	282.052
1	169.688
1	237.663
1	144.717
1	181.457
1	124.199
1	214.903
1	248.27
1	199.463
1	224.078
1	143.15
1	218.262
1	172.501
1	184.251
1	303.972
1	176.519
1	410.35
1	273.752
1	189.261
1	242.673
1	148.16
1	204.418
1	161.175
1	227.248
1	156.369
1	231.058
1	218.429
1	250.348
1	151.805
1	188.64
1	174.371
1	138.731
1	255.44
1	185.403
1	165.991
1	218.73
1	178.881
1	172.161
1	187.167
1	166.61
1	159.397
1	305.585
1	210.742
1	217.225
1	202.741
1	195.458
1	189.978
1	163.551
1	135.718
1	132.157
1	244.163
1	180.598
1	232.533
1	179.044
1	126.008
1	145.992
1	220.43
1	218.998
0	86.7767
1	165.036
1	212.911
1	208.39
1	154.93
1	142.883
1	241.647
1	141.128
1	201.177
1	197.175
1	231.632
1	284.688
1	113.178
1	151.251
1	223.091
1	188.936
1	329.374
1	227.235
1	223.957
1	164.027
1	145.571
1	188.245
1	167.985
1	134.472
1	179.425
1	292.105
1	347.829
1	129.863
1	137.193
1	253.097
1	144.9
1	140.282
1	211.189
1	150.233
1	167.115
1	161.36
1	162.246
1	163.398
1	196.874
1	154.956
1	250.466
1	154.548
1	130.767
1	201.258
1	192.138
1	156.481
1	183.237
1	214.621
1	182.737
1	168.286
1	233.578
1	131.858
1	143.862
1	226.991
1	243.92
1	151.457
1	269.431
1	252.792
1	181.225
1	182.81
1	171.123
0	63.1528
1	150.731
0	7.19006
1	189.359
1	186.361
1	286.022
1	146.553
1	219.187
1	155.628
1	214.367
1	180.075
1	354.152
1	194.983
1	263.272
1	262.49
1	181.547
1	191.673
1	178.625
1	165.547
1	254.084
1	118.262
1	154.865
1	192.584
1	131.055
1	189.978
0	13.4168
1	238.413
1	163.028
1	279.123
1	200.955
1	207.645
1	276.333
1	171.968
1	179.61
1	235.854
1	288.097
1	228.085
1	222.762
1	193.634
1	209.805
1	177.668
1	181.973
1	143.031
1	232.968
1	109.003
1	117.853
1	232.2
1	124.999
1	132.316
1	312.209
1	224.413
1	102.855
1	148.315
1	198.524
1	136.372
1	194.825
1	164.977
1	178.81
1	224.626
1	234.309
0	70.207
1	180.051
1	232.832
1	120.813
1	141.294
1	224.204
1	192.206
1	172.459
1	143.752
1	126.302
1	175.22
1	194.76
1	221.523
1	195.874
1	406.127
1	136.089
1	226.926
1	211.9
1	200.881
1	151.083
1	144.37
1	162.195
1	199.157
1	192.142
1	173.866
1	140.459
1	207.456
1	194.643
1	187.486
1	246.682
1	364.344
1	233.036
1	254.643
1	221.281
1	167.871
1	142.299
1	256.844
1	207.869
1	214.593
1	171.119
1	180.05
1	165.662
1	228.669
1	219.494
1	269.701
1	209.157
1	174.365
1	180.744
1	249.572
1	163.924
1	142.769
1	180.691
1	157.204
1	210.426
1	187.032
1	546.353
1	169.473
1	197.209
1	179.257
1	216.306
1	176.929
1	267.875
1	182.922
1	336.719
1	181.957
1	167.288
1	240.432
1	142.763
1	220.079
1	200.826
1	212.391
1	153.14
1	164.695
1	185.267
1	177.739
1	181.123
1	224.957
1	218.684
1	192.66
1	196.166
1	208.542
1	336.792
0	5.18611
1	252.472
1	246.199
1	173.254
1	282.859
1	254.967
1	152.081
1	197.89
1	200.361
1	186.269
1	196.946
1	282.246
1	238.435
1	148.299
1	204.105
1	250.593
1	232.619
1	169.63
1	242.51
1	199.117
1	257.696
1	220.562
1	202.078
1	241.993
1	310.832
1	162.249
1	299.01
1	150.055
1	176.222
1	348.38
1	130.817
1	116.753
1	287.211
1	405.326
1	142.552
1	313.132
1	167.583
1	194.999
1	181.332
1	138.164
1	192.224
1	215.512
1	191.374
1	139.707
1	206.013
1	148.194
1	178.928
1	277.214
1	241.95
1	214.044
1	168.78
1	231.661
1	192.367
1	133.747
1	173.049
1	139.106
1	151.378
1	174.538
1	200.937
1	196.753
1	173.822
1	176.378
1	235.203
1	210.112
1	248.52
1	307.045
1	204.984
1	185.188
1	187.683
1	227.822
1	188.25
1	219.993
1	186.948
1	202.135
1	181.391
1	178.65
1	304.298
1	143.851
1	249.07
1	171.283
1	147.187
1	123.743
1	199.055
1	246.398
1	124.208
1	178.012
1	185.189
1	127.128
1	269.096
1	220.056
1	195.264
1	168.859
1	207.429
1	269.527
0	16.7812
1	178.123
1	192.662
1	307.723
1	248.708
1	215.83
1	161.189
1	255.129
1	219.164
1	200.881
1	170.324
1	133.662
1	187.429
1	327.741
1	178.037
1	195.055
1	163.716
1	221.016
1	214.488
1	189.165
1	189.729
1	248.88
1	187.119
1	188.696
1	186.03
1	196.438
1	191.578
1	191.256
1	320.443
1	140.088
1	169.424
1	177.377
1	173.486
1	225.017
1	206.784
1	203.84
1	239.457
1	167.572
1	298.932
1	305.955
1	172.036
1	210.723
1	219.456
1	183.986
1	269.225
1	188.47
1	124.288
1	219.75
1	208.595
1	195.93
1	172.758
1	228.091
1	328.743
1	249.876
1	246.006
1	220.533
1	166.439
1	203.715
1	218.144
1	193.605
1	225.126
1	199.418
1	284.193
1	234.122
1	187.945
1	202.273
1	142.189
1	215.275
1	162.672
1	162.755
1	307.22
1	164.043
1	233.822
1	206.221
1	244.403
1	188.879
1	152.825
1	174.245
1	217.939
1	243.838
1	292.801
1	245.097
1	260.843
1	196.368
1	166.643
1	195.615
1	188.946
1	236.729
1	196.034
1	142.445
1	192.259
1	142.025
1	139.966
1	249.549
1	183.164
1	174.279
1	177.593
1	154.193
1	157.215
1	208.583
1	179.766
1	141.693
1	253.59
1	202.166
1	284.36
1	128.506
1	217.517
1	151.692
1	238.378
1	180.411
1	167.685
1	206.649
1	186.02
1	256.035
1	122.905
1	180.854
1	146.99
1	222.093
1	201.361
1	150.57
1	168.319
1	186.899
1	207.073
1	231.782
1	158.836
1	149.847
1	297.708
1	148.746
1	270.579
1	184.133
1	242.356
1	247.216
1	157.093
1	175.692
1	219.258
1	212.402
1	207.289
1	210.571
1	212.509
1	255.591
1	295.289
1	211.075
1	218.537
1	141.668
1	305.093
1	299.48
1	198.982
1	267.672
1	159.96
1	199.224
1	276.48
1	187.942
1	244.091
1	138.671
1	149.311
1	201.419
1	196.2
1	166.273
0	22.2314
1	146.225
1	265.005
1	297.445
1	180.35
1	174.302
1	194.714
1	224.938
1	211.083
1	198.213
1	200.79
1	159.539
1	183.527
1	207.757
1	171.248
1	456.227
1	213.334
1	240.798
1	158.29
1	184.209
1	232.915
1	151.986
1	184.771
1	217.728
1	132.627
1	171.557
1	196.48
1	184.641
1	219.621
1	172.706
1	190.967
1	174.363
1	298.675
1	186.021
1	193.622
1	144.306
1	224.542
1	200.777
1	230.852
1	151.823
1	269.098
1	226.437
1	170.736
1	244.692
1	181.179
1	176.842
1	131.283
1	381.72
1	266.801
1	236.677
1	231.649
1	233.864
1	231.518
1	219.927
1	293.025
1	139.233
1	161.052
1	274.897
1	214.347
1	209.398
1	196.525
1	128.975
1	213.093
1	247.945
1	272.641
1	211.261
1	270.333
1	226.698
1	215.147
1	178.866
1	262.35
1	207.44
1	250.235
1	188.037
1	185.377
1	191.081
1	192.958
1	161.939
1	126.783
1	263.02
1	148.177
1	246.35
1	165.426
1	165.886
1	201.275
1	230.877
1	198.838
1	167.056
1	183.562
1	253.27
1	140.648
1	183.029
1	199.78
1	352.114
1	210.305
1	118.73
1	180.448
1	216.184
1	316.092
1	206.388
1	193.614
1	164.885
1	276.363
1	211.409
1	163.049
1	311.779
1	180.444
1	261.393
1	223.188
1	171.967
1	241.568
1	126.468
1	188.979
1	153.973
1	247.451
1	167.296
1	118.035
0	23.6212
1	351.595
1	221.203
1	249.307
1	152.733
1	185.631
1	138.456
1	289.042
1	141.96
1	201.932
1	258.749
1	141.691
1	188.677
1	185.039
1	189.884
1	224.863
1	218.124
1	142.205
1	195.46
1	173.777
1	123.113
1	214.698
1	175.793
1	210.853
1	168.053
1	214.409
1	196.529
1	161.385
1	207.681
1	214.896
1	171.414
1	224.909
1	290.95
0	7.931
1	176.164
1	316.458
1	192.861
0	102.934
1	185.292
1	188.027
1	213.193
1	143.423
1	239.464
1	185.198
1	177.254
1	129.434
1	248.421
1	260.608
1	181.448
1	198.407
1	257.947
1	155.113
1	178.593
1	186.773
1	246.211
1	232.295
1	152.875
1	158.148
1	305.671
1	315.837
1	171.861
1	257.541
1	188.456
1	166.295
1	262.676
1	180.27
1	177.509
1	125.432
1	192.526
1	156.343
1	242.238
1	293.624
1	153.366
1	187.969
1	214.571
1	212.351
1	149.538
1	159.371
1	182.528
1	256.689
1	203.977
1	159.853
1	183.069
1	270.158
1	240.479
1	252.694
1	219.284
1	318.197
1	284.582
1	148.232
1	233.161
1	221.46
1	234.101
1	183.07
1	197.659
1	228.263
1	185.919
1	148.948
1	192.957
1	144.848
1	171.188
1	151.133
1	258.543
1	246.515
1	251.47
1	205.275
1	246.962
1	221.687
1	205.117
1	173.62
1	144.231
1	231.317
1	133.685
1	154.381
1	202.481
1	248.605
1	205.887
1	229.203
1	265.303
1	266.085
1	245.747
1	231.785
1	212.55
1	184.673
1	160.615
1	190.779
1	196.83
1	183.789
1	206.732
1	160.886
1	367.338
1	163.292
1	179.067
1	227.616
1	238.7
1	153.952
1	185.644
1	243.73
1	183.473
1	160.696
1	184.968
1	250.734
1	207.687
1	292.06
1	164.607
1	161.529
1	159.917
1	179.463
1	163.811
1	215.124
1	230.988
1	190.129
1	162.438
1	160.494
1	159.647
1	154.451
1	167.417
1	159.223
1	219.322
1	189.879
1	153.847
1	187.66
1	146.546
1	231.886
1	152.312
1	194.407
1	176.557
1	183.322
1	160.289
1	181.107
1	246.373
1	245.424
1	144.501
1	119.282
1	161.402
1	197.125
1	130.995
1	195.019
1	148.966
1	251.088
1	238.398
1	242.893
1	283.878
1	234.838
1	152.887
1	219.038
1	198.076
1	173.944
1	162.098
1	144.556
1	173
1	196.876
1	176.344
1	180.186
1	176.139
1	225.782
1	230.307
1	356.755
1	178.648
1	284.13
1	158.931
1	166.1
1	142.288
1	167.478
1	172.604
1	210.541
1	250.923
1	175.792
1	223.238
1	275.461
1	229.039
1	283.458
1	180.682
1	215.95
1	201.729
1	151.883
1	143.289
1	300.414
1	155.88
1	164.891
1	193.515
1	238.723
1	241.585
1	270.891
1	281.453
1	266.499
1	155.644
1	270.32
1	327.05
1	187.982
1	198.342
1	222.418
1	196.789
1	219.177
1	206.278
1	205.719
1	315.612
1	127.152
1	225.408
1	171.339
1	208.626
1	119.182
1	191.167
1	157.768
1	190.57
1	142.668
1	252.012
0	64.5272
1	268.2
1	185.094
1	240.945
1	165.262
1	355.78
1	160.938
1	214.028
1	166.403
1	286.298
1	139.893
1	206.01
1	118.14
1	255.496
1	302.076
1	170.579
1	199.566
1	202.205
1	157.75
1	140.548
1	302.702
1	197.44
1	180.371
1	218.08
1	217.25
1	143.348
1	180.411
1	210.598
1	279.539
1	154.438
1	173.465
1	187.821
1	132.517
1	198.225
1	223.673
1	195.406
1	155.765
1	157.787
1	165.686
1	238.641
1	225.276
1	232.622
1	196.359
1	139.599
1	166.265
1	197.709
1	265.041
1	203.743
1	186.389
1	193.746
1	125.518
1	242.169
1	181.342
1	195.235
1	157.224
1	197.301
1	273.766
1	177.042
1	177.196
1	154.44
1	266.604
1	214.422
1	192.483
1	187.253
1	214.348
1	177.034
1	194.149
1	286.003
1	225.821
1	248.528
1	232.693
1	271.766
1	216.08
1	169.758
0	29.4372
1	167.202
1	247.698
1	164.51
1	132.072
1	146.234
1	143.917
1	194.288
1	225.125
1	247.234
1	160.008
1	187.676
1	226.389
1	140.127
1	192.435
1	185.694
1	307.404
1	217.162
1	176.12
1	177.953
1	263.703
1	202.354
1	173.678
1	242.091
1	147.779
1	113.302
1	207.807
1	192.899
1	186.192
1	142.501
1	218.138
1	144.474
1	173.451
1	184.227
1	142.135
1	197.622
1	290.083
1	173.982
1	181.803
1	163.391
1	220.941
1	128.244
1	198.547
1	199.685
1	180.771
1	160.891
1	174.196
1	301.026
1	200.237
1	145.213
1	151.06
1	138.786
1	313.344
1	345.462
1	182.282
1	234.912
1	149.005
1	193.984
1	276.238
1	205.04
1	197.808
1	206.647
1	171.845
1	198.069
1	159.478
1	117.962
1	255.902
1	158.668
1	208.945
1	181.048
1	127.866
1	171.715
1	182.424
1	347.803
1	207.935
1	176.739
1	170.828
1	139.272
1	263.376
1	187.124
1	163.496
1	216.536
1	303.763
1	209.743
1	277.628
1	173.563
1	216.538
1	173.798
1	180.084
1	279.479
1	179.22
1	227.789
1	167.81
1	119.038
1	252.155
1	243.279
1	171.678
1	131.254
1	391.622
1	164.076
1	228.146
1	252.225
1	167.156
1	318.922
1	189.077
1	358.269
1	143.66
1	176.072
1	166.816
1	155.146
0	70.7674
1	185.312
1	190.04
1	310.344
1	181.742
1	174.975
1	310.225
1	149.331
1	185.203
1	160.73
1	169.416
1	189.94
1	175.875
1	236.657
1	259.607
1	192.02
1	176.506
1	195.713
1	118.22
1	261.87
1	351.128
1	201.156
1	182.103
1	207.638
1	296.667
1	316.239
1	138.345
1	149.747
1	388.799
1	263.667
1	272.101
1	230.69
1	250.602
1	191.332
1	314.578
1	179.412
1	214.9
1	174.266
1	166.178
1	194.71
1	192.871
1	180.104
1	240.837
1	204.661
1	167.168
1	214.389
1	199.373
1	207.036
1	242.321
1	190.999
1	165.228
1	267.652
1	130.786
1	305.172
1	214.845
1	206.069
1	158.887
1	150.383
1	274.692
0	0.000101656
1	178.809
1	159.693
1	138.163
1	179.098
1	203.374
1	214.762
1	172.326
1	168.496
1	316.756
1	253.921
1	188.571
1	295.538
1	201.751
1	167.387
1	164.778
1	184.577
1	246.454
1	169.239
1	305.34
1	254.507
1	247.071
1	148.83
1	196.132
1	242.731
1	184.954
1	146.287
1	121.603
1	195.666
1	133.183
1	146.695
1	162.702
1	233.018
1	275.784
1	209.385
1	273.865
1	142.01
1	153.585
1	147.305
1	155.091
1	183.688
1	139.903
0	27.0588
1	187.471
1	215.484
1	175.671
1	157.004
1	173.612
1	215.052
1	245.585
1	261.895
1	164.317
1	187.08
1	249.681
0	13.4012
1	240.955
1	191.714
1	169.098
1	181.521
1	206.371
1	168.006
1	175.065
1	158.923
1	161.324
1	168.291
1	141.29
1	192.277
1	189.03
1	161.137
1	173.55
1	170.162
1	174.346
1	140.238
1	124.253
1	156.427
1	209.039
1	132.604
1	242.99
1	254.327
1	176.086
1	324.184
1	150.521
1	215.401
1	236.303
1	296.043
1	178.689
1	208.904
1	216.243
1	162.134
1	155.004
1	142.754
1	207.657
1	194.904
1	132.344
1	208.281
1	236.961
1	173.998
1	170.653
1	296.105
1	153.319
1	124.664
1	213.935
1	201.836
1	190.318
1	261.911
1	160.465
1	244.421
1	215.764
1	200.668
1	310.865
1	293.635
1	184.52
1	160.533
1	129.776
1	185.613
1	146.846
1	202.343
1	290.041
1	162.261
1	145.318
1	134.826
1	249.588
1	266.933
1	264.382
1	166.536
1	239.587
1	152.193
1	204.673
1	208.222
1	215.602
1	211.827
1	202.486
1	238.165
1	201.174
1	140.555
1	267.482
1	207.251
1	249.568
1	100.98
1	194.883
1	253.336
1	238.359
1	179.717
1	218.153
1	289.794
1	283.236
1	193.742
1	125.64
1	309.564
1	164.99
1	239.645
1	239.987
1	164.093
1	199.374
1	153.513
1	167.564
1	193.157
1	221.731
1	268.418
1	305.171
1	153.167
1	320.313
1	195.397
1	201.821
1	377.241
1	170.299
1	169.046
1	184.223
1	150.319
1	174.951
1	144.441
1	188.893
1	217.269
1	168.254
1	191.276
1	198.08
1	252.255
1	219.002
1	285.397
1	226.297
1	165.727
1	199.712
1	152.072
1	303.415
1	169.159
1	253.119
1	159.301
1	173.42
1	146.306
1	325.298
1	148.267
1	153.516
1	168.918
1	206.145
1	194.319
1	333.134
1	225.076
1	180.153
1	175.266
1	142.1
1	211.933
1	173.354
1	276.731
1	253.128
1	161.578
1	154.889
1	343.706
1	233.377
1	338.924
1	172.415
1	135.18
1	196.698
1	168.781
1	137.7
1	141.309
1	191.375
1	217.931
1	164.218
1	190.225
1	187.421
1	222.051
1	136.211
1	271.94
1	191.999
1	188.178
1	259.74
1	174.678
1	189.36
1	147.52
1	265.562
1	147.779
1	287.093
1	157.523
1	215.733
1	214.426
1	294.959
1	179.759
1	173.396
1	255.458
1	237.838
1	236.58
1	262.98
1	179.838
1	173.938
1	200.472
1	187.159
1	176.797
1	212.968
1	180.164
1	170.272
1	190.529
1	156.89
1	140.712
1	259.982
1	188.573
1	223.423
1	168.127
1	169.251
1	243.683
1	281.906
1	199.928
1	155.672
1	301.12
1	290.137
1	182.352
1	193.815
1	234.753
1	160.072
1	241.752
1	160.521
1	178.126
1	211.758
1	170.411
1	194.275
1	239.236
1	372.537
1	219.032
1	217.292
1	316.787
1	179.57
1	214.365
1	158.344
1	208.124
1	206.561
1	211.767
1	143.841
1	219.705
1	240.073
1	194.837
1	138.719
1	138.624
1	158.975
1	156.64
1	301.936
1	143.193
1	125.358
1	138.16
1	210.566
1	170.32
1	147.185
1	237.856
1	233.672
1	231.277
1	204.262
1	194.936
1	207.31
1	261.969
1	238.086
1	197.006
1	176.287
1	193.511
1	185.617
1	158.433
1	335.653
1	156.972
1	305.628
1	192.741
1	177.14
1	205.855
1	179.028
1	181.202
1	138.429
0	6.95028
1	211.877
1	146.728
1	144.727
1	234.185
1	180.436
1	167.507
1	145.417
1	167.491
1	209.381
1	183.532
1	149.797
1	192.28
1	141.245
1	206.65
1	195.443
1	222.667
1	153.584
1	149.591
1	157.425
1	129.579
1	229.948
1	286.011
1	188.298
1	195.351
1	268.017
1	190.155
1	119.784
1	139.268
1	183.761
1	121.358
1	170.811
1	147.696
1	129.131
1	174.838
1	262.168
1	227.727
1	243.083
1	168.37
1	160.309
1	235.884
1	305.685
1	237.272
1	247.957
1	193.763
1	202.326
1	215.449
1	196.328
1	330.554
1	159.772
1	173.034
1	179.856
1	169.825
1	245.731
1	174.752
1	134.651
1	170.444
1	226.336
1	176.764
1	125.951
1	256.762
1	190.048
1	134.793
1	214.228
1	265.485
1	257.712
0	59.0998
1	213.377
1	175.04
1	203.991
1	127.614
1	173.331
1	188.742
1	214.991
1	286.467
1	186.118
1	234.672
1	193.889
1	234.305
1	297.932
1	158.451
1	195.223
1	128.921
1	143.144
1	268.028
1	180.094
1	200.643
1	145.336
1	167.489
1	178.636
1	204.622
1	366.517
1	147.36
1	278.742
1	149.059
1	212
1	229.006
1	168.116
1	175.505
1	183.575
1	187.649
1	228.697
1	178.512
1	297.371
1	341.248
1	285.517
1	202.53
1	265.59
1	308.677
1	193.903
1	112.885
1	185.818
1	218.573
0	56.9404
1	241.951
1	160.267
1	124.932
1	232.848
1	182.491
1	225.975
1	169.4
1	212.269
1	164.438
1	289.852
1	321.17
1	231.645
1	176.795
1	173.63
1	221.828
1	165.034
1	131.382
1	199.432
1	163.837
1	204.57
1	159.185
1	144.024
1	145.867
1	193.849
1	132.93
1	164.523
1	164.16
1	168.14
1	191.153
1	233.26
1	203.614
1	154.258
1	183.721
1	134.418
1	238.82
1	187.803
1	203.028
1	222.158
1	187.766
1	141.502
1	203.812
1	204.578
1	201.678
1	146.21
1	153.359
1	165.655
1	153.876
1	156.937
1	276.233
1	252.272
1	152.377
1	202.724
1	162.349
1	188.658
1	218.165
1	159.303
1	256.94
1	147.734
1	170.91
1	171.147
1	185.42
1	162.335
1	121.352
1	163.018
1	174.174
1	209.437
1	170.723
1	257.454
1	215.094
1	154.296
1	189.211
1	174.286
1	211.083
1	198.366
1	257.203
1	212.758
1	142.057
1	222.003
1	310.297
1	128.153
1	175.319
1	213.693
1	196.403
1	236.449
1	264.433
1	178.298
1	191.355
1	226.714
1	169.304
1	140.583
0	50.0014
1	126.388
1	174.869
1	127.703
1	138.247
1	193.908
1	146.362
1	294.665
1	237.404
1	236.852
1	180.437
1	225.075
1	165.553
1	147.52
1	242.428
1	236.565
1	156.054
1	159.285
1	212.09
1	188.903
1	148.581
1	261.374
1	196.404
1	175.602
1	182.661
1	184.776
1	183.034
1	189.416
1	210.683
1	190.276
1	147.393
1	180.405
1	156.751
1	303.626
1	220.99
1	228.309
1	181.162
1	179.753
1	181.1
1	139.56
1	169.916
1	205.331
1	171.862
1	140.37
1	252.219
1	178.529
1	142.986
1	162.102
1	238.749
1	202.723
1	232.968
1	175.677
1	128.742
1	162.311
1	205.136
1	201.225
1	190.464
1	150.238
1	150.245
1	216.794
1	175.5
1	175.317
1	184.868
1	204.336
1	178.497
1	149.781
1	172.984
1	237.225
1	141.632
1	454.61
1	198.725
1	156.766
1	228.489
1	169.899
1	235.764
1	224.827
1	213.238
1	231.131
1	213.435
1	187.096
1	170.102
1	168.944
1	148.167
1	177.236
1	233.634
1	218.29
1	146.112
1	163.49
1	172.386
1	230.177
1	285.489
1	166.514
1	203.702
1	250.011
1	264.679
1	200.081
1	172.656
1	146.424
1	296.285
1	135.657
1	177.194
1	182.845
1	188.134
1	194.286
1	137.605
1	269.484
1	201.955
1	155.59
1	176.786
1	256.015
1	136.956
1	146.023
1	121.719
1	219.936
1	195.204
1	231.175
1	198.629
1	135.191
1	255.408
1	157.791
1	164.342
1	254.482
1	259.795
1	148.238
1	171.395
1	188.902
1	158.043
1	162.137
1	169.804
1	235.186
1	154.683
1	128.517
1	139.505
1	317.715
1	171.657
1	303.088
1	307.785
1	247.046
1	159.157
1	276.93
1	211.522
1	206.527
1	145.742
1	176.173
1	231.541
1	204.747
1	282.493
1	177.496
1	176.045
1	278.708
1	210.527
1	166.09
1	217.398
1	355.006
1	309.412
1	225.366
1	114.112
1	158.671
1	215.956
1	148.456
1	153.099
1	176.6
1	179.599
1	203.628
1	221.738
1	154.242
1	167.306
1	193.923
1	252.782
1	186.615
1	260.592
1	181.091
1	285.002
1	157.958
1	303.97
1	199.019
1	148.937
1	185.718
1	208.108
1	200.722
1	185.98
1	191.373
0	19.6508
1	163.563
1	164.604
1	170.821
1	254.614
1	211.874
1	166.888
1	205.419
1	334.371
1	221.088
0	62.7007
1	175.284
1	215.462
1	302.01
1	179.009
1	238.163
1	229.956
1	197.198
1	159.15
1	183.441
1	159.938
1	266.558
1	199.079
1	277.614
1	149.728
1	196.545
1	125.556
1	151.331
1	234.488
1	204.1
1	152.18
1	170.687
1	263.06
1	208.38
1	192.635
1	167.912
1	182.072
1	167.435
1	132.663
1	239.421
1	148.913
1	173.568
1	144.266
1	196.316
1	209.242
1	227.895
1	314.281
1	247.277
1	284.514
1	134.123
1	249.411
1	152.479
1	187.745
1	170.894
1	185.671
1	158.593
1	367.359
1	182.206
1	198.596
1	244.776
1	224.818
1	161.6
1	170.814
1	217.663
1	255.851
1	129.808
1	192.832
1	192.417
1	167.471
1	138.891
1	273.665
1	207.324
1	195.467
1	168.235
1	211.747
1	262.753
1	236.365
1	285.148
1	195.155
1	213.906
1	170.593
1	245.264
1	244.263
1	252.536
1	172.568
1	237.693
1	178.091
1	171.735
0	5.09474
1	148.242
1	234.038
1	315.59
1	203.826
1	177.126
1	284.882
1	128.495
1	202.349
1	281.06
1	324.088
1	165.819
1	196.423
1	167.977
1	183.236
1	205.825
1	199.559
1	213.232
1	151.528
1	360.237
1	225.428
1	175.587
1	155.309
1	191.519
1	152.888
1	207.18
1	166.275
1	225.324
1	132.192
1	433.763
1	170.698
1	278.475
1	230.665
1	217.369
1	271.62
1	183.958
1	223.279
1	158.21
1	130.728
1	283.958
1	161.156
1	219.195
1	226.606
1	224.214
1	385.071
1	209.165
1	165.131
1	128.032
1	326.566
1	207.466
1	162.718
1	214.675
1	185.786
1	193.976
1	179.887
1	150.67
1	196.443
1	151.376
1	180.605
1	245.533
1	274.176
1	180.67
1	255.586
1	276.38
1	209.545
1	152.137
1	345.035
1	194.652
1	238.529
1	193.282
1	141.031
1	221.439
1	142.906
1	195.832
1	178.855
1	193.038
1	163.219
1	166.344
1	187.045
1	191.363
1	186.142
1	177.855
1	177.474
1	147.297
1	247.534
1	187.691
1	177.269
1	206.714
1	108.077
1	228.278
1	254.175
1	254.829
1	194.34
1	216.198
1	186.714
1	243.189
1	186.506
1	135.265
1	150.865
1	174.412
1	242.05
1	143.737
1	217.582
1	248.986
1	163.253
1	213.944
1	173.129
0	42.4187
1	235.427
1	214.265
1	133.064
1	216.005
1	176.822
1	220.671
1	220.763
1	363.786
1	191.543
1	261.856
1	202.423
1	212.598
1	141.879
1	251.11
1	251.965
1	231.625
1	180.178
1	282.271
1	177.236
1	179.109
1	189.443
1	136.889
1	160.592
1	158.789
1	276.668
1	204.821
1	216.708
1	173.123
1	209.284
1	204.676
1	163.342
1	201.799
1	298.096
1	238.356
1	203.74
1	319.687
1	329
1	265.751
1	216.257
1	147.428
1	295.761
1	274.041
1	177.648
1	250.934
1	209.372
1	122.905
1	205.28
1	186.408
1	232.812
1	115.365
1	186.096
1	188.234
1	192.051
1	284.457
1	211.249
1	287.696
1	234.196
1	178.696
1	191.7
0	106.509
1	190.399
1	239.635
1	166.461
1	152.772
1	244.372
1	220.958
1	211.828
1	230.782
1	320.602
1	167.937
1	143.009
1	271.741
1	177.43
1	400.896
1	162.087
1	248.798
1	255.64
1	234.257
1	193.646
1	310.314
1	173.242
1	256.338
1	148.11
1	214.608
1	212.087
1	224.385
1	214.814
1	143.803
1	147.281
1	251.044
1	186.31
1	165.231
1	180.827
1	249.616
1	191.413
1	138.167
1	138.736
1	171.341
1	225.802
1	274.591
1	219.791
1	274.554
1	165.738
1	173.971
1	211.656
1	241.594
1	184.401
1	178.086
1	157.121
1	229.973
1	194.479
1	193.073
1	184.805
1	169.278
1	210.793
1	323.799
1	174.71
1	223.894
1	163.673
1	203.551
1	222.68
1	156.573
1	364.33
1	284.051
1	174.406
1	218.529
1	134.875
1	123.231
1	121.131
1	146.174
1	118.234
1	176.373
1	237.831
1	242.236
1	173.893
1	156.417
1	168.916
1	241.873
1	166.956
1	209.769
1	228.171
1	181.379
1	157.238
1	211.394
1	263.481
1	146.251
1	308.79
1	239.413
1	143.934
1	158.72
1	186.127
1	175.714
1	292.022
1	165.138
1	195.909
1	198.17
1	209.142
1	251.777
1	131.305
1	158.986
1	248.786
1	206.986
1	258.214
1	193.906
1	251.487
1	338.049
1	193.982
1	143.751
1	164.181
1	213.775
1	299.584
1	246.319
1	169.371
1	180.208
1	244.431
1	202.21
1	202.597
1	188.521
1	151.725
1	217.131
1	183.328
1	242.848
1	362.054
1	282.135
1	255.203
1	261.401
1	188.355
1	256.092
1	145.39
1	232.054
1	219.231
1	146.548
1	224.894
1	197.125
1	194.068
1	300.589
1	250.539
1	195.436
1	284.013
1	204.41
1	272.236
1	136.58
1	159.496
1	143.644
1	252.473
1	206.58
1	208.897
1	227.489
1	161.834
1	197.392
1	407.262
1	152.117
1	223.735
1	197.064
1	241.872
1	201.981
1	219.898
1	305.13
1	239.705
1	174.274
1	144.701
1	246.424
1	175.297
1	214.574
1	184.154
1	152.009
1	300.006
1	204.788
1	165.369
1	223.368
1	248.878
1	161.003
1	278.078
1	194.878
1	170.883
1	156.355
1	264.454
1	180.372
1	182.333
1	218.921
1	223.515
1	213.038
1	188.311
1	228.416
1	123.199
1	177.105
1	205.676
1	210.004
1	319.325
1	156.745
1	318.008
1	209.031
1	283.759
1	289.169
1	336.161
1	230.151
1	162.886
1	169.285
1	221.379
1	160.597
1	195.201
1	140.966
1	193.228
1	190.483
1	175.596
1	201.485
1	233.313
1	301.658
1	254.263
1	99.057
1	135.098
1	303.123
1	217.242
1	155.516
1	198.013
1	275.65
1	204.959
1	248.552
1	167.542
1	225.302
1	143.597
1	219.543
1	188.537
1	134.831
1	133.156
1	130.372
1	172.185
1	204.901
1	123.46
1	227.277
0	6.51016
1	201.352
1	208.83
1	123.251
1	178.267
1	178.808
1	238.628
1	148.243
1	242.292
1	148.68
1	180.705
1	221.139
1	194.089
1	231.145
1	225.866
1	144.6
1	180.951
1	202.649
1	155.414
1	226.213
1	263.26
1	231.693
1	241.987
1	146.602
1	151.083
1	264.586
1	293.868
1	231.003
1	154.806
1	243.641
1	229.562
1	301.145
1	170.782
1	302.406
1	201.992
1	158.854
1	222.772
1	181.206
1	192.702
1	171.99
1	221.645
1	160.55
1	210.879
1	211.772
1	278.72
1	226.522
1	240.145
1	207.888
1	148.996
1	190.491
1	187.504
1	238.173
1	139.804
1	208.65
1	221.308
1	199.06
1	276.194
1	143.245
1	189.502
1	188.442
1	224.713
1	155.464
1	232.944
1	138.495
1	158.858
1	294.141
1	193.648
1	225.544
1	196.563
1	180.787
1	185.673
1	494.182
1	154.048
1	220.615
1	185.5
1	196.586
1	192.33
1	410.722
1	187.02
1	174.837
1	193.817
1	211.454
1	253.009
1	217.062
1	208.154
1	206.976
1	206.185
1	284.596
1	158.702
1	137.841
1	143.503
1	252.603
1	211.688
1	193.103
1	144.349
1	291.435
1	238.514
1	199.568
1	183.908
1	223.136
0	130.745
1	207.826
1	349.107
1	211.207
1	203.049
1	124.733
1	223.288
1	182.509
1	226.24
1	156.532
1	202.831
1	193.439
1	149.596
1	238.568
1	194.895
1	117.199
1	199.081
1	219.287
1	236.758
1	170.502
1	267.715
1	199.801
1	237.21
1	200.096
1	294.821
1	196.993
1	204.365
1	286.297
1	173.733
1	149.474
1	168.735
1	175.812
1	180.718
1	155.949
1	189.394
1	160.574
1	217.461
1	219.065
0	23.0498
1	155.3
1	200.554
1	160.758
1	184.919
1	293.304
1	249.259
1	187.293
1	216.467
1	277.668
1	144.093
1	222.014
1	202.835
1	135.942
1	204.499
1	122.916
1	233.469
1	247.085
1	189.366
1	278.028
1	130.189
1	145.963
1	165.944
1	151.557
1	228.665
1	230.264
1	198.441
1	175.055
1	303.979
1	191.41
1	125.237
1	184.854
1	190.537
1	147.546
1	113.138
1	201.753
1	189.038
1	181.813
1	214.749
1	142.228
1	357.496
1	202.003
1	259.715
1	380.171
1	216.106
1	226.086
1	180.764
1	151.694
1	140.215
0	12.2618
1	224.515
1	268.702
1	149.47
1	154.33
1	164.492
1	205.117
1	188.337
1	211.012
1	214.768
1	177.423
1	226.571
1	160.054
1	184.274
1	186.283
1	181.11
1	255.366
1	165.603
1	232.087
1	211.173
1	162.939
1	326.48
1	201.259
1	162.253
1	156.562
1	209.084
1	138.372
1	121.474
1	132.662
1	346.769
1	142.539
1	247.657
1	300.206
1	220.561
1	183.989
1	170.65
1	185.411
1	170.763
1	328.389
1	180.218
1	168.691
1	256.588
1	186.408
1	200.367
1	219.547
1	159.349
1	166.011
1	124.997
1	151.736
1	140.135
1	186.471
1	330.596
1	232.556
1	246.064
1	235.515
1	221.35
1	210.945
1	182.485
1	210.637
1	207.842
1	130.567
1	184.977
1	429.068
1	191.995
1	179.392
1	297.972
1	180.059
1	217.165
1	232.405
1	181.223
1	185.091
1	302.613
1	177.403
1	127.572
1	211.799
1	179.603
1	307.554
1	145.534
1	209.1
1	156.321
1	185.917
1	347.949
1	175.457
1	243.601
1	208.378
1	212.621
1	216.709
1	184.826
1	215.616
1	296.904
1	159.69
1	272.818
1	149.131
1	172.901
1	191.295
1	217.433
1	215.353
1	167.169
1	136.701
1	268.303
1	213.389
1	163.574
1	295.923
1	148.423
1	194.383
1	143.978
1	158.844
1	275.851
1	136.842
1	296.257
1	159.627
1	199.273
1	202.426
1	176.065
1	137.545
1	190.964
1	163.351
1	154.912
1	180.723
1	192.298
1	216.845
1	218.313
1	173.382
1	215.745
1	213.12
1	152.093
1	172.86
1	221.214
1	181.955
1	228.821
1	225.301
1	261.149
1	158.024
1	191.078
1	190.555
1	195.779
1	167.003
1	213.994
1	130.012
1	165.021
1	146.704
1	176.496
1	257
1	172.628
1	285.164
1	161.33
1	111.622
1	134.66
1	244.804
1	206.443
1	203.09
1	166.578
1	141.32
1	321.239
1	163.044
1	193.152
1	207.57
1	216.085
1	150.035
1	152.931
1	140.376
1	139.299
1	195.397
1	187.574
1	205.227
1	295.74
1	158.441
1	184.423
1	148.083
1	372.465
1	211.382
1	253.806
1	266.907
1	262.442
1	172.038
1	198.182
1	204.568
1	199.75
1	255.358
1	205.75
1	200.898
1	236.178
1	147.403
1	138.786
1	194.162
1	267.251
1	121.927
1	233.347
1	167.031
1	182.358
1	151.954
1	192.788
1	212.25
1	113.234
1	201.921
1	256.618
1	248.681
1	197.802
1	236.713
1	184.473
1	194.723
1	221.48
1	250.77
1	182.135
1	183.03
1	224.681
1	155.12
1	196.829
1	204.697
1	209.053
1	190.52
1	161.527
1	209.146
1	191.307
1	176.856
1	122.684
1	214.066
1	197.744
1	430.119
1	221.553
1	239.13
1	227.494
1	200.689
1	122.259
1	201.251
1	185.716
1	166.594
1	229.128
1	186.133
1	207.341
1	231.068
1	223.18
1	175.359
1	207.713
1	172.541
1	269.909
1	209.282
1	210.58
1	182.047
1	250.996
1	208.373
1	214.896
1	183.837
1	140.497
1	130.809
1	304.263
1	256.762
1	326.156
1	256.487
1	343.649
1	190.594
1	150.243
1	271.881
1	309.728
1	248.12
1	195.509
1	200.062
1	156.546
1	217.65
1	197.091
1	197.152
1	201.616
1	126.131
1	153.624
1	161.696
1	185.942
1	183.332
1	166.504
1	180.5
1	201.748
1	187.828
1	162.686
1	151.571
1	253.428
1	170.201
1	280.716
1	156.244
1	249.085
1	218.817
1	159.019
1	254.628
1	219.675
1	232.882
1	197.752
1	222.159
1	132.292
1	158.12
1	171.057
1	169.407
1	279.549
1	178.764
1	198.856
1	186.159
1	228.211
1	185.504
1	166.448
1	133.483
1	129.298
1	210.708
1	105.928
1	229.36
1	156.719
1	229.555
1	227.614
1	151.846
1	194.344
1	240.836
1	305.979
1	177.984
1	165.987
1	192.006
1	190.563
1	292.574
1	159.361
1	268.969
1	171.231
1	248.933
1	211.08
1	207.439
1	203.176
1	291.522
1	208.162
1	124.382
1	128.79
1	194.178
1	194.64
1	158.705
1	253.117
1	301.569
1	221.586
1	193.743
1	200.029
1	178.285
1	204.903
1	239.525
1	186.107
1	210.567
1	207.61
1	137.462
1	245.381
1	234.948
1	129.787
1	118.39
1	185.222
1	172.575
1	246.683
1	228.072
1	167.209
1	159.122
1	213.751
1	144.785
1	187.205
1	300.297
1	166.078
1	204.849
1	218.699
1	160.179
1	222.333
1	192.098
1	247.28
1	136.344
1	173.668
1	189.014
1	256.546
1	266.084
1	222.475
1	261.433
1	204.589
1	193.607
1	124.401
1	150.483
1	151.083
1	153.857
1	172.182
1	221.541
1	171.021
1	171.892
1	221.38
1	160.148
1	187.451
1	99.5222
1	133.338
1	173.739
1	227.512
1	224.037
1	292.742
1	296.918
1	257.754
1	225.925
1	171.005
1	175.911
1	173.089
1	202.808
1	168.171
1	195.776
1	158.757
1	217.213
1	281.625
1	177.376
1	284.469
1	221.767
1	194.931
1	171.091
1	237.837
1	227.19
1	192.985
1	190.601
1	201.647
1	125.418
1	175.063
1	205.378
1	249.88
1	176.164
1	163.769
1	213.977
1	210.032
1	164.89
1	194.945
1	157.955
1	256.762
1	201.323
1	209.754
1	140
1	217.959
1	177.529
1	194.721
1	196.428
1	290.022
1	221.175
1	284.051
1	201.507
1	195.586
1	234.181
1	197.174
1	132.969
1	206.997
1	177.566
1	192.536
1	220.763
1	178.571
1	181.51
1	165.353
1	149.093
1	124.769
1	169.452
1	289.166
1	162.85
1	276.109
1	184.434
1	367.592
1	178.709
1	254.719
1	154.66
1	221.309
1	117.139
1	181.924
1	211.597
1	296.318
1	248.109
1	196.219
1	252.594
1	278.297
1	249.041
1	233.839
1	228.131
1	226.971
1	188.724
1	137.372
1	221.29
1	207.377
1	196.525
1	149.381
1	188.319
1	171.155
1	148.477
1	262.052
1	289.981
1	176.431
1	223.242
1	184.063
1	248.794
1	194.43
1	308.517
1	253.32
1	229.089
1	264.566
1	201.413
1	228.969
1	224.162
1	144.171
1	160.257
1	215.888
1	179.037
1	221.668
1	232.96
1	192.879
1	171.226
1	301.588
1	225.282
1	213.936
1	200.89
1	209.838
1	154.509
1	234.132
1	264.991
1	197.112
1	272.067
1	148.821
1	166.274
1	226.943
1	171.74
1	248.746
1	162.966
1	136.674
1	140.576
1	194.267
1	181.805
1	187.619
1	147.922
1	171.136
1	155.004
1	241.006
1	162.953
1	217.485
1	152.49
1	300.297
1	255.23
1	182.163
1	202.357
1	197.745
1	183.663
1	284.519
1	244.436
1	173.256
1	195.031
1	244.364
1	251.214
1	219.724
1	201.377
1	195.711
1	164.857
1	233.965
1	196.164
1	230.057
1	231.981
1	227.129
1	183.319
1	174.175
1	216.855
1	286.519
1	193.089
1	223.288
1	241.03
1	152.234
1	178.149
1	216.519
1	155.309
1	271.781
1	286.529
1	197.079
1	250.791
1	308.99
1	216.419
1	213.324
1	271.306
1	269.539
1	300.357
1	157.352
1	211.28
1	196.558
1	225.309
1	177.538
1	173.301
1	264.189
1	212.484
1	162.501
1	194.375
1	154.31
1	196.091
1	191.896
1	218.837
1	211.714
1	224.214
1	202.779
1	257.635
1	127.713
1	194.438
1	179.5
1	151.276
1	156.576
1	169.676
1	180.402
1	223.665
1	197.49
1	138.044
1	123.117
1	248.941
1	181.039
1	199.895
1	156.904
1	269.866
1	245.972
1	148.417
1	131.86
1	331.045
1	326.833
1	191.777
1	207.525
1	331.395
1	168.584
1	279.312
1	176.164
1	191.059
1	214.681
1	207.922
1	260.781
1	210.828
1	122.174
1	129.226
1	210.172
1	146.822
1	157.895
1	139.195
1	170.116
1	198.522
1	178.604
1	138.872
1	193.69
0	16.037
1	172.065
1	202.303
1	182.264
1	220.897
1	213.934
0	17.07
1	225.068
1	150.837
1	173.315
1	270.123
1	393.528
1	252.676
1	235.242
1	311.048
1	293.385
1	203.957
1	210.997
1	126.75
1	181.963
1	164.394
1	311.294
1	208.22
1	165.124
1	166.036
1	143.518
1	277.348
1	148.178
1	227.133
1	174.763
1	263.991
1	238.761
1	289.065
1	251.261
1	185.747
1	256.493
1	112.594
1	184.845
1	176.393
1	337.032
1	327.924
1	212.407
1	180.459
1	103.462
1	253.089
1	234.775
1	198.286
1	254.916
1	210.447
1	196.562
1	282.797
1	189.645
1	159.748
1	277.481
1	291.616
1	246.223
1	189.885
1	226.995
1	232.274
1	263.779
1	143.016
1	146.726
1	150.286
1	218.279
1	217.013
1	161.224
1	136.011
1	160.871
1	182.543
1	219.45
1	213.618
1	185.93
1	142.477
1	213.148
1	254.98
1	189.944
1	169.603
1	236.627
1	208.89
1	153.382
1	167.388
1	162.087
1	237.925
1	180.446
1	94.7597
1	172.274
1	277.383
1	195.629
1	260.724
1	148.998
1	187.934
1	191.976
1	193.745
1	140.055
1	158.779
1	245.331
1	194.84
1	259.598
1	174.446
1	232.374
1	179.827
1	288.598
1	263.04
1	219.844
1	132.3
1	289.409
1	126.251
1	214.72
1	146.551
1	206.95
1	346.953
1	208.124
1	204.857
1	171.287
1	151.902
1	189.087
1	181.633
1	251.059
1	175.818
1	297.005
1	150.676
1	144.995
1	184.998
1	160.015
1	204.37
1	237.573
1	143.838
1	169.622
1	203.761
1	214.868
1	161.977
1	158.564
1	190.183
1	212.288
1	228.721
1	345.849
1	320.778
1	290.728
1	259.112
1	282.035
1	143.461
1	170.209
1	219.714
1	166.583
1	175.062
1	165.724
1	149.938
1	182.425
1	227.595
1	203.383
1	177.002
1	173.054
1	186.474
1	162.375
1	156.574
1	154.17
1	166.923
1	232.062
1	183.601
1	169.959
1	155.013
1	258.452
1	170.629
1	156.617
1	301.543
1	165.58
1	254.432
1	209.002
1	169.375
1	162.455
1	179.433
1	182.525
1	253.676
1	343.38
1	226.13
1	256.874
1	283.138
1	215.172
1	175.724
1	124.211
1	164.809
1	196.874
1	154.914
1	195.775
1	173.623
1	214.739
0	28.7878
1	226.853
1	219.746
1	221.13
1	199.94
1	289.249
1	164.765
1	142.556
1	203.465
1	220.361
1	237.037
1	199.062
1	123.645
1	164.466
1	219.701
1	246.945
1	219.518
1	250.253
1	160.881
1	145.851
1	140.189
1	236.904
1	122.908
1	294.532
1	184.395
1	244.616
1	165.298
1	218.436
1	140.38
1	167.448
1	179.081
1	188.779
1	187.387
1	250.579
1	138.351
1	152.96
1	273.341
1	160.079
1	175.716
1	195.127
1	227.823
1	174.054
1	230.079
1	222.567
1	273.495
1	196.821
0	95.3493
1	128.388
1	165.177
1	177.456
1	201.502
1	214.831
1	184.664
1	199.684
1	132.085
1	252.525
1	164.616
1	180.705
1	269.281
1	286.254
1	246.083
1	182.815
1	149.516
1	264.288
1	284.561
1	198.207
1	199.293
1	253.076
1	154.492
1	224.03
1	207.468
1	231.406
1	179.917
1	250.895
1	147.359
1	233.633
1	202.821
1	246.76
1	237.527
1	180.177
1	226.837
1	351.757
1	209.299
1	173.594
1	143.917
1	145.069
1	223.911
1	254.757
1	163.247
1	258.612
1	207.211
1	279.53
1	200.849
1	199.567
1	190.135
1	179.397
1	178.8
1	175.047
1	145.221
1	212.394
1	172.735
1	173.404
1	241.684
1	164.287
1	185.442
1	173.171
1	285.334
1	256.318
1	146.987
1	154.352
1	160.232
1	225.005
1	213.391
1	261.802
1	227.102
1	191.848
1	171.55
1	276.23
1	199.364
1	294.852
1	171.936
1	218.896
1	153.501
1	174.97
1	226.054
1	176.239
1	129.091
1	273.043
1	184.112
1	211.08
1	142.843
1	220.663
1	184.924
1	131.763
1	330.17
1	152.664
1	229.94
1	157.939
1	219.548
1	147.181
1	146.973
1	216.925
1	189.477
1	275.269
1	145.404
1	291.088
1	196.252
1	175.754
1	239.007
1	156.206
1	179.911
1	175.491
1	340.738
1	137.535
1	155.916
1	202.673
1	154.441
1	271.662
1	250.755
1	176.251
1	300.099
1	212.384
1	174.822
1	174.354
1	219.001
1	220.861
1	220.253
1	169.768
1	161.28
1	214.584
1	190.244
1	153.211
1	212.541
1	160.746
1	148.025
1	175.445
1	306.465
1	276.52
1	241.219
1	170.855
1	333.748
1	186.559
1	184.676
1	156.751
1	151.265
1	122.448
1	211.501
1	156.27
1	464.738
1	215.354
1	172.865
1	188.906
1	194.409
0	72.1812
1	251.3
1	156.372
1	166.212
1	148.897
1	177.86
1	199.889
1	150.151
1	167.514
1	154.794
1	195.403
1	122.5
1	192.368
1	172.605
1	178.996
1	171.241
1	253.551
1	192.066
1	136.635
1	181.836
1	222.349
1	174.389
1	159.403
1	204.593
1	255.263
1	216.498
1	198.811
1	123.736
1	201.336
1	273.977
1	251.967
1	273.252
1	239.098
1	185.496
1	178.039
1	361.842
1	166.509
1	163.604
1	268.535
1	296.819
1	230.064
1	145.3
1	165.565
1	184.954
1	134.274
1	154.812
1	206.989
1	151.348
1	204.104
1	248.992
1	172.931
1	214.015
1	158.997
1	180.848
1	164.069
1	182.317
1	152.573
1	190.161
1	250.152
1	312.027
1	246.143
1	190.079
1	173.674
1	168.57
1	168.256
1	246.016
1	154.167
1	216.969
1	206.566
1	191.064
1	344.463
1	185.206
1	170.075
1	206.15
1	208.219
1	164.989
1	138.208
1	171.205
1	159.493
1	194.794
1	252.611
1	139.844
1	165.05
1	177.296
1	222.085
1	136.894
1	145.161
1	130.607
1	228.234
1	164.427
1	196.887
1	165.944
1	221.778
1	269.416
1	128.72
1	232.449
1	206.826
1	256.574
1	379.338
1	199.61
1	189.689
1	227.955
1	226.611
1	148.296
1	130.949
1	168.953
1	126.632
1	250.432
1	244.252
1	236.714
1	277.842
1	160.944
1	159.112
1	143.13
1	184.833
1	151.619
1	161.517
1	187.596
1	191.501
1	261.084
1	128.723
1	234.489
1	157.227
1	167.274
1	147.122
1	124.202
1	197.961
1	131.348
1	250.522
1	183.844
1	173.126
1	204.817
1	169.366
1	197.331
1	180.611
1	124.035
1	277.829
1	197.67
1	187.607
1	178.313
1	142.024
1	236.951
1	187.022
1	203.281
1	130.543
1	167.946
1	154.032
1	172.673
1	249.105
1	238.485
1	145.823
1	147.325
1	174.478
1	168.126
1	177.94
1	178.171
1	209.647
1	340.225
1	178.472
1	235.129
1	177.554
1	149.803
1	200.272
1	186.291
1	189.399
1	172.004
1	213.524
1	171.875
1	202.474
1	219.081
1	166.803
1	259.817
1	213.877
1	160.767
1	165.1
1	190.189
1	251.523
1	249.5
1	230.623
1	240.512
1	172.479
1	192.872
1	158.54
1	281.258
1	247.553
1	216.327
1	336.437
1	138.692
1	219.888
1	176.429
1	190.028
1	173.103
1	161.837
1	196.815
1	163.57
1	180.507
1	234.013
1	203.77
1	175.141
1	181.12
1	150.507
1	293.094
1	179.696
1	207.035
1	193.068
1	160.741
1	216.502
1	182.406
1	155.325
1	196.571
1	166.141
1	172.244
1	156.436
1	185.526
1	165.875
1	192.229
1	209.283
1	131.721
1	215.308
1	168.86
1	205.838
1	151.343
0	33.5038
1	212.145
1	216.477
1	193.604
1	160.096
1	223.565
1	243.207
1	141.323
1	189.382
1	150.618
1	152.523
1	237.536
1	218.537
1	144.255
1	251.426
1	255.783
1	165.906
1	185.633
1	242.188
1	215.676
1	221.318
1	153.613
1	302.02
1	221.358
1	253.617
1	160.772
1	191.918
1	185.963
1	189.065
1	123.754
1	194.653
1	230.616
1	211.14
1	224.206
1	169.571
1	244.882
1	167.404
1	211.412
1	131.067
1	198.18
1	227.199
1	199.702
1	216.571
1	255.226
1	158.454
1	158.682
1	204.606
1	201.458
1	271.064
1	280.27
1	174.342
1	254.671
1	160.905
1	165.941
1	238.669
1	198.058
1	121.844
1	158.193
1	233.912
1	158.822
1	181.946
1	259.043
1	183.198
1	193.817
1	254.405
1	223.316
1	211.85
1	157.303
1	179.753
1	219.407
1	129.015
1	256.485
1	194.219
1	183.96
1	160.287
1	199.247
1	178.659
1	173.379
1	208.257
1	171.197
1	220.032
1	221.16
1	335.13
1	227.32
1	198.735
1	148.105
1	258.363
1	159.979
1	277.717
1	144.613
1	190.859
1	243.349
1	188.427
1	260.194
1	255.261
1	256.782
1	176.183
1	312.411
1	148.724
1	155.657
1	206.741
1	163.942
1	183.124
1	185.117
1	260.878
1	147.485
1	168.756
1	211.513
1	181.649
1	189.458
1	126.349
1	137.84
1	168.441
0	18.1452
1	155.36
1	205.659
1	159.066
0	36.9989
1	323.389
1	274.641
1	178.6
1	265.633
1	184.633
1	145.118
1	235.141
1	186.802
1	249.426
1	205.118
1	201.604
1	180.088
1	199.967
1	269.622
1	172.068
1	154.062
1	244.899
1	205.897
1	231.088
1	212.492
1	209.459
1	267.75
1	202.424
1	316.776
1	154.688
1	207.49
1	182.513
1	130.948
1	199.225
1	229.747
1	235.416
1	153.935
1	232.838
1	161.993
1	174.081
1	159.427
1	217.324
1	143.769
1	341.271
1	127.222
1	204.769
1	133.081
1	268.644
1	268.225
1	178.335
1	140.543
1	154.475
1	122.141
1	177.166
1	198.178
1	167.653
1	162.716
1	198.343
1	172.708
1	194.481
1	252.712
1	162.591
1	240.956
1	208.447
1	206.802
1	151.913
1	167.303
1	175.397
1	278.264
1	167.067
1	170.898
1	226.596
1	186.671
1	202.702
1	172.265
1	210.988
1	147.593
1	180.77
1	163.962
1	175.303
1	166.778
1	172.843
1	182.242
1	122.077
1	184.985
1	158.747
1	232.095
1	307.747
1	119.235
1	191.515
1	194.658
1	103.188
1	131.308
1	168.998
1	223.583
1	177.529
1	217.458
1	215.108
1	250.54
1	188.501
1	218.357
1	212.574
1	157.726
1	214.438
1	162.288
1	221.487
1	210.309
1	220.744
1	224.592
1	272.189
1	217.157
1	243.853
1	202.185
1	184.675
1	170.415
1	157.352
1	231.038
1	158.119
1	240.496
1	229.597
1	166.035
1	244.098
1	169.631
1	141.146
1	232.802
1	155.117
1	229.05
1	207.112
1	161.307
1	187.293
1	176.272
1	162.889
1	311.007
1	188.678
1	138.192
1	217.634
1	190.321
1	165.597
1	259.677
1	195.842
1	165.028
0	43.2182
1	154.928
1	189.143
1	154.778
1	186.88
1	133.608
1	130.754
1	183.65
1	305.707
1	326.068
1	335.187
0	16.8644
0	37.9597
1	256.134
1	241.981
1	266.908
1	265.63
1	182.197
1	204.029
1	325.074
1	181.608
1	150.088
1	221.396
1	144.549
1	213.217
1	180.189
1	246.891
1	167.704
1	145.602
1	207.281
1	171.605
1	150.111
1	181.337
1	155.93
1	243.283
1	228.407
1	212.599
1	225.442
1	209.722
1	244.859
1	191.377
1	189.493
1	205.347
1	156.669
1	148.271
1	158.386
1	165.542
1	182.82
1	179.495
1	318.371
1	194.363
1	231.413
1	388.253
1	188.42
1	177.641
1	159.336
1	230.953
1	172.868
1	159.886
1	222.036
1	126.148
1	241.109
1	252.609
1	220.388
1	154.845
1	179.717
1	162.293
1	276.723
1	186.884
1	241.191
1	192.535
1	198.391
1	203.834
1	119.469
1	133.835
1	277.65
1	178.835
1	153.916
1	147.121
1	226.864
1	206.956
1	181.166
1	225.367
1	156.129
1	157.325
1	229.363
1	269.721
1	211.717
1	191.384
1	291.979
1	142.091
1	154.357
1	165.751
1	176.971
1	219.927
1	174.92
1	122.092
1	159.336
1	294.126
1	189.19
1	173.251
1	143.557
1	174.89
1	295.249
1	241.788
1	211.225
1	175.532
1	136.008
1	367.172
1	231.327
1	293.088
1	277.104
1	185.253
1	178.669
1	157.323
0	12.2711
1	175.159
1	293.366
1	238.878
1	179.346
1	226.967
1	243.489
1	238.554
1	153.061
1	187.893
1	201.32
1	165.464
1	148.131
1	288.497
1	159.83
1	156.595
1	172.58
1	196.454
1	104.253
1	171.121
1	196.791
1	156.257
1	253.237
1	148.861
1	175.251
1	228.675
1	211.036
1	167.523
1	225.384
1	193.288
1	192.339
1	286.695
1	207.597
1	219.641
1	164.808
1	163.751
1	229.726
1	308.919
1	358.792
1	251.882
1	182.859
1	249.368
1	275.528
1	221.58
1	179.419
1	206.299
1	123.179
1	206.178
1	131.013
1	164.03
1	308.386
1	186.241
1	163.362
1	172.494
1	214.996
1	217.096
1	136.274
1	274.657
1	191.428
1	171.722
1	151.812
1	211.701
1	209.538
1	285.182
1	169.998
1	132.321
1	230.096
1	199.149
1	194.713
1	176.299
1	153.366
1	201.73
1	118.905
1	176.647
1	216.87
1	198.669
1	267.884
1	186.016
1	200.739
1	133.977
1	293.501
1	302.342
1	221.134
1	297.941
1	274.041
1	164.863
1	193.734
1	293.024
1	209.606
1	244.896
1	169.501
1	191.559
1	139.806
1	188.121
1	212.209
1	195.446
1	175.751
1	159.68
1	222.877
1	171.932
1	258.721
1	133.143
1	186.222
1	179.427
1	159.623
1	199.08
1	196.14
1	162.291
1	187.713
1	315.497
1	156.089
1	199.662
1	190.55
1	202.206
1	165.313
1	137.183
1	166.947
1	163.127
1	199.354
1	169.076
1	281.243
1	181.06
1	210.558
1	185.253
1	136.012
1	232.201
1	198.253
1	174.133
1	243.55
1	142.406
1	275.211
1	228.453
1	142.247
1	206.594
1	200.829
1	227.492
1	243.097
1	224.449
1	229.09
1	228.896
1	203.232
1	161.293
1	273.759
1	187.856
1	284.344
1	239.405
1	210.185
1	137.657
1	215.2
1	267.768
1	213.294
1	277.135
1	164.62
1	166.436
1	96.1544
1	146.712
1	200.255
1	185.621
1	186.349
1	197.335
1	213.02
1	180.871
1	150.647
0	78.1513
1	173.166
1	238.947
1	157.682
1	183.269
1	146.752
1	169.967
1	167.712
1	243.391
1	201.898
1	313.911
1	176.861
1	230.987
1	209.734
1	174.188
1	112.666
1	167.142
1	277.715
1	198.764
1	328.539
1	183.067
0	2.07815
1	212.339
1	187.609
1	274.565
1	206.492
1	221.178
1	353.667
1	171.126
1	226.197
1	187.181
1	139.353
1	172.257
1	215.308
1	145.881
1	151.575
1	171.465
1	149.041
1	230.346
1	212.272
1	176.132
1	177.91
1	220.088
1	228.51
1	193.076
1	324.96
1	169.12
1	161.604
1	178.904
1	143.711
1	202.015
1	171.453
1	172.042
1	151.394
1	186.836
1	222.296
1	184.603
1	216.783
1	209.272
1	255.614
1	222.729
1	229.907
1	179.203
1	309.26
1	230.75
1	280.622
1	210.639
1	171.531
1	273.357
1	209.694
1	224.755
1	171.481
1	177.131
1	210.966
1	168.323
1	211.732
1	150.976
1	173.603
1	232.736
1	129.883
1	190.054
1	242.32
1	199.936
1	177.931
1	156.414
1	177.222
1	166.757
1	189.891
1	167.777
1	304.693
1	203.508
1	206.915
1	450.438
1	320.807
1	242.727
1	176.833
1	160.863
1	176.789
1	251.002
1	173.178
1	209.078
1	251.115
1	208.515
1	169.887
0	3.55577
1	167.448
1	245.848
1	141.078
1	181.952
1	292.355
1	217.694
1	162.207
1	195.065
1	209.363
1	186.787
1	188.133
1	226.498
1	265.408
1	192.627
1	237.881
1	198.114
1	189.043
0	229.906
1	217.431
1	174.749
1	288.894
1	280.33
1	144.041
1	198.863
1	145.538
1	165.283
1	154.71
1	302.51
1	203.881
1	207.63
1	149.815
1	239.933
1	243.466
1	271.976
1	248.4
1	177.879
1	265.27
1	178.674
1	164.732
1	227.988
1	208.452
1	192.353
1	142.163
1	204.482
1	213.541
1	194.56
1	197.97
1	169.025
1	158.244
1	179.286
1	372.014
1	190.209
1	184.117
1	228.89
1	117.683
1	238.584
1	149.25
1	147.422
1	321.249
1	207.91
1	177.568
1	281.127
1	184.944
1	167.434
1	226.886
1	201.323
1	189.011
1	276.32
1	212.666
1	164.69
1	217.357
1	209.423
1	207.828
1	176.648
1	224.887
1	158.546
1	159.638
1	147.837
1	144.954
1	164.09
1	305.999
1	251.752
1	200.912
1	117.415
1	144.469
1	188.693
1	116.086
1	196.868
1	282.629
1	390.97
1	164.91
1	188.089
1	357.19
1	173.003
1	176.459
1	172.372
1	224.487
1	231.422
1	162.015
1	257.111
1	245.5
1	141.091
1	165.927
1	224.272
1	171.002
1	208.63
1	127.975
1	226.447
1	162.05
1	208.006
1	201.755
1	153.369
1	159.909
1	359.337
1	139.751
1	216.324
1	207.295
1	153.235
1	259.676
1	241.667
1	237.495
1	266.174
1	180.079
1	198.814
1	188.152
1	242.821
1	183.157
1	220.883
1	164.799
1	111.94
1	189.068
1	238.93
1	131.454
1	201.014
1	191.38
1	139.2
1	149.031
1	177.079
1	247.137
1	174.627
1	220.25
1	120.291
1	213.232
1	257.841
1	249.126
1	309.295
1	232.427
1	172.7
1	198.675
1	305.096
1	235.548
1	231.265
1	225.208
1	139.742
1	160.735
1	309.04
1	161.34
1	225.557
1	198.267
1	171.033
1	217.363
1	151.919
1	248.6
1	171.998
1	208.797
1	134.227
1	208.321
1	194.549
1	186.253
1	239.425
1	165.544
1	196.116
1	198.414
1	245.116
1	256.859
1	220.713
1	200.339
1	174.947
1	169.117
1	157.915
1	265.64
1	176.409
1	198.283
1	139.252
1	204.307
1	176.772
1	166.221
1	136.049
1	203.55
1	215.558
1	200.722
1	179.719
1	152.627
1	394.792
1	158.393
1	146.258
1	301.766
1	185.227
1	348.678
1	181.22
1	154.697
1	152.411
1	195.67
1	218.078
1	258.255
1	241.179
1	208.962
1	126.141
1	179.34
1	208.908
1	144.418
1	256.231
1	196.901
1	161.878
1	205.1
1	384.905
1	191.741
1	224.793
1	247.905
1	174.425
1	212.284
1	173.359
1	277.195
1	192.85
1	251.3
1	261.542
1	242.195
1	271.428
1	219.889
1	156.358
1	184.782
1	186.153
1	222.791
1	183.716
1	250.28
1	165.9
1	169.61
1	264.767
1	436.705
1	239.479
1	236.875
1	227.334
1	196.764
1	205.053
1	153.643
1	137.43
1	161.693
1	205.81
1	165.363
1	226.701
1	162.913
1	159.442
1	241.001
1	314.183
1	178.345
1	214.903
0	25.154
1	120.429
1	154.156
1	237.355
1	151.732
1	177.504
1	166.481
1	204.019
1	184.572
1	141.675
1	164.11
1	209.293
1	342.678
1	310.748
1	150.038
1	234.381
1	229.55
1	156.918
1	221.743
1	178.921
1	134.626
1	152.844
1	195.205
1	217.474
1	197.074
1	211.485
1	235.436
1	277.261
1	176.518
1	218.36
1	173.472
1	232.06
1	172.354
1	168.419
1	222.51
1	176.875
1	146.984
1	262.183
1	135.811
1	163.001
1	179.006
1	202.234
1	240.834
1	197.635
1	239.423
1	147.172
1	146.794
1	191.183
1	162.774
1	166.223
1	257.033
1	181.167
1	196.746
1	182.869
1	142.056
1	177.512
1	243.667
1	202.788
1	197.073
1	264.89
1	172.991
1	208.787
1	182.208
1	257.463
1	299.563
1	255.96
1	168.623
1	123.18
1	273.716
1	211.719
1	252.826
1	185.199
1	136.235
1	197.213
1	158.686
1	236.331
1	164.236
1	389.193
1	193.154
1	220.285
1	195.169
1	225.548
1	259.775
1	219.944
1	216.938
1	125.235
1	154.073
1	185.685
1	217.069
1	232.421
1	295.136
1	284.384
1	234.01
1	188.134
1	270.649
1	186.13
1	195.667
1	158.254
1	174.213
1	186.505
1	175.404
1	206.27
1	277.433
1	239.096
1	267.162
1	166.11
1	162.422
1	128.177
1	153.518
1	167.549
1	172.868
1	266.699
1	192.409
1	191.755
1	234.23
1	181.464
1	274.762
1	199.9
1	194.164
1	162.721
1	192.324
1	439.899
1	226.089
1	319.092
1	186.563
1	173.875
1	179.056
1	161.92
1	257.15
1	195.749
1	211.722
1	235.775
1	240.301
1	185.155
1	131.987
1	231.699
1	350.211
1	253.131
1	272.459
1	185.029
1	195.046
1	163.512
1	297.168
1	180.807
1	246.111
1	320.161
1	192.19
1	162.074
1	177.629
1	200.883
1	206.861
1	137.695
1	202.11
1	155.039
1	311.505
1	218.117
1	199.8
1	219.855
1	362.309
1	137.681
1	199.963
1	209.217
1	160.565
1	242.782
1	174.385
1	247.899
1	207.841
1	131.144
1	233.897
1	224.659
1	195.955
1	188.024
1	240.231
1	167.81
1	160.419
1	121.159
1	195.781
1	163.852
1	184.573
1	160.359
1	180.825
1	127.973
1	254.801
1	204.728
1	151.892
1	192.95
1	160.405
1	231.569
1	248.872
1	177.435
1	191.995
1	174.59
1	216.994
1	139.909
1	166.716
1	208.072
1	161.079
1	198.781
1	263.787
1	267.323
1	169.31
1	244.644
1	157.848
1	202.087
1	157.809
1	192.299
1	182.894
1	165.8
1	167.58
1	173.259
1	186.979
1	273.939
1	122.663
1	211.231
1	166.453
1	202.955
1	178.219
1	152.105
1	164.978
1	162.467
1	186.183
1	202.442
1	166.251
1	257.477
1	169.812
1	142.226
1	217.296
1	204.452
1	199.629
1	182.382
1	181.093
1	165.98
1	262.816
1	168.298
1	204.386
1	181.123
1	223.404
1	200.907
1	162.425
1	265.831
1	213.569
1	174.504
1	139.29
1	325.946
1	182.209
1	211.809
1	166.719
1	253.167
1	167.361
1	276.21
1	307.11
1	153.98
1	133.239
1	213.381
1	248.125
1	204.124
1	201.256
1	158.357
1	179.402
1	170.553
1	174.224
1	200.923
1	131.954
1	183.096
1	182.152
1	153.261
1	154.298
1	217.739
1	166.258
1	129.752
1	302.395
1	169.537
1	97.9305
1	203.439
1	178.785
1	215.942
1	160.062
1	315.235
1	158.784
1	207.131
1	189.584
1	231.08
1	171.636
1	251.037
1	247.112
1	170.889
1	182.041
1	205.539
1	177.583
1	212.917
1	275.407
1	116.922
1	178.925
1	184.671
1	216.646
1	214
1	234.693
1	145.278
1	174.564
1	180.181
1	147.974
1	219.218
1	227.949
1	283.588
1	196.631
1	166.678
1	419.703
1	200.371
1	212.027
1	153.928
1	283.231
1	157.229
1	222.115
1	203.82
1	199.862
1	197.767
1	299.152
1	224.981
1	206.487
1	288.833
1	197.56
1	203.112
1	163.704
1	118.217
1	172.271
1	257.202
1	242.041
1	222.609
1	267.277
1	168.968
1	204.927
1	249.087
1	170.668
1	179.983
1	187.324
1	242.057
1	152.489
1	192.015
1	157.354
1	240.124
1	269.427
1	234.791
1	266.429
1	182.371
1	214.78
1	168.336
1	225.424
1	239.364
1	215.868
1	164.582
1	152.55
1	211.246
1	171.182
1	148.078
1	243.267
1	291.309
1	220.484
1	133.209
1	154.72
1	186.796
1	182.121
1	257.981
1	250.417
1	412.062
1	214.668
1	188.222
1	193.876
1	208.488
1	145.117
1	158.129
1	200.255
1	176.579
1	280.179
1	158.295
1	132.379
1	306.782
1	229.373
1	167.678
1	184.828
1	159.236
1	233.498
1	184.077
1	139.694
1	199.286
1	178.08
1	200.566
1	261.394
1	273.604
1	251.925
1	171.121
1	157.259
1	198.886
1	281.421
1	146.281
1	146.293
1	243.319
1	221.564
1	180.114
1	245.803
1	270.861
1	180.21
1	182.756
1	199.2
1	177.755
1	171.477
1	120.338
1	165.744
1	273.369
1	135.09
1	247.919
1	222.395
1	208.216
1	182.263
1	182.908
1	192.699
1	170.106
1	200.91
1	344.792
1	158.832
1	220.047
1	306.574
1	254.679
1	149.884
1	371.654
1	138.14
1	196.025
1	180.812
1	133.842
1	248.312
1	180.508
1	146.063
1	145.939
1	126.901
1	227.513
1	246.893
1	133.085
1	218.06
1	180.315
1	368.416
1	309.718
1	187.758
1	250.528
1	218.528
1	159.137
1	147.747
1	202.974
1	165.442
1	172.662
1	177.147
1	156.219
1	190.731
1	131.094
1	194.783
1	239.123
1	284.599
1	151.924
1	182.103
1	273.279
1	173.601
1	248.684
1	407.588
1	207.199
1	182.573
1	134.924
1	152.385
1	176.708
1	258.818
1	265.541
1	193.952
1	234.945
1	211.734
1	194.712
1	315.116
1	241.461
1	168.89
1	221.135
1	209.51
1	270.022
1	170.941
1	243.482
1	160.565
1	268.032
1	408.066
1	224.543
1	192.344
1	200.611
1	214.43
1	274.43
1	231.343
1	212.53
1	206.347
1	205.682
1	183.606
1	186.569
1	196.066
1	212.095
1	176.624
1	246.226
1	234.954
1	256.506
1	282.54
1	216.175
1	232.12
1	281.892
1	208.422
1	174.074
1	297.959
1	201.932
1	235.546
1	413.38
1	183.25
1	190.759
1	203.321
1	271.327
1	170.953
1	316.057
1	148.91
1	222.485
1	201.171
1	168.022
1	235.755
1	142.088
1	142.185
1	144.58
1	175.99
1	195.385
1	190.616
1	133.349
1	150.859
1	168.169
1	237.051
1	181.981
1	215.947
1	198.845
1	239.611
1	144.179
1	128.233
1	197.971
1	320.579
1	213.664
1	135.97
1	177.884
1	144.684
1	190.192
1	163.714
1	233.496
1	233.704
1	138.443
1	161.015
1	192.468
1	208.193
1	246.752
1	173.33
1	233.393
1	151.303
1	195.573
1	142.315
1	225.58
1	192.75
1	187.72
1	157.549
1	324.636
1	209.164
1	212.642
1	140.552
1	164.111
1	170.954
1	151.857
1	179.014
1	183.444
1	213.255
1	146.598
1	372.873
1	178.049
1	153.665
1	208.211
1	202.83
1	150.231
1	152.529
1	168.28
1	153.786
1	200.665
1	290.668
1	191.816
1	216.224
1	220.645
1	142.735
1	242.389
1	209.073
1	174.891
1	242.238
1	178.919
1	185.345
1	195.298
1	149.247
1	141.887
1	192.069
1	170.244
1	175.242
1	177.15
1	157.37
1	168.985
1	236.252
1	297.231
1	203.432
1	314.027
1	221.54
1	229.498
1	165.051
1	215.222
1	315.45
1	180.004
1	225.409
1	321.7
1	159
1	236.223
1	224.217
1	173.144
1	209.436
1	203.943
1	202.371
1	234.336
1	197.653
1	147.588
1	336.361
1	144.711
1	151.95
1	263.1
1	209.865
1	185.282
1	225.142
1	188.936
1	155.112
1	296.807
1	154.654
1	184.054
1	167.246
1	220.832
1	187.832
1	232.573
1	225.757
1	143.167
1	279.219
1	173.959
1	165.942
1	187.732
1	182.187
1	161.706
1	196.058
1	172.476
1	184.842
1	197.718
1	176.999
1	119.914
1	143.478
1	241.933
1	211.986
1	256.546
1	187.846
1	201.933
1	147
1	109.479
1	159.034
1	152.464
1	152.927
1	180.249
1	168.953
1	142.864
1	273.671
1	173.291
1	178.099
1	200.566
1	385.405
1	181.335
1	281.365
1	365.792
1	207.864
1	183.569
1	230.118
1	138.329
1	181.771
1	237.083
1	179.754
1	174.34
1	121.919
1	177.123
0	1.60154
1	228.675
1	230.055
1	211.752
1	234.075
1	297.17
1	161.092
1	198.834
1	192.08
1	271.059
1	242.025
1	163.349
1	158.057
1	236.221
1	217.021
1	157.048
1	248.017
1	264.569
1	201.32
1	214.476
1	239.349
1	165.831
1	220.689
1	132.888
1	223.753
1	177.855
1	172.882
1	181.797
1	145.874
1	147.638
1	301.248
1	220.808
1	157.338
1	221.524
1	152.75
1	174.046
1	277.477
1	209.603
1	320.056
1	262.47
1	207.491
1	222.838
1	160.82
1	149.333
1	241.254
1	244.001
1	188.163
1	194.87
1	174.864
1	162.278
1	193.82
1	183.828
1	191.577
1	239.975
1	232.524
1	202.954
1	270.787
1	184.07
1	182.488
1	249.712
1	114.384
1	194.513
1	213.32
1	188.32
1	148.409
1	160.017
1	170.31
1	136.731
1	163.569
1	156.86
1	172.062
1	239.58
1	196.701
1	168.338
0	22.3468
1	201.08
1	165.494
1	179.425
1	311.367
1	195.926
1	214.198
1	172.18
1	333.854
1	193.93
1	215.442
1	163.443
1	156.509
1	264.525
1	140.004
1	148.461
1	361.378
1	167.49
1	202.288
1	172.03
1	166.441
1	153.099
1	174.176
1	314.354
1	237.123
1	193.501
1	204.214
1	234.394
1	247.591
1	247.832
1	270.252
1	175.84
1	162.092
1	159.599
1	145.166
1	175.816
1	236.905
1	200.466
1	229.33
1	233.093
1	257.335
1	208.083
1	227.466
1	231.899
1	255.005
1	222.312
1	199.272
1	222.373
1	177.882
1	226.426
1	172.274
1	213.842
1	173.643
1	163.22
1	141.79
1	208.402
1	226.619
1	249.509
1	194.559
1	223.678
1	174.121
1	150.409
1	301.925
1	181.835
1	167.469
1	178.764
1	263.707
1	157.534
1	248.525
1	225.887
1	183.094
1	243.101
1	198.637
1	161.99
1	263.396
1	218.12
1	152.64
1	411.967
1	150.713
1	256.347
1	222.648
1	215.671
1	191.755
1	203.854
1	220.575
1	148.621
1	255.471
1	175.485
1	203.524
1	221.881
1	276.13
1	191.975
1	220.295
1	201.459
1	193.922
1	160.695
1	180.042
1	152.849
1	206.16
1	152.266
1	145.772
1	305.533
1	219.911
1	200.573
1	171.804
1	190.718
1	219.873
1	204.322
1	206.232
1	248.217
1	177.337
1	195.824
1	190.1
1	153.839
1	210.473
1	191.372
1	246.503
1	147.641
1	176.001
1	209.628
1	207.249
1	158.604
1	294.578
1	270.257
1	222.585
0	4.14954
1	164.222
1	136.736
1	157.329
1	211.196
1	205.165
1	160.302
1	181.321
1	220.367
1	164.994
1	257.099
1	226.527
1	272.649
1	160.036
1	221.314
1	187.319
1	217.739
1	170.413
1	195.394
1	231.727
1	368.27
1	190.091
1	153.519
1	232.57
1	191.53
1	212.252
1	186.133
1	194.522
1	164.335
1	167.89
1	195.805
1	172.892
1	184.171
1	149.154
1	193.287
1	201.259
1	222.21
1	166.418
1	215.282
1	235.799
1	238.614
1	239.557
1	146.867
1	124.831
1	181.469
1	135.523
1	183.767
1	210.755
1	192.68
1	150.13
1	216.478
1	242.048
1	178.366
1	237.413
1	170.159
1	321.681
1	156.337
1	191.168
1	195.735
1	257.579
1	168.842
1	123.648
0	31.8184
1	224.832
1	135.191
1	219.468
1	210.092
1	169.538
1	202.09
1	185.558
1	165.78
1	205.243
1	198.397
1	216.292
1	162.49
1	209.358
1	290.904
1	162.675
1	179.647
1	249.647
1	316.731
1	137.367
1	167.923
1	144.023
1	136.646
1	183.329
1	151.317
1	193.882
1	155.396
1	250.487
1	222.139
1	163.102
1	235.822
1	162.153
1	204.528
1	163.224
1	181.133
1	164.034
1	256.712
1	272.987
1	130.588
1	303.451
1	286.594
1	245.081
1	199.697
1	167.854
1	214.517
1	217.677
1	181.483
1	153.556
1	177.511
1	204.151
1	165.995
1	229.148
1	199.907
1	182.36
1	191.415
1	248.271
1	147.414
1	286.991
1	161.991
1	136.783
1	185.787
1	169.382
1	170.28
1	207.86
1	265.765
1	157.343
1	175.131
1	291.68
1	159.891
1	248.969
1	176.204
1	181.982
1	156.853
1	173.773
1	196.271
1	202.408
1	172.29
1	215.019
1	239.241
1	368.792
1	179.399
1	211.2
1	179.906
1	149.581
1	175.815
1	208.301
1	174.124
1	133.499
1	242.901
1	168.3
1	181.951
1	221.276
1	182.492
1	169.173
1	148.25
1	250.504
1	214.156
1	130.316
1	158.551
1	113.685
1	231.927
1	230.116
1	212.841
1	132.007
1	116.462
1	188.747
1	189.108
1	197.705
1	214.721
1	180.553
1	169.918
1	267.268
1	254.053
1	207.596
1	240.093
1	170.788
1	211.918
1	209.164
1	190.729
1	184.496
1	270
1	174.082
1	183.353
1	137.062
1	169.927
1	164.387
0	44.4266
1	151.985
1	182.563
1	178.686
1	404.597
1	176.494
1	159.012
1	159.078
1	216.843
1	189.378
1	142.936
1	143.135
1	232.553
1	197.409
1	223.826
1	249.407
1	189.035
1	203.362
1	231.041
1	182.16
0	0.287526
1	182.803
1	218.778
1	204.693
1	182.081
0	26.6592
1	300.107
1	169.01
1	233.969
1	162.105
1	274.704
1	191.263
1	212.263
1	144.785
1	250.933
1	238.817
1	289.53
1	244.289
1	203.895
1	173.585
1	204.687
1	208.594
1	181.444
1	137.628
1	193.226
1	200.759
1	149.445
1	212.513
1	231.315
1	210.733
1	218.869
1	170.979
1	211.501
1	122.772
1	133.197
1	245.345
1	247.356
1	201.607
1	218.414
1	132.574
1	272.286
1	155.268
1	162.273
1	182.654
1	210.648
1	136.523
1	223.857
1	143.51
1	209.612
1	238.327
1	161.071
1	203.794
1	186.15
0	5.21942
1	224.037
1	227.431
1	173.477
1	195.843
1	168.268
1	189.518
1	158.367
1	243.79
1	149.263
1	174.618
1	188.156
1	159.408
1	246.261
1	308.402
1	211.683
1	255.982
1	203.21
1	275.008
1	297.684
1	197.289
1	268.087
1	106.478
1	250.492
1	170.455
1	195.265
1	302.712
1	207.913
1	173.346
1	175.894
1	159.256
1	426.865
1	156.304
1	192.912
1	165.903
1	188.225
1	203.531
1	182.87
1	237.767
1	236.996
1	148.946
1	154.811
1	283.023
1	210.619
1	277.794
1	158.974
1	167.987
1	393.135
1	227.899
1	187.564
1	189.814
1	127.691
1	135.779
1	184.295
1	334.344
1	171.619
1	193.107
1	191.817
1	145.548
1	220.792
1	164.929
1	142.18
1	302.81
1	193.166
1	123.08
1	188.619
1	163.588
1	159.682
1	340.492
1	186.256
1	279.458
1	247.323
1	165.835
1	256.453
1	167.656
1	135.623
1	268.161
1	138.922
1	155.745
1	242.866
1	167.439
1	228.761
1	227.151
1	129.014
1	198.378
1	165.066
1	141.214
1	164.586
1	179.023
1	131.587
1	281.347
1	171.873
1	373.033
1	158.881
1	150.892
1	159.79
1	210.389
1	178.285
1	205.665
1	204.757
1	197.096
1	196.926
1	148.494
1	234.435
1	271.374
1	228.808
1	210.073
1	251.806
1	198.062
1	182.804
1	200.274
1	207.125
1	194.362
1	209.364
1	179.651
1	299.184
1	172.799
1	201.567
1	128.337
1	239.627
1	152.952
1	154.811
1	196.134
1	186.252
1	370.946
0	106.995
1	206.236
1	273.532
1	375.227
1	181.563
1	247.45
1	197.24
1	179.192
1	236.639
1	173.303
1	176.16
1	177.34
1	124.106
1	226.317
1	245.763
1	198.702
1	209.117
1	209.337
1	154.394
1	179.315
1	268.624
1	159.244
1	174.922
1	265.854
1	225.264
1	149.345
1	179.209
1	247.329
1	172.194
1	171.351
1	177.787
1	188.451
1	239.518
1	195.116
1	182.542
1	147.684
1	215.252
1	148.424
1	135.467
1	136.007
1	143.851
1	149.974
1	286.156
1	234.23
1	171.249
1	359.709
1	167.185
1	148.088
1	246.606
1	314.97
1	221.764
1	164.002
1	156.759
1	148.348
1	145.365
1	167.552
1	221.513
1	165.986
1	330.672
1	214.405
1	267.343
1	201.594
1	243.577
1	277.106
1	141.681
1	166.473
1	308.127
1	266.391
1	279.226
1	297.723
1	249.783
0	28.1769
1	249.725
1	219.925
1	186.465
1	177.946
1	258.943
1	180.591
1	145.345
1	136.761
1	160.143
1	199.99
1	159.679
1	227.22
1	165.627
1	180.469
1	200.598
1	238.849
1	181.258
1	223.077
1	183.168
1	265.054
1	186.778
1	212.399
1	196.317
1	178.431
1	188.498
1	151.641
1	149.659
1	180.086
1	163.68
1	138.049
1	156.891
1	130.832
1	165.202
1	168.416
1	158.778
1	199.61
1	206.633
1	197.016
1	194.345
1	230.781
1	250.322
1	157.569
1	230.925
1	183.261
1	230.882
1	213.596
1	134.17
1	185.091
1	160.203
1	122.799
1	179.44
1	221.208
1	151.631
1	201.746
1	224.009
1	182.861
1	327.364
1	200.89
1	191.691
1	263.782
1	294.301
1	115.097
1	162.236
1	254.309
1	124.344
1	194.676
1	184.204
1	258.84
1	360.667
1	170.112
1	142.734
1	314.435
1	188.738
1	252.357
1	232.711
1	159.978
1	152.823
1	213.941
1	155.915
1	175.601
1	151.137
1	251.992
1	133.801
1	349.171
1	240.276
1	183.61
1	233.124
1	177.506
1	188.627
1	157.255
1	251.112
1	285.58
1	198.341
1	138.869
1	172.838
1	165.126
1	229.653
1	199.299
1	298.856
1	192.871
1	190.842
1	186.887
1	271.845
1	254.381
1	187.499
1	224.639
1	190.094
1	175.446
1	161.38
1	214.883
1	226.336
1	308.582
1	141.876
1	253.639
1	214.524
0	15.7897
1	156.409
1	234.305
1	206.794
1	166.961
1	197.29
1	142.135
1	178.677
1	145.765
1	226.228
1	355.556
1	156.871
1	265.587
1	256.996
1	182.935
1	211.015
1	139.639
1	117.948
1	182.345
1	207.239
0	90.1221
1	218.905
1	182.813
1	157.808
1	241.333
1	370.321
1	223.583
1	177.835
1	148.269
1	236.165
1	174.03
1	205.984
1	155.541
1	273.003
1	171.481
1	163.033
1	180.941
1	231.2
1	284.086
0	6.46196
1	280.547
1	160.549
1	206.814
1	202.72
1	202.506
1	126.967
1	209.022
1	185.733
1	158.721
1	243.132
1	197.459
1	175.818
1	186.175
1	204.713
1	160.575
1	292.779
1	188.373
1	204.337
1	196.739
1	235.978
1	208.361
1	275.896
1	181.485
1	191.271
1	180.006
1	130.173
1	263.04
1	191.537
1	253.163
1	202.488
1	258.36
1	226.718
1	197.913
1	245.728
1	173.108
1	214.958
1	222.567
1	256.71
1	229.366
1	187.2
1	194.296
1	234.214
1	216.004
1	240.211
1	212.133
1	210.445
1	244.725
1	273.047
1	261.438
1	305.454
1	182.201
1	219.957
1	174.203
1	133.689
1	268.939
1	191.302
1	169.193
1	179.896
1	208.034
1	174.608
1	209.508
1	164.847
1	170.352
1	201.418
1	236.525
1	241.124
1	207.701
1	173.895
1	216.406
1	246.62
1	223.205
1	268.875
1	149.904
1	218.265
1	197.856
1	211.567
1	255.543
1	133.903
1	197.123
1	184.373
1	164.063
1	168.495
1	170.202
1	193.96
1	174.342
0	65.7579
1	179.909
1	203.32
1	190.502
1	355.316
1	186.96
1	279.397
1	274.213
1	190.722
1	210.445
1	167.06
1	216.413
1	176.033
1	227.921
1	169.642
1	221.394
1	204.971
1	297.114
1	212.026
1	319.935
1	181.269
1	164.687
1	171.804
1	275.576
1	199.991
1	214.722
1	201.191
1	168.435
1	223.463
1	266.274
1	178.204
1	240.073
1	190.736
1	158.167
1	180.872
1	165.521
1	179.031
1	168.444
1	204.799
1	140.325
1	165.418
1	173.768
1	229.05
1	304.043
1	173.393
1	253.469
1	255.602
1	199.26
1	160.834
1	181.303
1	204.989
1	243.161
1	206.237
1	258.206
1	182.831
1	218.91
1	150.092
1	251.769
1	241.728
1	200.954
1	244.918
1	202.415
1	175.748
1	238.283
1	196.673
1	133.185
1	218.883
1	193.426
1	167.102
1	151.003
1	284.983
1	129.006
1	317.592
1	176.969
1	353.557
1	299.722
1	131.491
1	191.61
1	211.137
1	197.19
1	141.908
1	213.77
1	179.235
1	182.011
1	387.737
1	204.04
0	16.5377
1	174.242
1	188.274
1	155.109
1	203.807
1	271.971
1	225.4
1	255.854
1	177.099
1	199.462
1	318.478
1	219.198
1	131.893
1	241.51
1	166.529
1	293.035
1	263.551
1	179.07
1	248.956
1	248.246
1	168.417
1	201.14
1	160.085
1	242.435
1	288.298
1	244.651
1	155.291
1	157.138
1	184.77
1	234.162
1	172.124
1	185.958
1	143.339
1	222.833
1	153.093
1	196.064
1	193.527
1	253.826
1	190.696
1	127.313
1	272.452
0	7.48086
1	366.412
1	178.926
1	177.39
1	178.534
1	209.286
1	186.406
1	204.279
1	166.535
1	206.725
1	178.457
1	196.224
1	109.485
1	178.324
1	298.508
1	168.451
1	214.529
1	258.887
1	146.596
1	228.602
1	190.081
1	178.294
1	231.772
1	272.607
1	204.694
1	121.425
1	167.514
1	205.786
1	223.481
1	207.305
1	175.236
1	198.629
1	155.553
1	182.956
1	296.417
1	140.327
1	214.926
1	134.82
1	229.502
1	220.448
1	174.951
1	178.096
1	166.685
1	150.75
1	188.23
1	234.789
1	195.068
1	177.126
1	193.511
1	227.124
1	186.477
1	165.012
1	315.9
1	147.535
1	224.783
1	248.314
1	197.148
1	154.621
1	219.22
1	183.069
1	155.745
1	243.069
1	209.356
1	239.951
1	182.06
1	180.907
1	170.471
1	207.894
1	217.364
1	163.866
1	243.319
1	159.285
1	213.842
1	129.356
1	215.814
1	185.907
1	174.413
1	167.721
1	288.74
1	242.898
1	263.767
1	124.664
1	258.994
1	198.902
1	231.064
1	276.16
1	272.692
1	217.408
1	238.676
1	176.527
1	186.539
1	175.295
1	200.647
1	176.644
1	182.77
1	192.711
1	178.064
1	138.871
1	133.496
1	175.957
1	123.183
1	228.244
1	114.762
1	206.743
1	208.385
1	216.374
1	241.464
1	221.173
1	256.159
1	218.408
0	9.19569
1	181.679
1	198.897
1	246.001
1	181.343
1	148.862
1	146.356
1	406.488
1	182.07
1	190.018
1	200.884
1	200.549
1	193.453
1	256.968
1	239.059
1	175.457
1	209.13
1	294.251
1	150.297
1	189.899
1	257.109
1	222.161
1	174.225
1	226.892
1	163.825
1	235.32
1	179.232
1	163.342
1	264.774
1	286.446
1	261.244
1	138.094
1	180.971
1	296.165
1	192.61
1	196.39
1	139.257
1	209.727
1	175.94
1	176.733
1	244.086
1	403.335
1	261.875
1	247.665
1	136.14
1	207.473
1	157.158
1	198.479
1	210.865
1	185.353
1	221.136
1	179.241
1	180.303
1	212.741
1	215.3
1	184.048
1	159.696
1	247.06
1	182.108
1	261.084
1	238.134
1	162.676
1	166.843
1	365.819
1	319.402
1	125.448
1	301.748
1	145.793
1	225.221
1	220.161
1	193.564
1	285.902
1	291.889
1	224.824
1	177.528
1	137.573
1	166.88
1	169.965
1	329.012
1	275.314
1	230.948
1	200.228
1	264.402
1	182.796
1	246.228
1	184.2
0	4.10352
1	218.678
1	200.19
1	227.159
1	190.41
1	212.773
1	140.116
1	256.664
1	172.734
1	149.113
1	162.207
1	185.603
1	157.265
1	212.987
1	135.887
1	197.034
1	146.503
1	199.398
1	364.603
1	199.077
1	171.515
1	170.616
1	197.884
1	187.829
1	168.199
1	167.111
1	191.148
1	202.746
1	174.282
1	261.168
1	150.051
1	278.517
1	283.721
1	207.002
1	171.42
1	201.164
1	162.349
1	204.111
1	212.242
1	184.74
1	247.415
1	190.877
1	225.049
1	268.579
1	178.986
1	211.274
1	270.853
1	147.172
1	233.845
1	174.957
1	192.887
1	163.897
1	193.765
1	160.858
1	147.218
1	169.75
1	224.699
1	174.635
1	359.649
1	222.651
1	170.591
1	191.566
1	250.337
1	145.484
1	213.642
1	190.271
1	308.054
1	158.592
1	179.566
1	223.449
1	227.609
1	205.787
1	190.554
1	148.112
1	199.273
1	153.305
1	203.218
1	413.649
1	175.178
1	291.225
1	253.804
1	166.008
1	196.661
1	179.904
1	137.82
1	172.314
1	271.426
1	288.396
1	200.127
1	211.151
1	130.504
1	181.493
1	178.754
1	195.163
1	200.758
1	222.366
1	156.255
1	293.708
1	161.328
1	168.185
1	152.958
0	106.135
1	168.638
1	207.003
1	173.019
1	271.685
1	153.901
1	211.59
1	198.11
1	222.08
1	210.869
1	276.037
1	176.519
1	196.285
1	166.615
1	224.84
1	206.814
1	201.938
1	170.458
1	198.601
1	177.597
1	234.983
1	147.443
1	224.794
1	199.544
1	279.712
1	201.796
1	183.235
1	163.603
1	191.41
1	153.596
1	126.556
1	163.889
1	244.89
1	213.684
1	216.992
1	185.078
1	230.936
1	168.816
1	160.928
1	236.968
1	217.416
1	178.253
1	192.101
1	145.187
1	183.311
1	228.462
1	133.417
1	128.331
1	167.575
1	287.402
1	217.455
1	274.181
1	240.644
1	460.367
1	167.982
1	163.776
1	213.75
1	181.298
1	187.287
1	216.094
1	210.258
1	263.936
1	215.844
1	146.875
1	130.854
1	206.706
1	241.858
1	252.157
1	236.467
1	133.239
1	186.607
1	212.578
1	295.846
1	141.192
1	145.242
1	140.886
1	167.007
1	153.418
1	201.756
1	224.025
1	186.365
1	267.24
1	174.295
1	179.51
1	232.664
1	285.673
1	168.119
1	244.647
1	252.533
1	201.621
1	311.39
1	222.9
1	173.189
1	203.54
1	177.517
1	120.765
1	163.514
1	158.72
1	170.375
1	195.543
1	195.879
1	260.337
1	172.47
1	162.217
1	153.827
1	199.046
1	285.253
1	195.202
1	186.983
1	184.529
1	235.88
1	117.034
1	301.515
1	228.156
1	158.11
1	285.977
1	282.781
1	236.267
1	137.509
1	212.116
1	155.278
1	260.315
1	179.452
1	126.165
1	163.241
1	199.993
1	141.808
1	229.84
1	243.333
1	239.375
1	280.284
1	132.59
1	172.157
1	184.727
1	185.849
1	226.408
1	148.699
1	144.82
1	238.137
1	122.139
1	210.541
1	196.208
1	178.377
1	178.539
1	204.691
1	279.764
1	219.379
1	170.756
1	293.459
1	195.456
1	297.25
1	205.538
1	300.896
1	172.679
1	200.304
1	142.65
1	204.213
1	151.643
1	151.94
1	211.948
1	184.019
1	143.973
1	205.044
1	270.648
1	194.939
1	254.057
1	214.82
1	191.729
1	237.685
1	209.967
1	149.952
1	219.11
1	220.572
1	204.978
1	207.133
1	241.901
1	170.436
1	269.876
1	204.511
1	140.039
1	186.773
1	312.169
1	145.152
1	174.06
1	270.563
1	194.941
1	186.163
1	186.241
1	152.851
1	173.592
1	192.642
1	276.584
1	140.985
1	222.752
1	275.922
1	234.949
1	218.125
1	175.959
1	125.306
1	177.457
1	150.369
1	156.635
1	143.045
1	255.09
1	214.888
1	180.92
0	31.8737
1	202.307
1	352.092
1	162.322
1	219.286
1	229.867
1	193.507
1	183.656
1	264.481
1	162.722
1	189.771
1	246.833
1	130.58
1	192.988
1	252.879
1	191.964
1	179.481
1	185.228
1	139.789
1	182.799
1	187.41
1	210.364
1	200.008
1	170.368
1	214.6
1	192.597
1	191.338
1	155.312
1	241.517
1	181.705
1	270.772
1	352.27
1	224.994
1	266.21
1	176.189
1	199.155
1	193.672
1	207.035
1	135.811
1	240.576
1	144.24
1	154.363
1	321.905
1	244.204
1	225.494
1	222.361
1	211.06
1	272.12
1	174.523
1	236.308
1	176.446
1	214.217
1	168.756
1	271.796
1	291.891
1	214.407
1	234.367
1	153.472
0	16.1767
1	151.452
1	138.263
1	236.099
1	229.4
1	121.584
1	140.74
1	163.691
1	250.777
1	219.327
1	131.166
1	151.916
1	193.9
1	202.226
1	241.699
1	288.623
1	139.171
1	210.063
1	205.084
1	252.565
1	340.495
1	230.894
1	183.197
1	155.409
1	216.96
1	266.355
1	167.155
1	115.652
1	212.033
1	297.553
1	111.487
1	260.22
1	166.915
1	202.5
1	188.195
1	154.137
1	283.048
1	177.497
1	125.322
1	140.156
1	167.889
1	219.903
1	159.515
1	214.588
1	230.468
1	230.921
1	182.442
1	202.249
1	290.393
1	207.357
1	183.497
1	381.649
1	140.926
1	187.467
1	178.41
1	107.835
1	183.166
1	215.588
1	152.722
1	221.275
1	265.594
1	201.108
1	278.867
1	196.19
1	206.032
1	193.859
1	156.267
1	185.705
1	218.175
1	220.942
1	168.747
1	142.807
1	150.251
1	203.764
1	173.848
1	177.194
1	178.186
1	206.901
1	149.06
1	234.305
1	344.672
1	191.874
1	258.933
1	228.309
1	158.823
1	210.071
1	185.517
1	248.751
1	184.25
1	263.698
1	189.937
1	202.341
1	177.092
1	220.613
1	235.169
1	196.575
1	165.732
1	228.065
1	139.897
1	235.97
1	204.984
1	248.856
1	194.474
1	214.847
1	163.021
1	159.121
1	177.67
1	193.439
1	173.492
1	185.347
1	196.82
1	237.833
1	176.354
1	194.436
1	167.786
1	277.305
1	271.638
1	142.504
1	295.389
1	206.129
1	121.365
1	200.692
1	233.905
1	218.823
1	228.721
1	184.716
1	167.28
1	157.799
1	193.895
1	252.651
1	164.832
1	191.188
1	192.933
1	191.627
1	213.14
1	180.081
1	306.007
1	202.965
1	190.029
1	156.835
1	212.887
1	150.416
1	270.969
1	269.336
1	194.433
1	196.402
1	167.612
1	193.058
1	177.419
1	217.369
1	195.514
1	154.305
1	177.201
1	183.094
1	126.894
1	218.986
1	217.269
1	196.582
1	198.257
1	170.098
1	184.901
1	205.174
1	178.015
1	144.426
1	234.153
1	227.477
1	153.006
1	211.392
1	163.883
1	159.221
1	195.461
1	180.471
1	172.339
1	284.247
1	186.223
1	168.013
1	164.166
1	176.719
1	177.114
1	192.701
1	343.867
1	314.902
1	173.64
1	282.039
1	161.535
1	141.511
1	265.071
1	269.374
1	152.427
1	161.049
1	230.243
1	140.23
1	212.639
1	182.537
1	320.694
1	226.217
1	133.312
0	7.42149
1	268.76
1	233.313
1	168.062
1	147.053
1	190.041
1	264.648
1	190.657
1	156.219
1	150.846
1	174.019
1	244.142
1	209.89
1	217.68
1	213.493
1	134.906
1	232.221
1	269.057
1	255.311
1	148.008
1	130.609
1	152.438
1	125.836
1	226.656
1	237.513
1	146.967
1	304.563
1	263.439
1	181.604
1	172.252
1	169.438
1	214.936
1	182.407
1	153.735
1	189.609
1	184.829
1	173.628
1	195.638
1	160.22
1	216.114
1	178.181
1	174.12
1	213.904
1	173.65
1	138.99
1	137.259
1	165.585
1	170.517
1	235.97
1	168.8
1	226.782
1	275.35
1	277.19
1	133.192
1	235.869
1	151.144
1	166.139
1	191.388
1	296.235
1	219.093
1	161.212
1	175.239
1	160.457
1	205.334
1	129.495
1	185.53
1	193.241
1	227.49
1	223.371
1	173.637
1	182.34
1	207.496
1	251.549
1	202.269
1	159.507
1	173.353
1	157.098
1	246.93
1	215.255
1	244.677
1	195.523
1	330.625
1	260.386
1	191.971
1	200.425
1	251.97
1	158.238
1	230.208
1	237.673
1	166.038
1	126.233
1	216.226
1	253.451
1	221.005
1	178.865
1	202.93
1	153.412
1	281.866
1	236.09
1	171.766
1	211.231
1	308.162
1	262.346
1	164.005
1	197.472
1	180.02
1	151.987
1	143.072
1	227.281
1	205.354
1	224.925
1	190.909
1	130.291
1	283.19
1	141.36
1	161.876
1	217.911
1	352.44
1	208.738
1	283.032
1	136.545
1	230.626
1	198.465
1	163.026
1	174.054
1	137.63
1	291.844
0	101.892
1	218.456
1	216.875
1	159.409
1	278.421
1	142.964
1	249.7
1	157.298
1	258.47
1	163.308
1	191.858
1	240.427
1	194.226
1	186.35
1	224.53
1	211.101
1	126.403
1	260.021
1	202.269
1	344.889
1	183.481
1	224.819
1	117.77
0	1.48572
1	215.795
1	233.572
1	214.955
1	267.742
1	247.308
1	152.806
1	160.464
1	178.817
1	219.035
1	171.507
1	238.327
1	196.758
1	150.606
1	293.688
1	218.825
1	187.436
1	162.781
1	232.403
1	174.039
1	135.538
1	208.648
1	163.356
1	179.827
1	190.255
1	247.001
1	197.296
1	160.098
1	297.623
1	197.074
1	237.373
1	263.252
1	251.582
1	172.688
1	209.93
1	192.061
1	165.141
1	203.09
1	145.565
1	236.816
1	211.012
1	196.188
1	203.577
1	218.861
1	245.626
1	182.856
1	185.571
1	151.628
1	203.877
1	283.169
1	173.13
1	286.578
1	306.423
1	178.209
1	256.874
1	175.597
1	189.481
1	168.05
1	171.693
1	181.997
1	155.877
1	186.853
1	169.806
1	174.429
1	210.776
1	201.23
1	177.11
1	214.278
1	192.044
1	158.944
1	233.359
1	157.872
1	164.317
1	158.828
1	192.529
1	234.026
1	185.799
1	184.555
1	161.563
1	177.508
1	192.869
1	179.945
1	261.752
1	155.941
1	176.715
1	244.876
1	187.168
1	155.51
1	201.835
1	237.515
1	192.265
1	163.039
1	194.469
1	221.102
1	214.359
1	180.446
1	158.552
1	189.556
1	170.637
1	192.747
1	202.475
1	174.897
1	208.851
1	146.814
1	199.701
1	173.536
1	235.978
1	245.918
1	255.967
1	165.268
1	140.013
1	171.073
1	301.592
1	127.327
1	163.55
1	216.768
1	179.753
1	355.677
1	146.249
1	168.468
1	168.664
1	150.458
1	176.135
1	198.515
1	218.766
1	171.417
1	144.172
1	141.306
1	174.469
1	184.323
1	192.672
1	222.776
1	179.531
1	149.945
1	140.11
1	188.516
1	177.433
1	304.965
1	232.681
1	251.93
1	214.916
1	192.25
1	144.827
1	184.888
1	213.308
1	197.798
1	186.922
1	166.264
1	143.687
1	269.606
1	241.697
1	219.59
1	231.66
1	186.167
1	176.382
1	212.758
1	219.915
1	289.401
1	249.22
1	191.18
1	190.259
1	194.453
1	188.605
1	142.59
1	248.531
1	175.524
1	188.09
1	162.183
1	167.855
1	253.951
1	200.761
1	143.035
1	146.923
1	203.644
1	234.649
1	172.265
1	292.609
1	195.826
1	225.019
1	152.738
1	167.194
1	209.477
1	252.104
1	289.168
1	159.35
1	159.143
1	185.311
1	112.146
1	203.887
1	190.047
1	217.76
1	203.437
1	207.618
1	218.152
1	234.513
1	238.949
1	259.666
1	129.062
1	193.339
1	196.753
1	205.284
1	202.704
1	211.345
1	169.099
1	169.577
1	168.177
1	180.572
1	172.579
1	238.69
1	177.433
1	167.207
1	175.211
1	215.971
1	224.011
1	160.142
1	188.748
1	387.511
1	342.932
1	277.41
1	168.818
1	193.254
1	152.804
1	247.797
1	164.547
1	147.049
1	220.055
1	288.567
1	286.922
1	169.518
1	156.655
1	318.323
1	170.978
1	291.131
1	155.85
1	196.056
1	189.736
1	200.987
1	210.973
1	179.53
1	182.764
1	304.847
1	171.868
1	191.999
1	145.883
1	165.913
1	250.681
1	212.463
1	168.466
1	137.558
1	270.001
1	223.29
1	296.173
1	194.574
1	237.39
1	237.813
1	150.56
1	220.773
1	227.067
1	262.934
1	310.006
1	156.035
1	189.429
1	188.519
1	272.695
1	205.359
1	353.062
1	207.706
1	219.174
1	181.797
1	209.035
1	158.813
1	161.912
1	282.94
1	152.948
1	200.295
1	162.933
1	163.52
1	139.447
1	211.742
1	300.888
1	203.099
1	230.097
1	185.614
1	223.176
1	241.003
1	137.322
1	194.971
1	170.782
1	134.773
1	189.568
1	223.238
1	168.479
1	194.511
1	149.757
1	192.055
1	297.461
1	135.475
1	164.31
1	169.185
1	251.803
1	189.064
1	182.892
1	232.847
1	201.779
1	209.375
1	250.826
1	199.211
1	240.946
1	201.701
1	222.406
1	156.166
1	176.908
1	218.996
1	252.609
1	196.146
1	243.719
1	151.93
1	186.841
1	230.676
1	337.394
1	194.795
1	290.823
1	235.833
1	274.483
1	296.315
1	205.949
1	202.233
1	232.415
1	148.24
1	178.998
1	154.166
1	157.764
1	192.791
1	169.748
1	184.297
1	186.166
1	129.982
1	162.484
1	138.593
1	184.611
1	124.625
1	199.695
1	172.389
1	177.299
1	201.962
1	229.056
1	210.303
1	262.937
1	199.968
1	193.526
1	171.582
1	168.723
1	201.51
1	204.096
1	245.557
1	194.935
1	251.398
1	195.487
1	230.536
1	169.332
1	150.496
1	157.527
1	253.85
1	158.139
1	206.372
1	241.981
1	167.23
1	207.639
1	329.406
1	246.851
1	192.017
1	177.089
1	189.966
1	245.424
1	293.23
1	291.69
1	157.016
1	148.489
1	235.725
1	305.363
1	149.727
1	183.15
1	249.731
1	260.746
1	238.497
1	270.263
1	134.456
1	275.868
1	202.072
1	169.843
1	219.724
1	168.383
1	135.08
1	178.812
1	144.753
1	123.402
1	165.638
1	161.793
1	219.43
1	224.217
1	208.229
1	215.265
1	216.508
1	128.258
1	200.427
1	198.662
1	242.5
1	137.928
1	144.102
1	136.691
1	237.916
1	190.944
1	211.042
0	112.646
1	236.352
1	230.857
1	214.825
1	318.785
1	188.769
1	123.669
1	195.941
1	300.584
1	173.981
1	197.518
1	165.684
1	180.497
1	146.946
1	217.223
1	223.183
1	169.489
1	167.128
1	247.296
1	146.909
1	183.382
1	151.821
1	216.272
1	195.926
1	361.476
1	182.524
1	208.81
1	269.981
1	183.95
1	152.195
1	164.462
1	177.449
1	209.592
1	254.258
1	245.195
1	190.59
1	186.96
1	180.336
1	179.058
1	270.72
1	255.466
1	125.557
1	185.269
1	237.98
1	229.592
1	230.97
1	179.513
1	152.452
1	149.17
1	160.274
1	145.701
1	143.836
1	106.973
1	143.901
1	222.031
1	180.113
1	267.438
1	198.092
1	172.756
1	178.139
1	200.867
1	203.043
1	165.918
1	168.583
1	239.628
1	217.693
1	156.49
1	288.732
1	146.943
1	207.808
1	212.806
1	163.561
1	186.345
1	327.005
1	213.629
1	309.348
1	211.944
1	205.148
1	225.547
1	156.333
1	169.091
1	216.692
1	174.49
1	168.031
1	152.617
1	161.912
1	203.008
1	288.249
1	185.088
1	146.043
1	336.845
1	210.374
1	178.142
1	178.735
1	210.413
1	199.395
1	222.561
1	270.1
1	249.88
1	228.898
1	177.407
1	199.563
1	190.209
1	145.569
1	234.059
1	334.841
1	207.746
1	141.092
1	143.642
1	227.148
1	201.51
1	260.523
1	166.597
1	215.566
1	427.847
1	208.674
0	59.6193
1	204.366
1	194.695
1	211.351
1	273.153
1	177.069
1	160.022
1	188.597
1	302.484
1	160.762
1	192.922
1	186.697
1	134.941
1	286.524
1	176.354
1	146.643
1	141.652
1	152.569
1	189
1	161.696
1	184.031
1	213.65
1	150.522
1	134.643
1	191.355
1	252.426
1	122.555
1	190.441
1	157.308
1	177.871
1	219.217
1	159.929
1	173.332
1	202.035
1	214.055
1	178.705
1	265.821
1	210.195
1	157.714
1	201.881
1	384.27
1	141.771
1	162.759
1	152.576
1	157.418
1	201.27
1	171.528
1	148.376
1	191.741
1	131.523
1	150.61
1	189.971
1	134.682
1	290.354
1	137.264
1	295.831
1	244.294
1	212.823
1	193.979
1	133.313
1	125.389
1	193.198
1	142.111
1	152.577
1	187.902
1	158.293
1	204.094
1	138.945
1	219.23
1	162.819
1	207.447
1	282.199
1	264.419
1	191.564
1	176.497
1	221.857
1	189.798
1	181.055
1	223.809
1	203.068
1	168.446
1	138.599
1	144.225
1	207.75
1	177.359
1	178.559
1	157.712
1	156.256
1	157.129
1	207.646
1	272.6
1	176.565
1	202.703
1	202.135
1	101.446
1	217.209
1	135.09
1	205.817
1	413.647
1	192.669
1	263.655
1	141.985
1	176.555
1	289.213
1	148.443
1	168.168
1	175.62
1	298.12
1	247.647
1	184.805
1	139.697
1	283.926
1	172.936
1	211.751
1	211.344
1	229.971
1	200.86
1	245.336
1	216.309
1	197.855
1	235.122
1	157.572
1	156.071
1	218.955
1	175.838
1	136.921
1	195.526
1	157.924
1	205.596
1	178.036
1	145.469
1	214.525
1	242.721
1	333.485
1	247.021
1	175.349
1	218.029
1	204.725
1	229.954
1	241.315
1	196.984
1	190.769
1	153.282
1	184.895
1	207.736
1	228.126
1	196.229
1	238.149
1	209.835
1	210.598
1	265.584
1	281.765
1	233.943
1	223.186
1	172.328
1	182.697
1	236.989
1	208.361
1	145.929
1	220.436
1	207.273
1	158.721
1	294.321
1	164.642
1	196.93
1	186.872
1	178.135
1	177.484
1	224.14
1	200.617
1	206.028
1	210.223
1	156.617
1	250.108
1	290.818
0	7.58086
1	184.858
1	145.229
1	197.72
1	232.304
1	186.276
1	198.036
1	264.455
1	176.982
1	224.805
1	255.036
1	169.289
1	158.546
1	206.204
1	145.069
1	195.632
1	215.385
1	156.935
1	275.528
1	278.541
1	176.101
1	187.505
1	250.322
1	207.925
1	171.456
1	194.308
1	349.2
1	223.679
1	150.35
1	268.737
1	176.587
1	171.49
1	137.244
1	162.011
1	143.676
1	169.263
1	208.374
1	186.459
1	184.702
0	24.0712
1	168.551
1	141.061
1	168.02
1	402.479
1	144.722
1	153.866
1	142.411
1	150.262
1	138.299
1	215.867
1	220.469
1	212.189
1	174.074
1	227.185
1	249.218
1	208.962
1	194.38
1	188.006
1	193.599
1	180.812
1	245.534
1	154.911
1	197.194
1	287.604
1	181.082
1	188.33
1	207.219
1	146.022
1	171.875
1	185.309
1	181.464
1	149.058
1	202.547
1	207.518
1	308.362
1	187.012
1	166.853
1	242.421
1	165.572
1	198.698
1	186.948
1	202.444
1	204.989
1	351.45
1	159.862
1	208.962
1	197.528
1	135.443
1	195.353
1	168.376
1	328.061
1	247.716
1	210.783
1	172.466
1	149.865
0	16.0704
1	148.264
1	213.112
1	161.413
1	184.416
1	200.376
1	202.985
1	238.92
1	190.512
1	267.604
1	245.965
1	193.268
1	189.183
1	220.928
1	207.606
1	284.285
1	270.947
1	230.212
1	264.572
1	236.541
1	162.839
1	118.202
1	361.744
1	232.026
1	218.189
1	187.822
1	135.63
1	282.162
1	124.165
1	194.793
1	154.917
1	179.663
1	141.535
1	216.058
1	134.506
1	196.654
1	154.502
1	257.105
1	390.007
1	261.614
1	198.419
1	191.094
1	165.299
1	178.643
1	202.904
1	189.882
1	143.595
1	204.479
1	201.856
1	150.908
1	280.368
1	229.346
1	196.171
1	130.079
1	170.811
1	239.226
1	161.841
1	167.814
1	196.75
1	218.971
1	255.176
1	160.447
1	134.775
1	154.796
1	181.301
1	169.029
1	168.67
1	159.144
1	209.234
1	183.023
1	254.707
1	196.632
1	246.641
1	198.046
1	208.264
1	167.477
1	298.472
1	152.341
1	173.714
1	212.114
1	145.132
1	275.677
1	163.543
1	188.837
1	263.573
1	207.543
1	222.139
1	268.139
1	131.931
1	220.185
1	116.605
1	140.219
1	228.123
1	152.492
1	135.707
1	166.969
1	188.06
1	153.544
1	174.413
1	154.988
1	261.038
1	204.321
1	223.575
1	155.55
1	158.66
1	148.389
1	189.767
1	146.164
1	142.246
1	127.656
1	151.564
1	170.754
1	217.403
1	180.203
1	238.4
1	156.85
1	320.854
1	219.561
1	190.439
1	142.515
1	285.091
1	237.512
1	224.796
1	339.248
1	233.131
1	134.681
1	159.337
1	170.142
1	194.309
1	222.707
1	177.281
1	193.525
1	200.128
1	280.468
1	205.85
1	277.625
1	190.777
1	149.109
1	189.709
1	189.121
1	188.403
1	224.68
1	270.779
1	221.234
1	282.632
1	141.527
1	262.433
1	172.057
1	204.857
1	381.948
1	196.976
1	195.127
1	187.853
1	191.611
1	250.451
1	293.473
1	177.983
1	220.324
1	193.381
1	150.885
1	280.442
1	160.022
1	164.159
1	217.085
1	192.24
1	233.295
1	178.262
1	175.531
1	132.67
1	141.767
1	227.628
1	209.871
1	159.959
1	224.626
1	192.077
1	232.954
1	187.709
1	195.88
1	172.038
1	199.716
1	125.66
1	220.22
1	205.536
1	183.61
1	176.833
1	153.388
1	283.908
1	250.341
1	111.742
1	183.043
1	223.579
1	192.268
1	226.443
1	212.657
1	151.147
1	319.35
1	158.458
1	277.234
1	306.459
1	207.267
1	161.047
1	199.258
1	146.733
1	138.154
1	173.927
1	202.07
1	145.512
1	199.815
1	170.452
1	145.039
1	167.003
1	142.984
1	224.433
1	111.169
1	176.447
1	323.248
1	182.871
1	173.225
0	81.7717
1	169.854
1	337.61
1	190.95
1	214.497
1	254.486
1	237.58
1	169.743
1	129.194
1	346.811
1	178.539
1	157.144
1	268.23
1	209.471
1	209.764
0	17.9189
1	168.51
1	153.905
1	285.001
1	192.033
1	262.483
1	153.666
1	243.418
1	213.155
1	175.374
1	142.472
1	144.082
1	218.994
1	174.599
1	136.918
1	238.212
1	171.943
1	138.143
1	185.991
1	155.244
1	206.349
1	194.017
1	148.682
1	209.105
1	181.812
1	180.609
1	166.549
1	215.434
1	205.171
1	171.08
1	273.425
1	165.156
1	178.13
1	311.375
1	182.668
1	273.609
1	251.912
1	104.503
1	176.229
1	180.378
1	132.119
1	307.933
1	137.24
1	235.988
1	177.144
1	175.173
1	199.749
1	195.367
0	72.8452
1	137.95
1	180.963
1	235.804
1	154.991
1	187.173
1	215.527
1	149.209
1	238.903
1	186.501
1	232.114
1	230.767
1	238.141
1	243.342
1	210.742
1	218.053
1	197.252
1	159.312
1	291.094
1	136.333
1	181.739
1	146.213
1	113.92
1	157.683
1	175.973
1	169.442
1	156.639
1	259.781
1	272.968
1	211.824
1	275.319
1	182.501
1	157.18
1	275.817
1	167.189
1	140.812
1	254.047
1	313.264
1	123.909
1	148.824
1	287.655
1	232.577
1	299.693
1	264.926
1	244.552
1	236.559
1	196.543
1	231.895
1	128.869
1	165.981
1	230.065
1	231.595
1	175.277
1	208.264
1	179.74
1	213.078
1	255.81
1	206.797
1	300.007
1	139.717
1	213.605
1	254.325
1	235.289
1	226.543
1	197.933
1	232.067
1	158.595
1	260.324
1	238.572
1	215.29
1	154.727
1	204.865
1	174.449
1	147.292
1	176.432
1	187.513
1	121.732
1	176.523
1	205.463
1	160.857
1	146.617
1	161.069
1	171.959
1	207.463
0	16.2979
1	264.447
1	187.748
0	6.75518
1	189.943
1	174.009
1	149.323
1	123.373
1	143.094
1	173.721
1	245.762
1	233.261
1	257.739
1	181.799
1	261.59
1	222.525
1	156.095
1	134.391
1	214.224
1	222.13
1	245.977
1	216.394
1	205.533
1	210.982
1	154.58
0	22.1551
1	241.031
1	226.188
1	187.113
1	163.162
1	200.03
1	176.345
1	240.029
1	212.132
1	217.462
1	185.598
1	235.428
1	223.82
1	269.094
1	127.278
1	184.71
1	254.353
1	116.885
1	153.484
1	191.276
1	176.687
1	246.079
1	205.303
1	227.764
1	229.358
1	219.404
1	210.03
1	137.501
1	141.527
1	202.092
1	384.548
1	288.078
1	175.671
1	227.763
1	182.241
1	141.109
1	140.552
1	193.495
1	201.985
1	267.339
1	143.488
1	302.24
1	210.541
1	189.83
1	249.246
1	146.324
1	137.902
1	189.024
1	147.762
1	146.607
1	168.844
1	225.85
1	123.993
1	197.602
1	229.633
1	201.399
1	200.736
1	210.795
1	246.763
1	228.761
1	204.353
1	241.374
1	245.976
1	207.136
1	171.687
1	252.403
1	212.855
1	196.19
1	227.818
1	169.595
1	252.322
1	184.437
1	160.456
1	178.474
1	155.429
1	233.832
1	228.242
1	311.615
1	210.036
1	170.389
1	316.34
1	185.318
1	184.545
1	145.127
1	194.925
1	234.948
1	231.638
1	155.938
1	424.017
1	305.03
1	166.059
1	161.959
1	217.927
1	233.907
1	202.18
1	244.731
1	195.044
1	172.448
1	173.879
1	146.021
1	249.809
1	162.507
1	135.982
1	273.307
1	150.178
1	209.507
1	258.96
1	194.868
1	165.693
1	163.245
1	206.519
1	307.067
1	291.554
1	151.039
1	125.814
1	135.889
1	312.638
1	154.804
1	145.39
1	162.885
1	166.723
1	286.632
1	180.702
1	178.294
1	220.766
1	213.241
1	241.998
1	195.682
1	130.58
1	229.926
1	181.281
1	137.024
1	174.548
1	175.488
1	147.352
1	294.041
1	161.052
1	168.781
1	340.238
1	431.442
1	224.49
1	354.008
1	173.069
1	218.8
1	285.6
1	164.094
1	254.618
1	152.413
1	271.467
1	168.648
1	196.665
1	289.374
1	180.727
1	286.582
1	168.065
1	139.017
1	197.335
1	324.722
1	131.39
1	158.902
1	163.219
1	256.807
1	208.523
1	244.23
1	229.289
1	289.515
1	307.065
1	157.122
1	155.336
1	242.009
1	213.156
1	221.66
1	140.512
1	172.61
1	237.973
1	114.839
1	288.787
1	195.141
1	251.123
1	206.119
1	146.613
1	201.209
1	134.573
1	153.78
1	241.032
1	238.953
1	197.075
1	176.998
1	229.741
1	171.241
1	268.571
1	185.379
1	279.464
1	159.887
1	109.53
1	231.082
1	171.917
1	266.499
1	349.476
1	193.932
1	210.158
1	161.955
1	318.464
1	163.982
1	236.505
1	286.751
1	212.657
1	274.531
1	220.523
1	183.619
1	129.749
1	194.702
1	284.586
1	112.581
1	211.993
1	156.452
1	178.149
1	290.274
1	147.421
1	202.174
1	208.598
1	233.041
1	151.694
1	229.34
1	194.217
1	211.329
1	350.235
1	190.842
1	167.27
1	274.175
1	214.025
1	164.987
1	242.523
1	253.383
1	258.208
1	135.828
1	269.42
1	288.56
1	171.733
1	166.996
1	154.582
1	209.743
1	179.593
1	249.887
1	218.829
1	304.031
1	217.267
1	186.433
1	146.385
1	282.845
1	187.691
1	182.839
1	170.708
1	174.593
1	220.029
1	255.838
1	154.187
1	182.683
1	148.504
1	215.378
1	173.773
1	211.862
1	192.379
1	230.327
1	239.047
1	175.327
1	196.046
1	215.621
1	152.493
1	216.062
1	227.311
1	210.33
1	178.54
1	275.694
1	185.177
1	174.044
1	148.696
1	223.357
1	205.989
1	211.655
1	150.103
1	206.326
1	147.834
1	250.468
1	276.036
1	193.392
1	147.08
1	258.297
1	273.733
1	183.728
1	161.642
1	164.975
1	224.66
1	149.068
1	177.777
1	159.901
1	168.857
1	202.409
1	153.111
1	221.758
1	232.079
1	237.698
1	206.658
1	191.738
1	184.208
1	198.043
1	178.597
1	194.292
1	176.91
1	253.718
1	202.876
1	200.453
1	262.376
1	255.148
1	177.661
1	224.073
1	243.904
1	183.208
1	208.265
1	265.183
1	217.135
1	171.541
1	159.884
1	228.278
1	237.767
1	232.987
1	125.249
1	162.113
1	170.149
1	196.595
1	143.707
1	207.606
1	161.496
1	196.739
1	186.054
1	177.823
1	237.722
1	179.475
1	229.314
1	255.866
1	199.944
1	140.172
1	202.681
1	148.591
1	180.547
1	212.603
1	226.62
1	179.132
1	311.08
1	186.773
1	268.405
1	193.424
1	234.582
1	249.291
1	201.148
1	133.137
1	227.865
1	282.247
1	325.933
1	291.898
1	205.448
1	180.602
1	186.062
1	160.304
1	144.593
1	160.884
1	211.657
1	159.859
1	260.695
1	190.912
1	240.678
1	247.61
1	158.498
1	125.344
1	109.716
1	265.923
1	162.458
1	155.183
1	250.23
1	211.959
1	207.913
1	195.391
1	200.604
1	286.49
1	189.323
1	197.811
1	216.923
1	180.753
1	242.492
1	298.047
1	190.234
1	167.211
1	240.59
1	191.934
1	154.639
1	289.032
1	168.684
1	185.488
1	265.298
1	190.516
1	164.016
1	180.787
1	191.39
1	179.957
1	206.579
1	130.451
1	184.216
1	242.252
1	245.349
1	186.067
1	205.203
1	202.94
1	155.701
1	151.51
1	194.032
1	172.205
1	135.732
1	177.914
1	303.323
1	280.214
1	254.132
1	168.598
1	144.26
1	181.843
1	214.148
1	219.608
1	253.752
1	166.435
1	293.623
1	256.152
1	183.068
1	203.763
1	220.373
1	169.056
1	190.906
1	243.907
1	248.513
1	269.973
1	199.823
1	203.817
1	200.277
0	32.8373
1	210.707
1	209.052
1	245.34
1	152.107
1	176.007
1	171.185
1	208.447
1	221.974
1	126.978
1	133.675
1	173.158
1	194.789
1	213.504
1	153.398
1	178.89
1	194.998
1	225.965
1	271.225
1	319.984
1	264.741
1	152.948
1	183.253
1	202.281
1	264.267
1	237.244
1	272.22
1	245.803
1	166.566
1	282.351
1	245.826
1	246.16
1	193.391
1	194.759
1	205.133
1	148.67
1	215.051
1	239.263
1	196.093
1	201.133
1	237.417
1	239.725
1	126.24
1	235.968
1	234.835
1	330.51
1	182.171
1	183.655
1	219.378
1	146.629
1	179.362
1	161.521
1	228.321
1	148.961
1	224.345
1	172.661
1	180.599
1	226.258
1	143.692
1	151.532
1	186.693
1	215.153
1	168.459
1	162.038
1	145.65
1	213.021
1	213.242
1	323.952
1	231.842
1	164.342
1	172.636
1	221.297
1	154.369
1	135.258
1	188.623
1	167.708
1	206.656
1	174.495
1	195.392
1	254.31
1	229.926
1	157.628
1	201.074
1	206.489
1	214.288
1	130.545
1	393.647
1	256.155
1	179.15
1	292.094
1	183.767
1	228.275
1	251.691
1	212.118
1	180.847
1	202.165
1	208.419
1	271.293
1	212.746
1	194.277
1	189.919
1	282.953
1	219.86
1	206.653
1	242.414
1	259.309
1	134.992
1	143.744
1	277.552
1	288.373
1	213.039
1	176.792
1	139.839
1	133.684
1	196.981
1	248.679
1	184.668
1	280.133
1	201.89
1	208.723
1	185.165
1	154.927
1	166.582
1	203.429
1	163.849
1	149.766
1	213.905
1	145.571
1	193.72
1	211.421
1	446.946
1	168.768
1	152.933
1	151.783
1	257.275
1	243.698
1	232.637
1	319.816
1	211.479
1	152.867
1	168.737
1	162.875
1	256.243
1	241.465
1	225.51
1	164.495
1	225.538
1	242.268
1	248.701
1	170.472
1	240.201
1	360.229
1	189.67
1	178.912
1	157.086
1	209.374
1	154.678
1	129.458
1	162.726
1	206.193
1	163.557
1	127.429
1	300.344
1	252.442
1	223.314
1	321.988
1	192.74
1	180.149
1	205.64
1	238.096
1	162.757
1	159.016
1	269.079
1	252.399
1	204.301
1	229.627
1	211.042
1	325.864
1	251.54
1	229.512
1	270.334
1	160.945
1	225.941
1	195.304
1	218.285
1	139.453
1	143.588
1	324.592
1	269.87
1	124.506
1	146.146
1	252.444
1	143.157
1	146.176
1	189.94
1	196.316
1	247.895
1	144.426
1	175.654
1	343.586
1	204.927
1	252.908
1	202.694
1	203.432
1	170.924
1	183.442
1	157.696
1	158.196
1	208.263
1	195.638
1	207.08
1	210.604
1	175.364
1	195.678
1	171.571
1	145.098
1	191.426
1	182.969
1	217.858
1	203.353
1	193.322
1	172.429
1	175.917
1	187.175
1	298.895
1	167.028
1	300.476
1	220.434
1	217.651
1	199.559
1	282.828
1	195.985
1	215.584
1	177.066
1	249.757
1	258.55
1	125.77
1	209.084
1	169.011
1	198.983
1	250.054
1	301.23
1	233.398
1	160.017
1	217.852
1	223.361
1	168.017
1	220.534
1	165.681
1	231.338
1	153.339
1	159.726
1	223.398
1	184.908
1	366.296
1	252.546
1	194.644
1	254.505
1	156.327
1	158.152
1	169.866
1	186.923
1	271.407
1	137.902
1	273.395
1	187.131
1	141.968
1	170.431
1	148.988
1	208.396
1	169.589
1	138.294
1	135.495
1	121.156
1	218.764
1	254.225
1	164.853
1	242.102
1	210.783
1	150.26
1	209.94
1	239.61
1	237.693
1	205.475
1	186.853
1	175.28
1	226.203
1	221.67
1	213.885
1	249.64
1	170.635
1	316.776
1	174.969
1	165.739
1	195.306
1	202.343
1	231.382
1	199.173
1	326.507
1	150.734
1	156.578
1	223.83
1	194.888
1	147.311
1	185.411
1	209.693
1	234.317
1	187.483
1	289.254
1	255.402
1	291.111
1	204.028
1	223.559
1	140.428
1	144.763
1	190.076
1	269.944
1	232.042
1	186.815
1	227.864
1	166.251
1	146.906
1	210.406
1	165.067
1	250.685
1	272.648
1	254.084
1	223.739
1	116.313
1	201.589
1	189.421
1	191.668
1	195.635
1	202.753
1	156.909
1	161.37
1	184.738
1	152.233
1	223.024
1	277.27
1	188.17
1	152.999
1	231.823
1	185.774
1	235.823
1	194.946
1	188.954
1	172.358
1	211.693
1	253.511
1	176.903
1	173.817
1	264.359
1	190.463
1	172.495
1	146.088
1	297.812
1	310.956
1	180.555
1	167.983
0	16.4091
1	206.761
1	320.971
1	178.258
1	170.087
1	213.504
1	276.549
1	215.928
1	111.192
1	130.594
1	215.809
1	162.463
1	193.633
1	270.358
1	202.027
1	163.571
1	209.26
1	195.806
1	197.392
1	137.119
1	232.295
1	197.854
1	276.848
1	157.418
1	162.193
1	163.108
1	225.281
1	182.713
1	179.101
1	155.625
1	222.208
1	163.557
1	152.055
1	228.009
1	196.534
1	259.372
1	196.491
1	195.359
1	189.281
1	167.069
1	204.64
1	217.126
1	165.998
1	136.137
1	209.336
1	148.321
1	173.373
1	129.595
1	187.044
1	148.066
1	203.069
1	352.135
1	201.297
1	202.847
1	117.467
1	151.46
1	225.512
1	175.226
1	189.483
1	135.311
1	200.956
1	336.988
1	169.241
0	5.14279
1	198.344
1	196.402
1	205.41
1	229.635
1	120.418
1	268.869
1	312.207
1	193.872
1	216.213
1	263.671
1	179.686
1	166.704
1	152.051
1	189.133
1	258.665
1	223.788
1	142.286
0	19.4526
1	271.435
1	153.576
1	180.427
1	331.246
1	213.638
0	8.21411
1	243.597
1	163.961
1	152.356
1	139.359
1	172.578
1	199.399
1	209.16
1	275.253
1	285.009
1	201.453
1	261.36
1	149.673
1	254.006
1	313.045
1	232.503
1	248.603
1	162.606
1	215.84
1	213.743
1	219.12
1	243.537
1	116.281
1	326.506
1	162.913
1	226.577
1	211.489
1	167.517
1	144.25
1	138.647
1	189.883
1	217.176
1	187.139
1	147.9
1	173.917
1	277.743
1	257.966
1	167.848
1	337.11
1	141.797
1	216.701
1	151.89
1	161.643
1	179.222
1	207.564
1	190.072
1	173.233
1	146.657
1	168.99
1	200.238
1	331.994
1	214.232
1	188.803
1	197.447
1	310.041
1	259.462
1	164.354
1	182.167
1	205.612
1	304.755
1	328.938
1	192.885
1	243.892
1	165.331
1	130.657
1	180.901
1	222.114
1	232.819
1	171.317
1	230.027
1	180.516
1	201.262
1	195.089
1	268.032
1	159.944
1	289.124
1	266.113
1	254.166
1	184.416
1	165.383
1	157.221
1	260.668
1	216.18
1	205.075
1	248.212
1	168.652
1	169.298
1	136.025
1	138.833
1	216.233
1	139.581
1	196.022
1	167.26
1	187.284
1	192.567
1	171.512
1	153.51
1	224.174
1	211.503
1	186.19
1	211.948
1	169.541
1	194.841
1	243.973
1	191.775
1	162.438
1	231.888
1	165.546
1	288.906
1	170.598
1	186.325
1	151.336
1	312.514
1	223.918
1	160.268
1	224.393
1	342.891
1	205.159
1	172.325
1	199.46
1	223.276
1	164.357
1	141.65
1	239.859
1	119.222
1	223.125
1	180.059
1	220.833
1	259.075
1	164.742
1	225.417
0	28.8519
1	224.993
1	190.4
1	205.899
1	226.119
1	360.534
1	171.989
1	200.568
1	180.111
1	234.441
1	182.671
1	201.628
1	175.741
1	176.191
1	292.694
1	211.52
1	134.976
1	156.432
1	295.946
1	165.507
1	213.84
1	173.725
1	176.881
1	228.715
1	229.567
1	221.925
1	226.25
1	160.223
0	13.4386
1	191.933
1	147.396
1	169.667
1	347.877
1	200.218
0	8.08214
1	199.801
1	175.46
1	222.943
1	241.489
1	175.412
1	246.125
1	589.373
1	126.006
1	253.307
1	229.053
1	184.194
1	184.315
1	183.977
1	163.703
1	188.972
1	168.257
1	169.77
1	252.864
1	192.536
1	106.061
1	252.379
1	147.55
1	198.651
1	182.594
1	150.019
1	155.939
1	176.189
1	189.434
1	188.076
1	150.487
1	267.484
1	243.488
1	91.2807
1	211.274
1	231.052
1	160.123
1	152.025
1	140.835
1	178.474
1	164.635
1	229.335
1	189.221
1	188.995
1	255.815
1	304.262
1	241.222
1	205.72
1	351.044
1	140.42
1	198.572
1	179.461
1	179.191
1	200.604
1	315.127
1	175.264
1	166.466
1	206.902
1	171.119
1	172.425
1	320.938
1	101.764
1	125.126
1	331.449
1	224.938
1	252.092
1	200.842
1	178.055
1	212.526
1	174.905
1	252.459
1	318.051
1	224.583
1	192.823
1	227.044
1	298.642
1	236.725
1	181.311
1	298.987
1	136.22
1	294.11
1	160.826
1	256.815
1	232.451
1	184.09
1	239.797
1	159.242
1	194.338
1	161.98
1	224.124
1	180.162
1	177.659
1	171.503
1	172.323
1	203.615
1	233.148
1	155.216
1	191.36
1	155.246
1	185.217
1	174.663
1	232.693
1	150.773
1	162.07
1	168.071
1	247.633
1	171.718
1	323.033
1	241.696
1	163.255
1	268.147
1	162.656
1	201.897
1	142.094
1	114.116
1	202.77
1	319.325
1	176.082
1	185.632
1	158.697
1	238.43
1	261.19
1	240.016
1	303.35
1	270.476
1	169.696
1	206.972
1	251.549
1	223.353
1	273.684
1	211.457
1	189.639
1	111.544
1	227.875
1	171.892
1	163.866
1	297.876
1	181.149
1	231.092
1	186.416
1	127.364
1	146.265
1	183.437
1	200.112
1	135.525
1	185.201
1	191.539
1	213.108
1	203.391
1	182.995
1	182.613
1	177.495
1	139.26
1	176.584
1	138.03
1	192.937
1	225.365
1	167.88
1	170.608
1	229.977
1	160.534
1	169.532
1	194.736
1	156.318
1	227.336
1	313.725
1	192.644
1	221.541
1	349.623
1	235.541
1	191.27
1	199.248
1	148.933
1	219.733
1	178.706
1	155.844
1	250.269
1	246.569
1	156.278
1	229.559
1	158.72
1	133.134
1	285.478
1	178.634
1	132.539
1	250.184
1	396.634
1	193.164
1	269.114
1	218.756
1	178.861
1	234.839
1	229.124
1	281.801
1	126.353
1	222.573
1	199.463
1	202.676
1	175.629
1	185.481
1	294.561
1	296.768
1	198.225
1	208.757
1	186.171
1	226.656
1	235.399
1	164.195
1	212.009
1	223.192
1	281.028
1	215.26
1	193.142
1	223.786
1	209.211
1	251.684
1	208.45
1	233.705
1	335.147
1	223.138
1	234.727
1	205.72
1	280.343
1	275.803
1	211.665
1	198.523
1	156.934
1	174.303
1	185.412
1	261.727
1	167.964
1	213.22
1	193.774
1	202.785
1	202.142
1	162.182
1	265.661
1	215.426
1	225.82
1	242.898
1	148.12
1	242.836
1	383.968
1	275.749
1	200.167
1	273.491
1	228.141
1	144.462
1	220.642
1	208.482
1	156.505
1	208.723
1	192.406
1	180.317
1	234.659
1	227.098
1	189.681
1	158.594
1	177.713
1	296.056
1	269.767
1	170.688
1	152.024
1	148.327
1	343.615
1	184.476
1	223.274
1	176.763
1	155.202
1	185.296
1	175.163
1	229.183
1	134.65
1	148.417
1	434.418
1	163.224
1	182.21
1	195.503
1	192.709
1	200.551
1	301.246
1	206.958
1	174.396
1	155.013
1	242.167
1	331.474
1	222.069
1	191.843
1	209.181
1	165.138
1	253.367
1	239.934
1	192.553
1	193.413
1	195.179
1	269.129
1	168.038
1	150.145
1	186.718
1	208.484
1	213.242
1	190.438
1	209.894
1	225.208
1	133.11
1	135.974
1	190.566
1	203.083
1	259.701
1	220.419
1	158.651
1	271.685
1	182.578
1	165.793
1	151.668
1	179.629
1	227.155
1	207.115
1	346.922
1	184.22
1	211.818
1	210.283
1	171.072
1	212.017
1	135.163
0	43.0793
1	154.786
1	109.294
1	185.066
1	197.497
1	249.489
1	180.44
1	172.622
1	184.268
1	236.252
1	307.602
1	172.991
1	181.476
1	154.701
1	261.2
1	337.684
1	154.15
1	196.751
1	338.657
1	160.039
1	272.707
1	244.765
1	193.969
1	279.41
1	231.469
1	162.054
1	165.018
1	205.967
1	154.099
1	100.759
1	134.619
1	168.932
1	257.65
1	224.603
1	169.17
1	138.064
1	172.038
1	164.509
1	219.729
1	210.67
1	146.3
1	268.261
1	186.86
1	167.648
1	210.957
1	166.413
1	201.145
1	178.598
1	182.8
1	171.586
1	332.924
1	161.528
1	139.314
1	133.826
1	238.372
1	148.066
1	213.326
1	134.358
1	173.947
1	167.184
1	131.389
1	167.263
1	195.266
1	246.036
1	164.617
1	208.973
1	285.618
1	137.083
1	213.813
1	200.894
1	223.609
1	219.887
1	172.737
1	177.186
1	232.6
1	173.708
1	216.475
1	163.627
1	222.718
1	198.757
1	172.046
1	229.52
1	163.312
1	132.666
1	223.818
1	139.463
1	236.634
1	355.743
1	194.771
1	180.781
1	174.414
1	143.55
1	189.467
1	224.661
1	161.094
1	228.529
1	191.415
1	191.028
1	187.326
0	151.179
1	302.011
0	12.6711
1	183.907
1	215.276
1	249.815
1	147.999
1	218.722
1	175.018
1	194.244
1	207.789
1	174.34
1	176.998
1	218.693
1	248.073
1	229.559
1	320.295
1	190.911
1	371.512
1	182.648
1	227.444
1	224.918
