10000	100	9900	0.00243056
0.025641	2.53846	40889	4.1302
1	210.552
1	180.368
1	174.915
1	204.466
1	238.199
1	345.884
1	149.39
1	167.324
1	256.86
1	181.574
1	183.128
1	189.299
1	187.114
1	189.503
1	223.082
1	216.352
1	156.615
1	271.301
1	243.431
1	233.637
1	129.93
1	151.917
1	146.749
1	228.2
1	231.784
1	268.302
1	327.035
1	145.45
1	245.769
1	188.678
1	151.447
1	177.754
1	184.805
1	215.752
1	181.352
1	178.539
1	188.268
1	213.643
1	154.845
1	171.547
1	148.14
1	249.664
1	272.794
1	150.206
1	342.771
1	149.46
1	214.57
1	166.238
1	136.691
1	165.933
1	184.597
1	150.401
1	194.804
1	219.226
1	211.64
1	194.725
1	160.099
1	191.201
1	250.572
1	216.156
1	160.627
1	223.339
1	283.134
1	204.776
1	270.346
1	151.228
1	126.626
1	221.045
1	181.641
1	133.488
1	126.76
1	241.898
1	211.618
1	306.918
1	199.713
1	241.281
1	222.248
1	155.556
1	320.857
1	216.135
1	218.313
1	194.582
1	218.665
1	169.666
1	319.328
1	201.585
1	235.298
1	150.283
1	243.803
1	210.791
1	194.249
1	220.723
1	173.437
1	182.911
1	195.213
1	161.594
1	429.744
1	183.048
1	270.873
1	122.258
1	198.332
1	209.301
1	152.534
1	361.74
1	165.098
1	229.154
1	182.413
1	170.404
1	232.781
1	199.233
1	158.084
1	179.678
1	144.346
1	225.533
1	215.57
1	171.152
1	221.232
1	221.239
1	242.838
1	214.487
1	163.116
1	149.655
1	215.904
1	300.133
1	160.451
1	183.344
1	190.681
1	169.755
1	189.007
1	136.011
1	237.389
1	162.204
1	152.59
1	172.291
1	163.684
1	234.019
1	276.231
1	276.468
1	170.621
1	171.693
1	145.1
1	212.868
1	162.592
1	152.683
1	173.528
1	195.65
1	195.176
1	267.194
1	208.61
1	190.316
1	249.377
1	166.259
1	118.609
1	387.232
1	176.784
1	261.25
1	244.251
1	223.218
1	235.836
1	262.836
1	167.1
1	183.105
1	152.851
1	185.573
1	168.071
1	390.978
1	229.525
1	163.672
1	198.223
1	158.668
1	158.967
1	245.037
1	236.746
1	189.533
1	227.279
1	227.675
1	140.843
1	197.27
1	262.861
1	139.25
0	54.4322
1	163.737
1	188.199
1	235.446
1	200.531
1	224.171
1	186.129
1	176.04
1	232.922
1	133.989
1	234.558
1	272.123
1	204.946
1	318.498
1	176.572
1	243.111
1	158.907
1	164.584
1	177.038
1	207.082
1	159.441
1	167.28
1	155.494
1	301.361
1	241.246
1	227.512
1	195.222
1	157.882
1	214.286
1	206.123
1	199.661
1	180.995
1	303.097
1	197.697
1	165.722
1	206.137
1	179.152
1	175.628
1	253.144
1	148.766
1	272.46
1	173.572
1	188.101
1	115.032
1	216.014
1	235.691
1	213.515
1	172.232
0	79.855
1	175.69
1	211.118
1	186.329
1	139.56
1	181.32
1	182.74
1	222.775
1	120.105
1	213.437
1	178.171
1	271.533
1	198.91
1	222.138
1	229.452
1	228.254
1	302.04
1	255.129
1	243.573
1	162.78
1	289.236
1	218.624
1	145.732
1	215.538
1	170.793
1	215.707
1	268.793
1	157.186
1	223.253
1	143.388
1	121.999
1	298.15
1	134.755
1	258.982
1	200.826
1	130.921
1	180.242
1	201.098
1	169.395
1	196.155
1	257.794
1	211.043
1	183.438
1	129.051
1	166.268
1	260.536
1	264.347
1	178.524
1	190.193
1	196.815
1	250.93
1	210.072
1	173.477
1	205.8
1	202.353
1	200.944
1	145.308
1	166.694
1	214.991
1	146.77
1	189.89
1	138.85
1	200.181
1	242.01
0	24.592
1	235.383
1	227.386
1	199.094
1	222.826
1	208.392
1	176.301
1	214.369
1	179.926
1	219.52
1	152.681
1	179.404
1	166.221
1	264.03
1	189.833
1	226.81
1	149.978
1	241.672
1	168.626
1	205.798
1	187.112
1	209.974
1	247.496
1	175.511
1	216.728
1	180.493
1	250.906
1	190.188
1	156.023
1	169.787
1	128.021
1	250.6
1	145.456
1	189.658
1	205.462
1	168.04
1	197.322
1	164.027
1	292.539
1	314.253
1	189.758
1	235.065
1	174.658
1	215.241
1	259.86
1	225.475
1	252.024
1	230.567
1	197.266
1	135.078
1	128.454
1	212.633
1	158.569
1	151.096
1	188.552
1	164.572
1	197.134
1	268.602
1	214.144
1	221.061
1	230.085
1	368.684
1	185.884
1	146.912
1	395.191
1	195.648
1	195.441
1	154.448
1	133.647
1	164.144
1	325.676
1	177.891
1	276.27
1	262.081
1	165.514
1	260.923
1	185.153
1	161.815
1	231.308
1	136.942
1	184.294
1	177.711
1	185.019
1	196.062
1	207.541
1	325.383
1	244.739
1	155.991
1	165.497
1	127.514
1	268.165
1	140.097
1	274.762
1	148.994
1	221.72
1	246.836
1	192.497
1	194.505
1	163.646
1	200.414
1	145.005
1	171.577
1	156.194
1	312.383
1	266.637
1	163.187
1	182.079
1	174.779
1	155.2
1	278.903
1	267.287
1	231.691
1	227.5
1	166.581
1	302.86
1	210.526
1	157.83
1	158.552
1	193.478
1	133.502
1	231.765
1	315.106
1	169.718
1	185.538
1	154.125
1	244.652
1	247.589
1	225.801
1	229.541
1	164.235
1	138.727
1	180.67
1	236.051
1	171.27
1	169.436
1	393.692
1	210.924
1	170.282
1	308.677
1	215.993
1	300.142
1	164.092
1	179.054
1	291.894
1	222.478
1	251.003
1	253.149
1	180.471
1	130.374
1	213.288
1	199.124
1	130.103
1	218.629
1	111.292
1	218.585
1	159.869
1	317.632
1	250.684
1	219.887
1	122.781
1	182.832
1	278.268
1	245.759
1	185.469
1	258.967
1	311.609
1	286.514
1	123.925
1	272.285
1	227.842
1	168.322
1	275.337
1	173.034
1	210.534
1	216.947
1	131.815
1	254.286
1	170.859
1	271.729
1	183.195
1	416.686
1	222.383
1	213.441
1	155.527
1	198.536
1	162.924
1	162.59
1	173.418
1	251.502
1	266.503
1	152.574
1	177.309
1	192.034
1	316.731
1	306.419
1	277.153
1	237.914
1	214.663
1	178.968
1	167.802
1	249.89
1	157.927
1	178.627
1	199.243
1	263.131
1	173.402
1	162.542
1	246.492
0	34.0046
1	194.504
1	206.403
1	155.329
1	152.376
1	295.822
1	437.707
1	195.826
1	176.552
1	204.072
1	229.386
1	189.887
1	134.057
1	141.07
1	131.95
1	198.089
1	203.777
1	159.682
1	140.438
1	165.708
1	192.575
1	139.939
1	158.146
1	187.273
1	199.294
1	223.673
1	337.746
1	192.396
1	180.358
1	231.55
1	179.473
1	234.693
1	270.486
1	236.253
1	178.258
1	161.368
1	229.726
1	184.653
1	232.295
1	232.902
1	273.247
1	273.401
1	154.662
1	158.246
1	233.704
1	223.615
1	326.882
1	135.888
1	208.844
1	182.015
1	238.423
1	127.587
1	173.023
1	244.412
1	102.335
1	178.384
1	337.63
1	227.795
1	217.345
1	235.335
1	222.78
1	182.671
1	235.196
1	214.724
1	276.001
1	194.958
1	147.888
1	259.516
1	193.069
1	145.546
1	175.161
1	134.989
1	178.267
1	305.24
1	186.858
1	148.337
1	297.504
1	172.982
1	227.689
1	132.366
1	332.113
1	195.216
1	160.235
1	168.018
1	220.999
1	161.299
1	229.508
1	276.186
1	200.917
1	176.123
1	173.534
1	151.518
1	235.564
1	264.152
1	186.27
1	235.403
1	164.799
1	176.28
1	167.861
1	169.07
1	154.292
1	293.405
1	139.381
1	242.829
1	201.618
1	159.754
1	150.457
1	172.091
1	325.879
1	150.689
1	149.702
1	236.693
1	314.769
1	133.398
1	258.547
1	169.798
1	290.001
1	275.413
1	317.157
1	186.013
1	167.817
1	165.368
1	223.667
1	332.135
1	242.416
1	436.373
1	180.968
1	200.65
1	294.921
1	234.342
1	214.632
1	159.298
1	137.328
1	212.679
1	178.165
1	203.733
1	256.947
1	188.787
1	173.997
1	165.431
1	167.385
1	228.102
1	171.835
1	284.48
1	129.9
1	141.789
1	236.591
1	197.626
1	144.744
1	162.494
1	301.014
0	52.0555
1	188.597
1	202.451
1	188.079
1	280.734
1	174.076
1	202.328
1	100.333
1	178.013
0	9.39797
1	173.238
1	182.621
1	158.603
1	197.16
1	286.973
1	163.111
1	141.234
1	218.967
1	175.439
1	280.467
1	149.425
1	241.071
1	162.974
1	168.461
1	220.879
1	199.567
1	138.032
1	131.82
1	148.045
1	214.525
1	186.859
1	264.697
1	116.151
1	235.775
1	157.413
1	204.218
1	175.533
1	302.565
1	137.454
1	260.555
1	202.321
1	144.398
1	238.966
1	257.994
1	224.581
1	178.389
1	200.344
1	136.728
1	224.117
1	229.383
1	178.378
1	178.992
1	153.815
1	220.189
1	154.346
1	220.391
1	260.397
1	164.661
1	254.779
1	235.04
1	188.525
1	143.802
1	239.19
1	211.939
1	228.239
1	147.649
1	222.416
1	169.804
1	129.601
1	264.126
1	182.126
1	326.268
1	155.785
1	193.968
1	160.182
1	191.875
1	281.529
1	249.841
1	169.013
1	136.637
1	270.618
1	158.02
1	279.93
1	156.818
1	198.593
1	187.136
1	236.18
1	245.299
1	132.44
1	190.452
1	160.147
1	197.398
1	161.539
1	134.221
1	179.052
1	184.511
1	220.796
1	219.229
1	171.313
1	158.691
1	387.866
1	275.265
1	164.662
1	197.473
1	161.627
1	160.456
1	142.188
1	183.754
1	229.08
1	284.918
1	181.729
1	152.112
1	159.583
1	160.305
1	206.679
1	245.39
1	222.062
1	176.277
1	148.588
1	195.766
1	218.365
1	199.693
1	193.505
1	162.4
1	281.91
1	177.923
1	244.835
1	204.853
1	165.671
1	222.26
1	217.215
1	231.984
1	218.809
1	215.082
1	185.893
1	226.2
1	256.967
1	266.529
1	167.901
1	339.957
1	278.559
1	150.383
1	124.176
1	274.006
1	180.658
1	196.975
1	117.193
1	152.245
1	239.467
1	240.299
1	162.013
1	242.671
1	235.994
1	223.601
1	176.899
1	148.36
1	171.091
1	208.411
1	272.79
1	174.13
1	235.32
1	205.843
1	256.707
1	127.401
1	269.446
1	178.82
1	149.338
1	300.844
1	178.534
1	238.875
1	308.479
1	163.826
1	191.649
1	272.054
1	189.46
1	205.958
1	207.085
1	231.32
1	156.473
1	226.586
1	224.419
1	153.052
1	261.275
1	190.887
1	177.664
1	188.788
1	389.905
1	280.998
1	171.936
1	157.895
1	152.756
1	124.068
1	181.514
1	267.831
1	155.556
1	154.721
1	224.085
1	200.418
1	179.185
1	269.598
1	184.741
1	141.156
1	264.055
1	219.646
1	224.936
1	194.273
1	186.751
1	189.178
1	154.417
1	203.867
1	154.41
1	188.96
1	167.206
1	273.327
1	226.512
1	260.223
1	160.693
1	186.455
1	233.124
1	218.502
1	153.406
1	241.726
1	247.044
1	308.237
1	175.441
1	239.418
1	175.392
1	154.375
1	156.385
1	210.495
1	243.318
1	239.176
1	190.932
1	197.467
1	282.02
1	173.992
1	175.073
1	226.255
1	224.877
1	223.532
1	232.584
1	209.699
1	143.722
1	137.516
1	219.608
1	194.8
1	209.28
1	200.569
1	171.076
1	160.612
1	256.444
1	195.652
1	148.976
1	204.323
1	140.021
1	141.624
1	217.074
1	160.794
1	161.937
1	216.811
1	129.211
1	210.952
1	219.983
1	248.485
1	268.341
1	204.106
1	210.465
1	136.632
1	132.65
1	320.934
1	253.742
1	195.741
1	141.006
1	137.287
1	154.875
1	163.767
1	198.067
1	204.605
1	188.762
1	210.755
1	320.147
1	168.146
1	195.903
1	195.557
1	149.102
1	217.656
1	221.983
1	144.114
1	153.58
1	194.287
1	170.034
1	162.141
1	223.538
1	277.242
1	251.546
1	184.501
1	152.138
1	237.22
0	46.1917
1	190.64
1	172.536
1	185.115
1	248.608
1	344.613
1	170.495
1	204.125
1	248.588
1	340.124
1	299.878
1	179.488
1	173.311
1	168.674
1	181.18
1	250.478
1	246.056
1	192.381
1	212.486
1	222.692
1	199.741
1	224.547
1	237.273
1	177.243
1	231.626
1	191.547
1	185.891
1	169.422
1	346.076
1	220.288
1	229.979
1	314.267
1	206.664
1	128.697
1	235.221
1	210.41
1	200.395
1	153.89
1	311.465
1	153.387
1	251.369
1	331.209
1	202.219
0	52.793
1	216.821
1	183.327
1	163.545
1	158.137
1	219.905
1	148.566
1	202.781
1	164.224
1	179.949
1	220.765
1	198.421
1	199.375
1	195.195
1	180.656
1	225.391
1	231.762
1	202.663
1	145.08
1	202.945
1	159.839
0	33.4428
1	167.726
1	141.087
1	216.667
1	132.834
1	201.626
1	229.691
1	169.786
1	169.158
1	169.37
1	261.03
1	142.274
1	229.789
1	92.8733
1	201.146
1	167.8
1	193.631
1	203.38
1	215.967
1	304.153
1	162.857
1	246.501
1	239.27
1	293.033
1	200.867
1	136.006
1	352.455
1	183.403
1	182.75
1	160.97
1	165.124
1	190.353
1	189.191
1	165.967
1	167.683
1	295.636
1	153.62
1	296.758
1	293.856
1	293.475
1	219.511
1	307.897
1	198.338
1	150.041
1	202.144
1	193.036
1	207.846
1	216.763
1	202.969
1	170.83
1	280.572
1	148.521
1	236.97
1	185.165
1	205.571
1	170.481
1	224.783
1	132.941
1	208.515
1	159.219
1	168.604
1	211.048
1	161.045
1	196.966
1	240.594
1	209.118
1	145.74
1	167.151
1	181.42
1	211.795
1	154.254
1	232.924
1	146.982
1	120.698
1	187.361
1	144.794
1	234.15
1	181.106
1	172.338
1	415.579
0	66.3233
1	231.94
1	210.924
1	148.363
1	138.49
1	229.756
1	221.564
1	197.849
1	220.45
1	175.365
1	288.466
1	239.65
1	147.695
1	159.766
1	188.305
1	161.49
1	460.22
1	284.078
1	166.797
1	203.81
1	203.512
1	172.482
1	199.102
1	136.499
1	251.611
1	188.811
1	238.652
1	111.432
1	163.304
1	158.435
1	230.957
1	159.059
1	189.3
1	210.812
0	98.0079
1	211.899
1	185.235
1	242.503
1	203.525
1	206.911
1	162.725
1	214.247
1	251.799
1	162.339
1	197.567
1	215.629
1	312.508
1	155.873
1	295.973
1	266.01
1	209.858
1	219.359
1	151.153
1	136.504
1	332.918
1	205.745
1	178.298
1	184.89
1	300.12
1	182.038
1	208.35
1	204.311
1	214.909
1	104.178
0	3.60561
1	138.579
1	175.613
1	145.637
1	200.839
1	161.472
1	213.19
1	165.088
1	179.53
1	178.827
1	229.891
1	279.291
1	219.754
1	300.783
1	165.687
1	184.033
1	140.291
1	203.875
1	173.603
1	171.884
1	212.411
1	231.72
1	192.804
1	258.295
1	167.767
1	262.57
1	204.36
1	282.623
1	140.344
1	151.89
1	179.138
1	199.635
1	280.29
1	141.566
1	175.381
1	478.972
1	197.721
1	134.571
1	203.318
1	158.779
1	169.003
1	170.483
1	189.178
1	192.874
1	170.225
1	173.332
1	207.706
1	176.032
1	184.849
1	228.031
1	160.47
1	195.232
1	355.118
1	142.313
1	194.882
1	256.184
1	196.121
1	176.817
1	128.666
1	268.056
1	211.764
1	135.821
1	191.523
1	207.5
1	174.237
1	223.309
1	181.467
1	214.566
1	181.167
1	198.936
1	207.531
1	334.485
1	307.015
1	174.084
1	121.302
1	184.469
1	189.258
1	215.48
1	139.311
1	343.211
1	151.434
1	358.663
1	195.726
1	185.032
1	204.353
1	221.061
1	150.629
1	181.849
1	159.857
1	190.658
1	176.153
1	131.357
1	172.545
1	239.686
1	133.825
1	199.198
1	263.78
1	167.947
1	236.077
1	238.805
1	185.046
1	151.839
1	177.063
1	177.233
1	189.306
1	145.309
1	190.669
1	184.951
1	165.604
0	57.4684
1	139.039
1	321.495
1	187.725
1	243.651
1	193.919
1	268.657
1	151.843
1	392.603
1	189.278
1	209.542
1	132.576
1	305.73
1	215.036
1	155.749
1	203.154
1	279.058
1	279.22
1	148.389
1	205.814
1	152.112
1	180.49
1	182.22
1	172.366
1	152.546
1	150.504
1	203.062
1	178.397
1	228.099
1	196.329
1	185.31
1	196.122
1	186.97
1	176.53
1	168.679
1	190.178
1	201.559
1	170.452
1	251.337
1	117.571
1	144.964
1	168.45
1	205.045
1	182.88
1	144.787
1	151.988
1	249.796
1	150.048
1	176.703
1	180.179
1	246.3
1	233.332
1	246.435
1	245.786
1	367.346
1	283.906
1	171.095
1	275.295
1	251.467
1	166.382
1	258.066
1	221.765
1	149.736
1	184.315
1	151.748
1	159.028
1	169.532
1	256.071
1	258.16
1	189.21
1	208.242
1	163.063
1	170.674
1	307.406
1	216.828
1	200.951
1	168.306
1	136.977
1	214.185
1	244.506
1	208.284
1	254.019
1	223.32
1	133.005
1	287.489
1	159.186
1	214.467
1	252.519
1	167.61
1	182.223
1	179.923
1	172.847
1	204.119
1	191.308
1	200.524
1	195.019
1	220.905
1	260.685
1	190.352
1	256.494
1	199.957
1	209.429
1	190.321
1	265.499
1	190.563
1	418.859
1	199.78
1	216.82
1	178.416
1	159.337
1	195.555
1	192.375
1	164.066
1	260.646
1	194.549
1	290.87
1	209.326
1	206.264
1	281.574
1	229.089
1	253.113
1	169.36
1	178.793
1	181.951
1	333.334
1	188.065
1	140.919
1	503.075
1	195.58
1	333.987
1	160.84
1	219.137
1	193.266
1	258.615
1	211.802
1	300.907
1	353.999
1	229.375
1	178.291
1	299.474
1	163.265
1	178.078
1	200.42
1	213.813
1	160.267
1	161.46
1	248.953
1	134.846
1	211.896
1	162.55
1	199.361
1	180.856
1	161.184
1	298.358
1	236.562
1	223.859
1	209.686
1	210.35
1	232.745
1	192.148
1	173.709
1	237.472
1	182.499
1	253.987
1	271.661
1	170.555
1	152.615
1	227.818
1	229.556
1	246.621
1	237.891
1	144.92
1	266.309
1	234.023
1	232.249
1	158.746
1	209.589
1	202.918
1	160.911
1	219.885
1	172.481
1	164.138
1	130.054
1	238.017
1	170.537
1	213.2
1	144.096
1	207.519
1	140.275
1	288.586
1	155.591
1	169.795
1	171.303
1	182.951
1	156.483
1	176.453
1	183.639
1	216.616
1	162.864
1	209.436
1	216.536
1	114.002
1	215.991
1	139.179
1	271.596
1	253.912
1	200.747
1	236.535
1	255.689
1	219.322
1	305.925
1	201.576
1	191.526
1	240.971
1	288.698
1	204.036
1	199.178
1	246.492
1	206.809
1	127.99
1	256.439
1	215.303
1	232.253
1	219.456
1	227.167
1	224.286
1	246.386
1	237.916
1	268.017
1	335.203
1	195.511
1	220.382
1	148.966
1	198.158
1	153.548
1	206.197
1	165.993
1	172.602
1	178.066
1	290.956
1	189.036
1	162.804
1	277.13
1	247.672
1	247.585
1	168.231
1	157.031
1	174.609
1	184.379
1	141.983
1	201.645
1	219.265
1	137.833
1	285.861
1	319.859
1	231.848
1	190.597
1	215.888
1	185.789
1	138.216
1	305.309
0	48.8907
1	216.157
1	194.959
1	211.117
1	154.991
1	229.794
1	217.598
1	197.722
1	316.381
1	163.928
1	183.142
1	197.627
1	230.704
1	187.438
1	208.169
1	133.167
1	214.904
1	202.132
1	202.194
1	199.392
1	222.412
1	281.078
1	152.265
1	164.137
1	152.885
1	227.335
1	123.706
1	175.539
1	196.756
1	167.858
1	298.842
1	170.803
1	208.592
1	157.965
1	127.202
1	249.327
1	234.084
1	210.497
1	198.566
1	193.603
1	230.724
1	196.031
1	420.245
1	178.786
1	198.407
1	179.805
1	219.818
1	218.504
1	165.486
1	143.401
1	213.12
1	247.355
1	159.694
1	161.329
1	319.777
1	180.43
1	221.338
1	212.224
1	223.038
1	229.798
1	229.937
1	229.086
1	209.944
1	250.602
1	157.607
1	192.406
1	351.029
1	134.391
1	221.876
1	182.144
1	200.614
1	181.933
1	211.989
1	155.952
1	186.374
1	188.084
1	156.936
1	175.455
1	247.764
1	206.482
1	238.929
1	120.775
1	208.495
1	183.481
1	250.283
1	129.584
1	198.724
1	226.502
1	174.947
1	153.453
1	341.138
1	158.127
1	182.048
1	146.127
1	293.746
1	263.144
1	176.269
1	322.05
1	222.453
1	207.434
1	182.526
1	168.12
1	190.377
1	251.706
1	198.088
1	140.94
1	256.479
1	180.705
1	220.024
1	137.161
1	195.359
1	185.882
1	171.989
1	225.99
1	260.658
1	232.04
1	214.538
1	198.237
1	174.658
1	244.455
1	272.783
1	304.701
1	178.03
1	280.253
1	221.442
1	188.235
1	168.081
1	244.53
1	230.336
1	197.763
1	206.501
1	199.636
1	184.537
1	171.117
1	187.884
1	338.865
1	162.462
1	242.076
1	142.727
1	275.746
1	282.656
1	213.874
1	214.029
0	58.4485
1	178.854
1	171.683
1	174.484
1	244.988
1	206.023
1	146.704
1	156.179
1	204.624
1	212.313
1	196.115
1	164.776
1	214.285
1	317.601
1	184.606
1	148.902
1	223.169
1	244.217
1	209.524
1	227.209
1	168.777
1	284.934
1	172.196
1	198.745
1	202.713
1	177.431
1	236.665
1	247.305
1	231.621
1	239.579
1	263.907
1	235.558
1	315.657
1	239.628
1	285.607
1	216.967
1	173.961
1	181.001
1	242.524
1	150.624
1	291.393
1	181.105
1	154.209
1	210.199
1	200.939
1	185.05
1	200.851
1	222.263
1	187.492
1	152.404
1	239.729
1	192.226
1	178.094
1	270.063
1	185.938
1	198.047
1	195.787
1	127.968
1	221.753
1	124.704
1	324.734
1	170.194
1	282.819
1	275.839
1	246.161
1	209.711
1	182.281
1	195.152
1	183.906
1	202.857
1	195.677
1	168.833
1	154.488
1	137.667
1	185.077
1	138.213
1	153.299
1	141.632
1	146.776
1	314.177
1	204.25
1	227.005
1	132.342
1	187.846
1	175.602
1	214.873
1	217.123
1	269.113
1	225.319
1	291.637
1	191.086
1	184.302
1	144.074
1	185.453
1	184.357
1	120.653
1	143.957
1	235.38
1	154.919
1	139.833
1	219.775
1	114.495
1	160.24
1	192.102
1	186.234
1	184.348
1	142.965
1	204.545
1	199.286
1	118.921
1	201.735
1	224.645
1	174.108
1	270.507
1	167.859
1	233.096
1	166.398
1	332.647
1	214.18
1	216.996
1	229.806
1	137.359
1	173.699
1	144.119
1	192.452
1	152.402
1	301.466
1	286.852
1	286.431
1	237.114
1	160.325
1	203.297
1	197.273
1	150.039
1	239.52
1	220.321
1	203.236
1	204.943
1	156.427
1	98.5174
1	176.19
1	202.942
1	187.846
1	175.333
1	173.117
1	163.701
1	207.263
1	176.976
1	298.892
1	153.783
1	226.677
1	181.328
1	228.35
1	184.402
1	170.216
1	214.241
1	202.64
1	178.222
1	154.232
1	193.39
1	225.607
1	164.221
1	229.853
1	193.827
1	197.127
1	155.447
1	172.804
1	204.52
1	235.481
1	232.023
1	159.38
1	185.871
1	178.496
1	234.132
1	246.097
1	284.066
1	215.431
1	225.056
1	163.694
1	191.23
1	191.681
1	138.263
1	223.632
1	240.795
1	221.845
1	155.577
1	203.087
1	140.881
1	280.013
1	290.561
1	114.21
1	254.085
1	162.66
1	159.366
1	160.882
1	161.083
1	184.762
1	123.039
1	198.91
1	221.025
1	254.032
1	304.208
1	144.164
1	216.264
1	220.925
1	202.643
1	190.758
1	156.922
1	321.519
1	217.445
1	207.716
1	191.76
1	153.208
1	159.422
1	225.34
1	171.696
1	186.42
1	259.909
1	175.242
1	158.858
1	188.325
1	335.931
1	239.016
1	270.294
1	223.259
1	207.076
1	200.161
1	223.981
1	152.755
1	215.769
1	245.305
0	0.0633509
1	170.135
1	242.852
1	191.102
1	285.27
1	217.684
1	161.989
1	178.035
1	196.904
1	159.546
1	185.163
1	183.637
1	169.2
1	194.308
1	335.653
1	188.333
1	233.692
1	209.587
1	213.459
1	157.574
1	143.089
1	163.866
1	196.008
1	165.107
1	172.183
1	232.494
1	169.501
1	117.66
1	207.816
1	168.125
1	178.011
1	234.047
1	141.845
1	175.047
1	160.256
1	217.438
1	136.049
1	190.715
1	201.842
1	260.663
1	315.444
1	367.717
1	251.156
1	253.128
1	139.861
1	153.267
1	353.744
1	215.043
1	188.233
1	223.057
1	257.188
1	124.021
1	251.904
1	190.357
1	144.423
1	133.276
1	197.751
1	177.077
1	321.615
1	171.156
1	153.685
1	152.302
1	127.063
1	218.138
1	174.421
1	193.197
1	153.27
1	147.339
1	201.036
1	229.637
1	163.213
1	151.116
1	201.759
1	214.802
1	174.904
1	203.069
1	152.693
1	191.043
1	285.171
1	151.307
1	290.112
1	198.699
1	283.476
1	190.175
1	206.396
1	173.13
1	206.07
1	222.849
1	226.515
1	168.21
1	193.543
1	138
1	205.462
1	162.553
1	249.709
1	258.841
1	143.453
1	174.128
1	484.801
1	161.835
1	204.314
1	255.878
1	193.97
1	224.487
1	157.098
1	238.322
1	189.509
1	174.746
1	223.309
1	234.003
1	141.991
1	288.921
1	261.943
1	316.646
1	148.613
1	208.608
1	168.844
1	177.175
1	289.973
1	156.032
1	195.014
1	245.246
1	148.946
1	249.723
1	164.564
1	199.119
1	323.452
1	167.597
1	230.045
1	167.178
1	181.488
1	134.039
1	261.759
1	226.589
1	219.767
1	137.03
1	113.964
1	184.747
1	204.763
1	173.137
1	200.79
1	169.899
1	238.632
1	147.525
1	224.957
1	224.543
1	157.32
1	212.208
1	251.265
1	178.392
1	219.563
1	205.201
1	237.359
1	184.664
1	177.04
1	214.275
1	187.183
1	166.935
1	171.283
1	178.258
1	191.694
1	142.385
1	201.807
1	155.536
1	181.763
1	226.821
1	203.361
1	257.683
1	139.965
0	14.4316
1	176.813
1	310.914
1	212.429
1	163.504
1	154.674
1	125.326
1	209.539
1	213.798
1	149.296
1	254.836
1	187.021
1	184.35
1	175.591
1	271.172
1	252.707
1	150.585
1	385.433
1	186.468
1	130.044
1	248.914
1	185.095
1	284.067
1	223.23
1	212.046
1	179.882
1	207.304
1	149.233
1	226.319
1	187.014
1	284.535
1	198.684
1	327.666
1	174.635
1	197.356
1	246.06
1	245.592
1	208.998
1	206.642
1	174.684
1	222.523
1	213.392
1	159.858
1	156.984
1	268.314
1	158.569
1	140.164
1	191.478
1	137.128
1	157.355
1	159.185
1	229.95
1	233.243
1	250.056
1	251.708
1	188.956
1	249.003
1	184.794
1	234.327
1	275.119
1	148.764
1	193.782
1	175.323
1	199.744
1	207.052
1	219.968
1	176.852
1	221.106
1	309.834
1	212.422
1	223.715
1	167.639
1	174.85
1	271.944
1	160.468
1	207.029
1	232.575
1	176.724
1	138.877
1	177.712
1	256.141
1	192.14
1	214.142
1	182.917
1	182.579
1	153.689
1	234.817
1	180.432
1	319.544
1	171.712
1	196.44
1	162.824
1	123.853
1	130.687
1	113.58
1	201.274
1	189.22
1	225.749
1	313.697
1	167.933
1	220.918
1	312.306
1	153.613
1	162.041
1	209.78
1	166.613
1	182.11
1	218.171
1	178.954
1	126.035
1	171.996
1	157.484
1	236.714
1	201.226
1	195.596
1	166.988
1	159.299
1	309.837
1	170.777
1	238.186
1	172.426
1	207.412
1	163.439
1	231.311
1	190.124
1	127.883
1	368.075
1	160.473
1	224.256
1	164.997
0	26.5806
1	300.084
1	222.712
1	195.496
1	260.939
1	188.947
1	172.632
1	192.283
1	169.108
1	159.911
1	189.771
1	181.865
1	185.389
1	181.549
1	186.265
1	188.157
1	158.639
1	191.821
1	174.876
1	186.434
1	133.595
1	221.508
1	181.408
1	168.097
1	175.649
1	173.59
1	219.617
1	166.185
1	152.426
1	156.338
1	216.457
1	148.524
1	179.323
1	176.451
1	207.307
1	267.893
1	205.37
1	164.147
1	172.917
1	142.779
1	148.243
1	236.328
1	176.489
1	171.175
1	244.198
1	202.408
1	208.412
1	178.797
1	158.624
1	153.973
1	207.8
1	238.687
1	196.95
1	375.566
1	194.754
1	140.589
1	214.646
1	256.984
1	194.556
1	183.743
0	6.84425
1	211.562
1	128.892
1	204.897
1	388.368
1	222.329
1	138.035
1	199.737
1	231.001
1	198.571
1	271.265
1	177.826
1	235.735
1	363.945
1	270.642
1	237.259
1	202.787
1	115.088
1	212.388
1	154.442
1	270.272
1	177.975
1	168.472
1	303.176
1	189.666
1	198.048
1	236.331
1	187.054
1	237.809
1	255.068
1	208.775
1	176.372
1	218.084
1	221.161
1	251.615
1	151.733
1	212.148
1	175.47
1	197.374
1	191.766
1	174.277
1	181.065
1	156.834
1	244.806
1	167.521
1	242.691
1	152.776
1	243.464
1	287.544
1	157.134
1	220.156
1	160.509
1	148.656
1	192.394
1	212.85
1	129.06
1	173.584
1	247.003
1	307.981
1	168.847
1	187.618
1	217.581
1	168.272
1	210.878
1	226.413
1	184.267
1	283.862
1	242.687
1	196.197
1	387.929
1	144.557
1	183.713
1	151.575
1	180.335
1	189.701
1	256.029
1	194.794
1	159.37
1	189.174
1	172.738
1	173.212
1	150.05
1	227.605
1	253.681
1	224.81
1	232.29
1	202.966
1	138.108
1	272.932
1	169.449
1	249.011
1	217.662
1	180.808
1	204.836
1	174.853
1	170.394
1	202.573
1	166.278
1	199.717
1	162.343
1	157.853
1	280.354
1	134.772
1	201.497
1	244.736
1	286.999
1	193.486
1	247.535
1	168.626
1	132.279
1	243.043
1	154.205
1	205.672
1	200.918
1	216.914
1	199.617
1	116.27
1	303.783
1	249.639
1	126.634
1	222.961
1	184.221
1	153.075
1	174.517
1	183.133
1	157.424
1	264.595
1	155.519
1	258.065
0	48.7875
1	230.439
1	172.425
1	198.509
1	212.561
1	175.024
1	190.736
1	170.943
1	235.949
1	369.227
1	171.73
1	246.016
1	236.929
1	187.117
1	164.6
1	199.002
1	232.722
1	210.865
1	330.677
1	229.795
1	262.002
1	281.811
1	272.056
1	186.601
1	182.803
1	212.494
1	181.478
1	138.252
1	266.816
1	198.505
1	186.275
1	191.644
1	348.324
1	152.172
1	196.026
1	209.247
1	213.783
1	135.054
1	219.978
1	277.767
1	185.911
1	246.328
1	187.021
1	189.286
1	333.083
1	209.96
1	194.583
1	159.405
1	261.127
1	183.375
1	236.135
1	157.564
1	163.276
1	241.291
1	151.412
1	279.292
1	182.292
1	170.139
1	366.658
1	185.977
1	161.039
1	152.829
1	265.352
1	187.578
1	183.913
1	193.206
1	171.465
1	156.216
1	162.231
1	117.923
1	181.224
1	152.111
1	179.405
1	180.47
1	191.958
1	207.541
1	217.53
1	143.001
1	231.797
1	151.614
1	157.297
1	192.286
1	204.077
1	178.022
1	166.302
1	192.981
1	194.951
1	151.705
1	234.639
1	241.545
1	209.516
1	143.013
1	200.179
1	164.287
1	266.077
1	191.464
1	292.892
1	212.71
1	236.202
1	188.878
1	259.31
1	158.146
1	391.486
1	142.969
1	247.417
1	215.948
1	177.877
1	173.78
1	168.6
1	127.233
1	172.221
1	148.581
1	263.453
1	147.545
1	217.838
1	213.175
1	201.578
1	240.275
1	234.099
1	219.128
1	172.377
1	186.051
1	255.604
1	225.573
1	164.288
1	180.522
1	167.467
1	164.241
1	142.896
1	157.101
1	193.265
1	149.481
1	196.2
1	160.095
1	206.174
1	175.272
1	187.629
1	239.441
1	171.017
1	282.762
1	267.586
1	129.544
1	165.427
0	18.8735
1	247.614
1	220.946
1	225.959
1	187.818
1	183.306
1	138.592
1	237.355
1	182.219
1	192.107
1	181.97
1	227.942
1	290.173
1	236.619
1	177.635
1	171.337
1	201.568
1	167.165
1	104.935
1	203.451
1	208.058
1	237.941
1	200.697
1	394.614
1	189.475
1	179.741
1	213.049
1	196.671
1	148.227
1	161.14
1	203.629
1	257.601
1	171.393
1	130.746
1	222.862
1	125.285
1	211.099
1	179.154
1	179.007
1	167.983
1	187.202
1	173.793
1	230.987
1	173.147
1	150.208
1	249.124
1	226.146
1	232.251
1	169.408
1	155.323
1	146.624
1	210.948
1	274.272
1	146.388
1	215.928
1	326.054
1	207.544
1	202.54
1	182.015
1	153.131
1	165.618
1	221.479
1	220.437
1	143.262
1	133.516
1	200.014
1	177.764
1	171.764
1	199.731
1	216.101
1	176.684
1	204.396
1	205.429
1	188.96
1	141.808
1	203.985
1	151.935
1	181.031
1	216.205
1	204.783
1	464.115
1	154.634
1	180.65
1	210.315
1	229.547
1	210.802
1	188.652
1	153.8
1	194.474
1	247.898
1	158.135
1	178.504
1	121.821
1	263.252
1	195.922
1	190.922
1	312.069
1	154.061
1	157.75
1	134.718
1	202.881
1	201.918
1	170.911
1	172.382
1	166.227
1	195.197
1	168.592
1	149.755
1	199.363
1	150.964
1	203.88
1	408.854
1	189.264
1	230.282
1	250.881
1	254.355
1	185.111
1	286.213
1	276.38
1	190.944
1	216.914
1	186.229
1	161.28
1	252.46
1	239.507
1	155.908
1	180.528
1	267.77
1	180.671
0	31.2278
1	199.421
1	209.576
1	212.574
1	172.528
1	232.024
1	190.564
1	191.574
1	183.916
1	177.647
1	130.719
1	237.209
1	232.62
1	226.512
1	324.056
1	245.588
1	245.888
1	237.944
1	160.433
1	154.822
1	229.749
1	188.128
1	165.864
1	263.74
1	230.964
1	167.959
1	177.382
1	180.694
1	149.644
1	163.213
1	219.262
1	232.746
1	188.783
1	200.597
1	200.623
1	164.348
1	149.539
1	209.433
0	3.06668
1	292.263
1	160.04
1	287.49
1	233.686
1	182.422
1	173.254
1	167.959
1	180.096
1	187.329
1	236.624
1	167.84
1	305.461
1	276.045
1	179.663
1	230.874
1	208.659
1	263.491
1	267.42
1	205.639
1	150.203
1	169.105
1	168.895
1	190.316
1	177.559
1	120.886
1	203.77
1	195.913
1	178.279
1	113.542
1	161.058
1	194.422
1	193.733
1	166.48
1	142.927
1	224.998
1	196.9
1	267.411
1	245.866
1	180.238
1	199.572
1	209.299
1	283.717
1	175.692
1	187.877
1	168.715
1	207.295
1	176.328
1	362.251
1	178.032
1	235.952
1	166.533
1	158.041
1	234.721
1	157.129
1	291.77
1	159.433
1	310.715
1	175.765
1	166.341
1	244.199
1	189.756
1	195.15
1	243.416
1	247.04
1	275.333
1	261.334
1	203.899
1	192.656
1	166.753
1	146.477
1	217.256
1	196.689
1	211.717
1	168.009
1	228.534
1	222.433
1	243.567
1	187.366
1	139.994
1	313.938
1	189.656
1	209.758
1	251.415
1	216.842
1	214.756
1	268.474
1	176.957
1	214.523
1	150.577
1	138.011
1	186.489
1	180.575
1	265.166
1	234.344
1	236.21
1	153.738
1	164.358
1	176.977
1	161.287
1	184.602
1	158.736
1	275.061
1	195.618
1	244.487
1	258.514
1	192.56
1	258.107
1	237.859
1	239.579
1	180.481
1	242.696
1	164.56
1	218.926
1	223.107
1	173.277
1	228.083
1	168.834
1	329.683
1	136.368
1	263.755
1	140.133
1	166.829
1	175.973
1	180.223
1	152.58
1	192.103
1	150.848
1	240.699
1	226.457
1	130.899
1	134.107
1	140.053
1	173.732
1	181.133
1	259.233
1	148.638
1	243.826
1	176.654
1	184.114
1	165.935
1	150.755
1	138.597
1	138.884
1	258.533
1	216.308
1	177.368
1	222.218
1	234.972
1	166.428
1	284.149
1	210.129
1	147.058
1	135.803
1	209.561
0	48.2029
1	224.384
1	167.448
1	188.354
1	271.748
1	185.953
1	183.419
1	167.018
1	194.518
1	179.451
1	193.819
1	181.981
1	143.961
1	201.522
1	162.88
1	262.729
1	148.757
1	172.746
0	11.4357
1	258.743
1	210.893
1	181.162
1	214.414
1	202.258
1	188.737
1	186.392
1	156.746
1	223.469
1	146.477
1	178.06
1	172.001
1	197.97
1	173.006
1	247.881
1	202.99
1	176.085
1	186.563
1	136.023
1	142.615
1	218.138
1	161.566
1	188.99
1	220.991
1	224.494
1	171.28
1	217.045
1	149.534
1	305.936
1	200.357
1	156.76
1	174.746
1	166.21
1	122.77
1	278.256
1	184.025
1	130.571
1	185.734
1	247.563
1	193.087
1	221.285
1	197.52
1	185.659
1	211.877
1	183.537
1	210.717
1	254.316
1	309.445
1	211.095
1	180.746
1	184.217
1	246.295
1	148.288
1	228.719
1	186.43
1	131.939
1	165.963
1	169.039
1	173.011
1	218.736
1	130.148
1	313.713
1	186.621
1	170.656
1	303.15
1	217.681
1	198.022
1	157.23
1	209.781
1	167.588
1	192.693
1	212.669
1	152.069
1	149.397
1	209.256
1	161.415
1	249.575
1	204.866
1	216.163
1	275.26
1	139.269
1	165.197
1	203.447
1	295.709
1	177.962
1	170.235
1	248.765
1	140.968
1	163.428
1	199.902
1	148.505
1	181.356
1	137.48
1	161.689
1	246.479
1	176.285
1	164.468
1	172.353
1	147.329
1	251.917
1	312.512
1	167.184
1	157.96
1	204.647
1	142.436
1	184.168
1	194.913
1	182.709
1	198.608
1	137.608
1	199.154
1	168.338
1	211.216
1	123.331
1	194.487
1	153.891
1	252.594
1	231.325
1	189.901
1	225.332
1	137.959
1	136.648
1	131.953
1	138.697
1	232.612
1	312.506
1	290.671
1	169.151
1	176.187
1	135.022
1	173.297
1	157.392
1	205.482
1	253.512
1	244.874
1	246.623
1	241.937
1	166.749
1	186.194
1	443.512
1	291.293
1	181
1	151.122
1	175.048
1	226.415
1	170.952
1	193.219
1	154.693
1	217.224
1	267.343
1	216.819
1	242.874
1	170.271
1	104.604
1	164.676
1	167.692
1	150.19
0	28.663
1	166.71
1	189.33
1	210.29
1	181.781
1	124.602
1	129.77
1	335.291
1	263.336
1	269.162
1	126.265
1	164.07
1	136.804
1	212.893
1	216.772
1	278.421
1	165.591
1	207.505
1	268.4
1	138.108
1	129.263
1	193.485
1	117.81
1	204.757
1	191.691
1	206.659
1	128.371
1	188.034
1	170.688
1	190.061
1	192.401
1	172.84
1	215.758
1	158.43
1	211.759
1	220.704
1	173.875
1	179.309
1	157.653
1	234.71
1	169.226
1	147.58
1	272.434
1	211.057
1	294.847
1	195.237
1	247.229
1	209.959
1	126.801
1	309.448
1	231.176
1	180.35
1	236.409
1	235.559
1	177.747
1	142.038
1	284.742
1	186.985
1	146.314
1	169.769
1	221.843
1	232.849
1	183.845
1	194.492
1	170.953
1	208.338
1	122.131
1	179.546
1	134.031
1	201.785
1	130.969
1	144.682
1	158.531
1	135.543
1	273.632
1	334.769
1	243.261
1	174.31
1	342.239
1	161.16
1	139.74
1	201.485
1	240.686
1	215.315
1	222.271
1	191.366
1	236.18
1	157.062
1	238.609
1	222.612
0	13.9744
1	181.82
1	204.336
1	223.206
0	117.422
1	237.945
1	215.313
1	253.326
1	151.977
1	161.168
1	197.536
1	176.016
1	215.673
1	155.795
1	135.542
1	183.588
1	219.025
1	295.401
1	212.934
1	169.357
1	168.105
1	250.872
1	159.966
1	168.002
1	171.365
1	197.521
1	170.124
1	231.389
1	221.37
1	204.942
1	171.405
1	174.336
1	289.255
1	122.894
1	235.813
1	185.224
1	187.12
1	250.049
1	180.612
1	238.467
1	175.028
1	182.282
1	137.307
1	247.977
1	227.773
1	183.413
1	152.07
1	149.371
1	303.418
1	144.031
1	262.939
1	231.05
1	175.984
1	181.573
1	344.84
1	214.496
1	167.462
1	163.481
1	199.527
1	259.569
1	200.833
1	212.343
1	154.197
1	159.579
1	215.179
1	219.053
1	323.567
1	209.369
1	223.597
1	129.575
1	243.734
1	222.004
1	335.631
1	229.247
1	117.011
1	240.574
1	277.863
1	222.52
1	193.861
1	219.366
1	161.293
1	254.97
1	183.458
1	193.944
1	210.755
1	249.546
1	162.321
1	152.88
1	138.774
1	192.277
1	287.448
1	233.064
1	218.775
1	196.456
1	201.176
1	151.652
1	209.497
1	174.162
1	194.825
1	170.89
1	254.322
1	211.667
1	185.567
1	141.059
1	236.59
1	264.706
1	156.347
1	152.752
1	308.022
1	171.952
1	249.166
1	194.378
1	168.402
1	214.532
1	257.861
1	297.838
1	205.7
1	165.134
1	259.751
1	143.689
1	272.601
1	211.703
1	165.406
1	224.389
1	167.822
1	156.693
1	161.461
1	208.923
1	193.724
1	191.986
1	195.264
1	256.298
1	138.707
1	174.06
1	268.62
1	215.061
1	137.51
1	142.835
1	198.267
1	161.477
1	202.704
1	221.971
1	198.146
1	173.772
1	191.923
1	257.638
1	126.726
1	266.763
1	176.293
1	197.215
1	197.021
1	256.973
1	243.191
1	218.642
1	384.854
1	158.528
1	264.685
1	218.917
1	244.909
1	252.174
1	175.93
1	274.554
1	202.488
1	190.439
1	180.287
1	162.096
1	221.844
1	204.747
1	232.219
1	177.517
1	192.603
1	214.561
1	302.134
1	197.066
1	174.916
1	290.789
1	325.593
1	200.416
1	214.596
1	189.806
1	218.618
1	280.632
1	188.285
1	186.886
1	284.053
1	346.229
1	207.31
1	260.459
1	177.642
1	151.003
1	184.493
1	346.241
1	174.49
1	139.321
1	190.668
0	42.7232
1	214.442
1	344.698
1	145.384
1	494.721
1	176.788
1	218.199
1	161.353
1	122.243
1	278.234
1	184.512
1	201.417
1	190.767
1	168.716
1	201.687
1	205.893
1	143.488
1	249.505
1	248.247
1	193.659
1	171.732
1	120.531
1	164.944
1	163.689
1	353.039
1	203.799
1	205.683
1	145.951
1	186.294
1	177.142
1	223.476
1	177.362
1	157.141
1	164.424
1	247.916
1	155.239
1	224.594
1	171.451
1	187.356
1	205.981
1	153.694
1	209.871
1	285.867
1	200.861
1	254.569
1	147.163
1	244.62
1	200.048
1	203.606
1	203.253
1	160.766
1	152.94
1	183.269
1	271.433
1	198.485
1	126.965
1	120.956
1	209.338
1	203.788
1	227.002
1	205.534
1	170.001
1	137.988
0	40.6196
1	212.925
1	181.748
1	131.892
1	185.677
1	171.926
1	151.398
1	226.646
1	256.423
1	302.281
1	148.691
1	162.776
1	180.693
1	176.627
1	333.418
1	168.917
1	222.473
1	212.02
1	213.617
1	133.579
1	241.591
1	189.681
1	152.317
1	139.784
1	143.075
1	147.515
1	151.843
1	190.437
1	295.747
1	215.638
1	146.172
1	283.026
1	227.834
1	195.282
1	261.861
1	186.202
1	216.139
1	157.476
1	247.369
1	151.902
1	277.706
1	260.49
1	264.475
1	183.545
1	149.318
1	156.854
1	173.835
1	192.442
1	250.991
1	187.752
1	207.384
1	169.194
1	322.267
1	180.673
1	200.419
1	148.949
1	236.716
1	172.184
1	144.108
1	252.449
1	290.322
1	190.96
1	226.897
1	142.086
1	159.979
1	191.949
1	202.474
1	165.362
1	128.43
1	200.94
1	153.035
1	200.146
1	196.056
1	130.726
1	134.996
1	200.416
1	159.187
1	188.709
1	246.439
1	204.965
1	241.62
1	174.519
1	173.448
1	234.955
1	171.471
1	241.305
1	166.096
1	142.97
1	137.107
1	184.584
0	70.0927
1	203.841
1	194.115
1	196.491
1	281.145
1	152.114
1	243.963
1	190.432
1	163.436
1	162.735
1	143.122
1	224.549
1	219.852
1	152.229
1	189.626
1	202.645
1	131.356
1	164.99
1	177.905
1	120.331
1	178.056
1	162.333
1	169.991
1	239.836
1	230.072
1	203.352
1	163.072
1	211.072
1	148.041
1	333.96
1	164.725
1	202.828
1	280.071
1	212.961
1	181.246
1	270.78
1	220.855
1	168.708
1	130.042
1	142.893
1	181.002
1	189.708
1	154.879
1	141.037
1	156.506
1	227.635
1	242.869
1	203.129
1	178.478
1	156.571
1	198.755
1	210.766
1	153.775
1	192.492
1	225.409
1	155.04
1	140.884
1	158.036
1	223.599
1	229.78
1	232.294
1	251.525
1	144.63
1	313.882
1	226.533
1	191.32
1	247.998
1	276.63
1	219.009
1	159.359
1	161.096
1	176.319
1	174.836
1	161.291
1	234.651
1	176.715
1	229.893
1	310.168
1	179.011
1	180.528
1	147.394
1	192.664
1	219.481
1	167.746
1	211.319
1	304.522
1	208.557
1	248.509
1	196.881
1	165.7
1	129.04
1	203.398
1	157.351
1	226.633
1	209.959
1	144.291
1	152.142
1	190.87
1	218.12
1	274.605
1	291.678
1	169.152
1	333.638
1	217.515
1	195.17
1	232.853
1	222.016
1	205.832
1	179.136
1	153.525
1	148.584
1	165.925
1	153.318
1	154.509
1	226.863
1	163.163
1	171.903
1	171.515
1	189.226
1	218.511
1	173.603
1	178.174
1	182.34
1	261.018
1	190.265
1	217.395
1	179.458
1	161.122
1	186.937
1	153.152
1	154.147
1	150.646
1	288.037
1	185.915
1	253.161
1	184.031
1	226.714
1	215.754
1	170.38
1	221.66
1	169.969
1	210.445
1	282.574
1	243.415
1	202.138
1	176.385
1	150.619
1	167.212
1	220.378
1	218.301
1	216.75
1	262.572
1	306.318
1	254.864
1	232.187
1	246.19
1	173.027
1	177.993
1	214.561
1	171.926
1	183.176
1	191.091
1	163.714
1	296.62
1	223.364
1	200.795
1	125.038
1	238.331
1	266.594
1	183.627
1	179.962
1	181.666
1	202.641
1	179.822
1	160.592
1	194.973
1	143.543
1	172.34
1	166.712
1	152.955
1	254.36
1	203.584
1	253.287
1	163.275
1	210.447
1	169.662
1	138.898
1	155.563
1	229.984
1	188.99
1	144.499
1	169.701
1	206.083
1	205.83
1	159.29
1	178.249
1	143.977
1	185.924
1	241.915
1	164.465
1	169.22
1	315.806
1	152.376
1	186.823
1	123.703
1	165.879
1	272.451
1	233.353
1	209.683
1	305.259
1	137.37
1	232.581
1	224.652
1	194.154
1	158.723
1	153.812
1	196.617
1	173.481
1	121.33
1	139.307
1	242.351
1	251.215
1	124.728
1	164.412
1	167.353
1	139.615
1	264.494
1	186.78
1	231
1	175.426
1	183.961
1	165.097
1	199.865
1	198.622
1	121.344
1	180.006
1	303.648
1	168.013
1	232.711
1	179.443
1	291.395
1	203.897
1	204.076
1	227.381
1	198.816
1	139.021
1	193.31
1	167.519
1	186.151
1	236.692
1	289.352
1	189.965
1	173.094
1	207.968
1	222.107
1	192.905
1	152.173
1	139.947
1	233.889
1	259.193
1	200.007
1	210.924
1	270.544
1	185.39
1	190.132
1	183.155
1	260.222
1	287.03
1	248.043
1	241.922
1	194.077
1	141.905
1	169.212
1	306.738
1	189.083
1	141.523
1	195.28
1	205.111
1	202.233
1	148.478
1	185.64
1	214.352
1	188.909
1	161.915
1	147.584
1	197.308
1	232.242
1	210.955
1	153.266
1	241.109
1	161.487
1	149.419
1	184.527
1	156.618
1	172.37
1	239.741
1	215.449
1	167.918
1	213.363
1	183.506
1	130.86
1	173.493
1	150.534
1	204.235
1	198.119
1	152.814
1	149.399
1	245.7
1	183.215
1	296.156
1	218.036
1	203.689
1	164.584
1	236.1
1	244.19
1	132.874
1	282.874
1	137.698
1	207.417
1	200.13
1	165.916
1	144.753
1	123.745
1	356.529
1	120.857
1	248.465
1	249.113
1	162.043
1	219.564
1	228.33
1	247.797
1	213.675
1	140.201
1	140.655
1	140.713
1	255.705
1	186.573
1	158.87
1	223.575
1	243.613
1	170.225
1	173.364
1	227.226
1	226.696
1	233.548
1	241.748
1	207.55
1	318.11
1	353.978
1	158.27
1	172.479
1	252.206
1	163.324
1	148.904
1	124.804
1	173.143
1	239.982
1	125.479
1	176.038
1	203.068
1	258.156
1	212.583
1	182.297
1	125.001
1	202.773
1	169.263
1	148.643
1	180.104
1	204.628
1	177.427
1	160.302
1	133.385
1	120.783
1	218.188
1	183.828
1	188.971
1	182.442
1	146.102
1	197.398
1	148.762
1	211.505
1	219.888
1	263.068
1	265.171
1	346.716
1	182.456
1	153.434
1	174.201
1	178.693
1	246.801
1	216.315
1	198.189
1	179.604
1	183.675
1	208.151
1	130.187
1	375.911
1	270.065
1	217.71
1	149.806
1	195.54
1	146.343
1	157.973
1	246.132
1	161.271
1	147.9
1	146.129
1	202.761
1	185.4
1	299.378
1	217.582
1	150.087
1	156.721
1	242.323
1	192.11
1	142.926
1	239.033
1	205.149
1	288.765
1	147.112
1	190.11
1	222.563
1	257.644
1	225.468
1	137.027
1	149.774
1	188.202
1	183.706
1	236.585
1	192.881
1	197.199
1	257.317
1	414.079
1	196.285
1	179.244
1	250.227
1	153.246
1	209.997
1	183.251
1	193.228
1	295.315
1	140.585
1	160.765
1	249.695
1	228.256
1	234.78
1	261.277
1	212.009
1	168.915
1	159.344
1	142.869
1	213.385
1	323.149
1	172.455
1	245.232
1	126.014
1	246.954
1	188.814
1	170.399
1	157.281
1	199.6
1	157.776
1	139.064
1	192.377
1	160.328
1	280.329
1	154.238
1	244.267
1	158.589
1	151.547
1	213.877
1	138.736
1	197.699
1	196.674
1	289.06
1	167.308
1	159.384
1	209.462
1	206.774
1	189.158
1	180.787
1	253.384
1	232.554
1	169.443
1	229.713
1	309.089
1	171.905
1	189.924
1	218.347
1	173.835
1	173.184
1	163.951
1	283.866
1	207.767
1	196.649
1	152.855
1	212.334
1	195.622
1	138.518
1	286.545
1	156.245
1	224.732
1	204.768
1	280.882
1	252.546
1	268.859
1	214.838
1	250.029
1	225.902
1	282.167
1	162.779
1	153.745
1	142.073
1	329.837
1	155.956
1	210.312
1	191.771
1	180.949
1	166.422
1	136.323
1	198.768
1	302.179
1	158.982
1	160.693
1	153.26
1	172.197
1	176.188
1	258.203
1	147.832
1	165.972
1	169.878
1	227.412
1	169.502
1	239.285
1	261.425
1	163.376
1	224.36
1	166.298
1	170.438
1	137.207
1	182.807
1	305.163
1	220.092
1	273.877
1	153.255
1	252.171
1	162.873
1	157.21
1	213.986
1	190.297
1	316.52
1	158.773
1	162.092
1	184.989
1	182.115
1	147.451
1	188.329
1	144.72
1	200.624
1	202.104
1	207.391
1	258.548
1	183.225
1	165.061
1	266.829
1	196.336
1	263.434
1	196.1
1	173.794
1	181.006
1	157.628
1	229.83
1	232.627
1	128.772
1	119.478
1	141.279
1	242.575
1	249.11
1	145.337
1	295.844
1	165.467
1	198.916
1	215.769
1	168.986
1	130.969
1	237.598
1	159.346
1	231.852
1	183.868
1	192.46
1	172.588
1	162.55
1	259.062
1	210.255
1	333.071
1	197.113
1	229.724
1	192.212
1	151.098
1	170.322
1	150.419
1	142.766
1	201.305
1	158.792
1	298.302
1	188.104
1	133.39
1	161.412
1	214.262
1	255.268
1	197.158
1	230.028
1	167.496
1	144.048
0	3.76641
1	143.4
1	231.774
1	122.714
1	182.595
1	153.882
1	192.12
1	220.947
1	235.344
1	189.127
1	230.856
1	186.756
1	220.349
1	191.28
1	155.908
1	218.53
1	314.7
1	147.063
1	156.377
1	196.745
1	147.39
1	138.361
1	175.292
1	249.49
1	167.098
1	320.456
1	207.084
1	160.266
1	191.742
1	190.344
1	189.454
1	186.679
1	132.734
1	193.883
1	238.574
1	186.23
1	149.851
1	154.246
1	353.636
1	190.73
1	153.81
1	186.682
1	279.173
1	235.811
1	259.249
1	272.018
1	199.931
1	280.017
1	211.271
1	166.583
1	215.642
1	155.328
1	273.592
1	197.652
1	179.561
1	262.363
1	176.89
1	171.058
1	216.142
1	136.597
1	211.09
1	204.989
1	200.732
1	235.809
1	223.279
1	140.912
1	162.538
1	419.917
1	269.802
1	197.119
1	152.554
1	179.608
1	152.06
0	2.00803
1	177.327
1	216.838
1	174.842
1	178.788
1	183.123
1	260.167
1	146.83
1	214.498
1	154.552
1	125.14
1	209.502
1	162.153
1	175.489
1	167.294
1	148.547
1	206.906
1	328.53
1	240.223
1	260.149
1	156.066
1	249.565
1	197.002
1	180.144
1	245.457
1	205.427
1	197.107
1	255.342
1	230.402
1	207.517
1	201.557
1	134.055
1	161.918
1	231.273
1	198.713
1	187.586
1	177.732
1	163.211
1	179.702
1	141.795
1	145.239
1	155.989
1	178.853
1	255.77
1	198.005
1	354.102
1	186.185
1	175.761
1	191.759
1	228.274
1	188.929
1	141.344
0	72.3558
1	163.426
1	166.612
0	17.2315
1	194.203
1	228.253
1	301.408
1	221.074
1	200.463
1	142.147
1	240.668
1	159.245
1	180.933
1	206.423
1	208.063
1	233.599
1	164.928
1	387.312
1	174.873
1	133.842
1	245.771
1	180.546
1	206.654
1	230.301
1	190.041
1	155.182
1	190.232
1	153.404
1	202.28
1	233.983
1	306.497
1	218.857
1	269.551
1	250.567
1	237.534
1	207.705
1	264.638
1	239.54
1	164.784
1	173.693
1	133.486
1	203.295
1	236.76
1	157.756
1	188.487
1	194.217
1	176.776
1	258.591
1	224.128
1	131.514
1	215.493
1	164.867
1	235.587
1	240.331
1	182.782
1	246.039
1	238.682
1	391.58
1	141.692
1	191.899
1	154.434
1	206.653
1	151.396
1	283.282
1	158.62
1	218.5
1	143.477
1	252.327
1	184.177
1	245.435
1	143.844
1	215.633
1	246.038
1	211.09
1	223.262
1	169.567
1	309.187
1	184.467
1	185.268
1	173.801
1	249.87
1	221.497
1	157.426
1	243.109
1	305.412
1	162.4
1	224.673
1	136.13
1	137.927
1	222.656
1	270.319
1	153.663
1	248.66
1	174.237
1	149.888
1	158.791
1	168.173
0	26.1633
1	245.254
1	172.011
1	229.6
1	160.973
1	269.348
1	189.339
1	180.974
1	211.912
1	259.589
1	234.992
1	203.371
1	173.669
1	237.6
1	292.789
1	243.879
1	218.701
1	116.655
1	222.965
1	207.577
1	149.173
1	240.297
1	199.139
1	173.298
1	341.836
1	213.497
1	213.38
1	192.606
1	127.989
1	310.434
1	243.083
1	173.954
1	194.348
1	233.047
1	154.307
1	160.174
1	178.905
1	190.137
1	128.605
1	241.565
1	200.475
1	218.843
1	200.212
1	189.9
1	204.355
1	197.461
1	209.479
1	180.66
1	206.206
1	281.65
1	235.877
1	264.783
1	143.135
1	218.102
1	237.286
1	200.17
1	177.801
1	221.021
1	237.876
1	181.01
1	173.179
1	151.153
1	177.272
1	168.488
1	274.809
1	227.751
1	185.622
1	222.922
1	175.294
1	204.69
1	179.407
1	245.461
1	212.074
1	181.768
1	171.601
1	165.785
1	149.221
1	178.72
1	171.862
1	158.224
1	214.584
1	210.886
1	167.15
1	207.799
1	206.35
1	284.893
1	347.989
1	168.904
1	156.245
1	204.481
1	182.468
1	187.627
1	178.944
1	273.773
1	227.276
1	197.848
1	371.882
1	179.965
1	140.317
1	187.203
1	153.684
1	232.511
1	210.577
1	284.957
1	194.069
1	268.256
1	190.162
1	214.214
1	286.282
1	129.28
1	309.595
1	190.091
1	177.543
1	253.041
1	225.452
1	287.343
1	236.949
1	152.321
1	229.307
1	206.377
1	275.554
1	197.211
1	199.912
1	196.448
1	188.067
1	243.872
1	187
1	186.56
1	198.101
1	206.151
1	221.637
1	203.736
1	231.912
1	135.289
1	213.815
1	160.638
1	149.602
1	148.44
1	187.275
1	200.13
1	221.869
1	228.361
1	231.881
1	160.394
1	145.915
1	168.243
1	134.691
1	346.255
1	293.186
1	179.479
1	158.675
1	353.429
1	168.968
1	218.253
1	179.707
1	225.979
1	214.564
1	184.582
1	211.828
1	291.887
1	198.677
1	135.954
1	223.315
1	149.542
1	159.396
1	222.487
1	210.951
1	187.482
1	324.672
1	169.597
1	153.092
1	167.659
1	232.59
1	256.577
1	156.86
1	138.545
1	184.089
1	173.782
1	122.076
1	346.552
1	193.526
1	211.175
1	157.878
1	186.906
1	171.711
1	191.238
1	196.081
1	180.817
1	156.291
1	247.129
1	180.687
1	162.784
1	202.79
1	232.022
1	144.016
1	168.513
1	198.498
1	226.477
1	168.195
1	154.742
1	204.149
1	163.243
1	173.266
1	191.463
1	175.909
1	167.18
1	176.272
1	179.14
1	246.518
1	243.376
1	237.272
1	175.388
1	372.653
1	195.227
1	172.55
1	150.415
1	373.149
1	281.227
1	239.111
1	188.657
1	197.931
1	248.591
1	186.74
1	190.08
1	137.927
1	207.206
1	169.853
1	248.261
1	172.074
1	214.831
1	156.054
1	153.853
1	153.988
1	151.685
1	184.197
1	183.832
1	205.539
1	251.704
1	155.89
1	228.061
1	191.219
1	260.662
1	235.526
1	155.515
1	174.465
1	136.205
1	145.252
1	208.876
1	175.207
1	169.757
1	281.819
1	241.89
1	154.441
1	171.15
1	170.317
1	136.022
1	238.434
1	165.816
1	202.686
1	228.614
1	172.555
1	136.167
1	358.995
1	251.799
1	241.51
1	256.774
1	141.114
1	282.69
1	155.447
1	232.096
1	189.326
1	218.883
1	155.383
1	166.717
1	207.761
1	237.578
1	183.151
1	177.837
1	112.677
1	342.926
1	219.574
1	152.607
1	157.381
1	190.068
1	291.671
1	221.669
1	190.445
1	190.347
1	201.887
1	255.025
1	169.187
1	195.023
1	127.732
1	146.232
1	144.285
1	160.477
1	192.583
1	163.924
1	199.278
1	215.629
1	158.584
1	225.859
1	151.392
1	173.821
1	212.345
1	149.89
1	222.702
1	222.139
1	178.194
1	165.928
1	188.788
1	226.528
1	185.689
1	236.92
1	208.882
1	168.836
1	132.832
1	225.251
1	264.682
1	164.225
1	170.954
1	250.332
1	383.115
1	200.802
1	166.825
1	198.594
1	262.026
1	168.284
1	471.303
1	193.574
1	155.179
1	236.512
1	213.565
1	96.0458
1	154.854
1	170.707
1	240.598
1	281.357
1	219.093
1	171.93
1	342.691
1	182.032
1	213.464
1	254.821
1	278.942
1	176.689
0	1.47378
1	164.598
1	146.826
1	234.598
1	152.933
1	215.412
1	160.495
1	236.585
1	188.558
1	156.527
1	183.303
1	355.023
1	171.614
1	310.971
1	154.552
1	278.3
1	159.104
1	227.048
1	171.967
1	176.468
1	167.758
1	276.429
1	247.246
1	190.972
1	247.231
1	165.04
1	246.148
1	304.505
1	199.16
1	148.701
1	289.432
1	204.889
1	167.671
1	175.343
1	211.453
1	206.607
1	215.951
1	213.764
1	204.514
1	179.248
1	129.972
1	152.524
1	282.706
1	232.951
1	113.563
1	290.884
1	376.768
1	209.958
1	256.999
1	178.049
1	148.076
1	151.147
1	167.579
1	266.365
1	279.33
1	190.468
1	340.32
1	165.903
1	130.588
1	248.675
1	141.336
1	182.13
1	211.784
1	241.183
1	244.222
1	140.739
0	34.0843
1	295.593
1	233.164
1	218.22
1	164.617
1	184.502
1	191.342
1	179.678
1	265.165
1	233.387
1	242.518
1	200.062
1	232.091
1	250.533
1	227.914
1	202.078
1	173.238
1	139.733
1	277.293
1	183.773
1	175.092
1	307.173
1	298.433
1	152.335
1	185.943
1	199.955
1	194.814
1	167.342
1	129.88
1	169.894
1	279.001
1	167.312
1	350.523
1	159.712
1	193.177
1	159.141
1	187.558
1	189.079
1	195.795
1	214.451
1	206.915
1	225.644
1	199.597
1	224.134
1	215.476
1	203.332
1	193.92
1	208.849
1	226.684
1	192.013
1	195.715
1	144.174
1	152.195
1	195.729
1	311.381
1	264.331
1	189.626
1	147.489
1	235.993
1	237.051
1	191.11
1	233.805
1	268.237
1	134.899
1	275.057
1	137.652
1	182.759
1	252.912
1	232.941
1	286.977
1	295.792
1	213.786
1	228.12
1	243.179
1	177.252
1	209.908
1	180.027
1	240.359
1	196.671
1	337.518
1	236.486
1	244.448
1	175.507
1	196.247
1	159.387
1	207.201
1	195.265
1	195.201
1	163.728
1	119.374
1	148.224
1	246.82
1	136.74
1	142.013
1	169.339
1	285.609
1	159.359
1	251.532
1	182.637
1	162.162
1	114.004
1	162.038
1	187.692
1	159.812
1	151.482
1	203.779
1	122.124
1	222.612
1	217.951
1	182.937
1	245.078
1	180.686
1	193.248
1	203.818
1	185.084
1	156.886
1	153.058
1	215.754
1	191.877
1	307.575
1	252.255
1	148.539
1	206.815
1	192.628
1	172.106
1	224.908
1	159.019
1	196.095
1	153.581
1	127.814
1	135.875
1	215.341
1	191.378
1	231.984
1	152.054
1	237.618
1	185.543
1	176.198
1	153.946
1	221.658
1	236.408
1	228.917
1	180.652
1	137.898
1	223.224
1	280.454
1	209.642
1	175.899
1	219.142
1	192.172
1	130.539
1	231.832
1	187.947
1	142.062
1	208.655
1	177.733
1	173.601
1	144.474
1	143.91
1	128.518
1	213.393
1	156.409
1	276.396
1	162.168
1	184.844
1	236.745
1	189.367
1	246.803
1	172.888
1	253.986
1	158.189
1	158.981
1	167.66
1	165.833
1	172.792
1	173.038
1	178.593
1	205.916
1	278.948
1	247.999
1	210.595
1	208.762
1	251.901
1	214.171
1	155.485
1	129.709
1	279.749
1	223.095
1	206.948
1	176.187
1	206.267
1	184.144
1	185.627
1	193.088
1	215.501
1	168.643
1	274.439
1	176.757
1	212.08
1	217.287
1	220.183
1	205.634
1	169.536
1	174.474
1	168.283
1	370.473
1	140.892
1	215.262
1	255.988
1	203.755
1	250.738
1	183.467
1	198.722
1	209.326
1	145.381
1	134.598
1	156.643
1	170.534
1	232.798
1	199.745
1	174.486
1	246.231
1	295.968
1	155.641
1	242.106
1	165.575
1	156.856
1	150.685
1	214.466
1	173.339
1	281.775
1	171.876
1	164.056
1	233.725
1	199.605
1	178.453
1	167.841
1	183.665
1	150.646
1	239.343
1	208.026
1	170.086
1	156.369
1	284.279
1	151.87
1	227.333
1	376.168
0	45.9681
1	167.287
1	195.754
1	270.114
1	188.846
1	184.809
1	174.014
1	209.262
1	359.135
1	173.98
1	247.46
1	362.867
1	156.504
1	347.119
1	200.035
1	184.597
1	224.566
1	149.767
1	257.62
1	213.898
1	160.64
1	129.161
1	170.83
1	203.135
1	200.044
1	277.242
1	170.839
1	220.163
1	127.201
1	177.82
1	199.285
1	193.163
1	227.143
1	230.927
1	179
1	162.386
1	197.711
1	184.352
1	277.208
1	222.563
1	139.592
1	263.979
1	207.687
1	174.847
1	138.773
1	230.451
1	133.77
1	243.794
1	191.166
1	216.994
1	194.385
1	153.276
1	204.705
1	301.799
1	232.971
1	152.648
1	142.656
1	205.574
1	221.306
1	308.707
1	243.181
1	297.572
1	175.704
1	185.617
1	286.389
1	127.935
1	155.236
1	263.458
1	304.574
1	266.332
1	261.65
1	179.312
1	123.24
1	339.35
1	155.304
1	187.728
1	243.547
1	159.37
1	193.835
1	198.766
1	218.002
1	453.986
1	183.845
1	161.226
1	251.876
0	49.6694
1	205.965
1	191.493
1	225.074
1	200.947
1	185.111
1	134.781
1	160.642
1	205.034
1	215.89
1	234.222
1	210.112
1	162.251
1	201.943
1	195.603
1	214.339
1	167.445
1	222.19
1	179.752
1	293.188
1	188.356
1	216.784
1	164.785
1	162.664
1	193.367
1	198.192
1	167.394
0	2.21358
1	274.279
1	229.091
1	145.643
1	148.815
1	204.376
1	210.253
1	204.425
1	216.851
1	178.867
1	194.108
1	201.905
1	248.055
1	156.861
1	143.192
1	225.036
1	224.428
1	234.438
1	242.26
1	132.76
1	176.329
1	250.336
1	205.059
1	221.096
1	188.382
1	249.119
1	164.728
1	167.625
1	175.591
1	231.029
1	217.26
1	217.719
1	271.165
1	204.26
1	143.593
1	284.898
1	219.484
1	224.955
1	162.299
1	144.788
1	217.732
1	338.616
1	158.492
1	202.145
1	357.524
1	210.726
1	175.071
1	233.626
1	152.595
1	205.829
1	123.8
1	176.86
1	192.755
1	275.878
1	176.838
1	338.697
1	222.727
1	332.064
1	258.027
1	177.017
1	231.74
1	208.272
1	151.525
1	199.301
1	165.244
1	165.272
1	199.333
1	270.384
1	291.74
1	266.342
1	408.136
1	200.22
1	301.929
1	198.47
1	164.757
1	205.627
1	163.214
1	212.083
1	174.19
1	205.54
1	202.284
1	231.824
1	206.799
1	180.815
1	183.176
1	129.178
1	187.467
1	185.411
1	178.396
1	145.152
1	266.276
1	207.842
1	174.896
1	218
1	183.877
1	174.975
1	258.712
1	153.76
1	179.023
1	241.267
1	137.681
1	207.225
1	194.078
0	67.3164
1	188.838
1	309.243
1	216.986
1	273.193
1	167.071
1	214.023
1	185.078
1	215.574
1	126.759
1	189.883
1	214.033
1	204.552
1	251.566
1	217.326
1	225.673
1	183.765
1	228.208
1	235.697
1	318.734
1	162.996
1	171.297
1	157.43
1	243.939
1	248.158
1	171.38
1	187.551
1	189.844
1	153.566
1	183.362
1	154.544
1	129.562
1	292.06
0	40.6895
1	331.148
1	210.317
1	161.63
1	190.84
1	143.503
1	159.536
1	171.036
1	195.01
1	214.824
1	158.32
1	147.954
1	121.552
1	233.253
0	48.3992
1	188.033
1	242.396
1	186.032
1	278.395
1	174.124
1	268.157
1	187.467
1	270.075
1	255.365
1	219.224
1	250.843
1	156.763
1	166.649
1	177.75
1	166.89
1	170.983
1	239.192
1	206.995
1	195.928
1	254.546
1	189.119
1	177.605
1	172.941
1	173.005
1	227.483
1	170.914
1	201.445
1	101.235
1	194.373
1	280.906
1	187.949
1	219.571
1	192.232
1	282.202
1	245.144
1	228.644
1	231.701
1	157.339
1	220.99
1	220.595
1	192.027
1	135.718
1	189.188
1	308.163
1	200.498
1	204.656
1	163.245
1	150.849
1	122.034
1	180.82
1	212.051
1	145.645
1	200.137
1	255.562
1	173.394
1	195.766
1	234.154
1	196.726
1	132.016
1	182.392
1	149.23
1	160.298
1	219.03
1	301.163
1	128.455
1	138.772
1	155.247
1	142.971
1	213.24
1	154.339
1	225.462
1	207.333
1	169.106
1	227.347
1	143.91
1	176.523
1	221.836
1	156.82
1	231.301
1	167.454
1	180.258
1	190.333
1	133.072
1	370.964
1	216.89
1	150.285
1	193.991
1	172.047
1	221.193
1	214.374
1	142.814
1	180.934
1	214.585
1	194.531
1	175.664
1	210.752
1	108.716
1	223.409
1	206.48
1	178.155
1	323.221
1	225.671
1	155.614
1	294.89
1	213.503
1	202.403
1	297.973
1	170.604
1	254.976
1	168.899
1	202.102
1	205.168
1	184.868
1	197.789
1	178.147
1	219.13
1	253.677
1	165.988
1	189.511
1	190.074
1	199.722
1	269.584
1	144.598
1	141.174
1	270.518
1	325.675
1	163.804
1	170.321
1	200.817
1	217.669
1	193.509
1	204.565
1	193.51
1	228.34
1	214.132
1	304
1	171.734
1	265.074
1	192.884
1	166.517
1	277.542
1	143.562
1	149.263
1	155.383
1	137.291
1	183.603
1	205.797
1	344.842
1	198.616
1	179.505
1	239.897
1	212.083
1	230.655
1	202.24
1	187.581
1	143.423
1	210.312
1	203.721
1	160.527
1	128.017
1	261.899
1	119.482
1	167.345
1	321.906
1	209.381
1	332.5
1	357.761
1	156.222
1	183.044
1	159.229
1	207.35
1	147.468
1	141.734
1	247.92
1	239.62
1	234.424
1	145.657
1	296.223
1	244.081
1	254.165
1	191.539
1	196.138
1	184.856
1	138.814
1	249.399
1	228.417
1	159.075
1	181.517
1	169.89
1	196.318
1	305.495
1	242.752
1	216.998
1	210.488
1	237.444
1	214.113
1	143.613
1	188.354
1	280.289
1	203.052
1	215.523
1	152.842
1	262.776
1	181.628
1	108.151
1	209.436
1	215.369
1	139.756
1	191.239
1	164.847
1	200.411
1	199.072
1	219.48
1	277.277
1	243.4
1	178.863
1	125.733
1	163.263
1	183.359
1	152.609
1	192.849
1	245.05
1	180.024
1	153.876
1	333.644
1	141.393
1	197.925
1	209.19
1	174.357
1	164.484
1	171.634
1	250.331
1	117.19
1	219.058
1	184.755
1	342.897
1	178.046
1	147.691
1	305.695
1	129.922
1	225.93
1	192.633
1	134.43
1	300.018
1	227.192
1	211.477
1	168.011
1	191.847
1	153.857
1	126.492
1	153.261
1	161.407
1	158.444
1	163.543
1	192.822
1	229.872
1	166.407
1	177.337
1	242.139
1	182.547
1	137.176
1	277.265
1	202.653
1	150.028
1	167.836
1	163.93
1	258.455
1	189.883
1	184.773
1	213.051
1	240.469
1	223.866
1	210.302
1	234.425
1	197.358
1	255.065
1	133.175
1	162.938
1	199.752
1	213.777
1	257.358
1	224.701
1	243.403
1	178.553
1	188.12
1	271.965
1	147.151
1	201.768
1	233.345
1	202.289
1	232.239
1	174.497
1	180.974
1	327.377
1	127.746
1	202.985
1	241.646
1	217.998
1	231.08
1	167.995
1	180.352
1	194.64
1	146.899
1	291.563
1	156.864
1	195.778
1	218.137
1	217.707
1	169.815
1	198.788
1	237.938
1	156.067
1	348.065
1	326.141
1	147.775
1	431.408
1	206.06
1	174.956
1	181.043
1	170.572
1	199.448
1	169.105
1	193.644
1	211.291
1	184.066
1	173.653
1	200.964
1	158.575
1	211.054
1	196.672
1	152.102
1	249.504
1	164.587
1	178.194
1	143.482
1	249.282
1	165.067
1	244.766
1	293.511
1	237.152
1	208.989
1	155.518
1	172.133
1	205.962
1	214.361
1	219.887
1	176.12
1	192.6
1	148.053
1	157.468
1	141.008
1	226.654
1	253.401
1	208.84
1	183.376
1	220.982
1	145.592
1	256.413
1	171.062
1	202.158
1	167.055
1	180.22
1	183.149
1	199.893
1	184.672
1	179.49
1	152.825
1	176.172
1	208.05
1	256.739
1	231.117
1	286.925
1	172.845
1	158.26
1	114.535
1	175.189
1	134.502
1	184.884
1	207.774
1	309.586
1	199.019
1	149.918
1	163.33
1	152.588
1	131.445
1	246.241
1	205.982
1	211.444
1	178.818
1	248.555
1	165.961
1	172.424
1	246.356
1	212.528
1	211.269
1	170.104
1	185.815
1	195.283
1	140.611
1	185.806
1	206.372
1	218.047
1	231.199
1	196.157
1	192.083
1	135.635
1	167.256
1	199.105
1	250.929
1	213.687
1	217.25
1	424.025
1	256.211
1	226.735
1	169.937
1	250.398
1	159.539
1	193.009
1	177.01
1	179.076
1	257.852
1	146.358
1	160.225
1	246.308
1	239.733
1	223.957
1	176.529
1	263.073
1	186.883
1	139.787
1	169.111
1	192.843
1	204.216
1	182.752
1	182.909
1	245.379
1	142.512
1	371.528
1	162.085
1	131.071
1	245.522
1	395.258
1	197.594
1	201.084
1	151.574
1	213.158
1	144.639
1	263.249
1	179.706
1	205.675
1	175.52
1	227.634
1	231.098
1	200.511
1	220.982
1	251.49
1	167.76
1	282.524
1	235.359
1	230.506
1	213.456
1	157.382
1	203.066
1	121.631
1	174.241
1	160.345
1	306.279
1	208.824
1	172.474
1	120.84
1	232.242
1	278.86
1	257.913
1	185.259
1	143.823
1	255.617
1	164.742
1	163.817
1	162.148
1	247.185
1	279.234
1	137.942
1	191.405
1	201.02
1	163.855
1	160.088
1	159.636
1	160.308
1	157.917
1	191.445
1	181.991
1	159.059
1	144.59
1	232.023
1	164.05
1	186.829
1	192.996
1	110.253
1	311.833
1	258.114
1	168.875
1	175.76
1	200.892
1	167.174
1	190.065
1	299.099
1	210.246
1	420.469
1	277.893
1	274.269
1	210.855
1	163.365
1	195.941
1	163.006
1	194.2
1	220.815
1	158.05
1	135.98
1	201.636
1	236.999
1	262.887
1	197.709
1	196.824
1	228.479
1	161.466
1	144.874
1	197.003
1	189.15
1	147.154
1	157.389
1	261.989
1	134.85
1	208.401
1	184.674
1	182.178
1	214.722
1	220.045
1	135.616
1	160.313
1	155.528
1	235.851
1	267.448
1	172.549
1	164.397
1	123.399
1	202.117
1	214.82
1	236.24
1	238.226
1	196.659
1	208.14
1	269.187
1	282.908
1	180.12
1	235.374
1	151.962
1	201.109
1	209.518
1	163.96
1	388.412
1	174.374
1	340.557
1	182.854
1	258.661
1	221.369
1	203.815
1	197.844
1	145.952
1	230.389
1	190.723
1	239.357
1	170.961
1	245.494
1	161.005
1	210.835
1	187.199
1	240.228
1	266.035
1	216.076
1	175.768
1	126.191
1	176.594
1	126.45
1	213.804
1	220.249
1	117.731
1	165.555
1	198.26
1	154.908
1	165.576
1	188.185
1	138.561
1	214.94
1	230.127
1	236.95
1	209.599
1	210.139
1	187.392
1	148.098
1	151.87
1	164.872
1	161.873
1	287.309
1	202.342
1	139.627
1	231.484
1	151.488
1	346.692
1	147.583
1	193.652
1	194.509
1	131.499
1	158.489
1	226.742
1	202.601
1	171.443
1	186.661
1	170.621
1	170.96
1	160.197
1	152.712
1	192.396
1	179.233
1	286.643
1	254.484
1	225.498
1	253.424
1	167.76
1	171.535
1	165.159
1	290.06
1	149.625
1	282.994
1	245.249
1	142.18
1	232.44
1	235.493
1	141.894
1	276.944
1	176.454
1	147.24
1	170.372
1	258.613
1	238.368
1	204.923
1	181.836
1	162.976
1	190.468
0	1.71291
1	239.977
1	226.08
1	254.818
1	114.331
1	230.994
1	179.974
1	163.348
1	139.399
1	191.188
1	190.119
1	169.142
1	247.54
1	202.495
1	302.572
1	144.236
1	195.368
1	216.662
1	268.1
1	160.7
1	127.659
1	139.746
1	185.258
1	207.621
1	254.863
1	338.007
1	181.213
1	115.951
1	158.269
1	214.892
1	220.997
1	175.128
1	241.139
1	423.893
1	223.802
1	172.378
1	222.217
1	141.851
1	206.297
1	202.163
1	113.479
1	457.681
1	167.892
1	227.652
1	200.239
1	217.83
1	217.236
1	229.569
1	175.943
1	172.418
1	118.287
1	159.125
1	148.716
1	167.141
1	196.134
1	144.323
1	152.748
1	162.149
1	196.192
1	165.577
1	253.521
1	204.065
1	133.744
1	163.495
1	223.739
1	322.352
1	159.912
1	155.405
1	188.672
1	211.443
1	222.253
1	186.315
1	151.231
1	238.515
1	171.3
1	173.28
1	204.642
1	252.208
1	246.095
1	196.916
1	280.1
1	199.965
1	312.224
1	250.346
1	271.06
1	186.602
1	308.634
1	137.99
1	154.28
1	344.426
1	293.938
1	163.311
1	186.847
1	234.037
1	192.651
1	172.707
1	308.913
1	235.492
1	141.64
1	178.585
1	167.797
1	216.935
1	242.515
1	232.534
1	188.285
1	192.52
1	155.469
1	214.291
1	166.142
1	174.95
1	165.99
1	183.146
1	209.161
1	157.877
1	241.868
1	187.515
1	204.122
1	235.118
1	246.198
1	201.745
1	188.34
1	220.958
1	167.834
1	201.37
1	165.931
1	290.622
1	282.782
1	327.56
1	254.27
1	343.988
1	198.316
1	311.959
1	181.593
1	175.311
1	188.089
1	195.264
1	248.633
1	171.649
1	276.609
1	208.714
1	248.239
1	192.926
1	240.33
1	153.922
1	255.977
1	240.522
1	128.398
1	184.703
1	179.011
1	223.212
1	284.003
1	215.784
1	200.493
1	199.868
1	170.422
1	221.962
1	276.065
1	253.982
1	208.303
1	247.686
1	236.141
0	28.6818
1	248.921
1	218.781
1	126.209
1	228.113
1	222.836
1	193.412
1	230.966
1	218.759
1	229.011
1	223.972
1	279.011
1	183.436
1	232.769
1	185.994
1	223.061
1	264.023
1	275.751
1	218.544
1	210.367
1	242.98
1	161.542
1	290.439
1	262.886
1	171.719
1	175.403
1	331.046
1	229.445
1	207.054
1	169.398
1	236.588
1	154.502
1	211.028
1	196.921
1	184.857
1	187.34
1	163.649
1	239.708
1	221.337
1	162.178
1	163.006
1	149.449
1	204.496
1	197.328
1	234.819
1	216.666
1	177.022
1	188.553
1	155.739
1	209.234
1	223.284
1	233.578
1	161.599
1	141.882
1	247.474
1	224.267
1	267.542
1	224.767
1	209.745
1	284.821
1	148.045
1	205.918
1	132.137
1	132.989
1	201.105
1	178.085
1	177.912
1	195.369
1	189.724
1	204.836
1	171.116
1	191.237
1	228.78
1	274.005
1	143.346
1	171.908
1	293.564
1	144.179
1	224.795
1	239.424
0	17.7107
1	230.903
1	164.206
1	217.211
1	151.366
1	187.025
1	205.882
1	193.75
1	188.749
1	214.33
1	199.572
1	145.147
1	163.948
1	207.134
1	299.679
1	131.66
1	195.725
1	251.98
1	254.563
1	200.155
1	225.679
1	267.966
1	195.282
1	199.12
1	190.754
1	191.099
1	250.124
1	212.998
1	331.292
1	205.326
1	296.736
1	165.449
1	241.166
1	207.931
1	186.812
1	188.748
1	244.211
1	151.495
1	237.09
1	159.927
1	162.776
1	254.203
1	211.384
1	240.884
1	248.402
1	240.158
1	379.817
1	133.876
1	220.409
1	240.854
1	144.296
1	261.677
1	166.21
1	140.033
1	186.945
1	266.419
1	154.78
1	214.207
1	164.443
1	208.251
1	193.51
1	171.709
1	133.629
1	153.798
1	267.63
1	137.053
1	242.022
1	175.364
1	126.757
1	119.696
1	278.973
1	178.792
1	165.132
1	174.278
1	264.511
1	197.7
1	188.545
1	224.449
1	263.885
0	17.9817
1	199.007
1	235.833
1	125.956
1	196.668
1	182.712
1	249.02
1	269.616
1	184.261
1	201.34
1	213.069
1	265.47
1	147.724
1	274.606
1	341.501
1	150.475
1	232.576
1	221.576
1	181.56
1	220.951
1	144.451
1	210.339
1	217.053
1	249.506
1	190.135
1	227.603
1	270.842
1	242.667
1	164.664
1	254.81
1	238.6
1	218.235
1	272.801
1	207.868
1	149.711
1	238.424
1	192.789
1	181.97
1	187.924
1	121.821
1	246.207
1	211.059
1	249.04
1	227.209
1	241.798
1	234.936
1	190.943
1	194.015
1	210.387
1	182.645
1	160.992
1	184.363
1	169.987
1	158.038
1	369.598
1	264.446
1	161.256
1	245.108
1	234.613
1	220.02
1	169.137
1	158.608
1	266.054
1	192.484
1	188.838
1	217.074
1	164.009
1	241.15
1	140.075
1	282.931
1	168.256
1	147.961
1	233.807
1	205.415
1	187.988
1	150.692
1	281.436
1	139.367
1	203.889
1	199.343
1	167.702
1	151.737
1	171.938
1	259.144
1	209.412
1	233.462
1	152.121
1	218.306
1	240.331
1	244.518
1	249.325
1	193.15
1	185.356
1	129.7
1	279.583
1	211.569
1	156.028
1	306.968
1	164.346
1	284.758
1	183.707
1	224.629
1	229.384
1	153.429
1	193.237
1	211.299
1	214.538
1	228.135
1	180.304
1	220.839
1	150.146
1	179.012
1	168.419
1	222.522
1	208.437
1	218.911
1	189.244
1	370.387
1	187.344
1	152.282
1	236.492
1	221.379
1	138.19
1	150.239
1	185.097
1	195.38
1	170.068
1	195.834
1	302.982
1	135.541
1	176.702
1	242.782
1	194.635
1	207.634
1	197.853
1	205.654
1	162.467
1	215.119
1	268.208
1	290.682
1	161.761
1	134.799
1	285.18
1	215.781
1	190.237
1	160.42
1	233.689
1	192.658
1	141.993
1	170.472
1	148.511
1	204.387
1	181.214
1	179.921
1	181.605
1	173.24
1	205.339
1	165.948
0	58.0908
1	189.496
1	172.362
1	140.228
1	106.777
1	156.053
1	285.477
1	170.841
1	169.399
1	271.921
1	243.232
1	159.629
1	225.58
1	171.774
1	242.937
1	227.657
1	185.209
1	163.725
1	164.196
1	135.294
1	156.702
1	210.694
1	176.388
1	277.588
1	262.347
1	225.42
1	152.008
1	181.778
1	154.899
1	192.482
1	157.419
1	155.589
1	280.511
1	258.528
1	188.834
1	209.543
1	167.948
1	174.593
1	166.983
1	161.662
1	211.845
1	251.464
1	324.891
1	166.656
1	149.905
1	203.667
1	237.069
1	200.344
1	204.597
1	154.184
1	185.808
1	180.773
1	233.501
1	170.912
1	246.325
1	131.769
1	198.929
1	308.169
1	221.927
1	136.702
1	173.387
1	158.086
1	250.421
1	213.104
1	203.7
1	254.475
1	195.213
1	177.481
1	182.394
1	305.924
1	245.995
1	305.044
1	173.333
1	219.199
1	145.404
1	260.438
1	175.709
1	302.136
1	176.091
1	208.886
1	185.662
1	203.984
1	393.484
1	264.518
1	350.595
1	157.378
1	251.022
1	238.461
1	136.316
1	201.488
1	155.689
1	191.329
1	196.759
1	228.303
1	158.552
1	210.513
1	173.573
1	226.75
1	157.582
1	208.754
1	249.34
1	255.111
1	463.557
1	169.104
1	144.612
1	158.103
1	188.712
1	187.54
1	265.366
1	333.981
1	223.553
1	234.552
1	215.183
1	189.805
1	168.385
1	178.258
1	222.387
1	162.464
1	246.896
1	228.021
1	171.995
1	142.646
1	219.948
1	187.5
1	180.196
1	220.304
1	337.166
1	232.858
1	256.534
1	175.989
1	171.42
1	253.626
1	198.943
1	249.941
1	135.631
1	161.577
1	351.67
1	188.26
1	171.984
1	224.03
1	272.44
1	198.329
1	182.312
1	169.697
1	206.286
1	145.388
1	136.981
1	179.086
1	199.29
1	284.964
1	134.932
1	163.375
1	226.461
1	183.109
1	340.58
1	189.524
1	167.42
1	156.353
1	197.577
1	190.705
1	268.223
1	288.958
1	164.099
1	147.573
1	172.842
1	265.007
1	182.71
1	245.773
1	150.387
0	11.6775
1	144.389
1	243.642
1	183.004
1	161.742
1	218.028
1	259.662
1	206.375
1	160.386
1	223.169
1	137.717
1	184.184
1	160.798
1	164.018
1	268.321
1	183.838
1	193.167
1	156.648
1	175.911
1	242.328
1	197.851
1	158.312
1	266.935
1	232.294
1	182.448
1	181.173
1	255.533
1	327.316
1	174.584
1	118.022
1	253.186
1	269.853
1	138.549
1	259.033
1	191.612
1	143.362
1	197.861
1	221.961
1	196.66
1	166.091
1	179.709
0	77.5516
1	134.475
1	214.62
1	201.63
1	199.24
1	185.088
1	157.751
1	168.638
1	139.447
1	153.481
1	228.512
1	125.229
1	277.713
1	172.778
1	257.292
1	197.116
1	251.311
1	230.136
1	218.513
1	189.416
1	238.325
1	177.37
1	199.144
1	256.596
1	213.08
1	248.671
1	173.645
1	151.789
1	282.098
1	220.835
1	166.228
1	144.689
1	174.226
1	193.517
1	142.936
0	53.3456
1	323.403
1	223.92
1	153.729
1	153.553
1	191.341
1	261.816
1	143.858
1	148.819
0	95.1756
1	156.112
1	239.537
1	194.478
1	164.504
0	6.19792
1	225.974
1	153.249
1	207.427
1	196.777
1	145.618
1	185.548
1	178.845
1	230.506
1	187.941
1	203.519
1	168.722
1	207.075
1	157.797
1	223.948
1	137.475
1	197.604
1	149.088
1	198.09
1	192.319
1	194.603
1	207.742
1	154.347
1	240.761
1	171.382
1	203.89
1	153.591
1	151.504
1	299.786
1	120.973
1	233.354
1	279.713
1	207.204
1	233.907
1	146.971
1	225.276
1	221.013
1	238.452
1	326.29
1	172.651
1	157.711
1	158.469
1	191.172
1	174.16
1	181.383
1	219.252
1	164.923
1	147.407
1	292.074
1	258.454
1	162.123
1	189.264
1	194.685
1	168.928
1	231.328
1	296.008
1	202.635
1	216.889
1	194.384
1	227.299
1	255.994
1	288.27
1	140.997
1	312.562
1	187.817
1	129.723
1	261.318
1	217.533
1	171.005
1	262.305
1	171.725
1	191.028
1	192.354
1	161.871
1	155.774
1	160.645
1	188.56
1	233.031
1	246.343
1	173.307
1	214.42
1	142.507
1	230.903
1	182.308
1	206.424
1	221.149
1	218.536
1	211.898
1	278.456
1	176.709
1	259.886
1	168.785
1	241.221
1	176.212
1	173.587
1	129.165
1	201.985
1	213.203
1	245.74
1	322.184
1	137.819
1	182.027
1	141.915
1	404.969
1	181.441
1	161.178
1	163.291
1	142.71
1	192.894
1	136.956
1	170.025
1	171.441
1	173.569
1	247.86
1	203.52
1	184.373
1	209.628
1	228.902
1	254.04
1	190.253
0	189.889
1	228.435
1	200.443
1	167.992
1	264.143
1	130.633
1	204.483
1	203.834
1	223.823
1	135.857
0	61.2917
1	205.931
1	209.557
1	264.813
1	228.286
1	202.091
1	236.538
1	159.089
1	169.195
1	195.765
1	172.496
1	152.713
1	228.065
1	204.965
1	279.923
1	155.41
1	266.639
1	185.115
1	140.247
1	256.84
1	134.008
1	200.78
1	185.765
1	199.865
1	220.271
1	238.297
1	290.394
1	142.3
1	243.836
1	193.859
1	197.654
1	142.052
1	206.458
1	181.842
1	185.376
1	147.341
1	230.766
1	160.397
1	183.116
1	169.841
1	134.231
1	237.465
1	157.344
1	157.768
1	161.096
1	141.141
1	141.435
1	119.086
1	158.642
1	253.335
1	219.25
1	141.217
1	418.351
1	269.905
1	175.765
1	243.277
1	163.406
1	243.481
1	215.117
1	208.919
1	211.995
1	118.085
1	183.555
1	221.484
1	156.781
1	241.116
1	114.183
1	185.458
1	175.953
1	217.031
1	143.043
1	223.089
1	230.065
1	151.252
1	577.635
1	237.575
1	354.515
1	157.498
1	256.386
1	222.918
1	254.142
1	311.482
1	169.226
1	189.799
1	227.446
1	149.082
1	148.7
1	117.948
1	185.615
1	180.203
1	164.884
1	307.075
1	156.448
1	221.997
1	137.506
1	143.591
1	161.371
1	188.778
1	156.215
1	186.119
1	209.91
1	296.891
1	190.592
1	151.791
1	155.632
1	170.67
1	175.149
1	169.09
1	237.53
1	158.254
1	266.943
1	282.545
1	208.039
0	7.48723
1	278.6
1	224.934
1	248.186
1	161.391
1	176.424
1	350.42
1	154.705
1	310.1
1	172.472
1	270.722
1	189.034
1	212.357
1	141.561
1	137.231
1	282.266
1	171.64
1	177.171
1	180.395
1	255.883
1	197.327
1	239.041
1	206.212
1	187.075
1	161.468
1	198.374
1	158.294
1	170.783
0	0.0254995
1	167.687
1	201.797
1	181.791
1	253.148
1	176.589
1	174.878
1	180.151
1	139.201
1	274.948
1	167.454
1	188.891
1	202.069
1	150.165
1	186.75
1	300.479
1	113.61
1	294.592
1	205.937
1	256.59
1	243.143
1	177.877
1	280.803
1	195.243
1	234.999
1	179.59
1	195.94
1	287.634
1	295.542
1	144.202
1	233.511
1	174.78
1	294.154
1	201.637
1	234.964
1	181.751
1	200.766
1	154.209
1	149.252
1	132.163
1	172.7
1	293.487
1	227.779
1	153.11
1	205.579
1	191.535
1	159.196
1	154.637
1	177.745
1	215.826
1	211.174
1	159.109
1	301.955
1	198.527
1	191.834
1	153.366
1	187.845
1	130.763
1	180.236
1	213.563
1	153.495
1	283.735
1	171.301
1	207.823
1	183.928
1	130.941
1	152.941
1	208.663
1	316.606
1	268.664
1	310.818
1	274.359
1	153.74
1	169.096
1	164.445
1	191.631
1	259.526
1	147.428
1	209.524
1	209.167
1	177.917
1	296.321
1	149.886
1	293.107
1	260.153
1	333.986
1	191.37
1	284.013
1	202.526
1	171.515
1	192.236
1	225.122
1	141.622
1	185.75
1	177.452
1	134.828
1	166.575
1	179.074
1	170.093
1	170.996
1	262.915
1	194.319
1	144.802
1	170.463
1	174.308
1	200.234
1	254.42
1	207.987
1	161.513
1	173.945
1	203.491
1	252.487
1	176.714
1	213.462
1	290.694
1	300.493
1	171.445
1	217.355
1	257.126
1	227.146
1	221.077
1	161.408
1	256.258
1	175.403
1	243.795
1	160.11
1	228.788
1	168.024
1	177.035
1	147.793
1	175.296
1	135.349
1	155.927
1	155.671
1	344.638
1	211.516
1	161.755
1	197.699
1	247.13
1	231.433
1	148.65
1	143.475
1	290.686
1	161.457
1	179.752
1	268.808
1	209.78
1	147.404
1	165.724
1	228.98
1	158.29
1	227.692
1	227.594
1	150.957
1	150.813
1	277.683
1	231.709
1	173.216
1	148.793
1	207.375
1	180.349
1	210.456
1	177.743
1	154.66
1	194.675
1	206.592
1	98.5837
1	216.422
1	351.596
1	143.995
1	150.778
1	221.428
1	242.987
1	203.296
1	172.416
1	240.892
1	264.096
1	195.309
1	217.953
1	269.79
1	159.066
1	219.342
1	199.39
1	151.863
1	237.65
1	174.96
1	191.028
1	229.735
1	260.082
1	228.591
1	167.789
1	194.674
1	209.036
1	262.413
1	190.913
1	165.216
1	286.14
1	223.734
1	187.435
1	178.559
1	145.758
1	167.06
1	133.83
1	179.424
1	212.206
1	173.222
1	197.336
1	255.161
1	192.605
1	136.705
1	153.755
1	179.697
1	149.519
1	173.176
1	160.814
1	179.907
1	174.226
1	151.544
1	208.933
1	204.686
1	223.21
1	237.193
1	214.409
1	197.081
1	134.762
1	177.611
1	208.216
1	146.8
1	196.967
1	168.454
1	197.471
1	252.774
1	230.073
1	232.959
1	189.887
1	201.663
1	205.024
1	220.125
1	187.448
1	245.91
1	149.23
1	190.134
1	203.701
1	211.423
1	244.648
1	188.543
1	209.053
1	255.017
1	262.262
1	171.975
1	219.063
1	204.006
1	212.897
1	192.708
1	185.275
1	170.401
1	342.191
1	190.09
1	197.563
1	191.886
1	197.604
1	211.722
1	181.668
1	193.358
1	184.876
1	192.79
1	230.48
1	215.238
1	142.435
1	198.903
1	187.33
1	166.744
1	133.828
1	195.319
1	156.871
1	166.926
1	148.089
1	147.766
1	197.016
1	155.93
1	240.328
1	220.455
1	166.111
1	219.425
1	164.717
1	144.561
1	281.714
1	150.388
1	219.682
1	232.647
1	224.099
1	210.25
1	169.33
1	223.54
1	185.296
1	276.438
1	175.263
1	149.344
1	171.324
1	197.188
1	155.931
1	197.042
1	153.26
1	202.173
1	168.058
1	331.578
1	209.4
1	205.514
1	146.906
1	218.28
1	214.324
1	132.897
1	158.988
1	201.528
1	190.883
1	139.845
1	219.547
1	213.237
1	242.472
1	277.36
1	155.608
1	201.48
1	191.786
1	170.727
1	122.42
1	203.902
1	209.281
1	315.641
1	211.646
1	191.717
1	151.061
1	174.051
1	178.73
1	141.553
1	186.832
1	146.758
1	210.557
1	205.247
1	204.032
1	175.605
1	228.563
1	170.797
1	134.144
1	191.189
1	137.46
1	196.008
1	224.66
1	260.805
1	190.637
1	187.721
1	201.939
1	248.209
1	166.394
1	201.625
1	159.374
1	228.028
1	150.011
1	186.757
1	329.914
1	156.078
1	160.371
1	181.483
1	385.82
1	167.649
1	239.538
1	243.699
1	146.665
1	202.639
1	133.466
1	283.822
1	155.223
1	165.978
1	167.369
1	216.293
1	232.949
1	238.419
1	150.52
1	257.302
1	216.691
1	203.517
1	122.03
1	202.064
1	238.397
1	229.962
1	236.266
1	142.288
1	209.976
1	175.424
1	175.481
1	209.96
1	177.416
1	301.157
1	224.815
1	172.815
1	201.332
1	119.632
1	185.61
1	172.446
1	146.92
1	302.817
1	197.026
1	158.939
1	151.615
1	129.59
1	385.932
1	173.187
1	158.513
1	223.674
1	132.816
1	336.094
1	122.128
1	216.399
1	168.101
1	194.947
1	219.238
1	238.41
1	119.796
1	194.553
1	154.485
1	198.156
1	157.079
1	211.25
1	232.62
1	125.957
1	124.868
1	141.199
1	158.435
1	131.116
1	232.698
1	208.207
1	208.387
1	201.493
1	111.126
1	172.077
1	237.141
1	164.704
1	191.435
1	182.869
1	291.708
1	193.322
1	183.781
1	176.277
1	141.938
1	243.37
1	239.161
1	180.102
1	344.034
1	193.162
1	137.863
1	241.052
1	177.041
1	202.629
1	224.903
1	115.889
1	145.067
1	194.245
1	206.824
1	232.09
1	166.22
1	162.721
1	208.876
1	167.706
1	216.109
1	169.35
1	160.939
1	169.62
1	169.714
1	203.842
1	181.318
1	193.968
1	141.429
1	178.809
1	175.457
1	129.181
1	183.316
1	147.191
1	237.932
1	196.976
1	205.062
1	242.376
1	167.247
0	22.0088
1	298.062
1	182.591
1	164.144
1	262.668
1	147.419
1	259.395
1	172.018
1	225.596
1	142.053
1	190.079
1	231.097
1	276.611
1	158.838
1	237.871
1	260.988
1	154.917
1	272.062
1	245.359
1	215.61
1	260.616
1	207.524
1	222.217
1	145.45
1	155.381
1	273.797
1	246.806
1	243.627
1	138.446
1	159.367
1	181.824
1	169.414
1	184.95
1	221.674
1	140.644
1	200.881
1	160.604
1	184.061
1	145.121
1	168.24
1	138.627
1	269.438
1	185.277
1	207.981
1	267.931
1	195.359
1	218.681
1	147.202
1	228.08
1	239.634
1	192.005
1	242.347
1	135.935
1	298.036
1	238.999
1	236.72
1	178.062
1	253.469
1	206.662
1	300.656
1	193.108
1	167.988
0	41.3799
1	188.069
1	195.929
1	143.712
1	204.34
1	252.615
1	198.24
1	150.992
1	220.108
1	195.978
1	240.843
1	165.063
1	150.727
1	275.055
1	192.358
1	155.951
1	187.041
1	320.809
0	121.147
1	138.619
1	142.61
1	168.289
1	249.23
1	134.729
1	165.1
1	172.636
1	160.254
1	168.904
1	199.549
1	241.943
1	264.498
1	310.734
1	149.958
1	167.36
1	143.61
1	166.064
1	184.129
1	211.473
1	157.115
1	241.417
1	153.006
1	244.837
1	182.673
1	252.736
1	179.814
1	163.233
1	182.223
1	197.994
1	246.669
1	181.036
1	281.903
1	292.455
1	214.283
1	251.948
1	193.57
1	212.481
1	149.915
1	306.423
1	155.946
1	145.942
1	296.22
1	182.277
1	160.483
1	155.014
1	145.777
1	156.669
1	139.57
1	192.253
1	196.563
1	265.869
1	172.494
1	221.441
1	145.13
1	214.651
1	214.439
1	204.122
1	260.269
1	144.753
1	155.788
1	249.742
1	152.518
1	186.677
1	217.76
1	162.094
1	182.506
1	199.144
1	126.493
1	237.099
1	215.067
1	214.902
1	171.133
1	178.175
1	156.624
1	285.628
1	334.533
1	204.616
1	162.537
1	243.418
1	158.356
1	157.572
0	86.028
1	159.166
1	226.596
1	138.321
1	170.343
1	187.216
1	143.491
1	180.948
1	154.438
1	145.34
1	222.369
1	184.119
1	149.658
1	329.841
1	219.972
1	148.697
1	249.459
1	118.45
1	170.153
1	254.619
1	232.206
1	276.196
1	143.483
1	188.117
1	218.714
1	134.822
1	149.357
1	191.787
1	443.438
1	196.754
1	182.161
1	149.818
1	145.417
1	165.988
1	230.617
1	268.289
1	157.814
1	156.804
1	176.074
1	198.124
1	193.898
1	246.347
1	248.34
1	226.86
1	277.008
1	162.727
1	137.193
1	368.803
0	28.4107
1	229.725
1	209.241
1	188.507
1	189.844
1	155.881
1	168.824
1	145.099
1	350.098
1	173.154
1	184.318
1	196.519
1	154.73
1	213.218
1	163.861
1	155.277
1	224.695
1	154.463
1	225.129
1	195.222
1	223.008
1	200.366
1	175.938
1	252.124
1	255.878
1	208.263
1	192.239
1	229.004
1	186.692
1	186.227
1	298.439
1	219.267
1	134.25
1	258.961
1	153.953
1	169.06
1	257.566
1	126.226
1	212.103
1	250.615
1	187.511
1	221.198
1	284.729
1	221.603
1	204.92
1	215.642
0	96.8558
1	156.613
1	287.485
1	253.16
1	244.305
1	243.717
1	182.26
1	124.331
1	225.004
1	258.905
1	138.076
1	173.86
1	160.729
1	189.444
1	142.231
1	183.385
1	326.158
1	135.425
1	205.946
1	192.002
1	210.483
1	258.02
1	182.482
1	198.476
1	156.678
1	141.452
1	177.256
1	194.855
1	243.851
1	199.141
1	168.159
1	203.823
1	163.092
1	168.497
1	150.264
1	248.891
1	164.88
1	249.141
1	178.492
1	287.029
1	212.626
1	152.531
1	178.054
1	140.684
1	193.241
1	233.454
1	147.303
1	146.391
1	183.17
1	164.12
1	192.086
1	230.936
1	183.008
1	171.565
1	171.851
1	288.51
1	327.08
1	126.029
1	167.852
1	216.869
1	179.492
1	156.031
1	161.56
1	260.452
1	154.716
1	173.024
1	138.957
1	228.899
1	250.574
1	218.762
1	191.016
1	204.264
1	238.65
1	189.502
1	222.326
1	190.109
1	380.264
1	306.423
1	207.35
1	216.21
1	152.469
1	249.306
1	213.18
1	178.296
0	50.2626
1	149.959
1	306.539
1	180.565
1	175.841
1	155.825
1	126.856
1	236.975
1	181.051
1	208.607
1	209.069
1	214.476
1	145.304
1	169.083
1	178.138
1	148.509
1	174.521
1	246.189
1	218.816
1	176.258
1	182.078
1	240.973
1	189.748
1	221.132
1	280.195
1	225.945
1	333.143
1	232.243
1	171.808
1	241.584
1	182.209
1	129.057
1	189.875
1	216.89
1	124.466
1	281.501
1	164.867
1	207.667
1	192.794
1	179.496
1	203.635
1	240.691
1	343.449
1	161.686
1	248.123
1	184.88
1	184.699
1	130.67
1	213.202
1	166.696
1	190.852
1	295.231
1	319.534
1	179.505
1	176.906
1	172.194
1	137.073
1	254.527
1	191.021
1	178.487
1	217.051
1	178.933
1	214.19
1	183.681
1	287.276
1	185.79
1	150.132
1	173.772
0	30.9628
1	150.837
1	177.775
1	141.911
1	160.464
1	303.498
1	156.775
1	190
1	248.592
1	141.46
1	161.187
1	309.751
1	236.706
1	276.027
1	177.846
1	151.43
1	246.944
1	184.759
1	179.484
1	148.457
1	187.042
1	240.246
1	155.929
1	163.428
1	193.565
1	235.392
1	221.028
1	137.763
1	197.884
1	191.564
1	188.692
1	255.57
1	253.972
1	268.053
1	183.833
1	199.244
1	122.274
1	212.687
1	278.789
1	238.881
1	289.036
1	191.055
1	149.835
1	228.661
1	221.114
1	134.059
1	158.007
1	142.487
1	192.308
1	351.411
1	240.315
1	156.74
1	237.628
1	206.273
1	162.677
1	188.009
1	340.447
1	198.146
1	359.172
1	135.451
1	311.29
1	185.265
1	245.9
1	228.873
1	283.964
1	139.789
1	188.249
1	252.721
1	152.12
1	157.435
1	208.842
1	126.1
1	216.131
1	222.836
1	192.28
1	269.443
1	137.722
1	182.8
1	201.537
1	198.551
1	278.587
1	187.872
1	216.968
1	193.251
1	208.214
1	210.509
1	168.455
1	287.087
1	229.22
1	170.183
1	198.628
1	155.61
1	208.75
1	290.024
1	221.952
1	156.155
1	200.683
1	162.158
1	152.292
1	144.908
1	164.294
1	149.057
1	284.309
1	195.985
1	257.889
1	205.187
1	246.594
1	219.44
1	198.298
1	224.46
1	256.167
1	225.261
1	249.888
1	136.024
1	267.561
1	174.55
1	228.428
1	257.376
1	217.954
1	138.555
1	223.664
1	195.917
1	234.926
1	196.781
1	204.833
1	250.421
1	170.118
1	191.548
1	173.092
0	28.6361
1	258.531
1	175.596
1	161.79
1	230.799
1	135.441
1	121.595
1	203.748
1	152.532
1	187.92
1	174.885
1	133.801
1	201.783
1	161.717
1	240.391
1	167.551
1	180.867
1	187.401
1	175.406
1	217.077
1	133.57
1	165.765
1	221.842
1	148.037
1	166.201
1	193.781
1	212.168
1	167.476
1	153.289
1	205.559
1	224.087
1	166.668
1	157.117
1	205.663
1	238.959
1	254.909
1	181.621
1	177.833
1	286.88
1	182.041
1	278.834
1	162.077
1	173.816
1	185.307
1	151.929
1	304.816
1	142.997
1	305.399
1	200.426
1	145.179
1	254.513
1	147.305
1	242.877
1	234.806
1	176.348
1	193.55
1	144.504
0	1.25829
1	152.185
1	159.576
1	426.389
1	156.854
1	154.102
1	215.92
1	268.307
1	166.409
1	307.701
1	215.904
1	187.204
1	161.739
1	149.605
1	214.232
1	228.382
1	268.489
1	261.042
1	362.06
1	187.437
1	140.537
1	182.67
1	209.007
1	166.269
1	204.973
1	284.989
1	227.598
1	176.329
1	180.521
1	269.231
1	225.263
1	192.68
1	232.285
1	210.811
1	184.823
1	228.017
1	136.6
1	272.668
1	149.822
1	152.562
1	190.168
1	209.716
1	162.994
1	188.244
1	229.699
1	166.569
1	165.776
1	153.669
1	219.874
1	194.033
1	144.022
1	126.118
1	281.43
1	188.397
1	153.952
1	248.309
1	232.321
1	160.858
1	175.271
1	195.324
1	152.703
1	160.581
1	162.962
1	149.681
1	150.611
1	305.752
1	224.713
1	175.915
1	189.299
1	198.487
1	224.881
1	191.024
1	141.908
1	208.794
1	232.33
1	155.632
1	189.912
1	227.847
1	152.577
1	148.132
1	199.402
1	226.178
1	147.438
1	194.885
1	168.42
1	192.506
1	260.197
1	175.048
1	162.978
1	276.169
1	192.588
1	136.082
1	170.087
1	198.982
1	214.275
1	201.874
1	176.824
1	186.19
1	200.616
1	221.037
1	281.127
0	5.70177
1	217.854
1	293.787
1	186.46
1	202.95
1	154.519
1	159.451
1	230.631
1	213.564
1	175.011
1	173.355
1	168.317
1	174.648
1	184.546
1	249.565
1	161.794
1	187.278
1	138.675
1	203.415
1	242.24
1	192.931
1	209.217
1	257.205
1	183.564
1	245.772
1	239.658
1	163.093
1	181.823
1	178.222
1	125.35
1	286.574
1	298.852
1	160.414
1	267.057
1	198.145
1	162.9
1	199.27
1	171.595
1	143.92
1	171.769
1	140.208
1	196.974
1	131.025
1	234.552
1	255.258
1	247.105
1	218.618
1	186.347
1	166.549
1	198.454
1	224.429
1	171.639
1	160.295
1	178.905
1	230.861
1	234.715
1	136.623
1	247.802
1	290.547
1	136.343
1	187.55
1	233.693
1	217.009
1	184.848
1	180.645
1	114.09
1	137.124
1	230.789
1	242.776
1	191.312
1	202.648
1	146.147
1	201.732
1	201.792
1	236.116
1	216.724
1	334.5
1	244.08
1	165.671
1	287.183
1	290.622
1	164.556
1	165.488
1	193.862
1	159.389
1	305.791
1	266.545
1	241.185
1	162.527
1	144.153
1	141.178
1	216.835
1	284.56
1	174.645
1	138.204
1	232.015
1	148.954
1	177.739
1	209.637
1	205.108
1	154.377
1	162.87
1	183.561
1	220.74
1	203.766
1	184.576
1	173.276
1	174.751
1	164.138
1	185.401
1	180.014
1	304.333
1	137.971
1	219.229
1	192.658
1	333.36
1	209.025
1	217.524
1	221.61
1	281.813
1	253.607
1	111.61
1	163.778
1	177.753
1	220.616
1	170.397
1	235.058
1	214.002
1	184.616
1	177.175
1	218.366
1	311.163
1	143.026
1	373.129
1	173.833
1	289.876
1	168.161
1	253.913
1	134.519
1	179.072
1	292.684
1	244.71
1	161.786
1	249.337
1	170.806
1	196.571
1	253.531
1	263.723
1	173.886
1	146.397
1	247.859
1	157.271
1	264.062
1	312.861
1	132.241
1	242.219
1	166.012
1	160.63
1	328.173
1	200.631
1	172.356
1	236.384
1	119.46
1	172.961
1	187.602
1	221.105
1	200.84
1	188.438
1	162.8
1	352.176
1	194.76
1	280.124
1	231.193
1	217.446
1	191.765
1	176.257
1	216.057
1	219.681
1	181.097
1	137.976
1	160.45
1	150.823
1	133.238
1	207.161
1	150.802
1	176.139
1	216.528
1	193.998
1	215.956
1	202.768
1	151.464
1	192.33
1	185.671
1	156.677
1	202.397
1	214.857
1	212.798
1	168.301
1	304.872
1	269.467
1	325.274
1	149.419
1	124.18
1	189.721
1	164.884
1	173.783
1	270.373
1	160.593
1	259.367
1	178.794
1	214.235
1	165.537
1	175.798
1	164.095
1	161.055
1	196.076
1	174.593
1	195.378
1	125.474
1	161.955
1	163.97
1	160.444
1	208.623
1	144.967
1	284.894
1	216.94
1	181.082
1	181.267
1	118.571
1	298.196
1	195.652
1	133.502
1	182.25
1	132.502
1	131.343
1	122.761
1	206.048
1	221.762
1	193.971
1	153.036
1	199.339
1	235.399
1	270.957
1	186.015
1	284.626
1	172.484
1	128.824
1	187.728
1	260.95
1	224.87
1	180.086
1	275.346
1	347.07
1	318.76
1	173.84
1	187.811
1	265.371
1	170.408
1	167.254
1	248.267
1	199.619
1	172.679
1	224.553
1	161.136
1	203.223
1	142.394
1	170.742
1	175.125
1	123.793
1	233.942
1	151.353
1	185.864
1	196.5
1	148.397
1	248.982
1	161.57
1	212.16
1	328.873
1	147.867
1	168.212
1	147.639
1	189.172
1	163.259
0	60.1344
1	173.774
0	29.075
1	128.216
1	171.647
1	259.173
1	171.615
1	167.552
1	150.515
1	167.754
1	169.383
1	204.925
1	155.173
1	173.441
1	198.685
1	196.026
1	179.787
1	267.681
1	206.161
1	200.951
1	180.189
1	187.285
1	193.321
1	183.854
1	200.475
1	226.682
1	169.081
1	191.73
1	308.918
1	246.549
1	133.268
1	275.853
1	295.847
1	203.366
1	242.324
1	202.165
1	335.817
1	178.287
1	180.249
1	234.146
1	139.533
1	275.884
1	184.363
1	145.986
1	256.351
1	202.258
1	195.885
1	303.964
1	233.653
1	220.546
1	164.682
1	192.071
1	182.473
1	185.914
1	258.446
1	127.417
0	16.9228
1	190.283
1	218.96
1	188.708
1	204.314
1	167.059
1	141.16
1	285.157
1	199.218
1	195.696
1	381.363
0	53.2907
1	161.162
1	141.884
1	199.273
1	158.968
1	233.725
1	197.211
1	190.477
1	268.072
1	225.61
1	274.649
1	181.039
1	152.165
1	161.366
1	228.695
1	242.168
1	218.924
1	229.599
1	176.421
1	220.25
1	233.011
1	141.244
1	209.753
1	152.646
1	181.874
1	253.034
1	159.175
1	235.351
1	170.449
1	179.278
1	152.12
1	151.631
1	233.015
1	211.242
1	208.865
1	208.087
1	185.819
1	229.414
1	270.026
1	282.977
1	167.612
1	197.317
1	155.513
1	176.894
1	202.757
1	188.783
1	170.562
1	142.464
1	340.557
1	230.053
1	203.801
1	200.127
1	193.777
1	231.279
1	260.125
1	247.88
1	211.963
1	125.264
1	257.23
1	169.247
1	211.122
1	349.714
1	301.257
1	238.222
1	221.858
1	214.889
1	209.76
1	251.37
1	217.673
1	254.32
1	216.64
1	183.227
1	250.351
1	157.284
1	155.375
1	274.046
1	241.007
1	303.243
1	251.666
1	178.408
1	201.685
1	229.02
1	200.202
1	209.212
1	165.845
1	223.93
1	180.991
1	167.917
1	257.05
1	170.016
1	153.283
1	183.632
1	261.169
1	222.284
1	197.703
1	192.22
1	253.288
1	164.631
1	234.978
1	195.722
1	271.425
1	202.997
1	190.15
1	145.887
1	217.409
1	192.263
1	220.024
1	213.939
1	169.316
1	177.421
1	195.465
1	313.301
1	198.796
1	197.659
1	175.985
1	236.915
1	252.925
1	204.184
1	140.339
1	142.471
1	240.241
1	171.225
1	240.571
1	181.615
1	197.72
1	191.982
1	129.648
1	159.515
1	137.897
1	250.227
1	185.46
1	188.065
1	227.203
1	252.306
1	304.863
1	199.18
1	377.208
1	183.313
1	336.185
1	203.233
1	193.033
1	195.409
1	206.838
1	226.462
1	218.968
1	170.951
1	352.433
1	167.407
1	170.078
1	219.662
1	268.399
1	161.041
1	167.979
1	267.595
1	174.975
1	291.007
1	183.37
1	142.982
1	194.243
1	183.259
1	203.983
1	192.55
1	269.87
1	175.509
1	134.07
1	142.947
1	261.225
1	176.637
1	188.216
1	207.179
1	251.836
1	228.415
1	218.344
1	243.693
1	265.03
1	233.334
1	249.942
1	263.143
1	215.046
1	168.877
1	198.344
1	255.541
1	144.903
1	158.045
1	194.401
1	163.232
1	179.401
1	151.301
1	238.157
1	233.1
1	170.493
1	191.91
1	181.975
1	227.994
1	194.641
1	181.951
1	268.159
1	175.503
1	182.91
1	184.654
1	218.918
1	181.186
1	172.591
1	237.874
1	158.879
1	217.242
1	263.713
1	184.704
1	247.529
1	354.534
1	166.37
1	194.253
1	173.489
1	206.23
1	144.65
1	169.132
1	217.792
1	225.214
1	129.219
1	171.571
1	133.336
1	199.24
1	181.419
1	171.675
1	165.801
1	215.668
1	173.675
1	188.632
1	166.239
1	367.223
1	205.292
1	168.795
1	215.854
1	196.895
1	189.726
1	176.017
1	160.354
1	334.477
1	312.184
1	127.997
1	166.695
1	186.878
1	185.438
1	306.143
1	166.026
1	200.176
1	186.037
1	265.45
1	158.806
1	205.066
1	210.275
1	148.655
1	205.833
1	238.436
1	189.653
1	263.624
1	239.231
1	277.073
1	369.278
1	221.674
1	241.714
1	325.177
1	147.563
1	220.105
1	237.399
1	333.22
1	168.19
1	154.402
1	299.595
1	213.457
0	53.7417
1	206.285
1	176.973
1	142.861
1	232.456
1	180.241
1	166.965
1	190.681
1	255.334
1	253.01
1	182.654
1	209.8
1	206.477
1	327.584
1	217.932
1	235.96
1	236.783
1	160.871
1	199.119
1	227.795
1	212.739
1	150.603
1	249.057
1	226.367
1	214.611
1	189.449
1	174.714
1	192.578
1	236.528
1	168.905
1	118.418
0	13.3272
1	245.996
1	139.724
1	252.591
1	156.835
1	299.373
1	142.778
1	188.142
1	241.806
1	206.707
1	182.586
1	221.369
1	171.361
1	229.308
1	191.032
1	214.191
0	71.256
1	211.61
1	267.147
1	200.507
1	161.963
1	282.495
1	189.975
1	180.668
1	163.139
1	158.287
1	222.974
1	209.204
0	38.293
1	136.035
1	142.15
1	151.958
1	177.5
1	182.899
1	209.144
1	289.313
1	182.965
1	186.533
1	223.777
1	249.72
1	285.72
1	149.004
1	335.793
1	213.001
1	215.939
1	267.569
1	214.556
1	195.235
1	159.025
1	143.572
1	191.757
1	204.516
1	150.43
1	165.199
1	179.298
1	184.997
1	208.079
1	190.075
1	240.27
1	195.179
1	183.987
1	224.115
1	228.666
1	167.823
1	208.299
1	228.775
1	232.757
1	237.096
1	172.601
1	165.33
1	256.578
1	151.778
1	347.064
1	175.537
1	181.072
1	182.865
1	199.996
1	229.129
1	134.465
1	269.129
1	232.229
1	200.96
1	261.19
1	131.91
1	191.838
1	154.791
1	224.988
1	173.491
1	168.363
1	154.428
1	208.628
1	239.484
1	216.551
1	214.157
1	184.582
1	210.193
1	258.623
1	173.453
1	287.362
1	234.283
1	211.978
1	288.426
1	196.603
1	183.692
1	179.688
1	221.581
1	194.617
1	304.539
1	152.783
1	149.334
1	179.968
1	201.111
1	380.607
1	156.03
1	202.381
1	150.207
1	207.351
1	218.312
1	162.38
1	174.028
1	231.347
1	199.634
1	190.602
1	168.671
1	236.377
1	225.794
1	190.009
1	240.85
1	242.91
1	198.568
1	135.509
1	161.699
1	288.967
1	215.119
1	163.731
1	184.335
1	141.131
1	163.436
1	194.778
1	217.009
1	130.792
1	206.515
1	200.079
1	220.719
1	259.235
1	121.768
1	169.016
1	170.659
1	185.076
1	305.203
1	250.12
1	213.23
1	168.042
1	161.112
1	217.604
1	152.032
1	159.412
1	358.265
1	164.887
1	254.603
1	207.415
1	255.966
1	184.835
1	151.361
1	210.572
1	243.728
1	202.382
1	174.026
1	256.402
1	351.955
1	203.976
1	140.245
1	157.76
1	336.586
1	317.276
1	207.209
1	197.266
1	206.362
1	128.075
1	212.393
1	206.492
1	248.209
1	138.981
1	327.348
1	189.852
1	233.172
1	163.365
1	155.904
1	147.004
1	159.374
1	161.055
1	181.873
1	220.334
1	196.984
1	189.34
1	284.099
1	216.404
1	251.847
1	281.975
1	229.885
1	218.01
1	188.174
1	149.059
1	173.073
1	160.789
1	170.125
1	186.782
1	160.72
1	199.777
1	150.081
1	183.484
1	111.612
1	175.427
1	318.5
1	265.225
1	213.306
1	155.36
1	297.855
1	166.332
1	252.452
1	207.413
1	196.18
1	314.494
1	165.11
1	179.286
1	214.991
1	206.173
1	211.86
1	216.807
1	128.506
1	151.794
1	189.941
1	239.191
1	310.701
1	175.517
1	220.868
1	168.743
1	249.627
1	204.356
1	159.502
1	258.408
1	177.726
1	300.929
1	156.986
1	216.056
1	162.139
1	173.487
1	175.147
1	165.411
1	255.599
1	212.468
1	216.311
1	167.885
1	164.344
1	237.899
1	167.725
1	265.622
1	360.603
1	264.363
1	130.402
1	204.261
1	178.911
1	185.908
1	226.615
0	10.843
1	299.309
1	176.133
1	190.966
1	285.948
1	208.164
1	139.959
1	180.707
1	211.339
1	192.144
1	203.036
1	175.812
1	173.873
1	188.039
1	173.296
1	302.101
1	157.272
1	187.06
1	182.584
1	183.453
1	187.891
1	175.082
1	171.983
1	151.382
1	248.002
1	201.645
1	193.318
1	322.021
1	155.886
1	197.658
1	228.245
1	190.938
1	142.566
1	191.632
1	170.984
1	151.836
1	213.125
1	223.243
1	226.556
1	259.724
1	146.36
1	225.99
1	169.007
0	9.15201
1	113.694
1	185.96
1	164.266
1	157.714
1	182.911
1	157.264
1	220.612
1	277.362
1	222.953
1	263.584
1	150.357
1	181.967
1	166.742
1	267.141
1	245.308
1	196.401
1	213.396
1	177.291
1	196.125
1	158.48
1	190.35
1	276.117
1	161.105
1	251.038
1	182.607
1	175.581
1	261.139
1	155.286
1	197.3
1	125.578
1	150.768
1	162.016
1	142.348
1	231.249
1	254.774
1	185.331
1	146.402
1	251.078
1	182.281
1	294.948
1	249.868
1	238.354
1	280.464
1	186.587
1	148.34
1	222.321
1	182.221
1	228.697
1	147.177
1	182.679
1	178.202
1	187.837
1	221.023
1	212.415
1	162.132
1	218.442
1	173.434
1	233.127
1	179.973
1	133.228
1	138.887
1	180.656
1	257.821
1	255.573
1	253.781
1	291.258
1	206.103
1	224.702
1	222.646
1	344.03
1	249.405
1	142.369
1	319.395
1	254.573
1	335.512
1	208.015
1	172.208
1	138.931
1	135.71
1	109.29
1	317.15
1	249.893
1	190.005
1	231.761
1	172.817
0	53.8568
1	264.203
1	214.696
1	133.438
1	186.159
1	187.953
1	204.914
1	289.176
1	269.281
1	246.061
1	346.819
1	259.275
1	210.934
1	289.591
1	189.509
1	121.821
1	189.812
1	271.43
1	297.59
1	305.701
1	253.959
1	213.088
1	212.643
1	230.664
1	264.784
1	139.026
1	199.651
1	170.362
1	223.007
1	248.435
1	189.337
1	211.857
1	199.959
1	203.139
1	250.433
1	206.745
1	228.75
1	340.222
1	204.927
1	192.067
1	152.351
1	145.112
1	177.417
1	252.033
1	184.962
1	193.036
1	196.272
1	152.875
1	152.603
1	134.227
1	191.305
1	143.475
1	207.725
1	204.74
1	175.081
1	214.874
1	175.127
1	184.655
1	270.867
1	231.559
1	182.052
1	187.959
1	149.529
1	194.844
1	223.465
1	198.062
1	221.411
1	196.092
1	182.437
1	301.842
1	252.956
1	246.466
1	196.93
1	237.849
1	267.072
1	218.647
0	23.2459
1	221.007
1	217.482
1	208.598
1	195.355
1	227.006
1	231.717
1	283.39
1	184.411
1	178.015
1	247.116
1	226.442
1	246.174
1	150.427
1	216.553
1	237.931
1	120.244
1	161.362
1	182.857
1	186.374
1	216.059
1	321.046
1	179.995
1	230.392
1	160.269
1	188.596
1	212.829
1	221.772
1	181.466
1	191.204
1	174.74
1	177.654
1	198.062
1	222.231
1	322.17
1	230.421
1	169.01
1	238.441
1	114.143
1	187.619
1	296.86
1	219.475
1	303.489
1	239.501
1	188.189
1	129.26
1	297.639
1	254.56
1	206.652
1	154.12
1	224.91
1	182.859
1	179.737
1	225.597
1	172.582
1	182.536
1	206.817
1	168.988
1	142.581
1	193.355
1	196.757
1	328.435
1	234.171
1	126.594
1	186.031
1	159.307
1	230.153
1	187.48
1	154.816
1	239.224
1	160.578
1	164.869
1	228.746
1	156.63
1	221.197
1	143.005
1	231.043
1	249.694
1	148.049
1	146.696
1	273.056
1	252.699
1	159.463
1	198.055
1	151.876
1	185.509
1	297.762
1	158.639
1	198.587
1	157.101
1	277.164
1	206.928
1	198.783
1	178.179
1	175.125
1	213.299
1	347.323
1	170.489
1	172.138
1	187.434
1	222.647
1	157.263
1	200.174
1	226.255
1	291.561
1	196.262
1	167.012
1	329.942
1	185.005
1	153.198
1	187.724
1	206.884
1	189.357
1	299.935
1	166.621
1	222.799
1	153.494
1	248.085
1	218.088
1	180.093
1	192.81
1	275.886
1	185.054
1	312.998
1	140.029
1	191.384
1	294.318
1	156.316
1	169.074
1	199.25
1	220.154
1	217.683
1	197.469
1	170.741
1	248.895
1	134.823
1	137.23
1	158.941
1	159.523
1	194.82
1	195.591
1	136.312
1	179.816
1	178.954
1	202.964
1	197.695
1	158.452
1	260.96
1	202.573
1	189.797
1	232.137
1	166.701
1	234.266
1	153.216
1	180.868
1	247.89
1	181.836
1	171.815
1	265.785
1	128.599
1	185.557
1	175.605
1	274.023
1	209.685
1	163.459
1	165.615
1	228.568
1	167.385
1	209.016
1	298.27
1	193.21
1	295.167
1	133.487
1	157.079
1	203.375
1	204.937
1	244.878
1	241.491
1	221.437
1	278.661
1	213.009
1	225.28
1	143.959
1	167.428
1	169.319
1	230.58
1	177.396
1	174.153
1	233.37
1	224.078
1	153.456
1	199.317
1	301.623
1	183.432
1	231.979
1	158.339
1	239.719
1	185.825
1	339.105
1	146.793
1	398.886
1	151.388
1	262.761
1	147.136
1	191.895
1	238.63
1	162.227
1	189.139
1	177.959
1	172.542
1	208.778
1	187.652
1	149.446
1	251.548
1	182.23
1	279.188
1	303.401
1	159.407
1	248.745
1	180.196
1	161.873
1	195.118
1	215.031
1	182.585
1	185.376
1	370.737
1	162.696
1	144.559
1	185.35
1	219.66
1	200.113
1	436.944
1	182.297
1	175.731
1	172.038
1	177.015
1	286.685
1	199.882
1	228.868
1	155.861
1	321.125
1	228.383
1	228.146
1	150.66
1	144.974
1	196.397
1	285.7
1	153.146
1	230.181
1	181.883
1	142.725
1	233.429
1	158.063
1	258.478
1	293.858
1	181.798
1	173.206
1	157.424
1	172.072
1	207.157
1	185.879
1	154.802
1	198.316
1	200.043
1	281.851
1	214.132
1	231.63
1	190.885
1	408.78
1	227.84
1	163.842
1	213.333
1	312.083
1	202.883
1	203.33
1	132.424
1	221.422
1	219.137
1	186.386
1	189.772
1	264.56
1	249.217
1	165.057
1	171.6
1	190.563
1	182.69
1	166.977
1	213.226
1	267.2
1	192.664
1	134.92
1	259.541
1	271.723
1	264.251
1	199.17
1	166.008
1	203.686
1	158.57
1	151.927
1	174.665
1	220.522
1	192.197
1	181.865
1	113.601
1	270.16
1	171.818
1	174.741
1	211.902
1	177.936
1	158.881
1	192
1	173.123
1	173.38
1	236.762
1	192.92
1	342.053
1	179.574
1	236.66
1	262.17
1	354.481
1	177.36
1	289.851
1	195.877
1	164.551
1	147.248
1	231.836
1	257.352
1	225.111
1	226.067
1	167.602
1	211.958
1	279.362
1	196.676
1	280.144
1	173.68
1	180.322
1	220.888
1	140.538
1	185.185
1	145.634
1	190.19
1	180.208
1	238.21
1	206.814
1	178.419
1	168.101
1	170.354
1	185.562
1	133.124
1	146.484
1	181.697
1	219.85
1	133.533
1	134.595
1	185.597
1	312.729
1	162.445
1	128.134
1	196.102
1	297.408
1	180.806
1	207.413
1	218.056
1	274.971
1	207.874
1	212.001
1	155.893
1	289.177
1	254.739
1	153.547
1	229.707
1	203.036
1	192.959
1	168.472
1	204.523
1	185.592
1	179.497
1	174.404
1	178.779
1	182.524
1	188.784
1	314.664
1	230.134
1	245.501
1	167.729
1	212.117
1	194.908
1	213.525
1	270.103
1	285.678
1	244.283
1	201.081
1	203.601
1	172.68
1	149.793
1	208.844
1	231.327
1	164.415
1	263.723
1	288.112
1	173.691
1	227.323
1	205.827
1	178.146
1	214.571
1	174.374
1	182.754
1	210.487
1	220.823
1	167.049
1	129.017
1	157.587
1	164.166
1	169.762
1	163.067
1	246.72
1	185.607
1	295.649
1	139.086
1	272.327
1	219.824
1	201.684
1	227.234
1	250.159
1	227.934
1	264.149
0	21.1626
1	203.472
1	180.753
1	218.053
1	175.528
1	189.354
1	235.618
1	214.095
1	197.701
1	190.33
1	230.649
1	208.177
1	141.677
1	340.521
1	222.694
1	165.238
1	201.757
1	179.761
1	214.029
1	205.761
1	145.94
1	207.82
1	552.852
1	158.84
1	134.484
1	150.841
1	176.903
1	222.444
1	196.08
1	192.206
1	158.178
1	149.687
1	215.569
1	195.886
1	157.85
1	359.28
1	230.991
1	149.231
1	243.844
1	217.212
1	221.517
1	328.106
1	141.709
1	252.049
1	142.49
1	286.102
1	256.806
1	195.286
1	340.137
1	167.468
1	160.557
1	196.271
1	162.473
1	262.294
1	161.245
1	189.896
1	360.547
1	189.647
1	161.041
1	158.858
1	204.211
1	166.804
1	198.883
1	319.789
1	193.741
1	150.909
1	213.623
1	254.078
1	171.91
1	243.649
1	258.742
1	208.204
1	226.664
1	271.725
1	302.524
1	245.042
1	218.49
1	237.497
1	155.669
1	269.559
1	190.116
1	198.489
1	150.782
1	172.865
1	203.089
1	224.261
1	249.024
1	224.751
1	185.393
1	187.823
1	171.997
1	179.188
1	139.837
1	267.036
1	200.132
1	154.354
1	342.258
1	225.977
1	182.732
1	162.711
1	118.25
1	222.483
1	185.613
1	155.464
1	236.551
1	216.397
1	167.49
1	180.167
1	304.178
1	150.359
0	30.2002
1	176.989
1	229.867
1	276.969
1	151.282
1	288.34
1	162.09
1	162.468
1	226.732
1	202.556
1	161.55
1	221.621
1	171.941
1	179.894
1	184.51
1	170.29
1	246.603
1	196.435
1	168.833
1	151.534
1	186.972
1	202.883
1	353.653
1	232.51
1	219.225
1	160.252
1	206.77
1	192.159
1	264.15
1	110.837
1	265.006
1	282.985
1	129.842
1	100.149
1	283.848
1	210.089
1	287.013
1	260.891
1	201.02
1	183.919
1	173.059
1	152.454
1	265.066
1	288.811
1	217.332
1	147.628
1	140.916
1	233.169
1	230.181
1	221.645
1	140.695
1	184.154
1	208.057
1	151.119
1	225.327
1	173.788
1	183.72
1	146.031
1	266.239
1	258.807
1	132.852
1	228.625
1	166.126
1	167.658
1	236.584
1	255.251
1	194.801
1	175.983
1	165.532
1	173.231
1	272.704
1	192.978
1	175.174
1	239.797
1	137.909
1	168.327
1	204.903
1	203.159
1	235.296
1	224.355
0	93.3442
1	195.64
1	259.13
1	171.34
1	246.654
1	170.611
1	227.451
1	132.257
1	237.217
1	291.891
1	142.903
1	276.174
1	294.426
1	195.896
1	160.939
1	141.981
1	208.047
1	183.939
1	203.43
0	12.0387
1	265.892
1	218.034
1	219.731
1	188.177
1	189.141
1	203.484
1	216.391
1	189.527
1	193.564
1	157.85
1	126.782
1	258.473
1	327.012
1	174.054
1	165.053
1	221.232
1	149.217
1	227.224
1	226.102
1	147.151
1	157.313
1	155.158
1	164.259
1	187.65
1	342.733
1	151.329
1	198.911
1	164.991
1	204.646
1	176.553
1	169.926
1	147.234
1	124.674
1	212.354
1	155.131
1	339.606
1	189.155
1	144.093
1	198.25
1	174.287
1	162.298
1	201.888
1	399.36
1	164
1	201.092
1	355.711
1	186.72
1	135.688
1	267.073
1	196.825
1	170.001
1	249.605
1	135.171
1	183.695
1	270.467
0	6.49175
1	163.914
1	168.99
1	250.067
1	223.406
1	243.583
1	213.388
1	171.022
1	146.072
1	149.228
1	234.436
1	153.288
1	250.504
1	189.931
1	209.446
1	237.571
1	298.31
1	289.782
1	133.562
1	235.486
1	221.015
1	169.733
1	238.389
1	233.536
1	278.934
1	189.256
1	295.379
1	165.24
1	217.296
1	178.831
1	225.04
1	153.232
1	284.427
1	213.859
1	237.745
1	165.274
1	224.13
1	139.511
1	182.428
1	173.389
1	150.124
1	163.326
1	143.643
1	268.626
1	190.945
1	146.775
1	158.211
1	196.985
1	145.485
1	180.793
1	209.071
1	271.217
1	181.379
1	275.174
1	134.167
1	181.003
1	197.024
1	204.756
1	174.826
1	170.979
1	193.421
1	155.273
1	170.332
1	286.536
1	160.402
1	154.77
1	155.523
1	232.845
1	159.971
1	173.564
1	138.122
1	168.926
1	199.216
1	135.655
1	201.697
1	170.194
1	170.57
1	236.663
1	231.247
1	231.467
1	187.887
1	163.928
1	416.575
1	142.639
1	177.14
1	246.956
1	229.673
1	190.11
1	123.894
1	241.212
1	234.163
1	176.622
1	142.572
1	219.921
1	201.557
1	252.622
1	264.298
1	202.843
1	196.988
1	211.633
1	198.074
1	163.707
1	151.047
1	201.101
1	152.957
1	262.498
1	170.239
1	159.257
1	209.703
1	180.517
1	230.491
1	215.499
1	130.03
1	350.64
1	283.776
1	170.868
1	263.042
1	160.744
1	218.538
1	153.897
1	162.258
1	139.18
1	237.657
1	256.567
1	133.414
1	206.266
1	121.297
1	149.133
1	227.594
1	187.832
1	200.935
