10000	1	9900	0.00208333
0.025641	253.846	22615.4	0.0228438
0	95.8536
1	224.205
1	138.144
1	204.465
1	196.161
1	233.141
1	172.199
1	160.938
1	137.003
1	212.412
1	172.001
1	144.927
1	128.596
1	218.404
1	253.904
1	225.561
1	158.403
1	158.899
1	163.428
1	231.595
1	231.225
1	194.302
1	286.235
1	120.06
1	260.383
1	215.549
1	263.523
1	150.106
1	181.398
1	267.135
1	231.626
1	197.44
1	166.691
1	233.767
1	174.805
1	162.322
1	175.04
1	229.077
1	345.502
1	207.244
1	259.23
1	284.697
1	210.498
1	222.093
1	272.583
1	153.909
1	163.975
1	207.967
1	284.031
1	239.013
1	252.788
1	200.98
1	216.898
1	220.819
1	169.587
1	182.43
1	157.383
1	201.553
1	195.796
1	180.291
0	36.6078
1	151.943
1	139.24
1	177.894
1	303.984
1	159.974
1	176.514
1	179.439
1	208.18
1	166.84
1	214.836
1	129.469
1	252.338
1	194.369
1	239.368
1	189.659
1	164.285
1	186.138
1	158.872
1	161.614
1	352.591
1	139.803
1	314.419
1	190.48
1	271.487
1	180.565
1	203.584
1	163.04
1	180.889
1	168.142
1	240.362
1	161.349
1	263.709
1	163.01
1	165.035
1	228.396
1	173.184
1	213.428
1	160.777
1	153.048
1	220.67
1	213.984
1	260.714
1	262.099
1	165.274
1	183.776
1	192.028
1	271.027
1	163.638
1	216.515
1	267.681
1	201.493
1	217.655
1	212.362
1	204.669
1	189.722
0	1.43778e-05
1	246.642
1	199.202
1	169.574
1	276.479
1	149.418
1	209.868
1	184.457
1	166.648
1	184.596
1	238.679
1	217.308
1	205.294
1	226.327
1	165.616
1	209.342
1	189.835
1	335.029
1	157.223
1	255.395
1	172.291
1	150.109
1	167.621
1	262.634
1	175.701
1	213.532
1	144.292
1	205.833
1	156.03
1	353.419
1	188.688
1	156.98
1	148.088
1	224.288
1	209.196
1	202.955
1	183.084
1	171.29
1	152.695
1	191.993
1	236.581
1	279.767
1	216.931
1	172.445
0	100.488
1	170.267
1	226.352
1	263.562
1	258.299
1	162.637
1	150.171
1	203.963
1	232.993
1	251.095
1	194.386
1	211.224
1	179.454
1	130.763
1	136.695
1	248.98
1	192.463
1	148.967
1	336.62
1	217.38
1	190.905
1	174.22
1	167.919
1	239.307
1	221.741
1	181.669
1	241.296
1	237.122
1	241.46
1	176.484
1	180.003
1	257.502
1	264.013
1	151.908
1	138.231
1	154.71
1	187.524
1	172.617
1	164.913
1	215.113
1	273.758
1	208.831
1	187.21
1	305.742
1	168.676
1	200.249
1	138.625
1	285.285
1	136.842
1	185.6
1	263.001
1	221.163
1	160.302
1	219.775
1	248.587
1	195.249
1	257.718
1	215.844
1	148.149
1	157.69
1	250.32
1	166.674
1	237.699
1	293.397
1	128.848
1	222.877
1	162.819
1	252.029
1	161.741
1	202.052
1	170.586
1	267.037
1	169.188
1	196.537
1	186.04
1	203.869
1	192.353
1	221.687
1	144.276
0	0.00011351
1	166.294
1	208.338
1	257.384
1	299.477
1	208.588
1	190.332
1	241.913
1	181.946
1	241.329
1	282.027
1	230.244
1	144.437
1	239.565
1	362.004
1	205.265
1	137.835
1	132.873
1	170.562
1	180.503
1	209.626
1	165.061
1	192.969
1	171.857
1	261.599
1	215.518
1	216.635
1	239.312
1	177.579
1	147.719
1	241.406
1	171.428
1	254.987
1	194.198
1	215.126
0	2.90687e-05
1	155.446
1	254.974
1	146.065
1	261.498
1	159.92
1	124.511
1	287.877
1	171.957
1	191.254
1	246.852
1	221.765
1	154.267
1	136.344
1	205.42
1	238.307
1	194.414
1	219.305
1	196.073
1	189.707
1	228.373
1	114.281
1	222.888
1	181.853
1	267.964
1	158.841
1	225.403
1	256.903
1	158.832
1	148.001
1	229.86
1	144.436
1	153.416
1	287.428
1	94.5303
1	203.152
1	166.883
1	172.712
1	217.23
1	234.444
1	261.751
1	234.2
1	298.524
1	241.737
1	120.641
1	226.433
1	168.878
1	311.735
1	204.691
1	148.864
1	138.091
1	300.287
1	196.531
1	152.54
1	241.667
1	197.528
1	179.974
1	176.962
1	245.838
1	142.858
1	222.976
1	184.336
1	285.15
1	236.144
1	183.596
1	215.735
1	164.459
1	372.907
1	236.703
1	183.918
1	187.459
1	190.307
1	225.17
1	216.084
1	229.526
1	348.929
1	155.077
0	2.52674e-05
1	204.745
1	186.719
0	5.11296e-05
1	272.805
1	173.477
1	153.964
1	202.008
1	296.994
1	139.364
1	194.652
1	196.992
0	3.40264e-05
1	198.353
1	157.654
1	172.506
1	266.815
1	223.794
1	191.52
1	182.257
1	263.197
1	234.438
1	163.228
1	194.698
1	294.451
1	187.151
1	190.203
1	299.643
1	203.783
1	245.706
1	196.546
1	279.09
1	183.629
1	148.32
1	191.239
1	333.053
1	356.267
1	172.105
1	213.69
1	208.825
1	202.952
1	218.867
1	301.543
1	209.377
1	181.574
1	250.032
1	146.547
1	240.054
1	221.301
1	238.254
1	217.838
1	169.52
1	201.48
1	234.254
1	182.447
1	288.164
1	231.377
1	137.766
1	238.278
1	228.952
1	211.998
1	298.161
1	200.447
1	194.294
1	169.428
1	135.147
1	235.087
1	163.256
1	218.092
1	211.309
1	199.662
1	322.167
1	234.878
1	167.162
1	170.734
1	324.074
1	275.615
1	152.239
1	445.947
1	184.263
1	169.806
1	210.084
1	200.98
1	191.22
1	127.143
1	152.993
1	183.223
1	184.863
1	141.615
1	253.2
1	215.857
1	161.995
1	240.82
1	187.113
1	251.907
1	196.555
1	147.997
1	156.91
0	10.8256
1	194.843
1	156.736
1	194.164
1	145.291
1	158.516
1	154.694
1	177.831
1	177.22
1	226.462
1	210.616
1	162.994
1	207.479
1	151.869
1	167.244
1	147.204
1	336.031
1	156.531
1	218.142
1	274.102
1	219.089
1	205.156
0	58.1409
1	177.204
1	182.935
1	189.041
1	214.3
1	190.955
1	179.764
1	265.864
1	173.694
1	279.941
1	239.459
1	281.361
1	197.335
1	175.792
1	202.162
1	159.72
1	221.279
1	190.773
1	238.911
1	147.857
1	154.765
1	179.656
1	160.697
1	213.33
1	208.614
1	260.718
1	223.885
1	227.573
1	251.374
1	276.371
1	194.515
0	0.000151683
1	140.606
1	199.332
1	190.481
1	190.023
1	244.173
1	155.106
1	147.204
1	235.921
1	294.019
1	150.302
1	187.799
1	165.422
0	50.4327
0	5.43032e-05
1	198.276
1	210.796
1	199.538
1	185.318
1	166.004
1	237.557
1	334.724
1	175.994
1	146.386
1	211.761
1	172.913
0	3.24455e-05
1	132.863
1	270.141
1	201.96
1	139.248
1	194.974
1	232.82
1	177.491
0	54.5012
1	155.18
1	163.645
1	134.789
1	220.799
0	140.776
1	164.33
1	168.047
1	213.97
1	176.053
1	144.184
1	231.349
1	175.236
1	137.328
1	209.391
1	174.187
1	159.421
1	294.498
1	175.563
1	215.647
1	177.026
1	347.595
1	149.333
1	244.652
1	151.845
1	141.426
1	218.406
1	213.9
1	267.772
1	220.217
1	235.275
1	337.681
1	150.424
1	200.759
1	367.353
1	244.254
1	216.637
1	175.792
1	247.147
1	124.766
1	178.295
1	212.418
1	272.562
1	175.98
1	281.583
1	272.199
1	152.266
1	223.405
1	164.027
1	237.648
1	184.008
1	210.618
0	37.0023
1	178.015
1	292.878
1	236.152
1	186.671
1	147.076
1	202.688
1	202.773
1	231.296
1	210.725
1	197.429
1	257.955
1	182.63
1	184.629
1	283.401
1	230.53
1	168.386
1	192.027
1	199.368
1	188.766
1	192.504
1	208.87
1	177.883
1	197.563
1	221.085
1	182.062
1	197.137
1	142.364
1	202.488
1	153.552
1	164.93
1	177.024
1	172.178
1	157.079
1	162.989
1	314.007
1	121.086
1	168.804
1	284.919
1	245.83
1	173.982
1	162.048
1	258.166
1	176.558
1	172.096
1	182.065
1	130.219
1	128.607
1	270.26
1	168.33
1	173.743
1	194.581
1	180.611
1	195.486
1	220.153
1	249.044
1	195.232
1	194.35
1	180.518
1	145.04
1	238.865
1	133.445
1	139.288
1	165.703
1	214.335
1	139.823
1	186.927
1	182.933
1	194.211
1	173.927
1	230.235
1	211.728
1	189.463
1	208.939
1	160.009
1	355.854
1	161.079
1	133.612
1	126.173
1	221.503
1	190.817
1	181.097
1	215.854
1	222.964
1	169.51
1	217.607
1	249.176
1	299.347
1	208.238
1	234.736
1	248.535
1	204.941
1	164.243
1	195.136
1	253.96
1	189.526
1	237.959
1	264.304
1	141.726
1	166.038
1	222.775
1	143.86
1	196.058
1	209.611
1	303.724
1	230.587
1	239.978
1	254.395
1	185.143
1	359.559
1	204.21
1	175.582
1	208.581
1	143.22
1	161.748
1	184.834
1	206.086
1	203.29
1	188.314
1	155.251
1	309.622
1	192.126
1	217.909
1	380.327
1	201.288
1	151.266
1	307.422
1	147.439
1	172.878
1	197.263
1	145.487
1	145.388
1	185.72
1	274.53
1	218.557
1	391.344
1	232.64
1	212.42
1	311.301
0	33.8021
1	195.219
1	166.995
1	214.399
1	175.51
1	256.97
1	165.38
1	148.859
1	293.033
1	235.539
1	240.231
1	245.781
1	193.864
1	154.379
1	280.543
1	155.096
1	214.727
1	229.147
1	226.263
1	241.212
0	4.36322e-05
1	203.203
1	191.564
1	224.077
1	220.751
1	198.698
0	226.342
1	173.465
1	179.34
1	178.855
1	245.564
1	199.433
0	2.69433e-05
1	297.369
1	174.195
1	272.762
1	304.85
1	181.246
1	169.378
1	148.759
1	228.701
1	252.205
1	186.158
1	138.446
1	169.753
1	231.852
0	3.47688e-05
1	156.955
1	150.898
1	161.625
1	181.712
1	191.524
1	163.018
1	240.045
1	185.45
1	239.667
1	186.785
1	174.547
1	186.81
1	221.928
1	243.419
1	231.809
1	212.348
1	254.003
1	212.72
1	157.842
1	179.571
1	233.995
1	292.12
0	40.1652
1	257.697
1	187.054
1	164.311
1	192.438
1	222.868
1	187.807
1	196.095
1	178.707
1	258.084
1	334.898
1	162.969
1	203.227
1	217.771
1	198.792
1	183.608
1	231.808
1	176.632
1	232.595
1	175.901
1	167.228
1	131.866
1	160.335
1	224.483
1	287.027
1	211.269
1	172.322
1	215.327
1	216.786
1	279.025
1	168.401
1	150.987
1	167.553
1	240.346
1	273.614
1	138.608
1	270.672
1	160.83
1	160.884
1	225.112
1	172.082
1	235.437
1	196.82
1	307.2
1	165.789
1	181.938
1	279.278
1	283.147
1	210.981
1	263.762
1	181.568
1	181.401
1	122.564
1	256.538
1	264.354
1	209.08
1	214
1	184.62
1	215.104
1	221.47
1	142.208
1	276.536
1	233.78
1	302.294
1	225.43
1	161.438
1	263.683
1	262.13
1	152.42
1	190.226
1	262.131
1	241.015
1	172.094
1	286.527
1	191.845
1	226.361
1	189.642
1	186.368
1	226.804
1	159.957
1	132.365
1	177.224
1	313.607
1	209.962
1	207.936
1	227.442
1	257.907
1	172.11
1	271.625
1	157.392
1	353.229
1	150.493
1	201.132
1	269.853
1	322.255
1	144.68
1	210.135
1	266.746
1	116.589
1	189.107
1	312.261
1	203.061
1	138.804
1	263.474
1	160.935
1	162.468
1	154.824
1	301.333
1	285.494
1	124.485
1	231.639
1	198.148
1	189.958
1	213.94
1	124.052
1	214.668
1	125.604
1	203.466
1	203.776
1	255.893
1	199.733
1	226.682
1	153.547
1	224.299
1	167.712
1	167.761
1	267.414
1	218.461
1	199.16
1	233.461
1	230.263
1	149.552
1	177.771
1	134.547
1	140.258
1	316.208
1	305.181
1	194.609
1	169.829
1	156.256
1	244.284
1	187.522
1	194.345
1	160.713
1	152.453
0	222.975
1	247.804
1	172.612
1	328.703
1	155.069
1	279.907
1	314.141
1	203.844
1	258.715
1	229.529
1	197.569
1	244.749
1	213.085
1	381.3
1	269.332
1	388.288
1	267.963
1	313.04
1	238.564
1	236.385
1	224.073
1	110.278
1	129.294
1	200.248
1	393.088
1	173.25
1	179.937
1	182.782
1	183.938
1	190.733
1	218.872
1	142.59
1	244.186
1	182.696
1	177.448
1	159.598
1	175.649
1	157.227
1	215.102
1	136.114
1	200.714
1	201.567
1	160.048
1	154.834
1	165.773
1	327.663
1	154.047
1	232.202
1	141.286
1	278.27
1	173.786
1	131.074
1	259.253
1	439.748
1	214.691
1	202.63
1	224.917
1	200.515
1	155.893
1	161.749
1	282.968
1	286.273
1	257.293
1	141.242
1	174.939
1	374.296
1	181.986
1	137.489
1	196.886
1	236.176
1	197.708
1	179.104
1	217.767
1	187.933
1	160.646
1	212.281
1	182.526
1	203.637
1	258.045
1	355.253
1	214.417
1	199.701
1	246.192
1	277.084
1	259.511
1	228.187
1	176.358
1	181.073
1	151.172
1	186.407
1	171.238
1	318.817
1	286.487
1	140.852
1	145.555
1	239.123
1	157.446
1	178.232
1	207.896
1	234.701
1	163.994
1	190.651
1	261.174
1	168.906
1	305.793
1	181.189
1	227.764
1	214.217
1	228.922
1	212.274
1	209.508
1	127.205
1	166.87
1	222.356
1	136.376
1	170.429
1	160.263
1	161.793
1	162.634
1	145.717
1	153.205
1	167.21
1	196.846
1	421.518
1	229.109
1	165.775
1	153.535
1	233.959
1	138.519
1	134.451
1	198.723
1	228.895
1	226.898
1	227.215
1	253.741
1	180.121
0	1.66266e-05
1	302.312
1	147.875
1	162.716
1	156.287
1	279.04
1	151.298
1	149.474
1	197.945
1	204.776
1	169.117
1	210.462
0	5.89824e-07
1	225.77
1	173.062
1	142.5
1	230.084
1	187.94
1	241.29
1	382.951
1	275.407
1	171.323
1	172.745
0	9.4755e-07
1	194.367
1	229.885
1	201.045
1	169.151
1	197.015
1	152.45
1	226.954
1	156.958
1	142.799
1	175.76
1	334.418
1	212.16
1	191.212
0	16.5163
1	174.997
1	250.997
1	174.052
1	140.208
1	204.244
1	175.789
1	125.557
1	183.266
1	161.834
1	148.314
1	180.364
1	155.237
1	200.485
1	161.718
0	9.79483e-05
1	283.719
1	200.241
1	233.53
1	272.839
1	194.468
1	200.935
1	255.099
1	298.681
1	205.905
1	222.548
1	243.111
1	188.495
1	167.694
1	169.683
1	261.862
1	140.428
1	233.567
1	148.925
1	162.069
0	8.22577e-06
1	205.786
1	176.474
1	143.339
1	191.55
1	121.015
1	206.32
1	123.018
1	242.152
1	168.672
1	258.94
1	185.069
1	203.261
1	219.191
1	207.031
1	288.294
1	190.941
1	224.309
1	135.854
1	183.523
1	147.115
1	192.688
1	227.041
1	161.052
1	163.205
1	279.172
1	235.055
1	234.051
1	134.099
1	205.134
1	170.156
1	234.435
1	191.955
1	228.813
1	246.973
1	182.713
1	220.788
1	179.284
1	202.601
1	228.747
1	239.558
1	142.326
1	218.412
1	282.991
0	2.39059e-06
1	168.888
1	175.168
1	204.807
1	165.262
1	214.494
1	172.597
1	172.746
1	249.773
1	181.956
1	202.182
1	125.592
1	181.355
1	156.783
1	233.664
1	218.177
1	240.908
1	235.782
1	173.611
1	171.93
1	146.285
1	143.381
1	317.005
1	266.4
1	173.687
1	213.584
1	203.789
1	230.325
1	316.518
1	283.256
1	232.489
1	197.174
1	168.89
1	193.673
1	236.8
1	166.124
1	268.604
1	191.213
1	132.908
1	216.721
1	130.092
1	201.244
1	219.457
1	257.248
1	154.281
1	214.336
1	264.818
1	165.117
1	144.001
1	188.09
1	245.129
1	312.945
1	331.55
1	147.31
1	208.97
1	283.201
1	192.496
1	199.534
1	151.725
1	187.098
1	123.79
1	119.022
1	184.41
1	183.601
1	158.985
1	221.971
1	165.721
1	191.859
1	166.147
1	199.252
1	211.63
1	232.07
1	220.084
1	239.805
1	192.437
1	223.36
1	227.501
1	164.324
1	171.443
1	165.704
1	229.37
1	247.523
1	284.183
1	287.634
1	226.044
1	158.098
1	191.43
1	133.599
1	202.518
1	162.421
1	219.358
1	212.622
1	203.639
1	190.082
1	125.57
1	170.592
1	177.418
1	247.603
1	323.242
1	153.658
1	176.358
1	168.926
1	186.754
1	224.691
1	181.539
1	198.411
1	151.507
1	213.53
1	224.208
1	200.059
1	183.061
1	173.137
1	149.861
1	158.246
1	269.664
1	205.965
1	176.643
1	214.666
1	227.539
1	137.293
1	208.141
1	227.432
1	155.902
1	195.544
1	184.879
1	262.77
1	162.23
1	153.068
0	2.20624e-05
0	29.8017
1	230.715
1	182.963
1	212.66
1	200.252
1	179.601
1	260.449
1	215.74
1	189.995
1	176.853
1	186.801
1	289.464
1	203.439
1	177.643
1	168.851
1	171.816
1	211.136
1	203.693
1	207.548
1	198.458
0	1.9391e-05
1	186.321
1	262.479
1	143.614
1	194.44
1	214.263
1	330.376
1	168.861
1	139.864
1	156.32
1	231.433
1	172.112
1	235.361
1	263.732
1	227.32
1	202.871
1	284.329
1	179.98
1	245.8
1	176.769
1	285.893
1	204.045
1	156.902
1	350.468
1	220.689
1	248.777
1	128.157
1	191.38
1	271.15
1	163.418
1	199.34
1	237.945
1	275.196
1	189.799
1	178.638
1	149.464
1	167.989
1	166.469
1	180.856
1	367.203
1	243.952
1	116.691
1	154.963
1	158.627
1	129.473
1	178.827
1	194.964
1	190.891
1	119.44
1	186.136
1	155.368
1	165.778
1	159.838
1	215.046
1	215.021
1	322.211
1	149.717
1	235.408
1	160.636
1	209.919
1	215.065
1	220.735
1	188.001
1	192.651
0	56.9964
1	191.474
1	146.215
1	192.651
1	118.098
1	165.506
1	104.856
1	234.25
1	148.817
1	208.308
1	198.759
1	145.663
1	236.355
1	176.904
1	198.145
1	264.956
1	158.872
1	263.735
1	249.667
1	205.745
1	171.88
1	149.063
1	133.985
1	156.369
1	154.367
1	233.577
1	292.911
1	315.912
1	332.135
1	151.655
1	245.071
1	125.427
1	318.56
1	146.798
1	184.393
1	332.773
1	171.76
1	201.602
1	157.11
1	267.477
1	230.34
1	162.814
1	276.836
1	124.628
1	144.624
1	164.464
1	242.571
1	177.494
1	193.909
1	207.38
1	195.995
1	179.923
1	222.475
1	202.006
1	212.406
1	346.742
1	140.165
1	186.097
1	287.503
1	198.332
1	164.827
1	192.539
1	235.091
1	192.769
1	211.79
1	191.971
0	6.13171e-06
1	145.262
1	164.96
1	187.036
1	166.976
1	214.587
1	243.709
1	204.202
1	234.339
1	207.467
1	170.871
1	155.372
1	151.047
1	248.554
1	163.685
1	216.65
1	192.291
1	184.263
1	226.971
1	234.732
1	321.514
1	155.233
1	177.35
1	186.376
1	146.997
1	146.399
1	154.147
1	168.601
1	131.705
1	296.992
1	150.019
1	161.1
1	190.171
1	177.883
1	174.559
1	254.993
1	173.655
1	210.018
1	186.632
1	201.516
1	162.443
1	221.037
1	307.584
1	134.986
1	218.787
1	157.529
1	302.228
1	227.747
0	0.000241417
1	151.714
1	176.032
1	139.334
1	167.54
1	223.625
1	195.347
1	207.822
1	143.715
1	217.125
1	189.277
1	318.339
1	212.383
1	155.054
1	196.341
1	149.908
1	193.884
1	218.121
1	193.129
1	165.4
1	217.516
1	169.52
1	156.174
0	124.433
1	184.759
0	20.6927
1	169.26
1	165.602
1	297.572
1	231.941
1	245.066
1	279.231
1	206.014
1	236.49
1	203.939
1	210.653
1	221.649
1	168.14
1	137.376
1	269.71
1	158.703
1	161.773
1	195.432
1	169.797
1	155.021
1	304.114
1	221.264
1	142.02
0	52.2033
1	285.278
1	142.645
1	183.664
1	260.55
1	196.419
1	216.18
1	178.34
1	227.826
1	270.553
1	160.095
1	375.691
1	152.358
1	244.803
1	188.385
1	236.335
1	136.427
0	1.00379e-05
1	257.353
1	243.016
1	181.211
1	234.049
1	148.506
1	162.326
1	126.086
1	155.947
1	251.452
1	189.936
1	181.183
1	240.961
1	193.861
1	212.655
1	227.208
1	294.286
1	292.171
1	204.51
1	280.491
0	0.000147753
1	153.89
1	338.367
1	188.709
1	209.161
1	257.856
1	209.943
1	402.18
1	191.732
1	218.608
1	153.934
1	283.697
1	152.092
1	238.555
1	404.316
1	164.43
1	185.39
1	196.388
1	307.131
1	187.84
1	149.737
1	159.658
1	204.951
1	325.712
1	241.321
1	205.444
1	224.074
1	313.457
1	141.669
1	155.749
1	192.738
1	217.285
1	155.166
1	165.961
1	237.62
1	177.155
1	350.356
1	261.033
1	269.254
1	130.764
1	240.817
1	219.022
1	166.392
1	238.994
1	227.163
1	208.427
1	126.503
1	148.329
1	178.347
1	282.716
1	272.033
1	172.696
1	385.225
1	160.04
1	181.047
1	270.684
1	142.197
1	165.775
1	190.796
1	247.075
1	277.719
1	289.372
1	187.3
1	336.077
1	209.922
1	181.125
1	222.348
1	210.499
1	233.124
1	282.467
1	200.015
1	212.075
1	196.373
1	173.694
1	216.331
1	144.227
1	169.215
1	262.975
1	213.036
1	243.218
1	404.96
1	248.69
1	188.373
1	196.845
1	215.81
1	165.187
1	176.057
1	140.514
1	176.034
1	183.376
1	214.087
1	244.849
1	147.621
1	161.943
1	314.073
1	272.282
1	302.207
1	225.905
1	216.981
1	234.619
1	223.124
0	12.1214
1	249.142
1	174.55
1	157.349
1	216.72
1	172.315
1	142.164
1	131.454
1	244.779
1	193.172
1	257.571
1	246.273
1	182.769
1	185.645
1	217.986
1	160.891
1	229.117
1	155.195
1	214.463
1	149.898
1	209.691
1	196.504
1	284.923
1	194.162
1	193.326
1	227.293
1	151.743
1	170.952
1	288.855
1	186.668
1	162.431
1	167.818
1	194.892
1	163.317
1	191.818
1	230.033
1	230.164
1	237.675
1	302.978
1	271.213
1	176.135
1	180.15
1	168.639
1	242.889
1	155.638
1	160.594
1	246.279
1	186.577
1	237.091
1	187.514
1	157.115
1	167.358
1	148.422
1	157.124
1	186.377
1	211.949
1	183.82
1	171.939
1	189.585
1	205.653
1	264.155
1	125.265
0	0.000103232
1	131.392
1	151.784
1	124.045
1	160.084
1	182.934
1	143.589
1	156.899
1	195.454
1	222.767
1	189.915
1	159.967
1	195.398
1	173.361
1	119.08
1	168.179
1	189.471
1	169.935
1	255.297
1	140.071
1	239.522
1	150.824
1	178.009
1	190.42
1	227.814
1	225.782
1	163.668
1	161.761
1	108.215
1	156.094
1	254.67
1	159.797
1	169.821
1	199.824
1	122.59
1	172.07
0	1.25485e-05
1	110.798
1	158.231
1	159.198
1	212.972
1	143.798
1	266.835
1	204.809
1	166.672
1	232.446
1	249.491
1	211.172
1	179.353
1	137.002
1	257.497
1	188.944
1	202.395
1	199.31
1	178.178
1	201.899
1	186.652
1	234.592
1	160.574
1	195.209
1	155.889
1	159.008
1	155.861
1	296.89
1	247.884
1	168.623
1	131.606
1	181.153
1	226.626
1	143.583
1	229.803
1	218.522
1	235.056
1	170.689
1	158.324
1	202.836
1	182.703
1	161.534
1	170.487
1	326.365
1	195.962
1	214.823
1	215.159
1	168.307
1	150.191
1	179.857
1	174.756
1	197.862
1	160.029
1	158.24
1	194.777
1	250.908
1	173.035
1	296.138
1	258.525
1	193.238
1	159.723
1	155.256
1	215.112
1	138.101
1	194.535
1	190.929
1	230.965
1	171.698
1	230.168
1	240.859
1	178.813
1	300.987
1	201.658
1	257.611
1	192.932
1	256.261
1	441.148
1	293.284
1	320.759
1	238.822
1	235.12
1	200.901
1	132.36
1	210.586
1	250.155
1	225.744
1	164.415
1	180.944
1	212.24
1	164.153
1	250.065
1	239.327
1	236.153
1	294.799
1	194.698
1	222.81
1	164.67
1	143.112
1	173.73
1	190.631
1	122.168
1	261.387
1	212.399
1	204.856
1	181.303
1	133.996
1	193.455
1	218.382
1	133.696
1	176.122
1	181.535
0	3.46408e-05
1	217.115
1	255.035
1	173.544
1	202.893
1	148.155
1	147.776
1	284.726
1	206.953
1	205.386
1	178.543
1	245.666
1	179.01
1	200.349
1	185.601
1	168.711
1	214.656
1	152.187
1	233.353
1	201.921
1	230.565
1	215.068
1	244.122
1	204.455
1	168.746
1	219.757
1	244.969
1	206.584
1	122.798
1	294.69
1	240.276
1	319.18
1	231.391
1	185.948
1	181.279
1	193.519
1	228.456
1	141.92
1	377.415
1	185.138
1	202.539
1	141.291
1	178.693
1	144.5
1	125.027
1	246.932
1	225.87
1	154.969
1	314.716
1	225.06
1	196.832
1	252.774
1	162.254
1	185.168
1	183.006
1	225.635
1	191.28
1	170.208
1	168.336
1	233.207
1	139.481
1	169.077
1	152.428
1	165.647
1	289.293
1	218.173
1	297.009
1	173.847
1	154.863
1	287.208
1	191.708
1	238.033
1	158.44
1	243.988
1	171.118
1	253.93
1	163.2
1	242.181
1	136.322
1	199.341
1	280.158
1	213.787
1	167.777
1	225.013
1	193.764
1	184.67
0	112.674
1	169.843
1	181.452
1	194.876
1	210.978
1	223.185
1	222.043
1	249.742
1	201.785
1	351.781
1	223.65
1	161.431
1	212.308
1	146.705
1	170.257
1	158.268
1	228.101
1	222.486
1	156.624
1	230.724
1	207.728
1	190.668
1	135.107
1	156.614
1	191.251
1	152.758
1	313.502
1	225.576
1	163.955
1	148.318
1	221.02
1	247.843
1	182.641
1	126.7
1	165.791
1	226.939
1	138.928
1	127.273
1	125.776
1	186.824
1	266.848
1	216.936
1	220.648
1	295.195
1	233.162
1	230.958
1	122.438
1	159.918
1	171.135
1	241.473
1	242.929
1	201.506
1	262.567
1	263.492
1	173.205
1	256.488
1	197.826
1	250.085
1	167.781
1	306.452
1	236.775
1	182.308
1	204.21
1	239.249
1	154.505
1	223.76
0	32.3857
1	239.639
1	148.285
1	168.456
1	229.86
1	153.374
1	240.759
1	262.578
1	190.997
1	199.145
1	218.342
1	230.738
1	218.4
1	203.347
1	275.43
1	214.126
1	186.596
1	115.13
1	164.121
1	136.288
1	289.342
1	245.197
1	195.478
1	130.765
1	177.679
1	220.68
1	255.759
1	226.027
1	149.15
1	187.157
1	160.809
1	173.664
1	192.8
1	150.064
1	224.849
1	166.138
1	266.45
1	252.285
1	143.252
1	113.855
1	180.946
1	159.852
1	220.576
1	241.014
0	2.0726e-05
0	79.8603
0	66.8855
0	1.84356e-05
1	179.942
1	304.279
1	155.227
1	252.041
1	261.352
1	224.634
1	201.919
1	232.548
1	211.898
1	214.68
1	160.409
1	178.082
1	194.436
1	158.266
1	166.088
1	118.57
1	237.824
1	255.816
0	45.2068
1	194.015
1	156.262
1	186.294
1	217.19
1	231.503
1	237.041
1	196.845
1	139.015
1	225.224
1	147.99
1	205.616
1	155.817
1	221.336
1	184.029
1	214.501
1	228.673
1	235.661
1	145.678
1	183.843
1	219.036
1	233.508
1	177.69
1	306.297
0	161.011
1	149.958
1	219.591
1	222.543
1	181.438
1	193.23
1	163.593
1	223.101
1	291.423
0	1.68712
1	223.851
1	145.763
1	206.927
1	182.936
1	184.983
1	226.673
1	229.415
1	344.194
1	196.39
1	203.307
1	208.663
1	165.045
1	139.13
1	161.437
1	186.349
1	210.138
1	140.57
1	186.168
1	147.813
1	188.394
1	240.724
1	177.433
1	166.311
1	150.126
1	201.814
1	171.596
1	200.817
1	183.83
1	200.038
0	15.4448
1	205.138
1	214.097
1	268.446
1	237.712
1	255.867
1	140.065
1	152.391
1	217.171
1	187.612
1	175.875
1	169.309
1	193.395
1	167.68
1	239.233
0	53.8922
1	164.745
1	256.64
1	255.823
1	231.991
1	296.393
1	206.173
1	218.136
1	197.386
1	197.092
1	149.31
1	165.966
1	174.153
1	239.773
1	179.066
1	226.481
1	177.382
1	182.938
1	175.145
1	148.919
1	163.098
1	301.364
1	254.453
1	174.433
1	258.105
1	267.284
1	148.317
1	198.017
1	183.622
1	193.194
1	178.826
1	195.091
1	284.016
1	207.393
1	390.261
1	200.814
1	166.963
1	301.84
1	172.126
1	191.025
1	160.102
1	240.763
1	159.356
1	164.886
1	186.891
1	183.85
1	185.202
1	214.17
0	2.29687e-07
1	210.688
1	179.105
1	209.207
1	213.577
1	221.203
1	149.352
0	2.83048e-05
1	209.485
1	158.948
1	208.696
1	209.838
1	173.484
1	146.743
1	198.828
1	157.998
1	173.82
1	159.098
1	193.513
1	233.864
1	149.806
1	196.18
1	263.617
1	196.309
1	199.125
1	244.349
1	181.616
1	218.45
1	237.497
1	152.987
1	331.145
1	165.735
1	235.833
1	175.837
1	170.305
1	181.804
1	209.806
1	229.749
1	210.383
1	285.744
1	148.263
1	247.81
1	207.672
1	312.649
1	163.581
1	219.957
1	179.208
1	173.97
1	267.465
1	183.528
1	183.928
1	210.488
1	197.203
1	158.97
1	127.528
1	166.737
1	220.509
1	239.248
1	252.1
1	158.453
1	198.931
1	198.735
0	10.4186
1	155.858
0	55.8222
1	202.467
0	93.7427
1	202.487
1	235.157
1	284.422
1	212.707
1	281.191
1	196.262
1	308.15
1	217.642
1	166.179
1	183.977
1	236.119
1	141.477
1	160.216
1	171.448
1	266.618
1	192.361
1	322.617
1	318.199
1	251.564
1	183.834
1	167.291
1	267.04
1	254.482
1	227.113
1	239.192
1	138.925
1	252.527
1	184.479
1	201.322
1	172.435
1	205.229
1	312.442
1	280.815
1	211.686
1	297.717
1	283.524
1	188.844
1	298.661
1	200.043
1	185.411
1	245.467
1	227.765
1	165.337
1	172.742
1	228.808
1	198.772
1	196.765
1	259.923
1	215.77
1	227.343
1	158.661
1	173.003
0	3.92282e-05
1	181.312
1	268.914
1	186.756
1	204.15
1	182.313
1	161.204
1	138.155
1	177.734
1	213.804
1	199.966
1	185.853
1	314.02
1	287.6
1	330.399
1	133.339
1	198.855
1	247.031
1	159.983
1	142.155
1	259.685
1	169.588
1	171.669
1	305.661
1	187.512
1	174.708
1	192.516
1	250.157
1	229.549
1	228.416
1	196.296
1	225.536
1	244.164
1	229.51
1	193.191
1	316.122
1	142.385
1	179.05
1	214.987
1	218.835
1	203.822
1	221.924
1	197.719
1	174.036
1	183.238
1	206.711
1	108.712
1	235.49
1	147.143
1	130.79
1	151.884
1	241.4
1	187.676
1	245.345
1	210.642
1	173.192
1	145.668
1	394.326
1	184.57
0	86.2884
1	147.637
1	222.291
1	138.536
1	152.632
1	163.175
0	6.62647e-06
1	220.697
1	230.387
1	147.836
1	137.385
1	182.773
1	105.044
1	215.294
1	176.802
1	281.682
1	155.815
1	181.417
1	202.497
1	249.348
1	163.311
1	215.878
1	306.387
1	183.344
1	182.687
1	180.912
1	164.506
1	232.201
1	174.493
1	267.315
1	226.382
1	155.492
1	197.246
1	170.651
1	148.774
0	40.2914
1	186.786
1	151.259
1	220.581
1	209.139
1	321.139
1	150.24
1	266.207
1	165.366
1	221.444
1	178.544
1	229.55
1	156.089
1	231.908
1	154.193
1	196.882
1	150.488
1	218.831
1	157.056
1	187.485
1	209.541
1	228.871
1	140.214
1	281.049
1	269.232
1	179.074
1	204.147
1	338.981
1	204.929
1	185.446
1	177.346
1	295.479
1	194.348
1	167.909
1	161.198
1	169.314
1	247.128
1	305.042
1	175.638
1	152.203
0	6.35913e-05
1	253.483
1	229.517
1	221.881
1	263.668
1	187.268
1	153.529
1	207.91
1	244.671
1	163.257
1	148.28
1	191.027
1	161.044
1	204.836
1	197.899
1	233.619
1	170.352
0	35.7864
1	308.315
1	301.708
1	194.526
1	194.841
1	249.265
1	240.195
1	355.071
1	274.234
1	230.997
1	230.868
1	282.474
1	204.909
1	187.643
1	166.822
1	253.259
1	135.386
1	158.461
1	183.605
1	194.189
1	225.201
1	161.506
1	158.493
1	240.947
1	213.14
1	217.454
1	172.073
1	159.601
1	232.313
1	191.731
1	133.355
1	157.386
1	183.829
1	182.223
1	245.166
1	194.949
1	168.046
1	166.427
1	172.179
1	190.305
1	539.923
1	211.301
1	223.845
1	171.854
1	310.546
1	181.279
1	190.545
1	241.121
1	249.634
1	203.332
1	129.363
1	182.078
1	208.214
1	158.84
1	184.312
1	264.468
1	185.331
1	166.8
1	165.139
1	175.106
1	178.234
0	16.515
1	214.303
1	143.288
1	168.889
1	156.53
1	118.492
1	302.651
1	191.287
1	258.079
0	34.5141
1	247.68
1	266.483
1	209.416
1	207.966
1	194.701
1	185.572
1	215.08
1	258.857
1	202.057
1	168.477
1	281.128
1	221.454
1	265.352
1	144.837
0	98.5438
1	217.485
1	274.651
1	127.816
1	140.978
1	237.314
1	253.1
1	181.901
1	223.591
1	140.818
1	164.271
1	180.829
1	161.795
1	191.299
1	222.634
1	206.141
1	369.833
1	270.882
1	256.741
1	177.43
1	175.817
1	193.335
1	219.132
1	217.843
1	128.73
1	198.553
1	160.843
1	171.839
1	193.555
1	228.728
1	243.141
1	203.61
1	188.438
1	139.94
1	184.128
1	177.685
1	174.985
1	158.611
1	215.209
1	226.265
1	239.035
1	190.278
1	158.27
1	167.703
1	128.689
1	271.616
1	170.961
1	226.097
1	207.128
1	203.261
1	161.601
1	172.606
1	211.214
1	205.855
1	213.853
1	184.373
1	197.781
1	190.982
1	192.908
1	210.141
1	287.898
1	198.899
1	231.568
1	157.985
1	208.396
1	162.523
1	166.683
1	156.557
1	194.432
1	175.533
1	144.929
1	270.495
1	230.538
1	156.353
1	174.806
1	136.375
1	195.59
1	198.539
1	252.001
1	164.833
1	298.874
1	146.985
1	202.914
1	183.525
1	243.324
1	185.047
1	277.182
1	238.419
1	138.775
1	239.297
1	403.165
1	103.88
1	187.035
1	270.153
1	153.065
1	157.434
1	162.568
1	198.84
1	198.005
1	203.293
1	150.655
1	189.809
1	219.236
1	167.197
1	136.226
1	194.856
1	188.218
1	293.501
1	267.079
1	198.502
1	222.405
1	217.342
1	166.695
1	165.335
1	192.86
1	151.165
1	177.409
1	186.89
1	159.597
1	222.503
1	188.739
1	216.494
1	196.28
1	226.629
1	201.936
1	193.851
1	221.273
1	129.211
1	267.701
1	301.934
1	241.993
1	273.338
1	215.917
1	142.455
1	181.003
1	168.089
1	207.824
1	163.036
1	188.886
1	233.743
1	191.415
1	210.149
0	1.46389
1	173.671
1	250.028
1	124.919
1	255.479
1	120.459
1	200.216
1	126.93
1	211.773
1	266.404
1	165.472
1	229.633
1	176.167
1	185.752
1	242.967
1	172.929
1	213.159
1	142.77
1	138.371
1	167.53
1	194.544
1	203.506
1	215.272
1	134.491
1	197.422
1	173.959
1	164.484
1	271.793
1	220.726
1	153.18
1	173.809
1	153.166
1	176.181
1	165.681
0	3.95337e-05
1	144.392
1	199.459
1	147.288
1	266.539
1	190.397
1	155.271
1	230.133
1	290.54
1	187.691
1	171.712
1	278.203
1	141.899
1	198.068
1	247.654
1	287.125
1	227.945
1	136.874
1	221.387
1	220.801
1	150.91
1	217.576
1	198.652
1	165.204
1	275.909
1	191.26
1	160.421
1	212.25
1	313.364
1	160.141
1	183.556
1	229.569
1	206.407
1	200.685
1	204.369
1	209.416
1	130.623
1	169.92
1	215.825
1	240.444
1	200.773
1	134.384
1	158.92
1	132.181
1	177.724
1	147.621
1	194.336
1	206.82
1	297.862
1	194.901
1	180.777
1	213.589
1	292.289
1	123.043
1	227.222
1	190.549
1	189.173
1	193.375
1	406.445
1	239.621
1	206.238
1	233.04
1	166.459
1	277.187
1	224.605
1	201.471
1	184.756
1	343.247
1	161.029
1	157.878
1	222.287
1	191.451
1	180.589
1	256.893
1	151.703
0	99.6978
1	189.464
1	270.087
1	173.501
1	223.828
1	156.334
1	159.812
1	143.633
0	2.25038e-05
1	200.903
0	42.644
1	154.649
1	182.541
1	160.075
1	182.285
1	295.682
1	207.187
1	183.662
1	223.025
1	199.874
1	185.549
1	284.207
1	215.399
1	234.101
1	291.449
1	151.354
1	151.162
1	157.92
1	287.912
1	281.129
1	197.338
1	222.825
1	162.982
1	247.265
1	122.42
1	174.603
1	180.292
1	172.532
1	227.603
1	206.154
1	162.531
0	123.195
1	194.651
1	158.509
1	190.487
1	163.924
1	199.535
1	211.004
1	150.232
1	246.195
1	216.068
1	207.746
1	178.349
1	242.659
1	137.209
1	171.419
1	216.565
1	218.502
1	177.518
1	206.772
1	140.215
1	175.592
1	166.374
1	233.999
1	184.78
1	179.695
1	190.827
1	216.099
1	181.963
1	144.117
1	231.16
1	296.274
1	195.903
1	168.465
1	134.993
1	241.59
1	160.487
1	288.363
1	234.624
1	195.904
1	159.193
1	190.746
1	143.412
1	203.915
1	217.909
1	206.303
1	216.757
1	217.815
1	249.72
1	257.002
1	155.774
1	134.895
1	318.341
1	169.884
1	197.592
1	258.701
1	190.47
1	227.321
0	57.5436
1	165.86
1	228.958
1	246.9
1	186.195
1	235.479
1	178.584
1	157.46
1	255.695
1	209.485
1	143.535
1	219.501
1	369.843
1	237.001
1	235.249
1	152.294
1	225.603
1	229.726
1	172.445
1	161.152
1	220.365
1	231.66
1	150.703
1	125.461
1	281.43
1	169.275
1	172.987
1	338.236
1	223.492
1	250.409
1	156.688
0	0.000219341
1	250.01
1	228.975
1	129.622
1	200.489
1	195.058
0	50.8083
1	290.785
1	258.642
1	142.258
1	187.7
1	225.423
1	120.117
1	167.408
1	163.247
1	150.991
1	162.163
1	226.474
1	173.185
1	169.124
1	183.068
1	159.71
1	168.903
1	139.271
1	224.204
1	166.506
1	201.21
1	210.087
1	285.673
1	146.357
1	206.611
1	296.419
1	147.221
1	222.956
1	203.208
1	234.482
1	222.77
1	210.794
1	188.377
1	136.226
1	178.963
1	207.93
1	237.644
1	260.703
1	247.742
1	272.13
1	127.338
1	267.207
1	215.464
1	330.369
1	219.837
1	154.437
1	277.664
1	217.209
1	209.559
1	115.514
1	205.926
1	216.363
1	287.946
1	248.532
1	161.53
1	266.924
1	193.118
1	211.087
1	177.286
1	196.851
1	252.369
1	242.919
1	188.013
1	228.562
1	192.689
1	218.461
1	325.293
1	236.228
1	295.003
1	299.615
1	226.521
1	216.104
1	217.907
1	162.658
1	167.191
1	184.182
1	156.091
1	222.826
1	201.817
1	129.789
1	162.417
1	200.383
1	200.345
1	186.924
1	231.501
1	194.836
1	163.847
1	182.392
0	1.34555e-05
1	160.616
1	270.465
1	313.591
1	187.263
1	161.37
1	192.355
1	237.113
1	226.741
1	154.105
1	224.329
1	118.003
0	10.8301
1	118.252
1	198.081
1	124.776
1	222.62
1	293.104
1	232.911
1	206.632
1	135.728
1	201.805
1	281.358
1	185.945
1	164.585
1	177.496
1	182.497
1	180.872
1	192.014
1	218.106
1	172.623
1	173.3
1	98.1831
1	175.717
1	211.41
1	185.15
1	263.445
1	183.284
1	226.216
1	196.543
1	206.086
1	193.22
1	290.006
1	201.732
1	255.638
1	180.402
1	187.675
1	173.657
1	164.628
1	208.799
1	244.029
1	267.35
1	272.315
1	201.608
1	168.059
1	165.898
1	175.68
1	191.384
1	150.577
1	168.873
1	168.287
1	315.298
1	193.788
1	191.437
1	150.457
1	176.744
1	281.053
1	189.831
1	311.995
1	193.945
1	168.802
1	162.764
1	153.16
1	228.144
1	211.78
1	223.442
1	262.114
1	237.17
1	136.958
1	152.823
1	196.933
1	177.738
1	248.746
1	208.757
1	239.595
1	167.498
1	278.32
1	192.065
1	263.372
1	141.761
1	240.237
1	282.767
1	230.573
1	186.091
1	225.074
1	199.379
1	243.312
1	220.963
1	228.589
1	251.556
1	142.7
1	227.136
1	160.116
1	219.65
1	206.073
1	166.421
1	142.945
1	172.347
1	144.961
1	175.565
1	181.099
1	166.996
1	160.362
1	127.913
1	220.029
1	243.79
1	212.419
1	179.167
1	170.011
1	186.807
1	206.029
1	140.287
1	149.82
1	244.963
1	229.347
1	182.355
1	175.761
1	174.849
1	213.672
1	206.043
1	176.894
1	253.952
1	250.908
1	199.666
1	194.103
1	223.111
1	251.589
1	159.146
1	197.004
1	171.942
1	134.571
1	253.148
1	147.116
1	157.448
1	170.413
1	193.27
1	157.176
1	188.21
1	196.195
1	175.361
1	259.687
1	244.687
1	207.914
1	298.305
1	179.356
1	178.584
1	177.288
1	201.741
1	187.848
1	170.973
1	215.777
1	328.984
1	173.531
1	173.139
1	121.865
1	336.456
1	212.173
1	236.623
1	159.238
1	147.14
1	287.769
1	172.262
1	229.523
1	229.256
1	164.681
1	172.863
1	199.392
1	224.582
1	179.084
1	196.523
1	148.555
1	188.805
1	184.61
1	139.949
1	169.626
1	194.144
1	321.278
1	189.342
1	211.479
1	227.056
1	150.094
1	207.482
1	163.305
1	206.696
1	206.637
1	226.988
1	254.401
1	224.571
1	246.677
1	195.256
1	126.477
1	228.564
1	220.139
1	162.3
1	214.134
1	281.897
1	189.085
1	173.205
1	175.683
1	130.41
1	238.626
1	290.099
1	185.061
1	200.366
1	222.833
1	211.602
1	216.811
1	171.125
1	252.099
1	224.235
1	159.292
1	195.635
1	174.84
1	222.726
1	196.547
1	163.885
1	234.11
1	219.493
1	287.313
1	212.835
1	176.051
1	227.786
1	214.818
1	195.498
1	248.972
1	214.884
1	208.885
1	291.556
1	167.972
1	190.306
1	177.274
1	263.942
1	230.259
1	161.322
1	216.473
1	273.241
1	253.737
1	243.287
1	212.482
1	198.303
1	120.26
1	165.967
1	188.314
1	187.687
1	152.497
1	154.722
1	218.232
1	205.013
1	275.995
1	155.623
1	170.485
1	214.548
1	269.14
1	149.015
1	236.137
1	186.65
1	243.254
1	152.461
1	155.506
1	220.06
1	242.154
1	176.198
1	225.05
1	220.987
1	204.164
1	246.489
1	186.112
1	207.79
1	210.254
1	187.319
1	187.11
1	216.851
1	136.543
1	152.366
1	214.683
1	181.889
1	193.404
1	208.993
1	243.717
1	149.804
1	150.644
1	231.528
1	294.662
1	302.121
1	178.391
1	211.692
1	133.834
1	172.599
1	201.444
1	157.429
1	180.792
1	162.05
1	187.432
1	223.573
1	168.127
1	214.891
1	204.461
1	253.371
1	182.698
1	173.296
1	186.128
1	138.729
1	251.977
1	163.67
1	200.615
1	206.222
1	128.38
1	222.546
1	149.019
1	150.601
1	204.123
1	153.998
1	220.556
1	194.451
1	156.799
1	210.631
1	191.309
1	174.068
1	177.477
1	226.804
1	221.657
1	202.132
1	248.415
1	259.402
1	150.739
1	150.858
1	266.016
1	221.985
1	185.37
1	233.988
1	162.582
1	238.235
1	191.76
1	216.453
1	253.108
1	175.093
1	186.12
1	228.954
1	198.617
1	204.537
0	216.292
1	255.271
1	180.035
1	159.735
1	191.624
1	178.499
1	185.632
1	368.915
1	171.962
1	185.143
1	199.233
1	169.828
1	180.986
1	275.238
1	147.484
1	166.579
1	197.48
1	213.72
1	173.13
1	142.273
1	212.314
1	191.57
1	168.514
1	204.028
1	364.703
1	214.016
1	206.678
1	263.536
1	183.545
0	2.18132e-05
1	430.251
1	195.533
1	195.78
1	214.48
1	247.68
1	218.357
1	198.511
1	218.911
1	283.391
1	209.69
1	174.628
1	175.106
1	229.285
1	221.465
1	215.306
1	161.511
1	206.647
1	194.604
1	181.082
1	177.089
1	128.299
1	279.664
0	7.47469e-05
1	211.48
1	184.943
1	155.169
1	250.264
1	179.866
1	191.737
1	139.917
1	172.953
1	146.741
1	176.474
1	239.753
1	186.044
1	226.905
1	227.908
1	273.366
1	169.851
1	188.376
1	203.225
1	237.658
1	195.424
1	156.857
1	187.09
1	230.805
1	185.169
1	187.28
1	227.402
1	180.395
1	198.833
1	172.698
1	206.913
1	195.231
1	240.355
1	172.773
1	246.294
1	149.593
1	227.428
1	124.726
1	226.829
1	254.889
1	132.791
1	168.582
1	199.044
1	197.384
1	228.468
1	117.815
1	128.833
1	227.443
1	198.052
1	287.008
1	196.372
0	8.84862e-05
1	278.016
1	177.378
1	200.88
1	219.643
1	164.607
1	159.008
1	172.711
1	194.648
1	283.397
1	184.893
1	210.483
1	265.411
1	166.083
1	254.162
1	168.882
0	9.32978e-06
1	231.246
1	194.672
1	153.724
1	195.057
1	223.249
1	168.897
1	165.042
1	197.897
1	380.522
1	166.067
1	236.329
1	205.941
1	177.37
1	125.876
1	212.895
1	232.932
1	170.919
1	213.7
1	217.599
1	171.038
1	147.774
1	319.467
1	199.924
1	155.635
1	152.424
1	456.556
1	246.388
1	241.841
1	249.014
1	204.289
1	153.45
1	169.128
1	187.5
1	145.14
1	138.904
1	165.355
1	155.315
1	144.015
1	267.447
1	148.037
1	174.392
1	239.838
1	200.172
1	272.635
1	128.773
1	214.852
1	151.436
1	280.276
1	147.737
1	240.417
1	163.799
1	185.194
1	173.402
1	194.219
1	214.314
1	227.334
1	210.441
1	221.239
1	246.452
1	137.326
1	133.887
1	160.062
1	229.475
1	175.468
1	210.137
1	194.345
1	230.017
1	149.882
1	302.366
1	202.122
1	176.859
1	215.638
1	136.62
1	122.036
1	185.677
1	155.421
1	144.277
1	289.581
1	330.602
1	161.134
0	6.75387
0	4.0882e-05
1	290.572
1	341.946
1	188.187
1	173.56
1	145.668
1	179.47
1	196.178
1	232.074
1	280.384
1	199.486
1	169.716
1	175.055
1	235.288
1	125.38
1	207.949
1	188.494
1	147.795
1	254.615
1	205.265
1	286.6
1	198.215
1	195.159
1	162.857
1	188.807
1	373.175
1	190.46
1	168.736
1	190.514
1	172.805
1	264.678
1	175.059
1	267.219
1	224.852
1	191.923
1	215.368
1	332.034
1	200.524
1	241.292
1	212.618
1	133.937
1	186.445
1	171.672
0	14.5072
1	152.717
1	200.416
1	185.667
1	253.085
1	166.207
1	226.204
1	222.841
1	184.701
1	189.628
1	216.888
1	200.834
1	177.287
1	222.357
1	163.926
1	307.194
1	189.178
1	170.254
1	133.911
1	317.382
1	177.23
1	220.129
1	166.254
1	197.269
1	191.227
1	152.158
1	256.791
1	180.636
1	180.901
1	177.36
1	151.08
1	191.634
1	201.759
1	343.436
1	293.776
1	160.429
1	175.23
1	210.156
1	198.331
1	345.684
1	202.686
1	181.135
1	170.362
1	155.817
1	232.145
1	227.545
1	133.788
1	151.35
1	314.52
1	215.691
1	285.864
1	264.75
1	168.03
1	286.049
1	160.226
1	200.071
1	266.406
1	275.17
1	244.873
1	236.738
1	194.853
1	231.335
1	210.91
1	189.458
1	200.777
1	187.24
1	170.654
1	171.389
0	22.7201
1	252.104
1	176.167
1	168.805
1	170.753
1	162.39
1	190.824
1	160.862
1	206.332
1	314.66
1	221.023
1	183
1	139.961
1	198.25
1	327.048
1	246.887
1	198.288
1	164.031
1	222.11
1	203.597
1	129.578
1	251.978
1	260.756
1	215.824
1	136.729
1	182.758
1	285.908
1	215.193
1	257.345
1	166.153
1	205.186
1	149.73
1	208.909
1	184.761
1	250.71
1	226.781
1	240.801
1	139.277
1	312.144
1	152.364
1	165.789
1	204.93
1	247.553
1	170.642
1	262.931
1	239.458
1	217.413
1	176.345
1	210.732
1	173.226
1	198.715
1	200.936
1	287.354
1	160.103
1	217.292
1	291.536
1	238.832
1	195.78
1	250.6
1	204.305
1	189.459
1	221.542
1	172.401
1	248.002
1	191.821
1	226.931
1	179.355
1	329.406
1	250.96
1	173.75
1	125.443
1	196.35
1	397.428
1	164.634
1	144.294
1	148.855
1	175.183
1	267.993
1	230.603
1	260.44
1	193.583
1	186.253
1	231.977
1	161.066
1	133.797
0	1.30966e-05
1	218.308
1	237.507
1	223.727
1	228.131
1	255.66
1	158.827
1	246.89
1	230.777
1	213.82
1	185.124
1	184.888
1	172.107
1	189.665
1	173.43
1	348.354
1	191.488
1	283.53
0	60.0355
1	350.918
1	289.664
1	158.058
1	264.796
1	218.69
0	13.6669
1	139.349
1	188.697
1	157.878
1	244.16
1	259.037
1	241.894
1	138.126
1	234.313
1	206.961
1	333.233
1	163.489
1	181.837
1	193.591
1	257.224
1	213.912
1	160.214
1	170.241
1	244.372
1	195.938
1	310.129
1	222.085
1	138.289
1	155.166
1	172.211
1	162.438
1	261.971
1	303.732
1	268.222
1	204.4
1	119.722
1	272.191
1	254.785
1	222.831
1	373.09
1	219.147
1	167.747
1	172.896
1	239.908
1	243.492
1	161.206
1	203.616
1	178.161
1	178.099
1	142.457
1	175.997
1	155.152
1	209.164
1	225.559
1	216.219
1	177.255
1	159.944
1	421.144
1	197.733
1	339.92
1	141.286
1	161.008
1	194.665
1	229.252
1	136.229
1	286.538
1	216.382
1	167.504
1	308.822
1	206.284
1	260.097
0	9.50643e-05
1	242.58
1	165.147
1	220.536
1	247.86
1	179.829
1	285.467
1	173.669
1	208.289
1	217.68
1	137.432
1	144.128
1	289.646
1	183.546
1	193.379
1	191.027
1	124.335
1	216.742
1	198.504
1	158.341
1	284.328
0	8.06932
1	148.904
1	128.668
1	191.389
1	206.595
1	159.967
1	207.969
1	160.717
1	167.009
1	147.412
1	144.506
1	209.791
1	199.557
1	232.582
0	24.0625
1	253.388
1	241.143
1	258.946
1	159.834
1	217.951
1	164.163
1	198.226
1	212.44
1	178.21
1	150.553
1	192.483
1	256.772
1	170.219
1	178.117
1	200.661
1	88.6249
1	128.953
1	153.313
1	216.338
1	279.258
1	150.189
1	186.868
1	222.519
1	190.5
1	170.837
1	234.625
1	265.628
1	189.208
1	157.647
1	198.793
1	214.624
1	197.593
1	233.836
1	254.589
1	167.335
1	296.051
1	257.522
1	188.778
1	203.994
1	317.597
1	161.775
1	211.483
1	190.931
1	164.672
1	162.8
1	205.587
1	209.96
1	183.392
1	197.619
1	223.492
1	171.137
1	109.937
1	193.246
1	193.544
1	257.099
1	164.321
1	137.518
1	201.779
1	187.943
1	158.045
1	236.3
1	145.207
1	185.82
1	180.686
1	304.098
1	165.274
1	159.045
1	174.396
1	218.462
1	146.21
1	181.869
1	244.137
1	233.449
1	148.767
1	247.163
1	156.141
1	186.026
1	182.03
1	305.187
1	274.535
1	190.333
1	246.381
1	243.673
1	206.49
1	280.411
1	165.485
1	185.969
1	213.387
1	230.904
1	183.038
1	288.285
1	183.252
1	198.916
1	149.259
1	146.03
1	284.77
1	149.959
1	170.687
1	175.504
1	232.165
1	221.027
1	178.68
1	202.33
1	254.668
1	178.808
1	276.605
1	139.849
1	146.446
1	263.969
1	285.353
1	192.504
1	189.031
1	232.091
1	209.156
1	152.15
1	221.499
1	255.924
1	168.492
1	213.214
1	150.202
1	158.874
1	215.046
0	46.9195
1	146.198
1	361.959
1	162.465
1	194.986
1	258.293
1	221.29
1	136.196
1	235.807
1	288.029
1	233.266
1	170.006
1	215.026
1	136.565
1	371.675
1	202.496
1	247.566
1	161.812
1	164.813
1	198.291
1	216.034
1	193.119
1	185.965
1	284.894
1	216.741
1	192.44
1	201.335
1	201.777
1	172.448
1	205.005
1	149.125
1	238.252
1	300.753
1	154.39
1	202.959
1	175.505
1	188.873
1	212.418
1	300.525
1	188.442
1	176.873
1	230.865
1	188.95
1	193.48
1	191.552
1	235.545
1	183.212
1	200.095
1	188.509
1	164.268
1	300.071
1	172.65
1	148.465
1	251.857
1	205.768
1	202.007
1	153.151
1	279.76
1	211.53
1	153.651
1	329.051
1	200.871
1	188.347
1	197.309
1	184.027
1	222.404
1	207.734
1	194.821
1	228.052
1	190.227
1	198.589
1	228.282
1	178.665
1	289.942
1	231.844
1	181.318
1	183.958
1	244.756
1	181.996
1	303.436
1	240.197
1	261.09
1	174.426
1	224.882
0	3.71865e-05
1	138.033
1	175.243
1	207.274
1	203.655
1	169.148
1	262.361
1	268.999
1	161.262
1	146.311
1	166.378
1	221.465
1	158.165
1	255.205
1	152.167
1	178.314
1	173.498
1	150.805
1	145.823
1	207.71
1	383.423
1	274.617
1	183.706
1	153.747
1	178.673
1	190.404
1	174.071
1	190.927
1	147.344
1	335.016
1	195.989
1	226.028
1	198.392
1	210.838
1	240.825
1	119.533
1	195.507
1	433.227
1	199.31
1	195.735
1	193.496
0	6.20011e-05
1	222.022
1	209.464
1	196.916
1	100.965
1	165.539
1	249.947
1	189.728
1	274.816
1	287.12
1	128.245
0	38.4428
1	162.268
1	216.671
1	193.437
1	192.206
1	257.816
1	121.987
1	166.967
1	198.163
1	167.637
0	1.39242e-05
1	147.685
1	250.793
1	187.743
1	151.214
1	194.662
1	206.354
1	317.95
1	181.122
1	170.656
1	218.638
1	244.428
1	166.952
1	172.429
1	159.135
1	202.7
1	299.996
1	152.976
1	196.348
1	207.644
1	142.739
1	278.636
1	182.992
1	144.918
1	245.35
1	262.743
1	175.94
1	148.324
1	163.214
1	248.405
1	156.401
0	0.000213437
1	299.161
1	187.366
1	148.694
1	187.625
1	173.721
1	152.732
1	216.322
1	196.449
1	241.015
1	195.469
1	209.254
1	198.946
1	134.619
1	198.15
1	167.874
1	226.003
1	200.745
1	213.44
1	174.494
1	183.643
0	6.18299e-06
1	216.913
1	205.967
1	158.114
1	207.815
1	218.699
1	168.24
1	196.643
1	255.886
1	205.087
1	112.728
1	227.187
1	203.47
1	214.512
1	145.375
1	218.156
1	272.753
1	166.792
1	145.53
1	235.696
1	235.894
1	216.375
1	147.631
1	177.915
1	184.03
1	176.267
1	196.497
1	189.983
1	134.049
1	183.907
1	179.984
1	476.664
1	229.014
1	143.022
1	191.71
1	234.578
1	334.527
1	222.559
1	231.927
1	247.158
1	216.451
1	193.356
1	293.853
1	168.283
1	204.139
1	245.23
1	184.829
1	198.748
1	222.619
1	196.423
1	171.346
1	147.638
1	187.496
1	208.585
1	175.239
1	196.738
1	148.621
1	177.372
1	214.127
1	183.809
1	248.946
1	210.754
1	190.627
1	189.77
1	169.137
1	179.568
1	212.821
1	209.789
1	264.512
1	167.376
1	207.829
1	211.054
1	197.838
1	196.713
1	214.761
1	131.505
1	245.553
1	152.338
1	267.727
1	246.804
1	174.039
1	180.109
1	219.503
1	201.935
1	172.872
1	232.227
1	216.687
1	189.83
1	219.21
1	298.926
1	148.537
1	216.296
1	218.398
0	3.87549e-05
1	292.231
1	269.089
1	192.194
1	148.408
1	232.09
1	189.814
1	168.322
1	223.748
1	170.272
1	188.146
1	244.278
1	205.259
1	207.413
1	178.572
1	220.774
1	250.961
1	134.067
1	192.54
1	161.1
1	192.729
1	205.003
1	233.972
1	223.687
1	185.088
1	168.025
1	147.803
1	244.033
1	207.701
1	129.116
1	164.149
1	251.262
0	2.75611
1	201.94
1	229.882
1	238.487
1	134.792
1	246.747
1	159.427
1	182.701
1	172.211
1	172.067
1	202.346
1	341.632
1	365.199
1	136.576
1	172.418
1	268.043
1	189.596
1	193.082
1	243.197
1	202.396
1	164.839
1	282.67
1	268.092
1	183.917
1	289.087
1	195.387
1	188.068
1	242.19
1	187.041
1	235.512
1	221.503
1	167.283
1	206.428
1	201.634
1	251.2
1	230.412
1	190.6
1	175.593
1	220.791
1	165.708
1	133.791
1	249.016
1	193.216
1	180.03
1	273.557
1	169.232
1	128.912
1	238.242
1	186.532
1	181.786
1	179.443
1	167.885
1	314.085
1	154.63
1	164.948
1	181.952
1	169.173
1	197.967
1	186.655
1	141.221
1	167.828
1	284.352
1	215.533
1	213.097
1	132.724
1	227.876
1	162.911
1	153.77
1	278.483
1	229.371
1	320.96
1	265.466
1	195.688
1	158.506
0	47.861
1	211.705
1	162.233
1	238.325
1	231.931
1	180.891
1	234.386
1	187.462
1	141.161
1	171.65
1	183.239
1	130.212
1	185.184
1	171.248
1	140.732
1	363.674
1	194.995
1	191.335
1	201.805
1	183.051
1	115.797
1	229.195
1	164.267
1	212.749
1	234.689
1	161.36
1	155.555
1	166.595
1	214.332
1	277.841
1	153.795
1	198.166
1	218.567
1	164.167
1	347.443
1	231.129
1	181.794
1	188.635
1	205.126
1	187.145
1	178.516
1	213.375
1	292.277
1	235.645
1	131.446
1	291.489
1	140.391
1	224.216
1	266.731
1	135.648
1	196.61
1	209.418
1	196.301
1	246.884
1	159.598
1	147.127
1	203.21
1	217.908
1	271.374
1	286.49
1	292.911
1	190.849
1	252.559
1	269.392
1	184.188
1	200.008
1	246.53
1	169.765
1	267.906
1	201.653
1	193.316
1	147.715
1	218.349
1	285.397
1	178.32
1	160.014
1	197.281
1	166.348
1	154.477
1	331.211
1	379.143
1	204.694
1	247.512
1	211.767
1	179.973
1	310.812
1	190.759
1	196.578
1	157.917
1	139.861
1	200.949
1	143.753
1	220.959
1	170.483
1	187.424
1	192.663
1	251.437
1	179.646
1	190.181
1	242.326
1	208.534
1	164.036
1	167.373
1	184.03
1	238.2
1	185.202
1	174.658
1	99.0244
1	152.325
1	208.822
1	212.754
1	189.728
1	192.804
1	224.774
1	155.941
1	203.776
1	227.152
1	245.063
1	165.036
1	341.062
1	221.092
1	219.059
1	317.591
1	218.872
1	164.742
1	154.884
1	259.788
1	199.833
1	153.325
1	178.4
1	169.664
1	336.01
1	179.923
1	200.12
1	220.775
0	87.4338
1	161.271
1	226.159
1	174.229
1	173.776
1	163.638
1	144.959
1	276.378
1	165.219
1	197.676
1	156.228
1	198.376
1	222.552
1	161.872
1	194.208
1	192.622
1	243.314
1	196.734
1	127.956
1	279.388
1	244.127
1	156.147
1	171.438
1	146.514
0	8.13587e-05
1	176.144
1	437.784
1	226.305
1	157.095
1	190.984
1	289.653
1	143.392
1	206.682
1	256.82
1	161.346
1	338.864
1	210.393
1	233.497
1	291.755
1	164.929
1	126.505
1	193.445
1	202.905
1	358.3
1	127.424
1	227.804
1	172.187
0	7.2117
1	188.957
1	193.848
1	207.659
1	180.636
1	282.214
1	168.153
1	210.439
1	192.405
1	183.222
1	193.743
1	380.056
1	235.548
1	339.383
1	192.465
1	276.71
1	216.947
1	289.401
1	191.614
1	196.184
1	113.539
1	191.063
1	212.663
1	189.774
1	189.118
1	186.612
1	273.199
1	220.276
1	265.012
1	227.056
1	125.062
1	223.726
1	180.96
1	182.928
1	242.719
1	139.545
1	154.352
1	201.217
1	187.627
1	161.909
1	216.912
1	152
1	280.27
1	270.146
1	149.385
1	171.974
1	175.963
1	150.028
1	152.811
1	203.275
1	217.1
1	171.601
1	191.113
1	146.571
1	309.994
1	232.431
1	181.4
1	215.994
1	233.529
1	225.713
1	175.557
1	181.926
1	212.263
1	159.025
1	266.994
1	161.417
1	190.271
1	255.571
1	178.089
1	251.675
1	218.57
1	168.552
1	130.214
1	231.479
1	129.57
1	187.57
1	160.778
1	199.029
1	167.27
1	240.99
1	196.031
1	126.122
1	238.033
1	172.593
1	160.615
1	215.969
1	187.228
1	170.47
1	213.611
1	260.59
1	282.461
1	268.856
1	212.096
0	5.21228e-06
1	173.485
1	149.203
1	204.746
1	109.569
1	197.801
1	196.19
1	319.325
1	217.075
1	169.344
0	1.95315
1	138.194
1	224.608
1	221.517
1	167.947
1	179.422
1	309.19
1	294.901
1	209.365
1	135.318
1	238.685
1	171.261
1	158.817
1	206.166
1	274.345
1	221.399
1	171.25
1	176.075
1	268.516
1	157.57
1	220.618
1	226.955
1	199
0	45.686
1	203.076
1	255.891
1	198.202
1	162.873
1	209.476
1	203.647
1	237.538
1	185.658
1	152.819
1	175.989
1	136.009
1	205.345
1	135.742
1	317.901
0	1.73693e-05
1	176.666
1	346.642
1	227.872
1	173.531
1	194.59
1	299.804
1	205.004
1	300.458
1	145.278
1	150.369
1	208.166
1	228.132
1	233.19
1	188.971
1	224.911
1	232.221
1	159.659
1	187.086
1	271.712
1	128.546
1	239.593
1	218.837
1	150.832
1	171.777
1	201.983
1	188.592
1	180.5
1	160.308
1	268.433
0	2.78247e-05
1	163.751
1	258.149
1	146.541
1	211.301
1	190.11
1	189.119
1	286.034
1	235.907
1	269.235
1	210.994
1	238.411
1	125.145
1	169.545
1	230.884
1	201.82
1	144.221
1	254.951
1	154.77
1	189.323
1	248.22
1	232.094
1	226.611
1	213.093
1	191.132
1	173.25
1	148.246
1	307.159
1	286.346
1	212.648
1	297.998
1	133.797
1	231.015
1	170.537
1	144.785
1	134.446
1	223.948
1	203.721
1	195.605
1	151.971
1	160.157
1	169.478
1	137.897
1	167.243
1	158.603
1	218.336
1	125.545
1	158.785
1	220.545
1	164.675
1	151.815
1	259.393
1	201.612
1	151.052
1	436.67
1	183.518
1	300.331
1	194.063
1	168.237
1	227.654
1	136.442
1	165.276
1	374.843
1	139.536
1	227.568
1	186.749
1	194.519
1	126.289
1	129.986
1	251.36
1	137.01
1	246.66
1	241.935
1	135.764
1	224.938
1	176.273
0	2.48338e-05
1	175.811
1	209.924
1	186.349
1	199.175
1	210.269
1	199.959
1	225.493
1	160.369
1	193.904
1	163.779
1	424.511
1	236.14
1	140.234
1	263.663
1	219.363
1	175.15
1	280.336
1	293.152
1	209.252
1	186.08
1	263.089
1	246.743
1	157.871
1	118.74
1	167.21
1	212.825
1	232.009
1	214.722
1	287.153
1	236.366
1	234.2
1	192.791
1	315.185
1	239.285
1	200.375
1	215.275
1	165.843
1	157.028
1	310.515
1	161.493
1	169.855
1	139.011
1	237.005
1	186.696
1	175.533
1	197.464
1	174.175
1	276.432
1	239.477
1	202.055
1	340.037
0	27.2284
1	176.856
1	179.753
1	131.276
1	183.038
1	225.473
1	249.835
1	208.012
0	8.40496e-05
1	145.274
1	288.15
1	158.224
1	156.012
1	339.906
1	324.571
1	213.489
1	178.87
1	238.791
1	177.571
1	259.294
1	298.225
1	136.921
1	156.69
1	161.804
1	204.519
1	148.845
1	157.739
1	134.874
1	219.815
1	225.292
1	186.545
1	199.036
1	272.356
1	182.158
1	161.907
1	294.401
1	236.263
1	185.345
1	190.969
1	236.392
1	201.272
1	159.355
1	250.06
1	166.776
1	156.636
1	289.367
1	219.103
0	0.124242
1	329.029
1	202.204
1	320.744
1	227.554
1	271.098
1	217.085
1	161.37
1	313.008
1	186.034
1	229.38
1	169.799
1	201.515
1	277.471
1	153.132
1	260.359
1	200.684
1	249.682
1	163.308
1	218.8
1	182.294
1	183.466
1	165.414
1	216.567
1	172.786
1	153.665
1	131.016
1	232.217
1	241.313
1	181.95
1	182.064
1	182.147
1	160.188
1	223.822
1	239.356
1	253.288
1	194.732
1	168.688
1	173.757
1	253.413
1	164.546
1	211.3
1	186.685
1	152.22
1	269.731
1	181.972
1	145.183
1	172.573
1	170.586
1	240.786
1	160.46
1	221.999
0	0.000181659
1	215.692
1	273.951
1	230.103
1	246.04
1	149
1	259.318
1	228.164
1	219.593
1	158.39
1	208.127
1	226.309
1	195.069
1	278.776
1	251.97
1	177.493
1	140.784
1	199.621
1	176.789
1	256.57
1	216.777
1	202.503
1	195.427
1	191.661
1	246.963
1	206.621
1	218.805
1	369.603
1	447.438
1	227.838
1	163.017
1	160.781
1	195.355
1	181.165
1	184.206
1	144.174
1	137.187
1	204.227
1	234.201
1	208.43
1	160.067
1	217.413
1	189.325
1	224.969
1	168.454
1	186.558
1	162.06
1	198.932
1	169.482
1	397.088
1	198.315
1	231.913
1	412.422
1	155.57
1	193.461
1	153.437
1	156.185
1	248.046
1	244.682
1	154.087
1	283.776
1	221.059
1	231.008
1	190.057
1	236.232
1	240.623
1	180.528
0	56.0871
1	196.991
1	252.399
1	193.931
1	223.108
1	353.1
1	187.096
1	210.764
1	181.015
1	191.415
1	234.749
1	199.195
1	192.134
1	184.149
1	295.429
1	141.638
1	260.839
1	190.566
1	131.461
1	215.705
1	183.624
1	217.934
1	312.174
1	222.508
1	261.792
1	195.776
1	156.101
1	267.144
1	163.442
1	192.406
1	254.818
1	168.513
1	170.796
1	164.47
1	184.08
1	169.946
1	258.027
1	209.503
1	213.01
1	235.063
1	163.265
1	159.646
1	144.626
1	175.14
1	353.349
1	180.881
1	175.52
1	204.557
1	243.424
1	152.865
1	276.364
1	178.856
1	139.23
1	186.394
1	247.251
1	199.724
1	340.046
1	162.576
1	222.606
1	235.072
1	236.957
1	243.896
1	246.286
1	187.675
1	150.651
1	150.349
0	16.9549
1	280.452
1	184.407
1	201.837
1	226.254
1	205.522
1	211.259
1	174.364
1	175.383
1	178.046
1	286.65
1	198.462
1	247.582
1	268.634
1	182.249
1	171.764
1	371.414
1	199.161
1	237.519
1	312.52
1	224.97
1	156.125
1	253.71
1	215.232
1	159.547
1	223.431
1	223.983
1	199.557
1	184.677
1	205.11
1	178.826
0	0.000113167
1	287.475
1	155.416
1	240.39
1	139.133
1	495.711
1	162.82
1	323.696
1	208.238
1	236.919
1	139.24
1	244.99
1	181.083
1	164.637
1	192.016
1	205.817
1	220.99
1	189.808
1	126.462
1	215.643
1	217.022
1	171.09
1	173.624
1	216.028
0	8.85558e-05
1	224.126
1	202.618
1	179.006
1	116.126
1	189.449
1	225.06
1	229.294
1	367.165
1	246.672
1	218.324
1	161.682
1	262.303
1	205.453
1	173.635
1	358.763
1	206.267
1	284.114
1	182.495
1	216.803
1	160.549
1	265.078
1	278.807
1	122.961
1	165.011
1	227.463
1	165.801
1	248.805
1	218.732
1	167.418
1	160.831
1	181.591
1	207.063
1	216.456
1	153.742
1	178.276
1	172.279
0	4.48818e-05
1	172.608
1	188.822
1	196.028
1	126.382
1	163.192
1	199.793
1	137.968
1	206.483
1	230.943
1	244.099
1	216.58
1	201.44
1	206.893
1	217.903
1	209.549
1	299.328
1	171.261
1	224.486
1	140.197
1	276.432
1	165.333
1	161.184
1	239.307
1	222
1	312.894
1	199.66
1	213.83
1	169.948
1	185.188
1	168.169
1	208.743
1	171.686
1	254.922
1	182.795
1	192.914
1	203.475
1	208.273
1	192.505
1	178.115
1	208.592
1	146.855
1	155.516
1	134.556
1	183.09
1	231.457
1	168.9
1	195.664
1	182.011
1	183.752
1	171.08
1	166.299
1	120.459
1	176.08
1	204.614
1	196.355
1	151.942
1	199.947
1	189.926
1	152.499
1	240.546
1	245.222
1	189.941
1	136.724
1	232.038
1	177.053
1	208.214
1	219.732
1	217.293
1	207.771
1	160.285
1	179.939
1	170.281
1	140.652
1	164.278
1	319.757
1	173.9
1	210.15
1	168.571
1	165.633
1	185.997
1	211.216
1	207.092
1	161.918
1	150.486
1	170.598
1	193.284
1	184.354
1	188.788
1	252.936
1	186.881
1	171.926
1	372.263
1	302.425
1	194.429
1	170.342
1	429.478
1	267.952
1	204.517
1	196.364
1	309.785
1	198.228
1	171.456
1	167.719
1	197.802
1	182.362
1	201.348
1	169.138
1	189.386
1	348.556
1	148.915
1	192.683
1	210.784
1	206.47
1	193.517
1	222.052
1	130.487
1	184.579
1	294.924
1	257.877
1	196.56
1	165.507
1	175.322
1	134.616
1	189.119
1	172.892
1	169.712
1	298.423
1	145.633
1	183.375
1	180.834
1	182.263
1	209.595
1	152.386
1	262.522
1	207.944
1	306.714
1	154.658
1	195.659
1	171.506
1	238.024
1	196.611
1	164.978
1	206.463
1	138.693
1	140.371
1	155.337
1	139.879
1	281.527
1	143.063
1	246.148
1	293.677
1	193.989
1	183.727
1	239.769
1	224.578
1	147.057
1	136.493
1	164.596
1	225.594
1	152.285
1	176.275
1	275.989
1	190.054
1	204.909
1	231.265
1	115.117
1	206.547
1	180.402
1	248.392
1	337.568
1	243.188
1	209.098
1	172.021
1	224.265
1	218.274
1	156.942
1	126.61
1	150.489
1	198.078
1	155.375
1	357.137
1	182.67
1	163.286
1	237.273
1	156.438
1	209.376
1	171.762
1	181.793
1	303.894
1	247.232
1	239.63
1	158.541
1	225.857
1	168.814
1	161.059
1	210.208
1	235.141
1	265.87
1	137.062
1	188.259
1	212.254
1	257.456
1	180.467
1	194.97
1	215.227
1	141.646
1	224.27
1	175.382
1	238.32
1	273.763
1	236.387
1	230.471
1	186.669
1	210.581
1	176.733
1	179.428
1	209.19
1	204.739
1	141.633
1	160.55
1	189.611
1	202.961
1	152.914
1	265.805
1	210.002
1	183.581
1	206.237
1	179.209
0	7.9221
1	261.465
1	235.081
1	213.682
1	180.807
1	222.296
1	165.994
1	175.958
1	220.698
1	198.027
1	135.949
1	193.922
1	150.385
1	208.07
1	137.889
1	169.372
1	219.479
1	188.244
1	141.451
1	187.247
1	203.165
1	162.239
1	276.245
1	170.477
1	226.516
1	168.103
1	246.098
1	229.179
1	192.133
1	215.901
1	162.583
1	306.24
1	114.331
1	234.015
1	170.895
1	249.749
1	234.312
1	215.064
1	139.866
1	221.625
1	240.871
1	208.895
1	153.703
1	285.746
1	217.886
1	161.289
1	202.285
1	269.144
1	272.538
1	322.468
1	234.065
1	211.844
1	301.989
1	194.546
1	212.866
1	154.191
1	238.082
1	184.298
1	185.25
1	212.702
1	225.964
1	162.96
1	207.463
1	184.389
1	197.365
1	186.375
1	189.989
1	204.225
1	171.796
1	175.182
1	213.554
1	210.453
1	130.124
1	193.684
1	202.846
1	200.338
1	213.25
1	170.374
1	139.944
1	227.594
1	211.389
1	293.517
1	182.813
1	191.241
1	147.319
1	197.294
1	202.653
1	155.417
1	220.704
1	206.077
1	189.254
1	231.195
1	207.142
1	181.102
1	228.473
1	171.516
1	200.078
1	255.642
1	170.898
1	175.551
1	202.715
1	203.418
1	241.625
1	237.375
1	166.718
1	250.665
1	163.143
1	182.494
1	150.525
1	162.703
1	173.287
0	43.8186
1	216.424
1	163.442
1	223.254
0	3.24785e-05
1	128.477
1	182.079
1	160.518
1	180.252
1	163.638
1	181.024
1	240.052
1	239.932
1	224.083
1	249.161
1	184.943
1	270.644
1	146.876
1	230.569
1	188.21
1	204.972
1	238.54
1	254.938
1	192.95
1	277.518
1	223.442
1	129.974
1	239.523
1	193.477
1	210.412
1	178.432
1	271.197
1	232.479
1	176.158
1	184.397
1	177.571
1	317.848
1	173.15
1	255.331
1	170.143
1	229.231
1	233.763
1	191.407
1	146.984
1	210.034
1	187.867
1	212.824
1	293.896
1	244.785
1	201.837
1	184.986
1	221.861
1	206.472
1	172.499
1	258.807
1	188.406
1	194.133
1	280.126
1	161.321
0	18.3015
1	187.342
1	275.835
1	219.842
1	225.982
1	260.954
1	186.922
1	234.664
1	253.487
1	236.945
1	155.55
1	200.159
1	207.831
1	169.746
1	299.087
1	147.465
1	227.14
1	177.524
1	160.974
1	140.137
1	152.281
1	181.748
1	266.277
1	171.976
1	155.866
1	148.8
1	153.746
1	215.123
1	123.996
1	291.964
1	170.015
1	245.255
1	244.255
1	171.475
1	266.819
1	179.205
1	151.081
1	173.375
1	221.354
1	189.702
1	137.906
1	212.393
1	343.83
1	131.824
1	197.698
1	186.004
1	204.134
1	234.682
1	159.904
1	145.681
1	235.687
1	178.747
1	194.067
1	273.569
1	216.479
1	169.756
0	8.37079e-07
1	196.258
1	234.3
1	200.439
1	241.263
1	218.291
1	218.679
1	280.628
1	221.346
1	210.58
1	164.819
1	153.11
1	206.921
1	306.364
1	209.205
1	158.644
1	300.077
1	178.04
1	229.392
1	174.133
0	7.78008e-05
0	2.62524
1	249.132
1	233.658
1	204.531
1	268.812
1	226.317
1	129.319
1	198.911
1	161.905
1	267.196
1	200.084
1	154.484
1	159.986
1	169.923
1	216.628
1	210.652
1	159.1
1	156.343
1	227.734
1	164.098
1	199.21
1	162.139
1	347.412
1	169.906
1	157.22
1	215.616
1	212.859
1	157.683
1	166.532
1	201.28
1	133.479
1	252.906
1	205.552
1	175.476
1	227.844
1	203.216
1	282.922
1	185.959
1	146.541
1	251.556
1	154.098
1	181.908
1	270.881
1	344.12
1	243.775
0	25.1809
1	177.641
1	136.123
1	305.049
1	183.407
1	193.824
1	164.344
1	306.024
1	194.409
1	179.225
1	350.655
1	189.617
1	227.577
1	204.129
1	183.291
1	158.172
1	228.314
1	218.002
1	169.246
1	206.143
1	197.077
1	251.835
1	126.082
1	226.843
1	135.935
1	317.382
1	219.025
1	178.004
1	247.609
1	137.275
1	233.87
1	207.962
1	393.106
1	214.08
1	309.27
1	245.697
1	259.208
1	232.64
1	149.571
1	225.588
1	246.387
1	154.359
1	218.803
1	299.917
1	161.322
0	0.123266
1	198.095
1	147.782
0	3.08435e-06
1	152.536
1	177.331
1	133.521
1	321.772
1	172.273
1	132.579
1	193.186
1	240.34
1	139.653
1	165.302
0	2.04778e-05
1	171.984
1	392.042
1	175.266
1	238.566
1	292.401
1	156.802
1	232.776
1	330.159
1	277.767
1	231.386
1	334.736
1	152.334
1	219.469
1	185.745
1	129.417
1	126.682
1	176.974
1	159.462
1	145.65
1	302.027
0	1.3253e-05
1	153.929
1	148.741
1	262.818
1	185.168
1	373.77
1	363.168
1	190.052
1	204.072
1	118.566
1	169.127
1	200.28
1	167.55
1	182.964
1	155.66
1	127.736
1	206.681
1	254.5
1	179.396
1	160.334
1	296.456
1	160.828
1	182.677
1	159.475
1	108.777
1	202.599
1	276.988
0	13.2114
1	175.817
1	169.749
1	294.837
1	153.883
1	305.556
1	166.064
1	162.137
1	242.161
1	181.624
1	255.66
1	223.644
1	230.571
1	225.153
1	234.254
1	221.248
1	330.901
1	173.767
1	233.18
1	274.681
1	220.835
1	169.495
1	177.508
1	190.084
1	150.977
1	244.574
1	170.716
1	225.758
1	241.084
1	225.385
1	251.851
1	171.859
1	120.857
1	159.566
1	275.474
1	269.406
1	166.719
1	294.377
1	154.637
1	178.807
1	206.274
1	177.556
1	193.064
1	181.211
1	210.089
1	187.654
1	185.692
1	187.179
1	200.64
1	156.329
1	198.575
1	223.104
1	208.998
1	177.833
1	207.501
1	173.583
1	151.362
1	165.577
1	198.524
1	139.292
1	216.375
1	184.038
1	184.278
1	217.978
1	123.08
1	184.908
1	241.622
1	233.949
1	183.439
1	171.109
1	184.136
1	214.547
1	222.799
1	219.878
1	270.54
1	241.183
1	187.726
1	143.522
1	155.846
1	221.015
1	200.152
1	174.255
1	205.656
1	202.915
1	207.148
1	199.729
1	254.603
1	261.012
1	168.892
1	169.447
0	2.22531e-05
1	192.96
1	169.626
1	317.462
1	148.487
1	234.212
1	228.91
1	201.147
1	147.205
1	177.987
1	164.731
1	172.926
1	145.204
1	357.6
1	159.268
1	157.588
1	157.458
1	196.133
1	201.641
1	240.772
1	161.817
1	152.731
1	312.364
1	298.094
1	158.331
1	168.229
1	167.164
1	172.972
1	298.91
1	135.669
1	223.276
1	169.797
1	193.831
1	185.727
1	207.601
1	223.07
1	194.161
1	234.508
1	152.321
1	185.474
1	217.407
1	220.237
1	202.25
1	222.654
1	228.15
1	322.074
1	209.067
1	182.123
1	168.116
1	202.647
1	199.531
1	165.72
1	227.677
1	180.188
1	201.337
1	315.811
1	244.74
1	249.407
1	277.887
1	152.186
1	175.638
1	199.7
1	195.001
1	232.706
1	191.099
1	169.019
1	239.662
1	130.891
1	166.34
1	203.138
1	186.057
1	252.623
1	181.832
1	174.162
1	188.26
1	239.924
1	142.515
1	164.753
1	191.131
1	230.176
1	274.193
1	239.652
1	164.896
1	238.921
1	184.648
1	199.274
1	231.473
1	156.286
1	222.57
1	210.138
1	188.532
1	168.687
1	200.909
1	166.576
1	182.854
1	204.59
1	181.621
1	203.441
1	173.674
1	228.107
1	187.498
1	211.611
1	171.905
1	189.801
1	181.166
1	221.178
1	170.561
1	263.45
1	183.229
1	225.383
1	205.254
1	240.052
1	307.323
1	272.137
1	206.626
1	174.955
1	188.659
1	134.063
1	271.252
1	219.437
1	260.919
1	127.151
1	233.499
1	154.49
1	143.136
1	142.927
1	299.847
0	94.5915
1	258.726
1	138.826
1	145.993
1	191.419
1	264.905
1	141.029
1	184.533
1	166.096
1	155.78
1	148.659
1	176.054
1	142.002
1	207.422
1	186.263
1	228.124
1	178.324
1	116.192
1	278.352
1	480.587
1	195.502
1	162.901
1	143.383
1	332.677
1	214.8
1	228.559
1	168.899
1	148.083
1	165.653
1	268.359
1	128.625
1	180.217
1	174.485
1	173.067
1	239.554
1	172.922
1	154.837
1	244.214
1	199.319
1	128.096
1	176.444
1	146.099
1	214.915
1	167.291
1	255.466
1	194.952
1	211.697
1	249.509
1	206.41
1	247.349
1	172.746
1	223.544
1	220.485
1	290.914
1	259.353
1	187.066
1	210.583
1	201.454
1	200.81
1	271.622
1	290.777
1	128.792
1	367.884
1	176.467
1	193.37
1	200.164
1	227.103
1	273.768
1	173.018
1	167.705
1	222.114
1	258.38
1	270.868
1	144.566
1	197.315
1	222.035
1	243.273
1	233.176
1	168.582
1	177.955
1	167.204
1	176.229
1	184.429
1	194.89
1	197.18
1	128.115
1	220.821
1	178.012
1	230.859
1	214.11
1	296.41
1	176.796
1	218.507
1	191.998
1	251.021
1	274.457
1	164.158
1	178.141
1	156.266
1	248.286
1	190.571
1	166.451
1	192.375
1	148.727
1	185.069
1	137.428
1	167.662
1	123.721
1	247.425
1	232.23
1	135.359
1	169.459
1	122.353
1	248.507
1	230.646
1	153.132
1	178.077
1	183.295
1	167.487
1	178.113
1	195.753
1	224.691
1	226.544
1	185.123
1	214.922
1	206.626
1	164.652
1	186.201
1	173.809
1	338.727
1	153.131
1	201.749
1	155.224
1	380.913
1	185.39
1	190.404
0	7.91489e-05
1	205.905
1	235.308
1	162.943
1	164.121
1	191.345
1	214.886
1	151.193
1	189.38
1	207.697
1	207.387
1	259.684
1	252.44
1	181.556
1	281.281
1	168.988
1	213.521
1	218.191
1	193.656
1	229.496
1	253.639
1	171.666
1	135.396
1	235.048
1	138.713
1	240.948
1	216.005
1	141.822
1	146.317
1	189.544
1	168.161
1	177.58
1	159.652
1	349.381
1	130.462
1	252.787
1	157.761
1	197.206
1	173.439
1	319.137
1	205.135
1	209.78
1	205.877
1	212.751
1	175.061
1	250.529
1	193.882
1	230.855
1	244.685
1	290.218
1	197.894
1	226.849
1	207.64
1	195.678
1	285.867
1	172.503
1	169.669
1	142.62
1	151.516
1	176.521
1	185.139
1	204.509
1	168.84
1	146.968
1	134.953
1	140.192
1	194.441
1	150.852
1	176.598
1	251.86
1	267.386
1	212.187
1	211.06
1	157.83
1	188.147
1	203.084
1	247.438
1	178.864
1	203.817
1	152.68
1	203.502
1	172.831
1	181.084
1	188.911
1	203.84
1	209.526
1	348.514
1	179.776
1	246.051
1	158.957
1	173.643
1	238.691
1	174.14
1	325.477
1	150.565
1	350.574
1	182.829
1	220.184
1	199.909
1	269.737
1	271.403
1	221.416
0	8.64031e-05
1	276.444
1	166.851
1	177.057
1	223.331
1	162.301
1	232.82
1	189.78
1	192.581
1	191.184
1	173.743
1	144.632
1	207.454
1	183.438
1	209.696
1	241.773
0	69.9164
1	159.491
1	224.481
1	168.068
1	307.222
1	161.111
1	250.799
0	5.5798e-05
1	190.894
1	182.923
1	152.736
1	176.844
1	241.381
1	220.553
1	248.471
1	183.895
1	215.324
1	141.699
1	146.007
1	280.167
1	319.324
1	153.229
1	188.798
1	129.958
1	228.64
1	156.007
1	136.633
1	307.335
1	190.129
1	241.726
1	371.115
1	160.736
1	160.469
1	282.408
1	167.524
1	401.943
1	190.665
1	159.856
0	5.2559e-05
1	118.801
1	179.663
1	269.073
1	230.316
1	207.988
1	164.315
1	218.111
1	153.04
1	276.425
1	239.477
1	210.786
1	163.115
1	168.197
1	228.314
0	7.74301
1	162.942
1	175.888
1	153.511
1	200.323
1	177.394
1	144.933
1	178.673
1	212.939
1	154.056
1	139.255
1	166.45
1	200.639
1	181.577
1	148.018
1	271.132
1	221.408
1	334.109
1	152.682
1	163.438
1	245.122
1	227.434
1	218.569
1	270.827
1	154.692
1	196.239
1	196.034
1	196.447
1	248.059
1	205.125
0	8.72601
1	201.149
1	305.229
1	226.397
1	199.551
1	148.473
1	360.525
1	199.078
1	194.022
1	168.281
1	185.947
1	171.046
1	198.419
1	243.312
1	212.045
1	193.836
0	2.18956e-06
1	287.358
1	248.119
1	279.227
1	188.555
1	183.912
1	182.706
1	191.295
1	283.321
1	210.272
1	278.273
1	129.643
1	308.452
1	311.651
1	284.67
1	165.959
1	168.597
1	263.226
1	174.333
1	211.387
1	272.044
1	171.463
1	148.178
1	207.515
1	212.554
1	113.269
1	161.557
1	355.227
1	171.562
1	216.001
1	190.541
1	214.237
1	131.305
1	320.816
1	276.427
1	140.933
1	171.201
1	205.314
1	190.66
1	193.188
1	198.073
1	241.637
1	171.328
1	173.148
1	193.167
1	159.809
1	146.263
1	171.62
1	186.044
1	224.221
1	182.725
1	172.164
1	163.695
1	153.426
1	185.469
1	240.513
1	149.536
1	209.935
1	274.9
1	315.571
1	196.739
1	122.292
1	135.257
1	319.883
1	260.937
1	180.458
1	121.351
1	264.693
1	130.809
1	218.039
1	139.194
1	225.615
1	352.436
1	227.326
1	165.138
1	210.907
1	319.674
1	178.014
1	271.435
1	155.507
1	220.587
1	191.842
1	205.848
1	200.051
1	145.097
1	203.458
1	189.151
1	238.262
1	235.408
1	144.628
1	292.643
1	161.164
1	224.752
1	214.997
1	156.334
1	216.895
1	152.471
1	192.532
1	242.825
1	183.613
1	134.436
1	382.232
1	276.915
1	187.75
1	199.761
1	241.881
1	171.148
1	201.788
1	266.328
1	163.175
1	213.095
1	171.868
1	165.242
1	196.919
1	153.546
1	197.642
1	208.79
1	222.273
1	173.656
1	161.56
1	150.482
1	338.812
1	188.502
1	210.877
1	139.666
1	117.302
1	175.346
1	181.514
1	186.205
1	181.714
1	304.208
1	231.626
1	157.968
1	193.059
1	243.388
1	215.657
1	188.481
1	163.214
1	248.368
1	236.71
1	199.652
1	170.845
1	323.156
1	216.705
1	293.937
1	152.215
1	293.254
1	172.059
1	165.081
1	151.336
1	111.965
1	274.496
1	185.704
1	149.993
1	255.347
1	155.122
1	171.643
1	183.255
1	140.374
1	156.96
1	220.494
1	162.019
1	248.525
1	219.185
1	212.212
1	203.299
1	152.421
1	226.962
1	200.074
1	224.749
1	299.419
1	259.825
1	157.485
1	383.248
1	190.693
1	155.034
1	142.894
1	186.761
1	219.884
1	167.971
1	160.991
1	217
1	284.871
1	235.663
1	144.917
1	151.638
1	228.456
1	190.077
1	148.774
1	128.488
0	1.09958e-05
1	152.745
1	148.586
1	343.469
1	183.845
1	169.165
1	218.352
1	153.791
1	188.473
1	164.317
1	227.901
1	130.036
1	256.263
1	190.351
1	248.356
1	202.995
1	228.129
1	173.822
1	147.496
1	216.699
1	229.789
1	144.47
1	281.408
1	205.349
1	202.218
1	266.519
1	165.135
1	137.889
1	222.978
1	226.927
1	255.006
1	258.041
1	146.07
1	190.491
1	217.502
1	250.874
1	221.308
1	196.43
1	168.642
1	160.672
1	190.404
1	208.096
1	263.356
1	498.15
1	234.382
1	186.445
1	140.064
1	152.608
1	155.261
1	178.799
1	186.36
1	216.666
1	225.292
1	331.943
1	176.547
1	196.311
1	281.513
1	421.289
1	180.649
1	189.197
1	227.926
1	224.525
1	145.524
1	367.387
0	5.23707
1	266.766
1	280.602
1	286.233
1	198.145
1	150.813
0	2.89241e-05
1	175.801
1	133.801
1	176.497
1	154.507
1	156.799
1	239.428
1	296.808
1	154.646
1	125.505
1	195.477
1	207.706
1	163.943
1	196.464
1	169.573
1	163.378
1	195.017
1	262.245
1	170.903
1	230.354
1	217.445
1	175.235
1	336.097
1	243.925
1	260.243
1	188.838
1	247.223
1	144.214
1	196.508
1	130.41
1	200.246
1	142.398
1	260.724
1	192.695
1	243.568
1	152.097
1	201.437
1	139.606
1	182.188
1	252.586
1	192.968
1	169.996
1	170.944
1	218.904
0	0.000157034
1	157.43
1	212.442
1	156.891
1	134.697
1	185.7
1	237.711
1	144.048
1	235.219
1	186.832
1	158.76
1	134.818
1	187.577
1	181.596
1	159.292
1	180.967
1	178.976
1	183.76
1	258.136
1	242.621
1	134.667
1	187.627
1	167.647
1	373.266
1	158.841
1	149.947
1	193.173
1	204.636
1	222.091
1	148.308
0	231.564
1	162.449
1	263.077
1	203.499
1	179.757
1	241.765
1	147.637
1	197.053
1	227.586
1	241.301
1	134.478
1	168.447
1	167.022
1	182.775
1	258.235
1	233.984
1	151.439
1	266.955
1	198.535
1	194.035
1	175.711
1	197.417
1	161.662
1	205.523
1	146.507
1	159.458
1	212.293
1	204.132
1	203.688
1	173.354
1	204.97
1	152.706
1	235.09
1	183.71
1	125.233
1	186.386
1	155.982
1	187.924
1	143.459
1	144.715
1	174.768
1	138.531
1	168.998
1	207.465
1	151.057
1	182.718
1	158.402
1	265.526
1	185.925
1	378.172
1	105.916
1	162.097
1	259.294
1	170.814
1	208.859
1	180.252
1	182.496
1	201.092
1	183.881
1	177.61
1	122.977
1	174.897
1	192.872
1	181.579
1	178.61
1	413.318
1	146.429
1	176.866
1	193.976
1	197.361
1	134.509
1	234.321
1	252.164
1	189.458
1	111.928
1	194.751
1	124.751
1	306.437
1	196.146
1	193.382
1	216.463
1	207.983
1	236.484
1	199.702
0	6.99929e-06
1	249.037
1	251.157
1	187.376
1	165.812
1	252.925
1	170.89
1	115.964
1	229.929
1	279.432
1	152.356
1	167.746
1	187.831
1	238.234
1	236.981
1	223.05
1	136.404
1	189.325
1	150.6
1	209.435
1	145.325
1	126.807
1	133.27
1	221.767
1	210.4
1	190.714
1	226.463
1	183.899
1	275.244
1	191.506
1	145.591
1	253.37
1	134.22
1	174.169
1	165.158
1	166.173
1	234.537
1	171.467
1	152.169
1	231.4
1	155.845
1	355.691
1	207.8
1	189.134
1	212.348
1	128.789
1	183.95
1	261.363
1	161.937
1	152.925
1	142.354
1	334.091
1	237.62
1	145.656
1	220.265
1	195.629
1	207.073
1	186.553
1	256.123
1	227.733
1	206.318
1	182.76
1	195.533
1	161.583
1	302.823
0	17.4795
1	210.215
1	210.612
1	228.588
1	202.567
1	167.152
1	187.009
1	259.844
1	182.213
1	229.672
1	231.219
1	158.064
1	148.42
1	143.822
1	177.835
1	217.479
1	295.064
1	210.368
1	272.886
1	220.411
1	200.05
1	306.603
1	193.12
1	218.933
1	156.048
1	305.453
1	233.499
1	260.79
1	197.108
1	225.795
1	155.877
1	133.736
1	190.389
1	194.099
1	226.336
1	281.501
1	270.08
1	150.712
1	172.86
1	170.61
1	128.863
1	193.024
1	147.139
1	205.678
1	198.085
1	144.077
1	168.929
1	385.206
1	223.748
1	233.838
1	203.849
1	185.699
1	162.844
1	262.79
1	282.44
1	225.785
1	171.443
1	189.493
1	293.407
1	127.384
1	141.143
1	184.997
1	209.372
1	207.951
1	137.166
1	154.203
0	56.4125
1	207.261
0	60.0489
1	216.56
1	161.935
1	189.435
1	204.03
1	157.079
1	171.812
1	185.13
1	239.415
1	183.618
1	164.457
1	219.761
1	228.037
1	151.255
1	328.509
1	230.821
1	309.958
1	192.146
1	183.915
1	157.592
1	172.284
1	196.969
1	230.26
1	226.139
1	199.757
1	234.708
1	183.437
1	293.958
1	143.288
1	215.648
1	252.117
1	191.286
1	165.044
1	284.924
1	159.157
1	231.725
1	180.129
1	200.876
1	181.999
1	154.352
1	293.346
1	153.066
1	188.992
1	335.246
0	26.9037
1	174.215
1	140.624
1	226.19
1	237.536
1	253.734
1	137.118
1	207.124
1	136.704
1	300.154
1	165.808
1	137.656
1	274.687
1	144.453
1	196.576
1	211.489
1	152.903
1	142.705
1	168.856
1	171.352
1	140.925
1	275.062
1	224.275
1	239.846
1	174.658
1	196.873
1	172.479
1	186.103
1	169.557
1	175.769
1	159.618
1	185.473
1	153.951
1	172.035
1	351.725
1	202.868
1	214.302
1	179.45
1	142.45
1	289.707
1	292.258
1	229.062
1	201.704
1	178.664
1	236.816
1	198.61
1	193.855
1	167.215
1	194.052
1	145.132
1	215.538
1	181.499
1	265.191
1	137.874
1	133.43
1	132.137
1	176.484
1	211.734
1	242.801
1	205.751
1	160.952
1	178.262
1	247.877
1	185.491
1	252.342
1	216.829
1	277.881
1	181.081
1	121.68
1	235.369
1	188.352
1	201.63
1	207.776
1	193.551
1	280.381
1	292.715
1	226.994
1	118.335
1	208.473
1	157.318
1	148.654
1	150.408
1	154.871
1	191.683
1	108.709
1	148.37
1	267.029
1	260.599
1	151.094
1	213.215
1	209.668
1	162.862
1	189.578
1	229.992
1	311.699
1	206.301
1	325.038
1	203.874
1	151.385
1	372.145
1	213.341
1	195.75
1	253.8
1	174.696
1	214.493
1	177.459
1	239.987
0	102.78
1	155.469
1	215.635
1	229.467
1	115.528
1	174.619
1	214.66
1	193.187
1	344.33
1	149.99
1	190.808
1	216.781
1	235.365
1	137.235
1	146.351
1	194.871
1	167.414
1	157.783
1	200.079
1	187.862
1	151.901
1	157.989
1	222.772
1	220.306
1	157.227
1	149.034
1	173.697
1	317.926
1	269.637
1	147.007
1	182.098
1	188.395
1	223.389
1	134.871
1	146.033
1	132.598
1	204.703
1	162.973
1	140.836
1	146.584
1	151.206
1	187.161
1	234.454
1	272.674
1	258.314
1	289.119
1	332.151
1	162.609
1	266.33
1	226.774
1	320.975
1	181.734
1	330.814
1	166.481
1	171.072
1	246.572
1	157.588
1	199.985
1	191.883
1	225.333
1	228.107
1	139.062
1	186.503
1	175.54
1	307.401
1	159.386
1	200.955
1	204.871
1	240.574
1	188.53
1	148.479
1	185.23
1	196.96
1	367.087
1	237.402
1	135.509
1	250.804
1	195.445
1	137.069
1	200.753
1	198.543
1	274.015
1	165.537
1	131.849
1	201.372
1	231.914
1	226.601
1	219.448
1	219.607
1	145.118
1	189.53
1	219.307
1	187.548
1	178.499
1	193.606
1	152.402
1	280.957
1	290.526
1	174.725
1	262.115
1	147.229
1	205.584
1	252.138
1	171.615
1	215.802
1	215.012
1	186.627
1	215.787
1	178.116
1	252.2
1	260.536
1	166.579
1	286.673
1	182.444
1	134.338
1	207.77
1	280.472
1	312.332
1	177.46
1	236.509
1	327.504
1	272.647
1	267.21
1	225.703
1	150.348
1	213.97
1	155.351
1	184.14
1	284.893
1	134.81
1	179.303
1	138.607
1	238.729
1	164.995
0	5.51858e-07
1	168.398
1	218.505
1	191.911
1	122.488
1	163.96
1	174.369
1	205.25
1	251.472
1	224.523
1	255.965
1	224.371
1	189.427
1	363.63
1	193.113
1	245.001
1	184.893
0	10.9426
1	233.421
1	177.298
1	254.124
1	273.762
1	247.34
1	188.664
1	306.869
1	304.192
1	133.582
1	157.697
1	178.839
1	180.361
1	239.386
1	257.079
1	245.948
1	176.63
1	151.758
1	160.562
1	183.026
1	159.941
1	159.824
1	169.555
1	296.062
1	188.727
1	194.987
1	314.665
1	259.397
1	194.88
0	7.06364e-05
1	136.245
1	151.398
1	358.514
1	245.706
1	216.482
1	204.451
1	123.279
1	374.934
1	186.388
1	163.854
1	245.107
1	171.662
1	183.162
1	217.742
1	213.487
1	314.067
1	224.474
1	169.057
1	205.959
1	143.262
1	234.848
1	220.175
1	260.993
1	189.2
1	179.704
1	254.053
1	202.645
1	196.337
1	258.346
1	159.064
1	303.155
1	141.306
1	289.849
1	178.342
1	283.995
1	131.199
1	221.706
1	168.722
1	177.241
1	145.165
1	261.408
1	211.052
1	206.818
1	319.165
1	192.778
1	238.61
1	169.637
1	220.513
1	207.053
1	221.112
1	111.475
0	2.8618e-05
1	180.805
1	250.776
1	254.683
1	194.667
1	191.939
1	219.406
1	300.098
1	172.876
1	252.87
1	189.869
1	211.637
1	146.018
1	194.088
1	398.052
1	198.077
1	122.572
1	165.489
1	215.661
1	175.416
1	193.479
1	173.463
1	205.275
1	242.513
1	248.069
1	196.313
1	250.706
1	231.893
1	318.376
1	153.167
1	187.913
1	250.419
1	184.229
1	225.3
1	185.998
1	217.657
1	201.032
1	333.157
1	163.879
1	172.199
1	213.472
1	149.378
1	136.689
1	254.758
1	318.265
1	179.696
0	4.49983e-05
1	230.335
1	173.463
1	306.493
1	193.179
1	219.966
1	207.229
1	265.779
1	329.95
1	156.657
1	137.624
1	188.663
1	176.381
1	219.764
1	164.179
1	218.6
1	208.386
1	190.215
1	199.471
1	204.888
1	253.399
0	4.9836e-05
1	227.894
1	146.21
1	187.663
1	171.172
1	175.66
1	171.214
1	200.776
1	273.022
1	212.531
1	179.232
1	164.387
1	210.83
1	137.125
1	272.276
1	199.415
1	210.208
1	199.984
1	285.969
1	146.462
1	162.523
1	221.061
1	190.487
1	219.809
1	274.219
1	220.243
1	278.531
1	152.027
1	211.324
1	152.973
1	168.878
1	165.334
1	205.665
1	261.362
1	132.964
1	374.291
1	268.69
1	184.45
1	188.358
1	236.719
1	153.726
1	185.776
1	233.016
1	333.478
1	180.192
1	155.106
1	209.005
1	218.165
1	224.541
1	131.977
1	181.065
1	143.315
1	213.973
1	140.947
1	224.956
1	239.194
1	138.583
1	146.268
1	253.935
0	16.6799
1	178.108
1	164.83
1	257.066
1	183.056
1	259.672
1	158.829
1	223.801
1	163.143
1	151.625
1	115.209
1	204.161
0	107.254
1	206.475
1	218.572
1	147.824
1	157.002
1	175.536
1	200.442
1	190.638
1	171.716
1	199.069
1	200.972
1	193.873
1	194.559
1	260.058
1	197.579
1	188.044
1	138.405
1	180.124
1	169.152
1	143.638
1	153.056
1	189.182
1	307.784
1	191.911
1	275.033
1	159.886
1	186.37
1	169.594
0	1.28845e-05
1	181.41
1	186.534
0	2.63535e-05
1	244.559
1	143.476
1	239.1
1	116.257
1	254.047
1	216.133
1	240.131
1	176.866
1	210.758
1	215.943
1	232.349
1	264.214
1	181.711
1	207.894
1	195.028
1	228.207
1	146.359
1	125.055
1	201.691
1	173.316
1	174.537
1	178.324
1	198.59
1	137.449
1	165.683
1	346.097
1	233.574
1	179.917
1	190.949
1	139.792
0	6.39961e-05
1	191.542
1	184.727
1	214.599
1	210.212
1	238.002
1	244.801
1	179.929
1	122.652
1	229.186
1	169.01
1	189.078
1	156.294
1	235.218
1	153.634
1	226.796
1	155.272
1	170.101
1	365.709
1	206.007
1	268.483
1	218.391
1	186.249
1	178.937
1	206.074
1	301.233
1	200.772
1	170.535
1	164.416
1	128.219
1	265.143
1	133.968
1	163.193
1	235.316
1	147.432
0	3.85904e-06
1	173.777
1	177.509
1	199.007
1	187.495
1	249.9
1	146.199
1	137.821
1	271.919
1	222.401
1	218.077
0	24.3562
1	288.677
1	137.07
1	147.912
1	208.89
1	195.77
1	355.387
1	188.436
1	192.949
1	193.268
1	179.054
1	208.553
1	164.534
1	248.274
1	195.128
1	173.555
1	227.792
0	2.59524
1	315.145
1	153.541
0	1.60575e-05
1	148.41
1	202.697
1	277.103
1	188.875
1	171.884
1	202.574
1	304.684
1	220.474
1	276.068
1	148.766
1	184.08
1	275.726
1	169.755
1	276.102
1	265.749
1	207.115
1	193.974
1	163.436
1	166.892
1	207.781
1	263.338
1	176.19
1	206.231
1	218.019
1	164.062
1	184.244
1	221.739
1	162.337
1	231.282
1	224.068
1	195.561
1	164.075
1	157.318
1	208.218
1	208.636
1	242.203
1	215.005
1	187.001
1	197.447
1	203.331
1	245.995
1	232.372
1	174.687
1	239.946
1	242.026
1	242.109
1	173.022
1	202.858
1	207.842
1	199.643
1	221.215
1	220.106
1	149.518
1	245.695
1	211.468
1	190.503
1	202.452
1	290.852
1	373.159
1	154.784
1	173.168
1	180.942
1	209.413
1	177.728
1	188.506
1	169.311
1	257.114
1	140.137
1	154.081
1	135.392
1	209.65
1	183.358
1	199.783
1	154.821
1	287.669
1	200.664
1	154.55
1	315.12
1	166.788
1	189.408
1	179.941
1	143.319
1	278.728
1	246.458
1	172.093
1	220.721
1	215.217
1	244.679
1	164.012
1	355.582
1	270.31
1	219.379
1	173.128
1	197.134
1	149.341
1	162.265
1	150.797
1	215.959
1	213.072
1	158.561
1	182.253
1	197.657
1	219.677
1	225.124
1	163.957
1	230.123
1	254.731
1	159.109
1	283.689
1	200.873
1	199.445
1	133.294
1	120.089
1	194.778
1	229.668
1	225.639
1	218.868
1	277.173
1	178.336
1	152.023
1	186.523
1	216.08
1	224.681
1	223.899
1	222.31
1	210.552
1	330.418
1	202.59
1	360.079
1	188.404
1	200.544
1	191.622
1	135.125
1	165.875
0	36.9782
1	159.682
1	144.327
1	183.703
1	178.766
1	175.712
1	173.296
1	198.802
1	198.459
1	178.782
1	236.039
1	255.196
1	258.824
1	178.645
1	276.136
1	227.291
1	243.94
1	259.419
1	252.158
1	232.971
1	153.84
1	108.266
1	159.52
1	155.152
1	182.251
1	199.012
1	211.295
1	160.601
1	239.057
1	242.557
1	169.924
1	153.479
1	259.165
1	224.991
1	192.941
1	243.397
1	207.364
0	0.00011057
1	155.595
1	232.565
1	233.434
1	136.016
1	243.804
1	254.076
1	164.849
1	144.123
1	192.573
1	273.314
1	178.919
1	279.136
1	256.409
1	178.226
1	184.75
1	236.033
1	165.595
1	180.122
1	218.081
1	234.486
1	147.326
1	113.042
1	196.597
1	253.691
1	167.363
1	186.959
1	159.854
1	131.905
1	154.362
1	183.965
1	201.286
1	247.968
1	147.169
1	161.576
1	183.145
1	182.248
1	197.518
1	195.393
1	236.191
1	256.09
1	199.611
1	361.268
1	277.351
1	196.878
1	195.467
1	146.79
1	219.318
1	139.463
1	355.053
1	178.022
1	158.916
1	158.774
1	254.314
1	216.511
1	216.5
1	180.384
1	320.05
1	158.417
1	270.263
1	176.473
1	266.245
1	188.334
1	158.691
1	233.194
1	234.832
1	253.515
1	168.139
1	187.943
1	192.619
1	273.582
1	336.375
1	198.02
1	273.224
1	134.18
1	206.394
1	269.093
1	217.628
1	185.948
1	141.782
1	158.66
1	321.507
1	211.381
1	201.079
1	203.468
1	224.461
1	190.456
1	153.247
1	168.21
1	267.691
1	171.176
1	231.989
1	241.317
1	173.785
1	189.682
1	166.893
1	211.016
1	247.301
1	192.742
1	341.544
1	185.909
1	163.051
1	139.508
1	304.079
1	317.876
1	149.869
1	159.015
1	179.373
1	180.019
1	224.13
1	216.665
1	226.204
1	304.483
1	197.395
1	241.25
1	346.489
1	343.143
1	215.736
1	229.064
1	247.695
0	63.4163
1	161.689
1	212.235
1	184.217
1	257.56
1	244.898
1	221.033
1	269.391
1	171.375
1	160.207
1	354.261
1	180.097
1	296.119
1	203.127
1	138.093
1	171.928
1	240.698
1	147.29
1	212.757
1	210.314
1	101.791
1	176.676
1	208.532
1	203.176
1	184.049
1	324.542
1	233.736
1	222.918
1	181.101
1	210.106
1	187.005
1	187.327
1	172.5
1	183.784
1	155.327
1	194.904
1	196.241
1	194.948
1	175.063
1	204.945
1	179.788
1	227.783
1	190.228
1	135.287
1	204.641
1	153.664
1	278.23
1	159.249
1	151.434
1	177.754
1	170.675
1	195.485
1	287.818
1	190.707
1	269.695
1	203.74
1	169.373
1	192.88
1	169.666
1	149.284
1	230.567
1	254.645
1	267.354
1	189.659
1	292.712
1	169.964
0	7.08034e-06
1	318.635
1	163.719
1	153.429
1	206.624
1	270.618
1	238.592
0	6.01798e-06
1	129.291
1	227.257
1	230.116
1	184.314
1	239.875
1	348.507
1	187.598
1	161.86
1	241.531
1	272.09
1	187.781
1	157.284
1	243.178
1	176.793
1	153.107
1	194.359
1	206.847
0	5.17101
1	125.435
1	177.545
1	206.551
1	201.477
0	2.29759e-05
1	182.657
1	193.413
1	216.013
1	204.63
0	48.165
1	214.367
1	133.029
1	204.074
1	279.401
1	163.943
1	333.645
0	4.33662e-05
1	140.421
1	265.915
1	259.598
1	170.373
1	252.362
1	286.584
1	198.507
1	210.904
1	195.327
1	167.942
1	216.772
1	338.444
1	173.188
1	151.608
1	237.495
1	226.158
1	247.76
1	306.021
1	196.232
1	307.837
1	199.45
1	204.876
1	165.061
1	234.961
1	174.949
1	171.275
1	297.218
1	203.433
1	221.304
1	222.031
1	200.015
1	252.269
1	155.097
1	190.99
1	206.099
1	226.189
0	8.80163
1	231.765
1	205.272
1	213.094
1	237.716
1	265.971
1	254.673
1	269.346
1	137.892
1	168.417
1	205.504
1	202.448
1	220.151
1	141.948
1	149.093
1	136.239
1	195.018
1	106.884
1	347.13
1	228.225
1	157.251
1	124.311
1	160.553
1	150.752
1	288.884
1	211.394
1	193.109
1	200.396
1	222.059
1	165.44
1	137.804
1	222.17
1	234.601
1	181.2
1	189.91
1	167.555
1	223.191
1	182.439
1	230.585
1	245.899
1	250.836
1	151.789
1	148
1	181.687
1	209.808
1	269.53
1	208.308
1	210.824
0	2.16445e-05
1	180.58
1	141.986
1	274.688
1	196.439
1	331.723
1	173.955
0	8.26098e-05
1	179.396
1	234.339
1	149.229
1	197.01
1	174.729
1	181.834
1	141.042
1	178.932
1	200.292
1	192.327
1	183.691
1	234.985
1	185.572
1	163.154
1	192.885
1	132.79
1	145.051
1	168.398
1	203.511
1	202.342
1	199.636
1	203.207
1	186.813
1	218.262
1	152.198
1	204.41
1	168.947
1	212.822
1	214.403
1	234.542
1	204.552
1	185.285
1	162.39
1	198.98
1	293.03
1	182.967
1	154.77
1	182.858
1	165.013
1	193.652
1	181.227
1	236.324
1	160.645
1	300.005
1	193.505
1	145.062
1	212.944
1	187.645
1	168.49
1	198.817
1	143.93
1	195.355
1	184.383
1	205.985
1	223.419
1	133.43
1	209.273
1	191.416
1	203.914
1	223.52
1	243.287
1	195.68
1	155.851
1	161.526
1	142.219
1	142.22
1	185.416
1	205.74
1	231.28
1	206.853
1	184.497
1	175.022
1	195.164
1	143.778
1	143.486
1	205.222
1	193.502
1	233.891
1	187.778
1	286.943
1	202.982
1	298.061
1	246.284
1	162.939
1	137.102
1	190.624
1	253.7
1	175.92
1	157.015
1	213.375
1	291.918
1	177.663
1	168.32
1	165.577
1	133.128
1	138.172
1	150.22
1	202.477
1	158.044
1	137.357
1	179.017
1	189.094
1	176.855
1	174.987
1	209.712
1	236.621
1	208.875
1	198.974
1	243.082
1	167.46
1	181.665
1	151.603
1	132.942
1	130.054
1	187.498
1	199.782
1	247.131
1	166.704
1	201.16
1	194.707
1	263.988
1	233.615
1	270.046
1	171.202
1	162.823
1	132.111
1	187.672
1	152.806
1	146.356
1	200.187
1	177.715
1	178.323
1	191.985
1	214.101
1	171.863
1	210.229
1	140.73
1	186.248
1	235.583
1	167.636
1	335.539
1	221.385
1	175.514
1	139.225
0	3.8463e-05
1	186.413
1	192.279
1	207.773
1	261.035
1	210.613
1	190.794
0	1.45277e-05
1	155.405
1	322.06
1	203.116
1	143.537
1	152.949
1	315.807
1	207.536
1	236.147
1	175.562
1	289.201
1	194.143
1	228.775
1	161.192
1	134.769
1	207.147
1	195.843
1	163.793
1	251.124
1	188.087
1	262.935
1	162.854
1	210.662
1	166.183
1	252.536
1	221.101
1	230.9
1	205.025
1	204.599
1	231.748
1	296.367
1	137.261
1	383.33
1	301.545
1	254.764
1	154.35
1	182.818
1	227.743
1	158.152
1	143.967
1	165.504
1	212.279
1	138.205
1	260.614
1	175.982
1	211.068
1	156.482
1	218.61
1	192.965
1	200.91
1	201.325
1	160.26
1	213.789
1	191.451
1	172.818
1	193.864
1	171.823
1	347.79
1	258.599
1	168.455
1	202.392
1	206.473
1	156.137
1	256.781
1	171.431
1	188.805
1	235.666
1	190.335
1	184.308
1	223.064
1	183.583
1	249.988
1	206.006
1	181.329
1	232.506
1	182.118
1	265.237
1	185.405
1	250.298
1	180.934
1	185.438
1	179.716
1	206.255
1	163.527
1	168.77
1	247.47
1	196.183
1	184.212
1	284.831
1	313.95
1	164.782
1	210.964
1	228.193
1	195.898
1	158.414
1	169.095
1	183.232
1	206.546
1	148.764
1	167.56
1	232.17
1	406.822
1	183.386
1	174.771
1	190.636
1	215.093
1	222.653
1	178.419
1	194.548
1	241.481
1	203.326
1	166.66
1	203.095
1	195.591
1	272.901
1	205.622
1	230.341
1	143.023
1	189.867
1	284.341
1	146.367
1	231.006
1	145.215
1	231.383
1	223.473
1	232.327
1	256.678
1	285.495
1	232.229
1	248.97
1	143.814
1	144.522
1	151.934
1	215.05
1	213.342
1	191.683
1	148.764
1	232.139
1	189.196
1	122.595
1	213.337
1	230.755
1	169.816
1	183.524
1	188.086
1	286.608
1	219.293
1	173.284
1	241.751
1	192.959
1	147.909
1	167.92
1	211.292
1	288.217
1	180.972
1	180.907
1	309.733
1	220.73
1	269.536
1	188.56
1	181.287
1	192.299
1	143.359
1	157.383
1	184.574
1	173.729
1	271.472
1	273.909
1	225.475
1	154.54
1	134.6
1	208.713
1	172.776
1	123.25
1	211.367
1	201.751
1	149.607
1	141.434
1	306.377
1	201.64
1	254.99
1	166.576
1	194.417
1	256.055
1	168.33
1	172.732
1	184.182
1	176.854
1	171.857
1	146.476
1	111.236
1	181.765
1	324.548
1	204.358
1	192.106
1	187.754
1	141.666
1	179.157
1	145.857
1	159.985
1	255.358
1	241.063
1	190.328
0	2.68156e-05
1	257.791
1	149.899
1	441.477
1	180.929
1	186.003
1	183.869
1	217.215
1	235.701
1	125.487
1	190.924
1	213.296
1	306.308
1	178.183
1	151
1	210.452
1	148.019
1	262.189
1	214.101
1	211.57
1	199.984
1	254.783
1	197.071
1	143.264
1	245.865
1	198.034
1	206.56
1	171.582
0	9.07212e-05
1	267.731
1	125.364
1	256.077
1	235.801
1	166.924
1	449.622
1	249.108
1	178.865
1	178.497
1	195.626
1	197.341
1	196.83
0	6.50755e-05
1	156.111
1	193.322
1	233.784
1	312.362
1	215.171
1	238.304
0	11.3082
1	226.498
1	176.442
1	260.478
1	180.239
1	183.426
1	170.14
1	290.674
1	172.782
1	172.101
1	364.106
1	239.872
1	209.036
1	205.188
1	192.105
1	176.95
1	140.316
1	178.554
1	162.47
1	172.486
1	231.302
1	203.486
1	213.917
1	237.82
1	157.727
1	167.129
1	225.326
1	190.985
1	160.626
1	234.961
1	199.635
1	258.71
1	207.746
1	269.56
1	197.441
1	249.039
1	186.568
1	224.126
1	156.477
1	369.004
1	129.716
1	194.593
1	197.274
1	160.729
1	270.068
1	176.012
1	232.097
1	186.619
1	140.975
1	179.842
1	155.767
1	210.066
1	229.146
1	232.241
1	188.899
1	172.795
1	203.53
1	254.409
1	355.027
1	166.955
1	161.789
1	209.067
1	216.599
1	163.916
1	214.692
1	175.953
1	161.351
1	186.675
1	156.424
1	219.254
1	231.073
1	174.876
1	190.395
1	510.957
1	327.376
1	147.509
1	194.778
1	224.135
1	192.416
1	149.651
1	216.847
1	144.695
1	191.803
1	160.402
1	172.091
1	173.152
1	174.029
1	200.804
1	177.989
1	200.973
1	221.47
1	172.078
1	165.278
0	2.69706e-05
1	197.494
1	194.385
1	146.356
1	192.381
1	274.39
1	171.131
1	143.011
1	151.232
1	161.745
1	207.917
1	119.504
1	174.924
1	161.764
1	185.997
1	320.856
1	167.444
1	238.726
1	158.3
1	246.088
1	186.483
1	196.625
1	214.282
1	271.148
1	354.782
1	194.415
1	221.374
1	250.074
1	317.042
1	236.768
1	183.299
1	259.724
1	250.05
1	153.093
1	210.694
1	263.461
1	217.883
1	161.176
1	254.316
1	139.364
1	157.909
1	205.505
1	183.65
1	247.043
1	335.032
1	144.652
1	183.458
1	130.522
1	213.287
1	279.853
1	201.351
1	264.247
1	158.062
1	225.725
1	186.306
1	218.913
1	146.547
1	212.341
1	175.776
1	412.174
1	262.691
1	227.643
1	249.515
1	392.415
1	134.521
1	189.047
1	192.583
1	189.053
1	203.784
1	319.07
1	226.361
1	329.717
1	302.71
1	260.616
1	196.308
1	164.026
1	145.102
1	202.381
1	177.469
1	166.493
1	240.427
1	197.648
1	189.057
1	114.313
1	159.69
0	7.01472e-06
1	140.514
1	114.013
1	165.098
1	250.925
1	182.794
1	183.705
1	192.552
1	194.809
1	220.835
1	203.515
1	183.958
1	172.307
1	178.571
1	156.177
1	198.795
1	227.427
1	164.906
1	225.418
0	6.09693e-05
1	213.436
1	155.391
1	168.527
1	217.011
1	142.763
1	295.902
1	208.653
1	162.71
1	165.275
1	200.068
1	204.17
1	189.117
1	180.131
1	201.063
1	355.479
1	280.895
1	198.512
1	311.544
1	183.69
1	295.767
1	192.943
1	231.692
1	215.888
1	143.344
1	211.31
1	136.116
1	205.902
1	190.721
1	208.64
1	191.371
1	152.095
1	140.416
1	134.146
1	229.144
1	194.251
1	161.448
1	240.325
1	170.368
1	194.791
1	159.183
1	180.702
1	239.239
1	252.193
1	193.581
1	182.948
1	263.862
1	216.737
1	191.164
1	230.15
1	176.685
1	460.809
1	203.22
1	180.469
1	213.671
1	151.365
1	185.969
1	247.171
0	0.000143752
1	263.735
1	231.13
1	198.126
1	376.065
1	230.342
1	168.16
0	4.77231e-05
1	150.481
1	185.217
1	142.672
1	262.465
1	189.3
1	197.278
1	196.928
1	118.237
1	160.339
1	305.075
1	179.954
1	198.027
1	137.992
1	342.386
1	137.699
1	139.044
1	296.45
1	216.362
1	143.638
1	255.281
1	190.239
1	263.281
1	165.577
1	151.416
1	212.088
1	227.918
1	117.864
1	222.617
1	222.006
1	151.524
1	200.892
1	258.5
0	16.7843
1	187.98
1	156.628
1	169.01
1	189.998
1	189.017
0	1.69491e-05
1	208.194
1	139.992
1	162.334
1	258.194
1	194.587
1	174.51
1	189.051
1	151.67
1	199.566
1	248.168
1	254.287
1	153.719
1	231.726
1	161.067
1	167.258
1	155.047
1	169.105
1	129.407
1	225.348
1	204.055
1	173.262
1	147.861
1	225.233
1	223.504
1	208.84
1	190.12
1	125.82
1	137.487
1	153.779
1	177.974
1	209.452
1	135.006
1	285.752
1	239.336
1	163.252
1	227.34
1	194.525
1	225.067
1	159.567
0	2.24188e-05
1	164.84
1	145.29
1	232.926
1	158.231
1	344.825
1	273.409
0	16.8115
1	250.533
1	172.398
1	191.504
1	195.851
1	311.042
1	156.282
1	276.798
1	169.416
1	239.908
1	268.338
1	163.849
1	204.994
1	331.404
1	155.399
1	249.646
1	240.829
1	224.657
1	229.135
1	188.925
1	215.098
1	281.125
1	185.645
1	272.152
1	176.047
1	333.726
1	236.642
1	287.927
1	263.87
1	211.266
1	259.164
1	163.432
1	165.747
1	242.395
1	113.8
1	210.55
1	265.572
1	166.163
1	149.202
1	175.475
1	176.413
1	151.867
1	173.644
1	153.733
1	205.418
1	163.783
1	157.701
0	1.74964e-05
1	178.377
1	182.375
1	185.747
1	182.933
1	185.16
1	191.926
1	215.714
1	217.069
1	209.514
1	105.5
1	362.351
1	127.771
1	203.928
1	174.376
1	212.06
1	195.31
1	157.569
1	178.334
1	382.988
1	254.151
1	208.86
1	233.476
1	211.129
1	156.557
1	198.608
1	143.773
1	294.554
1	142.148
1	308.01
1	223.003
1	136.776
1	153.781
1	218.085
1	140.749
1	356.5
1	180.042
1	233.024
1	231.166
1	241.738
1	186.51
1	284.709
1	255.148
1	176.156
1	152.363
1	193.113
1	187.564
1	208.273
1	167.767
1	170.425
1	181.012
1	201.757
1	126.156
1	264.907
1	186.785
1	191.249
1	190.275
1	233.039
1	170.348
1	280.622
1	208.037
1	184.764
1	149.773
1	208.959
1	115.232
1	134.461
1	199.77
1	178.838
1	234.853
1	190.981
1	220.581
1	249.56
1	186.639
1	232.725
1	211.28
1	186.549
1	191.127
1	190.108
1	226.991
1	138.777
1	178.018
1	234.7
1	148.409
1	156.407
1	273.926
1	250.069
1	183.742
1	305.411
1	274.007
1	256.496
1	220.134
1	128.517
1	277.208
1	178.968
1	197.561
1	191.097
1	239.979
1	214.083
1	219.744
1	238.957
1	184.05
1	200.522
1	144.237
0	1.10066e-05
1	419.989
1	180.863
1	209.901
1	211.602
1	230.156
1	170.502
1	271.131
1	252.95
1	161.215
1	190.162
1	213.081
1	193.869
1	221.877
1	235.426
1	175.903
1	195.59
1	148.321
1	185.629
1	276.43
1	189.832
1	175.138
1	200.426
1	122.057
0	56.6173
1	188.082
1	162.487
1	204.935
1	292.723
1	216.935
1	221.213
1	182.286
1	193.125
1	202.212
1	200.245
1	153.109
1	227.849
1	180.649
1	247.874
1	185.387
1	148.612
1	153.082
1	166.402
1	187.7
1	250.023
1	239.855
1	293.713
1	140.89
1	153.095
1	178.244
1	149.592
1	249.006
1	164.598
1	262.621
1	157.269
1	155.958
1	148.716
1	231.79
1	220.59
1	281.364
1	205.901
1	247.217
1	253.06
1	176.062
1	207.956
1	227.506
1	212.492
1	189.097
1	200.017
1	149.957
1	137.854
1	184.141
1	239.911
1	225.107
1	174.876
1	332.046
1	295.506
1	171.019
0	20.2607
0	1.95846e-05
1	299.846
1	283.671
1	230.446
1	240.18
1	198.169
1	151.682
1	262.102
1	248.997
1	144.862
1	225.353
1	221.971
1	175.444
1	159.627
1	186.569
1	149.849
1	152.725
1	222.138
1	204.628
1	187.918
1	252.539
1	256.851
1	188.13
1	206.293
1	261.383
1	209.795
1	253.963
1	197.743
1	188.633
1	161.561
1	179.496
1	214.702
0	34.7061
1	276.992
1	227.863
1	152.174
1	194.63
1	183.302
1	195.037
1	145.428
1	215.283
1	324.089
1	114.41
1	300.28
1	206.288
1	244.729
1	214.789
1	273.436
1	165.884
1	239.304
1	169.374
1	202.095
1	219.062
1	182.06
1	188.382
1	189.013
1	168.751
1	183.902
1	218.324
1	192.483
1	219.172
1	192.632
1	190.558
1	154.197
1	197.367
1	180.228
1	185.759
1	212.754
1	158.136
1	193.403
1	174.222
1	170.952
1	151.119
1	154.225
1	128.543
1	214.559
1	146.603
1	227.327
1	341.759
1	116.789
1	239.116
1	151.654
1	277.267
1	202.175
1	205.636
1	293.261
1	159.194
1	178.75
1	209.319
1	244.607
1	156.781
1	134.019
1	212.031
1	159.39
1	206.186
1	240.262
1	152.602
1	206.185
1	147.503
1	197.456
1	206.534
1	144.476
1	196.089
1	152.768
1	241.726
1	195.958
1	209.923
1	274.256
1	255.724
1	199.501
1	157.226
1	257.473
1	179.23
1	142.844
1	223.888
1	193.492
1	168.83
1	155.47
1	249.55
1	181.92
1	161.107
1	231.051
1	176.455
1	167.768
1	196.012
1	200.675
1	201.496
1	185.209
1	173.233
1	180.887
1	278.575
1	152.03
0	29.5056
1	158.469
1	179.423
1	203.209
1	181.813
1	187.216
1	243.417
1	244.868
1	193.309
1	143.291
1	180.541
1	224.172
1	227.95
1	280.626
1	199.958
1	168.265
1	321.69
1	174.184
1	200.448
1	163.392
1	154.518
1	289.561
1	224.702
1	288.427
1	200.968
1	167.621
1	212.42
1	176.087
1	165.083
1	276.624
1	220.454
1	232.865
1	271.186
1	165.426
1	177.255
1	221.297
1	254.846
1	169.525
1	154.291
1	228.774
1	235.193
1	258.584
1	182.616
1	204.419
1	159.304
1	204.15
1	154.686
1	174.098
1	300.98
1	207.141
1	199.076
1	156.656
1	123.76
1	249.187
1	292.006
1	220.169
1	206.622
1	243.518
1	205.092
1	155.662
1	135.348
1	195.808
1	153.721
1	246.079
1	255.439
0	9.77004e-05
1	202.651
1	162.88
0	93.1413
1	223.675
1	172.822
1	156.439
1	187.336
1	184.107
1	187.216
1	202.007
1	150.245
1	137.808
1	187.936
1	299.659
1	301.301
1	220.973
1	233.289
1	209.743
1	168.77
1	146.321
1	206.097
1	292.294
1	145.426
1	174.499
1	254.095
1	190.96
1	210.14
1	246.565
1	145.009
1	196.258
1	214.82
1	176.065
1	303.493
1	157.682
1	168.975
1	156.232
1	176.756
1	178.732
1	163.272
1	159.111
1	168.491
1	275.936
1	178.889
1	165.158
1	149.11
1	187.268
1	217.968
1	218.039
1	135.04
1	178.454
1	221.365
1	249.016
1	218.068
1	260.546
1	269.908
1	239.265
1	145.216
1	166.445
1	201.837
1	206.883
1	239.437
1	181.773
1	184.402
1	252.611
1	239.314
1	324.208
1	315.825
1	223.114
1	248.824
1	237.131
1	145.255
1	144.465
1	178.185
1	137.819
1	143.792
1	223.95
1	312.121
1	213.369
1	201.735
1	213.332
1	168.519
1	173.48
1	259.899
0	1.65568
1	196.528
1	258.158
1	235.982
1	195.584
1	168.029
1	283.852
1	174.229
1	183.706
1	152.177
1	247.052
1	187.84
1	215.253
1	153.815
1	172.543
1	165.962
1	99.563
1	234.72
1	188.262
1	249.336
1	173.831
1	192.481
1	246.2
1	188.522
1	212.467
1	249.006
1	240.765
1	259.222
1	120.126
1	130.107
1	292.616
1	142.563
1	231.972
1	321.948
1	183.931
1	235.103
1	269.757
1	293.333
1	173.554
1	165.787
1	166.892
1	184.453
1	282.202
1	244.488
1	186.197
1	220.51
1	145.608
1	244.285
1	194.721
1	221.019
1	332.707
1	243.307
1	161.723
1	164.611
1	192.526
1	171.649
1	251.343
1	223.085
1	218.123
1	170.847
1	144.68
1	163.643
1	187.526
1	330.935
1	256.369
1	320.485
1	139.991
1	253.37
1	232.334
1	310.214
1	220.735
1	249.883
1	142.282
1	167.111
1	200.046
1	195.113
1	180.825
1	198.27
0	6.6723e-05
1	218.82
1	240.775
1	241.993
1	292.143
1	204.877
1	407.205
1	257.993
1	177.124
1	201.819
1	204.177
1	196.949
1	143.739
1	185.932
1	294.32
1	158.493
1	244.512
1	248.997
1	262.041
1	339.549
1	269.872
1	161.303
1	176.698
1	154.634
1	164.498
1	316.447
1	146.652
1	161.257
1	215.101
1	152.434
1	289.971
1	185.026
1	157.18
1	205.306
1	165.509
1	265.96
1	181.127
1	167.845
1	163.434
1	190.476
1	250.015
1	203.913
1	171.451
1	236.064
1	189.501
1	176.25
1	354.577
1	171.232
1	154.943
1	217.815
1	172.807
1	209.604
1	194.662
1	189.504
1	155.409
1	311.579
1	313.097
1	234.547
1	152.664
1	243.78
1	194.382
1	147.985
1	190.306
1	311.628
1	256.088
1	210.731
1	197.189
1	191.107
1	232.338
1	191.429
1	193.051
1	124.226
1	218.828
1	145.133
1	228.49
1	196.803
1	169.882
1	225.972
1	170.561
1	258.282
1	232.803
1	267.1
1	167.269
1	213.308
1	286.246
1	208.743
1	212.279
1	173.256
1	263.18
1	210.578
1	214.968
1	209.076
1	193.083
1	292.868
1	200.365
1	259.994
1	229.609
1	142.341
1	155.412
1	145.529
1	172.548
1	198.583
1	184.011
1	233.841
1	328.27
1	257.972
1	232.202
1	167.229
1	206.909
1	205.298
1	266.707
1	219.079
1	163.815
1	232.275
1	169.57
1	222.355
1	173.561
1	190.546
1	181.608
1	244.693
1	296.856
1	198.997
1	166.863
1	133.311
1	213.211
1	208.654
1	183.942
1	149.757
1	160.232
1	196.367
1	172.23
1	126.029
1	203.318
1	215.772
1	213.006
1	265.529
1	257.256
1	277.403
1	159.319
1	188.756
1	194.961
1	250.211
1	231.824
1	158.896
1	203.776
1	189.601
1	167.211
1	252.025
1	174.614
1	176.111
1	166.298
1	216.428
1	177.436
1	183.577
1	271.941
1	256.752
1	169.408
1	230.97
1	243.378
1	310.226
1	123.109
1	247.809
1	233.147
1	164.971
1	162.641
1	241.118
1	230.402
1	184.379
1	199.546
1	171.732
1	198.816
1	205.28
1	174.551
1	169.45
1	170.411
1	177.839
1	210.368
1	213.092
1	178.951
1	215.998
1	281.709
1	200.43
1	283.661
1	162.429
1	205.136
1	193.152
1	172.712
1	192.235
1	172.716
1	201.771
1	270.351
1	125.46
1	174.153
0	1.73224
1	146.086
1	142.756
1	171.163
1	184.491
1	148.812
1	207.326
1	222.342
1	211.538
1	154.647
1	201.005
1	193.899
1	191
1	200.696
1	173.044
1	288.97
1	196.803
1	271.498
1	186.982
1	196.281
1	186.525
1	155.331
1	177.16
1	217.17
1	268.337
1	174.168
1	146.935
1	214.685
1	164.207
1	198.331
1	278.486
1	201.114
1	189.361
1	131.777
1	266.52
1	405.549
1	300.074
1	183.242
1	173.583
1	175.306
1	194.882
1	224.489
1	219.99
1	185.501
1	216.559
1	171.387
1	164.605
1	178.344
1	249.145
1	260.243
1	197.292
1	172.394
1	187.884
1	163.93
1	175.055
1	277.485
1	234.4
1	154.098
1	191.501
1	183.721
1	176.874
1	217.056
1	240.906
1	258.551
1	284.603
1	294.545
1	186.005
1	264.451
1	164.548
1	219.658
1	152.514
1	201.183
1	210.624
1	172.471
1	136.233
1	135.773
1	289.759
1	146.242
1	157.011
1	166.996
1	181.568
1	184.98
1	176.736
1	201.586
1	150.891
1	165.256
1	167.932
1	151.688
1	230.921
1	331.82
1	212.44
1	183.503
1	249.457
1	227.147
1	209.834
1	258.339
1	276.211
1	184.061
1	340.505
1	279.013
1	160.782
1	283.746
1	157.645
1	216.353
1	238.265
1	165.588
1	259.108
1	155.35
1	198.803
1	236.485
1	228.206
1	218.167
1	180.55
1	175.465
1	234.577
1	251.914
1	172.093
1	228.033
1	131.862
1	167.707
1	189.217
1	169.878
1	234.972
1	252.938
1	161.928
1	195.23
1	198.447
1	190.542
1	235.84
1	202.856
1	172.541
1	211.796
1	214.428
1	264.09
1	169.946
1	201.813
1	134.045
1	186.733
1	156.757
1	312.163
1	157.494
1	153.39
1	222.355
1	423.499
1	140.852
1	163.351
1	221.87
1	227.651
1	214.3
1	159.346
1	184.396
1	193.725
1	181.115
1	171.836
1	248.122
1	297.81
1	205.403
1	285.624
1	177.078
0	6.60081e-05
1	208.581
1	245.59
1	207.084
1	179.266
1	185.06
1	215.921
1	201.649
1	220.687
1	195.747
1	201.536
1	183.209
1	294.655
1	280.434
1	140.808
1	309.597
1	176.585
1	142.505
1	156.383
1	188.663
1	140.869
1	199.817
1	240.552
1	253.266
1	167.88
1	258.926
1	207.062
1	131.604
1	193.976
1	133.827
1	252.683
0	6.15895
1	334.85
1	164.28
1	251.092
1	197.683
1	367.386
1	155.236
1	134.216
1	233.939
1	363.326
1	169.786
1	158.565
1	212.922
1	210.73
1	200.882
1	194.381
1	205.088
1	197.19
0	51.4922
1	159.99
1	156.99
1	211.531
1	185.858
1	177.583
1	272.837
1	166.267
1	106.993
1	203.649
1	228.333
1	202.191
1	171.338
1	183.754
1	179.212
1	305.164
1	233.171
1	172.35
1	208.783
1	253.096
1	176.72
1	121.78
1	203.51
1	219.225
1	150.317
1	149.151
1	140.094
1	164.123
1	310.922
1	154.378
1	184.918
1	287.176
1	144.276
1	198.707
1	274.46
1	179.018
1	198.342
1	213.564
1	229.565
1	158.298
1	232.163
1	236.646
1	142.593
1	147.359
0	4.05609e-05
1	165.979
1	250.049
1	196.966
1	147.715
1	170.382
1	194.595
1	280.274
1	200.724
1	212.593
1	187.933
1	190.328
1	204.624
1	168.323
1	141.757
1	212.207
1	159.492
0	92.2834
1	215.091
1	280.856
1	199.692
1	303.674
1	143.373
1	242.34
1	166.04
1	165.516
1	212.065
1	214.341
1	186.309
1	195.686
1	199.943
0	82.3812
1	203.952
1	176.847
1	155.867
1	211.22
1	205.129
1	214.017
1	195.009
1	286.197
1	189.904
