10000	100	9900	0.00104167
0.025641	2.53846	95746.2	9.67133
1	294.242
1	152.31
1	244.016
1	182.546
1	173.078
1	229.989
1	168.061
1	153.83
1	297.837
1	204.943
1	195.203
1	197.339
1	354.968
1	181.254
1	240.847
1	239.614
1	219.736
1	176.148
1	138.907
1	202.509
1	159.651
1	167.185
1	194.925
1	150.573
1	153.975
0	30.4232
1	139.928
1	204.745
1	222.728
1	153.471
1	186.771
1	206.907
0	36.227
1	163.176
1	181.925
1	166.559
1	286.532
1	173.967
1	158.365
1	249.43
1	330.597
1	235.153
1	176.303
1	178.904
1	159.049
1	143.969
1	182.261
1	182.8
1	182.235
1	169.538
1	143.34
1	156.708
1	151.276
1	209.743
1	195.276
1	267.18
1	164.285
1	191.776
1	165.338
1	215.847
1	169.957
1	173.218
1	212.527
1	187.588
1	203.013
1	249.025
1	172.451
1	194.38
1	176.013
1	181.02
1	211.096
1	153.208
1	336.525
1	160.541
1	188.154
1	229.73
1	146.014
1	194.79
1	239.093
1	257.8
1	202.889
1	230.813
1	284.571
1	215.965
1	178.084
1	299.846
1	185.859
1	176.181
1	217.432
1	244.088
1	240.111
1	176.947
1	124.48
1	266.629
1	168.712
1	268.697
1	233.661
1	207.364
1	207.685
1	119.864
1	170.194
1	184.4
1	132.104
1	185.494
1	197.557
1	231.883
1	184.825
1	200.509
1	206.401
1	232.549
1	204.022
1	178.196
1	211.533
1	248.371
1	174.787
1	177.351
1	168.749
1	143.002
1	193.831
1	175.45
1	163.611
1	214.022
1	177.817
1	200.672
1	301.374
1	275.383
1	168.291
1	235.029
1	177.305
1	225.07
1	358.985
1	270.15
1	148.621
1	180.45
1	154.409
1	171.24
1	221.075
1	161.631
1	311.351
1	210.02
1	268.439
1	296.787
1	158.715
1	179.975
1	179.927
1	206.022
1	190.944
1	187.369
1	242.867
1	165.953
1	220.347
1	244.501
1	209.683
1	142.668
1	155.665
1	183.059
1	242.014
1	243.121
1	249.751
1	251.99
1	149.814
1	296.877
1	133.927
1	219.691
1	201.26
1	146.574
1	299.234
1	198.11
1	204.739
1	185.994
1	158.633
1	161.392
1	222.216
1	192.386
1	227.867
1	135.439
1	155.021
1	220.904
1	243.629
1	191.668
1	179.379
1	151.226
1	193.683
1	220.408
1	165.7
1	141.809
1	214.556
1	172.063
1	325.076
1	255.855
1	194.546
1	182.062
1	165.851
1	163.776
1	137.175
0	84.3631
1	150.542
1	263.673
1	219.82
1	219.193
1	252.038
1	208.706
1	153.446
1	147.193
1	216.855
1	193.77
1	196.395
1	240.65
1	182.202
1	204.93
1	248.097
0	79.9809
1	196.686
1	184.223
1	194.772
1	213.277
1	140.851
1	223.824
1	176.12
1	181.304
1	191.997
1	196.582
1	168.529
1	183.594
1	185.369
1	169.753
1	230.707
1	116.747
1	212.021
1	164.514
1	210.513
1	175.888
1	222.802
1	258.493
1	204.989
1	181.044
1	187.752
1	196.606
1	170.086
1	429.541
1	284.144
1	280.659
1	195.03
1	166.221
1	193.142
1	139.743
1	134.131
1	295.229
1	161.57
1	187.799
1	172.026
1	227.628
1	255.702
1	157.44
1	229.23
1	172.735
1	216.861
1	166.337
1	136.323
1	183.438
1	243.889
1	219.675
1	236.402
1	208.011
1	175.162
1	222.765
1	241.051
1	172.51
1	140.121
1	216.709
1	174.041
1	244.631
1	280.313
1	232.04
1	195.893
1	144.588
1	192.418
1	279.576
1	259.999
1	198.92
1	176.401
1	399.174
1	227.839
1	227.461
1	306.458
1	318.067
1	221.664
1	136.919
1	198.798
1	202.546
1	217.057
1	135.216
1	169.629
1	175.935
1	192.9
1	173.956
1	246.171
1	174.063
1	189.246
1	162.65
1	169.788
1	197.939
1	158.054
1	145.12
1	129.592
1	221.671
1	213.479
1	163.257
1	155.189
1	204.391
1	286.754
1	139.296
1	248.946
1	198.933
1	202.801
1	216.344
1	184.103
1	238.761
1	200.117
1	174.657
1	132.63
1	227.771
1	246.336
1	174.843
1	229.435
1	214.655
1	210.539
1	343.435
1	190.653
1	182.73
1	174.213
1	156.194
1	208.144
1	252.69
1	210.141
1	156.957
1	159.977
1	194.516
1	158.471
1	133.166
1	199.683
1	227.442
1	230.344
1	241.971
1	193.922
1	169.936
1	148.562
1	179.464
1	219.378
1	286.294
1	111.901
1	270.324
1	172.404
1	166.179
1	218.953
1	245.037
1	210.155
1	161.716
1	362.314
1	183.414
1	186.428
1	308.217
1	250.381
1	210.365
1	223.328
1	197.168
1	211.385
1	156.827
1	168.57
1	129.694
1	202.831
1	138.731
0	7.11432
1	300.928
1	126.799
1	209.764
1	199.504
1	250.322
1	132.106
1	212.3
1	346.89
1	228.06
1	224.04
1	192.313
1	178.31
1	294.472
1	228.73
1	208.622
1	232.321
1	228.119
1	131.818
1	147.661
1	187.907
1	147.055
1	155.614
1	203.084
1	196.854
1	131.015
1	175.935
1	187.46
1	202.393
1	217.032
1	297.36
1	163.794
1	180.431
1	300.57
1	224.211
1	209.148
1	163.415
1	151.099
1	167.643
1	233.432
1	298.149
1	262.984
1	214.358
1	151.039
1	138.684
1	170.149
1	252.117
1	189.372
1	344.717
1	182.413
1	179.165
1	176.173
1	161.413
1	166.268
1	162.017
1	165.363
1	147.502
1	262.144
1	200.751
1	129.658
1	211.556
1	236.571
1	287.799
1	179.518
1	222.01
1	184.892
1	279.003
1	164.495
1	137.615
1	132.873
1	223.839
1	162.357
1	217.405
1	361.483
1	147.214
1	198.169
1	238.694
1	270.85
1	180.489
1	136.482
1	188.693
1	198.486
1	200.921
1	213.888
1	165.998
1	208.21
1	115.348
1	224.179
1	147.095
1	219.692
1	139.998
1	237.132
1	247.944
1	160.028
1	448.519
1	247.318
1	214.436
1	180.56
1	217.871
1	332.041
1	378.779
1	176.233
1	171.952
1	230.677
1	211.046
1	224.654
1	225.851
1	323.783
1	133.176
1	188.347
1	305.712
1	187.547
1	255.326
1	197.818
1	203.645
1	239.219
1	200.974
1	156.143
1	164.492
1	255.814
1	258.699
1	136.408
1	134.742
1	189.406
1	159.058
1	235.751
1	184.717
1	227.592
1	167.605
1	124.441
1	164.089
1	137.304
1	195.929
1	209.344
1	137.484
1	255.223
1	162.698
1	169.639
1	182.142
1	181.759
1	251.742
1	162.477
1	168.256
1	133.536
1	174.536
1	272.702
1	265.49
1	142.113
1	284.167
1	175.087
1	186.297
1	132.877
1	245.28
1	147.228
1	196.518
1	174.946
1	261.247
1	143.371
1	205.172
1	121.06
1	166.612
1	316.427
1	237.647
1	184.662
1	196.171
1	211.896
1	145.754
1	178.009
1	117.007
1	211.455
1	235.193
1	182.708
1	193.542
1	144.628
1	124.393
1	153.23
1	189.799
1	197.226
1	280.804
1	233.735
1	172.552
1	282.024
1	163.166
1	249.535
1	163.829
1	206.253
1	182.911
1	123.893
1	186.973
1	198.002
1	167.402
1	159.656
1	330.06
1	272.705
1	292.099
1	194.118
1	184.933
1	186.621
1	197.654
1	181.86
1	316.928
1	221.478
1	193.012
1	202.174
1	224.367
1	166.142
1	249.319
1	324.912
1	245.166
1	188.172
1	227.395
1	231.871
1	193.923
1	230.881
1	179.706
1	225.379
1	302.703
1	201.675
1	207.555
1	182.965
1	207.233
1	152.953
1	159.301
1	136.363
1	192.153
1	186.154
1	170.241
1	229.595
1	195.286
1	149.326
1	163.528
1	195.761
1	169.331
1	165.26
1	159.104
1	287.308
1	145.242
1	179.325
1	239.343
1	198.531
1	211.394
1	207.011
1	249.121
1	235.093
1	190.306
1	387.798
1	203.009
1	188.269
1	169.949
1	274.507
1	269.234
1	230.372
1	194.172
1	177.994
1	153.878
1	165.007
1	307.626
1	162.007
1	286.905
1	270.1
1	236.093
0	19.8795
1	191.175
1	155.72
1	173.438
1	177.119
1	178.521
1	254.717
1	132.214
1	181.979
1	180.32
1	268.552
1	194.731
1	143.138
1	284.394
1	257.102
1	176.712
1	222.624
1	214.17
1	167.941
1	252.889
1	296.333
1	338.238
1	183.124
1	184.445
1	193.374
1	193.891
1	214.178
1	213.752
1	218.521
1	184.283
1	210.923
1	154.283
1	235.443
1	200.909
1	186.829
1	202.692
1	237.63
1	276.033
1	268.337
1	211.96
1	238.118
1	334.535
1	246.135
1	331.372
1	314.546
1	317.182
1	143.741
1	175.9
1	249.34
1	166.074
1	193.572
1	183.563
1	209.655
1	213.777
1	234.784
1	256.085
1	195.109
1	262.788
1	176.025
1	262.236
1	183.566
1	232.898
1	162.02
1	168.534
1	176.522
1	158.803
1	223.175
1	184.268
1	245.427
1	178.815
1	201.444
1	187.529
1	131.105
1	283.117
1	148.306
1	170.899
1	166.502
1	216.174
1	197.811
1	199.535
1	236.17
1	146.999
1	212.992
1	238.394
1	179.937
1	168.702
1	181.326
1	222.85
1	186.491
1	245.83
1	340.379
1	234.403
1	114.827
1	278.022
1	180.155
1	251.017
1	206.069
1	243.137
1	328.421
1	223.702
1	182.787
1	170.689
1	147.035
1	185.963
1	141.447
1	223.199
1	200.522
1	166.474
1	164.559
1	204.304
1	179.754
1	170.402
1	205.097
1	200.41
1	337.56
1	188.915
0	26.7152
1	233.217
1	208.493
1	336.297
1	315.091
1	145.842
1	119.756
1	171.088
1	305.22
1	231.141
1	136.76
1	215.515
1	271.161
1	224.896
1	176.985
1	209.155
1	131.67
1	171.014
1	243.468
1	208.287
1	136.785
1	179.04
1	238.973
1	159.675
1	174.082
1	139.644
1	186.377
1	172.444
1	194.953
1	252.326
1	182.32
1	287.355
1	194.401
1	158.786
1	185.3
1	231.202
1	180.651
1	147.617
1	158.714
1	142.864
1	199.956
1	197.38
1	172.734
1	238.384
0	1.60315
1	319.492
1	220.261
1	158.176
1	302.593
1	342.427
1	132.628
1	177.328
1	256.764
1	149.54
1	173.669
1	250.137
1	224.148
1	147.095
1	151.372
1	216.855
1	279.06
1	246.844
1	199.896
1	213.729
1	175.062
1	160.365
1	283.253
1	266.25
1	342.582
1	190.76
1	170.661
1	160.095
1	151.965
1	202.148
1	199.294
1	155.692
1	212.854
1	170.458
1	126.014
1	275.023
1	317.541
1	184.315
1	235.307
1	299.743
1	165.629
1	265.807
1	176.352
1	256.041
1	233.149
1	197.547
1	164.564
1	197.268
1	224.966
1	220.174
1	154.334
1	238.948
1	257.125
1	288.068
1	173.503
1	235.993
1	285.974
1	351.761
1	190.806
1	205.496
1	171.653
1	287.494
1	218.724
1	239.681
1	257.796
1	214.602
1	208.701
1	229.975
1	171.326
1	167.802
1	198.223
1	209.689
1	171.884
1	195.033
1	302.062
1	132.208
1	219.372
1	206.062
1	259.431
1	211.38
1	214.568
1	164.821
1	263.784
1	117.905
1	143.346
1	183.408
1	155.517
1	178.819
1	243.848
1	120.877
1	293.517
1	168.672
1	167.607
1	188.28
1	151.106
1	390.533
1	239.026
1	229.517
1	179.474
1	125.283
1	248.053
1	260.459
1	145.812
1	181.515
1	173.513
1	180.552
1	313.416
1	306.463
1	176.081
1	177.445
1	241.963
1	155.617
1	186.924
1	161.741
1	196.963
1	121.01
1	235.97
1	277.957
1	305.492
0	1.17067
1	255.703
1	203.774
1	116.438
1	157.339
1	186.318
1	189.612
1	197.855
1	195.731
1	169.102
1	130.224
1	177.527
1	293.89
1	132.903
1	191.388
1	192.975
1	219.724
1	175.607
1	199.034
1	142.034
1	182.297
1	303.189
1	241.227
1	233.501
1	226.595
1	199.551
1	172.364
1	173.771
1	145.083
1	276.821
1	152.738
1	160.444
1	148.615
1	210.905
1	220.539
1	243.938
1	128.485
1	147.976
1	292.791
1	230.691
1	138.167
1	216.736
1	282.897
1	194.298
1	283.582
1	240.202
1	257.482
0	62.8653
1	185.667
1	219.172
1	230.843
1	220.794
1	139.604
1	263.732
1	235.135
1	135.222
1	214.074
1	241.759
1	221.69
1	181.12
1	196.772
1	169.026
1	261.213
1	183.401
1	364.973
1	175.362
1	206.856
1	201.837
1	135.523
1	247.024
1	215.064
1	216.888
1	127.104
1	251.547
1	158.118
1	132.321
1	205.295
1	204.432
1	189.076
1	145.158
1	198.831
1	206.389
1	183.624
1	215.972
1	185.929
1	152.831
1	189.378
1	246.709
1	205.318
1	134.97
1	214.209
1	142.568
1	181.192
1	171.036
1	182.283
1	219.252
1	332.62
1	218.836
1	210.397
1	217.599
1	187.944
1	149.093
1	133.552
1	216.101
1	254.142
1	227.605
1	182.978
1	172.096
1	216.127
1	214.731
1	237.814
1	155.508
1	147.932
1	242.232
1	193.081
1	177.62
1	231.756
1	208.837
1	381.618
1	148.948
1	186.081
1	164.593
1	238.593
1	247.723
1	136.631
1	261.66
1	162.714
1	185.668
1	181.329
1	178.112
1	204.763
1	124.787
1	177.854
1	141.851
1	149.454
1	148.961
1	122.094
1	172.949
1	233.816
1	241.409
1	203.658
1	237.991
1	209.98
1	159.959
1	194.503
1	279.575
1	173.864
1	261.117
1	231.069
1	149.562
1	147.666
1	202.804
1	172.791
1	168.336
1	180.008
1	144.564
1	131.854
1	193.271
1	172.306
1	173.989
1	169.642
1	172.129
1	273.909
1	229.521
1	157.178
1	203.835
1	202.605
1	177.929
1	190.263
1	318.554
1	222.554
1	265.784
1	229.16
1	264.04
1	151.957
1	370.971
1	133.376
1	228.945
1	169.437
1	157.797
1	168.087
1	179.071
1	214.586
1	168.348
1	203.9
1	178.927
1	147.665
1	129.009
1	173.951
1	124.883
1	183.738
1	284.448
1	216.313
1	186.334
1	227.49
1	159.617
1	198.282
1	200.563
1	144.7
1	281.95
1	208.147
1	169.082
1	260.092
1	167.41
1	161.192
1	204.093
1	194.24
1	166.728
1	294.624
1	135.746
1	143.533
1	152.456
1	282.878
1	153.229
1	144.033
1	136.674
1	229.087
1	189.049
1	219.261
1	185.739
1	176.812
1	135.109
1	223.279
1	234.126
1	176.892
1	311.961
1	252.186
1	149.292
1	180.456
1	187.123
1	155.493
1	249.614
1	189.354
1	180.548
1	190.159
1	171.827
1	226.23
1	191.173
1	127.122
1	184.653
1	132.281
1	178.203
1	277.76
1	217.98
1	168.474
1	221.382
1	281.065
1	240.458
1	253.998
1	264.817
1	164.913
1	212.907
1	180.325
1	181.408
1	181.409
1	223.727
1	198.158
1	185.157
1	179.077
1	178.564
1	166.292
1	163.06
1	151.461
1	149.775
1	158.888
1	200.207
1	216.007
1	186.6
1	136.752
1	166.227
1	233.448
1	299.776
1	142.206
1	170.145
1	192.881
1	220.118
1	161.479
1	283.38
1	197.339
1	192.844
1	201.846
1	165.73
1	254.158
1	242.641
1	192.435
1	168.251
1	239.633
1	158.215
1	188.611
1	306.543
1	182.567
1	150.325
1	194.413
1	362.227
1	200.145
1	195.49
1	138.846
1	188.937
1	313.867
1	248.679
1	203.397
1	182.763
1	281.616
1	277.529
1	157.361
1	258.629
1	202.229
1	268.605
1	152.944
1	144.457
1	219.072
1	233.074
1	206.272
1	212.406
1	257.577
1	152.533
1	135.989
1	221.301
1	234.328
1	182.875
1	219.475
1	165.739
1	169.539
1	227.197
1	154.124
1	207.673
1	243.248
1	186.712
1	163.006
1	183.226
1	395.831
1	307.699
1	173.278
1	241.396
1	204.767
1	218.156
1	132.18
1	194.061
1	236.557
1	162.201
1	169.994
1	170.996
1	250.058
1	222.884
1	204.9
1	120.251
1	195.062
1	191.149
1	253.46
1	204.478
1	292.767
1	235.062
1	200.698
1	231.715
1	226.714
1	235.667
1	171.113
1	188.551
1	234.883
1	230.698
1	200.486
1	240.289
1	161.978
1	191.057
1	169.692
1	213.17
0	19.8222
1	170.431
1	216.698
1	280.813
1	274.117
1	155.154
1	209.988
1	154.552
1	144.849
1	204.354
1	180.773
1	239.299
1	204.547
1	200.97
1	177.657
1	263.261
1	254.483
1	181.901
1	181.812
1	139.868
1	205.173
1	291.082
1	149.132
1	167.683
1	171.254
1	388.666
1	153.386
1	163.205
1	200.347
1	164.099
1	218.856
1	170.12
1	242.905
1	279.148
1	225.227
1	191.922
1	179.313
1	221.326
1	228.292
1	231.81
1	265.097
1	271.129
1	293.281
1	155.021
1	171.23
1	223.834
1	125.773
1	210.451
1	261.069
1	128.541
1	159.322
1	174.184
1	264.42
1	195.353
1	186.732
1	129.745
1	285.827
1	222.301
1	224.956
1	155.277
1	216.568
1	162.945
1	155.794
1	161.012
1	193.309
1	197.455
1	160.464
1	202.91
1	153.496
1	242.264
1	161.157
1	185.913
1	255.461
1	254.937
1	263.052
1	189.663
1	150.404
1	138.017
1	270.24
1	181.191
1	157.999
1	178.558
1	210.245
1	174.912
1	234.582
1	168.371
1	182.52
1	412.426
1	149.223
1	208.223
1	244.404
1	193.167
1	166.6
1	149.152
1	212.965
1	200.075
1	176.289
1	171.373
1	179.681
1	162.123
1	139.834
1	156.287
1	213.772
1	196.353
1	179.867
1	254.843
1	159.131
1	207.898
1	138.287
1	154.27
1	195.97
1	156.318
1	315.181
1	178.298
1	143.06
1	239.942
1	135.624
1	219.328
1	216.606
1	132.287
1	227.026
1	215.021
1	147.685
1	183.676
1	210.304
1	181.519
1	180.674
1	168.875
1	195.823
1	153.195
1	180.474
1	211.567
1	212.097
1	211.116
1	185.681
1	212.968
1	250.593
1	171.606
1	186.971
1	156.061
1	235.577
1	256.408
1	217.362
1	227.381
1	213.445
1	171.049
1	247.64
1	187.066
1	327.616
1	243.287
1	338.426
1	193.681
1	243.582
1	265.551
1	177.722
1	328.603
1	238.064
1	215.392
1	269.192
1	221.938
1	235.502
1	144.952
1	170.317
1	183.443
1	233.883
1	164.244
1	260.628
1	182.512
1	219.604
1	292.821
1	161.183
1	226.946
1	199.689
1	206.31
1	219.023
1	166.88
1	192.771
1	211.847
0	28.8207
1	132.782
1	247.431
1	223.73
1	252.396
1	134.348
1	162.44
1	179.115
1	165.22
1	230.751
1	158.372
1	200.693
1	250.169
1	142.369
1	257.145
1	215.606
1	138.074
1	268.621
1	263.634
1	183.496
1	160.456
1	188.092
1	202.797
1	179.899
1	157.739
1	234.903
1	190.544
1	158.217
1	232.979
1	210.673
1	195.162
1	347.171
1	144.839
1	249.752
1	129.441
1	214.892
1	259.882
1	225.22
1	137.155
1	163.598
1	224.727
1	167.936
1	235.521
1	173.219
1	159.692
1	174.891
1	128.289
1	184.881
1	210.986
1	336.315
1	176.144
1	204.015
1	213.75
1	190.103
1	255.491
1	132.65
1	203.102
1	205.726
1	198.181
1	186.635
1	215.441
1	220.83
1	227.482
1	152.632
1	218.067
1	218.516
1	236.618
1	197.641
1	150.515
1	152.877
1	188.551
1	179.835
1	165.971
1	274.226
1	192.901
1	159.61
1	212.222
1	255.528
1	246.252
1	206.861
1	199.717
0	9.04523
1	183.819
1	191.192
1	230.232
1	182.388
1	182.473
1	265.873
1	239.277
1	218.15
1	209.982
1	364.052
1	168.16
1	203.886
1	273.379
1	238.011
1	188.457
1	249.802
1	214.431
1	232.323
1	180.88
1	174.601
1	154.403
1	186.162
1	211.888
1	240.36
1	201.112
1	182.647
1	189.574
1	176.853
1	179.386
1	197.912
1	190.545
1	162.314
1	162.156
1	168.868
1	257.64
1	182.463
1	186.13
1	242.165
1	197.171
1	199.727
1	140.141
1	252.662
1	308.856
1	167.795
1	167.426
1	217.924
1	190
1	133.029
1	175.994
1	182.807
1	152.5
1	208.203
1	211.05
1	272.635
1	261.447
1	200.28
1	285.363
1	246.64
1	191.28
1	181.678
1	155.588
1	168.805
1	229.623
1	182.595
1	119.588
1	250.173
1	219.866
1	221.823
1	239.058
1	179.554
1	181.562
1	242.57
1	277.181
1	241.277
1	242.049
1	271.662
1	178.428
1	145.625
1	154.684
1	139.492
1	203.698
1	182.808
1	155.361
1	301.928
1	147.313
1	214.879
1	185.923
1	228.964
1	270.879
1	269.724
1	145.784
1	225.404
1	192.551
1	212.299
1	182.603
1	157.001
1	323.505
1	230.673
1	197.684
1	178.868
1	312.053
1	205.544
1	202.382
1	170.401
1	255.357
1	169.246
1	243.214
1	274.969
1	277.336
1	317.149
1	111.248
1	204.966
1	131.535
1	222.404
1	232.148
1	215.889
1	177.469
1	274.136
1	185.807
1	208.926
1	290.233
1	191.814
1	184.229
1	149.821
1	171.395
1	181.106
1	203.747
1	156.025
1	187.581
1	145.268
1	159.217
1	219.511
1	90.7902
1	244.778
1	103.07
1	181.411
1	160.366
1	287.285
1	242.268
1	196.125
1	245.518
1	178.968
1	182.9
1	194.456
1	278.997
1	182.407
1	151.913
1	204.634
1	180.341
1	192.727
1	230.366
1	218.999
1	218.742
1	274.098
1	213.896
1	183.948
1	166.914
1	253.543
1	133.949
1	236.399
1	156.604
1	148.286
1	228.4
1	169.667
1	326.589
1	216.021
1	172.795
1	166.525
1	432.019
1	219.858
1	144.252
1	182.437
1	215.455
1	239.375
1	266.199
1	131.936
1	223.348
1	234.58
1	225.116
1	237.532
1	143.52
1	237.22
1	208.837
1	180.835
1	170.485
1	163.509
1	136.997
1	236.811
1	301.025
1	120.97
1	242.182
1	211.47
1	178.927
1	194.756
1	235.487
1	241.454
1	183.228
1	258.26
1	181.995
1	187.003
1	262.905
1	127.683
1	179.977
1	160.384
1	305.935
1	280.705
1	198.794
1	224.047
1	212.863
1	159.373
1	190.539
1	222.308
1	313.06
1	228.817
1	218.669
1	205.629
1	121.897
1	167.59
1	176.309
1	207.348
1	279.678
1	180.174
1	254.702
1	192.251
1	171.433
1	183.822
1	180.309
1	326.95
1	316.684
1	165.993
1	223.13
1	241.079
1	164.612
1	278.229
1	233.161
1	168.497
1	153.912
1	177.246
1	178.063
1	212.127
1	184.539
1	217.201
1	161.216
1	187.43
1	205.704
1	132.03
1	183.388
1	299.033
1	168.098
1	174.725
1	240.37
1	167.571
1	248.095
1	192.075
1	243.935
1	197.093
1	212.909
1	213.317
1	185.059
1	206.02
1	157.41
1	189.313
1	191.202
1	314.893
1	180.992
1	155.179
1	212.782
0	10.7698
1	185.221
1	216.194
1	236.993
1	234.487
1	203.721
1	298.738
1	173.326
1	141.126
1	265.92
1	121.693
1	185.474
1	176.207
1	212.229
1	191.572
1	273.023
1	237.84
1	237.909
1	166.602
1	176.231
1	224.301
1	153.97
1	147.971
1	178.546
1	188.237
1	269.465
1	174.449
1	139.447
1	158.735
1	227.797
1	389.759
1	220.788
1	172.782
1	193.247
1	161.995
1	217.19
1	176.674
1	235.785
1	200.063
1	285.004
1	220.01
1	237.787
1	159.058
1	350.541
1	253.25
1	179.583
0	54.1241
1	220.245
1	197.215
1	199.732
1	219.713
1	248.978
1	249.222
1	182.091
1	271.823
1	216.668
1	287.455
1	163.238
1	164.717
1	191.711
1	220.302
1	203.372
1	147.756
1	176.52
1	158.218
1	136.332
1	276.92
1	294.719
1	170.48
1	157.525
1	229.393
1	286.974
1	188.909
1	204.643
1	189.962
1	222.97
1	151.345
1	188.649
1	238.846
1	258.971
1	186.031
1	180.259
1	253.326
1	243.146
1	162.525
1	324.883
1	178.095
1	330.029
1	235.606
1	212.078
1	149.608
1	198.551
1	228.96
1	169.336
1	151.711
1	288.057
1	255.294
1	156.205
1	205.16
1	258.75
1	200.647
1	329.881
1	180.994
1	205.171
1	170.314
1	206.719
1	191.414
1	150.3
1	202.644
0	28.4767
1	153.942
1	410.125
1	121.952
1	219.16
1	183.152
1	281.469
1	186.179
1	223.03
1	185.546
1	214.942
1	264.857
1	271.413
1	192.798
1	126.559
1	216.065
1	172.021
1	311.795
1	139.533
1	190.409
1	188.83
1	204.76
1	140.202
1	217.487
1	149.281
1	150.6
1	131.23
1	252.468
1	201.612
1	194.155
1	180.218
1	187.634
1	213.596
1	213.528
1	229.718
1	252.491
1	187.862
1	262.639
1	303.693
1	156.521
1	201.839
1	259.212
1	296.64
1	212.283
1	225.419
1	162.305
1	166.944
1	161.122
1	185.842
1	207.045
1	148.759
1	211.672
1	108.689
1	229.096
1	194.046
1	242.971
1	296.233
1	218.595
1	251.832
1	146.366
1	160.733
1	251.687
1	174.358
1	151.753
1	148.785
1	308.1
1	282.769
1	160.792
1	322.253
1	188.214
1	176.041
1	163.246
1	142.076
1	169.972
1	215.605
1	151.494
1	207.911
1	184.753
1	288.955
1	153.59
1	207.911
1	209.861
1	344.356
1	261.896
1	148.047
1	191.526
1	187.552
1	170.008
1	246.938
1	176.796
1	236.723
1	220.043
1	268.194
1	171.049
1	222.815
1	208.261
1	169.703
1	172.259
1	209.139
1	306.2
1	162.501
1	275.292
1	174.288
1	191.316
1	187.439
1	166.287
1	190.605
1	342.719
1	207.215
1	296.548
1	203.1
1	278.143
1	301.095
1	143.914
1	109.671
0	51.1129
1	226.29
1	220.387
1	188.103
1	220.718
1	149.731
1	147.67
1	205.804
1	236.426
1	210.531
1	277.346
1	239.805
1	202.347
1	210.307
1	199.729
1	156.104
1	154.635
1	189.907
1	193.725
1	219.999
1	199.984
1	146.339
1	193.866
1	175.56
1	186.249
1	152.499
1	147.99
1	181.516
1	216.115
1	135.75
1	185.484
1	156.143
1	272.35
1	267.938
1	192.84
1	157.755
1	154.888
1	144.718
1	167.263
1	231.536
1	185.275
1	145.224
1	184.396
1	186.921
1	142.197
1	167.333
1	311.816
1	239.845
1	249.09
1	190.534
1	259.352
1	208.881
1	302.501
1	128.516
1	225.284
1	275.778
1	202.867
1	145.16
1	187.915
1	202.394
1	266.236
1	180.562
1	305.756
1	290.051
1	186.871
1	215.56
1	278.54
1	153.639
1	183.435
1	190.032
1	179.494
1	250.777
1	155.891
1	183.641
1	185.879
1	192.02
1	183.151
1	162.032
1	172.035
1	153.852
1	165.324
1	202.195
1	221.416
1	168.579
1	167.139
1	177.96
1	167.76
1	245.709
1	136.541
1	168.75
1	226.701
1	135.682
1	157.885
1	199.042
1	148.016
1	237.725
1	163.378
1	227.347
1	203.476
1	160.062
1	134.972
1	206.518
1	207.534
1	214.069
1	325.42
1	280.279
1	274.594
1	218.759
1	172.857
1	260.021
1	143.278
1	248.506
1	176.175
1	197.083
1	158.408
1	185.263
1	205.238
1	172.018
1	205.492
1	180.442
1	271.066
1	263.187
1	167.554
1	273.777
1	281.665
1	191.832
1	271.741
1	217.834
1	181.232
1	192.632
1	204.031
1	187.889
1	234.148
1	253.7
1	159.256
1	197.945
1	162.164
1	254.178
1	227.23
1	117.526
1	182.015
1	217.224
1	119.423
1	140.313
1	187.612
1	185.974
1	183.244
1	215.15
1	238.332
1	223.704
1	212.441
1	197.118
1	131.433
1	215.408
1	159.961
1	252.187
1	180.575
1	158.299
1	265.999
1	193.77
1	262.021
1	251.933
1	134.423
1	209.58
1	202.506
1	274.204
1	189.535
1	288.635
1	160.539
1	127.308
1	200.012
1	145.987
1	132.075
1	137.785
1	185.312
1	183.198
1	142.197
1	147.535
1	127.792
1	157.711
1	218.958
1	258.109
1	162.552
1	195.369
1	163.911
1	146.545
1	185.495
1	280.305
1	265.046
1	232.813
1	174.386
1	226.347
1	214.854
1	142.05
1	276.386
1	191
1	173.906
1	240.567
1	151.011
1	279.153
1	214.844
1	266.444
1	155.585
1	176.299
1	132.881
1	235.907
1	220.243
1	272.34
1	165.221
1	170.143
1	252.6
1	137.833
1	189.269
1	193.748
1	146.948
1	147.19
1	313.005
1	176.73
1	210.967
1	182.21
1	262.713
1	227.521
1	143.735
1	187.828
1	165.999
1	149.396
1	231.65
1	229.602
1	223.161
1	293.973
1	406.587
1	202.897
1	232.235
1	185.844
1	192.434
1	278.804
1	177.37
1	121.616
1	147.609
1	199.051
1	230.225
1	202.061
1	395.161
1	308.733
1	267.725
1	231.143
1	193.846
1	173.191
1	159.985
1	236.856
1	138.57
1	243.515
1	217.482
1	119.523
1	213.355
1	242.864
1	178.227
1	204.564
1	201.494
1	221.85
1	191.659
1	264.73
1	241.085
1	222.986
1	139.472
1	192.298
1	151.494
1	199.081
1	164.576
1	319.195
1	188.099
1	249.545
1	173.493
1	172.455
1	156.29
1	218.349
1	272.105
1	195.566
1	171.558
1	162.924
1	235.203
1	193.057
1	373.87
1	199.921
1	173.332
1	216.745
1	166.455
1	138.134
1	193.643
1	324.392
1	160.109
1	135.182
1	161.695
1	270.886
1	187.671
1	145.35
1	153.404
0	0.751249
1	347.421
1	229.129
1	172.572
1	193.376
1	205.03
1	184.642
1	123.731
1	279.475
1	159.381
1	205.906
1	198.818
1	223.876
1	223.027
1	189.594
1	205.287
1	238.559
1	148.205
1	163.957
1	211.403
1	136.896
1	289.909
1	156.288
1	198.497
1	126.949
1	151.061
1	216.044
1	159.061
1	167.818
1	175.952
1	232.664
1	202.659
1	173.193
1	138.457
1	172.186
1	313.735
1	178.54
1	228.971
1	169.498
1	178.383
1	155.376
1	233.367
1	218.423
1	250.631
1	224.687
1	191.933
1	260.049
1	260.995
1	186.636
1	191.274
1	173.802
1	160.725
1	161.837
1	175.411
1	209.842
1	116.847
1	237.958
1	129.877
1	149.583
1	241.636
1	299.274
1	258.038
1	189.387
1	151.432
1	224.807
1	184.025
1	169.515
1	251.798
1	180.361
1	148.427
1	161.957
1	146.167
1	314.543
1	154.119
1	217.337
1	225.579
1	168.441
1	183.187
1	204.269
1	189.044
1	176.607
1	219.92
1	253.685
1	271.539
1	259.127
1	244.377
1	153.449
1	115.133
1	158.919
1	184.312
1	157.873
1	190.078
1	142.78
1	195.784
1	191.314
1	155.217
1	176.134
1	197.466
1	217.402
1	217.205
0	72.268
1	173.587
1	125.406
1	300.234
1	127.802
1	189.851
1	201.902
1	139.944
1	211.799
1	170.757
1	258.431
1	168.795
1	201.09
1	156.362
1	203.07
1	135.328
1	433.548
1	241.063
1	190.086
1	267.713
1	183.017
1	183.859
1	162.783
1	232.162
1	145.072
1	199.089
1	375.018
1	163.274
1	308.472
1	223.253
1	240.751
1	195.479
1	176.448
1	180.96
1	237.381
1	283.14
1	240.701
1	201.282
1	183.581
1	260.679
1	153.032
1	229.86
1	193.356
1	166.07
1	196.968
1	220.45
1	231.262
0	20.8369
0	11.854
1	233.33
1	173.214
1	236.209
1	147.03
1	191.016
1	165.728
1	159.061
1	141.917
1	143.238
1	228.773
1	195.005
1	157.183
0	34.0305
1	195.68
1	130.097
1	200.109
1	163.277
1	232.563
1	165.501
1	237.182
1	334.196
1	210.394
1	183.459
1	180.019
1	239.067
1	183.546
1	201.029
1	223.976
1	198.774
1	163.483
1	190.402
1	164.824
1	169.683
1	332.616
1	282.829
1	224.834
1	159.073
1	176.659
1	198.52
1	298.037
1	182.212
1	251.756
1	261.699
1	208.631
1	256.581
1	225.64
1	134.091
1	293.214
1	169.307
1	262.208
1	154.883
1	170.475
1	211.367
1	240.636
1	236.635
1	212.621
1	234.491
1	152.637
1	145.26
1	181.843
1	162.425
1	179.379
1	332.091
1	213.673
1	195.491
1	268.373
1	283.108
1	228.253
1	214.324
1	214.855
1	221.988
1	116.238
1	169.122
1	180.829
1	198.378
1	164.231
1	219.945
1	200.879
1	220.359
1	281.548
1	160.178
1	359.769
1	164.585
1	191.819
1	237.687
1	325.009
1	156.234
1	150.185
1	178.365
1	239.438
1	155.188
1	297.021
1	199.262
1	202.082
1	186.096
1	191.43
1	258.032
1	216.474
1	239.753
1	221.599
1	267.954
0	84.433
1	195.723
1	215.74
1	184.823
1	201.819
1	182.453
1	253.079
1	247.019
1	343.92
1	238.828
1	186.585
1	204.535
1	238.714
1	177.854
1	239.366
1	182.463
1	142.043
1	181.22
1	170.871
1	267.738
1	235.223
1	149.37
1	192.338
1	189.044
1	132.41
1	241.228
1	166.391
1	159.519
1	136.597
1	175.486
1	155.825
1	163.66
1	154.905
1	175.074
1	185.264
1	191.797
1	190.873
1	177.342
1	224.289
1	162.184
1	196.31
1	194.139
1	222.255
1	292.92
1	153.454
1	226.694
1	136.164
1	258.771
1	187.934
1	197.506
1	214.615
1	217.02
1	132.253
1	183.896
1	211.084
1	185.3
0	69.9206
1	167.069
1	153.828
1	183.215
1	236.322
1	167.506
1	132.276
1	172.19
1	147.508
1	163.707
1	173.395
1	177.873
1	224.86
1	189.644
1	211.099
1	337.289
1	268.353
1	200.894
1	208.844
1	149.223
1	233.916
1	189.179
1	192.404
1	177.477
1	195.713
1	192.545
1	199.751
1	187.891
1	169.431
1	191.701
1	212.781
1	289.432
1	155.694
1	198.033
1	262.402
1	177.834
1	187.889
1	215.181
0	42.1706
1	211.872
1	260.342
1	168.246
1	195.597
1	197.762
1	182.142
1	236.303
1	365.253
1	174.812
1	182.754
1	196.511
1	144.617
1	317.382
1	176.919
1	179.173
1	159.111
1	282.012
1	174.151
1	173.368
1	244.2
1	134.107
1	366.051
1	314.859
1	189.77
1	193.217
1	120.222
1	178.132
1	146.13
1	168.486
1	223.605
1	233.05
1	252.995
1	125.32
1	213.803
1	193.054
1	185.12
1	190.419
1	196.951
1	240.888
1	390.988
1	206.67
1	140.507
1	160.159
1	227.513
1	160.328
1	133.595
1	274.183
1	190.354
1	212.905
1	186.784
1	160.375
1	203.103
1	175.951
1	174.734
0	10.5087
1	346.78
1	203.146
1	233.428
1	169.081
1	235.152
1	159.905
1	165.161
1	247.87
1	166.965
1	160.695
1	213.912
1	194.885
1	223.873
1	139.959
1	118.426
1	204.619
1	187.131
1	210.142
1	190.385
1	195.234
1	214.108
1	204.435
1	281.737
1	122.151
1	201.201
1	203.014
1	201.025
1	175.662
1	134.621
1	200.035
1	188.333
1	145.538
1	171.411
1	180.426
1	175.332
1	201.836
1	157.643
1	220.763
1	267.193
1	160.924
1	190.383
1	151.306
1	150.949
1	120.38
1	170.677
1	140.879
1	223.825
1	185.393
1	263.226
1	233.518
1	157.778
1	239.081
1	124.817
1	201.095
1	137.351
1	219.644
1	360.605
1	192.85
1	167.987
1	331.319
1	201.83
1	211.606
1	160.521
1	214.943
1	170.429
1	222.789
1	196.319
1	166.311
1	191.245
1	235.713
1	203.09
1	166.757
1	296.625
1	275.041
1	150.072
1	190.513
1	195.665
1	219.034
1	241.185
1	216.538
1	165.835
1	154.829
1	185.734
1	226.549
1	132.755
1	158.836
1	192.499
1	226.767
1	152.006
1	163.965
1	201.25
1	250.376
1	274.491
1	222.517
1	235.421
1	214.899
1	232.907
1	312.126
1	222.761
1	211.634
0	149.47
1	400.569
1	193.691
1	181.731
1	134.406
1	170.671
1	225.248
1	187.755
1	202.248
1	187.63
1	149.819
1	232.667
1	228.524
1	173.473
1	279.974
1	135.468
1	200.598
1	183.659
1	195.83
1	262.143
1	155.672
1	181.535
1	149.99
1	153.281
1	208.604
1	155.71
1	137.317
1	418.468
1	201.071
1	162.331
1	162.768
1	155.828
1	218.166
1	178.741
1	180.734
1	239.08
1	382.209
1	185.748
1	259.162
1	190.535
1	168.899
1	225.408
1	276.856
1	246.413
1	155.842
1	162.51
1	279.377
1	322.473
1	186.941
1	181.817
1	211.317
1	155.015
1	187.716
0	68.605
1	148.297
1	198.797
1	187.251
1	172.407
1	216.188
1	168.923
1	205.002
1	318.594
1	303.137
1	197.935
1	316.751
1	241.314
1	137.427
1	336.885
1	226.935
1	193.577
1	215.826
1	202.209
1	237.891
1	115.051
1	202.661
1	180.564
1	133.948
1	321.061
1	303.754
1	197.898
1	223.331
1	175.438
1	161.192
1	264.243
1	250.228
1	196.391
1	211.025
1	245.501
1	277.219
1	188.046
1	149.508
1	168.063
1	228.575
1	305.16
1	226.805
1	146.228
1	144.416
1	237.458
1	193.721
1	201.716
1	242.204
1	353.468
1	153.141
1	190.218
1	255.143
1	192.636
1	227.804
1	255.925
1	184.961
1	172.609
1	245.782
1	220.271
1	318.392
1	224.664
1	227.024
1	164.29
1	293.9
1	211.469
1	225.948
1	259.208
1	250.083
1	120.834
1	272.854
1	139.627
1	197.77
1	131.779
1	154.151
1	170.385
1	161.469
1	194.701
1	186.677
1	172.44
1	168.805
0	44.4779
1	181.189
1	267.357
1	195.718
1	111.192
1	247.304
1	166.088
1	255.838
1	179.638
1	184.978
1	223.234
1	164.402
1	184.378
1	242.49
1	190.804
1	219.493
1	189.977
1	202.438
1	148.785
1	300.813
1	149.085
1	159.027
1	192.444
1	227.583
1	188.699
1	173.49
1	158.685
1	234.842
1	225.335
1	225.95
1	113.478
1	135.96
1	182.233
1	185.137
1	234.939
1	327.839
1	403.536
1	228.499
1	206.374
1	126.957
1	199.06
1	157.416
1	175.394
1	168.385
1	214.958
1	217.396
1	242.907
1	153.714
1	371.886
1	227.735
1	197.814
1	227.651
1	224.181
1	162.437
1	312.657
1	179.458
1	137.401
1	151.361
1	176.261
1	180.865
1	143.504
1	202.138
1	215.465
1	174.595
1	208.9
1	149.834
1	196.656
1	200.285
1	179.797
1	213.611
1	168.374
1	195.248
1	271.97
1	164.342
1	204.523
1	118.021
1	136.393
1	191.422
1	161.484
1	165.679
1	216.839
1	239
1	192.631
1	173.665
1	171.567
1	291.282
1	320.973
1	147.741
1	205.332
1	219.028
1	247.287
1	183.07
1	153.942
1	189.539
1	290.735
1	174.563
1	238.389
1	264.731
1	183.221
1	211.708
1	213.179
1	223.727
1	181.045
1	167.593
1	197.746
1	122.151
1	171.676
1	168.251
1	166.092
1	204.295
1	167.805
1	143.107
1	481.046
1	143.413
1	238.622
1	204.73
1	158.981
1	142.865
0	61.8567
1	219.68
1	208.427
1	210.363
1	196.681
1	176.936
1	231.153
1	256.359
1	191.995
1	249.07
1	154.106
1	169.405
1	305.016
1	150.441
1	163.302
1	208.803
1	131.139
1	194.149
1	176.903
1	195.428
1	127.321
1	351.648
1	209.083
1	133.261
1	163.05
1	247.212
1	197.243
1	203.657
1	186.558
1	215.942
1	202.858
1	161.6
1	107.752
1	135.02
1	202.93
1	191.25
1	159.829
1	172.093
0	43.8599
1	273.128
1	236.673
1	271.882
1	161.143
1	185.194
1	335.664
1	284.649
1	181.063
1	216.978
1	256.309
1	314.376
1	296.862
1	162.276
1	196.569
1	165.849
1	160.783
1	171.426
1	538.792
1	169.463
1	247.192
1	396.535
0	8.95435
1	203.223
1	196.824
1	270.101
1	129.001
1	166.358
1	168.535
1	208.038
1	196.79
1	203.593
1	242.398
1	187.028
1	180.5
1	193.85
1	315.6
1	199.419
1	279.537
1	159.806
1	278.777
1	164.388
1	194.507
1	135.962
1	196.307
1	271.347
1	317.623
1	241.383
1	140.223
1	213.59
1	207.553
1	191.33
1	235.829
1	167.714
1	265.017
1	249.136
1	175.299
1	268.017
1	170.21
1	180.569
1	272.268
1	194.649
1	246.095
1	317.848
1	174.707
1	212.101
1	253.104
1	209.889
1	174.365
1	222.739
1	206.368
1	162.91
1	237.64
1	198.856
1	266.323
1	149.223
1	238.476
1	225.671
1	195.42
1	168.902
0	0.876027
1	323.768
1	237.446
1	207.84
1	145.758
1	304.525
1	239.403
1	152.25
1	202.427
1	209.988
1	270.547
1	214.393
1	219.995
1	261.944
1	335.659
1	197.151
1	147.288
1	309.261
1	227.392
1	217.092
1	153.321
1	198.608
1	226.631
1	179.709
1	200.44
1	234.921
1	238.431
1	245.782
1	190.989
1	210.968
1	227.317
1	168.371
1	178.477
1	185.376
1	184.315
1	156.743
1	179.861
1	200.469
1	257.941
1	202.017
1	169.549
1	403.213
1	193.589
1	200.544
1	229.005
1	160.727
1	235.034
1	200.109
1	173.637
1	177.679
1	262.265
1	184.53
1	169.762
1	141.755
1	190.005
1	156.702
1	207.526
1	304.801
1	290.073
1	200.054
1	138.079
1	136.765
1	234.035
1	255.537
1	153.184
1	165.78
1	228.79
1	276.998
1	282.316
1	165.829
1	308.153
1	253.142
1	209.854
1	183.554
1	290.741
1	231.988
1	216.088
1	212.25
1	226.633
1	120.378
1	147.968
1	212.656
1	367.126
1	191.319
1	205.249
1	199.305
1	213.934
1	144.086
1	210.71
1	272.192
1	182.124
1	221.902
1	158.727
1	241.308
1	198.792
1	190.472
1	203.234
1	275.559
1	218.709
1	133.871
1	139.222
1	141.847
1	220.405
1	137.033
1	262.513
1	187.875
1	171.97
1	193.028
1	159.524
1	231.203
1	136.355
1	249.456
1	295.672
1	196.998
1	224.55
1	193.7
1	184.352
1	199.115
1	226.855
1	177.192
1	136.404
1	160.548
1	238.856
1	217.17
1	283.05
1	129.231
1	208.146
1	199.748
1	119.454
1	136.795
1	209.29
1	328.649
1	164.711
1	154.715
1	188.805
1	233.774
1	204.984
1	193.317
1	224.873
1	186.024
1	195.264
1	268.161
1	163.9
1	155.047
1	216.745
1	178.821
1	117.919
1	134.666
1	195.51
1	202.889
1	164.072
1	161.982
1	179.963
1	176.149
1	228.413
1	197.657
1	193.081
1	264.284
1	177.525
1	173.303
1	154.916
1	161.324
1	221.563
1	301.13
1	288.571
1	161.704
1	155.078
1	101.124
1	135.472
1	257.356
1	181.245
1	147.851
1	222.21
1	304.351
1	174.803
1	187.204
1	271.971
1	174.548
1	186.083
1	267.472
1	194.867
1	118.914
1	118.725
1	188.803
1	176.508
1	225.519
1	149.755
1	201.343
1	314.643
1	237.82
1	282.304
1	312.249
1	179.372
1	134.462
1	240.098
1	168.26
0	3.66167
1	199.003
1	271.155
1	230.372
1	162.983
1	287.271
1	239.385
1	239.855
1	195.527
1	181.05
1	204.364
1	245.624
1	215.096
1	172.821
1	209.283
1	289.358
1	147.444
1	157.725
1	198.223
1	211.261
1	183.829
1	207.216
1	162.98
1	209.445
1	190.395
1	195.264
1	164.052
1	158.801
1	193.608
1	240.223
1	169.616
1	161.351
1	299.376
1	347.354
1	155.955
1	206.831
1	155.449
1	230.869
1	217.435
1	288.992
1	212.183
1	160.16
1	173.304
1	193.282
1	219.126
1	161.559
1	202.026
1	236.949
1	212.145
1	138.02
1	175.827
1	148.255
1	178.821
1	186.164
1	267.624
1	172.478
1	300.261
1	179.857
1	197.726
1	337.953
1	201.931
1	202.199
1	283.004
1	195.524
1	154.658
1	196.47
1	129.652
1	165.22
1	184.281
1	228.619
1	396.648
1	159.89
1	200.866
1	239.279
1	166.575
1	233.563
1	166.298
1	233.869
1	214.359
1	185.863
1	197.263
1	130.666
1	162.26
1	256.419
1	204.388
1	156.506
1	193.794
1	241.792
1	233.725
1	191.497
1	219.665
1	196.491
1	187.129
1	157.732
1	143.373
1	162.116
1	308.218
1	124.198
1	168.751
1	195.964
1	179.55
1	262.816
1	250.983
1	153.838
1	198.916
1	204.89
1	147.916
1	187.161
1	234.764
1	192.186
1	160.936
1	209.041
1	207.241
1	170.821
1	146.071
1	380.333
1	155.384
1	253.539
1	140.071
1	182.432
1	296.335
1	209.454
1	205.052
1	202.972
1	207.408
1	330.145
1	195.58
1	175.7
1	150.146
1	113.87
1	316.526
1	173.094
1	186.746
1	309.475
1	231.335
1	224.091
1	161.418
1	331.366
1	308.529
1	201.177
1	172.606
1	259.621
1	256.601
1	216.444
1	189.194
1	178.981
1	152.218
1	163.021
1	219.052
1	191.787
1	145.249
1	164.932
1	163.107
1	232.866
1	214.237
1	225.375
1	237.801
1	179.655
1	172.967
1	244.026
1	210.669
1	217.754
1	161.894
1	180.769
1	254.983
1	358.483
1	215.149
1	194.688
1	218.767
1	256.02
1	240.708
1	183.785
1	190.345
1	129.798
1	246.457
1	137.962
1	211.091
1	348.969
1	144.115
1	177.826
1	174.61
1	173.768
1	224.823
1	184.232
1	187.227
1	243.151
1	144.761
1	191.378
1	228.061
1	166.077
1	228.8
1	228.085
1	181.671
1	191.827
1	154.419
1	237.635
1	200.024
1	214.976
1	194.793
1	211.724
1	195.38
1	146.471
1	260.637
1	119.905
1	159.321
1	298.606
1	180.912
1	215.701
1	188.865
1	213.303
1	197.087
1	144.302
1	220.609
1	254.187
1	143.211
1	209.149
1	186.851
1	160.269
1	127.53
1	194.692
1	183.44
1	175.015
1	241.035
1	195.805
1	170.224
1	225.384
1	283.07
1	163.052
1	203.797
1	218.395
1	251.305
1	120.307
1	234.553
1	192.472
1	253.239
1	222.225
1	272.644
1	183.655
1	150.914
1	150.843
1	175.695
1	224.131
1	136.777
1	148.301
1	126.618
1	236.128
1	214.157
1	146.199
1	215.781
1	188.547
1	190.679
1	244.855
1	149.383
1	232.016
1	182.135
1	258.025
1	179.162
1	224.841
1	263.504
1	115.403
1	148.87
1	203.994
1	251.234
1	152.014
1	119.182
1	163.686
1	191.3
1	175.979
1	161.567
1	156.041
1	170.069
1	217.051
1	183.141
1	158.969
1	234.172
1	243.79
1	193.235
1	268.691
1	251.941
1	226.133
1	170.479
1	190.947
1	206.357
1	147.628
1	152.345
1	220.666
1	229.188
1	165.697
1	160.101
1	124.274
1	351.008
1	276.763
1	159.851
1	199.781
1	140.775
1	173.152
1	171.699
1	168.93
1	275.847
1	244.045
1	198.874
1	226.047
1	285.381
1	196.591
1	137.554
1	225.233
1	245.397
1	187.298
1	208.532
1	185.515
1	246.849
1	202.018
1	163.437
1	208.989
1	150.439
1	223.39
1	155.815
1	271.697
1	170.008
1	156.815
1	213.24
1	139.681
1	238.834
1	244.786
1	258.324
1	185.436
1	225.547
1	167.559
1	171.177
1	189.833
1	228.821
1	197.586
1	185.89
1	213.259
1	215.791
1	178.858
1	493.813
1	121.175
1	159.92
1	181.416
1	191.199
1	171.308
1	263.598
1	169.577
1	200.009
1	223.153
1	330.029
1	256.269
1	162.623
1	168.388
1	246.366
1	183.085
1	234.098
1	169.982
1	139.196
1	289.726
1	231.895
1	241.442
1	175.989
1	183.673
1	184.655
1	300.021
1	190.7
1	244.228
1	198.272
1	222.249
1	303.907
1	176.46
1	220.093
1	199.469
1	167.906
1	175.023
1	198.125
1	183.465
1	232.535
1	192.67
1	210.222
1	185.316
1	189.763
1	172.262
1	196.831
1	115.545
1	132.144
1	197.512
1	223.138
1	200.814
1	139.239
1	238.423
1	290.221
1	170.368
1	141.525
1	220.9
1	203.746
1	257.133
1	228.3
1	230.308
1	251.882
1	201.893
1	214.693
0	41.0414
1	171.179
1	339.192
1	171.02
1	162.739
1	238.011
1	232.484
1	240.738
1	276.459
1	169.953
1	159.238
1	135.805
1	180.556
1	187.608
1	172.514
1	160.128
1	182.98
1	157.517
1	176.07
1	159.706
1	182.567
1	261.373
1	252.972
1	148.103
1	188.384
1	142.268
1	260.585
1	196.652
1	147.402
1	193.338
1	233.046
1	155.498
1	212.662
1	150.556
1	217.953
1	186.462
1	140.794
1	220.042
1	169.834
1	219.061
1	209.127
1	210.629
1	137.502
1	248.715
1	189.784
1	205.082
1	153.557
1	305.57
1	164.018
1	209.521
1	230.352
1	208.673
1	150.791
1	227.225
1	168.324
1	256.075
1	235.769
1	198.019
1	187.592
1	206.455
1	178.993
1	172.851
1	194.053
1	171.97
1	216.204
1	231.548
1	330.819
1	208.985
1	219.452
1	252.204
1	222.205
1	158.023
1	115.313
1	268.78
0	39.4348
1	235.196
1	138.557
1	181.121
1	215.706
1	124.692
1	175.042
1	193.016
1	229.383
1	213.873
1	160.864
1	231.911
1	154.675
1	205.116
1	164.006
1	217.666
1	185.985
1	128.949
1	187.132
1	262.766
1	211.889
1	188.121
1	178.498
1	202.445
1	191.434
1	168.21
1	302.788
1	205.06
1	204.178
1	287.506
1	267.67
1	141.609
1	159.249
1	184.69
1	278.856
1	166.412
1	236.927
1	278.48
1	169.864
1	164.813
1	226.467
1	239.291
1	143.316
1	232.577
1	212.394
1	200.749
1	169.52
1	174.828
1	183.855
1	245.71
1	179.681
1	175.784
1	158.201
1	182.598
1	154.204
1	240.834
1	193.293
1	186.146
1	347.006
1	189.378
1	405.154
1	154.928
1	226.41
1	181.477
1	219.978
1	167.496
1	192.162
1	163.768
1	167.626
1	174.697
1	245.217
1	164.522
1	328.489
1	271.244
1	150.917
1	231.236
1	202.09
1	160.45
1	156.673
1	213.043
1	223.093
1	183.006
1	156.208
1	160.665
1	240.412
1	169.505
1	181.47
1	244.04
1	190.488
1	235.189
1	160.114
1	186.143
1	171.357
1	151.613
1	150.503
1	248.954
1	203.45
1	146.467
1	247.812
1	221.843
1	204.989
1	205.832
1	163.471
1	168.001
1	252.937
0	4.41463
1	251.265
1	207.449
1	193.457
1	208.988
1	186.234
1	334.992
1	187.296
1	249.044
1	190.979
1	296.972
1	223.224
1	151.791
1	146.279
1	164.221
1	176.312
1	169.191
1	157.635
1	190.49
1	202.086
1	189.221
1	161.347
1	345.363
1	145.999
1	131.976
1	218.809
1	166.025
1	289.451
1	228.02
1	149.804
1	188.322
1	187.45
1	213.441
1	211.082
1	166.084
1	138.222
1	288.409
1	230.123
1	184.226
1	185.417
1	158.407
1	172.349
1	232.458
1	219.245
1	197.794
1	163.406
1	235.356
1	195.135
1	308.463
1	248.26
1	268.42
1	151.539
1	157.797
1	218.68
1	158.759
1	208.535
1	330.609
1	160.137
1	241.233
1	191.708
1	212.254
1	177.123
1	179.701
1	214.428
1	175.704
1	217.594
1	213.453
1	178.213
1	211.586
1	189.246
1	205.17
1	248.073
1	226.138
1	214.124
1	227.892
1	187.697
1	175.849
1	180.835
1	191.224
1	156.843
1	298.296
1	179.015
1	174.62
1	161.37
1	159.13
1	215.083
1	198.964
1	297.763
1	209.756
1	179.974
1	185.874
1	166.199
1	227.89
1	252.815
1	252.47
0	96.1067
1	148.222
1	301.905
1	248.331
1	187.128
1	297.912
1	284.954
1	187.275
1	181.105
1	153.179
1	161.664
1	201.002
1	222.202
1	245.246
1	266.756
1	178.614
1	195.742
1	326.021
1	195.475
1	251.992
1	219.245
1	185.283
1	159.303
1	162.298
1	271.857
1	204.851
1	208.102
1	192.157
1	150.006
1	320.199
1	201.126
1	198.247
1	168.994
1	197.995
1	232.314
1	245.836
1	194.519
1	169.678
1	161.413
1	277.336
1	290.898
1	148.714
1	145.345
1	196.051
1	198.87
1	244.82
1	379.94
1	186.74
1	140.839
1	131.772
1	208.855
1	156.597
1	155.66
1	153.61
1	205.692
1	167.97
1	261.993
1	203.224
1	169.603
1	226.161
1	180.2
1	187.964
1	198.742
1	271.234
1	152.514
1	302.312
1	195.147
1	161.14
1	225.674
1	241.936
1	234.947
1	237.154
1	230.002
1	196.067
1	158.209
1	153.71
0	2.64881
1	142.797
1	149.015
1	233.485
1	146.148
1	208.878
1	214.328
1	190.613
1	177.065
1	173.82
1	161.634
1	142.903
1	272.292
1	185.534
1	154.715
1	142.773
1	172.761
1	150.839
1	178.948
1	163.421
1	144.597
1	248.305
1	175.362
1	213.143
1	145.994
1	249.41
1	157.984
1	199.943
1	185.383
1	246.098
1	121.114
1	150.632
1	193.115
1	199.433
1	199.905
1	215.236
1	162.484
1	170.2
1	172.197
1	330.163
1	208.08
1	218.02
1	194.363
1	166.366
1	174.852
1	206.65
1	144.334
1	217.562
1	116.751
1	264.724
1	156.217
1	256.279
1	162.349
1	185.68
1	148.049
1	197.23
1	150.021
1	137.085
1	193.687
1	200.007
1	248.905
1	225.264
1	165.715
1	203.346
1	182.505
1	175.273
1	330.665
1	148.659
1	159.388
1	179.137
1	199.322
1	220.981
1	165.224
1	144.189
1	162.221
1	146.599
1	257.023
1	273.693
1	226.276
1	209.963
1	225.413
1	209.117
1	191.776
1	270.04
1	145.581
1	149.577
1	340.015
1	292.25
1	191.576
1	169.772
1	223.406
1	204.777
1	187.848
1	216.123
1	155.511
1	205.902
1	192.06
1	213.389
1	222.941
1	410.833
1	140.677
1	148.872
1	206.067
1	197.904
1	213.197
1	214.008
1	188.376
1	344.648
1	138.972
1	290.069
1	184.482
1	151.89
1	226.873
1	252.753
1	203.23
1	234.602
1	269.734
1	152.342
1	196.814
1	225.455
1	202.202
1	217.71
1	236.036
1	299.007
1	177.134
1	227.414
1	164.775
1	162.129
1	154.654
1	170.696
1	216.285
1	188.421
1	187.763
1	192.277
1	193.786
1	211.161
1	203.633
1	149.516
1	197.928
1	204.713
1	157.823
1	217.569
1	193.811
1	161.327
1	189.336
1	179.872
1	212.485
1	155.864
0	11.6109
1	183.861
1	209.862
1	120.374
1	214.196
1	175.441
1	178.798
1	293.134
1	197.081
1	199.994
1	196.492
1	194.221
1	267.77
1	230.518
1	279.986
1	200.068
1	269.527
1	158.397
1	224.692
1	194.319
1	161.82
1	202.967
1	171.078
1	180.333
1	166.219
1	155.046
1	174.813
1	234.863
1	177.755
1	204.454
1	296.246
1	317.316
1	215.915
1	142.841
1	247.526
1	271.068
1	180.2
1	316.841
1	314.396
1	190.442
1	271.446
1	174.131
1	209.102
1	171.576
1	177.047
1	231.429
1	229.062
1	189.621
1	148.998
1	244.065
1	202.378
1	201.292
1	219.854
1	211.411
1	275.189
1	294.216
1	223.585
1	148.036
1	269.934
1	185.597
1	178.634
1	200.418
1	185.559
1	151.36
1	174.489
1	179.55
1	159.81
1	161.437
1	270.095
1	135.207
1	323.17
1	192.467
1	175.521
1	245.82
1	193.838
1	162.102
1	152.376
1	163.565
1	160.503
1	187.387
1	142.976
1	156.698
1	170.954
1	181.923
1	286.798
1	198.315
1	129.737
1	260.016
1	135.929
1	189.404
1	168.811
1	198.056
1	279.13
1	219.347
1	206.298
1	175.427
1	182.27
1	155.451
1	154.686
1	174.841
1	160.905
1	152.804
1	189.087
1	294.626
1	231.902
1	155.64
1	112.333
1	453.069
1	200.421
1	152.418
1	207.106
1	157.961
1	156.552
1	165.575
1	242.921
1	211.563
1	297.085
1	140.625
1	170.258
1	245.618
1	214.415
1	188.591
1	143.359
1	179.186
1	224.911
1	309.902
1	277.982
1	128.568
1	264.73
1	210.84
1	202.841
1	157.444
1	198.95
1	272.691
1	161.085
1	198.439
1	138.205
1	169.792
1	166.474
1	230.935
1	187.724
1	187.446
1	192.812
1	223.887
1	173.872
1	300.011
1	276.143
1	232.366
1	217.355
1	180.625
1	155.85
1	179.061
1	137.783
0	27.3929
1	243.451
1	142.25
1	211.235
1	169.659
1	224.89
1	161.768
1	136.71
1	158.09
1	209.858
1	213.175
1	130.483
1	191.22
1	256.879
1	127.513
1	238.725
1	151.53
1	218.145
1	167.743
1	154.977
1	193.44
1	169.286
1	170.194
1	161.162
1	196.49
1	176.199
1	162.04
1	292.349
1	155.285
1	228.035
1	185.448
1	206.529
1	153.434
1	264.95
1	207.467
1	138.127
1	161.978
1	238.047
1	166.883
1	192.464
1	223.909
1	171.5
1	160.92
1	188.456
1	380.973
1	183.122
1	197.155
1	204.124
1	171.003
1	144.706
1	188.135
1	227.712
1	182.893
1	281.073
1	191.411
1	186.8
1	164.568
1	197.725
1	153.475
1	165.937
1	118.987
1	177.532
1	216.583
1	277.819
1	172.326
1	237.231
1	191.59
1	123.883
1	154.997
1	188.539
1	185.057
1	280.745
1	206.478
1	209.81
1	177.696
1	272.798
1	239.076
1	207.8
1	317.519
1	213.067
1	241.883
1	205.554
1	253.967
1	184.711
1	223.977
1	180.834
1	134.629
1	171.038
1	178.47
1	196.346
0	48.3682
1	231.315
1	187.331
1	153.641
1	279.316
1	246.157
1	175.999
1	166.197
1	169.205
1	236.633
1	161.875
1	143.781
1	250.536
1	241.537
1	212.835
1	214.272
1	160.983
1	167.921
1	171.057
1	214.704
1	229.652
1	180.267
1	160.565
1	262.463
1	176.015
1	203.302
1	164.88
1	236.163
1	233.116
1	209.457
1	251.28
1	178.867
1	193.628
1	208.735
1	235.846
1	182.475
1	143.59
1	214.07
1	200.952
1	169.063
1	213.456
1	210.981
1	247.527
1	158.976
1	208.198
1	265.442
1	193.342
1	188.205
1	157.537
1	288.023
1	186.148
1	228.437
1	163.574
1	180.646
1	157.842
1	282.716
1	194.985
1	191.918
1	198.353
1	218.278
1	145.983
1	114.394
1	166.594
1	242.915
1	176.664
1	183.762
1	236.434
1	233.116
1	217.213
1	151.302
1	193.497
1	137.004
1	195.582
1	214.649
1	181.862
1	263.86
1	172.591
1	176.917
1	173.848
1	161.077
1	179.875
1	153.143
1	150.665
1	204.048
1	231.893
1	191.779
1	167.654
1	235.644
1	274.312
1	155.409
1	281.394
1	217.386
1	258.177
1	202.16
1	144.358
1	151.585
1	239.257
1	163.283
1	293.188
1	124.963
1	194.871
1	136.942
1	151.499
1	131.271
1	212.903
1	207.455
1	176.671
1	248.79
1	200.572
1	237.243
1	236.876
1	213.106
1	171.351
1	215.253
1	165.163
1	166.131
1	160.517
1	129.343
1	204.255
1	271.497
1	155.937
1	215.137
1	136.14
1	227.437
1	186.438
1	166.098
1	187.282
1	302.932
1	340.404
1	196.449
1	179.257
1	247.668
1	177.424
1	199.195
1	186.685
1	287.288
1	212.78
1	179.299
1	150.244
1	196.711
1	223.603
1	148.113
1	201.346
1	306.887
1	266.217
1	224.188
1	180.976
1	147.113
1	176.894
1	153.896
1	221.634
1	162.335
1	203.066
1	247.449
1	199.251
1	187.732
1	239.061
1	233.544
0	33.1463
1	258.47
1	169.651
1	257.222
1	183.831
1	267.378
1	179.325
1	222.144
1	231.4
1	208.852
1	221.755
1	187.01
1	169.752
1	156.532
1	305.766
1	233.146
1	181.901
1	194.607
1	145.482
1	118.054
1	181.888
1	179.866
1	176.949
1	139.658
1	376.528
1	223.01
1	170.866
1	211.269
1	114.179
1	197.941
1	128.23
1	190.576
1	233.044
1	208.693
1	139.501
1	191.977
1	143.772
1	154.33
1	222.137
1	212.399
1	155.07
1	342.557
1	191.229
1	210.673
1	143.017
1	163.273
1	208.85
1	204.353
1	161.609
1	221.208
1	174.23
1	170.315
1	176.414
1	172.545
1	226.565
1	202.305
1	180.035
1	159.2
1	129.035
1	148.67
1	212.013
1	159.64
1	176.707
1	234.045
1	155.88
1	204.372
1	328.165
1	261.801
1	140.682
1	235.561
1	156.101
1	146.272
1	171.081
1	364.462
1	188.592
1	197.474
1	365.649
1	189.622
1	140.813
1	146.059
1	126.384
1	210.896
1	156.426
1	182.124
1	185.293
1	201.663
1	207.997
1	155.074
1	134.38
1	155.728
1	334.833
1	307.43
1	260.231
1	169.293
1	205.91
1	175.405
1	189.836
1	263.248
1	169.827
1	199.991
1	198.046
1	165.951
1	210.967
1	215.5
1	181.729
1	199.423
1	171.959
1	159.532
1	148.701
1	130.157
1	166.688
1	229.997
1	153.226
1	213.375
1	150.815
1	141.902
1	149.378
1	191.811
1	195.149
1	294.928
1	332.626
1	221.229
1	124.446
1	289.598
1	225.912
1	256.484
1	160.804
1	246.308
1	478.16
1	208.774
1	154.525
1	224.335
0	64.4208
1	188.02
1	203.68
1	254.554
1	191.584
1	244.586
1	187.701
1	165.556
1	173.001
1	184.75
1	222.641
1	159.257
1	251.763
1	196.199
1	231.221
1	224.145
1	195.41
1	349.649
1	127.394
1	231.626
1	186.799
1	203.035
1	156.711
1	187.546
1	135.269
1	270.305
1	208.9
1	150.921
1	189.112
1	224.112
1	201.769
1	242.938
1	189.034
1	169.553
1	224.826
1	263.863
1	177.751
1	279.746
0	61.36
1	204.659
1	238.123
1	150.841
1	168.953
1	172.665
1	174.526
1	141.748
1	203.247
1	194.082
1	138.33
1	203.826
1	174.208
1	205.524
1	197.414
1	157.884
1	190.263
1	208.25
1	157.732
1	225.574
1	244.674
1	192.866
1	221.015
1	272.262
1	142.758
1	157.547
1	177.341
1	206.7
1	175.554
1	124.138
1	304.833
1	219.798
1	228.805
1	134.769
1	258.634
1	180.377
1	242.151
1	169.309
1	171.636
1	187.814
1	166.964
1	185.055
1	144.597
1	167.968
1	208.407
1	193.74
1	210.658
1	219.235
1	286.344
1	143.309
1	221.378
1	201.127
1	210.633
1	176.381
1	175.229
1	239.236
1	177.395
1	210.599
1	206.348
1	232.756
1	218.961
1	221.738
1	129.14
1	144.878
1	224.739
1	207.061
1	254.931
1	203.253
1	190.015
1	172.95
1	160.578
1	204.147
1	179.205
1	152.871
1	241.019
1	127.415
1	144.407
1	203.261
1	172.069
1	174.939
1	175.172
1	156.136
1	242.851
1	238.186
0	28.9156
1	208.601
1	156.905
1	204.218
1	199.704
1	147.51
1	184.293
1	197.233
1	214.88
1	116.057
1	164.219
1	205.699
1	183.922
1	183.827
1	174.589
1	189.909
1	145.127
1	255.664
1	158.212
1	222.119
1	152.892
1	147.706
1	182.523
1	185.093
1	192.861
1	265.334
1	137.676
1	204.431
1	331.281
1	157.816
1	261.594
1	222.37
1	164.434
1	203.195
1	231.478
1	167.715
1	188.373
1	211.272
1	195.877
1	225.158
1	161.815
1	211.933
1	181.061
1	182.885
1	244.809
1	146.495
1	186.639
1	285.297
1	159.495
1	227.051
1	114.23
1	212.236
1	121.64
1	128.012
1	247.967
1	283.958
1	144.89
1	232.71
1	234.338
1	135.686
1	174.217
1	159.384
1	182.571
1	176.481
1	207.191
1	166.743
1	241.995
1	200.468
1	217.081
1	153.584
1	157.803
1	250.068
1	186.584
1	258.861
1	223.24
1	196.861
1	315.48
1	115.128
1	142.835
1	153.032
1	209.367
1	215.151
1	175.394
1	259.929
1	196.976
1	188.744
1	173.779
1	248.216
1	243.25
1	206.841
1	240.997
1	223.511
1	215.837
1	117.081
1	227.539
1	197.995
1	173.4
1	288.926
1	317.396
1	388.439
1	189.717
1	166.128
1	176.897
1	317.422
1	344.793
1	179.653
1	198.855
1	181.762
1	182.81
1	230.975
1	163.873
1	222.358
1	162.372
1	176.218
1	190.431
1	281.56
1	165.342
1	190.985
1	220.319
1	175.543
1	190.41
1	262.992
1	280.428
1	197.445
1	257.734
1	216.906
1	220.953
1	184.723
1	250.829
1	154.735
1	174.816
1	229.924
1	195.21
1	157.266
1	193.896
1	195.117
1	173.602
1	207.078
1	182.427
1	139.583
1	177.593
1	161.862
1	151.832
1	225.379
1	181.067
1	159.876
1	262.916
1	146.633
1	197.69
1	205.09
1	187.411
1	288.743
1	200.12
1	194.368
1	246.589
1	196.837
1	165.042
1	217.019
1	261.625
1	183.154
1	134.45
1	223.93
1	174.175
1	226.701
1	175.895
1	149.063
1	238.844
1	323.043
1	328.5
1	218.32
1	238.868
1	175.307
1	212.828
1	135.535
1	159.55
1	266.512
1	242.944
1	150.304
1	425.217
0	1.31527
1	164.196
1	194.937
1	175.352
1	206.875
1	152.309
1	206.32
1	181.855
1	148.586
1	210.133
1	144.243
1	249.897
1	154.559
1	213.596
1	204.789
1	147.026
1	199.899
1	205.531
1	192.058
1	321.877
1	228.663
1	141.227
1	188.711
1	169.95
1	160.977
1	137.838
1	166.799
1	266.91
1	151.855
1	188.478
1	236.301
1	422.372
1	199.417
1	254.179
1	279.121
1	166.28
1	189.024
1	276.076
1	131.964
1	178.837
1	241.902
1	219.148
1	187.731
1	201.726
1	220.423
1	236.252
1	238.758
1	176.584
1	126.461
1	172.124
1	150.001
1	215.303
1	169.745
1	211.506
1	119.252
1	181.418
1	219.031
1	160.302
1	212.508
1	187.853
1	196.878
1	202.178
1	202.667
1	190.403
1	158.568
1	125.899
1	168.91
1	175.425
1	141.839
1	165.212
1	232.374
1	216.178
1	155.207
1	409.587
1	169.353
1	128.633
1	128.791
1	232.917
1	173.472
1	196.58
1	163.154
1	171.204
1	183.056
1	176.832
1	160.619
1	162.047
1	207.804
1	193.956
1	198.998
1	255.796
1	159.836
1	117.498
1	158.809
1	180.296
1	234.165
1	216.707
1	136.258
1	280.264
1	152.31
1	272.621
1	255.362
1	159.589
1	183.844
1	295.787
1	127.567
0	1.73765
1	164.797
1	165.805
1	233.559
1	218.542
1	170.82
1	187.047
1	217.179
1	229.375
1	276.11
1	225.524
1	184.923
1	170.999
1	196.226
1	179.598
1	260.758
1	137.166
1	206.169
1	152.944
1	192.62
1	160.94
1	134.848
1	264.639
1	151.529
1	173.653
1	144.471
1	205.291
1	174.232
1	159.616
1	318.443
1	256.118
1	174.891
1	195.358
1	194.587
1	312.446
1	256.324
1	142.149
1	242.404
1	228.02
1	200.962
1	164.5
1	176.135
1	149.896
1	253.928
1	105.601
1	283.505
1	168.763
1	205.438
1	167.288
1	246.932
1	276.947
1	268.296
1	268.313
1	195.538
1	195.82
1	125.702
1	284.508
1	150.67
1	213.128
1	163.294
1	215.552
1	242.159
1	194.368
1	195.522
1	235.64
1	226.588
1	153.438
1	154.7
1	252.728
1	230.292
1	183.525
1	197.251
1	233.68
1	224.013
1	170.412
1	273.485
1	169.573
1	177.821
1	207.757
1	192.344
1	165.774
1	145.591
1	164.067
1	226.733
1	148.116
1	172.942
1	263.526
1	151.415
1	246.932
1	351.274
1	217.275
1	150.513
1	186.373
1	155.707
1	228.015
1	267.704
1	129.372
1	223.908
1	240.104
1	185.214
1	189.226
1	230.245
1	238.843
1	182.45
1	156.992
1	276.294
1	202.471
1	187.706
1	216.291
1	208.089
1	162.759
1	178.037
1	205.534
1	179.861
1	200.228
1	182.654
1	172.635
1	162.17
1	205.888
1	247.795
1	133.155
1	214.034
1	221.823
1	308.043
1	150.856
1	209.339
1	266.21
1	212.434
1	175.193
1	195.241
1	196.74
1	208.03
1	161.331
1	141.732
1	219.571
1	264.761
1	231.871
1	203.603
1	184.876
1	139.581
1	169.35
1	156.773
1	164.318
1	181.63
1	181.795
1	223.585
1	150.552
1	272.919
1	148.322
1	269.199
1	165.405
1	282.419
1	233.403
1	186.833
1	198.413
1	213.115
1	144.853
1	180.639
1	259.444
1	240.364
1	180.366
1	315.834
1	168.591
1	277.659
1	166.335
1	129.669
1	246.911
1	332.43
1	246.979
1	159.214
1	169.742
1	284.318
1	158.071
1	249.555
1	260.197
1	211.823
1	198.09
1	169.356
1	207.736
1	330.309
1	156.827
1	243.445
1	298.648
1	244.287
1	183.591
1	195.32
1	258.586
1	343.452
0	4.52802
1	209.474
1	146.177
1	245.441
1	216.429
1	211.683
1	195.944
1	195.255
1	161.659
1	174.082
1	199.138
1	302.056
1	175.395
1	261.084
1	171.533
1	166.876
1	160.222
1	266.719
1	181.052
1	279.965
1	130.655
0	10.156
1	202.42
1	227.917
1	253.273
1	188.369
1	214.832
1	296.254
0	66.8844
1	213.868
1	218.81
1	171.833
1	258.481
1	253.616
1	220.191
1	187.044
0	3.28107
1	210.56
1	231.275
1	199.811
1	180.104
1	188.47
1	181.48
1	221.771
1	178.526
1	141.883
1	321.512
1	184.673
1	188.854
1	269.369
1	143.009
1	196.234
1	215.246
1	146.462
1	215.255
1	138.159
1	114.174
1	214.36
1	116.597
1	343.258
1	229.227
1	197.212
1	207.415
1	151.539
1	182.491
1	243.596
1	195.393
1	196.988
1	200.79
1	186.448
1	202.996
1	220.016
1	186.596
1	146.617
1	120.471
1	181.494
1	332.384
1	320.923
1	160.515
1	229.957
1	139.889
1	160.156
1	126.048
1	150.813
1	149.831
1	209.883
1	159.868
1	323.949
1	230.495
1	312.66
1	172.954
1	209.383
1	149.077
1	220.709
1	279.544
1	290.916
1	205.088
1	179.819
1	299.962
1	175.621
1	167.63
1	133.407
1	205.825
1	221.072
1	184.123
1	238.595
1	171.436
1	189.45
1	198.049
1	178.354
1	158.26
1	152.474
1	157.003
1	200.728
1	249.407
1	194.493
1	251.4
1	199.959
1	244.248
1	216.558
1	149.125
1	243.838
1	271.561
1	207.575
1	151.872
1	189.261
1	205.967
1	191.238
1	117.815
1	213.952
1	198.09
1	132.354
1	223.552
1	223.871
1	259.649
1	233.876
1	179.683
1	141.148
1	139.049
1	212.734
1	273.605
1	145.544
1	156.276
1	225.748
1	172.118
1	169.339
1	125.812
1	161.873
1	193.911
1	195.892
1	293.419
0	1.87874
1	207.63
1	176.04
1	160.618
1	248.308
1	165.353
1	244.858
1	328.537
1	199.395
1	272.268
1	227.325
1	164.354
1	129.083
1	178.064
1	261.722
1	164.077
1	297.906
1	206.271
0	13.2914
1	294.237
1	138.783
1	271.951
1	189.769
1	197.223
1	165.722
1	217.985
1	196.743
1	188.736
1	188.522
1	256.013
1	236.919
1	256.852
1	178.838
1	169.123
1	140.623
1	235.465
1	176.31
1	174.015
1	230.748
1	244.356
1	102.975
1	155.92
1	186.12
1	244.035
1	182.502
1	281.113
1	175.243
1	295.793
1	247.994
1	202.411
1	195.658
0	11.0551
1	219.15
1	203.917
1	336.025
1	111.103
1	209.294
1	198.307
1	189.999
1	199.712
1	260.131
1	153.481
1	151.772
1	194.424
1	320.638
1	244.953
1	191.644
1	271.654
1	272.993
1	251.72
1	257.241
1	180.276
1	170.192
1	185.348
1	187.317
1	179.244
1	145.35
1	167.774
1	231.53
1	206.704
1	347.832
1	161.063
1	175.812
0	21.1963
1	309.597
1	258.523
1	156.537
1	169.675
1	168.531
1	187.838
1	160.353
1	210.014
1	211.033
1	382.963
1	175.685
1	142.876
1	227.796
1	173.604
1	212.578
1	204.711
1	309.072
1	326.752
1	231.713
1	242.667
1	129.723
1	159.103
1	255.058
1	164.459
1	151.211
1	267.8
1	147.471
1	291.408
1	202.361
1	121.605
1	218.415
1	227.995
1	183.078
1	342.359
1	155.581
1	138.704
1	298.536
1	182.869
1	205.541
1	191.501
1	198.124
1	206.625
1	275.374
1	219.914
1	232.214
1	140.718
1	167.737
1	239.586
1	167.498
1	164.019
1	157.038
1	192.925
1	160.241
1	158.047
1	189.363
1	154.609
1	174.461
1	170.478
1	180.987
1	247.093
1	220.331
1	189.477
1	183.652
1	162.792
0	1.90547
1	157.251
1	261.87
1	157.214
1	110.027
0	31.1099
1	170.464
1	146.922
1	112.189
1	174.556
1	208.465
1	187.665
1	166.835
1	155.242
1	139.369
1	179.692
1	151.359
1	208.218
1	164.61
1	231.373
1	260.08
1	183.87
1	243.829
1	323.069
1	240.17
1	233.587
1	170.146
1	173.073
1	164.194
1	129.989
1	250.972
1	150.631
1	185.958
1	265.096
1	267.545
1	221.738
1	246.876
1	266.922
1	193.959
1	195.395
1	267.071
1	237.337
1	214.701
1	185.846
1	186.743
1	222.611
1	164.549
1	356.05
1	212.688
1	196.575
1	193.886
1	248.418
1	200.041
1	181.337
1	166.134
1	266.229
1	202.329
1	269.954
1	259.522
1	215.564
1	299.015
1	187.642
1	138.351
1	203.863
1	369.606
1	173
1	170.716
1	211.372
1	200.642
1	166.579
1	194.978
1	119.371
1	224.471
1	253.586
1	160.505
1	346.061
1	151.446
1	210.885
1	168.872
1	184.779
1	338.76
1	147.944
1	235.56
1	213.619
1	241.721
1	180.703
1	213.765
1	231.677
1	262.571
1	146.676
1	185.32
1	196.019
1	165.322
1	234.523
1	215.793
1	278.312
1	179.586
1	211.741
1	190.08
1	202.567
1	188.774
1	147.782
1	130.834
1	205.113
1	162.863
1	194.226
1	209.77
1	166.655
1	198.32
1	167.042
1	144.792
1	149.404
1	131.679
1	184.044
1	196.21
1	158.41
1	180.185
1	157.145
1	168.429
1	267.946
1	255.722
1	216.129
1	152.807
1	174.581
1	307.86
1	307.006
1	150.484
1	192.41
1	170.602
1	232.199
1	164.785
1	277.357
1	180.94
1	180.006
1	264.746
1	223.356
1	200.002
1	222.923
1	223.317
1	157.873
1	152.586
1	207.739
1	212.122
1	193.962
1	216.903
1	199.753
1	185.468
1	185.466
1	208.145
1	201.79
1	264.982
1	218.318
1	142.159
1	129.764
1	257.154
0	80.9746
1	204.494
1	189.817
1	189.691
1	286.009
1	141.535
1	190.928
1	169.019
1	153.671
1	164.051
1	281.322
1	128.476
1	220.804
1	192.248
1	135.67
0	5.40404
1	173.99
1	232.316
1	202.881
1	213.429
1	218.293
1	215.432
1	189.772
1	117.776
1	264.153
1	222.598
1	237.906
1	245.251
1	235.043
1	263.468
1	172.172
1	202.483
1	174.414
1	243.312
1	160.445
1	128.499
1	280.534
0	33.8702
1	183.286
1	239.787
1	184.624
1	146.091
1	163.286
1	203.744
1	213.027
1	140.102
1	155.996
1	208.994
1	193.362
1	185.445
1	130.644
1	230.57
1	182.351
0	4.42815
1	183.667
1	291.023
1	387.082
1	237.645
1	169.316
1	245.089
1	135.631
1	181.701
1	225.71
0	11.6892
1	149.823
1	259.152
1	245.427
1	222.884
1	163.202
1	230.106
1	337.737
1	205.178
1	177.92
1	233.211
1	141.414
1	150.837
1	198.632
1	144.394
1	252.035
1	212.714
1	176.421
1	179.057
1	284.243
1	202.053
1	296.456
1	169.795
1	211.702
1	155.116
1	125.368
1	152.94
1	254.094
1	241.849
1	246.262
1	154.159
1	155.421
1	260.138
1	162.382
1	165.31
1	202.977
1	215.944
1	221.863
1	307.931
1	202.862
1	171.016
1	195.423
1	392.483
1	180.118
1	299.864
1	188.826
1	155.304
1	167.536
1	184.204
1	185.991
1	197.429
1	174.347
1	165.39
1	156.294
1	188.658
1	204.461
1	328.365
1	187.51
1	193.775
1	162.796
1	156.37
1	240.861
1	303.567
1	226.426
1	175.437
1	204.442
1	327.167
1	182.677
1	147.281
1	147.849
1	198.845
1	224.503
1	262.671
1	224.137
1	199.146
1	158.27
1	243.023
1	186.632
1	134.576
1	239.391
1	210.506
1	169.147
1	219.624
1	275.801
1	167.17
1	166.654
1	165.305
1	163.612
1	138.613
1	310.437
1	250.738
1	182.51
1	128.165
1	160.027
1	254.108
1	155.899
1	166.911
1	257.459
1	226.896
1	162.578
1	186.514
1	195.731
1	161.386
1	168.605
1	186.355
1	185.841
1	233.519
1	148.986
1	181.84
1	184.975
0	100.865
1	271.91
1	240.403
1	220.291
1	232.487
1	317.451
1	177.315
1	153.424
1	223.065
1	161.257
1	307.931
1	121.776
1	164.702
1	339.591
1	168.46
1	185.846
1	181.525
1	152.768
1	226.363
1	190.453
1	309.148
1	169.318
1	398.608
1	340.769
1	203.106
1	138.441
1	160.456
1	314.649
1	203.098
1	252.609
1	126.832
1	234.898
1	135.355
1	168.776
1	258.617
1	203.89
1	205.884
1	243.501
1	326.471
1	153.903
1	172.05
1	287.996
1	363.256
1	190.55
1	187.739
1	255.072
1	260.194
1	178.151
1	449.322
1	149.947
1	193.218
1	213.463
1	236.335
1	227.882
1	203.667
1	205.289
1	232.875
1	282.889
1	201.75
1	149.288
1	313.844
1	168.54
1	176.602
1	285.999
1	180.28
1	158.669
1	121.704
1	195.513
1	198.605
1	154.225
1	243.703
1	183.806
1	166.7
1	205.655
1	166.589
1	214.784
1	155.923
1	338.283
1	130.85
1	155.093
1	195.517
1	212.811
1	292.975
1	335.77
1	143.812
1	160.4
1	172.686
1	203.632
1	143.388
1	184.761
1	227.028
1	230.677
1	215.265
1	257.158
1	196.101
1	174.688
1	200.676
1	165.878
1	123.83
1	252.908
1	226.185
1	182.519
1	165.662
1	184.574
1	269.543
1	196.929
1	181.579
1	222.014
1	169.491
1	210.228
1	203.336
1	228.539
1	150.775
1	114.244
1	162.943
1	256.375
1	308.268
1	162.309
1	147.465
1	194.122
1	156.637
1	213.129
1	157.451
1	137.903
1	169.461
1	209.118
1	222.391
1	191.006
1	218.173
1	126.496
1	195.761
1	130.022
1	331.553
0	46.8926
1	204.067
1	162.459
1	126.802
1	133.698
1	195.769
1	202.803
1	329.427
1	235.658
1	177.905
1	137.81
1	148.345
1	243.509
1	190.247
1	280.612
1	206.96
1	167.688
1	192.795
1	172.141
1	124.9
1	211.245
1	153.051
1	251.012
1	220.176
1	191.576
1	138.419
1	230.972
1	184.361
1	237.616
1	232.638
1	227.593
1	214.702
1	242.965
1	141.913
1	183.497
1	149.682
1	149.484
1	230.129
1	198.743
1	180.412
1	254.201
1	139.084
1	224.884
1	186.429
1	164.503
1	264.93
1	221.175
1	249.271
1	164.914
1	193.718
1	182.522
0	14.8785
1	226.46
1	128.043
1	304.457
1	162.515
1	158.947
1	160.307
1	207.038
1	321.147
1	208.703
1	222.685
1	203.387
1	154.676
1	328.14
1	145.822
1	151.87
1	213.838
1	256.138
1	206.179
1	159.685
1	181.896
1	221.459
1	216.134
1	167.247
1	131.529
1	186.236
1	272.66
1	132.265
1	204.1
1	195.633
1	313.115
1	146.955
1	240.544
1	167.712
1	145.751
1	168.329
1	196.119
1	161.339
1	152.553
1	164.51
1	150.479
1	314.329
1	240.295
1	158.651
1	269.638
1	208.172
1	183.978
1	208.315
1	167.761
1	294.386
1	140.04
1	214.102
1	316.514
1	113.491
1	245.243
1	195.634
1	263.392
1	136.986
1	198.811
1	178.833
1	164.648
1	184.013
1	171.955
1	218.928
1	241.889
1	171.356
1	186.443
1	293.968
1	181.187
1	343.828
1	200.323
1	310.966
1	197.85
1	132.799
1	247.934
1	143.578
1	325.285
1	186.731
1	187.67
1	212.463
1	126.263
1	142.569
1	195.117
1	213.521
1	173.869
1	163.197
1	209.003
1	165.44
1	340.476
1	177.956
1	188.485
1	208.348
1	195.968
1	175.251
1	185.317
1	168.87
1	182.608
1	170.251
1	217.9
1	270.749
1	177.234
1	172.799
1	141.935
1	204.436
1	180
1	165.649
1	389.851
1	222.155
1	168.615
1	254.623
1	134.672
1	162.165
1	194.369
1	408.28
1	218.234
1	239.323
1	314.579
1	196.417
1	203.062
1	326.215
1	217.302
1	387.704
1	222.362
1	215.139
1	160.79
1	158.586
1	254.19
1	154.903
1	161.707
1	164.782
1	253.733
1	231.035
1	193.819
1	270.233
1	162.672
1	224.737
1	173.979
1	167.339
1	200.923
1	175.494
1	174.163
1	202.753
1	149.434
1	284.587
1	316.992
1	204.397
1	283.016
1	270.62
1	199.977
1	117.671
1	237.416
1	197.984
1	200.43
1	158.395
1	164.004
1	182.843
1	154.535
1	157.463
1	200.106
1	139.067
1	185.322
1	188.214
1	281.057
1	302.004
1	235.389
1	187.155
1	187.986
1	183.106
1	175.384
1	162.665
1	164.39
1	181.294
1	193.278
1	173.458
1	178.66
1	225.983
1	190.922
1	187.16
1	148.446
1	144.453
1	236.865
1	145.71
1	276.909
1	216.498
1	143.456
1	141.902
1	167.998
1	190.572
1	134.206
1	173.028
1	152.401
1	224.438
1	189.518
1	273.85
1	266.369
1	183.943
1	193.129
1	127.539
1	249.614
1	127.657
1	142.889
1	169.981
1	159.381
1	133.952
1	229.925
1	355.917
1	129.334
1	150.181
1	191.07
1	183.305
1	157.834
1	196.058
1	237.081
1	229.899
1	173.878
1	176.187
1	183.572
0	23.6595
1	169.136
1	166.117
1	131.227
1	170.911
1	148.54
1	250.932
1	231.821
1	192.794
1	269.15
1	173.573
1	252.574
1	172.155
1	348.019
1	190.99
1	199.488
1	232.547
1	286.962
1	172.489
1	143.337
1	177.646
1	281.066
1	265.059
1	142.406
1	192.444
1	214.429
1	227.429
1	225.558
1	285.951
1	222.403
1	136.077
1	135.4
1	133.791
1	145.466
1	169.538
1	139.265
1	170.751
1	244.797
1	209.011
1	206.466
1	199.409
1	189.967
1	217.816
1	150.076
1	199.323
1	206.253
1	216.843
1	287.506
1	167.552
1	220.467
1	199.903
1	229.446
1	148.954
1	200.179
1	203.265
1	214.866
1	183.586
1	187.128
1	161.467
1	206.568
1	215.427
1	213.245
1	199.068
1	288.823
1	238.428
1	182.827
1	204.634
1	224.912
1	152.203
1	254.933
1	116.507
1	175.955
1	216.494
1	260.381
1	156.051
1	154.782
1	297.395
1	189.442
1	254.242
1	193.498
1	279.046
1	203.651
1	137.693
1	261.674
1	292.474
1	192.655
1	182.665
1	126.598
1	153.896
1	208.831
1	222.871
1	189.176
1	170.247
1	208.983
1	239.592
1	205.996
1	229.058
0	62.2504
1	178.124
1	190.243
1	166.459
1	179.991
1	259.552
1	246.382
1	192.748
1	210.641
1	250.919
1	193.666
1	192.778
1	147.539
1	231.135
1	154.959
1	165.496
1	192.864
1	177.202
1	230.8
1	216.608
1	127.704
1	311.69
1	167.734
1	203.807
1	177.894
1	139.064
1	247.183
1	182.936
1	297.81
1	193.809
1	190.063
1	137.667
1	232.18
1	184.02
1	191.744
1	196.573
1	123.429
1	113.798
1	217.004
1	260.408
1	272.798
1	183.962
1	146.748
1	277.928
1	225.515
1	212.38
1	153.05
1	175.871
1	167.042
1	208.418
1	139.836
1	177.472
1	262.887
1	187.506
1	191.902
0	24.4374
1	189.982
1	209.124
1	221.639
1	185.684
1	245.045
1	155.59
1	193.996
1	182.499
1	237.075
1	196.376
1	111.667
1	159.789
1	176.028
1	174.258
1	175.973
1	203.465
1	160.434
1	165.29
1	194.175
1	144.773
1	149.374
1	214.331
1	175.743
1	144.165
1	170.413
1	166.177
1	162.237
1	243.823
1	452.765
1	305.229
1	150.901
1	165.541
1	241.647
1	193.924
1	177.921
1	160.448
1	149.165
1	210.221
1	202.183
1	274.991
1	169.512
1	209.957
1	361.975
1	196.142
1	153.139
1	138.61
1	262.194
1	180.548
1	214.931
1	149.112
1	149.684
1	248.244
1	199.279
1	158.176
1	169.326
1	286.173
1	240.81
1	168.677
1	214.674
1	196.049
1	189.941
1	215.776
1	222.577
1	196.466
1	130.453
1	183.102
1	152.225
1	286.977
1	179.172
1	208.288
1	183.748
1	151.444
1	204.856
1	295.744
1	163.329
1	218.13
1	168.868
1	223.314
1	171.661
1	223.788
1	172.965
1	205.248
1	200.972
1	288.881
1	205.983
1	149.641
1	145.208
1	148.667
1	192.556
1	288.444
1	181.43
1	204.853
1	179.212
1	147.616
1	123.401
1	159.768
1	151.025
1	201.863
1	119.237
1	206.615
1	161.485
1	161.727
1	136.99
1	319.918
1	178.559
1	149.105
1	238.442
1	305.433
1	123.996
1	192.603
1	173.135
1	145.098
1	206.597
1	132.125
1	141.163
1	265.255
1	179.965
1	240.671
1	195.971
1	305.332
1	219.406
1	182.523
1	221.625
1	294.661
1	303.362
1	227.257
1	201.567
1	343.958
1	166.585
1	194.335
1	192.276
1	158.614
1	125.898
1	200.924
1	145.416
1	213.291
1	225.058
1	205.462
1	304.647
1	253.283
1	147.33
1	205.904
1	336.499
1	177.842
1	137.394
1	191.967
1	279.073
1	368.351
1	178.465
1	275.999
1	292.261
1	153.569
1	212.577
1	147.427
1	182.897
1	234.735
1	283.689
1	182.306
1	175.854
1	258.603
1	205.083
1	221.145
1	157.678
1	226.497
1	237.964
1	201.965
1	248.682
1	198.504
1	267.092
1	145.17
1	147.923
1	193.016
1	230.961
1	221.182
1	341.107
1	185.363
1	268.239
1	253.863
1	148.183
1	212.98
1	274.836
1	221.664
1	137.418
1	182.535
1	193.25
1	196.861
1	294.247
1	210.333
1	288.655
1	185.301
1	249.882
1	209.394
1	164.881
1	178.33
1	245.56
1	190.267
1	201.824
1	126.055
1	173.777
1	132.879
1	184.872
1	193.465
1	228.841
1	165.763
1	173.296
1	149.585
1	150.71
1	291.878
1	216.721
1	134.188
1	252.752
1	170.94
1	186.37
1	163.583
1	181.895
1	127.63
1	309.264
1	188.545
1	153.118
1	246.908
1	108.351
1	179.403
1	217.612
1	185.239
1	196.081
1	189.17
1	168.913
0	10.7604
1	155.806
1	143.17
1	233.724
1	278.549
1	153.78
1	184.609
1	179.922
1	216.239
1	215.603
1	158.487
1	251.435
1	187.528
1	138.514
1	151.819
1	243.586
1	166.209
1	246.181
1	267.128
1	215.902
1	221.323
1	165.026
1	195.634
1	267.244
1	192.415
1	167.582
1	213.215
1	221.614
1	252.1
1	143.219
1	206.07
1	204.213
1	229.577
1	184.271
1	184.792
1	187.629
1	240.477
1	221.001
1	188.997
1	173.933
1	167.698
1	139.762
1	223.114
1	171.268
1	240.479
1	230.289
1	201.029
1	339.13
1	169.534
1	167.289
1	122.145
1	188.852
1	239.695
1	142.338
1	226.502
1	187.586
1	168.738
1	248.392
1	182.033
1	144.1
1	186.325
1	144.523
1	150.789
1	201.175
0	12.7176
1	184.865
1	226.212
1	224.421
1	170.122
1	265.735
1	165.249
1	217.758
1	303.826
1	146.522
1	211.245
1	266.907
1	201.868
1	133.683
1	159.497
1	219.372
1	180.952
1	160.26
1	181.378
1	168.044
1	144.621
1	155.382
1	221.161
1	205.59
1	170.375
1	202.545
1	226.496
0	23.8399
1	190.705
1	266.786
1	177.923
1	194.436
1	167.646
1	233.079
1	219.502
1	179.129
1	220.532
1	193.048
1	241.594
1	164.266
1	172.738
1	133.247
1	223.425
1	178.554
1	153.615
1	294.585
1	159.729
1	266.51
1	182.38
1	174.35
1	373.033
1	205.374
1	339.315
1	230.604
1	288.868
1	288.583
1	194.803
1	222.573
1	192.099
1	258.715
1	233.48
1	274.339
1	217.134
1	207.693
1	146.608
1	163.274
1	139.543
1	278.362
1	240.939
1	307.294
1	127.193
1	211.672
1	191.295
1	205.18
1	214.059
1	182.788
1	176.129
1	261.874
1	201.158
1	163.182
1	284.604
1	196.972
1	395.91
1	186.585
1	157.447
1	218.136
1	137.086
0	6.36138
1	185.416
1	212.937
1	358.366
1	188.154
1	237.891
1	321.028
1	169.871
1	188.128
1	174.141
1	201.897
1	237.693
1	175.749
1	160.579
1	180.412
1	266.574
1	191.013
1	196.652
1	116.988
1	168.216
1	139.676
1	171.483
1	179
1	283.067
1	155.167
1	299.559
1	196.868
1	178.968
1	167.659
1	199.521
1	228.647
1	182.499
1	361.137
1	270.081
1	146.032
1	213.452
1	145.794
1	213.734
1	140.55
1	326.457
1	243.688
1	177.455
1	190.69
1	125.133
1	176.034
1	162.07
1	248.402
1	287.251
1	157.246
1	132.964
1	264.993
1	220.223
1	184.842
1	242.962
1	219.938
1	160.657
1	272.649
1	182.318
1	155.349
1	252.309
1	225.873
1	205.978
1	261.917
1	160.313
1	174.522
1	321.146
1	199.075
1	227.25
1	234.188
1	226.528
1	253.976
1	209.043
1	183.329
1	129.872
1	229.195
1	181.284
1	213.574
1	270.321
1	195.38
1	223.318
1	176.396
1	140.638
1	150.366
1	187.323
1	203.785
1	257.987
1	216.047
1	142.157
1	256.128
1	252.879
1	243.9
1	165.971
1	209.132
1	296.728
1	256.422
1	251.186
1	156.47
1	219.563
1	298.746
1	209.052
1	226.241
1	185.093
1	173.253
1	231.3
1	231.856
1	203.725
1	170.346
1	157.036
1	208.387
1	161.836
1	240.542
1	252.34
1	151.813
1	181.111
1	216.167
0	59.9296
1	154.172
1	250.95
1	177.325
1	247.979
1	140.419
1	344.672
1	198.672
1	184.56
1	226.817
1	298.204
1	165.882
1	166.486
1	220.516
1	182.355
1	147.745
1	159.886
1	208.437
1	161.976
1	259.18
1	237.298
1	164.197
1	184.796
1	164.781
1	193.748
1	127.762
1	133.758
1	447.677
1	225.516
1	209.946
1	222.906
1	259.249
1	174.515
1	176.984
1	199.608
1	219.851
1	213.467
1	214.621
1	202.296
1	191.501
1	168.186
1	201.865
1	180.095
1	220.723
1	140.977
1	245.925
1	185.484
1	264.969
1	162.339
1	199.723
1	153.617
1	290.355
1	133.439
1	219.83
1	200.25
1	181.64
1	146.834
1	202.582
1	231.555
1	173.632
1	180.915
1	151.175
1	202.384
1	132.209
1	212.82
1	247.558
1	182.487
1	241.532
1	185.532
1	251.033
1	214.623
1	215.053
1	195.626
1	222.878
1	138.346
1	126.174
1	248.95
1	199.9
1	166.369
1	207.385
1	217.21
1	233.167
1	124.56
1	177.326
1	190.153
1	327.519
1	306.501
1	233.411
1	141.828
1	158.307
1	243.067
1	252.27
1	202.377
1	178.213
1	167.791
1	180.904
1	156.834
1	138.979
1	143.768
1	200.864
1	157.317
1	184.929
1	162.306
1	140.371
1	218.02
1	191.572
1	177.946
1	192.583
1	241.642
1	133.986
1	255.985
1	244.187
1	288.596
1	169.872
1	128.185
1	211.705
1	325.356
1	131.802
1	176.545
1	190.334
1	242.108
1	317.18
1	227.42
1	212.618
1	136.708
1	225.839
1	143.702
1	125.009
1	214.385
1	156.813
1	150.996
1	149.657
1	159.847
1	211.025
0	1.9601
1	294.766
1	160.535
1	198.529
1	202.783
1	177.532
1	233.071
1	148.143
1	216.433
1	197.513
1	213.517
1	183.186
1	242.869
1	194.973
1	208.483
1	149.979
1	127.756
1	182.498
1	189.662
1	170.835
1	218.892
1	171.933
1	166.46
1	219.895
1	327.182
1	203.918
1	197.846
1	226.591
1	130.459
1	178.141
1	200.456
1	180.982
1	284.867
1	226.1
1	252.831
1	148.097
1	184.734
1	162.13
1	159.38
1	154.388
1	274.739
1	320.263
1	196.478
1	162.841
1	143.302
1	234.655
1	198.266
1	175.979
1	194.76
1	155.484
1	131.699
1	343.571
1	140.238
1	186.754
1	164.277
1	176.189
1	191.58
1	312.366
1	207.83
1	153.325
1	153.359
1	176.057
1	283.457
1	146.998
1	433.981
1	136.74
1	178.915
1	161.884
1	141.195
1	146.684
1	167.327
1	266.45
1	148.619
1	209.688
1	220.263
1	208.18
1	171.207
1	250.789
1	193.122
1	159.012
1	201.339
1	168.382
1	167.911
1	254.124
1	162.439
1	147.484
1	235.013
1	124.806
1	156.531
1	236.17
1	172.095
1	217.227
1	189.321
1	162.159
1	194.258
1	227.271
1	210.677
1	248.265
1	136.985
1	193.839
1	200.962
1	176.69
1	155.977
1	211.82
1	222.946
1	185.324
1	158.634
1	181.384
1	192.091
1	223.254
1	193.202
1	181.939
1	158.13
1	173.283
1	245.466
1	224.548
1	165.332
1	239.311
1	240.062
1	219.196
1	234.103
1	176.97
1	209.82
1	129.27
1	162.34
1	187.729
1	227.426
1	123.327
1	183.302
1	165.483
1	211.26
1	198.683
1	230.995
1	306.418
1	281.108
1	136.452
1	246.104
1	236.079
1	170.937
1	260.728
1	215.178
1	208.453
1	225.415
1	214.706
1	177.201
1	334.771
1	285.933
1	225.304
1	278.892
1	148.844
1	124.222
1	197.999
1	200.666
1	243.226
1	243.578
1	170.847
1	170.324
1	185.164
1	370.769
1	140.121
1	247.099
1	235.857
1	261.406
1	165.449
1	222.146
1	170.735
1	278
1	170.338
1	150.434
1	237.915
1	195.1
1	175.493
1	212.683
1	196.574
1	161.558
1	167.001
1	174.152
1	394.242
1	130.072
1	238.816
1	195.748
1	203.005
1	158.965
1	250.527
1	197.044
1	176.436
1	201.219
1	250.322
0	58.9093
1	209.928
1	196.403
1	147.063
1	178.669
1	262.498
1	205.522
1	184.98
1	181.346
1	181.975
1	201.456
1	356.034
1	311.724
1	240.908
1	195.752
1	355.285
1	214.519
1	269.999
1	234.314
1	192.968
1	196.854
1	150.118
1	165.565
1	343.089
1	230.171
1	340.996
1	180.004
1	160.967
1	172.477
1	223.122
1	213.693
1	304.452
1	169.742
1	125.478
1	194.996
1	234.909
1	147.479
1	215.611
1	125.972
1	183.643
1	203.254
1	227.72
1	180.567
1	205.641
1	128.64
1	224.209
1	289.047
1	265.226
1	142.926
1	168.864
1	361.205
1	170.609
1	175.009
1	250.143
1	129.109
1	239.054
1	197.473
1	195.969
1	158.175
1	201.16
1	187.996
1	172.481
1	335.328
1	217.364
1	216.092
1	273.415
1	244.569
1	214.785
1	195.054
1	148.102
1	195.103
1	330.82
1	224.236
1	237.363
1	189.649
1	257.83
1	219.95
1	227.966
1	243.142
1	208.229
1	182.523
1	136.885
1	203.373
1	125.526
1	194.643
1	187.299
1	179.569
1	174.978
1	256.316
1	288.094
1	205.014
1	169.404
1	204.06
1	217.218
1	233.583
1	305.936
1	216.925
1	143.373
1	167.99
1	184.801
1	176.162
1	222.602
1	161.256
1	183.388
1	181.976
1	190.269
1	175.97
1	218.944
1	210.577
1	246.592
1	156.337
1	211.15
1	158.29
1	220.077
1	184.881
1	183.137
1	251.283
1	299.695
1	212.842
1	278.396
1	302.008
1	270.17
1	237.528
1	167.478
1	212.726
1	323.706
1	236.873
1	173.367
1	272.553
1	262.017
1	221.259
1	180.153
1	203.971
1	191.501
1	225.817
1	275.962
1	211.597
1	234.85
1	223.231
1	174.003
1	196.521
1	149.628
1	164.673
1	205.739
1	272.415
1	148.608
1	236.147
1	122.057
1	260.199
1	160.955
1	200.639
1	254.738
1	183.94
1	193.17
1	164.21
1	223.59
1	174.433
1	262.704
1	245.476
1	145.512
1	376.513
1	139.193
1	300.157
1	234.764
1	232.763
1	170.84
1	237.337
1	143.345
0	6.80237
1	272.968
1	265.486
1	394.493
1	199.176
1	197.45
1	211.394
1	214.819
1	137.509
1	210.116
1	243.081
1	208.028
1	170.046
1	260.967
1	166.378
1	160.265
1	197.624
1	243.435
1	135.463
1	170.668
1	272.428
1	289.332
1	162.497
1	269.912
1	185.303
1	160.545
1	141.614
1	191.829
1	175.494
1	184.108
1	266.871
1	288.297
1	255.434
1	173.649
1	299.708
1	150.992
1	218.948
1	150.301
1	200.565
1	140.276
1	151.381
1	153.84
1	207.683
1	324.534
1	167.55
1	190.186
1	210.18
1	313.261
1	212.423
1	130.214
1	147.115
1	190.126
1	176.765
1	218.42
1	122.204
1	199.031
1	188.983
1	237.192
1	240.028
1	242.789
1	254.679
1	218.05
1	409.892
1	270.96
1	159.767
1	297.956
1	201.156
1	117.831
1	252.86
1	155.171
1	231.417
1	201.782
1	170.595
1	172.783
1	196.911
1	173.574
1	186.002
1	213.18
1	174.516
1	276.349
1	138.568
1	185.586
1	147.385
1	235.489
1	172.802
1	264.09
1	296.525
1	159.007
1	147.089
1	183.266
1	247.96
1	189.94
0	0.0694957
1	265.189
1	178.903
1	136.964
1	118.862
1	153.156
1	235.397
1	191.541
1	239.867
1	258.398
1	188.598
1	206.201
1	174.32
1	275.619
1	238.229
1	172.289
1	205.861
1	207.475
1	212.15
1	164.633
1	123.987
1	198.423
1	170.076
1	217.977
1	182.712
1	199.41
1	215.473
1	175.732
1	227.071
1	151.954
1	277.875
1	240.321
1	231.23
1	225.89
1	160.44
1	203.148
1	210.869
1	217.983
1	199.299
1	218.151
1	254.523
1	223.666
1	156.252
1	212.524
1	230.765
1	212.452
1	202.169
1	257.571
1	217.9
1	206.245
1	250.735
1	208.683
0	27.4931
1	208.892
1	226.555
1	159.151
1	164.642
1	176.897
1	275.929
1	200.257
1	189.604
1	340.812
1	338.319
1	232.451
1	188.13
1	229.738
1	189.439
1	243.157
1	330.647
1	130.534
1	182.399
1	228.855
1	216.642
1	218.318
1	190.094
1	320.262
1	181.643
1	188.413
1	209.412
1	251.812
1	328.038
1	211.371
1	268.052
1	179.754
1	272.227
1	146.772
1	194.089
1	153.872
1	157.441
1	222.007
1	280.119
1	206.536
1	178.975
1	225.677
1	217.709
1	195.756
1	193.603
1	183.005
1	175.819
1	169.886
1	229.741
1	166.852
0	31.9599
1	363.81
1	233.69
1	187.851
1	217.459
1	231.832
1	189.323
1	281.755
1	258.569
1	202.835
1	147.03
1	175.227
0	47.8428
1	266.676
1	260.094
1	185.578
1	238.722
1	141.791
1	176.099
1	246.002
1	181.686
1	194.931
1	194.322
1	137.954
1	133.98
1	244.604
1	165.094
1	221.074
1	134.732
1	220.468
1	342.096
1	209.447
1	129.15
1	140.449
1	273.972
1	129.123
1	163.142
1	153.587
1	173.343
1	158.091
1	362.831
1	218.04
1	260.278
1	307.389
1	176.08
1	200.86
1	273.687
1	152.458
1	178.358
1	159.443
1	194.045
1	161.992
1	124.155
0	1.07271
1	259.621
1	133.489
1	144.134
1	216.09
1	287.195
1	226.203
1	149.678
1	162.86
1	146.374
0	0.799943
1	158.347
1	294.407
1	216.935
1	346.351
1	241.7
1	143.142
0	52.499
1	274.142
1	233.812
1	270.256
1	143.993
1	187.836
1	247.356
1	220.284
1	154.828
1	146.303
1	186.358
1	170.393
1	127.766
1	158.055
1	159.454
1	184.289
1	218.089
1	229.522
1	280.632
1	154.491
0	22.6626
1	250.125
1	130.222
1	268.999
1	174.479
1	146.75
1	202.344
1	294.499
1	174.56
1	168.455
1	148.331
1	155.483
1	203.349
1	214.538
1	220.074
1	159.999
1	136.67
1	213.319
1	213.727
1	255.511
1	267.2
1	258.073
1	269.17
1	137.08
1	188.768
1	185.14
1	206.057
1	190.202
1	181.909
1	188.045
1	221.309
1	324.575
1	214.758
1	267.822
1	136.148
1	157.06
1	175.041
1	154.445
1	177.521
1	263.105
1	181.796
1	333.362
1	161.59
1	177.23
1	145.035
1	160.045
1	148.783
1	156.303
1	214.289
1	225.846
1	125.595
1	183.389
1	202.847
1	213.513
1	260.524
1	124.589
1	251.494
1	152.157
1	245.619
1	135.183
1	212.747
1	317.76
1	189.116
1	179.581
1	168.571
1	205.018
1	231.534
1	163.474
1	143.702
1	193.213
1	168.086
1	159.535
1	225.183
1	228.222
1	320.595
1	216.053
1	191.498
1	294.709
1	183.273
1	199.628
1	198.825
1	218.458
1	199.547
1	219.311
1	133.457
1	195.639
1	268.853
1	252.209
1	183.477
1	283.171
1	165.782
1	116
1	163.312
1	285.391
1	206.13
1	230.17
1	206.087
1	179.053
1	284.585
1	164.771
1	245.273
1	177.627
1	193.42
1	172.88
1	185.749
1	222.844
1	193.533
1	202.009
1	167.821
1	245.36
1	147.265
1	323.139
1	294.303
1	158.715
1	156.483
1	306.411
1	132.078
1	182.782
1	158.083
1	240.768
1	213.128
1	169.584
1	189.356
1	290.699
1	165.059
1	168.363
1	191.626
1	164.031
1	186.865
1	189.292
1	170.686
1	193.976
1	221.043
1	146.323
1	158.625
1	190.507
1	208.976
1	199.685
1	185.999
1	197.459
1	202.912
1	206.067
1	295.052
1	160.145
1	155.926
1	178.324
1	297.41
1	231.803
1	147.032
1	213.471
1	203.355
1	184.068
1	139.352
1	313.828
1	192.462
1	171.016
1	197.179
1	231.796
1	213.9
1	195.149
1	153.452
1	429.245
1	143.862
1	179.751
1	212.715
1	269.728
1	226.943
1	218.879
1	172.152
1	327.149
1	217.072
1	252.278
1	198.183
1	152.286
1	128.526
1	171.429
1	183.756
1	184.981
1	146.148
1	244.459
1	230.983
1	193.109
1	129.79
1	169.065
1	350.023
1	173.73
1	116.146
1	123.993
0	90.8168
1	207.239
1	307.737
1	216.675
1	173.665
1	266.346
1	211.885
1	133.081
1	181.512
1	191.93
1	317.423
1	185.128
1	221.454
1	255.807
1	234.69
1	245.613
1	177.065
1	257.271
1	141.737
1	173.175
1	220.783
1	267.715
1	193.449
1	195.998
1	184.601
1	164.44
1	358.558
1	327.06
1	210.262
1	156.542
1	191.016
1	247.428
1	198.118
1	221.826
1	195.951
1	192.761
1	154.171
1	201.28
1	221.071
1	238.947
1	194.951
1	222.62
1	247.709
1	168.519
1	239.145
1	236.088
1	191.442
1	191.631
1	239.23
1	241.724
1	231.405
1	172.018
1	173.299
1	162.397
1	197.275
1	163.377
1	204.398
1	199.458
1	224.104
1	292.428
1	231.286
1	169.561
1	149.506
1	267.663
1	313.605
1	157.397
1	254.555
1	213.948
1	178.251
1	251.956
1	180.988
1	152.605
1	190.316
1	127.116
1	156.857
1	379.505
1	187.008
1	148.703
1	156.689
1	211.878
1	153.899
1	141.747
1	199.493
1	216.477
1	181.88
1	401.513
1	198.086
1	165.925
1	178.144
1	209.28
1	146.283
1	215.091
1	153.208
1	327.46
1	219.569
1	133.294
1	175.12
1	176.278
1	170.767
1	252.442
1	268.677
1	179.828
1	243.085
1	177.425
1	242.233
1	224.423
1	201.643
1	188.75
1	231.578
1	210.38
0	0.98327
1	218.369
1	186.138
1	222.68
1	316.221
1	139.828
1	255.328
1	144.268
1	190.353
1	138.44
1	136.957
1	183.335
1	157.888
1	279.827
1	134.45
1	186.101
1	227.552
0	109.304
1	223.464
1	185.305
1	171.159
1	342.068
1	232.385
1	169.202
1	258.227
1	222.068
1	178.061
1	172.783
1	141.545
1	152.145
1	225.997
1	270.385
1	150.616
1	197.539
1	193.949
1	125.264
1	174.15
1	202.986
1	188.579
1	140.442
1	184.435
1	191.231
1	183.349
1	294.826
1	187.809
1	196.684
1	271.501
1	281.338
1	230.411
1	190.062
0	10.6645
1	261.011
1	218.938
1	213.817
1	172.091
0	8.00504
1	213.328
1	223.255
1	210.351
1	180.653
1	207.474
1	208.135
1	161.195
1	179.468
1	203.312
1	162.823
1	371.339
1	223.109
1	226.582
1	196.755
1	204.734
1	171.148
1	223.454
1	286.29
1	148.985
1	147.165
1	143.327
1	183.112
1	233.307
1	418.431
1	146.317
1	134.558
1	146.839
1	204.84
1	280.82
1	207.132
1	309.345
1	189.279
1	163.739
1	185.037
1	162.148
1	202.395
1	150.064
1	237.634
1	188.671
1	175.035
1	246.513
1	264.493
1	217.035
1	190.153
1	131.998
1	336.597
1	163.831
1	222.303
1	163.09
1	230.472
1	163.194
1	404.344
1	242.473
1	165.877
1	244.815
1	261.787
1	231.656
1	98.4996
1	136.72
1	222.212
1	248.785
1	151.232
1	171.374
1	243.883
1	187.477
1	165.252
1	205.766
1	150.668
1	411.002
1	197.188
1	181.268
1	230.031
1	180.276
1	204.654
1	154.679
1	151.803
1	150.709
1	166.928
1	173.035
1	210.992
1	214.516
1	268.73
1	150.442
1	156.353
1	152.685
1	109.565
1	189.471
1	188.397
1	187.993
1	169.73
1	238.23
1	236.396
1	235.568
1	219.331
1	142.742
1	166.854
1	176.7
1	146.342
1	199.393
1	259.623
1	223.913
1	161.116
1	158.582
1	205.698
1	290.477
1	139.071
1	179.591
1	217.706
1	286.787
1	197.906
1	240.713
1	223.79
1	192.073
1	168.82
1	219.635
1	244.498
1	205.219
1	233.708
1	283.842
1	209.939
1	226.432
1	157.578
1	167.147
1	204.073
1	154.25
1	201.647
1	329.202
1	253.793
1	218.035
1	151.436
1	205.988
1	204.025
1	157.177
1	199.595
1	342.024
1	135.875
1	195.57
1	288.819
1	158.182
1	199.837
1	204.82
1	143.189
1	201.554
1	237.999
1	142.517
1	181.972
1	201.974
1	234.136
1	156.959
0	49.5561
1	215.19
1	162.787
1	195.859
1	221.685
1	232.958
1	174.837
1	170.368
1	276.41
1	183.453
1	208.109
1	166.841
1	210.608
1	141.07
1	176.265
1	203.46
1	368.773
1	192.62
1	268.391
1	252.41
1	298.64
1	242.097
1	199.041
1	170.255
1	175.27
1	245.5
1	183.664
1	164.433
1	165.949
1	238.607
1	211.44
1	171.971
1	127.47
1	197.111
1	212.998
1	178.524
1	177.996
1	245.902
1	166.095
1	152.754
1	191.445
1	297.553
1	322.862
0	44.6578
1	204.046
1	309.257
1	198.891
1	151.557
1	249.205
1	174.191
1	294.507
1	209.075
1	137.983
1	199.632
1	245.594
1	142.87
1	156.467
1	235.336
1	246.02
1	192.995
1	124.86
1	213.095
1	224.255
1	305.709
1	124.363
1	200.542
1	350.997
1	175.384
1	190.307
1	253.144
1	179.949
1	291.386
1	211.477
1	335.544
1	186.177
1	187.514
1	157.14
1	198.162
1	145.107
1	168.266
1	200.273
1	157.557
1	165.136
1	297.05
1	144.165
1	163.055
1	200.659
1	149.874
1	156.824
1	309.919
1	130.537
1	236.762
1	225.553
1	213.013
1	156.27
1	138.963
1	249.249
1	220.056
1	190.509
1	211.32
1	256.334
1	256.697
1	257.226
1	174.877
1	213.413
1	213.423
1	185.045
1	233.916
1	186.404
1	161.623
1	154.771
1	210.096
1	220.788
1	209.055
1	173.982
1	249.804
1	179.694
1	215.632
1	201.699
1	180.116
1	169.716
1	162.417
1	208.159
1	226.703
1	195.573
1	195.279
1	245.757
1	151.891
1	148.002
1	197.264
1	183.022
1	198.985
1	158.86
1	158.386
1	325.523
1	201.093
1	249.095
1	182.768
1	374.367
1	167.818
1	156.604
1	157.224
1	239.228
1	193.206
1	138.968
1	171.017
1	162.429
1	223.756
1	180.257
1	166.128
1	213.927
1	167.282
1	321.59
1	258.079
1	211.168
1	173.432
1	168.521
1	208.547
1	194.715
1	211.939
1	174.003
1	153.178
1	128.379
1	193.199
1	189.812
1	181.647
1	228.423
0	26.8428
1	90.3087
1	193.593
1	188.406
1	165.667
1	171.883
1	212.669
1	166.315
1	141.593
1	168.944
1	236.001
1	241.687
1	168.961
1	154.809
1	239.258
1	162.651
1	159.983
1	208.074
1	173.108
1	183.201
1	157.274
1	277.539
1	223.987
1	199.642
1	251.147
1	143.996
1	197.823
1	202.814
1	172.317
1	180.993
1	175.936
1	200.81
1	181.355
1	197.094
1	177.274
1	236.052
1	117.738
1	191.067
1	158.958
1	193.413
1	158.57
1	156.074
1	150.954
1	215.968
1	191.819
1	184.14
1	301.125
1	158.416
1	143.019
1	228.705
1	183.366
1	223.312
1	134.562
1	244.785
1	203.787
1	180.391
1	204.773
1	254.137
1	218.637
1	146.964
1	226.161
1	158.046
1	208.313
1	183.125
0	6.5616
1	208.338
1	158.969
1	166.878
1	214.463
1	171.732
1	194.065
1	247.414
1	156.029
1	125.165
1	177.087
1	158.06
1	273.705
1	221.752
1	216.326
1	291.313
1	169.922
1	219.83
1	180.405
1	179.098
1	200.186
1	233.96
1	245.188
1	318.096
1	206.984
1	266.346
1	192.004
1	134.303
1	204.574
1	168.658
1	162.436
1	260.097
1	176.943
1	161.948
1	175.376
1	176.913
1	324.313
1	217.064
1	178.574
1	289.271
1	153.965
1	200.522
1	168.882
1	184.727
1	296.751
1	146.418
1	176.052
1	189.598
1	215.03
1	154.156
1	235.046
1	161.755
1	303.428
1	183.728
1	232.424
1	176.325
1	198.018
1	133.03
1	270.766
1	363.097
1	160.666
1	159.41
1	145.265
1	195.872
1	239.756
1	145.132
1	210.036
1	188.717
1	178.902
1	153.252
1	175.271
1	247.818
1	175.833
1	265.064
1	129.879
1	173.767
1	124.464
1	202.106
1	192.415
1	241.462
1	199.735
1	151.482
1	294.079
1	170.101
1	147.317
1	197.854
1	152.238
1	358.937
1	224.198
1	160.283
1	267.674
1	172.643
1	160.478
1	174.32
1	211.638
1	220.761
1	207.1
1	202.154
1	192.708
1	204.06
1	214.556
1	188.679
1	243.602
1	202.752
1	148.403
1	188.043
1	228.865
1	164.163
1	330.025
1	166.907
1	250.869
1	273.966
1	187.101
1	205.479
1	138.244
1	184.569
1	198.784
1	210.368
1	275.045
1	251.866
1	157.399
1	185.836
1	230.504
1	169.682
1	173.783
1	245.855
1	164.763
1	308.731
1	192.849
1	174.979
1	195.853
1	259.252
1	213.155
1	181.108
1	238.559
1	200.069
1	253.79
1	304.559
1	204.775
1	130.53
1	222.448
1	258.033
1	223.274
1	189.592
1	342.904
1	212.592
1	217.569
1	122.908
1	262.266
1	261.781
1	200.544
1	338.481
1	162.623
1	214.339
1	204.603
1	170.647
1	232.023
1	234.339
1	244.796
1	167.69
1	187.339
1	214.158
1	220.799
1	153.703
1	210.363
1	192.601
1	148.638
1	257.861
1	168.445
1	123.68
1	155.047
1	246.741
1	141.65
1	265.166
1	149.144
1	199.321
1	169.019
1	145.576
1	207.879
1	133.125
1	205.037
1	266.481
1	168.551
1	241.59
1	190.661
1	147.82
1	190.683
1	148.804
1	286.227
1	244.5
1	277.768
1	332.347
1	192.91
1	157.721
1	175.434
1	192.716
1	172.645
1	258.924
1	247.299
1	190.231
1	187.056
1	185.443
1	209.017
1	193.375
1	321.827
1	160.211
1	136.737
1	275.634
1	292.961
1	155.465
1	150.906
1	177.309
1	203.048
1	276.082
1	229.58
1	156.888
1	178.566
1	268.156
1	134.437
1	148.892
0	58.3198
1	177.579
1	186.424
1	149.177
1	193.467
1	173.545
1	171.78
1	122.665
1	280.602
1	253.013
1	193.245
1	296.189
1	199.764
1	215.561
1	237.683
1	138.205
1	312.558
1	285.037
1	310.03
1	235.857
1	246.785
1	193.451
1	168.188
1	332.578
1	191.447
1	255.724
1	142.488
1	243.334
1	136.024
1	238.505
1	169.62
1	212.674
1	197.756
1	229.616
1	236.967
1	222.289
1	193.273
1	176.643
1	149.678
1	166.134
1	219.301
1	270.299
1	204.828
1	230.084
1	127.966
1	249.306
1	207.493
1	257.498
1	196.244
1	217.832
1	217.718
1	268.087
1	218.739
1	255.691
1	224.836
1	202.253
1	157.275
1	231.302
1	136.981
1	303.897
1	283.381
1	353.603
1	166.925
1	180.306
1	236.622
1	376.593
1	305.157
1	298.379
1	213.061
1	322.532
1	195.837
1	203.966
1	141.388
1	247.654
1	157.155
1	135.31
1	200.619
1	149.33
1	229.306
1	243.731
1	197.869
1	171.051
1	154.537
1	156.836
1	278.524
0	12.3653
1	184.423
1	135.036
1	312.191
1	160.172
1	234.306
1	205.224
1	156.882
1	212.558
1	193.749
1	262.193
1	204.669
1	158.902
1	181.728
1	141.336
1	230.022
1	257.375
1	157.673
1	188.069
1	182.918
1	166.109
1	225.608
1	150.109
1	177.98
1	182.035
1	207.803
1	263.066
1	181.748
1	159.453
1	175.542
1	195.953
1	160.6
1	233.547
1	171.902
1	213.899
1	205.495
1	133.125
1	216.993
1	316.81
1	224.087
1	267.515
1	176.936
1	223.875
1	181.626
1	194.65
1	156.483
1	160.378
1	171.483
1	181.231
1	144.374
1	205.848
1	150.957
1	201.502
1	119.529
1	158.392
1	258.104
1	151.888
1	166.309
1	176.198
1	274.621
1	224.438
1	192.124
1	171.484
1	166.013
1	163.892
1	255.338
1	146.017
1	166.792
1	230.342
1	178.257
1	221.893
1	225.053
1	187.475
1	231.724
1	204.355
1	283.453
1	160.594
1	156.18
1	166.635
1	232.545
1	207.434
1	167.586
1	276.764
1	170.534
1	272.867
1	202.634
1	161.629
1	224.014
1	138.206
1	230.832
1	170.065
1	190.266
1	323.079
1	244.768
1	222.756
1	218.033
1	245.727
1	199.224
1	196.255
1	195.948
1	165.616
1	197.63
1	230.524
1	216.292
1	145.764
1	173.156
1	205.485
1	246.329
1	180.272
1	154.46
1	310.991
1	158.952
0	112.979
1	263.884
1	183.083
1	154.738
1	179.184
1	137.605
1	129.674
1	180.611
1	193.85
1	195.751
1	229.233
1	177.956
1	167.903
1	200.957
1	185.879
1	152.33
1	142.364
1	175.385
1	347.69
1	168.993
1	205.151
1	250.806
1	259.256
1	159.538
1	221.697
1	176.703
1	199.114
1	215.922
1	175.958
1	298.863
1	208.042
1	181.322
1	142.663
1	242.757
1	261.881
1	309.449
1	167.147
1	251.277
1	187.499
1	207.694
1	191.988
1	305.587
1	364.487
1	188.769
1	230.264
1	246.28
1	146.757
1	277.624
1	196.076
1	182.358
1	195.387
1	163.387
1	173.775
1	213.807
1	175.069
1	210.347
1	187.904
1	229.227
1	169.171
1	240.39
1	256.902
1	205.057
1	377.08
1	210.349
1	220.38
1	193.876
1	190.665
1	218.423
1	258.035
1	279.607
1	168.105
1	205.771
1	287.968
1	150.755
1	149.014
1	276.627
1	133.02
1	180.329
1	214.016
1	115.378
1	169.738
1	317.342
1	151.234
1	140.261
1	160.798
1	216.311
1	162.618
1	251.909
1	199.324
1	187.085
1	247.853
1	191.588
1	128.316
1	174.677
1	174.11
1	164.485
1	215.645
1	207.816
1	149.47
1	232.04
1	230.697
1	219.466
1	209.8
1	274.26
1	139.947
1	260.235
1	231.338
1	154.492
1	129.916
1	218.181
1	145.253
1	164.95
1	134.317
1	222.495
1	184.201
1	212.176
1	280.038
1	167.409
1	177.346
1	240.598
1	271.736
1	177.126
1	163.94
1	167.276
1	246.04
1	266.853
1	229.061
1	248.916
1	186.079
1	124.354
1	296.193
1	174.709
1	156.288
1	206.891
1	176.767
1	186.818
1	246.672
1	150.997
1	150.429
1	263.226
1	175.616
1	211.892
1	163.881
1	194.199
1	201.821
1	206.185
1	185.048
1	258.799
1	241.762
1	133.22
1	191.062
1	221.411
1	199.736
1	286.671
1	173.635
1	192.952
1	192.893
1	163.678
1	274.927
1	194.499
1	143.132
1	326.879
1	210.008
1	168.428
1	225.103
1	213.901
1	214.234
1	165.472
1	245.669
1	237.158
1	257.887
1	169.852
1	151.788
1	232.411
1	170.067
1	171.447
1	146.125
1	252.427
1	266.143
1	262.884
1	134.485
1	210.279
1	154.866
1	202.156
1	264.966
1	162.616
1	202.104
1	205.025
1	184.785
1	297.295
1	223.608
1	237.727
1	146.475
1	158.08
1	141.076
1	227.829
1	194.782
1	170.998
1	135.342
1	136.394
1	139.167
1	200.301
1	187.063
1	402.446
1	158.356
1	253.329
1	248.009
1	227.486
1	208.401
1	177.164
1	197.102
1	107.156
1	169.387
1	151.157
1	229.298
1	182.65
1	188.322
1	283.505
1	121.114
1	250.265
1	363.852
1	293.866
1	234.926
1	160.055
1	294.615
1	150.095
1	184.823
1	185.845
1	242.715
1	177.984
1	255.976
1	117.445
1	303.873
1	188.951
1	256.153
1	170.35
1	190.488
1	186.042
1	205.795
1	215.246
1	168.076
1	240.61
0	6.61473
1	162.005
1	137.554
1	154.019
1	148.888
1	217.115
1	197.589
1	318.862
1	134.978
0	2.20319
1	226.375
1	172.569
1	259.372
1	176.923
1	203.194
1	160.27
1	222.794
1	163.055
1	163.155
1	201.582
1	274.527
1	230.727
1	201.9
1	245.979
1	154.385
1	169.578
1	206.294
1	185.376
0	32.6826
1	188.953
1	256.917
1	180.009
1	165.134
1	187.38
1	196.242
1	173.959
1	199.782
1	236.02
1	197.098
1	262.21
1	211.965
1	239.445
1	158.727
1	254.231
1	183.393
1	190.354
1	244.469
1	208.039
1	171.219
1	179.69
1	171.967
1	266.499
1	304.047
1	195.303
1	182.177
1	176.013
1	190.991
1	174.368
1	161.409
1	171.999
1	172.245
1	166.037
1	172.261
1	149.057
1	173.986
1	166.67
1	196.737
1	216.721
1	194.531
1	192.708
1	288.697
1	185.175
1	130.858
1	140.399
1	201.245
1	170.995
1	190.495
1	164.657
1	265.882
1	150.733
1	231.371
1	239.245
1	163.04
1	234.913
1	287.347
1	243.569
1	199.931
1	272.316
1	154.615
1	158.844
1	262.78
1	168.669
1	340.284
1	178.743
1	289.08
1	208.938
1	216.305
1	198.161
1	175.886
1	208.152
1	182.248
1	247.242
1	246.091
1	188.918
1	154.496
1	169.787
1	240.188
1	159.466
1	206.911
1	161.882
1	176.88
1	124.43
1	170.081
1	303.808
1	165.157
1	177.995
1	220.561
1	161.749
1	165.961
1	136.056
1	221.438
1	165.855
1	251.892
0	34.1424
1	211.118
1	260.715
1	166.724
1	281.5
1	248.329
1	336.517
1	267.578
1	192.293
1	166.697
1	223.702
1	181.046
1	176.423
1	231.513
1	248.806
1	178.466
1	302.635
1	209.628
1	263.908
1	246.999
1	169
1	189.087
1	245.054
1	182.318
1	262.495
1	214.295
1	233.101
1	178.53
1	175.652
1	251.376
1	235.272
1	188.881
1	210.002
1	189.277
1	317.658
1	416.155
1	235.432
1	207.954
1	179.305
1	164.154
1	228.333
1	218.821
1	172.983
1	199.039
1	155.227
1	176.48
1	126.759
1	198.788
1	169.762
1	166.467
1	211.545
1	284.878
1	198.296
1	153.694
1	209.183
1	223.999
1	280.389
1	178.494
1	191.786
1	186.537
1	162.192
1	163.492
1	240.85
1	174.901
1	158.399
1	173.777
1	170.007
1	302.98
1	137.272
1	143.427
1	160.586
1	182.884
1	176.693
1	201.34
1	180.325
1	175.579
1	165.586
1	149.463
1	153.231
1	230.801
1	330.447
1	197.353
1	154.917
1	176.682
1	251.539
1	190.068
1	186.082
1	247.706
1	272.716
1	296.389
1	156.689
1	175.698
1	191.668
1	226.033
1	182.368
1	212.544
1	199.392
1	227.121
1	299.726
1	193.432
1	227.905
1	162.862
1	155.248
1	188.449
1	226.824
1	246.697
1	285.265
1	168.076
1	206.357
1	121.271
1	445.698
1	293.699
1	142.627
1	170.819
1	180.43
1	117.019
1	207.946
1	184.16
1	206.338
1	176.636
1	195.624
1	187.391
1	226.328
1	149.961
1	213.487
1	176.134
1	122.538
1	210.734
1	362.591
1	238.003
1	169.046
1	231.946
1	273.715
1	114.945
1	212.436
1	181.184
1	213.889
1	214.154
1	224.173
1	242.419
1	153.249
1	187.863
1	264.596
1	173.159
1	174.747
1	148.516
1	162.539
1	223.357
1	143.485
1	197.218
1	256.85
1	277.941
1	305.924
1	227.118
1	211.446
1	202.405
1	123.717
1	209.878
1	175.005
1	163.208
0	40.1091
1	164.585
1	200.538
1	196.852
1	221.708
1	187.183
1	233.797
1	237.417
1	196.302
1	229.942
1	177.924
1	209.566
1	198.541
1	169.121
1	231.139
1	203.442
1	166.683
1	286.93
1	243.251
1	151.171
1	280.226
1	196.656
1	318.774
0	2.19106
1	172.723
1	214.395
1	189.133
1	236.876
1	185.237
1	160.236
1	173.844
1	230.48
1	336.966
1	256.315
1	222.305
1	216.042
1	146.447
1	184.914
1	259.416
1	183.691
1	210.809
1	174.362
1	136.263
1	220.139
1	160.683
1	171.323
1	181.34
1	204.029
1	155.038
1	394.083
1	277.417
1	164.332
1	247.091
1	242.497
1	166.048
1	171.848
1	243.098
1	207.404
1	194.222
1	261.492
1	178.147
1	171.334
1	221.484
1	235.559
1	201.012
1	173.716
1	201.098
1	117.152
1	168.242
1	170.643
1	207.679
1	194.216
1	153.204
1	202.321
1	206.886
1	172.814
1	192.015
1	208.747
1	244.388
1	185.585
1	171.297
1	237.994
1	127.574
1	207.129
1	174.432
1	187.55
1	207.795
1	189.184
1	171.415
1	270.74
1	168.878
1	214.834
1	147.586
1	236.809
1	167.601
1	157.913
1	151.802
1	168.944
1	176.118
1	169.679
1	263.443
1	168.319
1	203.155
1	148.517
1	129.725
1	137.161
1	249.732
1	155.905
1	176.596
1	146.391
1	278.04
1	184.141
1	205.367
1	151.194
1	144.587
1	193.575
1	158.815
1	304.012
1	151.813
1	220.37
1	197.964
1	198.046
1	130.228
1	146.489
1	204.588
1	283.066
1	182.606
1	297.51
1	350.971
1	224.385
1	172.581
1	206.006
1	199.801
1	153.514
1	166.85
1	158.164
1	206.761
1	216.19
1	157.033
1	264.758
1	263.924
1	146.632
1	154.493
1	175.057
0	24.4439
1	175.498
1	149.871
1	218.307
1	111.354
1	189.027
1	264.743
1	199.837
1	263.24
1	223.391
1	247.957
1	160.664
1	220.254
1	254.868
1	257.904
1	158.304
1	214.594
1	161.405
1	182.451
1	264.188
1	191.934
1	185.055
1	236.056
1	160.424
1	127.781
1	238.82
1	205.93
1	224.532
1	182.59
1	187.05
1	159.553
1	166.416
1	175.059
1	151.606
1	202.183
1	174.893
1	234.586
1	264.78
1	314.94
1	196.245
1	254.738
1	305.161
1	314.387
1	184.326
1	220.008
1	306.306
1	190.094
1	195.608
1	172.62
1	187.197
1	202.309
1	164.716
1	204.113
1	187.899
1	202.453
1	202.054
1	209.796
1	154.26
1	177.684
1	206.355
1	131.808
1	220.551
1	183.975
1	163.098
1	195.475
1	194.264
1	146.927
1	267.678
1	230.305
1	127.935
1	201.861
1	213.219
1	155.165
1	164.967
1	187.145
1	194.809
1	204.768
1	161.4
1	153.143
1	181.129
1	260.598
1	163.122
1	244.237
1	313.932
1	164.321
1	216.32
1	286.33
1	273.036
1	171.92
1	260.214
1	192.979
1	290.5
1	158.146
1	124.525
1	193.71
1	198.31
1	229.866
1	237.526
1	181.611
1	212.121
1	289.711
1	268.98
1	182.155
1	262.135
1	185.756
1	138.265
1	176.468
1	212.223
1	196.514
1	211.345
1	280.493
1	167.807
1	149.54
1	119.287
1	237.664
1	194.305
1	249.004
1	163.594
1	163.432
1	154.289
1	221.275
1	157.617
1	194.997
1	145.801
1	297.225
1	294.36
1	187.596
1	198.249
1	148.918
1	239.586
1	126.9
1	179.908
1	173.328
1	177.377
1	155.785
1	194.113
1	169.488
1	188.182
1	146.497
1	317.852
1	200.297
1	190.528
1	205.864
1	277.124
1	176.925
1	108.203
1	193.091
1	176.178
1	165.738
1	173.026
1	175.326
1	238.518
1	214.247
1	188.469
1	293.112
1	235.481
1	153.779
1	151.053
1	318.625
1	198.47
1	220.801
1	261.236
1	182.879
1	212.068
1	124.317
1	149.08
1	238.038
1	194.558
1	190.674
1	273.888
1	198.186
1	127.645
1	159.533
1	197.779
1	119.755
1	192.054
1	186.669
1	220.179
1	152.213
1	158.9
1	124.316
1	245.095
1	198.695
1	181.301
1	218.896
1	208.172
1	228.141
1	140.48
1	177.071
1	221.085
1	227.793
1	187.661
1	185.891
1	168.133
1	137.682
1	123.403
1	177.084
1	130.519
1	246.915
1	113.439
1	332.287
1	189.696
1	226.676
1	155.548
1	210.494
1	264.051
1	204.862
1	214.278
1	143.287
1	199.299
1	155.24
1	274.965
1	153.233
1	273.245
1	232.121
1	258.456
1	150.854
1	239.697
1	238.33
1	157.822
1	161.427
1	193.957
1	160.841
1	264.107
1	148.686
1	158.644
1	172.283
1	266.617
1	196.464
1	159.831
1	219.725
1	187.593
1	211.369
1	201.947
1	240.03
1	248.717
1	185.979
1	263.587
1	158.819
1	268.692
1	211.08
1	169.101
1	209.608
1	226.31
1	236.136
1	158.959
1	136.665
1	155.808
1	186.594
1	189.093
1	224.085
1	194.306
1	247.51
1	153.255
1	203.197
1	217.956
1	173.29
1	187.383
1	308.097
1	142.409
1	151.11
1	147.772
1	315.303
1	216.406
1	188.216
1	221.426
1	373.138
1	179.609
1	145.66
1	286.231
1	213.891
1	195.19
1	198.125
1	171.827
1	192.176
1	255.524
1	216.008
1	284.249
1	180.251
1	208.422
1	157.846
0	32.1726
1	146.877
1	223.947
1	214.777
1	182.071
1	238.217
1	179.734
1	140.177
1	158.509
1	292.816
1	164.269
0	2.62509
1	154.473
1	212.207
1	178.183
1	182.018
1	196.698
1	165.839
1	248.812
1	211.448
1	168.77
1	225.699
1	138.943
1	207.745
1	265.891
1	232.077
1	200.677
1	291.639
1	197.367
1	315.908
1	222.782
1	195.36
1	253.919
1	158.204
1	177.334
1	149.048
