10000	10	9900	0.00208333
0.025641	25.3846	45461.5	0.459207
1	185.635
1	147.787
1	173.598
1	171.454
1	215.007
1	184.233
1	220
1	219.812
1	195.12
1	216.508
1	171.327
1	171.263
1	124.697
1	157.141
1	128.28
1	245.673
1	224.192
1	127.851
1	159.316
1	238.412
1	154.705
1	215.583
1	204.969
1	283.017
1	247.411
1	218.514
1	121.874
1	197.195
1	209.233
1	228.556
1	162.665
1	206.065
1	235.441
1	273.429
1	231.545
1	175.859
1	150.52
1	131.197
1	251.307
1	151.363
1	166.747
1	220.11
1	193.156
1	191.551
1	158.442
1	170.108
1	176.488
1	218.23
1	216.728
1	150.677
1	183.242
1	161.373
1	200.395
1	197.074
1	230.249
1	191.145
1	167.719
1	186.456
1	172.467
1	265.943
1	204.785
1	239.861
1	161.441
1	214.691
1	215.732
1	176.701
1	184.037
1	283.731
1	134.157
1	264.565
1	200.777
1	198.043
1	326.634
1	271.993
1	274.339
1	255.873
1	219.874
1	176.459
1	147.872
1	179.822
1	183.844
1	192.64
1	162.865
1	152.225
1	224.981
1	166.635
1	282.908
1	207.235
1	192.693
1	184.128
1	231.115
1	120.625
1	193.88
1	225.735
1	157.87
1	160.533
1	226.688
1	198.852
1	189.535
1	162.887
1	189.802
1	157.801
1	184.755
1	215.685
1	263.322
1	346.793
1	129.683
1	185.825
1	315.445
1	291.355
1	139.901
1	196.621
1	157.693
1	350.902
1	183.361
1	327.122
1	253.284
1	215.073
1	214.895
1	224.049
1	183.187
1	242.087
1	199.002
1	184.639
1	137.792
1	228.675
1	174.741
1	212.191
1	204.422
1	167.03
1	214.054
1	176.92
1	192.084
1	223.468
1	321.727
1	161.632
1	196.597
1	177.951
1	230.621
1	353.818
1	293.825
1	206.915
1	210.942
1	205.776
1	226.107
1	147.493
1	172.472
1	296.034
1	139.901
1	281.599
1	205.951
1	163.19
0	7.51334
1	188.91
1	180.651
1	171.807
1	260.905
1	221.655
1	213.183
1	213.303
1	218.527
1	180.545
1	131.414
1	300.89
1	189.347
1	204.492
1	200.916
1	267.891
1	171.448
1	330.209
1	237.417
0	53.3269
0	31.2119
1	262.526
1	378.072
0	17.3662
1	120.167
1	248.403
1	211.209
1	294.362
1	137.012
1	218.146
1	190.624
1	235.615
1	199.94
1	184.325
1	204.21
1	185.624
1	235.975
1	224.648
1	137.414
1	194.567
1	170.78
1	209.347
1	281.028
1	195.56
1	171.552
1	164.478
1	199.998
1	300.848
1	232.351
1	469.553
1	267.885
1	182.035
1	251.399
1	160.015
1	183.739
1	190.777
1	247.478
1	197.168
1	160.71
1	183.482
1	148.557
1	224.697
1	188.049
1	216.83
1	218.138
1	121.046
1	182.094
1	234.899
1	205.503
1	165.671
1	197.183
1	226.556
1	171.942
1	216.261
1	169.489
1	247.027
1	232.858
1	196.554
1	183.535
1	159.602
1	140.031
1	163.387
1	241.069
1	199.477
1	172.132
1	166.322
1	290.999
1	135.134
1	209.237
1	283.945
1	209.409
1	207.174
1	176.99
1	218.701
1	159.317
1	219.608
1	185.849
1	353.374
1	186.58
1	199.132
1	169.077
1	261.299
1	302.085
1	162.036
1	153.483
1	203.35
1	158.758
1	221.268
1	232.479
1	197.936
1	155.451
1	192.882
1	202.874
1	205.378
1	133.363
1	248.284
1	232.651
1	174.138
1	208.842
1	183.076
1	189.039
1	165.977
1	420.184
1	204.294
1	236.318
1	308.954
0	0.642859
1	170.496
1	175.867
1	171.266
1	159.236
1	161.562
1	310.149
1	274.835
1	210.119
1	216.814
1	208.831
1	185.107
1	213.867
1	257.962
1	208.212
1	127.486
1	159.334
1	182.165
1	181.599
1	185.45
1	167.712
1	233.429
1	231.793
1	209.226
1	187.728
0	114.034
1	257.829
1	196.802
1	222.265
1	209.422
1	167.909
1	298.051
1	224.457
1	242.436
1	185.977
1	279.803
1	255.485
1	223.689
1	189.171
1	207.675
1	130.578
1	138.535
1	174.804
1	239.57
1	190.721
1	207.3
1	173.419
1	167.23
1	220.432
1	170.948
1	194.708
1	244.06
1	180.113
1	192.709
1	161.945
1	296.455
1	136.655
0	63.7502
1	159.549
1	252.375
1	281.848
1	157.401
1	161.088
1	144.913
1	133.208
1	150.028
1	285.579
1	230.469
1	207.213
1	220.826
1	175.602
1	284.859
1	222.262
1	162.183
1	168.062
1	214.453
1	164.954
1	226.114
1	164.355
1	186.337
1	221.166
1	148.002
1	172.237
1	222.234
1	166.946
1	252.758
1	264.487
1	152.961
1	245.821
1	213.401
1	249.352
1	170.249
1	155.845
1	191.761
1	127.854
1	302.406
1	131.468
1	221.916
1	333.854
1	133.852
1	168.979
1	225.913
1	154.573
1	298.847
0	5.59642
1	274.878
1	184.235
1	159.851
1	132.645
1	153.476
1	347.223
1	289.098
1	239.142
1	302.303
1	171.483
1	191.595
1	152.249
1	216.368
1	208.069
1	293.243
1	189.938
1	157.906
1	165.583
1	197.486
1	219.318
1	249.986
1	154.452
1	213.591
1	261.807
1	167.116
1	139.299
1	213.296
1	223.434
1	182.863
1	147.525
1	197.43
1	227.636
1	277.018
1	168.355
1	117.68
1	212.34
1	201.849
1	160.471
1	301.833
1	161.365
1	268.843
1	196.123
1	182.344
1	165.228
1	168.941
1	352.095
1	222.177
1	245.781
1	218.373
1	202.691
1	143.851
1	272.61
1	189.225
1	209.404
1	243.77
1	156.98
1	216.76
1	177.586
1	249.691
1	240.683
1	183.799
1	176.276
1	154.81
1	201.565
1	206.52
1	176.945
1	148.818
1	174.985
1	239.023
1	168.17
1	172.801
1	184.084
1	402.918
1	159.22
1	157.27
1	163.46
1	288.389
1	176.426
1	199.369
1	189.265
1	153.755
1	209.269
1	149.097
1	142.908
1	225.8
1	161.769
1	169.295
1	250.82
1	113.282
1	339.073
1	197.68
1	196.495
1	254.006
1	170.343
1	206.568
1	170.928
1	304.259
1	207.353
1	330.994
1	159.927
1	222.366
1	200.477
0	28.0698
1	221.282
1	154.115
1	170.284
1	157.301
1	110.971
1	179.554
1	243.109
1	276.851
1	144.789
1	189.221
1	278.37
1	147.179
1	225.621
1	331.481
1	154.015
1	252.784
1	195.457
1	194.097
1	207.698
1	108.267
1	313.146
1	237.65
1	167.241
1	175.873
1	266.533
1	263.747
1	254.489
1	278.77
1	245.446
1	115.983
1	228.03
1	233.226
1	223.501
1	179.371
1	183.16
1	194.963
1	241.349
1	304.902
1	180.779
1	175.806
1	203.422
1	189.371
1	150.516
1	217.079
0	41
1	201.317
1	197.234
1	215.363
1	167.116
1	202.436
1	197.398
1	243.594
1	322.364
1	193.371
1	204.143
1	213.432
1	133.086
1	154.694
1	241.752
1	214.383
1	183.415
1	207.985
1	215.982
1	192.482
1	217.281
1	231.234
1	234.514
1	194.057
1	165.13
1	282.72
1	198.705
1	152.426
1	322.751
1	153.044
1	206.396
1	297.5
1	230.655
1	169.127
1	184.438
1	217.182
1	176.845
1	204.594
1	216.821
1	230.437
1	196.17
1	289.281
1	142.242
1	215.928
1	154.727
1	173.645
1	210.581
1	196.093
1	207.587
1	231.725
1	158.598
1	265.345
1	282.868
1	163.07
1	153.033
1	129.625
1	154.639
1	198.673
1	185.913
1	174.1
1	194.327
1	149.518
1	244.474
1	246.672
1	205.277
1	188.173
1	179.996
1	157.615
1	198.513
1	224.253
1	161.016
1	164.644
1	192.002
1	198.015
1	148.15
1	173.477
1	192.009
1	139.512
1	214.788
1	200.269
1	174.807
1	218.797
1	153.788
1	205.131
1	153.298
0	1.65478
1	191.393
1	147.9
1	257.979
1	233.877
1	163.767
1	172.783
1	147.646
1	139.318
1	167.71
1	248.614
1	141.976
1	150.496
1	296.32
1	149.612
1	186.233
1	273.751
1	124.629
1	186.146
1	171.588
1	226.201
1	242.283
1	174.474
1	302.2
1	169.379
1	155.954
1	209.69
1	261.01
1	158.484
1	167.458
1	193.837
1	293.032
1	290.094
1	184.186
1	186.643
1	266.052
1	219.603
1	213.324
1	176.677
1	123.523
1	202.002
1	139.218
1	251.443
1	184.274
1	198.66
1	206.272
1	161.811
1	180.788
1	191.889
1	197.11
1	167.228
1	223.135
1	172.439
1	185.43
1	177.06
1	131.681
1	216.981
1	246.547
1	160.806
1	190.45
1	184.556
1	199.577
1	335.736
1	195.682
1	250.926
1	167.346
1	184.845
1	293.414
1	217.143
1	199.681
1	164.908
1	203.908
1	215.132
0	31.0183
1	197.468
1	191.438
1	170.258
1	193.098
1	144.862
1	188.94
1	223.987
1	166.291
1	222.713
1	165.384
1	143.052
1	300.216
1	230.343
1	163.155
1	147.461
1	231.484
1	281.216
1	206.284
1	146.044
1	188.652
1	157.878
1	150.846
1	279.81
1	153.436
1	174.993
1	132.177
1	191.347
1	176.848
1	192.223
1	209.962
1	197.435
1	191.003
1	166.535
1	200.838
1	185.597
1	241.486
1	224.998
1	136.551
1	272.224
1	215.825
1	294.218
1	181.724
1	262.577
1	236.333
1	264.292
1	164.025
1	232.965
1	201.24
1	234.662
1	148.369
1	214.447
1	160.04
1	301.118
1	166.717
1	168.88
1	184.18
1	192.336
1	210.299
1	219.594
1	190.407
1	242.162
1	179.116
1	188.782
1	191.906
1	273.979
1	189.382
1	156.611
1	348.83
1	195.78
1	243.082
1	169.416
1	263.528
1	200.806
1	200.332
1	216.439
1	201.474
1	181.12
1	145.915
1	160.858
1	181.854
1	254.013
1	216.497
1	183.111
1	191.919
1	339.937
1	210.83
1	240.819
1	206.368
1	216.455
1	206.817
1	149.734
1	107.124
1	136.771
1	144.264
1	235.266
1	165.438
1	245.295
1	179.727
1	281.131
1	160.074
1	189.881
1	136.838
1	210.537
1	324.532
1	203.154
1	204.068
1	163.182
1	174.367
1	175.66
1	216.829
1	205.053
1	199.784
1	198.96
1	245.851
1	133.266
1	191.847
1	260.672
1	153.75
1	213.005
1	170.602
1	245.497
1	192.963
1	229.285
1	292.119
1	229.017
1	166.627
1	173.377
1	144.841
1	141.073
1	205.257
1	227.643
1	185.609
1	194.385
1	167.209
1	162.046
1	179.967
1	224.819
1	211.255
1	152.793
1	180.962
1	186.026
1	135.186
1	265.357
1	255.002
1	227.865
1	186.396
1	231.185
1	219.65
1	131.641
1	178.895
1	169.27
1	166.25
1	181.901
1	164.203
1	214.774
1	177.672
1	397.916
1	155.48
1	154.177
1	158.394
1	170.941
1	196.688
1	294.277
1	247.575
1	353.8
1	123.111
1	194.559
1	157.232
1	304.517
1	220.813
1	269.471
1	133.457
1	190.206
1	127.897
1	304.898
1	265.242
1	182.935
1	146.108
1	169.687
1	175.088
1	210.387
1	197.752
1	159.725
1	170.077
1	189.302
1	187.935
1	125.878
1	180.968
1	253.656
1	170.441
1	163.563
1	401.441
1	139.9
1	261.453
1	110.711
1	302.031
1	140.712
1	202.823
1	212.475
1	107.017
1	242.752
1	238.312
1	139.34
1	243.652
1	138.528
1	343.619
1	305.473
1	157.451
1	187.877
1	213.142
1	186.16
1	202.886
1	146.871
1	207.804
1	221.498
1	275.65
1	183.2
1	125.304
1	173.207
1	248.762
1	168.247
1	139.078
1	169.431
1	157.719
1	277.707
1	199.413
1	150.7
1	196.443
0	8.88318
1	169.734
1	249.044
1	143.854
1	163.948
1	232.943
1	193.393
1	204.823
1	253.236
1	210.347
1	236.907
1	220.453
1	128.969
1	233.121
1	185.973
1	151.567
0	15.6856
1	205.915
1	308.09
1	228.875
1	176.639
1	187.99
1	225.563
1	195.533
1	201.419
1	243.347
1	211.606
1	245.894
1	179.882
1	182.34
1	181.357
1	246.143
1	192.152
1	219.947
1	149.694
1	216.874
1	205.668
1	193.906
1	217.561
1	165.254
1	186.953
1	289.715
1	278.803
1	181.729
1	180.846
1	152.759
1	350.517
1	220.965
1	208.369
1	172.98
1	200.251
1	118.595
1	221.856
1	160.117
1	268.914
1	398.349
1	139.345
1	163.484
1	229.032
1	151.606
1	245.936
1	159.09
1	258.563
1	241.526
1	164.515
1	174.066
1	164.575
1	184.354
1	198.474
1	135.361
1	152.966
1	138.877
1	181.65
1	134.665
1	192.622
1	153.533
1	154.605
1	146.934
1	184.418
1	234.347
1	183.252
1	185.948
1	226.113
1	154.135
1	179.332
1	244.379
1	252.339
1	233.933
1	218.768
1	166.686
1	250.325
1	216.981
1	262.711
1	178.628
1	211.148
1	218.166
1	179.867
1	197.446
1	220.817
1	156.682
1	252.332
1	197.392
1	234.187
1	273.527
0	1.0923e-06
1	175.345
1	291.196
1	209.647
1	235.45
1	161.61
1	212.043
1	168.308
1	372.11
1	220.436
1	172.1
1	153.009
1	169.043
1	226.965
1	212.719
1	197.567
1	213.34
1	261.094
1	173.018
1	163.494
1	267.633
1	212.528
1	179.622
1	170.94
1	313.178
1	233.573
1	161.093
1	250.837
1	120.631
1	195.208
1	156.029
1	257.888
1	213.303
1	162.122
1	178.501
1	203.206
1	229.108
1	159.728
1	249.384
1	172.51
1	175.98
1	274.294
1	178.537
1	222.216
1	326.238
1	176.532
1	219.5
1	199.653
1	146.167
1	270.002
1	245.284
1	222.733
1	256.97
1	263.775
1	162.501
1	230.567
1	273.442
1	295.996
1	173.673
1	157.907
1	172.166
1	240.725
1	194.323
1	239.574
1	167.061
1	229.884
1	193.664
1	146.811
1	206.638
1	214.128
1	195.151
1	167.426
1	174.336
1	165.454
1	253.132
1	146.512
1	108.265
1	222.618
1	167.46
1	173.147
1	243.403
1	209.768
1	156.526
1	202.822
1	190.202
1	129.872
1	233.585
1	249.216
1	153.33
1	160.213
1	266.399
1	197.402
1	233.779
1	314.061
1	167.863
1	195.814
1	193.58
1	218.069
1	117.828
1	271.646
1	144.534
1	211.646
1	292.895
1	142.717
1	162.21
1	132.348
1	215.965
1	194.555
1	278.312
1	218.423
1	314.864
1	213.508
1	159.619
1	190.049
1	209.061
1	213.673
1	310.216
1	170.149
1	255.047
1	255.483
1	205.707
1	163.765
1	320.939
1	201.643
1	131.694
1	196.514
1	184.01
1	125.63
1	225.343
1	169.778
1	384.655
1	340.678
1	175.535
1	211.342
1	266.246
1	258.628
1	214.283
1	259.023
1	236.4
1	182.675
1	186.85
1	166.906
1	170.857
1	223.81
1	158.139
1	137.258
1	225.4
1	179.191
1	240.762
1	137.371
1	168.165
1	199.482
1	176.972
1	160.856
1	193.699
1	259.899
1	193.223
1	205.301
1	154.418
1	382.019
1	219.564
1	197.618
1	193.288
1	162.024
1	209.251
1	308.139
1	186.349
1	210.463
1	212.212
1	194.791
1	211.741
1	234.966
1	166.535
1	168.104
1	250.738
1	252.965
1	139.964
1	279.855
1	217.033
1	247.914
1	202.343
1	256.76
1	217.893
1	224.93
1	155.168
1	188.265
1	256.284
1	206.492
1	217.551
1	184.757
1	261.377
1	177.208
1	212.088
1	199.537
1	194.779
1	156.787
1	130.974
1	186.818
1	219.426
1	192.731
1	234.56
1	138.652
1	189.432
1	151.963
1	170.222
1	141.582
1	168.305
1	227.126
1	279.818
1	216.756
1	205.995
1	114.328
1	200.872
1	152.448
1	212.553
1	167.706
1	163.132
1	164.768
1	161.656
1	157.836
1	297.088
1	228.037
1	234.515
1	208.306
1	159.941
1	209.766
1	133.097
1	226.082
1	178.89
1	148.452
1	193.474
1	203.004
1	339.068
1	168.362
1	157.973
1	198.312
1	177.565
1	106.184
1	177.083
1	140.854
1	182.519
1	208.384
1	141.252
1	172.985
1	330.479
1	145.254
1	250.693
1	153.852
1	216.384
1	167.581
1	264.786
1	194.27
1	213.548
1	178.088
1	188.008
1	253.589
1	244.321
1	202.554
1	191.038
1	196.417
1	183.972
1	196.264
1	192.879
0	5.98206
1	300.919
1	182.795
1	130.693
1	273.08
1	179.772
1	169.118
1	161.359
1	257.868
1	206.284
1	174.546
1	232.339
1	113.698
1	173.723
1	219.203
1	161.294
1	211.923
1	210.272
1	193.777
1	250.306
1	204.923
1	188.401
1	165.244
1	270.828
1	181.444
1	127.981
1	106.953
1	238.512
1	364.246
1	113.111
1	209.57
1	278.914
1	191.362
1	198.91
1	255.241
1	219.926
1	159.126
1	300.956
1	164.988
1	349.364
1	218.476
1	161.773
1	257.836
1	166.487
1	188.922
1	202.482
1	252.891
1	194.607
1	217.723
1	267.48
1	188.29
1	133.154
1	167.896
1	165.167
1	182.261
1	155.52
1	161.906
1	168.496
1	232.191
1	253.058
1	167.043
1	192.405
1	219.798
1	153.216
1	202.756
1	186.393
1	210.336
1	298.122
1	173.419
1	182.794
1	246.462
1	220.451
1	269.855
1	210.732
1	205.205
1	179.398
1	149.222
1	193.667
0	0.527403
1	329.881
1	161.416
1	197.956
1	207.377
1	212.328
1	217.789
1	227.627
1	148.847
1	210.357
1	157.239
1	174.851
1	196.015
1	242.574
1	180.888
1	224.993
1	200.165
1	137.529
1	243.408
1	166.564
1	269.069
1	132.266
1	280.981
1	273.725
1	142.135
1	192.274
1	201.267
1	230.072
1	252.53
1	161.888
1	238.941
1	192.885
1	233.258
1	215.626
1	132.374
1	198.958
1	192.54
1	182.205
1	276.972
1	203.017
1	216.467
1	198.482
1	272.348
1	229.096
1	148.735
1	201.13
1	288.115
1	222.746
1	232.81
1	118.552
1	351.441
0	10.9816
1	164.616
1	229.044
1	154.222
1	140.295
1	260.465
1	173.223
1	178.885
1	174.054
1	235.496
1	338.441
1	151.525
1	237.614
1	225.238
1	218.875
1	296.755
1	147.673
1	173.234
1	188.559
1	168.197
1	133.124
1	280.889
1	152.862
1	206.787
1	191.932
1	170.733
1	129.572
1	154.787
1	151.409
1	302.37
1	250.567
1	178.853
1	152.392
1	183.308
1	203.164
1	154.569
1	394.857
1	173.97
1	161.58
1	173.392
1	240.866
1	185.506
1	184.59
1	146.894
1	189.418
1	208.565
1	111.158
1	154.852
1	168.012
1	334.096
1	157.978
1	141.19
1	236.665
1	141.725
1	136.69
1	189.823
1	217.145
1	271.633
1	199.328
1	248.396
1	202.108
1	254.963
1	142.999
1	285.888
1	147.089
1	273.591
1	259.135
1	336.522
1	192.839
1	153.303
1	190.625
1	263.777
1	244.201
1	189.052
1	143.547
1	139.639
1	352.849
1	290.919
1	260.673
1	213.133
1	143.206
1	129.436
1	136.074
1	157.247
1	141.264
1	161.305
1	191.423
1	185.157
1	162.738
1	221.666
1	201.776
1	283.02
1	184.652
1	178.37
1	163.597
1	193.099
1	302.254
1	323.266
1	203.7
1	299.136
1	274.762
1	277.744
1	150.135
1	358.919
1	191.144
1	195.101
1	227.962
0	109.886
1	251.878
1	216.782
1	166.638
1	142.139
1	175.075
1	219.879
1	172.194
1	215.804
1	218.81
1	281.586
1	149.68
1	184.836
0	16.0895
1	248.43
1	203.355
1	264.866
1	293.474
1	228.896
1	212.31
1	206.228
1	169.131
1	256.947
1	315.472
1	218.748
1	166.867
1	170.505
1	198.983
1	157.065
1	178.836
1	164.603
1	158.88
1	185.196
1	159.037
1	265.014
1	187.204
1	204.16
1	183.978
1	204.178
1	342.78
1	264.017
1	183.411
1	237.201
1	183.824
1	335.828
1	130.426
1	230.641
1	262.327
1	142.03
1	201.348
1	268.216
1	170.087
1	170.999
1	142.149
1	150.167
1	190.196
1	187.681
1	165.904
1	283.17
1	160.801
1	223.801
1	211.297
1	216.212
1	187.708
1	219.405
1	169.274
1	231.873
1	142.755
1	166.213
1	272.593
1	186.359
1	286.362
1	151.956
1	251.368
1	286.856
1	162.41
1	151.059
1	156.014
1	123.632
1	287.024
1	156.081
1	211.853
1	178.089
1	210.559
1	136.838
1	135.996
1	148.933
1	175.947
1	237.701
1	165.132
1	211.22
1	217.094
1	272.664
1	150.024
1	263.703
1	174.443
1	221.306
1	202.579
1	233.741
1	244.053
1	204.146
1	163.601
1	187.076
0	57.4285
1	204.6
0	35.1273
1	166.501
1	220.722
1	280.883
1	165.185
1	270.993
1	171.296
1	138.814
1	174.082
1	231.722
1	250.249
1	244.956
1	194.966
1	186.012
1	204.927
1	180.811
1	185.693
1	242.183
1	287.297
1	281.9
1	189.476
1	204.027
1	206.13
1	166.341
1	211.884
1	210.408
1	147.03
1	185.356
1	155.82
1	152.522
1	189.473
1	182.138
1	177.105
1	221.257
1	160.712
1	202.5
1	202.57
1	214.297
1	219.507
1	203.041
1	186.979
1	286.324
1	134.451
1	299.597
1	210.273
1	144.154
1	204.419
1	191.902
1	297.261
1	265.34
1	171.23
1	167.639
0	15.6535
1	241.93
1	192.467
1	262.353
1	147.09
1	195.966
1	108.651
1	208.885
1	276.639
1	318.908
1	285.264
1	191.225
1	298.355
1	215.455
1	204.711
1	157.83
1	157.512
1	188.871
1	199.357
1	215.693
1	191.427
1	182.125
1	208.567
1	134.171
1	232.597
1	176.996
1	246.12
1	161.551
1	160.348
1	249.465
1	252.179
1	434.165
1	239.831
1	188.914
1	204.43
1	130.137
1	211.784
1	247.613
1	132.818
1	197.475
1	170.504
1	142.057
1	219.668
1	197.944
1	236.43
1	189.927
1	231.189
1	248.684
1	192.961
1	171.162
1	232.149
1	181.592
1	253.802
1	180.413
1	240.161
1	150.522
1	353.117
1	146.451
1	144.142
1	146.885
1	175.022
1	199.618
1	242.42
1	192.84
1	181.181
1	179.826
1	193.528
1	158.559
1	169.897
1	257.511
1	147.374
1	237.973
1	337.912
1	181.417
1	163.042
1	169.312
1	150.904
1	179.886
1	155.569
1	163.751
1	185.304
1	135.901
1	140.896
1	244.272
1	242.567
1	189.906
1	158.568
1	276.543
1	252.306
1	195.152
1	212.178
1	291.707
1	150.044
1	126.23
1	237.056
1	132.816
1	169.96
1	307.987
1	145.678
1	192.447
1	122.37
1	168.115
1	220.391
1	310.121
1	169.154
1	274.201
1	136.548
1	185.624
1	173.844
1	192.813
1	300.15
1	177.804
1	157.33
1	175.252
1	152.208
1	185.524
1	195.676
1	124.884
1	292.183
1	228.34
1	190.866
1	175.121
1	143.078
1	158.114
1	157.642
1	173.832
1	183.609
1	166.917
1	156.622
1	205.322
1	160.383
1	177.562
1	150.057
1	204.504
1	225.796
1	214.974
1	173.207
1	178.047
1	169.574
1	141.284
1	264.246
1	226.907
1	185.537
1	176.483
1	178.909
1	192.415
1	165.285
1	199.466
1	236.838
1	120.359
1	229.422
1	199.502
1	181.923
1	159.013
1	155.324
1	226.352
1	192.036
1	196.942
1	201.173
1	197.289
1	222.145
0	50.2312
1	182.922
1	217.953
1	110.998
1	156.938
1	107.864
1	192.311
1	164.767
1	203.854
1	143.753
1	169.443
1	176.318
1	185.465
1	232.368
1	147.429
1	208.446
1	208.573
1	202.754
1	164.307
1	226.872
1	329.499
1	207.13
1	189.096
1	147.375
1	192.481
1	169.078
1	202.319
1	300.709
1	269.563
1	189.803
1	268.103
1	167.932
1	233.504
1	215.292
1	218.599
1	224.353
1	174.268
1	201.974
1	164.929
1	152.963
1	191.507
1	176.906
1	266.498
1	175.882
1	261.084
1	214.441
1	188.554
1	199.565
1	177.052
1	155.572
1	317.959
1	134.548
1	155.199
1	139.102
1	209.221
1	210.392
1	238.191
1	134.973
1	261.345
1	209.001
1	169.482
1	196.99
1	169.971
1	161.381
1	235.285
1	184.581
0	8.10354
1	174.121
1	187.758
1	173.099
1	133.76
1	193.068
1	178.756
1	212.045
1	194.981
1	225.747
1	222.589
1	322.475
1	170.31
1	165.216
1	272.777
1	167.121
1	217.949
1	199.091
1	311.924
1	203.719
1	239.905
1	209.904
1	202.038
1	224.095
1	180.295
1	164.839
1	210.469
1	149.572
1	178.729
1	197.105
1	192.281
1	187.567
1	191.701
1	263.997
1	225.115
1	409.512
1	179.688
1	320.593
1	140.861
1	190.122
1	212.657
1	190.506
1	164.324
1	169.214
1	212.434
1	168.628
1	224.441
1	213.205
1	216.364
1	177.988
1	224.658
1	205.128
1	196.479
1	338.994
1	162.053
1	192.042
1	229.899
1	200.049
1	176.786
1	284.211
1	147.923
1	206.166
1	239.507
1	320.093
1	138.547
1	186.615
1	192.075
1	268.981
1	173.592
1	190.891
1	286.833
1	227.076
1	242.687
1	262.65
1	173.457
1	208.658
1	228.021
1	223.461
1	327.997
1	277.631
1	138.877
1	175.228
1	159.533
1	153.451
1	176.535
1	209.034
1	261.365
1	148.867
1	184.857
1	240.031
1	296.069
1	171.655
1	114.593
1	175.17
1	163.838
1	149.062
1	269.129
1	193.526
1	183.354
1	177.849
1	168.759
1	173.616
1	176.426
1	178.611
1	169.994
1	216.255
1	146.397
1	113.187
1	149.162
1	252.431
1	287.306
1	198.531
1	230.127
1	162.598
1	246.543
1	219.959
1	167.24
1	166.557
1	292.589
1	287.138
1	195.184
1	123.529
1	210.65
1	203.586
1	161.134
1	265.961
1	291.415
1	236.892
1	140.439
1	223.404
1	224.979
1	201.781
1	279.316
1	160.664
1	270.295
1	186.465
1	191.855
1	285.219
1	311.044
1	179.305
1	204.783
1	119.529
1	218.95
1	178.497
1	259.916
1	183.281
1	277.036
1	218.798
1	280.53
1	206.002
1	305.293
1	184.38
1	190.438
1	196.335
1	204.73
1	199.439
1	144.397
1	139.09
1	235.082
1	191.304
1	194.313
1	159.86
1	159.59
1	191.362
1	233.266
1	194.435
1	307.433
1	250.165
1	151.729
1	196.016
1	218.561
1	311.146
0	67.747
1	225.496
1	190.827
1	137.283
1	193.409
1	176.28
1	187.338
1	176.247
1	211.271
1	194.527
1	242.219
1	161.68
1	190.886
1	168.049
1	203.272
1	130.436
1	149.747
1	192.812
1	143.621
1	179.972
1	139.596
1	251.656
1	268.877
1	155.612
1	147.891
1	165.666
1	205.413
1	122.698
1	172.968
1	238.618
1	181.762
1	145.944
1	152.784
1	138.002
1	188.815
1	216.143
1	190.377
1	200.378
1	245.007
1	282.599
1	164.399
1	197.783
1	309.934
1	199.692
1	236.566
1	267.17
1	265.733
1	181.504
1	238.392
1	314.361
1	220.235
1	190.112
1	190.203
1	213.728
1	239.493
1	188.457
1	250.369
1	164.367
1	232.753
1	175.912
1	205.04
1	177.396
1	352.937
1	239.409
1	150.002
1	227.375
1	209.06
1	172.151
1	292.246
1	220.801
1	194.128
1	159.268
1	209.982
1	198.287
1	380.451
1	204.126
1	213.029
1	192.825
1	220.022
1	161.631
1	205.402
1	150.376
1	232.175
1	157.49
1	164.589
1	116.522
1	171.161
1	156.674
1	189.751
1	162.21
1	122.617
1	180.489
1	197.179
1	289.357
1	161.379
1	240.872
1	170.86
1	177.925
1	225.27
1	240.552
1	220.565
1	195.419
1	175.801
1	170.871
1	173.976
1	134.266
1	207.552
1	269.795
1	163.233
1	194.456
1	224.389
1	209.769
1	196.408
1	170.006
1	185.964
1	144.217
1	177.563
1	129.675
1	222.078
1	207.994
1	134.16
1	162.652
1	161.086
1	141.249
1	257.863
1	166.022
1	320.276
1	172.838
1	392.504
1	259.956
1	269.897
1	139.999
1	178.695
1	129.988
1	157.509
1	161.471
1	135.225
1	197.031
1	292.384
1	231.39
1	180.144
1	187.999
1	219.354
1	216.514
1	172.211
1	134.366
1	226.254
1	204.628
1	161.257
1	227.727
1	221.971
1	175.291
1	263.575
1	262.87
1	233.349
1	177.727
1	150.637
1	171.759
1	179.458
1	127.849
1	310.495
1	196.897
1	125.386
1	211.969
1	181.694
1	173.882
1	226.797
1	163.631
1	258.259
1	147.477
1	143.77
1	193.089
1	185.61
1	143.454
1	208.126
1	142.101
1	162.117
1	221.886
1	184.423
1	248.808
1	204.201
1	276.967
1	162.487
1	229.153
1	158.814
1	284.824
1	260.358
1	245.844
1	195.072
1	166.81
1	317.125
1	177.277
1	183.868
1	162.413
1	177.661
1	275.566
1	187.57
1	181.202
1	221.556
1	295.466
1	318.875
1	183.603
1	185.451
1	230.736
1	167.419
1	238.198
1	178.729
1	140.48
1	240.072
1	249.789
1	264.436
1	272.085
1	109.899
1	189.352
1	144.645
1	131.257
1	196.45
1	259.74
1	193.683
1	143.008
1	200.561
1	218.511
1	222.005
1	188.968
1	123.231
1	222.439
1	117.555
1	182.993
1	157.004
1	178.422
1	112.609
1	140.023
1	135.473
1	362.698
1	179.077
1	126.461
1	153.633
1	228.182
1	221.815
1	153.454
1	193.617
1	197.97
1	153.68
1	179.658
1	225.604
1	211.943
1	154.297
1	169.65
1	161.418
1	192.184
1	326.668
1	167.301
1	222.051
1	281.845
1	232.006
1	168.335
1	205.032
1	203.029
1	175.073
1	207.548
1	170.192
1	204.183
1	203.11
1	140.837
1	261.622
1	271.58
1	202.608
1	272.105
1	213.109
1	172.679
1	241.721
1	292.77
1	231.321
1	167.278
1	181.236
1	152.805
1	182.108
1	189.158
1	222.67
1	203.359
1	183.992
1	190.806
1	124.744
1	234.816
1	137.608
0	0.473355
1	219.094
1	279.58
1	121.917
1	159.843
1	131.961
1	147.072
1	218.004
1	209.585
1	200.342
1	232.315
1	203.071
1	186.376
1	297.713
1	274.995
1	156.46
1	183.815
1	416.166
1	173.028
1	161.294
1	191.011
1	259.873
1	161.695
1	262.009
1	174.468
1	126.453
1	198.625
1	128.78
1	192.889
1	176.426
1	191.507
1	135.086
1	199.068
1	318.393
1	224.297
1	213.367
1	173.213
1	131.53
1	222.793
1	235.714
1	134.223
1	216.556
1	179.321
1	153.636
1	225.98
1	207.789
1	219.645
1	210.761
1	276.446
1	156.785
1	267.707
1	224.665
1	171.791
1	166.759
1	291.334
1	232.772
1	243.341
1	187.96
1	205.181
1	212.918
1	182.086
1	184.348
1	204.837
1	276.353
1	336.32
1	147.374
1	188.592
1	211.879
1	240.204
1	306.408
1	195.946
1	171.39
1	192.549
1	264.589
1	234.97
1	220.624
1	162.446
1	250.982
1	152.976
1	191.259
1	211.652
1	181.785
1	269.816
1	174.515
1	184.349
1	201.981
1	209.408
1	243.172
1	151.248
1	182.344
1	339.19
1	309.715
1	151.567
1	243.987
1	236.043
1	283.519
1	174.821
1	198.523
1	249.29
1	190.822
1	137.715
1	137.188
1	267.842
1	129.77
1	166.355
1	188.615
1	249.703
1	164.211
1	191.465
1	258.747
1	293.043
1	322.388
1	143.169
1	201.832
1	368.787
1	191.7
1	213.994
1	139.34
1	167.452
1	200.865
1	185.312
1	152.979
1	235.127
1	203.177
1	185.402
1	176.07
1	149.443
1	189.169
1	324.111
1	170.965
1	206.808
1	188.06
1	186.069
1	142.497
1	158.633
1	167.221
1	230.042
1	157.244
1	189.747
1	251.116
1	200.588
1	203.209
1	161.533
1	181.22
1	189.617
1	150.826
1	148.228
1	139.582
1	138.139
1	210.556
1	142.417
1	155.799
1	222.069
1	147.996
1	171.306
1	181.608
1	203.009
1	522.583
1	219.276
1	273.102
1	165.625
1	223.562
1	227.729
0	7.95557
1	149.467
1	134.209
1	347.053
1	166.874
1	130.546
1	205.044
1	144.413
1	131.073
1	133.871
1	177.939
1	214.517
1	203.543
1	205.492
1	228.342
1	263.988
1	144.943
1	231.146
1	187.634
1	167.51
0	12.111
1	162.996
1	293.664
1	232.649
1	164.859
1	211.949
1	202.898
1	135.115
1	207.321
1	195.232
1	173.373
1	219.993
1	172.619
1	185.662
1	121.091
1	168.115
1	254.193
1	153.291
1	175.549
1	140.611
1	201.118
1	181.101
1	217.959
1	143.963
1	222.926
1	216.46
1	139.961
1	164.673
1	172.975
1	196.434
1	204.103
1	282.728
1	226.233
1	160.648
1	157.576
1	212.073
1	145.253
1	183.093
1	163.902
1	228.813
1	241.265
1	224.455
1	237.898
1	153.543
1	219.766
1	207.948
1	297.047
1	162.979
1	261.486
1	206.772
1	175.238
1	184.374
1	205.992
1	194.531
1	188.767
1	200.211
1	245.83
1	200.775
1	255.556
1	231.727
1	147.995
1	187.653
1	305.115
1	168.945
1	256.352
1	261.26
1	323.136
1	103.902
1	173.049
1	254.93
1	238.634
1	245.925
1	258.015
1	292.998
1	227.798
1	134.305
1	254.739
1	197.566
1	250.711
1	198.312
1	201.889
1	179.106
1	322.103
1	193.706
1	219.903
1	193.965
1	172.951
1	193.641
1	204.294
1	275.119
1	195.007
1	225.399
1	187.204
1	237.306
1	180.402
1	139.496
1	243.718
1	213.167
1	185.54
1	153.14
1	225.159
1	294.945
1	191.886
1	180.044
1	274.719
1	156.693
1	257.483
1	175.203
1	375.296
1	167.109
1	163.707
1	221.035
1	159.358
1	358.071
1	194.303
1	273.182
1	132.346
1	173.552
1	202.782
1	234.53
1	272.008
1	295.919
1	222.138
1	161.745
1	253.508
1	159.011
1	303.624
1	153.045
1	171.312
1	349.871
1	197.942
1	196.034
1	157.002
1	196.89
1	180.277
1	208.381
1	264.837
1	146.802
1	145.929
1	179.547
1	237.17
1	229.415
1	314.337
1	243.449
1	183.383
1	134.75
1	225.134
1	191.266
1	172.746
1	163.702
1	253.509
1	192.938
1	152.549
1	189.196
1	234.181
1	279.541
1	196.145
1	327.382
1	161.507
1	230.059
1	174.544
1	312.51
1	157.656
1	144.05
1	163.338
1	198.813
1	273.459
1	298.91
1	176.713
1	213.649
1	216.745
1	228.93
1	195.283
1	198.393
1	145.807
1	200.47
1	169.599
1	333.144
1	252.083
1	178.91
1	117.616
1	302.074
1	202.529
1	249.676
1	163.274
1	196.613
1	197.018
1	264.695
1	176.312
1	317.722
1	199.874
1	222.547
1	320.149
1	182.868
1	210.383
1	342.228
1	177.24
1	169.338
1	221.314
1	212.776
1	199.121
1	169.888
1	176.37
1	178.46
1	280.495
1	319.069
1	198.131
1	152.182
1	171.424
1	208.393
1	197.215
1	259.295
1	301.611
1	191.894
1	231.061
1	197.2
1	147.102
1	221.679
1	297.533
1	187.501
1	229.809
1	194.223
1	226.666
1	178.138
1	171.336
1	169.255
1	247.126
1	270.514
1	304.74
1	175.703
1	217.53
1	175.957
1	162.104
1	159.529
1	306.147
1	190.581
1	148.072
1	181.213
1	126.936
1	223.792
1	115.792
1	249.294
1	199.355
1	255.671
1	140.819
1	128.122
1	189.543
1	265.884
1	182.928
1	185.774
1	152.564
1	297.056
1	256.28
1	207.024
1	160.671
1	207.586
1	206.988
1	184.674
1	213.469
1	210.095
1	256.96
1	271.508
1	289.984
1	262.46
1	312.746
1	223.538
1	154.523
1	211.507
1	154.219
1	240.995
1	225.372
1	199.515
1	193.414
1	174.39
0	14.8932
1	139.637
1	185.715
1	213.364
1	218.428
1	196.313
1	175.247
1	156.432
1	171.915
1	179.627
1	200.993
1	159.607
1	161.434
1	214.181
1	132.255
1	238.438
1	158.719
1	123.713
1	182.035
1	187.323
1	222.921
1	245.286
1	160.925
1	169.933
1	252.456
1	213.105
1	218.161
1	178.629
1	175.456
1	106.947
1	259.745
1	196.973
1	242.566
1	274.982
1	208.792
1	167.784
1	143.051
1	258.275
1	225.407
1	188.859
1	209.492
1	182.864
1	226.212
1	199.711
1	213.502
1	213.938
1	185.512
1	191.298
1	199.013
1	178.758
1	154.29
1	159.867
1	192.512
1	248.986
1	148.088
1	177.707
1	158.379
1	177.783
1	198.713
1	191.708
1	216.541
1	159.039
1	188.788
1	145.689
1	274.422
1	124.98
1	152.323
0	48.7058
1	144.557
1	324.722
1	178.551
1	233.839
1	247.68
1	149.726
1	224.601
1	145.857
1	198.163
1	279.497
1	295.364
1	184.75
1	214.277
1	146.232
1	192.797
1	187.344
1	165.782
1	271.936
0	22.2068
1	195.612
1	204.155
1	183.387
1	185.809
1	313.328
1	256.451
1	202.55
1	210.026
1	272.56
1	210.222
1	159.512
1	197.843
1	192.579
1	268.732
1	352.004
1	277.609
1	189.473
1	230.375
1	204.416
1	166.92
1	179.906
1	180.469
1	236.127
1	143.561
1	167.317
1	195.88
1	159.926
1	245.942
1	201.726
1	209.514
1	257.301
1	147.933
1	207.42
1	203.644
1	196.858
1	239.118
1	226.88
1	162.062
1	140.586
1	237.793
1	240.953
1	240.041
1	182.981
1	189.981
1	127.256
1	187.638
1	231.54
1	133.3
1	152.662
1	275.402
1	240.465
1	128.607
1	180.443
1	145.431
1	194.914
1	233.7
1	213.255
1	254.971
1	178.315
1	294.785
1	196.245
1	198.096
1	211.135
0	30.7511
1	201.666
1	170.106
1	155.169
1	200.397
1	231.634
1	149.993
1	265.645
1	179.041
1	198.761
1	156.772
1	260.247
1	191.811
1	191.848
1	250.885
1	215.406
1	215.009
1	237.848
1	248.759
1	165.194
1	268.379
1	161.75
1	175.883
0	8.35291
1	178.605
1	173.289
1	135.247
1	226.085
1	151.417
1	378.863
1	187.543
1	197.928
1	138.809
1	217.728
1	146.956
1	195.417
1	108.483
1	202.622
1	262.836
1	216.211
1	177.252
1	240.104
1	137.126
1	285.164
1	267.926
1	169.33
1	192.165
1	174.868
1	220.367
1	197.886
1	190.515
1	116.352
1	252.53
1	209.667
1	251.814
1	215.757
1	255.509
1	225.167
1	160.324
1	202.268
1	207.493
1	178.491
1	265.609
1	190.656
1	219.411
1	222.447
1	204.128
0	5.71967
1	215.907
1	212.71
1	146.84
1	166.306
1	192.171
1	207.327
1	142.869
1	178.048
1	198.051
1	181.042
1	178.226
1	238.009
1	167.774
1	140.336
1	135.242
1	204.686
1	193.502
1	147.583
1	168.688
1	197.167
1	206.877
1	276.096
1	229.029
1	249.566
1	331.301
1	240.336
1	168.312
1	190.579
1	245.276
1	146.591
1	301.022
1	242.846
1	341.826
0	8.50438
1	200.806
1	240.233
1	159.223
1	198.195
1	197.241
1	190.098
1	146.543
1	304.749
1	206.136
1	226.858
1	162.246
1	144.105
1	194.547
1	243.429
1	188.608
1	177.19
1	188.567
1	124.491
1	156.82
1	198.139
1	246.863
1	169.107
1	144.726
1	240.421
1	203.247
1	269.254
1	224.241
1	164.563
1	166.906
1	153.282
1	182.134
1	183.015
1	231.045
1	218.401
1	196.631
1	186.466
0	68.3682
1	259.267
1	195.488
1	187.614
1	254.276
1	239.492
1	201.217
1	127.652
1	180.482
1	204.705
1	217.758
1	152.589
1	326.335
1	190.025
1	133.502
1	219.008
1	206.215
1	157.219
1	203.122
1	224.45
1	195.067
1	171.65
1	177.173
1	242.277
1	169.25
1	215.23
1	259.199
1	157.347
1	162.775
1	205.235
1	292.558
1	244.127
1	246.149
1	207.858
1	233.122
1	178.957
1	207.612
1	182.972
1	182.529
1	219.969
1	204.401
1	216.068
1	172.294
1	187.815
1	172.352
1	229.173
1	167.7
1	223.8
1	195.432
1	321.622
1	368.767
1	274.717
1	184.155
1	271.882
1	355.908
1	156.746
1	218.186
1	258.999
1	180.87
1	234.798
1	332.438
1	231.858
1	140.214
1	147.489
1	157.191
1	220.893
1	201.897
1	152.911
1	426.518
1	333.024
1	123.055
1	139.565
1	262.65
1	312.224
1	183.913
1	299.103
1	165.027
1	141.632
1	263.143
1	173.076
1	193.968
1	198.246
1	205.972
1	162.311
1	219.959
1	143.795
1	238.031
1	314.358
1	282.414
1	171.959
1	220.849
1	208.101
1	194.997
1	275.06
1	197.624
1	193.73
1	186.681
1	174.566
1	335.969
1	157.266
1	195.786
1	201.625
1	230.545
1	131.643
1	181.993
1	171.131
1	212.486
1	221.009
1	249.205
1	189.06
1	156.383
1	255.509
1	181.264
1	274.496
1	149.343
1	173.671
1	199.267
1	196.042
1	200.186
1	149.102
1	176.499
1	182.222
1	233.146
1	287.205
1	142.947
1	191.534
1	135.084
1	197.524
1	164.514
1	214.996
1	207.835
1	111.249
1	234.18
1	166.364
1	153.68
1	294.165
1	208.462
1	355.764
1	202.001
1	253.563
1	228.016
1	178.702
1	171.49
1	189.058
1	207.819
1	209.105
1	158.534
1	179.584
1	307.383
1	298.653
1	201.452
1	200.041
1	172.925
1	165.023
1	179.872
1	131.647
1	235.537
1	176.431
1	136.324
1	231.12
1	198.433
1	234.698
1	162.93
1	147.442
1	202.925
1	214.185
1	422.591
1	239.403
1	193.333
1	224.191
1	181.318
1	233.743
1	158.303
1	190.62
1	183.741
1	216.871
1	167.68
1	191.029
1	234.763
1	220.439
1	171.996
1	194.079
1	250.626
1	189.681
1	230.361
1	192.957
1	164.923
1	199.184
1	218.128
1	201.356
1	288.737
1	152.974
1	237.243
1	418.364
1	213.67
1	195.195
1	149.522
1	150.825
1	249.719
1	225.379
1	249.906
1	236.833
1	180.417
1	180.229
1	230.231
1	293.931
1	228.805
1	221.482
1	291.413
1	225.862
1	192.331
1	293.427
1	156.119
1	178.986
1	197.443
1	199.806
1	220.833
1	166.127
1	208.956
1	163.834
1	207.147
1	257.597
1	258.698
1	225.036
1	149.21
1	135.321
1	237.873
1	303.873
1	280.688
1	146.427
1	131.782
1	152.021
1	250.957
1	133.137
1	163.991
1	175.817
1	222.827
1	171.899
1	197.414
1	204.811
1	198.112
1	142.033
1	168.824
1	192.801
1	214.883
1	213.577
1	203.89
1	188.239
1	175.749
0	8.17342
1	206.326
1	193.091
1	198.36
1	198.363
1	194.418
1	213.047
1	145.297
1	170.243
1	160.171
1	212.869
1	227.25
1	178.932
1	189.843
1	199.848
1	193.783
1	272.03
1	179.709
1	224.575
1	196.323
1	185.286
1	258.896
1	262.622
1	242.475
1	338.369
1	162.499
1	166.997
1	225.265
1	193.274
1	152.331
1	238.116
1	238.814
1	291.923
1	205.81
1	207.553
1	212.116
1	129.17
1	226.958
1	151.286
1	221.177
1	197.246
1	170.835
1	161.012
1	174.019
1	160.96
1	186.324
1	181.74
1	131.759
1	154.956
1	165.823
1	214.079
1	203.729
1	139.828
1	148.592
1	195.685
1	227.404
1	199.071
1	186.364
1	199.039
1	150.621
1	195.236
1	295.568
1	190.059
1	267.395
1	198.704
1	177.138
1	281.098
1	193.907
1	174.024
1	233.024
1	211.921
1	294.039
1	167.582
1	216.088
1	178.99
1	150.416
1	263.011
1	212.811
1	172.554
1	285.901
1	232.376
1	203.023
1	275.454
1	203.242
1	185.048
1	177.186
1	230.052
1	164.113
1	205.14
1	195.689
1	203.163
1	127.174
1	277.879
1	193.705
1	164.391
1	361.357
1	338.606
1	231.832
1	163.609
1	251.714
1	197.159
1	174.013
1	174.658
1	332.653
1	251.05
1	168.156
1	216.893
1	168.235
1	193.65
1	160.692
1	192.36
1	268.586
1	164.666
1	236.329
1	137.71
1	196.865
1	190.772
1	200.41
1	281.126
1	194.992
1	408.592
1	188.423
1	180.299
1	241.121
1	198.166
1	151.621
1	211.776
1	141.387
1	197.151
1	208.879
1	178.732
1	158.436
1	207.384
1	213.951
1	177.417
1	279.926
1	159.656
1	161.727
1	220.712
1	204.069
1	133.153
1	151.258
1	196.293
1	201.462
1	137.575
1	348.488
1	129.546
1	160.132
1	198.628
1	231.281
1	221.323
1	198.427
1	154.223
1	156.282
1	204.994
1	181.695
1	379.341
1	211.15
1	119.027
1	314.557
1	222.021
1	178.443
1	149.295
1	214.545
1	241.528
1	178.205
1	215.639
1	156.763
1	128.944
1	342.089
1	158.782
1	218.619
1	148.445
1	127.045
1	384.49
1	212.637
1	168.587
1	184.802
1	194.537
1	192.716
1	183.473
1	144.812
1	159.984
1	264.384
1	186.184
1	298.279
1	149.906
0	40.1112
1	268.631
1	152.913
1	175.812
1	109.693
1	254.056
1	163.834
1	238.266
1	186.994
1	206.015
1	189.529
1	219.115
1	142.321
1	182.967
1	205.951
1	125.866
1	201.351
1	213.048
1	246.501
1	198.543
1	204.095
1	263.606
1	219.248
1	196.192
1	176.461
1	202.794
1	326.957
1	166.981
1	264.586
1	140.575
1	150.503
1	144.193
1	173.349
1	261.066
1	200.481
1	288.068
1	190.866
1	404.48
1	131.252
1	164.601
1	252.325
1	167.176
1	231.515
1	191.731
1	174.679
1	178.451
1	240.485
1	151.776
1	158.237
1	204.193
1	183.859
1	160.34
1	187.838
1	372.951
1	155.551
1	205.804
1	164.678
1	181.708
1	229.194
1	216.414
1	149.182
1	122.871
1	252.721
1	192.183
1	135.504
1	252.422
1	195.13
1	182.227
1	209.651
1	241.914
1	140.916
1	235.41
1	216.686
1	178.941
1	138.906
1	309.947
1	149.503
1	135.245
1	170.292
1	186.19
1	178.271
1	155.919
1	143.486
1	219.112
1	282.881
1	166.205
1	184.707
1	206.206
1	330.66
1	230.773
1	328.034
1	206.447
1	209.955
1	240.107
1	139.261
1	170.994
1	145.462
1	139.47
1	146.93
1	192.77
1	199.264
1	146.335
1	202.208
1	102.545
1	149.815
1	170.874
1	269.899
1	233.771
1	233.673
1	190.709
1	174.119
1	226.045
1	294.339
1	157.793
1	107.444
1	138.632
1	149.032
1	233.835
1	168.47
1	310.86
1	177.786
1	229.402
1	192.718
1	248.018
1	185.878
1	264.384
1	159.957
1	258.984
1	247.509
1	139.927
1	221.103
1	194.677
1	148.686
1	163.841
1	202.934
1	244.439
1	166.989
1	205.714
1	189.73
1	236.533
1	225.564
1	179.788
1	219.471
1	214.18
1	151.552
1	173.5
1	175.779
1	229.876
1	245.594
1	281.847
1	203.458
1	165.303
1	171.178
1	179.548
1	195.488
1	202.792
1	191.788
1	350.354
1	185.366
1	228.996
1	242.617
1	121
1	175.218
1	212.009
1	290.416
1	200.046
1	229.47
1	152.655
1	245.97
1	171.084
1	272.69
1	166.587
1	230.519
1	169.268
1	175.927
1	204.541
1	153.84
1	288.623
1	161.361
1	179.329
1	169.296
1	228.259
1	196.224
1	142.082
1	327.72
1	213.838
1	190.515
1	188.638
1	230.258
0	36.5558
1	140.38
1	153.087
1	192.263
1	139.922
1	212.799
1	209.009
1	174.844
1	241.529
1	214.1
1	180.281
1	237.465
1	249.827
1	169.263
1	321.14
1	183.923
1	154.645
1	186.187
1	176.976
1	178.408
1	206.126
1	280.87
1	128.919
1	206.764
1	164.712
1	297.754
1	230.763
1	194.517
1	157.441
1	157.626
1	119.659
1	264.96
1	162.942
1	178.257
1	194.315
1	143.512
1	229.076
1	260.721
1	115.264
1	158.544
1	176.033
1	264.159
1	161.496
1	146.963
1	199.421
1	180.165
1	137.439
1	185.264
1	179.892
1	162.589
1	224.936
0	3.99483
1	246.619
1	136.532
1	177.973
1	165.106
1	133.103
1	224.99
1	130.457
1	160.12
1	242.406
1	215.692
1	223.975
1	165.228
1	248.732
1	221.219
1	251.161
1	184.786
1	198.881
1	160.979
1	256.53
1	224.219
1	167.23
1	292.261
1	167.816
1	170.378
1	183.057
1	232.592
1	183.798
1	233.195
1	247.822
1	205.457
1	249.132
1	213.251
1	179.544
1	250.337
1	281.975
1	210.953
1	198.254
1	223.877
1	143.555
1	265.101
1	191.986
1	171.902
1	200.087
1	138.257
1	171.7
1	304.897
1	142.786
1	188.25
1	481.573
1	196.425
1	190.615
1	237.569
1	157.223
1	216.008
1	164.377
1	148.661
1	281.159
1	286.418
1	188.478
1	259.782
1	251.666
1	171.049
1	179.18
1	343.906
1	320.872
1	189.043
1	280.679
1	236.434
1	215.025
1	221.462
1	274.887
1	140.357
1	284.269
1	215.777
1	165.325
1	217.468
0	22.4483
1	182.045
1	150.469
1	188.155
1	211.564
1	230.563
1	175.424
1	215.45
1	198.881
1	299.029
1	145.643
1	338.181
1	209.643
1	173.03
1	172.38
1	354.235
1	198.059
1	197.695
1	216.906
1	259.531
1	165.513
1	333.324
1	209.971
1	226.253
1	243.649
1	192.645
1	218.99
1	134.813
1	252.357
1	140.006
1	235.197
0	25.3492
1	294.196
1	227.032
1	174.798
1	193.685
1	156.711
1	208.94
1	184.22
1	213.855
1	234.385
1	254.296
1	225.58
1	245.432
1	131.494
1	289.381
1	198.334
1	179.281
1	196.785
1	183.58
0	18.1953
1	279.216
1	253.663
0	4.82494
1	155.502
1	278.305
1	231.258
1	170.728
1	177.265
1	272.339
1	304.202
1	185.757
1	140.655
1	368.722
1	190.358
1	205.698
1	201.326
1	199.666
1	149.626
1	207.21
1	224.726
1	142.175
1	174.137
1	213.585
1	170.412
1	162.809
1	182.404
1	187.992
1	163.025
1	232.34
1	144.434
1	149.425
1	154.951
1	238.409
1	301.945
1	175.036
1	182.753
1	228.76
1	195.346
1	165.938
1	188.937
1	178.298
1	247.554
1	229.667
1	140.548
1	240.96
1	210.548
0	60.1653
1	137.457
1	156.466
1	151.89
1	185.381
1	176.639
1	164.954
1	291.929
1	155.257
1	190.524
1	248.125
1	241.034
1	163.973
1	156.326
1	200.614
1	221.623
1	119.484
1	228.583
1	199.219
1	191.231
1	171.681
1	175.139
1	304.811
1	231.395
1	204.526
1	191.466
1	196.462
1	151.042
1	183.071
1	230.065
1	236.98
1	155.176
1	172.047
1	198.765
1	218.746
1	239.758
1	194.943
1	106.759
1	276.098
0	26.3956
1	134.015
1	346.109
1	292.571
1	233.755
1	199.789
1	153.457
1	185.257
1	212.298
1	264.635
1	169.847
1	162.862
1	261.472
1	159.906
1	125.654
1	230.386
1	191.406
1	131.381
1	261.519
1	199.763
1	195.904
1	189.036
1	230.164
1	133.945
1	271.138
1	221.748
1	226.591
1	154.847
1	171.363
1	115.671
1	176.522
1	229.421
1	158.497
1	178.08
1	143.49
1	256.465
1	266.718
1	291.51
1	162.388
1	139.876
1	160.62
1	195.276
1	160.204
1	174.814
1	190.286
1	181.925
1	231.624
1	138.037
1	170.507
1	189.161
1	190.576
1	198.852
1	265.893
1	194.372
1	165.636
1	228.109
1	160.116
1	335.28
1	207.873
1	251.111
1	280.216
1	145.546
1	144.834
1	186.248
1	170.698
1	154.832
1	161.339
1	225.528
1	181.077
1	185.755
1	166.744
1	173.558
1	338.53
1	354.332
1	202.421
1	166.57
1	286.204
1	296.3
1	185.15
1	396.133
1	169.334
1	178.905
1	116.179
1	187.084
1	199.266
1	232.309
1	200.302
1	209.17
1	258.994
1	127.139
1	193.975
1	251.655
1	190.893
1	194.974
1	192.766
1	255.833
1	244.41
1	154.911
1	122.39
1	234.409
1	193.829
1	154.096
1	282.499
1	229.998
1	150.626
1	282.27
1	215.52
1	275.777
1	211.549
1	192.268
1	174.204
1	231.688
1	218.746
1	223.979
1	188.355
1	195.377
1	166.735
1	153.038
1	219.008
1	435.159
1	202.809
1	158.421
1	153.19
1	249.924
1	299.722
1	239.87
1	217.41
1	202.026
1	262.522
1	167.525
1	257.074
1	236.043
1	201.919
1	152.296
1	199.062
1	133.856
1	262.837
1	168.541
1	181.104
0	25.9239
1	160.953
1	184.129
1	165.005
1	189.604
1	290.731
1	202.039
1	179.671
1	210.139
1	199.633
1	275.433
1	279.563
1	172.731
1	202.849
1	225.778
1	221.559
1	228.538
1	254.928
1	255.029
1	229.585
1	143.244
1	159.629
1	218.882
1	171.196
1	199.284
1	174.503
1	164.948
1	179.798
1	153.012
1	176.557
1	197.448
1	203.274
1	180.548
1	189.188
1	220.147
1	278.769
1	157.456
1	258.635
1	178.836
1	161.113
1	265.017
1	244.092
1	171.722
1	172.307
1	280.854
1	194.85
1	197.68
1	228.344
1	163.451
1	224.987
1	259.593
1	185.698
1	212.219
1	236.594
1	133.509
1	171.911
1	180.77
1	236.616
1	253.35
1	144.566
1	250.154
1	144.955
1	157.96
1	126.898
1	245.632
1	193.51
1	144.582
1	148.298
1	210.844
1	187.067
1	190.964
1	215.979
1	195.366
1	282.347
1	138.284
1	194.726
1	148.155
1	182.277
1	211.288
1	148.777
1	407.438
1	207.76
1	150.926
0	46.7005
1	182.717
1	213.116
1	280.926
1	196.509
1	190.093
1	207.041
1	181.823
1	204.634
1	160.75
1	193.631
1	166.127
1	202.613
1	172.972
1	235.778
1	190.034
1	246.388
1	187.175
1	169.002
1	251.719
1	146.395
1	168.696
1	233.065
1	162.252
0	38.2082
1	192.779
1	142.776
1	140.877
1	145.423
1	170.75
1	183.512
1	238.917
1	217.708
1	153.238
1	126.744
1	203.073
1	215.447
1	206.471
1	123.566
1	187.461
1	206.397
1	191.235
1	207.959
1	269.332
1	154.348
1	166.132
1	168.331
1	177.364
1	166.726
1	157.105
1	245.235
1	245.366
1	220.187
1	299.909
1	147.157
1	215.028
1	165.649
1	112.926
1	276.869
1	152.811
1	306.304
1	196.127
1	181.907
1	204.35
1	156.871
1	200.756
1	263.666
1	290.966
1	150.366
1	198.915
1	208.345
1	175.714
1	240.861
1	291.649
1	185.801
1	166.443
1	262.006
1	230.934
1	272.632
1	182.152
1	174.167
1	188.82
1	219.945
1	196.963
1	204.859
1	165.562
1	182.522
1	271.515
1	163.388
1	237.404
1	209.338
1	245.016
1	178.151
1	112.798
1	146.216
1	367.482
1	158.052
1	184.765
1	177.949
1	177.072
1	218.658
1	202.486
1	165.946
1	174.188
1	276.839
1	207.253
1	208.907
1	136.311
1	194.985
0	33.281
1	241.24
1	202.309
1	191.625
1	225.211
1	208.645
1	167.592
1	149.731
1	250.969
1	182.154
1	190.435
1	206.813
1	156.443
1	174.781
1	204.397
1	221.544
1	206.938
1	175.389
1	198.754
1	225.18
1	223.388
1	184.088
1	150.771
1	201.822
1	185.423
1	203.929
1	190.702
1	282.444
1	148.142
1	223.761
1	252.448
1	258.753
1	142.814
1	194.687
1	191.358
1	202.481
1	428.781
1	184.364
1	236.479
1	144.557
1	188.316
1	191.849
1	200.884
1	167.255
1	259.09
1	297.334
1	330.669
1	228.766
1	175.138
1	182.285
1	174.882
1	231.856
1	203.611
1	159.578
1	187.789
1	198.864
1	179.765
1	261.644
1	141.898
1	180.179
1	178.1
1	150.224
1	240.217
1	262.832
1	193.617
1	196.677
1	118.644
1	175.399
1	198.159
1	160.01
1	240.406
1	164.754
1	291.938
1	225.729
1	193.809
1	168.442
1	179.084
1	222.54
1	196.155
1	200.106
1	166.564
1	147.26
1	193.187
1	194.094
1	146.149
1	196.22
1	172.917
1	180.599
1	134.681
1	187.592
1	213.794
1	284.686
1	215.27
1	137.346
1	139.913
1	196.083
1	183.886
1	197.47
1	335.437
1	177.55
1	181.041
1	237.647
1	163.741
1	193.986
1	298.628
1	188.586
1	228.554
1	167.243
1	229.119
1	255.514
1	193
1	212.964
1	174.504
1	137.539
1	147.586
1	190.639
1	110.059
1	209.632
1	127.066
1	229.273
1	169.63
1	139.742
1	151.438
1	228.076
1	314.922
1	180.36
1	219.424
1	139.025
1	178.935
1	179.844
1	181.262
1	134.933
1	144.329
1	223.548
1	151.548
1	170.606
1	183.387
1	256.694
1	204.728
1	180.187
1	219.316
1	165.648
1	175.539
1	359.841
1	176.699
1	144.771
1	216.086
1	214.878
1	153.766
1	245.185
1	272.762
1	250.773
1	158.772
1	197.626
1	204.688
1	254.428
1	221.754
1	215.082
1	183.672
1	229.351
1	179.407
1	260.637
1	316.826
1	299.005
1	283.023
1	152.72
1	146.321
1	341.719
1	140.763
1	171.046
1	231.381
1	165.776
1	184.163
1	202.855
1	123.955
1	175.596
1	146.37
1	187.387
1	173.058
1	223.844
1	216.423
1	201.296
1	207.559
1	273.038
1	201.516
1	165.405
1	164.025
1	190.995
1	189.826
1	266.318
1	308.995
1	264.454
1	151.162
1	188.037
1	208.089
1	228.153
1	263.71
1	277.048
1	163.307
1	227.824
1	187.94
1	211.689
1	247.56
1	194.631
1	201.123
1	177.467
1	163.637
1	252.61
1	247.794
1	167.651
1	195.384
0	0.543437
1	215.214
1	182.185
1	251.849
1	200.555
1	249.654
1	149.235
1	231.539
1	133.342
1	355.626
1	225.452
1	287.538
1	197.065
1	189.921
1	215.361
1	197.377
1	217.264
1	150.114
1	234.609
1	361.837
1	166.985
1	154.875
1	179.435
1	265.206
1	185.44
1	238.367
1	206.854
1	173.95
1	233.405
1	129.266
1	172.28
1	134.131
1	247.121
1	158.101
1	229.652
1	252.27
1	146.532
1	164.638
1	243.702
1	199.356
1	223.233
1	147.122
1	249.545
1	210.234
1	171.978
1	211.933
1	133.986
1	198.294
1	154.308
1	208.061
1	140.688
1	216.569
1	145.655
1	237.516
1	170.58
1	325.482
1	223.63
1	247.381
1	165.506
1	177.329
1	190.112
1	192.802
1	174.687
1	166.418
1	191.377
1	254.986
1	231.91
1	158.237
1	200.397
1	177.99
1	228.04
1	181.943
1	135.97
1	141.836
1	134.239
1	247.219
1	183.777
1	340.01
1	197.534
1	157.665
1	366.924
1	292.396
1	229.772
0	67.3697
1	179.277
1	215.269
1	173.088
1	227.708
1	242.019
1	140.029
1	176.435
1	181.566
1	161.3
1	175.445
1	230.506
1	160.378
1	244.785
1	214.492
1	176.741
1	182.007
1	191.445
1	269.712
1	283.602
1	211.15
1	201.277
1	205.455
1	370.538
1	144.264
1	140.209
1	222.99
1	209.746
1	196.361
1	163.296
1	242.92
1	241.388
1	164.807
1	201.562
1	186.735
1	241.327
1	135.726
1	141.191
1	246.229
1	190.871
1	251.905
1	216.86
1	223.775
1	176.379
1	145.731
1	280.258
1	202.872
1	140.142
1	262.638
1	199.504
1	179.164
1	209.626
1	174.397
1	161.186
1	153.739
1	195.377
1	188.32
1	193.976
1	127.053
1	243.68
1	362.838
1	250.131
1	155.312
1	229.795
1	251.715
1	171.945
1	122.53
1	157.856
1	125.71
1	197.302
1	143.684
1	124.745
1	152.077
1	144.369
1	285.216
1	230.227
1	137.745
1	220.744
1	225.872
1	257.482
1	193.615
1	218.477
1	191.215
1	180.956
1	194.44
1	183.878
1	207.855
1	160.558
1	142.905
1	195.023
1	135.26
1	178.601
1	178.147
1	224.016
1	276.879
1	169.086
1	176.251
1	273.118
1	157.22
1	218.423
1	180.085
1	141.108
1	146.322
1	188.479
1	186.677
1	141.128
1	237.971
1	158.372
1	157.954
1	180.662
1	241.25
1	173.703
1	173.889
1	113.637
1	262.886
1	196.803
1	346.686
1	142.557
1	199.253
1	179.431
1	259.311
1	167.145
1	234.175
1	168.05
1	194.713
1	243.952
1	252.248
1	222.977
1	195.25
1	217.954
1	170.272
1	196.325
1	168.068
1	290.762
1	163.426
1	172.769
1	303.265
1	187.813
1	139.699
1	141.061
1	225.458
1	246.205
1	199.453
1	130.734
1	206.153
1	167.361
1	195.37
1	221.32
1	216.69
1	191.517
1	147.962
1	212.614
1	268.551
1	203.247
1	250.868
1	260.174
1	170.743
1	206.847
1	152.372
1	168.195
1	229.298
1	303.33
1	163.877
1	159.83
1	204.427
1	184.542
1	151.479
1	217.848
1	179.405
1	228.212
1	241.852
1	243.142
1	264.573
1	182.68
1	229.668
1	220.004
0	18.7239
1	168.038
0	141.707
1	350.512
1	243.587
1	156.986
1	292.597
1	250.234
1	181.488
1	271.738
1	250.235
1	121.375
1	142.64
1	163.371
1	317.935
1	176.899
1	130.97
1	190.858
1	318.404
1	201.832
1	152.24
1	218.072
1	218.434
1	341.782
1	210.249
1	202.403
1	130.831
1	155.373
1	151.316
1	240.4
1	173.101
1	161.244
1	221.495
1	200.163
1	146.638
1	288.553
1	195.153
1	248.349
1	171.495
1	174.864
1	175.134
1	265.37
1	216.43
1	161.647
1	200.793
1	287.366
1	145.534
1	169.362
1	242.35
1	181.41
1	152.003
1	161.21
1	210.658
1	219.64
1	169.869
1	203.293
1	237.585
1	162.403
1	191.147
1	145.637
1	183.641
1	231.992
1	177.792
1	252.153
1	189.666
1	203.264
1	189.556
1	157.419
1	144.64
1	199.081
1	240.153
1	215.31
1	134.876
1	137.678
1	153.144
1	191.207
1	260.424
1	181.937
1	178.852
1	125.969
1	181.597
1	176.097
1	165.059
1	207.062
1	187.7
1	227.788
1	209.614
1	200.491
1	191.979
1	214.149
1	173.219
1	187.855
1	239.764
1	156.798
1	170.892
1	225.035
1	146.633
1	173.434
1	158.336
1	192.348
1	179.127
1	164.778
1	181.794
1	207.918
1	393.94
1	209.007
1	216.653
1	182.975
1	226.888
1	152.104
1	189.867
1	236.716
1	264.895
1	207.047
1	181.906
1	208.4
1	187.561
1	205.453
1	200.213
1	172.997
0	106.403
1	192.9
1	301.017
1	180.806
1	211.081
1	206.73
1	280.68
1	200.97
1	279.621
1	382.481
1	189.572
1	156.543
1	186.39
1	169.007
1	151.489
1	302.483
1	253.297
1	218.313
1	234.707
1	130.193
1	295.463
1	153.603
1	173.479
1	297.83
1	247.976
1	234.564
1	260.684
1	202.195
1	150.741
1	224.537
1	239.572
1	182.494
1	231.325
1	223.065
1	157.562
1	186.152
1	201.467
1	197.312
1	287.645
1	232.901
1	161.175
1	183.293
1	340.27
1	182.812
1	192.598
1	220.591
1	375.488
1	172.115
1	314.517
1	191.338
1	210.692
1	303.893
1	286.32
1	203.865
1	192.323
1	145.294
1	127.121
1	181.879
1	126.699
1	156.88
1	169.297
1	176.515
1	215.915
1	235.5
1	199.355
1	160.337
1	257.027
1	195.448
1	167.764
1	169.088
1	185.792
1	215.759
1	252.284
1	200.712
1	191.085
1	334.378
1	151.694
1	196.912
1	183.249
1	219.203
1	275.561
1	180.038
1	149.059
1	319.073
1	130.07
1	174.659
1	277.254
1	220.624
1	178.95
1	197.736
1	211.345
1	204.743
1	113.029
1	298.999
1	305.061
1	290.832
1	157.514
1	179.804
1	239.608
1	203.295
1	207.77
1	136.816
1	239.567
1	150.138
1	141.808
1	235.519
1	299.083
1	248.954
1	462.526
1	174.809
1	216.044
1	144.826
1	222.262
1	167.937
1	250.2
1	152.816
1	286.08
1	239.988
1	124.1
1	188.516
1	181.712
1	236.041
1	177.198
1	224.349
1	408.459
1	143.547
1	166.013
1	158.917
1	258.299
1	187.572
1	153.054
1	234.073
1	189.326
1	186.113
1	149.516
1	176.062
1	157.2
1	335.656
1	235.717
1	230.255
1	359.778
1	234.754
1	177.769
1	206.368
1	237.243
1	141.302
1	215.095
1	333.215
1	144.518
1	165.776
1	241.251
1	135.663
1	143.437
1	162.326
1	244.001
1	338.919
1	184.449
1	232.046
1	187.055
1	244.716
1	155.434
1	210.314
1	205.576
1	310.879
1	204.516
1	188.269
1	201.645
1	173.159
1	171.986
1	192.314
1	169.005
1	221.356
1	197.373
1	237.605
0	95.8067
1	162.331
1	165.872
1	208.648
1	207.303
1	192.705
1	231.595
1	194.22
1	197.09
1	172.258
1	309.039
1	127.668
1	221.7
1	176.454
1	133.738
1	169.995
1	195.757
1	297.972
1	185.782
1	214.976
1	256.652
1	242.103
1	142.304
1	172.655
1	126.861
1	156.482
1	190.434
1	235.405
1	213.068
1	247.384
1	145.347
1	171.59
1	183.646
1	207.792
1	189.281
1	200.512
1	257.63
1	290.924
1	237.837
1	235.712
1	197.971
1	193.896
1	262.662
1	205.97
1	132.286
1	196.599
1	272.17
1	314.871
1	255.953
1	178.737
1	209.388
1	220.94
1	356.237
1	213.837
1	204.512
1	193.9
1	149.755
1	220.19
1	231.104
1	165.008
1	192.484
1	236.403
1	175.585
1	144.283
1	144.347
1	141.485
1	135.089
1	344.581
1	259.143
1	193.475
1	179.356
1	196.783
1	176.381
1	170.303
1	310.379
1	213.857
1	191.741
1	159.302
1	190.382
1	230.187
1	238.981
1	159.783
1	333.063
1	203.627
1	240.437
1	206.012
1	165.053
1	148.559
0	23.5739
1	270.991
1	177.494
1	170.688
1	185.005
1	213.847
1	174.236
1	136.453
1	230.068
1	289.921
1	212.362
1	161.992
1	187.755
1	214.036
1	357.429
1	188.19
1	308.785
1	179.014
1	219.328
1	169.176
1	195.93
1	178.992
1	124.856
1	213.985
1	265.971
1	205.761
1	192.269
1	217.325
1	192.105
1	262.398
1	194.79
1	133.333
1	203.578
1	230.398
1	196.416
1	241.744
1	172.518
1	122.177
1	260.627
1	166.852
1	152.263
1	150.004
1	157.289
1	225.834
1	254.93
1	234.699
1	292.314
1	184.162
1	205.629
1	152.613
1	199.612
1	366.97
1	192.943
1	135.12
1	185.45
1	300.487
1	139.963
1	173.039
1	165.721
1	278.308
1	207.363
1	190.19
1	425.988
1	194.308
1	278.975
1	161.745
1	176.769
1	193.259
1	122.357
1	154.61
1	148.364
1	167.743
1	157.065
1	252.477
1	314.673
1	229.842
1	139.512
1	169.586
1	212.195
1	181.668
1	197.636
1	220.559
1	179.222
1	201.103
1	189.664
1	264.121
1	186.706
1	180.411
1	172.52
1	176.916
1	200.752
1	161.164
1	222.451
1	190.263
1	117.206
1	147.574
1	200.895
1	291.557
1	216.574
1	196.792
1	191.839
1	213.463
1	208.257
0	101.692
1	250.124
1	303.097
1	145.224
1	257.294
1	239.668
1	210.838
1	188.144
1	165.53
1	321.025
1	137.418
1	166.471
1	188.953
1	223.126
1	131.47
1	198.665
1	156.869
1	153.184
1	255.284
1	198.989
1	214.543
1	187.679
1	202.923
1	256.236
1	265.654
1	222.491
1	197.671
1	189.796
1	205.029
1	201.484
1	207.845
1	182.466
1	177.007
1	137.049
1	339.359
1	261.812
1	206.029
1	287.196
1	185.918
1	157.424
1	184.846
1	183.49
1	229.446
1	233.103
1	169.755
1	284.237
1	184.801
1	167.853
1	181.098
1	151.411
1	168.531
1	205.486
1	261.104
1	136.168
1	250.743
1	135.455
1	168.638
1	197.022
1	229.159
1	222.071
1	274.005
1	271.34
1	229.087
1	252.798
1	281.41
1	171.143
1	217.47
1	225.685
1	176.488
1	333.464
1	272.408
1	208.792
1	183.871
1	255.457
1	274.585
1	160.828
1	169.667
1	199.427
1	223.669
1	149.465
1	231.593
1	174.102
1	178.944
1	157.513
1	151.222
1	225.322
1	185.089
1	156.796
1	168.141
1	199.626
1	232.949
1	146.06
1	157.067
1	284.018
1	291.627
1	161.463
1	180.974
1	198.289
1	202.677
1	178.285
1	322.116
1	178.62
1	204.652
1	223.729
1	240.807
1	163.37
1	193.591
1	283.915
1	162.096
1	262.052
1	153.508
1	211.484
1	156.722
1	140.886
1	172.646
1	171.178
1	261.947
1	197.724
1	211.505
1	207.493
1	218.545
1	167.302
1	246.292
1	126.346
1	143.112
1	202.67
1	210.033
1	194.447
1	119.382
1	224.601
1	236.24
1	176.932
1	161.52
1	208.206
1	166.48
1	205.576
1	189.484
1	288.824
1	236.637
1	231.235
1	227.044
1	133.052
1	148.499
1	317.116
1	242.848
1	214.722
1	378.475
1	165.227
1	322.813
1	159.162
1	230.917
1	161.474
1	241.008
1	225.521
1	190.753
1	175.328
1	318.197
1	172.668
1	282.77
1	294.225
1	196.239
1	228.235
1	192.354
1	241.432
1	127.068
1	200.347
1	194.43
1	197.869
1	249.972
1	236.704
1	188.179
1	223.092
1	312.954
1	229.847
1	189.002
1	245.534
1	133.841
1	191.658
1	266.569
1	297.388
1	203.558
1	174.327
1	174.414
1	264.717
1	280.333
1	139.056
1	165.829
1	197.639
1	155.944
1	157.317
1	216.225
1	181.233
1	200.818
1	256.349
1	160.272
1	247.888
1	234.334
1	175.213
1	276.959
1	283.609
1	165.075
1	153.06
1	290.544
1	184.957
1	199.204
1	178.394
1	176.564
1	291.023
1	225.676
1	126.341
1	184.701
1	223.884
1	278.69
1	218.582
1	176.796
1	148.905
1	170.018
1	132.43
1	164.692
1	159.745
1	180.555
1	240.07
1	211.634
1	244.686
1	199.565
1	229.961
1	128.952
1	280.46
1	128.617
1	281.872
1	151.406
1	143.863
1	172.046
1	209.778
1	198.305
1	231.391
1	416.552
1	142.392
1	126.538
1	175.615
1	386.011
1	147.935
1	183.865
1	156.27
1	169.786
1	221.606
1	135.207
1	188.454
1	271.405
1	193.104
1	210.194
1	239.412
1	226.481
1	202.652
1	183.475
1	140.517
0	25.9352
1	186.758
1	278.755
1	128.162
1	230.727
1	140.235
1	205.516
1	267.126
1	225.779
1	188.714
1	247.42
1	188.237
1	273.432
1	251.106
1	182.289
1	221.742
1	204.528
1	253.286
1	166.645
1	208.27
1	213.218
1	350.368
1	225.448
1	183.406
1	207.447
1	255.944
1	146.088
1	182.889
1	203.676
1	182.575
1	190.967
1	368.18
1	125.921
1	286.523
1	229.994
1	250.668
1	228.568
1	225.954
1	226.708
1	206.474
1	158.457
1	201.025
1	221.968
1	178.067
1	170.095
1	148.783
1	200.187
1	317.761
1	202.476
1	270.728
1	278.832
1	192.543
1	149.949
1	248.675
1	178.29
1	252.995
1	188.998
1	179.729
1	152.005
1	159.024
1	230.314
1	208.352
1	277.455
1	524.65
1	229.838
1	276.683
1	157.382
1	201.928
1	161.031
1	166.518
1	199.526
1	193.475
1	135.248
1	263.65
1	218.452
1	362.055
1	202.239
1	196.83
1	186.969
0	5.97037
1	150.492
1	181.607
1	183.007
1	184.034
1	157.618
1	186.81
1	186.604
1	217.644
1	164.185
1	274.462
1	216.689
1	233.188
1	309.362
1	361.62
1	191.967
1	157.348
1	234.826
1	220.884
1	200.049
1	172.379
1	173.389
1	223.284
1	185.872
1	343.987
1	249.784
1	214.24
1	176.529
1	158.38
1	112.909
1	180.868
1	185.477
1	155.126
1	171.171
1	239.033
1	162.644
1	192.779
1	211.557
1	239.002
1	151.485
1	159.023
1	243.113
1	173.592
1	218.609
1	291.654
1	305.613
1	327.478
1	197.622
1	170.001
1	220.386
1	210.164
1	207.517
1	252.386
1	214.444
1	152.456
1	320.505
1	140.072
1	153.917
1	141.761
1	157.939
1	189.881
1	204.855
1	200.671
1	202.34
1	171.337
1	151.096
1	184.561
1	223.155
1	173.334
1	212.085
1	209.649
1	148.591
1	197.68
1	213.635
1	262.841
1	232.42
1	211.984
1	193.927
1	244.596
1	360.75
1	198.926
1	141.356
1	167.701
1	229.322
1	240.48
1	269.696
1	205.992
1	125.198
1	180.435
1	168.106
1	216.903
1	298.006
1	188.506
1	181.918
1	181.383
1	204.867
1	196.306
1	150.41
1	135.099
1	202.692
1	186.311
1	201.758
1	257.324
1	223.216
1	183.309
1	224.884
1	167.746
1	178.551
1	203.788
1	196.25
0	4.2652
1	188.595
1	187.048
1	159.059
1	249.121
1	203.963
1	182.114
1	153.184
1	160.507
1	251.388
1	300.557
1	207.614
1	156.034
1	177.981
1	123.386
1	162.344
1	159.635
1	209.2
1	165.223
1	201.136
1	198.508
1	255.971
1	243.739
1	162.695
1	245.428
1	237.672
1	230.413
1	282.378
1	194.078
1	174.038
1	169.554
1	175.537
1	175.285
1	297.124
1	194.01
1	228.943
0	142.569
1	307.63
1	180.163
1	138.845
1	190.64
1	199.078
1	205.681
1	203.705
1	345.455
1	164.648
1	197.125
1	171.583
1	193.451
1	225.397
1	199.468
1	227.775
0	35.2625
1	236.912
1	187.418
1	208.055
1	158.436
1	209.204
1	210.146
1	222.316
1	239.396
1	145.088
1	414.377
1	128.491
1	308.51
1	93.8383
1	132.725
1	259.279
1	245.445
1	156.089
1	217.822
1	200.236
1	221.307
1	181.845
1	216.218
1	279.162
1	194.077
1	177.191
1	193.327
1	219.356
1	137.195
1	240.492
1	145.223
1	192.819
1	189.289
1	215.388
1	183.252
1	136.92
1	186.378
1	118.653
1	168.88
1	213.857
1	251.973
1	232.183
1	165.869
1	214.826
1	160.132
1	224.611
1	283.013
1	148.386
1	172.849
1	215.138
1	210.104
1	209.193
1	213.531
1	231.193
1	182.118
1	295.368
1	206.481
1	123.333
1	136.334
1	154.924
1	220.514
1	189.389
1	193.347
1	141.564
1	142.623
1	179.013
1	268.472
1	316.724
1	206.985
1	262.243
1	136.063
1	199.983
1	157.751
1	379.434
1	311.911
1	178.501
1	215.554
1	167.195
1	203.929
1	162.927
1	172.064
1	300.094
1	244.853
1	245.626
1	219.79
1	200.547
1	183.072
1	138.857
1	212.388
1	221.906
1	140.128
1	157.962
1	308.386
1	192.208
1	339.471
1	265.769
1	141.13
1	134.174
1	234.875
1	180.997
1	181.717
1	216.112
1	219.639
1	154.038
1	188.596
1	151.976
1	188.803
1	141.398
1	221.006
1	244.918
1	197.242
1	221.073
1	274.993
1	194.984
1	242.265
1	144.61
1	153.258
1	281.229
1	172.135
1	163.634
1	186.131
1	176.557
1	242.537
1	202.185
1	145.631
1	174.744
1	189.541
1	209.228
1	164.576
1	180.228
1	254.843
1	195.444
1	194.293
1	254.549
1	176.594
1	322.35
1	133.276
1	203.204
1	290.495
1	236.625
1	259.095
1	180.097
1	207.39
1	148.543
1	251.144
1	140.189
1	183.349
1	284.286
1	203.767
1	205.243
1	237.764
1	182.847
1	162.139
1	222.249
1	443.215
1	140.062
1	230.699
1	171.744
1	165.188
1	187.106
1	216.475
1	238.179
1	203.854
1	165.948
1	212.386
1	120.135
1	318.578
1	172.749
1	221.813
1	152.022
1	205.211
1	173.673
1	243.966
1	156.036
1	266.597
1	131.175
1	215.616
1	182.567
1	173.538
1	172.116
1	243.452
1	234.481
1	171.907
1	180.022
1	172.58
1	206.797
0	6.84599
1	162.994
1	176.78
1	211.516
1	177.379
1	229.886
1	212.916
1	151.674
1	141.435
1	216.018
1	182.465
1	259.311
1	136.647
1	205.315
1	192.917
1	149.163
1	187.688
1	215.914
1	191.389
1	138.019
1	224.717
1	212.691
1	156.647
1	247.384
1	201.433
1	172.895
1	205.554
1	226.589
1	259.733
1	132.257
1	226.522
1	233.195
1	272.407
1	310.158
1	213.986
1	151.029
1	175.993
1	276.694
1	316.919
1	197.674
1	179.034
1	217.313
1	202.251
1	233.671
0	3.62887
1	181.064
1	157.945
0	26.2665
1	279.498
1	162.465
1	174.35
1	141.814
1	179.628
1	171.167
1	264.583
1	258.449
1	198.837
1	307.884
1	167.358
1	155.611
1	166.883
1	225.767
1	166.238
1	179.201
1	168.827
0	176.706
1	168.28
1	118.995
1	190.275
1	229.859
1	173.385
1	196.554
1	232.922
1	223.438
1	239.712
1	152.58
1	112.261
1	165.82
1	197.162
1	144.884
1	188.154
1	183.016
1	160.782
1	157.439
1	297.979
1	166.703
1	158.857
1	170.904
1	152.98
1	185.098
1	179.972
1	178.011
1	166.407
1	155.54
1	272.233
1	141.247
1	136.947
1	205.909
1	126.969
1	163.933
1	211.355
1	230.811
1	205.423
1	116.343
1	187.232
1	203.236
1	211.732
1	190.275
1	205.412
1	197.528
1	203.155
1	263.352
1	165.586
1	291.597
1	282.504
1	259.488
1	215.373
1	205.888
1	182.661
1	269.865
1	186.349
1	257.973
1	170.154
1	224.027
1	166.768
1	205.911
1	192.674
1	224.842
1	275.326
1	203.175
1	158.422
1	172.181
1	177.02
1	235.164
1	205.062
1	222.884
1	191.283
1	107.95
1	149.329
1	222.914
1	191.449
1	166.71
1	130.235
1	239.594
1	198.935
1	256.694
1	254.975
1	227.496
1	179.272
1	200.613
1	149.187
1	234.75
1	253.229
1	252.074
1	220.948
1	213.641
1	164.579
1	215.595
1	160.534
1	171.357
1	299.403
1	139.042
1	153.785
1	215.247
1	197.285
1	314.55
1	223.225
1	186.176
1	191.917
1	211.42
1	171.634
1	131.22
1	208.419
1	246.654
1	223.255
1	334.493
1	199.757
1	257.864
1	172.324
1	184.097
1	125.921
1	180.419
1	175.566
1	311.632
1	195.959
1	176.431
1	214.37
1	222.021
1	173.474
1	183.306
1	208.434
1	281.503
1	177.768
1	218.236
1	155.846
1	203.257
1	165.145
1	211.048
1	184.288
1	168.577
1	157.499
1	231.237
1	196.03
1	135.69
1	166.18
1	194.617
1	248.052
1	240.007
1	176.958
1	234.124
1	259.096
1	512.547
1	216.452
1	174.203
1	196.538
1	262.968
1	181.697
1	201.617
1	254.006
1	199.175
0	9.1328
1	268.972
1	190.396
1	221.724
1	162.603
1	237.685
1	160.967
1	193.946
1	178.449
1	221.871
1	175.218
1	214.156
1	196.451
1	147.914
1	294.885
1	266.502
1	169.006
1	208.146
1	163.608
1	182.798
1	133.309
1	220.611
1	178.612
1	134.438
1	157.76
1	172.236
1	207.008
1	144.811
1	454.663
1	247.558
1	176.073
1	245.119
1	161.879
1	198.753
1	209.087
1	229.677
1	231.418
1	221.399
1	159.364
1	139.925
1	206.072
1	214.56
1	299.282
1	232.127
1	356.093
1	195.174
1	211.103
1	154.353
1	210.191
1	170.604
1	218.066
1	150.294
1	221.91
1	150.265
1	264.88
1	228.754
1	174.054
1	221.314
1	199.822
1	282.107
1	172.099
1	194.931
1	239.241
1	212.886
1	136.979
1	173.489
1	171.445
1	222.307
1	179.541
1	145.346
1	207.027
1	202.376
1	147.374
1	153.035
1	173.719
1	193.419
1	163.537
1	198.096
1	207.079
1	207.128
1	141.964
1	257.154
1	161.223
1	201.076
1	174.281
0	24.8748
1	150.531
1	250.201
1	225.042
1	222.227
1	190.496
1	165.482
1	135.44
1	273.682
1	250.767
1	151.337
1	160.866
1	168.723
1	237.154
1	314.459
1	183.461
1	127.434
1	160.315
1	133.281
1	266.131
1	175.134
1	150.106
1	152.817
1	213.374
1	169.097
1	230.459
1	364.312
1	227.334
1	223.452
1	146.853
1	252.996
1	197.736
1	129.571
1	245.659
1	175.343
1	150.742
1	171.479
1	249.124
1	173.838
1	253.645
1	253.434
1	251.531
1	213.389
1	257.525
1	132.873
1	192.455
1	257.368
1	260.363
1	216.192
1	170.719
1	217.856
1	290.637
1	125.991
1	183.725
1	132.077
1	227.169
1	234.622
1	175.368
1	161.286
1	174.922
1	234.157
1	125.966
1	174.228
1	248.559
1	253.478
1	143.777
1	164.602
1	220.922
1	169.095
1	184.978
1	181.464
1	202.286
1	165.733
1	240.983
1	357.474
1	208.035
1	212.594
1	277.094
1	255.675
1	199.756
1	201.996
1	149.943
1	163.967
1	200.454
1	217.856
1	173.882
1	173.433
1	214.934
1	168.725
1	239.609
1	307.813
1	269.196
1	177.214
1	258.495
1	276.088
1	152.842
1	286.798
1	184.092
1	170.521
1	194.719
1	162.537
1	163.748
1	211.403
1	233.315
1	229.138
1	179.907
1	183.274
1	197.87
1	148.404
1	222.473
1	164.297
1	225.211
1	121.471
1	198.45
1	182.137
1	186.366
1	193.193
1	217.011
1	244.697
1	200.866
1	189.998
1	194.457
1	162.342
1	185.567
1	198.207
1	176.453
1	174.744
1	179.072
1	139.987
1	170.568
1	236.817
1	205.406
1	319.229
1	191.744
1	117.017
1	166.03
1	288.344
1	156.568
1	231.183
1	183.134
1	191.135
1	312.56
1	269.675
1	269.732
1	141.836
1	228.772
1	191.381
1	197.734
1	166.323
1	184.8
1	230.837
1	222.96
1	269.359
1	201.369
0	168.948
1	147.806
1	188.237
1	200.101
1	144.194
1	214.424
1	229.28
1	225.362
1	227.17
1	193.339
1	269.007
1	253.696
1	233.651
1	184.792
1	173.126
1	180.02
1	136.234
1	238.446
1	176.558
1	207.77
1	216.454
1	220.467
1	233.777
1	159.07
1	221.616
1	291.738
1	197.129
1	149.284
1	170.78
1	202.058
1	168.672
1	185.454
1	254.482
1	149.287
1	143.853
1	315.636
1	158.616
1	182.519
1	269.82
1	201.933
1	184.483
1	224.783
1	201.503
1	342.708
1	143.686
1	152.902
1	210.382
1	221.748
1	247.553
1	153.26
1	231.421
1	227.572
1	150.469
1	227.388
1	185.076
1	171.613
1	183.818
1	141.396
1	116.628
0	30.4391
1	178.873
1	179.993
1	177.677
1	147.15
1	166.241
1	175.117
1	175.509
1	225.07
1	500.073
1	171.302
1	222.849
1	142.157
1	293.906
1	142.551
1	180.126
1	159.796
1	156.106
1	160.073
1	224.839
1	217.763
1	175.121
1	116.121
1	309.546
1	230.668
1	205.708
1	197.337
1	161.471
1	174.07
1	193.408
1	192.611
1	182.15
1	173.277
1	222.894
1	160.061
1	253.037
1	177.784
1	220.701
1	148.879
1	171.162
1	281.414
1	199.508
1	156.746
1	212.436
1	209.587
1	244.186
1	143.791
1	147.159
1	158.857
1	236.797
1	197.31
1	214.366
1	155.389
1	193.704
1	229.952
1	176.722
1	152.337
1	181.382
1	168.08
1	206.339
1	192.635
1	226.174
1	161.181
1	176.408
1	180.607
1	187.255
1	147.894
1	170.607
1	252.181
1	180.881
1	192.763
1	175.661
1	146.788
1	310.58
1	216.308
1	585.999
1	178.683
1	205.444
1	277.646
1	221.213
1	187.655
1	159.893
1	218.131
1	187.385
1	183.533
1	258.862
1	132.335
1	157.15
1	241.523
1	283.545
1	347.034
1	151.336
1	166.594
1	180.266
1	129.907
1	140.638
1	191.989
1	252.117
1	150.351
1	194.773
1	259.866
1	225.947
1	159.248
1	188.195
1	172.894
1	203.786
1	124.768
1	213.39
1	214.414
1	218.183
0	4.20596
1	275.205
1	195.646
1	166.546
1	238.917
1	219.25
1	191.835
1	262.114
1	171.104
1	256.157
1	154.339
1	230.324
1	336.35
1	173.989
1	177.912
1	197.294
1	241.212
1	228.971
1	346.123
1	163.976
1	138.983
1	201.47
1	224.984
1	288.607
1	207.122
1	178.502
1	167.819
1	122.641
1	324.519
1	266.269
1	178.614
1	136.036
1	188.454
1	212.443
1	171.187
1	179.729
1	145.021
1	205.311
1	308.778
1	154.985
1	159.183
1	253.131
1	196.479
1	310.398
1	157.231
1	232.603
1	150.469
1	269.897
1	298.479
1	185.17
0	19.1551
1	161.949
1	225.743
1	198.581
1	262.732
1	320.249
1	214.515
1	244.676
1	237.303
1	150.721
1	236.918
1	214.729
1	246.314
1	210.975
1	131.601
1	177.092
1	222.247
1	108.964
1	165.605
1	315.803
1	233.981
1	130.436
1	159.436
1	185.704
1	224.512
1	190.707
1	194.938
1	192.346
1	201.069
1	236.953
1	188.352
1	272.037
1	232.606
1	180.536
1	167.763
1	207.004
1	192.838
1	129.433
1	216.347
1	255.695
1	208.64
1	205.958
1	174.268
1	197.158
1	114.747
1	162.315
1	222.055
1	137.526
1	144.644
1	155.771
1	149.843
1	232.086
1	155.536
1	184.259
1	145.747
1	155.452
1	137.481
1	270.355
1	246.109
1	178.904
1	169.869
1	230.984
1	332.73
1	124.448
1	252.483
1	147.86
1	167.601
1	234.601
1	243.658
1	185.405
1	150.833
1	177.928
1	172.447
1	158.655
1	229.911
1	165.899
1	216.398
1	153.467
1	213.083
1	210.961
1	225.061
0	6.24379
1	177.267
1	221.787
1	142.504
1	167.258
1	267.984
1	188.43
1	194.797
1	244.083
1	235.971
1	329.184
1	200.3
1	182.019
1	298.328
1	167.734
1	283.498
1	184.112
1	137.137
1	193.471
1	215.867
1	237.734
1	129.599
1	177.628
1	253.492
1	160.259
1	157.315
1	149.913
1	140.776
1	242.94
1	239.07
1	299.15
1	146.594
1	190.612
1	191.163
1	245.524
1	182.74
1	150.855
1	197.389
1	218.827
1	202.473
1	209.064
1	131.935
1	184.447
1	189.63
1	153.299
1	183.777
1	228.982
1	259.685
1	222.092
1	385.758
1	193.414
1	284.526
1	124.614
1	288.301
1	159.225
1	209.846
1	146.33
1	181.652
1	170.044
1	174
1	161.912
1	188.349
1	177.463
1	206.85
1	169.131
1	190.211
1	188.919
1	147.972
1	159.177
1	226.111
1	268.316
1	158.402
1	116.356
1	255.847
1	174.479
1	247.381
1	225.23
1	138.576
1	140.72
1	196.803
1	223.879
1	164.451
1	208.81
1	174.823
1	248.934
0	9.36262e-07
1	155.568
1	389.029
1	199.987
1	242.348
1	295.1
1	187.466
1	235.971
1	324.032
1	180.349
1	226.92
1	183.826
1	168.944
1	207.549
1	309.368
1	137.017
1	130.006
1	179.367
1	215.8
1	230.684
1	244.473
1	295.689
1	162.984
1	163.386
1	282.179
1	299.508
1	173.367
1	144.255
1	163.066
1	186.896
1	226.724
1	193.037
1	204.618
1	257.645
1	163.967
1	248.096
1	181.052
1	252.716
1	131.736
1	174.925
1	209.233
1	196.174
1	186.553
1	174.132
1	169.631
1	209.813
1	231.101
1	166.135
1	186.214
1	178.563
1	179.479
1	289.461
1	193.027
1	153.818
1	177.396
1	180.758
1	129.274
1	269.933
1	254.737
1	192.72
1	134.193
1	258.515
1	209.041
1	260.274
1	236.727
1	216.391
1	193.076
1	208.136
1	190.333
1	229.431
1	235.889
1	235.122
1	213.296
1	268.403
1	195.739
0	34.6847
1	241.216
1	113.003
1	178.574
1	160.06
1	190.195
1	357.494
1	185.384
1	129.334
1	224.313
1	205.554
1	161.405
1	207.827
1	141.509
1	139.813
1	231.944
1	203.702
1	143.118
1	204.896
1	176.576
1	159.937
1	184.297
1	341.844
1	264.544
0	42.337
1	318.485
1	174.761
1	199.415
1	180.204
1	181.501
1	150.763
1	185.055
1	204.153
1	272.429
1	224.996
1	221.392
1	163.191
1	223.183
1	191.284
1	198.614
1	221.94
1	197.584
1	181.39
1	181.58
1	308.499
1	204.313
1	157.696
1	250.861
1	216.241
1	149.211
1	238.957
1	159.954
1	187.883
1	147.697
1	210.517
1	329.186
1	231.161
1	254.377
1	321.874
1	157.459
1	218.892
1	167.902
1	165.784
1	261.972
1	163.627
1	151.42
1	147.592
1	183.208
1	294.469
1	144.933
1	131.914
1	123.173
1	252.98
1	221.825
1	253.963
1	172.274
1	191.699
1	316.672
1	184.852
1	278.466
1	221.875
1	197.584
1	247.385
1	168.263
1	203.308
1	197.698
1	252.309
1	142.93
1	255.638
1	232.608
1	151.279
1	229.202
1	160.268
1	166.348
1	294.638
1	209.833
1	219.827
1	210.562
1	190.983
1	195.012
1	191.965
1	210.873
1	201.484
1	271.589
1	167.2
0	71.1344
1	186.293
1	168.424
1	268.171
1	185.104
1	186.201
1	359.673
1	352.555
1	249.834
1	221.341
1	187.366
1	209.767
1	221.968
1	277.758
1	237.809
1	282.093
1	261.307
1	208.887
1	218.384
1	185.494
1	315.909
1	200.065
1	175.527
1	232.182
1	141.422
1	158.965
1	123.896
1	156.17
1	178.48
1	142.082
1	311.825
1	243.613
1	195.947
1	197.475
1	228.749
1	143.493
1	263.691
0	4.14869
1	194.673
1	261.453
1	214.404
1	160.566
1	180.946
1	314.952
1	224.63
1	203.028
1	232.43
1	312.689
1	186.924
1	173.388
1	228.462
1	202.529
1	114.505
1	208.769
1	152.376
1	241.301
1	122.314
1	178.828
1	176.245
1	145.647
1	303.377
1	171.31
1	232.007
1	151.014
1	228.926
1	119.218
1	132.556
1	256.23
1	257.788
1	252.891
1	274.799
1	163.426
1	318.754
1	202.235
1	198.078
1	179.063
1	109.745
1	209.03
1	212.644
1	180.865
1	167.794
1	317.396
1	149.924
1	181.192
1	216.821
1	174.874
1	178.398
1	230.489
1	268.734
1	155.439
1	182.708
1	205.647
1	180.706
1	177.237
1	210.335
1	220.513
1	331.856
1	167.966
1	171.794
1	213.93
1	241.675
1	294.029
1	139.562
1	169.05
1	243.595
1	197.531
1	161.139
1	230.4
1	320.548
1	449.21
1	213.348
1	153.002
1	173.094
1	173.855
1	207.969
1	188.183
1	237.804
1	136.855
1	171.441
1	172.373
1	225.337
1	233.258
1	212.442
1	247.371
1	239.089
1	225.204
1	195.916
1	123.963
1	221.984
1	287.055
1	175.554
1	207.781
1	231.984
1	149.533
1	237.189
1	146.305
1	257.148
1	245.197
1	200.174
1	247.99
1	196.784
1	210.747
1	240.489
1	270.119
1	245.65
1	182.349
1	291.714
1	207.222
1	245.903
1	127.227
1	224.794
1	245.249
1	229.537
1	161.718
1	164.422
1	212.171
1	210.037
1	224.57
1	193.15
1	153.858
1	167.531
1	208.815
1	162.818
1	225.914
1	199.136
1	217.998
1	147.763
1	145.138
1	233.63
1	152.92
1	199.42
1	137.519
1	246.434
1	139.201
1	177.413
1	176.265
1	345.973
1	190.688
1	196.716
1	127.015
1	204.841
1	181.659
1	126.541
1	165.102
0	29.7829
1	180.28
1	372.991
1	186.96
1	199.282
1	234.864
1	155.631
1	178.127
1	185.928
1	154.632
1	186.978
1	146.288
1	255.058
0	10.5584
1	213.572
1	189.92
1	274.78
1	183.955
1	156.288
1	222.876
1	200.328
1	174.675
1	221.964
1	138.587
1	259.029
1	212.611
1	195.911
1	163.097
1	257.498
1	158.273
1	274.369
1	125.955
1	193.402
1	220.288
1	139.928
1	179.809
1	245.855
1	161.959
1	171.646
1	220.46
1	320.196
1	142.392
1	138.663
1	162.804
1	192.918
1	207.354
1	172.7
1	194.921
1	153.462
1	180.925
1	167.565
1	228.757
1	318.355
1	177.969
1	171.37
1	174.828
1	172.311
1	173.932
1	222.272
1	167.423
1	190.847
1	168.929
1	196.559
1	142.638
1	131.549
1	274.328
1	156.176
1	160.43
1	155.44
1	150.502
1	128.169
1	184.268
1	178.44
1	240.627
1	236.386
1	192.333
1	200.367
1	325.152
1	302.267
1	203.847
1	223.225
1	182.279
1	246.209
1	212.563
1	196.668
1	277.397
1	294.222
1	158.11
1	240.773
1	211.913
1	300.783
1	149.402
1	210.106
1	183.671
1	176.045
1	238.149
1	206.605
1	184.003
1	257.53
1	195.542
1	190.508
1	118.856
1	219.934
1	136.659
1	157.415
1	430.469
1	154.802
1	168.378
1	156.206
1	205.058
1	128.212
1	243.324
1	233.086
1	209.027
1	158.873
1	181.278
1	143.057
1	122.431
1	188.826
1	218.158
1	228.224
1	168.359
1	278.45
1	222.324
1	186.616
1	181.711
1	153.095
1	133.345
1	303.617
1	129.184
1	208.634
1	127.389
1	163.592
1	287.348
0	15.4733
1	157.948
1	163.142
1	213.701
1	192.822
1	188.285
1	227.466
1	172.76
1	204.351
1	369.523
1	113.344
1	164.276
1	175.848
1	212.543
1	166.65
1	258.628
1	187.797
1	261.49
1	317.729
1	175.102
1	277.307
1	192.169
1	190.671
1	282.063
1	161.242
1	288.384
1	224.399
1	172.285
1	227.077
1	183.053
1	180.419
1	226.989
1	168.687
1	157.582
1	227.132
0	34.6482
1	150.457
1	196.364
1	303.544
1	221.841
1	195.578
1	151.327
1	180.745
1	169.55
1	197.543
1	225.879
1	144.898
1	163.804
1	171.192
1	169.162
1	148.675
1	257.208
1	190.159
1	175.197
1	199.922
1	215.528
1	261.956
1	177.246
1	151.562
1	174.867
1	155.534
1	169.769
1	298.816
1	156.821
1	265.572
1	189.762
1	197.593
1	219.517
1	267.447
1	222.516
1	142.338
1	201.281
1	216.143
1	191.973
1	154.091
1	225.506
1	195.739
1	221.182
1	389.592
1	229.297
1	178.829
1	189.281
1	156.911
1	257.518
1	156.144
1	205.026
1	308.818
1	284.159
1	245.736
1	235.924
1	187.17
1	454.272
1	244.316
1	194.55
1	126.061
0	32.7156
1	312.995
1	150.396
1	129.031
1	324.681
1	249.572
1	131.075
1	179.327
1	165.803
1	177.142
1	194.644
1	149.705
1	168.562
1	263.267
1	205.219
1	168.335
1	223.996
1	239.996
1	182.616
1	190.964
1	183.651
1	228.507
1	220.208
0	46.653
1	307.53
1	231.534
1	227.666
1	168.507
1	269.458
1	189.218
1	162.719
1	178.134
1	273.634
1	153.094
1	189.026
1	169.754
1	192.793
1	128.494
1	217.78
1	183.438
1	465.713
1	176.544
1	165.878
1	198.984
1	165.47
1	220.341
1	224.454
1	124.102
1	206.694
1	163.439
1	193.669
1	152.143
1	236.201
1	201.593
1	186.162
1	181.837
1	170.408
1	197.498
1	203.485
1	151.502
1	184.13
1	155.57
1	188.832
1	188.074
1	197.746
1	153.945
1	181.405
1	217.251
1	173.549
1	199.791
1	174.004
1	218.394
1	187.282
1	161.229
1	183.743
1	264.435
1	201.379
1	176.416
1	175.087
1	235.749
1	200.043
1	231.659
1	220.089
1	205.92
1	245.12
1	115.628
1	195.801
1	143.662
1	219.894
1	201.861
1	190.382
1	264.213
1	193.307
1	167.837
1	192.514
1	189.059
1	215.776
1	228.378
1	226.826
1	173.67
1	132.715
1	170.306
1	284.845
1	198.359
1	246.92
1	186.694
1	186.614
1	178.312
1	283.23
1	267.729
1	156.148
1	207.758
1	154.733
1	305.981
1	211.189
1	163.871
1	193.075
1	210.323
1	205.541
1	162.659
1	141.618
1	160.755
1	255.383
1	189.377
1	143.395
1	161.467
1	128.387
1	193.723
1	135.124
1	182.945
1	143.45
1	305.901
1	293.057
1	280.009
1	163.027
1	179.3
1	186.21
1	167.245
1	212.056
1	120.263
1	216.242
1	266.573
1	281.642
1	191.33
1	209.116
1	239.429
1	182.505
1	192.756
1	198.298
1	173.213
1	139.669
1	203.949
1	186.184
1	268.705
1	152.468
1	172.364
1	189.08
1	116.518
1	173.883
1	160.527
1	142.683
1	194.573
1	184.1
1	190.811
1	285.647
1	182.205
1	177.379
1	168.257
1	259.235
1	155.519
1	179.685
1	188.887
1	218.046
1	153.912
1	212.473
1	202.783
1	309.432
1	231.15
1	210.137
1	148.856
1	229.468
1	215.168
1	215.547
0	60.5124
1	237.385
1	183.391
1	244.594
1	151.704
1	185.037
1	202.283
1	195.244
1	243.377
1	160.446
1	269.606
1	200.485
1	145.543
1	275.626
1	210.134
1	172.895
1	206.866
1	214.434
1	131.726
1	190.339
1	192.666
1	162.9
1	230.23
1	152.457
1	138.713
1	227.692
1	254.612
1	211.228
1	186.489
1	174.582
1	163.887
1	224.104
1	200.723
1	293.926
1	137.412
1	219.765
1	207.663
1	214.409
1	185.623
1	181.841
1	141.39
1	255.179
1	198.43
1	196.776
1	192.975
0	126.591
1	183.387
1	149.742
1	277.695
1	151.396
1	165.162
1	329.442
1	174.994
1	217.508
1	203.845
1	294.547
1	303.688
1	217.919
1	216.901
1	159.923
1	188.746
1	205.217
1	249.247
1	193.926
1	205.858
1	229.061
1	139.437
1	178.23
1	264.504
1	222.44
1	172.431
1	124.651
1	317.313
1	163.639
1	182.407
1	241.531
1	221.787
1	195.763
1	204.101
1	158.089
1	150.689
1	148.936
1	373.637
1	355.462
1	216.501
1	224.764
1	366.193
1	222.68
1	153.941
1	190.121
1	210.123
1	181.303
1	416.918
1	162.257
1	231.279
1	230.29
1	180.865
1	244.164
1	185.389
1	244.186
1	178.985
1	204.036
1	194.236
1	230.377
1	323.137
1	146.825
1	174.509
1	150.923
1	215.774
1	192.062
1	159.103
1	153.709
1	142.181
1	163.849
1	252.59
1	165.672
1	194.68
1	219.119
1	213.501
1	194.466
1	191.298
1	155.928
1	248.633
1	177.548
1	151.992
1	197.337
1	205.817
1	192.919
1	208.593
1	258.356
1	192.406
1	257.534
1	170.432
1	258.282
1	159.705
1	195.063
1	344.198
1	187.285
1	167.031
1	180.209
1	203.877
1	208.674
1	202.23
1	232.03
1	229.226
1	378.856
1	164.763
1	154.561
1	183.405
1	209.532
1	197.947
1	213.335
1	214.106
1	199.253
1	139.339
1	141.907
1	379.969
1	151.16
1	224.468
1	180.808
1	282.954
1	155.986
1	171.511
1	171.384
1	181.762
1	179.027
1	163.987
1	178.532
1	160.878
1	130.158
1	169.02
1	312.495
1	153.403
1	286.795
1	235.902
1	145.36
1	220.844
1	167.284
1	161.911
1	242.827
1	158.654
1	162.058
1	218.636
1	229.124
1	308.911
1	174.934
1	229.975
1	158.844
1	324.653
1	141.541
1	248.093
1	183.772
1	221.499
1	149.471
1	275.948
1	173.316
1	187.469
1	234.345
1	166.811
1	271.835
0	126.906
1	204.537
1	192.538
1	180.936
1	190.361
1	241.881
1	309.783
1	224.553
1	205.686
1	233.721
1	174.52
1	261.34
1	219.669
1	222.051
1	169.216
1	241.944
1	104.542
1	187.498
1	175.531
1	256.037
1	161.408
1	246.947
1	286.643
1	204.333
1	197.598
1	182.077
1	144.732
1	180.352
1	206.617
1	197.272
1	284.697
1	154.011
1	161.391
1	163.868
1	164.003
1	277.694
1	152.999
1	230.238
1	160.173
1	220.282
1	216.899
1	191.419
1	272.778
1	184.916
1	113.797
0	51.67
1	163.294
1	259.003
1	186.798
1	271.43
1	174.397
1	172.344
1	178.777
1	186.729
1	275.078
1	221.377
1	180.532
1	183.389
1	131.594
1	197.158
1	141.828
1	283.186
1	242.254
1	237.094
1	242.122
1	177.207
1	152.296
1	240.874
1	202.789
1	260.611
1	173.797
1	147.163
1	233.003
1	177.118
1	145.286
1	140.017
1	232.448
1	207.008
1	143.412
1	191.432
1	171.777
1	204.7
1	198.482
1	229.184
1	202.403
1	221.725
1	185.377
1	204.415
1	175.229
1	220.002
1	142.869
1	158.457
1	322.969
1	171.004
1	158.66
1	179.085
1	200.054
1	205.447
1	208.842
1	233.855
1	161.056
1	252.16
1	141.418
1	207.116
1	153.727
1	195.708
1	221.717
1	233.706
1	155.182
1	175.974
1	158.634
1	256.068
1	137.018
1	216.218
1	158.205
1	165.814
1	286.577
1	196.147
1	229.009
1	188.768
1	273.493
1	208.132
1	198.474
1	254.677
1	177.715
1	170.326
1	136.235
1	178.141
1	214.523
1	245.839
1	263.225
1	157.642
1	160.098
1	216.627
1	165.272
1	152.189
1	154.06
1	208.675
1	197.081
1	169.383
1	208.999
1	217.619
1	195.991
1	189.169
1	247.408
1	210.044
1	247.839
1	156.543
1	158.304
1	190.456
1	132.581
1	159.288
1	288.532
1	167.351
1	109.001
1	192.161
1	164.08
1	190.375
1	164.302
1	317.456
1	239.389
1	271.614
1	251.447
1	167.228
1	196.859
1	188.171
1	148.979
1	280.785
1	170.847
1	200.356
1	227.172
1	198.704
1	174.949
1	185.752
0	3.79331
1	155.78
1	237.932
1	155.934
1	168.603
1	385.834
1	198.471
1	231.643
1	251.542
1	210.104
1	186.802
1	179.776
1	139.3
1	183.966
1	195.244
1	166.751
1	151.744
1	257.53
1	228.15
1	220.56
1	167.257
1	221.351
1	178.462
1	173.724
1	192.221
1	188.484
1	264.866
1	208.108
1	343.27
1	263.069
1	185.653
1	147.816
1	201.101
1	222.809
1	178.513
1	170.926
1	219.173
1	191.432
1	158.7
1	288.823
1	183.499
1	175.957
1	154.847
1	135.897
1	197.203
1	184.415
1	197.014
1	151.131
1	159.759
1	172.078
1	184.044
1	189.502
1	296.812
1	169.242
1	268.921
1	147.005
1	255.619
1	227.785
1	257.616
1	230.234
1	152.068
1	299.412
1	184.911
1	206.655
1	164.425
1	275.111
1	186.466
1	146.357
1	185.738
1	188.593
1	177.112
1	167.211
1	347.569
1	259.536
1	420.412
1	144.638
1	188.045
1	189.456
1	169.857
1	139.275
1	203.332
1	191.575
1	198.85
1	220.609
1	193.962
1	261.354
1	186.428
1	294.187
1	168.583
1	138.487
1	270.8
1	217.129
1	151.941
1	126.035
1	168.816
1	164.537
1	241.172
1	190.235
0	79.1378
1	197.778
1	209.212
1	251.369
1	196.724
1	147.534
1	147.541
1	147.584
1	149.849
1	123.704
1	162.265
1	147.403
1	247.362
1	150.252
1	244.645
1	185.258
1	133.732
1	154.618
1	173.888
1	189.217
1	209.476
1	251.274
1	174.508
1	189.705
1	192.106
1	161.353
1	142.766
1	198.517
1	217.677
1	209.374
1	288.986
1	229.427
1	205.511
1	138.668
1	190.244
1	295.736
1	215.742
1	166.957
1	182.831
1	198.686
1	219.635
1	232.687
1	159.879
1	177.836
1	366.838
1	184.847
1	184.441
1	301.365
1	161.598
1	214.564
1	259.935
1	132.871
1	177.721
1	200.189
1	207.263
0	176.121
1	198.635
1	200.421
1	231.358
1	152.455
1	211.075
1	141.915
1	243.929
1	169.41
1	378.808
1	179.799
1	163.023
1	206.961
1	190.524
1	244.47
1	166.566
1	174.251
1	180.14
1	227.222
1	266.501
1	210.417
1	181.25
1	231.461
1	346.972
1	136.36
1	212.055
1	141.172
1	225.567
1	248.145
1	214.013
1	170.952
1	315.359
1	172.078
1	196.216
1	202.301
1	243.194
1	237.745
1	212.809
1	256.073
1	151.37
1	172.239
1	180.188
1	460.83
1	219.696
1	255.06
1	250.354
1	190.214
1	203.595
1	241.986
1	308.675
1	178.779
1	184.323
1	243.812
1	270.354
1	233.853
1	167.724
1	140.711
1	197.457
1	196.054
1	168.885
1	180.018
1	148.991
1	151.605
1	158.39
1	252.175
1	208.803
1	255.031
1	187.129
1	341.147
1	244.469
1	171.132
0	1.67772
1	150.283
1	228.289
1	231.212
1	137.806
1	194.609
1	157.755
1	183.373
1	157.207
1	165.416
1	201.85
1	278.409
1	138.566
1	208.828
1	195.689
1	206.694
1	200.377
1	163.913
1	244.947
1	220.917
0	20.0811
1	174.063
1	209.673
1	172.344
1	148.939
1	223.25
1	220.821
1	153.69
1	277.512
1	117.318
1	200.077
1	210.334
1	187.13
1	144.236
1	243.265
1	157.907
1	175.984
1	203.855
1	296.452
1	154.175
0	13.3727
1	262.579
1	382.433
1	275.238
1	322.336
1	286.411
1	176.005
1	206.727
1	252.798
1	159.539
1	166.139
1	214.153
1	139.269
1	247.598
1	169.81
1	186.425
1	185.574
1	160.03
1	239.692
1	211.635
1	183.754
1	247.897
1	222.1
1	152.845
1	240.378
1	181.048
1	160.234
1	260.281
1	202.154
1	297.681
1	143.055
1	152.674
1	194.261
1	186.314
1	141.414
1	170.238
1	196.583
1	171.598
1	173.302
1	121.746
1	179.805
1	224.873
1	197.822
1	189.985
1	248.635
1	130.758
1	200.98
1	269.12
1	141.785
1	214.742
1	181.722
1	170.255
1	223.626
1	229.106
1	224.79
1	296.884
1	161.15
1	226.317
1	152.577
1	205.385
1	211.88
1	181.625
1	147.531
1	213.415
1	255.369
1	308.604
1	201.975
1	153.807
1	209.826
1	156.795
1	243.692
1	174.842
1	162.718
1	299.334
1	190.082
1	204.399
1	153.889
1	144.139
1	202.819
1	266.533
1	213.389
1	230.078
1	261.181
1	143.556
1	187.394
1	217.404
1	164.787
1	255.411
1	178.762
1	170.911
1	184.16
1	238.637
1	142.409
1	198.399
1	169.33
1	181.038
1	122.978
1	185.875
1	226.402
1	163.044
1	210.733
1	184.721
1	284.621
1	166.153
1	134.902
1	229.063
1	212.589
1	153.078
1	235.176
1	251.037
1	213.803
1	332.346
1	194.812
1	188.202
1	199.552
1	234.518
1	271.428
1	323.331
1	181.804
1	176.266
1	193.167
1	348.679
1	210.991
1	208.452
1	301.628
1	204.195
1	170.467
1	232.58
1	259.948
1	167.634
1	236.776
1	180.599
1	161.583
1	227.876
1	234.268
1	180.697
1	180.702
1	273.132
1	173.8
1	212.867
1	230.417
1	382.4
1	467.749
1	168.186
1	229.905
1	201.258
1	149.396
1	134.972
1	150.422
1	212.321
1	188.729
1	169.351
1	291.081
1	160.063
1	295.052
1	183.608
1	201.767
1	269.405
1	193.349
1	179.871
1	246.867
1	125.806
1	167.477
1	247.425
1	137.488
1	183.066
1	161.586
1	186.169
1	172.051
1	212.475
1	194.388
1	320.205
1	170.267
1	144.403
1	216.805
1	218.616
1	300.313
1	157.905
1	168.962
1	186.094
1	158.771
1	144.486
1	235.667
1	160.875
1	208.983
1	167.118
1	266.371
0	4.86051
1	163.003
1	146.455
1	362.881
1	269.471
1	269.918
1	139.706
1	278.052
1	178.281
1	162.023
1	244.601
1	197.024
1	311.552
1	193.629
1	175.953
1	294.362
1	158.156
1	181.726
1	196.316
1	133.658
1	150.847
1	240.05
1	166.644
1	156.715
1	138.325
1	173.711
1	160.26
1	148.925
1	180.267
1	160.043
1	186.709
1	198.74
1	196.325
1	265.06
1	239.002
1	265.019
1	133.913
1	250.146
1	219.635
1	183.418
1	254.681
1	156.471
1	193.566
1	148.877
1	324.225
1	279.823
1	183.077
1	172.198
1	274.368
1	235.228
1	189.242
1	194.01
1	136.13
1	162.595
1	159.621
1	180.598
1	178.169
1	178.818
1	172.032
1	176.893
1	190.313
1	148.361
1	219.146
1	225.001
1	186.665
1	240.698
1	227.599
1	196.515
1	215.583
1	155.048
1	205.187
1	370.94
1	257.487
1	150.236
1	255.142
1	169.542
1	203.217
1	166.534
1	223.747
1	196.471
1	148.077
1	255.673
1	209.704
1	202.844
1	192.447
1	201.851
1	143.901
1	238.538
1	225.84
1	184.105
1	160.856
1	140.209
1	272.531
1	194.941
1	213.18
1	175.573
1	205.73
1	213.052
1	167.751
1	182.218
1	219.642
1	135.36
1	252.263
1	319.134
1	232.683
1	192.556
1	122.701
1	185.752
1	144.643
1	244.584
1	307.287
1	250.084
1	233.25
1	165.468
1	207.938
1	252.13
1	132.697
1	295.667
1	193.325
1	267.316
1	318.147
1	156.303
1	141.956
1	211.562
1	306.669
1	206.678
1	266.927
1	212.603
1	213.288
1	240.818
1	176.627
1	214.042
1	236.678
1	204.075
1	196.464
1	236.888
1	202.667
1	166.205
1	266.67
1	203.08
0	33.3506
1	161.652
1	134.628
1	173.933
1	313.835
1	249.111
1	180.253
1	139.609
1	185.389
1	259.739
1	212.501
1	341.021
1	196.811
1	301.148
1	170.844
1	174.179
1	194.238
1	191.8
1	196.728
1	273.609
1	353.092
1	198.23
1	154.454
1	186.384
1	203.27
1	169.311
1	124.927
1	192.73
1	152.657
1	152.1
1	163.987
1	191.971
1	255.835
1	199.656
1	195.878
1	158.132
1	307.9
1	232.541
1	184.891
1	162.57
1	303.053
1	194.372
1	142.131
1	136.788
1	190.329
1	345.069
1	294.094
1	224.575
1	189.204
1	161.061
1	165.408
1	252.628
1	196.009
1	154.372
1	166.974
1	127.56
1	173.221
1	156.7
1	180.318
1	119.326
1	170.637
1	206.434
1	295.937
1	211.708
1	275.122
1	157.564
1	221.685
1	217.555
1	193.891
1	174.544
1	162.191
1	172.331
1	277.721
1	205.204
1	152.708
1	184.118
1	211.766
1	205.768
1	251.45
1	147.727
1	174.209
1	278.922
1	167.46
1	223.387
1	205.711
1	297.502
1	195.998
1	297.171
1	201.362
1	205.966
1	177.595
1	263.768
1	200.969
1	203.14
1	218.747
1	223.863
1	256.447
1	160.386
1	332.084
1	151.436
1	123.17
1	203.994
1	326.566
1	299.215
1	247.933
1	211.333
1	282.815
1	176.404
1	262.948
1	172.101
1	234.178
1	198.462
1	180.675
1	163.828
1	232.607
1	125.522
1	139.14
1	152.499
1	270.639
1	180.277
1	194.39
1	168.624
1	218.134
1	224.515
1	191.882
1	243.982
1	211.379
1	246.186
1	194.577
1	169.808
1	139.954
1	216.433
1	180.48
1	208.144
1	221.361
1	175.8
1	216.749
1	161.917
1	337.455
1	154.834
1	196.984
1	232.66
1	191.42
1	222.314
1	138.706
1	116
1	188.414
1	151.151
1	303.915
1	242.839
1	164.126
1	158.87
1	262.325
1	236.359
1	156.131
1	211.711
1	145.324
1	215.501
1	327.8
1	204.914
1	199.283
1	200.612
1	167.135
1	240.87
1	257.389
1	200.536
1	215.536
1	218.533
1	245.454
1	114.647
1	233.084
1	198.604
1	191.776
1	173.517
1	152.55
1	276.264
1	285.01
1	192.774
1	256.985
1	180.721
1	209.616
1	200.349
1	155.212
1	187.703
1	178.601
1	179.132
1	151.817
1	194.964
1	157.912
1	182.045
1	220.909
1	202.635
1	147.228
1	173.191
1	280.143
1	241.157
1	268.071
1	233.813
1	293.1
1	239.069
1	230.242
1	192.351
1	193.631
1	152.096
1	184.326
1	173.657
1	207.637
1	167.246
1	131.426
1	204.973
1	198.708
1	166.123
1	304.352
1	268.81
1	278.502
1	152.376
1	168.91
1	220.761
1	217.589
1	181.091
1	148.494
1	150.537
1	206.642
1	229.478
1	151.119
1	215.322
1	194.827
1	234.154
1	164.564
1	236.93
1	168.315
1	204.551
1	222.473
1	135.996
1	168.416
1	254.261
1	186.075
1	166.382
1	219.052
1	154.261
1	262.067
1	184.244
1	195.265
0	8.03516
1	231.786
1	180.168
1	160.378
1	229.22
1	174.207
1	158.998
1	206.424
1	139.726
1	214.971
1	154.76
1	195.962
1	149.565
1	296.974
1	207.62
1	180.465
1	298.265
1	354.429
1	171.159
1	216.749
1	284.268
1	211.822
1	185.1
1	164.806
0	126.737
1	294.993
1	198.591
1	150.287
1	166.936
1	170.75
1	156.233
1	272.875
1	249.659
1	220.957
1	169.775
1	165.853
1	225.64
1	208.085
1	218.65
1	137.422
1	150.095
1	292.758
1	187.758
1	243.762
1	143.222
1	244.45
1	201.29
1	123.734
1	272.545
1	133.806
1	235.445
1	189.546
1	245.528
1	185.788
1	201.845
1	188.594
1	197.142
1	159.942
1	215.111
1	231.285
1	190.17
1	158.762
1	182.952
1	256.287
1	164.845
1	224.307
1	192.145
1	333.713
1	266.514
1	167.401
1	333.118
1	181.78
1	197.494
1	163.764
1	171.753
1	169.736
1	246.389
1	162.447
1	271.497
1	248.021
1	276.691
1	299.512
1	223.233
1	214.89
1	157.225
1	176.445
1	217.541
1	159.691
1	276.97
1	231.415
1	214.346
1	148.284
1	185.908
1	185.356
1	213.771
1	224.04
1	159.963
1	183.974
1	181.736
1	177.267
1	180.94
1	181.236
1	377.493
1	293.726
1	476.503
1	227.418
1	239.152
1	168.365
1	479.616
1	213.506
1	200.13
1	141.897
1	142.929
1	241.886
1	143.296
1	140.45
1	192.735
1	173.84
1	211.7
1	194.139
1	267.471
1	177.612
1	200.97
1	233.183
1	171.749
0	19.1389
1	160.41
1	160.753
1	155.158
1	198.465
1	250
1	222.941
1	248.069
1	130.939
1	246.39
1	225.968
1	201.446
1	198.62
1	148.507
1	175.815
1	164.897
1	162.651
1	264.634
1	161.642
1	151.915
1	213.782
1	157.14
1	196.215
1	232.155
1	273.508
1	206.256
1	220.92
1	218.666
1	213.201
1	198.969
1	171.792
1	274.902
1	158.68
1	185.829
1	194.516
1	271.735
1	200.981
1	127.135
1	148.976
1	143.512
1	194.708
1	161.034
1	297.181
1	118.417
1	189.32
1	182.919
1	181.242
1	149.339
1	160.265
1	363.917
1	186.097
1	147.061
1	154.207
1	281.723
1	158.351
1	171.728
1	166.642
1	213.628
1	210.027
1	217.792
1	164.584
1	126.921
1	172.166
1	155.829
1	148.423
1	191.152
1	132.57
1	236.875
1	233.125
1	182.664
1	161.061
1	165.933
1	209.515
1	157.303
1	233.724
1	167.212
1	137.936
1	132.601
1	119.749
1	240.286
1	200.318
1	137.552
1	176.94
1	219.458
1	152.159
1	282.79
1	235.96
1	247.035
1	202.84
1	216.716
1	284.605
1	192.387
1	197.334
1	214.137
1	160.315
1	300.148
1	336.131
1	188.742
1	144.596
1	152.386
1	235.005
1	199.523
1	191.843
1	182.949
1	223.55
1	148.292
1	154.294
1	208.706
1	296.233
1	175.703
1	150.039
1	295.907
1	182.666
1	212.668
1	387.557
1	147.987
1	156.76
1	200.482
1	162.735
1	210.928
1	200.35
1	221.228
1	240.406
1	175.349
1	219.705
1	165.946
1	173.889
1	216.726
1	181.693
1	190.112
1	172.297
1	247.342
1	130.024
1	159.129
1	365.967
1	130.72
1	182.254
1	227.636
1	205.756
1	232.299
1	284.299
1	177.664
1	193.626
1	164.35
1	204.951
1	194.267
1	223.981
1	338.965
1	212.323
1	226.095
1	211.928
1	214.518
1	179.918
1	199.581
1	175.248
1	156.126
1	124.909
1	340.556
1	201.503
1	221.223
1	122.037
1	170.064
1	197.573
1	171.705
1	142.469
0	20.2136
1	206.521
1	227.958
1	188.659
1	175.702
1	160.35
1	211.819
1	147.493
1	182.784
1	199.785
1	218.436
1	186.724
1	205.46
0	51.6663
1	157.419
1	158.199
1	192.895
1	249.603
1	137.066
1	172.562
1	147.34
1	210.856
1	235.632
1	141.954
1	181.625
1	202.64
1	193.339
1	208.796
1	181.974
1	148.476
1	192.468
1	259.766
1	187.444
1	144.874
1	203.708
1	304.286
1	171.518
1	179.714
1	165.743
1	156.226
1	221.478
1	155.961
1	170.68
1	154.572
1	157.82
1	177.418
1	139.886
1	187.254
1	245.918
1	396.147
1	354.241
1	173.035
1	171.827
1	252.079
1	150.022
1	252.274
1	144.235
1	219.985
1	151.543
1	182.958
1	185.186
0	6.76805
1	245.067
1	237.802
1	198.855
1	312.05
1	230.409
1	223.666
1	250.933
1	202.066
1	259.174
1	182.171
1	248.594
1	152.595
1	170.539
1	162.25
1	128.661
1	296.666
1	121.656
1	171.031
1	257.138
0	42.4707
1	198.144
1	229.47
1	227.401
1	156.375
1	159.054
1	213.038
1	287.538
1	240.35
1	238.45
1	282.322
1	227.922
1	157.105
1	194.838
1	321.874
1	189.221
1	160.462
1	223.374
1	155.056
1	191.778
1	171.01
1	145.541
1	344.536
1	116.096
1	239.376
1	130.246
1	201.17
1	163.231
1	140.058
1	138.84
1	201.474
1	200.542
1	240.444
1	170.711
1	179.025
1	213.981
1	243.478
1	145.509
1	170.725
1	255.867
1	233.851
1	135.546
1	163.062
1	168.057
1	153.822
1	184.89
1	204.149
1	205.194
1	232.766
1	241.654
1	220.817
1	196.167
1	152.296
1	217.643
1	132.087
1	287.488
1	189.46
1	205.904
1	161.511
1	287.276
1	187.338
1	150.227
1	279.584
1	202.786
1	195.869
1	213.083
1	139.489
1	229.548
1	197.219
1	113.664
1	137.169
1	172.613
1	181.073
1	296.481
1	329.417
1	126.684
1	160.224
1	146.328
1	188.159
1	225.016
1	187.64
1	160.164
1	176.52
1	134.465
1	226.515
1	192.762
1	203.25
1	203.72
1	137.094
1	203.948
1	290.817
1	304.703
1	234.389
1	185.011
1	320.803
1	261.528
1	199.606
1	148.031
1	201.949
1	236.379
1	216.72
1	261.316
1	146.648
1	166.458
1	206.032
1	305.173
1	156.748
1	149.633
1	169.856
1	167.521
1	176.513
1	169.886
1	147.943
1	142.651
1	113.759
1	210.938
1	296.739
1	169.104
1	243.036
1	204.567
1	188.812
1	225.552
1	225.447
1	261.404
1	134.872
1	194.542
1	193.233
1	136.098
1	270.836
1	409.231
1	149.925
1	200.346
1	221.595
1	146.937
1	164.888
1	335.77
1	261.571
1	217.728
1	162.31
1	189.691
1	246.63
1	165.373
1	211.994
1	219.731
1	184.946
1	170.742
1	245.956
1	208.983
1	215.064
1	217.614
1	236.391
1	134.854
1	171.298
1	235.696
1	250.013
1	200.718
1	191.55
1	260.364
1	248.746
1	258.852
1	209.298
1	273.574
1	232.994
1	179.113
1	167.061
1	201.209
1	288.484
1	265.544
1	206.315
1	207.386
1	215.927
1	196.108
1	133.957
1	171.964
1	229.637
1	307.775
1	211.662
1	233.45
1	251.796
1	208.678
1	155.862
1	183.098
1	188.636
1	213.402
1	163.038
1	214.776
1	173.04
1	165.186
1	193.222
1	210.635
1	254.856
1	257.426
1	144.619
1	350.422
1	137.231
0	71.7486
1	246.043
1	202.284
1	167.586
1	183.065
1	147.298
1	155.696
1	211.763
1	315.035
1	185.635
1	204.252
1	121.004
1	142.227
1	246.543
1	288.226
1	166.462
1	223.731
1	171.372
1	214.242
1	234.134
1	224.749
1	216.207
1	201.207
1	212.372
1	174.221
1	218.968
1	167.995
1	258.457
1	152.176
1	165.725
1	131.622
1	261.009
1	158.367
1	268.336
1	166.855
1	176.859
1	178.788
1	184.979
1	177.94
1	226.416
1	250.337
1	187.231
1	286.499
1	215.068
1	267.557
1	169.226
1	200.494
1	197.417
1	199.274
1	150.594
1	255.93
1	145.855
1	225.938
1	188.481
1	187.537
1	140.742
1	161.356
1	219.239
1	192.119
1	177.66
1	149.821
1	192.757
1	156.685
1	246.916
1	194.834
1	183.842
1	179.848
1	246.921
1	220.294
1	174.64
1	226.247
1	163.791
1	166.923
1	272.271
1	165.742
1	253.819
1	155.946
1	210.215
1	221.773
1	300.86
1	229.279
1	170.909
1	126.726
1	155.478
1	153.692
1	171.703
1	226.12
1	255.48
1	186.356
1	186.714
1	237.927
1	196.443
1	224.442
1	308.208
1	260.876
1	305.009
1	167.168
1	127.504
0	3.89288
1	176.927
1	261.496
1	211.504
1	133.842
1	209.406
1	191.103
1	215.276
1	173.038
1	180.2
1	189.524
1	220.009
1	146.121
1	235.025
1	182.203
1	271.8
1	327.477
1	276.033
1	159.044
1	287.592
1	164.975
1	169.169
1	195.046
1	122.185
1	123.992
1	143.238
1	185.016
1	215.619
1	162.367
1	173.027
1	304.876
1	138.58
1	337.666
1	358.155
1	191.256
1	210.927
1	188.841
1	303.464
1	228.241
1	161.791
1	267.244
1	202.903
1	162.018
1	266.022
1	260.987
1	163.717
1	163.315
1	231.785
1	211.067
1	169.238
1	161.337
1	205.531
1	168.807
1	271.033
1	182.957
1	217.027
1	242.761
1	294.588
1	308.54
1	207.774
1	252.767
1	244.559
1	146.791
1	158.83
1	336.441
1	227.373
1	144.786
1	275.258
1	237.892
1	180.057
1	152.149
1	237.517
1	204.237
1	186.409
1	262.493
1	174.304
1	198.925
1	207.26
1	185.624
1	297.986
0	29.0512
1	261.97
1	204.78
1	171.58
1	191.561
1	163.746
1	173.865
1	189.073
1	186.097
1	143.488
1	175.34
1	194.61
1	314.522
1	267.4
1	295.314
1	189.241
1	216.514
1	210.639
1	227.179
1	170.328
1	177.684
1	184.29
1	178.938
1	259.953
1	165.713
1	197.04
1	208.628
1	129.505
1	248.574
1	206.63
1	274.207
1	207.133
1	226.461
1	199.091
1	147.24
1	200.32
1	214.82
1	228.04
1	234.342
1	302.252
1	224.523
1	146.753
1	166.734
1	156.479
1	227.268
1	208.706
1	218.044
1	258.462
1	199.697
1	153.95
1	207.642
1	162.913
1	213.747
1	192.877
1	265.121
1	247.737
1	144.579
1	213.493
1	230.531
1	276.134
1	226.882
1	253.885
1	128.019
1	224.025
0	5.46474
1	207.207
1	168.041
1	177.165
1	303.394
1	197.679
1	244.791
1	250.192
1	330.312
1	175.146
1	175.451
1	193.742
1	233.083
1	276.662
1	193.276
1	177.482
1	249.041
1	149.726
1	188.91
1	209.299
1	301.86
1	227.259
1	164.272
1	239.006
1	260.144
1	249.893
1	209.587
1	124.634
1	295.738
1	181.213
1	222.24
1	213.488
1	183.083
1	187.808
1	270.615
1	192.28
1	250.559
1	165.792
1	203.349
1	203.497
1	183.78
1	126.192
1	185.079
1	185.418
1	136.842
1	243.064
1	300.814
1	206.096
1	340.655
1	126.618
1	183.971
1	145.809
1	139.166
1	168.377
1	189.209
1	252.9
1	280.715
1	171.564
1	242.926
1	125.73
1	203.196
1	180.977
1	135.929
1	327.865
1	184.008
1	186.577
1	174.647
0	59.8227
1	221.956
1	176.186
1	185.267
1	206.102
1	131.722
1	225.345
1	152.13
1	145.213
1	208.866
1	145.08
1	208.814
1	153.06
1	205.682
1	179.302
1	173.523
1	157.461
1	109.217
1	217.499
1	208.519
1	221.31
1	176.918
1	225.344
1	231.645
1	207.556
1	153.595
1	259.521
1	242.527
1	204.301
1	160.801
1	209.351
1	232.09
1	172.991
1	158.988
1	208.312
1	195.3
1	136.094
1	214.38
1	228.327
1	253.473
1	230.339
1	135.013
1	204.137
1	246.82
1	163.571
1	212.151
1	167.941
1	210.566
1	178.984
1	202.621
1	241.263
1	198.171
1	144.229
1	157.079
1	328.189
1	227.442
1	223.549
1	299.184
1	182.831
1	238.945
1	221.336
1	269.006
1	197.959
1	194.478
1	159.03
1	190.135
1	237.743
1	170.214
1	173.187
1	307.856
1	191.657
1	212.983
1	174.518
1	171.133
1	162.447
1	225.327
1	282.424
1	196.849
1	269.143
1	147.6
1	164.553
1	180.038
1	158.378
1	222.303
1	206.087
1	124.428
1	126.204
1	190.876
1	201.451
1	135.451
1	161.552
1	163.443
1	155.545
1	206.153
1	223.94
1	185.624
1	198.39
1	139.989
1	296.972
1	154.161
1	142.505
1	141.025
1	219.389
1	208.474
1	250.601
1	154.458
1	245.768
1	355.521
1	199.636
1	255.316
1	246.552
1	204.898
1	176.708
1	328.055
1	271.83
1	292.466
1	277.468
1	254.057
1	321.759
1	171.825
1	252.068
1	222.611
1	208.514
1	196.514
1	239.978
1	195.225
1	242.384
1	201.266
1	323.64
1	374.84
1	188.443
1	166.804
1	157.526
1	178.806
1	205.998
1	184.636
1	215.038
1	242.987
1	134.697
1	233.157
1	171.497
1	189.63
1	168.249
1	200.622
1	190.826
1	152.246
1	156.711
1	212.045
1	175.282
1	163.942
1	228.789
1	272.775
1	214.004
1	215.336
1	181.58
1	248.716
1	241.007
1	216.83
1	219.066
1	168.976
1	192.108
1	185.199
1	154.204
1	185.314
1	255.101
1	188.797
1	209.733
1	250.403
1	146.914
1	182.464
1	156.963
1	251.462
1	163.502
1	169.764
1	174.303
1	162.287
1	209.111
1	173.981
1	158.146
1	217.613
1	202.873
1	240.517
1	121.374
1	235.434
1	279.574
1	139.399
1	178.497
1	269.726
1	235.269
1	199.297
1	134.817
1	226.714
1	206.916
1	173.677
1	236.882
1	253.304
1	167.344
1	166.676
1	187.697
1	262.336
1	177.241
1	271.117
1	234.491
1	395.037
1	213.628
1	168.913
1	195.407
1	140.204
1	234.727
1	189.879
1	155.431
1	145.938
1	337.667
1	321.842
1	261.12
1	190.586
1	173.226
1	197.473
1	214.358
1	207.592
1	174.064
1	174.693
1	222.157
1	158.019
1	166.349
1	208.474
1	192.244
1	210.834
1	243.041
1	134.848
1	207.123
1	253.045
1	159.279
1	221.189
1	175.03
1	160.954
1	179.976
1	137.272
1	202.732
1	227.457
1	262.283
1	361.45
1	210.962
1	221.447
1	206.87
1	190.88
1	189.689
1	145.546
1	215.619
1	208.612
1	204.992
1	299.791
1	233.324
1	141.402
1	242.773
1	193.559
1	163.12
1	156.058
1	199.086
1	172.757
1	215.186
1	205.15
1	168.776
1	138.546
1	220.699
1	213.973
1	149.188
1	178.313
1	174.874
1	217.7
1	199.933
1	247.681
1	246.135
1	185.014
1	234.458
1	117.92
1	171.488
1	210.881
1	369.925
1	197.096
1	194.129
1	209.885
1	196.56
1	226.624
1	179.934
1	207.431
1	209.608
1	296.292
1	177.452
1	182.966
1	220.472
1	270.977
1	294.095
1	141.592
1	201.884
1	188.273
1	172.609
1	235.238
1	250.8
1	297.052
1	315.194
1	188.392
1	188.616
1	247.513
1	155.328
1	179.804
1	152.006
1	179.462
1	235.242
1	213.378
1	148.502
1	209.983
1	315.715
1	263.541
1	189.598
1	244.089
1	296.854
1	164.349
1	210.037
1	186.363
1	199.626
1	164.382
1	181.303
1	236.593
1	200.101
1	195.294
1	121.814
1	408.757
1	173.899
1	118.526
1	157.332
1	249.663
1	196.372
