10000	64	9900	0.00347222
0.025641	3.96635	28403.4	1.83618
1	182.688
1	199.344
1	194.902
1	174.908
1	178.427
1	222.995
1	169.568
1	316.574
1	201.951
1	169.777
1	139.61
1	271.296
1	168.874
1	192.387
1	209.884
1	343.445
1	176.499
1	176.242
1	164.765
1	217.831
1	176.54
1	132.642
1	184.219
1	183.066
1	230.541
1	181.137
1	400.374
1	150.477
0	69.6117
1	244.393
1	196.404
1	256.05
1	155.754
1	140.65
1	332.133
1	251.209
1	245.075
1	184.663
1	205.858
1	156.85
1	221.385
1	227.509
1	236.425
1	185.919
1	179.731
1	210.602
1	274.078
1	222.743
1	182.089
1	229.54
1	194.724
1	172.378
1	248.672
1	309.96
1	232.672
1	185.065
1	153.523
1	166.993
1	216.424
1	188.39
1	202.157
1	165.829
1	259.563
1	119.702
1	172.754
1	182.167
1	198.055
1	164.686
1	178.468
1	209.153
1	143.621
1	222.574
1	216.188
1	284.772
1	136.511
1	244.677
1	213.441
1	183.95
1	292.473
1	176.885
1	276.797
1	315.697
1	203.658
1	165.253
1	111.995
1	124.839
1	209.02
1	257.636
1	178.963
1	158.85
1	184.498
1	234.475
1	177.686
1	185.223
1	227.13
1	160.617
1	181.01
1	197.967
1	167.005
1	204.074
1	253.748
1	372.855
1	145.636
1	222.75
1	241.197
1	252.089
1	233.322
1	245.223
1	149.407
1	219.423
1	295.889
1	282.068
1	240.104
1	168.766
1	151.493
1	171.614
1	239.128
1	311.544
1	151.679
1	208.534
1	231.301
1	305.795
1	235.474
1	265.764
1	194.687
1	167.462
1	153.724
1	156.296
1	165.385
1	203.644
1	299.457
1	158.901
1	156.928
1	395.846
1	145.519
1	198.831
1	224.645
1	185.384
1	176.646
1	167.056
1	165.596
1	284.022
1	286.91
1	203.844
1	163.265
1	198.354
1	206.149
1	197.368
1	192.743
1	188.648
1	151.572
1	136.584
1	157.526
1	186.458
1	254.776
1	203.008
1	140.78
1	200.139
1	141.387
1	104.976
1	170.538
1	171.323
1	238.769
1	211.549
1	141.818
1	194.869
1	177.187
1	174.181
1	151.528
1	155.864
1	221.025
1	167.204
1	205.697
1	229.843
1	121.64
1	133.29
1	148.535
1	239.723
1	228.589
1	152.273
1	161.747
1	186.137
1	354.628
1	216.554
1	158.964
1	273.312
1	160.586
1	193.084
1	183.379
1	137.876
1	247.841
1	164.172
1	207.951
1	199.275
1	188.66
1	144.589
1	213.448
1	163.897
1	194.609
1	175.937
1	182.864
1	189.996
1	186.163
1	164.694
1	174.487
1	205.408
1	174.425
1	234.234
1	253.393
1	207.953
1	151.672
1	204.372
1	179.895
1	259.923
1	220.82
1	257.08
1	129.407
1	151.241
1	234.996
1	124.114
1	138.614
1	186.583
1	249.537
1	203.89
1	189.084
1	161.6
1	131.344
1	247.059
1	138.651
1	146.23
1	240.164
1	201.607
1	175.283
1	152.223
1	182.547
1	200.465
1	182.636
1	148.026
1	232.97
1	132.328
1	134.323
1	171.377
1	182.238
1	136.383
1	170.178
1	213.901
1	187.258
1	216.442
1	195.525
1	213.327
1	407.329
1	179.555
1	206.352
1	450.792
0	22.1011
1	295.466
1	200.279
1	166.433
1	252.629
1	224.227
1	217.385
1	189.026
1	138.717
1	181.66
1	252.063
1	274.409
1	170.611
1	143.536
1	221.683
1	304.905
1	293.615
1	210.648
1	205.438
1	154.151
1	144.162
1	181.441
1	160.075
1	147.316
1	160.273
1	229.002
1	147.011
1	183.03
1	207.79
1	171.145
1	151.281
1	253.997
1	216.043
1	385.792
1	178.004
1	209.519
1	188.924
1	295.723
1	161.493
1	236.431
1	139.082
1	169.745
1	140.471
1	237.17
1	152.272
1	155.969
1	154.484
1	188.44
1	252.293
1	172.105
1	149
1	177.203
1	187.23
1	160.144
1	214.526
1	126.986
1	232.9
1	155.401
1	178.852
1	247.933
1	281.299
1	230.256
1	202.694
1	172.215
1	334.139
1	138.955
1	212.556
1	178.192
1	242.11
1	194.241
1	194.414
1	249.687
1	149.344
1	190.849
1	183.376
1	196.096
1	218.998
1	241.352
1	164.252
1	265.137
1	261.587
1	180.821
1	202.188
1	188.508
1	138.173
1	214.155
1	142.777
1	200.345
1	173.182
1	161.08
1	190.754
1	137.717
1	218.238
1	144.172
1	151.115
1	304.984
1	190.611
1	209.66
1	186.828
1	199.07
1	274.98
1	195.145
1	241.482
1	150.663
1	228.972
1	199.919
1	235.456
1	167.908
1	223.223
1	145.968
1	226.805
1	210.783
1	190.568
1	222.389
1	200.474
1	236.177
1	266.096
1	146.518
1	209.301
1	251.869
1	239.597
0	4.73281
1	174.521
1	172.03
1	192.805
1	182.849
1	207.46
1	176.825
1	209.949
1	140.726
1	134.634
1	173.357
1	178.095
1	211.341
1	157.46
1	180.5
1	276.571
1	254.234
1	194.202
1	248.021
1	193.287
1	237.284
1	281.311
1	149.025
1	173.788
1	171.651
1	192.826
1	206.704
1	182.568
1	222.354
1	159.638
1	357.841
1	206.224
1	152.998
1	209.132
1	150.032
1	245.474
1	193.584
1	206.11
1	270.228
1	172.239
1	206.675
1	133.489
1	203.601
1	142.663
1	216.655
1	161.069
1	144.113
1	197.274
1	260.8
1	201.783
1	182.103
1	125.478
1	183.465
1	192.822
1	156.517
1	165.039
1	152.199
1	191.03
1	266.412
1	203.915
1	243.526
1	204.167
1	242.584
1	280.929
1	194.033
1	194.175
1	150.601
1	196.583
1	205.301
1	166.651
1	239.053
1	244.977
1	164.497
1	192.306
1	251.368
1	233.181
1	160.411
1	230.36
1	220.85
1	229.266
1	208.833
1	168.905
1	159.586
1	122.158
1	159.44
1	185.283
1	151.306
1	223.988
1	139.116
1	232.166
1	167.984
1	157.789
1	213.068
1	173.437
1	185.478
1	134.952
1	450.545
1	144.973
1	242.543
1	195.371
1	244.855
1	200.966
1	148.044
1	212.728
1	133.926
1	189.941
1	188.015
1	184.874
1	146.5
1	209.48
1	279.159
1	162.048
1	194.161
1	251.754
0	30.07
1	223.763
1	133.742
1	183.608
1	194.362
1	248.202
1	215.242
1	213.512
1	168.141
1	173.235
1	194.711
1	285.431
1	343.267
1	208.667
1	230.213
1	240.536
1	177.057
1	199.311
1	176.41
1	164.546
1	162.045
1	208.543
1	234.797
1	205.191
1	154.504
1	169.219
1	228.159
1	163.537
1	134.722
1	230.59
1	224.995
1	229.442
1	188.046
1	222.532
1	194.82
1	142.453
1	156.171
1	255.072
1	242.814
1	170.959
1	248.65
1	161.775
1	232.938
1	209.205
1	253.891
1	136.685
1	171.8
1	132.013
1	146.6
1	211.944
1	162.036
1	205.614
1	207.655
1	170.611
1	158.879
1	220.585
1	182.589
1	176.558
1	211.389
1	179.806
1	177.299
1	202.351
1	158.013
1	347.001
1	139.022
1	240.39
1	271.877
1	215.369
1	208.297
1	296.003
1	385.657
1	144.456
1	234.55
1	198.129
1	211.428
1	292.79
1	160.514
1	255.517
1	262.952
1	193.571
1	158.713
1	168.749
1	181.862
1	204.226
1	225.528
1	159.545
1	277.346
1	238.731
1	142.338
1	243.969
1	354.048
1	356.976
1	195.511
1	251.488
1	209.542
1	159.176
1	141.169
1	219.159
1	256.13
1	184.748
1	170.066
1	197.742
1	262.805
1	203.436
1	181.071
1	161.07
1	167.268
1	188.543
1	194.378
1	161.047
1	150.122
1	158.957
1	190.816
1	197.897
1	165.505
1	288.177
1	207.404
1	177.511
1	190.477
0	15.2932
1	151.949
1	237.986
1	134.596
1	220.664
1	135.738
1	182.13
1	210.706
1	331.526
1	251.687
1	195
1	191.927
1	224.107
1	183.606
1	244.016
1	268.598
1	154.761
1	155.685
1	255.07
1	211.9
1	158.075
1	235.846
1	160.134
1	193.389
1	266.659
1	230.705
1	206.579
1	218.687
1	168.048
1	194.115
1	207.606
1	181.593
1	202.418
1	182.424
1	175.115
1	251.231
1	363.439
1	235.421
1	216.102
1	261.077
1	293.623
1	158.379
1	138.369
1	147.077
1	280.679
1	154.704
1	180.641
1	206.399
1	152.27
1	169.905
1	198.983
1	263.435
1	157.768
1	239.334
1	171.684
1	173.354
1	246.689
1	239.893
1	267.796
1	200.932
1	242.471
1	200
1	179.071
1	220.013
1	222.406
1	216.009
1	226.339
1	129.589
1	217.221
1	180.228
1	294.984
1	278.573
1	271.659
1	207.757
1	248.364
1	229.606
1	229.893
1	141.729
1	179.608
1	172.507
1	231.429
1	150.85
1	199.564
1	204.946
1	225.32
1	227.774
1	161.709
1	385.72
1	179.144
1	184.328
1	184.996
1	168.553
1	192.655
1	195.589
1	175.342
1	195.275
1	216.706
1	235.324
1	185.048
1	198.149
1	178.52
1	147.893
1	173.559
1	190.773
1	167.23
1	190.227
1	205.97
1	142.995
1	160.122
1	184.557
1	149.321
1	165.053
1	182.158
1	218.084
1	170.362
1	170.829
1	157.394
1	280.005
1	139.105
1	216.412
1	232.468
1	195.024
1	117.122
1	248.574
1	255.015
1	194.832
1	207.848
1	202.464
1	182.31
1	244.387
1	142.1
1	186.256
1	224.841
1	159.467
1	199.85
1	212.296
1	177.109
1	247.469
1	346.029
1	261.742
1	193.831
1	220.749
1	194.552
1	241.839
1	158.002
1	242.857
1	152.843
1	357.3
1	364.808
1	199.374
1	166.091
1	329.686
1	142.027
1	235.988
1	182.059
1	145.697
1	189.895
1	265.373
1	230.095
1	182.56
1	170.843
1	320.205
1	154.754
1	174.366
1	219.689
1	153.191
1	163.059
1	220.438
1	173.405
1	205.926
1	257.991
1	304.907
1	154.299
1	157.604
1	206.209
1	127.92
1	207.608
1	231.591
1	205.965
1	161.441
1	282.967
1	151.988
1	180.666
1	178.611
1	234.322
1	243.784
1	185.418
1	234.758
1	284.807
1	208.225
1	343.018
1	183.728
1	274.008
1	365.184
1	268.3
1	235.735
1	221.464
0	18.2185
1	208.665
1	168.937
1	169.637
1	191.707
1	245.595
1	253.3
1	129.811
1	214.938
1	192.014
1	146.59
1	288.569
1	131.357
1	192.975
1	217.795
1	189.467
1	171.404
1	175.23
1	276.152
1	190.45
1	169.941
1	237.64
1	184.422
1	339.052
1	250.895
1	190.557
1	165.746
1	252.157
1	138.866
1	128.842
1	260.506
1	191.56
1	190.935
1	210.757
1	240.96
1	272.736
1	215.292
1	219.953
1	244.785
1	175.014
1	174.739
1	184.878
1	228.568
1	211.67
1	197.881
1	259.704
1	193.07
1	163.587
1	264.328
1	213.941
1	169.339
1	172.562
1	220.075
1	162.291
1	158.312
1	277.689
1	129.059
1	209.033
1	157.813
1	169.73
1	195.169
1	193.931
1	270.456
1	197.406
1	196.663
1	241.025
1	183.489
1	136.555
1	139.373
1	219.367
1	258.741
1	187.36
1	328.454
1	215.069
1	233.691
1	297.798
1	217.198
1	273.389
1	249.411
1	203.581
1	197.722
1	296.528
1	182.693
1	195.151
1	184.52
1	383.092
0	17.2027
1	250.502
1	257.883
1	196.702
1	226.035
1	263.674
1	325.737
1	266.827
1	125.974
1	217.343
1	148.066
1	203.51
1	138.549
1	192.355
1	186.566
1	198.809
1	292.304
1	138.489
1	289.569
1	162.45
1	185.881
0	201.115
1	182.502
1	255.442
1	190.299
1	163.891
1	398.716
1	167.101
1	170.722
1	171.317
1	215.423
1	302.864
1	332.841
1	197.105
1	163.309
1	180.571
1	161.4
1	315.523
1	158.648
1	269.912
1	191.723
1	148.783
1	218.169
1	234.677
1	219.307
1	213.772
1	264.577
1	185.206
1	176.51
1	351.055
1	118.966
1	230.199
1	189.015
1	167.413
1	217.61
1	158.663
1	222.046
1	166.603
1	239.061
1	182.464
1	133.538
1	184.955
1	153.486
1	220.963
1	337.468
1	206.423
1	147.469
1	219.409
1	165.256
1	211.817
1	179.769
1	170.29
1	226.753
1	170.002
1	161.352
1	248.388
1	175.308
1	382.87
1	144.125
1	128.825
1	221.876
1	187.487
1	123.105
1	248.537
1	213.81
1	242.785
1	186.158
1	144.584
1	256.541
1	182.816
1	165.799
1	199.843
1	253.816
1	150.773
1	196.464
1	290.917
1	263.604
1	147.129
1	171.627
1	193.413
1	175.91
1	222.816
1	181.73
1	212.332
1	138.157
1	172.884
1	226.615
1	213.519
1	131.547
0	4.82342
1	200.835
1	205.405
1	234.697
1	269.234
1	169.511
1	169.366
1	316.822
1	140.987
1	250.791
1	142.898
1	145.031
1	214.053
1	245.154
1	168.785
1	146.563
1	166.994
1	166.381
1	279.778
1	258.652
1	205.887
1	163.742
1	189.601
1	200.297
1	165.817
1	204.251
1	201.376
1	224.108
1	266.434
1	174.169
1	170.971
1	218.166
1	196.455
1	214.573
1	224.796
1	234.912
1	203.215
1	130.248
1	189.311
1	154.132
1	151.499
1	218.53
1	224.995
1	288.134
1	203.788
1	188.658
1	203.609
1	142.032
1	151.356
1	189.358
1	229.372
1	162.961
1	275.309
1	291.478
1	136.096
1	323.314
1	169.824
1	213.639
1	145.001
1	177.031
1	229.087
1	208.127
1	204.292
1	161.808
1	217.037
1	187.83
1	153.146
1	266.388
1	319.186
1	162.97
1	128.508
1	175.647
1	164.437
1	185.238
1	171.211
1	214.279
1	426.099
1	236.832
1	170.457
1	210.969
1	289.272
1	186.8
1	165.189
1	167.761
1	243.161
1	181.598
1	262.894
1	138.893
1	238.474
1	193.758
1	255.393
1	247.164
1	175.165
1	128.026
1	154.616
1	225.822
1	212.511
1	209.846
1	165.547
1	131.156
1	191.989
1	154.826
1	180.691
1	196.039
1	272.564
1	215.304
1	176.822
1	192.133
1	193.027
1	199.063
1	241.012
1	229.762
1	139.463
1	190.947
1	259.627
1	181.275
1	182.603
1	170.772
1	216.484
1	239.559
1	147.354
1	142.866
1	195.023
1	335.801
1	174.391
1	163.423
1	220.752
1	170.884
1	231.364
1	221.94
1	240.036
1	166.301
1	204.009
1	197.688
1	120.76
1	330.509
1	159.116
1	224.224
1	217.99
1	188.549
1	261.087
1	216.78
1	172.821
1	127.117
1	373.421
1	172.493
1	201.99
1	246.567
1	161.136
1	139.377
1	269.387
1	172.669
1	226.262
1	223.945
1	212.946
1	266.133
1	196.454
1	167.913
1	154.739
1	243.059
1	247.34
1	333.552
1	208.374
1	211.932
1	150.449
1	185.579
1	231.176
1	231.166
1	204.392
1	353.212
1	197.866
1	168.519
1	146.952
1	253.827
1	170.619
1	232.379
1	207.315
1	169.809
1	184.816
1	186.558
1	204.332
1	179.377
1	247.98
1	208.383
1	188.947
1	228.032
1	167.27
1	185.158
1	135.078
1	213.929
1	224.059
1	223.885
1	180.437
1	236.94
1	150.569
1	218.056
1	210.253
1	203.512
1	176.942
1	145.466
0	2.37462
1	190.388
1	206.471
1	193.723
1	223.947
1	229.728
1	264.692
1	180.343
1	185.166
1	114.203
1	131.388
1	139.49
1	169.806
1	266.447
1	164.95
1	170.538
1	159.803
1	224.409
1	200.992
1	207.411
1	227.411
1	146.892
1	235.235
1	162.497
1	165.247
1	122.85
1	227.055
1	219.689
1	261.226
1	179.585
1	147.753
1	179.674
1	223.394
1	249.958
1	200.498
1	162.948
1	164.226
1	240.527
1	258.744
1	197.052
1	174.756
1	166.871
1	248.162
1	225.647
1	215.298
1	343.905
1	136.52
1	275.482
1	288.493
1	144.025
1	207.345
1	224.083
1	276.319
1	255.678
1	119.717
1	323.941
1	178.097
1	194.181
1	183.797
1	165.371
1	187.172
1	307.118
1	355.235
1	207.558
1	189.818
0	5.59375
1	143.161
1	140.821
1	189.137
1	176.437
1	247.573
1	165.822
1	159.833
1	108.847
1	192.728
1	193.998
1	150.856
1	192.079
1	170.348
1	159.116
1	203.172
1	219.011
1	401.543
1	284.225
1	170.512
1	140.258
1	238.664
1	206.192
1	231.495
1	203.787
1	180.223
1	209.853
1	226.57
1	241.619
1	140.152
1	170.353
1	127.665
1	287.177
1	209.151
1	220.912
1	293.014
1	329.743
1	214.646
1	167.747
1	162.073
1	172.222
1	200.069
1	281.821
1	224.103
1	237.587
1	239.934
1	284.261
1	173.192
1	174.208
1	183.915
1	456.264
1	181.289
1	211.478
1	124.694
1	160.939
1	163.621
1	250.818
1	225.158
1	157.187
1	239.589
1	282.235
1	175.787
1	146.281
1	155.246
1	216.14
1	163.343
1	348.944
1	230.243
1	192.923
1	159.512
1	160.077
1	219.997
1	189.273
1	160.115
1	151.84
1	131.948
1	236.385
1	200.647
1	225.854
1	243.134
1	256.809
1	190.293
1	207.359
1	241.935
1	138.467
1	225.582
1	142.278
1	200.655
1	164.934
1	136.218
1	263.403
1	209.627
1	204.888
1	221.042
1	178.63
1	187.957
1	267.052
1	199.526
1	152.73
1	256.177
1	199.754
1	247.051
1	257.662
1	153.886
1	223.713
1	187.573
1	299.108
1	163.571
1	200.913
1	291.857
1	151.216
1	176.392
1	171.585
1	313.622
1	139.302
1	206.155
1	183.979
1	157.886
1	185.621
1	187.652
1	181.12
1	231.001
1	141.006
1	190.802
1	244.774
1	155.865
1	202.846
1	155.606
1	194.474
1	169.889
1	189.641
1	241.985
1	310.138
1	269.401
1	168.149
1	154.282
1	151.22
1	235.651
1	238.102
1	229.089
1	171.638
1	195.888
1	199.785
1	264.094
1	258.784
1	268.807
1	197.79
1	222.851
1	261.264
1	214.861
1	215.823
1	189.475
1	190.5
1	185.437
1	177.788
1	243.352
1	156.547
1	193.077
1	226.46
1	146.625
1	158.051
1	232.394
1	235.085
1	241.355
1	218.953
1	204.603
1	183.717
1	131.488
1	170.21
1	163.434
1	166.393
1	314.396
1	259.694
1	156.212
1	209.023
1	212.318
1	221.614
1	223.719
1	221.627
1	164.842
1	159.174
1	184.367
1	221.438
1	191.718
1	158.831
1	173.982
1	277.087
1	220.12
1	146.978
1	281.104
1	197.891
1	209.249
1	139.134
1	283.593
1	162.518
1	185.47
1	140.082
1	170.013
1	154.311
1	245.115
1	170.649
1	169.664
1	191.519
1	179.627
1	244.444
1	149.621
1	197.024
1	165.197
1	201.257
1	168.893
1	176.368
1	211.988
1	309.168
1	160.39
1	185.158
1	187.696
1	192.583
1	191.041
1	644.536
1	137.632
1	154.814
1	252.505
1	165.978
1	125.714
1	199.824
1	224.706
1	175.493
1	237.488
1	182.792
1	124.792
1	188.996
1	160.573
1	132.268
1	170.638
1	198.595
1	180.394
1	166.326
1	242.933
1	226.435
1	187.374
1	144.613
1	210.105
1	158.756
1	203.238
1	169.173
1	194.18
1	306.152
1	205.822
1	218.22
1	140.81
1	133.538
1	194.971
1	189.679
1	192.459
1	132.363
1	265.143
1	190.347
1	218.626
1	225.479
1	174.037
1	156.443
1	159.952
1	190.757
1	253.375
1	214.208
1	185.163
1	135.909
1	175.022
1	299.161
1	272.529
0	8.78269
1	209.642
1	321.438
1	243.947
1	169.803
1	240.317
1	211.898
1	221.258
1	197.384
1	253.512
1	189.041
1	187.35
1	323.057
1	161.161
1	156.433
1	306.273
1	164.58
1	176.476
1	211.671
1	132.949
1	233.835
1	184.68
1	201.023
1	166.804
1	163.611
1	255.312
1	209.279
1	228.819
1	324.679
1	162.488
1	274.219
1	144.176
1	234.365
1	169.2
1	198.182
1	191.505
1	205.898
1	244.925
1	236.153
1	244.915
1	209.618
1	146.422
1	167.842
1	173.478
1	206.915
1	222.886
1	238.866
1	194.808
1	231.417
1	179.732
1	241.613
1	188.195
1	221.055
1	281.268
1	127.165
1	272.809
1	144.22
1	190.698
1	247.346
1	160.909
1	265.005
1	192.783
1	212.886
1	185.981
1	268.441
1	218.476
1	168.053
1	187.1
1	270.6
1	181.748
1	234.533
1	265.095
1	192.146
1	199.406
1	145.68
1	179.735
1	122.767
1	236.063
1	147.238
1	157.979
1	206.691
1	244.4
1	197.97
1	176.918
1	252.01
1	333.58
1	141.228
1	269.345
1	134.269
1	255.873
1	223.41
1	193.719
1	206.313
1	194.866
1	176.305
1	230.472
1	185.39
1	236.293
1	347.085
1	192.825
1	140.129
1	209.416
1	269.349
1	280.252
1	145.898
1	197.222
1	190.983
0	50.2791
1	291.03
1	165.889
1	159.422
1	128.174
1	237.807
1	161.939
1	158.111
1	162.919
1	167.776
1	158.289
1	195.079
1	196.594
1	177.809
1	238.474
1	270.437
1	249.238
1	144.021
1	205.954
1	178.532
1	353.868
1	170.53
1	175.82
1	223.773
1	243.182
1	133.303
1	360.717
1	226.374
1	287.494
1	373.267
1	190.62
1	137.729
1	143.33
1	183.121
1	189.019
1	302.453
1	211.614
1	142.556
1	189.134
1	171.515
1	192.441
1	298.759
1	238.824
1	266.479
1	297.812
1	299.458
1	275.954
1	450.151
1	213.889
1	123.224
1	174.224
1	128.645
1	112.835
1	205.371
1	239.072
1	166.463
1	288.827
1	172.75
1	157.382
1	168.465
1	258.784
1	180.251
1	240.941
1	247.831
1	271.425
1	193.315
1	176.277
1	150.674
1	173.228
1	119.461
1	294.762
1	158.228
1	230.181
1	274.971
1	210.751
1	147.435
1	158.433
1	202.589
1	300.745
1	244.034
1	272.438
1	241.424
1	245.518
1	148.909
1	139.814
1	281.941
1	205.061
1	301.419
1	184.193
1	226.205
1	250.779
1	138.256
1	200.047
1	213.108
1	248.825
1	173.857
1	209.589
1	208.47
1	225.451
1	221.153
1	187.473
1	332.325
1	201.397
1	315.33
1	231.609
1	161.168
1	204.791
1	240.409
1	185.64
1	200.305
1	167.317
1	179.021
1	258.73
1	203.481
1	175.974
1	184.48
1	178.631
1	167.507
1	231.342
1	161.355
1	186.344
1	217.193
1	206.705
1	142.284
1	174.921
1	203.423
1	232.177
1	157.897
1	173.647
1	167.164
1	132.528
1	164.47
1	182.341
1	358.088
1	309.089
1	254.91
1	174.614
1	152.771
1	247.928
1	211.862
1	231.344
1	159.153
1	227.294
1	128.497
1	134.833
1	261.155
1	149.254
1	176.494
1	182.169
1	185.875
1	116.637
1	196.838
1	206.605
1	124.935
1	196.406
1	144.855
1	223.439
1	168.748
1	187.453
1	205.81
1	244.02
1	193.406
1	217.086
1	224.407
1	319.684
1	223.046
1	215.823
1	165.234
1	142.096
1	165.857
1	207.986
1	217.926
1	191.288
1	260.273
1	187.452
1	238.642
1	226.148
1	197.203
1	221.846
1	185.358
1	149.759
1	156.298
1	156.114
1	248.435
1	136.142
1	250.753
1	246.323
1	167.583
1	239.906
1	158.884
1	186.175
1	235.736
1	120.288
1	209
1	220.016
1	259.643
1	210.173
1	206.071
1	182.572
1	182.874
1	136.903
1	218.955
1	248.05
1	233.028
1	176.581
1	166.265
1	282.628
1	183.787
1	180.624
1	167.79
1	181.357
1	164.015
1	238.682
1	246.627
1	200.878
1	161.451
1	306.649
1	182.426
1	129.853
1	219.041
1	147.655
1	173.028
1	138.847
1	232.146
1	185.867
1	219.596
1	175.366
1	202.221
1	235.974
1	338.09
1	285.218
1	186.625
1	249.307
1	274.482
1	239.709
1	159.906
1	275.28
1	209.577
1	254.696
1	270.629
1	133.505
1	226.036
1	229.115
1	291.058
1	181.904
1	151.406
1	159.145
1	198.34
1	192.463
1	162.264
1	177.533
1	208.667
1	154.735
1	205.106
1	129.001
1	192.444
1	178.018
1	228.605
1	213.036
1	206.348
1	177.801
0	185.186
1	216.604
1	209.416
1	215.266
1	181.257
1	172.111
1	137.602
1	153.783
1	168.349
1	221.209
1	216.502
1	150.282
1	185.85
1	242.262
1	214.309
1	149.116
1	155.607
1	172.665
1	179.348
1	139.423
1	264.846
1	173.602
1	294.6
1	307.871
1	148.43
1	159.115
1	174.45
1	167.782
1	251.424
0	32.3924
1	182.976
1	161.454
1	160.244
1	217.603
1	190.763
1	191.119
1	242.714
1	220.21
1	284.648
1	207.05
1	194.503
1	193.576
1	160.926
1	156.017
1	230.215
1	142.845
1	200.736
1	237.074
1	216.249
1	178.003
1	144.031
1	150.145
1	225.669
1	142.623
1	187.958
1	205.655
1	177.266
1	200.65
1	212.867
1	231.337
1	199.279
1	197.763
1	192.416
1	149.184
1	126.336
1	183.612
1	237.867
1	266.478
1	152.946
1	233.644
1	209.379
1	233.202
1	248.678
1	169.823
1	175.329
1	163.527
1	210.624
1	218.47
0	17.1973
1	184.953
1	167.565
1	172.307
1	180.974
1	288.272
1	245.053
1	190.221
1	165.647
1	140.834
1	190.904
1	131.298
1	228.544
1	188.494
1	253.253
1	206.489
1	150.26
1	187.891
1	300.649
1	179.603
1	138.11
1	260.294
1	195.544
1	279.643
1	241.445
1	136.177
1	161.41
1	144.073
1	190.297
1	197.276
1	154.349
1	262.508
1	181.353
1	177.839
1	234.621
1	254.804
1	231.162
1	208.558
1	161.944
0	6.90375e-05
1	166.247
1	256.926
1	155.604
1	188.065
1	155.085
1	199.297
1	179.329
1	232.574
1	205.605
1	189.662
1	208.514
1	217.801
1	242.918
1	229.568
1	159.296
1	178.164
1	269.02
0	45.7198
1	191.705
1	201.305
1	241.137
1	183.57
1	144.828
1	307.487
1	231.425
1	152.702
1	151.747
1	174.402
1	232.97
1	172.133
1	138.268
1	261.365
1	301.907
1	213.371
1	158.702
1	224.398
1	250.443
0	47.1328
1	214.805
1	253.035
1	174.484
1	163.193
1	176.669
1	158.293
1	167.114
0	87.5707
1	174.574
1	173.303
1	203.705
1	173.098
1	345.596
1	182.158
1	171.885
1	158.125
1	222.564
1	286.733
1	206.944
1	283.043
1	305.603
1	163.495
1	179.201
1	150.182
1	245.078
1	247.775
1	250.937
1	157.616
1	232.134
1	167.404
1	129.451
1	139.872
1	207.756
1	181.631
1	173.413
1	185.262
1	228.499
1	193.175
1	261.285
1	164.25
1	159.526
1	243.703
1	200.593
1	137.274
1	252.876
1	164.119
1	200.874
1	283.457
1	176.165
1	174.593
1	159.039
1	195.591
1	216.665
1	268.875
1	153.288
1	156.005
1	147.765
1	177.219
1	177.195
1	206.544
1	170.624
1	259.35
1	173.724
1	146.602
1	277.647
1	168.801
1	225.15
1	237.5
1	177.113
1	218.405
1	215.553
1	262.406
1	209.995
1	215.853
1	193.667
1	223.184
1	194.649
1	336.991
1	245.841
1	195.837
1	287.663
1	150.803
1	123.769
1	334.766
1	242.757
1	210.416
1	189.921
1	242.998
1	199.682
1	191.444
1	157.792
1	170.347
1	186.073
1	186.508
1	190.599
1	204.367
1	232.968
1	189.804
1	187.619
1	291.794
1	250.025
1	197.16
1	126.602
1	225.39
1	220.175
1	260.823
1	171.866
1	141.144
1	283.054
1	159.252
1	317.978
1	175.948
1	201.738
1	211.237
1	196.636
1	165.475
1	275.165
1	138.848
1	159.782
1	270.939
1	219.518
1	253.039
1	144.562
1	153.71
1	182.139
1	214.855
1	227.38
1	129.154
1	203.15
1	211.013
1	219.16
1	198.191
1	144.008
0	7.88106
1	231.1
1	216.001
1	181.84
0	43.4989
1	222.563
1	289.756
1	296.157
1	243.103
1	159.796
1	180.239
1	207.895
1	210.854
1	218.07
1	171.287
1	185.989
1	209.778
1	313.748
1	169.325
1	218.67
1	235.389
1	137.743
1	200.677
1	151.586
1	200.56
1	206.613
1	212.407
1	189.15
1	196.574
1	204.192
1	226.317
1	219.262
1	164.854
1	188.907
1	184.069
1	219.383
1	205.541
1	233.921
1	220.8
1	169.339
1	168.993
1	202.77
1	183.847
1	246.187
1	196.635
1	221.717
1	136.871
1	236.652
1	180.926
1	146.315
1	174.074
1	206.65
1	176.928
1	176.346
1	175.581
1	173.351
1	181.544
1	188.988
1	245.016
1	181.679
1	317.422
1	175.759
1	205.8
1	192.049
1	186.435
1	199.138
1	175.967
1	136.366
1	181.485
1	156.682
1	187.664
1	286.763
1	210.839
1	307.238
1	152.234
1	239.076
1	194.505
1	164.48
1	262.171
1	262.952
1	168.115
1	233.472
1	231.655
1	203.698
1	274.795
1	151.112
1	139.251
1	180.117
1	132.271
1	302.253
1	165.488
1	178.277
1	212.446
1	233.575
1	164.371
1	360.236
1	175.367
1	171.14
1	199.273
1	151.07
1	268.236
1	253.541
1	208.559
1	309.044
1	357.983
1	141.136
1	209.846
1	246.604
1	194.219
1	233.423
1	154.899
1	182.793
1	215.837
1	167.764
1	352.007
1	127.318
1	164.082
1	254.03
1	141.276
1	252.543
1	188.327
1	327.513
1	257.905
1	331.853
1	168.569
1	223.878
1	246.789
1	195.296
1	182.454
1	200.922
1	218.86
1	152.548
1	175.509
1	227.196
1	172.111
1	176.774
1	189.398
1	150.582
1	192.345
1	273.292
1	166.779
1	161.525
1	259.943
1	172.175
1	277.508
1	235.722
1	178.485
1	222.407
1	167.846
1	195.88
1	173.314
1	184.03
1	196.648
1	157.838
1	187.807
1	201.196
1	167.075
1	210.05
1	214.022
1	181.052
1	339.653
1	257.754
1	216.272
1	211.922
1	195.871
1	228.058
1	239.995
1	173.827
1	195.064
1	156.858
1	233.144
1	180.781
0	40.1926
1	181.619
1	123.94
1	264.113
1	179.764
1	199.418
1	133.229
1	191.327
1	180.318
1	252.453
1	203.542
1	174.191
1	228.237
1	183.106
1	212.794
1	301.16
1	217.363
1	194.292
1	199.336
1	125.832
1	234.239
1	263.804
1	148.059
1	173.195
1	305.314
1	193.385
1	235.675
1	202.33
1	249.699
1	144.912
1	266.726
1	157.333
1	166.272
1	139.107
1	197.499
1	259.948
1	159.276
1	130.268
1	122.389
1	196.714
1	190.725
1	196.202
1	181.814
1	238.264
1	155.93
1	139.349
1	293.844
1	156.568
1	331.52
1	291.18
1	296.539
1	377.304
1	184.126
1	277.546
1	142.309
1	142.55
1	196.587
1	151.004
1	218.227
1	142.056
1	182.035
1	193.258
1	162.66
1	216.748
1	220.117
1	172.618
1	147.186
1	176.061
1	144.449
1	214.005
1	178.732
1	91.3582
1	260.739
1	196.973
1	205.712
1	170.248
1	193.884
1	199.064
1	259.293
1	174.715
1	155.336
1	175.043
1	220.55
1	185.522
1	235.977
1	215.891
1	211.829
1	254.615
1	198.134
1	220.513
1	226.528
1	173.609
1	168.19
1	147.686
1	193.889
1	180.381
1	167.584
1	181.12
1	260.866
1	181.99
1	286.863
1	160.469
1	327.485
1	149.579
1	209.612
1	224.127
1	217.835
1	222.611
1	249.131
1	313.851
1	178.686
1	150.432
1	178.148
1	205.837
1	178.785
1	269.773
1	350.331
1	173.984
1	159.2
1	177.716
1	242.52
1	217.49
1	146.542
1	191.229
1	224.318
1	172.154
1	207.987
1	209.154
1	213.092
1	279.784
1	148.019
1	220.631
1	184.957
1	261.372
1	190.415
1	272.238
1	247.248
1	258.083
1	143.796
1	149.69
1	203.081
1	242.903
1	242.232
1	224.403
1	211.916
1	248.997
1	168.738
1	187.047
1	174.015
1	164.547
1	182.904
1	156.408
1	267.135
0	0.605407
1	190.022
1	207.698
1	221.358
1	186.89
1	183.449
1	216.279
1	263.888
1	190.119
1	214.405
1	310.289
1	345.63
1	265.979
1	143.578
1	149.416
1	198.62
1	221.927
1	179.401
1	262.723
1	197.091
1	258.969
1	183.515
1	207.787
1	184.361
1	188.301
1	172.997
1	203.167
1	279.22
1	173.667
1	173.993
1	181.237
1	175.096
1	214.056
1	391.951
1	243.225
1	184.839
1	131.241
1	144.736
1	134.431
1	261.525
1	192.881
1	199.424
1	204.214
1	182.115
1	250.572
1	180.059
1	177.894
1	228.758
1	147.373
1	153.892
1	245.086
1	164.248
1	233.463
1	156.433
1	311.81
1	295.783
1	156.642
1	181.064
1	194.289
1	210.607
1	266.456
1	147.506
1	161.622
1	283.438
1	311.804
1	220.858
1	204.765
1	334.587
1	309.755
1	154.134
1	159.721
1	213.618
1	167.549
1	150.258
1	281.105
1	229.112
1	155.809
1	224.598
1	161.407
1	199.836
1	167.775
1	308.492
1	296.929
1	163.599
1	158.209
1	250.184
1	165.603
1	274.217
1	234.239
1	217.396
1	258.247
1	378.538
1	282.98
1	189.163
1	205.216
1	177.803
1	172.873
1	202.948
1	202.222
1	298.645
1	124.334
1	157.644
1	230.988
1	168.513
1	193.313
1	186.032
1	194.762
1	118.703
1	294.891
1	170.222
1	203.704
1	147.407
1	191.765
1	117.206
1	163.149
1	182.76
1	249.762
1	238.338
1	151.928
1	180.195
1	205.31
1	203.992
1	218.014
1	251.772
1	254.528
0	105.019
1	169.855
1	275.154
1	129.111
1	129.908
1	216.576
1	247.506
0	111.062
1	202.909
1	283.981
1	219.369
1	225.04
1	166.647
1	200.718
1	181.718
1	170.473
1	169.023
1	223.444
1	196.148
1	202.822
1	207.692
1	206.324
1	184.802
1	236.631
1	112.782
1	263.602
1	215.528
1	245.723
1	202.399
1	217.31
1	251.746
1	185.357
1	192.51
1	173.126
1	249.231
1	195.62
1	222.116
1	138.669
1	247.68
1	222.54
1	148.298
1	133.887
1	214.088
1	139.003
1	180.635
1	290.301
1	213.941
1	191.087
1	169.307
1	209.556
1	131.925
1	209.702
1	372.226
1	189.816
1	155.282
1	292.999
1	156.935
1	257.731
1	279.866
1	194.328
1	163.683
1	155.097
1	174.811
1	241.659
1	362.419
1	163.181
1	219.199
1	131.501
1	206.183
1	246.678
1	365.822
1	135.096
1	228.096
1	148.954
1	124.9
1	206.042
1	271.847
1	149.038
1	238.805
1	161.686
1	169.505
1	231.864
1	143.996
1	164.538
1	166.871
1	178.372
1	153.584
0	1.07026
1	165.559
1	210.643
1	237.269
1	245.884
1	129.84
1	277.768
1	162.83
1	135.842
1	219.705
1	152.166
1	174.861
1	138.789
1	233.995
1	204.397
1	168.569
1	208.271
1	195.429
1	199.722
1	199.709
1	319.855
1	238.821
1	176.481
1	200.862
1	237.336
1	210.448
1	166.893
1	242.888
1	227.312
1	264.135
1	196.174
1	167.257
1	249.686
1	249.736
1	219.83
1	227.185
1	268.305
1	541.989
1	203.525
1	187.793
1	334.747
1	228.99
1	159.283
1	162.273
1	206.165
1	201.74
1	180.86
1	173.948
1	160.799
1	212.03
1	159.512
1	166.265
1	351.464
1	183.59
1	201.881
1	225.433
1	211.259
1	235.46
1	268.127
1	157.101
1	205.29
1	205.846
1	191.002
1	166.452
1	267.518
1	152.418
1	208.969
1	194.425
1	179.919
1	187.975
1	189.438
1	164.458
1	221.759
1	229.689
1	179.055
1	325.723
1	196.032
1	240.133
1	340.833
1	190.392
1	156.74
1	158.855
1	195.354
1	179.609
1	153.902
1	132.674
1	158.998
1	137.734
1	147.618
1	226.084
1	185.425
1	156.212
1	141.616
1	192.278
1	124.644
1	291.512
1	242.808
1	163.81
1	232.936
1	187.4
1	268.719
1	204.219
1	198.88
1	214.886
1	129.324
1	165.252
1	220.16
1	134.731
1	199.956
1	253.145
1	127.66
1	200.502
1	214.75
1	210.22
1	186.67
1	250.278
1	192.729
1	191.042
1	152.898
1	156.049
1	171.438
1	215.89
1	407.768
1	206.992
1	202.405
1	292.794
1	359.372
1	153.245
1	162.116
1	171.57
1	154.806
1	227.848
1	278.721
1	269.322
1	264.547
1	149.966
0	31.5829
1	167.211
1	144.455
1	207.419
1	258.06
1	207.726
1	166.186
1	239.557
1	230.853
1	179.629
1	195.021
1	213.804
1	202.074
1	180.138
1	148.325
1	186.589
1	160.207
1	166.705
1	186.469
1	195.278
1	248.104
1	194.787
1	222.122
1	134.41
1	207.015
1	104.161
1	187.88
1	176.747
1	228.862
1	177.098
1	154.198
1	250.962
1	236.233
1	131.433
1	141.819
0	15.5754
1	156.546
1	175.262
1	160.859
1	127.981
1	220.13
1	189.474
1	191.228
1	198.461
1	175.493
1	225.328
1	213.629
1	178.873
1	179.314
1	204.776
1	239.751
1	223.452
1	269.651
1	278.765
1	284.808
1	169.894
1	191.868
1	282.016
1	173.724
1	164.637
1	186.848
1	173.605
1	143.538
1	184.35
1	124.878
1	228.472
1	273.123
1	172.683
1	222.884
1	198.536
1	163.065
1	170.325
1	177.881
1	195.64
1	186.46
1	174.002
1	199.61
1	182.746
1	270.343
1	229.383
1	278.028
1	243.142
1	167.873
1	262.154
1	209.24
1	181.99
1	181.393
1	220.69
1	225.017
1	169.392
1	143.438
1	206.043
1	299.309
1	162.209
1	165.821
1	179.17
1	162.441
1	282.621
1	248.005
1	367.632
1	179.225
1	181.385
1	342.575
1	269.256
1	210.932
1	163.784
1	258.242
1	216.175
1	251.089
1	206.18
1	139.083
1	169.518
1	192.344
1	341.52
1	386.385
1	147.081
1	249.481
1	158.211
1	223.721
1	236.314
1	204.051
1	178.745
1	274.232
1	254.101
1	161.527
1	269.446
1	143.986
1	136.256
1	245.628
1	177.738
1	205.12
1	172.584
1	253.848
1	186.956
1	157.598
1	236.609
1	143.574
1	216.662
1	208.784
1	195.766
0	15.5704
1	156.882
1	262.917
1	203.701
1	146.416
1	265.627
1	176.265
0	52.7697
1	193.257
1	190.309
1	166.512
1	186.412
1	263.489
1	203.179
1	171.842
1	164.438
1	208.982
1	337.425
1	282.659
1	139.918
1	239.504
0	47.4539
1	167.921
1	259.284
1	228.389
1	228.11
1	201.888
1	167.874
1	190.874
1	210.762
1	137.916
1	132.028
1	214.258
1	185.809
1	158.328
1	195.311
1	242.357
1	137.132
1	175.461
1	135.663
1	224.12
1	180.88
1	195.321
1	329.401
1	209.339
1	203.108
1	148.655
1	202.939
1	190.519
1	177.173
1	223.773
1	159.412
1	328.044
1	360.898
1	156.581
1	171.209
1	240.277
1	172.54
1	136.413
1	225.232
1	259.788
1	161.686
1	202.747
1	229.339
1	187.775
1	201.344
1	217.33
1	231.194
1	183.399
1	174.179
1	229.482
1	175.383
1	267.893
0	14.1419
1	232.229
1	167.242
1	367.344
1	184.131
1	122.078
1	336.165
1	175.096
1	167.516
1	256.467
1	192.956
1	175.109
1	229.797
1	224.883
1	139.973
1	129.418
1	138.523
1	188.345
1	265.367
1	132.027
1	202.671
1	262.002
1	223.161
1	231.296
1	209.498
1	193.74
1	335.12
1	199.012
1	189.157
1	263.409
1	180.769
1	283.487
1	229.636
1	241.273
1	159.602
1	194.66
1	167.436
1	350.837
1	183.163
1	180.616
1	158.878
1	123.579
1	231.268
1	169.475
1	216.658
1	274.879
1	223.739
1	218.86
1	222.483
1	136.374
1	158.351
1	143.427
1	206.66
1	163.707
1	167.442
1	208.489
1	134.45
1	270.559
1	206.385
1	146.568
1	181.064
1	178.865
1	165.617
1	198.74
1	160.726
1	188.148
1	213.372
1	166.297
1	138.381
1	121.805
1	141.132
1	139.047
1	223.704
1	280.403
1	186.252
1	192.184
1	214.617
1	180.518
1	186.449
0	76.2648
1	303.719
1	184.263
1	165.816
1	251.63
1	191.769
1	195.503
1	255.278
1	215.64
1	198.679
1	400.979
1	131.425
1	207.435
1	151.088
1	258.138
1	212.933
1	213.21
1	223.513
1	159.333
1	183.068
1	371.674
1	199.675
1	133.933
1	189.341
1	254.375
1	260.32
1	229.559
1	110.959
1	214.655
1	182.488
1	237.777
1	173.662
1	143.023
1	162.452
1	388.051
1	223.651
1	228.598
1	228.537
1	238.338
1	211.909
1	291.317
1	211.919
1	220.575
1	122.534
1	191.085
1	226.301
1	124.308
1	255.87
1	203.551
1	184.137
1	164.954
1	197.32
1	196.838
1	176.442
1	164.241
1	132.519
1	252.728
1	189.318
1	218.566
1	134.349
1	184.288
1	341.386
1	176.238
1	210.762
1	209.293
1	125.341
1	163.373
1	234.328
1	237.874
1	274.921
1	210.225
1	189.858
1	394.564
1	143.163
1	199.126
1	199.252
1	125.691
1	186.927
1	177.887
1	165.231
1	216.498
1	181.137
1	236.087
1	163.831
1	220.21
1	125.414
1	236.534
1	142.983
1	214.457
1	173.36
1	180.775
1	228.688
1	220.232
1	254.426
1	171.926
1	203.389
1	181.285
1	228.005
1	265.783
1	181.46
1	181.654
1	296.3
1	199.914
1	211.452
1	212.433
1	154.677
1	185.648
1	176.031
1	176.57
0	29.833
1	174.047
1	278.394
1	292.714
1	178.917
1	148.479
1	296.222
1	316.258
1	207.545
1	203.234
1	198.895
1	164.277
1	378.004
1	150.49
1	204.22
1	213.965
1	257.591
1	231.049
1	188.956
1	154.115
1	209.333
1	168.696
1	228.522
1	174.172
1	131.318
1	300.215
1	276.052
1	150.064
1	177.81
1	178.84
1	308.009
1	148.777
1	244.507
1	219.505
1	176.019
1	145.337
1	196.48
1	257.428
1	133.404
1	310.393
1	202.12
1	251.185
1	256.964
1	158.161
1	157.794
1	150.956
1	154.687
1	124.696
1	178.604
1	155.392
1	160.962
1	141.698
1	168.57
1	156.266
1	351.836
1	176.89
1	141.016
1	235.128
1	171.203
0	15.8635
1	252.09
1	243.189
1	190.055
1	179.121
1	163.361
1	277.767
1	199.216
1	218.568
1	243.862
1	226.562
1	204.042
1	227.672
1	195.558
1	291.775
1	157.324
1	157.138
1	176.583
0	6.39912
1	171.664
1	237.804
1	191.557
1	224.52
1	164.115
1	268.288
1	200.522
1	223.442
1	210.341
1	178.51
1	173.354
1	200.319
1	233.807
1	167.133
1	147.573
1	189.242
1	220.731
1	182.92
1	212.228
1	197.44
1	191.957
1	319.468
1	136.429
1	176.097
1	197.453
1	210.595
1	312.366
1	146.23
1	189.599
1	181.291
1	237.694
1	198.145
1	206.039
1	185.382
1	223.985
1	163.051
1	173.435
1	252.995
1	224.106
1	286.04
1	188.956
1	177.817
1	217.764
1	285.562
1	231.446
1	184.126
1	145.021
1	175.301
1	252.56
1	157.974
1	281.76
1	163.318
1	186.16
1	201.444
1	208.059
1	189.124
1	207.266
1	200.492
1	126.101
1	304.503
1	150.882
1	159.773
1	128.937
1	209.205
1	140.984
1	176.218
1	250.849
1	182.81
1	179.526
1	211.54
1	195.218
1	249.383
1	175.385
1	192.735
1	185.201
1	169.135
1	249.529
1	162.125
1	156.346
1	190.605
1	183.356
1	250.084
1	184.633
1	199.524
1	250.698
1	150.416
1	160.188
1	233.278
1	153.596
1	153.174
1	216.303
1	160.219
1	233.3
1	135.303
1	221.44
1	158.491
1	226.739
1	198.184
1	182.092
1	216.98
1	208.292
1	131.65
1	162.872
1	260.494
1	205.807
1	189.795
1	169.697
1	228.809
1	218.381
1	223.514
1	201.658
1	179.128
1	252.659
1	156.314
1	174.133
1	138.931
1	148.935
1	214.273
1	206.335
1	177.028
1	134.545
1	136.79
1	238.774
1	188.454
1	132.494
1	147.767
1	197.673
1	214.317
1	201.644
1	210.239
1	184.235
1	225.289
1	202.697
1	285.145
1	210.809
1	280.323
1	204.738
0	50.4248
1	234.801
1	119.453
1	161.708
1	211.342
1	192.63
1	213.136
1	202.861
1	142.347
1	169.133
1	212.987
1	134.506
1	189.605
1	146.561
1	187.742
1	264.117
1	212.921
1	211.757
1	188.059
1	347.128
1	139.947
1	149.53
1	170.747
1	198.374
1	151.921
1	220.373
1	179.114
1	160.027
1	158.95
1	249.218
1	235.184
1	255.639
1	148.721
1	206.348
1	251.129
1	189.197
1	257.944
1	203.585
1	174.466
1	212.615
1	201.873
1	277.204
1	171.535
1	214.5
1	173.406
1	194.177
1	148.365
1	133.837
1	190.553
1	221.698
1	158.043
1	153.98
1	219.526
1	241.09
1	150.883
1	206.699
1	191.34
1	219.13
1	133.009
1	213.462
1	156.39
1	227.689
1	193.566
1	211.957
1	231.964
1	224.857
1	152.321
1	212.23
1	153.667
1	187.856
1	219.506
1	167.424
1	313.138
1	236.78
1	209.956
1	232.713
1	153.532
1	190.578
1	190.862
1	123.833
1	398.964
1	326.458
1	255.555
1	226.245
1	148.972
1	168.256
1	265.804
1	140.551
1	151.316
1	158.779
1	193.273
1	201.093
1	212.496
1	283.636
1	208.879
1	179.968
1	173.106
1	185.286
1	200.529
1	183.97
1	233.942
1	232.943
1	259.907
1	209.099
1	247.964
1	212.349
1	240.427
1	192.971
1	199.222
1	157.575
1	274.387
1	224.824
1	208.552
1	199.276
1	233.444
1	171.677
1	175.985
1	220.743
1	170.129
1	208.953
1	229.228
1	193.428
1	265.429
1	182.44
1	315.042
1	166.946
1	175.744
1	162.325
1	211.68
1	190.437
1	168.143
1	219.856
1	283.989
1	172.746
1	154.889
1	239.02
1	185.276
1	170.285
1	160.075
1	311.341
1	188.369
1	179.135
1	204.94
1	154.951
1	382.998
1	176.304
1	146.447
1	317.733
0	17.1567
1	152.513
1	305.618
1	226.212
1	218.104
1	186.964
1	172.941
1	165.516
0	109.552
1	233.825
1	237.24
1	222.385
1	286.435
1	227.434
1	168.773
1	185.988
1	384.126
1	161.243
0	8.20669
1	177.067
1	162.099
1	174.844
1	256.188
1	182.459
1	240.339
1	129.619
1	193.759
1	287.716
1	220.217
1	199.172
1	141.991
1	222.21
1	229.828
1	174.492
1	168.164
1	377.082
1	151.613
1	229.032
1	193.987
1	213.925
1	134.476
1	272.086
1	267.57
1	156.615
1	119.736
1	167.876
1	255.87
1	199.798
1	199.366
1	106.183
1	207.008
1	181.868
1	288.82
1	221.541
1	159.551
1	172.723
1	206.357
1	216.879
1	164.531
1	265.333
1	202.372
1	160.096
1	155.316
1	226.681
1	254.38
1	163.437
1	169.442
1	307.284
1	177.079
1	174.463
1	219.876
1	228.192
1	165.573
1	153.328
1	266.003
1	401.766
1	223.175
1	210.804
1	240.607
1	186.2
1	127.983
1	191.585
1	206.629
1	292.049
1	195.335
1	209.504
1	301.202
1	226.785
1	248.852
1	187.001
1	138.241
1	165.556
1	253.104
1	205.729
1	225.016
1	193.554
1	183.399
1	226.331
1	169.163
1	303.041
1	210.381
1	174.822
1	164.412
1	172.203
1	221.412
1	160.529
1	184.469
1	231.345
1	228.172
1	218.793
1	307.851
1	249.746
1	296.472
1	123.125
1	284.062
1	200.547
1	196.243
1	139.462
1	193.821
1	249.238
1	206.666
1	283.911
1	211.201
1	117.885
1	186.301
1	178.287
1	241.495
1	164.885
1	140.28
1	272.146
1	200.771
1	234.172
1	195.777
1	175.38
1	150.761
1	229.778
1	253.639
1	195.536
1	311.331
1	187.705
1	192.237
1	129.029
1	228.068
1	164.173
1	162.691
1	150.561
1	204.09
1	159.843
1	233.896
1	143.97
1	216.312
1	227.09
1	163.613
1	199.453
1	271.047
1	219.956
1	182.044
1	207.59
1	162.106
1	194.781
1	191.028
1	280.685
1	145.38
1	201.043
1	289.932
1	227.945
1	177.256
1	170.809
1	266.001
1	159.294
1	165.151
1	220.399
1	295.815
1	149.151
1	268.117
1	133.143
1	184.166
1	207.364
1	154.284
1	129.747
1	150.561
1	156.01
1	143.073
1	206.945
1	204.547
1	182.946
1	200.623
1	189.164
1	257.028
1	192.498
1	249.886
1	192.766
1	166.066
1	197.119
1	174.644
1	151.255
1	164.722
0	21.3521
1	301.674
1	204.446
1	128.97
1	244.761
1	307.134
1	146.15
1	257.374
1	166.177
1	189.729
1	180.556
1	123.861
1	186.479
1	153.909
1	123.235
1	171.702
1	202.607
1	235.913
1	159.206
1	213.948
1	265.425
1	214.366
1	144.202
1	210.194
1	222.216
1	231.721
1	303.164
1	234.618
1	171.995
1	202.506
1	179.086
1	188.595
1	145.751
1	171.46
1	188.126
1	208.507
1	122.332
1	212.798
1	200.363
1	159.885
1	219.073
1	203.296
1	182.641
1	267.397
1	245.308
1	294.946
1	142.622
1	155.454
1	189.27
1	259.617
1	222.833
1	297.328
1	152.229
1	150.401
1	249.111
1	162.846
1	281.783
1	151.755
1	201.702
1	235.793
1	224.726
1	224.819
1	136.543
1	175.613
1	195.595
1	151.603
1	188.456
1	241.848
1	221.564
1	151.227
1	167.076
1	168.982
1	207.509
1	234.796
1	148.76
1	210.38
1	131.098
1	332.948
1	138.205
1	158.35
1	162.429
1	177.25
1	197.969
1	166.186
1	221.476
1	295.406
1	207.536
1	187.126
1	329.693
1	262.92
1	318.884
1	165.046
1	235.799
1	237.315
1	413.775
1	180.061
1	195.089
1	250.258
1	191.729
1	155.188
1	167.904
1	157.642
1	195.435
1	203.725
1	167.619
1	165.446
1	150.173
1	306.077
1	161.448
1	186.626
1	291.85
1	186.431
1	161.922
1	213.186
1	240.926
1	222.625
1	158.833
1	179.983
1	225.163
1	161.783
1	178.375
1	165.03
1	250.801
1	250.792
1	241.852
1	190.418
1	172.287
1	160.555
1	301.422
1	185.672
1	226.855
1	306.626
1	188.642
1	156.086
1	169.828
1	247.323
1	194.849
1	201.932
1	212.695
1	218.808
1	242.661
1	181.199
1	138.148
1	200.847
1	227.332
1	148.732
1	197.601
1	180.585
1	171.87
1	299.327
1	258.022
1	181.153
1	141.573
1	182.095
1	193.878
1	237.671
1	188.07
1	177.736
1	142.394
1	157.616
1	166.037
1	186.617
1	222.853
1	205.279
1	141.341
1	197.567
1	228.99
1	281.717
1	155.89
1	153.077
1	183.839
1	193.571
1	335.107
1	219.794
1	147.739
1	128.631
1	158.412
1	168.487
1	190.681
1	282.392
1	183.596
1	132.504
1	138.527
1	280.028
1	287.269
1	276.667
1	239.847
1	159.746
1	187.992
1	259.9
1	170.537
1	191.394
1	238.274
0	22.304
1	157.019
1	241.268
1	206.829
1	277.61
1	178.389
1	141.716
1	157.715
1	199.317
1	193.817
1	251.378
1	183.321
1	214.452
1	278.658
1	214.479
1	201.37
1	338.271
1	201.111
1	201.553
1	194.461
1	196.727
1	325.412
1	159.886
1	191.442
1	208.873
1	246.239
1	203.54
1	392.872
1	209.102
1	185.957
1	146.67
1	182.824
1	308.504
1	127.611
1	193.022
1	296.742
1	186.209
1	237.355
1	162.76
1	202.709
1	258.436
1	182.841
1	180.037
1	191.832
1	275.333
1	279.842
1	166.188
1	162.776
1	172.907
1	336.735
1	200.811
1	222.503
1	206.891
1	216
1	127.541
1	199.096
1	183.83
1	302.374
1	191.995
1	174.721
1	134.169
1	384.829
1	185.174
1	205.803
1	255.833
1	184.876
1	153.347
1	139.263
1	272.286
1	181.549
1	205.863
1	253.561
1	234.684
1	173.257
1	328.175
1	290.957
1	262.114
1	199.309
1	205.482
1	227.669
1	246.337
1	204.268
1	221.656
1	270.372
1	189.09
1	180.533
1	152.367
1	132.35
1	172.713
1	233.06
1	180.122
1	247.072
1	295.273
1	138.24
1	229.005
1	169.376
0	1.62297
1	194.176
1	166.139
1	279.518
1	134.224
1	200.501
1	209.108
1	152.81
1	164.263
1	207.866
1	177.561
1	173.065
1	214.453
1	215.506
1	209.103
1	319.917
1	200.897
1	197.963
1	147.424
1	228.528
1	227.64
1	368.827
1	198.487
1	240.415
1	219.452
1	148.624
1	192.765
1	260.007
1	248.652
1	243.593
1	340.502
1	158.363
1	170.41
1	159.051
1	269.8
1	211.07
1	211.625
1	316.317
1	252.116
0	22.3567
1	291.162
1	198.684
1	161.221
1	199.048
1	174.239
1	271.421
1	235.87
1	159.079
1	231.98
1	270.779
1	216.264
1	210.491
1	300.215
1	193.516
1	175.033
1	223.831
1	137.373
1	168.672
1	250.909
1	143.495
1	171.032
0	32.9925
1	169.585
1	222.277
1	237.255
1	189.246
1	234.003
1	196.828
1	179.101
1	192.548
1	155.588
1	291.01
1	125.652
1	163.398
1	153.667
1	155.286
1	164.977
1	346.887
1	164.479
1	244.196
1	303.47
1	200.477
1	178.641
1	238.11
0	36.5228
1	212.508
1	197.393
1	164.842
1	282.711
1	204.071
1	169.11
0	17.2872
1	173.296
1	197.19
1	203.874
1	248.045
1	185.658
1	143.755
1	239.581
1	210.73
1	293.903
1	155.937
1	248.974
1	167.585
1	249.445
1	232.176
1	290.054
1	171.024
1	196.595
1	248.419
1	172.969
1	248.988
1	219.146
1	183.363
1	198.318
1	264.394
1	240.111
1	229.733
1	216.988
1	176.149
1	135.382
1	176.648
1	195.486
1	175.7
1	185.147
1	157.625
1	212.789
1	153.095
1	175.686
1	199.002
1	195.577
1	228.046
1	166.24
1	184.335
1	182.627
1	121.297
1	161.619
1	223.434
1	248.544
1	171.565
1	143.446
1	171.843
1	232.687
1	185.684
1	250.227
1	152.996
1	139.747
1	211.479
1	217.533
1	195.451
1	185.892
1	257.016
1	188.831
1	173.343
1	172.975
1	177.611
1	239.348
1	169.463
1	159.409
1	189.552
1	190.925
1	199.351
1	224.884
1	233.469
1	167.745
1	173.361
1	157.962
1	162.421
1	208.947
1	148.787
1	208.584
1	178.878
1	210.454
1	138.234
1	180.894
1	332.036
1	221.318
1	184.908
1	147.65
1	164.162
1	164.974
1	161.101
1	213.549
1	131.84
1	161.718
1	126.557
1	297.08
1	252.522
1	175.977
1	139.21
1	180.872
1	250.593
1	251.371
1	233.203
1	195.159
1	176.07
1	353.603
1	155.386
1	212.606
1	165.155
1	117.115
1	283.146
1	192.437
1	223.924
1	149.302
1	257.387
1	192.076
1	424.152
1	148.157
1	415.596
1	201.824
1	174.285
1	274.183
1	230.051
1	167.64
1	140.964
1	172.668
1	225.983
1	281.252
1	163.592
1	169.43
1	186.835
1	205.912
1	152.93
1	139.371
1	231.835
1	375.54
1	220.923
1	140.57
1	186.809
1	169.161
1	243.812
1	176.512
1	222.331
1	192.343
1	180.591
1	234.797
1	222.517
1	213.286
1	276.599
1	185.269
1	239.311
1	184.526
1	188.332
1	277.46
1	276.208
1	151.579
1	157.623
1	183.865
1	185.743
1	222.143
1	155.209
1	219.354
1	248.364
1	163.187
1	230.211
1	156.962
1	182.525
1	257.025
1	227.556
1	283.825
1	157.184
1	317.137
1	200.114
1	289.607
1	288.177
1	299.282
1	196.37
1	166.72
1	227.175
1	230.532
1	255.499
1	202.463
1	174.955
1	157.622
1	210.025
1	297.307
1	222.31
1	211.512
1	176.529
1	190.079
1	250.799
1	160.063
1	193.608
1	165.622
1	216.618
1	230.126
1	187.964
1	221.781
1	186.287
1	150.001
1	193.851
1	147.288
1	229.354
1	240.164
1	164.122
1	184.263
1	206.757
1	212.262
1	284.319
1	230.443
1	128.759
1	245.634
1	117.765
1	189.191
1	176.484
1	215.871
1	144.678
1	299.831
1	207.158
1	119.817
1	269.772
1	162.671
1	308.147
1	211.839
1	173.083
1	288.786
1	308.488
1	167.292
1	218.882
1	219.602
1	163.819
1	220.532
1	166.408
1	156.905
1	191.744
0	0.577444
1	166.217
1	154.012
1	255.491
1	125.268
1	208.614
1	184.65
1	145.72
1	241.928
1	135.809
1	182.817
1	172.437
1	324.339
1	325.518
1	238.12
1	173.564
1	212.672
1	215.27
1	108.806
1	132.246
1	217.778
1	188.423
1	193.316
1	173.165
1	151.017
1	175.804
1	147.287
1	203.56
1	198.507
1	176.33
1	170.472
1	181.366
1	171.036
1	166.845
1	240.511
1	168.324
1	196.705
1	201.975
1	224.345
1	240.194
1	215.888
1	174.296
1	186.67
1	178.91
1	148.9
1	185.285
1	155.129
1	197.396
1	148.041
1	208.142
1	215.478
1	201.695
1	164.74
1	160.022
1	191.177
1	222.327
1	175.248
1	204.037
1	177.849
1	194.844
1	153.791
1	193.168
1	155.693
1	231.392
1	210.323
1	146.256
1	193.582
1	205.398
1	156.142
1	191.929
1	141.56
1	165.732
1	181.982
1	164.292
1	233.71
1	156.831
1	186.314
1	212.537
1	161.886
1	249.042
1	141.291
1	239.849
1	238.976
1	140.369
1	236.954
1	115.333
1	157.832
1	205.579
1	237.487
1	198.722
1	296.864
1	173.439
1	214.529
1	255.91
1	288.927
1	286.59
1	197.457
1	198.908
1	204.73
1	174.538
1	162.787
1	149.398
1	232.047
1	178.4
1	217.204
1	160.811
1	138.443
1	217.424
1	127.529
1	234.628
1	187.936
1	162.162
1	143.27
1	134.928
1	185.479
1	174.276
1	161.931
1	221.184
1	244.901
1	205.34
1	136.687
1	318.037
1	181.351
1	185.408
1	164.718
1	151.509
1	178.486
1	239.872
1	226.324
1	181.15
1	263.027
1	279.751
1	203.431
1	184.835
1	238.73
1	157.124
1	168.639
1	197.127
1	190.917
1	173.766
1	176.764
1	331.645
1	130.394
1	249.192
1	166.474
1	181.108
1	248.076
1	166.608
1	260.405
1	187.019
1	129.731
1	197.585
1	197.883
1	191.583
1	182.47
1	142.322
1	166.251
1	174.028
1	190.039
1	175.771
1	170.006
1	202.277
1	186.289
1	212.429
1	249.004
1	209.379
1	192.434
1	207.501
1	487.837
1	169.541
1	264.496
1	213.219
1	203.477
1	156.742
1	201.47
1	150.146
1	151.383
1	267.964
1	169.071
1	213.807
1	181.86
1	198.654
1	226.794
1	182.087
1	164.097
1	174.179
1	186.211
1	199.591
1	175.768
1	159.53
1	183.405
1	189.878
1	193.107
1	209.816
1	297.509
1	298.999
1	227.215
1	204.964
1	146.19
1	171.373
1	196.525
1	193.429
1	172.819
1	331.059
1	185.953
1	156.572
1	221.418
1	243.723
1	159.963
1	195.65
1	192.59
1	207.572
1	197.632
1	224.276
1	220.727
1	315.948
1	313.565
1	140.054
1	202.478
1	125.427
1	228.669
1	223.185
1	247.58
1	301.699
1	252.403
1	192.62
1	152.03
1	237.046
1	237.552
1	149.72
1	218.171
1	166.97
1	336.443
1	189.503
1	134.541
1	231.079
1	201.504
1	136.901
1	193.385
1	157.799
1	203.764
1	200.189
1	154.462
1	208.292
1	246.099
1	182.166
1	240.819
1	172.708
1	172.283
1	178.175
1	317.75
1	445.821
1	186.903
1	191.901
1	280.958
1	198.038
1	204.686
1	220.314
1	143.369
1	168.521
1	212.615
1	203.564
1	200.091
1	198.571
1	227.615
1	236.634
1	308.973
0	5.19231
1	208.713
1	171.938
1	208.309
1	210.914
1	190.315
1	176.342
1	263.921
1	186.649
1	215.911
1	270.868
1	201.998
1	180.935
1	132.649
1	190.599
1	160.786
1	274.196
1	207.392
1	297.574
1	175.967
1	293.202
1	196.87
1	279.833
1	199.534
1	153.167
1	139.15
1	190.428
1	201.378
1	196.632
1	197.091
1	188.125
1	177.587
1	237.244
1	313.776
1	160.109
1	256.006
1	214.398
1	206.931
1	226.856
1	401.418
1	202.427
1	248.045
1	170.226
1	124.95
1	174.056
1	242.37
1	253.846
1	198.289
1	191.986
1	188.518
1	198.169
1	213.679
1	219.576
1	239.163
1	279.276
1	219.353
1	256.374
1	216.678
1	221.297
1	372.778
1	243.872
1	211.173
1	180.037
1	230.929
1	237.973
1	215.145
1	167.944
1	228.554
1	224.727
1	139.181
1	156.122
1	208.695
1	187.966
1	265.523
1	173.878
1	189.412
1	165.582
1	147.95
1	155.574
1	188.931
1	217.877
1	144.298
1	187.789
1	153.789
1	124.688
1	139.094
1	212.267
1	208.118
1	224.376
1	178.644
1	206.651
1	163.94
1	133.321
1	171.743
1	215.023
1	168.577
1	171.531
1	170.642
1	173.7
1	236.508
1	211.14
1	188.213
1	215.595
1	174.998
1	141.32
1	195.788
1	208.226
1	177.139
1	259.909
1	161.884
1	228.953
1	179.414
1	229.841
1	163.074
1	138.457
1	206.489
1	150.948
1	209.071
1	274.965
1	183.36
1	231.193
1	277.23
1	195.957
1	240.887
1	164.279
1	141.306
1	178.738
1	204.695
1	236.202
1	231.494
1	198.754
1	180.322
1	213.903
1	228.557
1	136.129
1	125.823
1	219.897
1	245.848
1	181.174
1	179.493
1	228.95
1	195.391
1	161.001
1	172.629
1	169.761
1	188.377
1	194.603
1	125.252
1	155.725
1	221.195
1	211.069
1	166.807
1	147.874
1	231.048
1	171.929
1	235.268
1	198.322
1	164.665
1	137.848
1	261.2
1	131.368
1	161.114
1	185.536
1	165.235
1	257.849
1	207.908
1	225.518
1	169.804
1	191.642
1	149.509
1	195.224
1	185.87
1	279.18
1	206.294
1	319.487
1	195.599
1	180.992
1	248.326
1	238.389
1	473.9
1	149.6
1	277.924
1	170.42
1	155.148
1	181.36
1	219.145
1	167.372
1	177.054
1	188.072
1	156.834
1	202.029
1	190.518
1	258.159
0	54.5242
1	152.361
1	121.147
1	257.238
1	237.139
1	218.477
1	214.258
1	162.901
1	236.69
1	205.747
1	204.483
1	250.09
1	178.418
1	271.014
1	174.18
1	198.906
1	193.506
1	232.747
1	187.599
1	310.787
1	258.281
1	236.17
1	253.137
1	236
1	175.486
1	187.645
1	160.511
1	214.707
1	182.997
1	202.754
1	218.161
1	171.605
1	131.477
1	190.429
1	144.183
1	151.34
1	348.941
1	250.243
1	148.948
1	185.025
1	218.15
1	139.95
1	149.948
1	177.814
1	201.709
1	211.573
1	248.628
1	160.106
1	134.85
1	280.246
1	217.907
1	205.374
1	121.978
1	213.237
1	223.163
1	184.128
1	266.716
1	187.812
1	200.179
1	150.695
1	446.835
1	231.782
1	219.472
1	175.929
1	279.575
1	171.171
1	231.778
0	22.297
1	203.699
1	290.314
1	143.08
1	182.475
1	183.253
1	261.057
1	123.651
1	186.517
1	217.53
1	276.363
1	253.757
1	175.78
1	201.68
1	175.116
1	224.879
1	188.737
1	156.849
1	182.628
1	177.156
1	152.934
1	175.911
1	207.795
1	151.862
1	251.233
1	196.023
1	157.381
1	182.016
1	237.368
1	281.89
1	202.506
1	240.459
1	205.2
1	207.424
1	165.277
1	198.384
1	169.034
1	125.512
1	231.044
1	147.761
1	190.431
1	180.242
1	137.566
1	160.145
1	186.144
1	184.254
1	186.451
1	208.713
0	17.1843
1	201.702
1	171.229
1	336.119
1	220.232
1	327.931
1	185.335
1	183.518
1	260.739
1	299.56
1	153.354
1	244.38
1	195.562
1	174.756
1	176.56
1	253.882
1	260.176
1	196.565
1	238.37
1	188.237
1	199.659
1	256.996
1	168.221
0	3.31106
1	129.467
1	208.601
1	180.429
1	221.394
1	239.353
1	221.851
1	222.866
1	188.551
1	159.483
1	248.044
1	420.84
1	204.371
1	173.503
1	161.523
1	220.229
1	179.601
1	171.159
1	193.758
1	275.797
1	345.249
1	155.891
1	234.457
1	220.402
1	156.934
1	119.597
1	206.295
1	227.267
1	184.303
1	359.098
1	277.666
1	141.915
1	173.03
1	244.486
1	182.46
1	212.56
1	216.895
1	221.923
1	215.845
1	260.367
1	178.342
1	161.136
1	174.32
1	183.169
1	127.055
1	235.923
1	187.795
1	213.451
1	169.582
1	203.242
1	200.223
1	204.082
1	127.36
1	184.844
1	265.136
1	157.355
1	253.094
1	170.234
1	199.528
1	268.724
1	391.726
1	144.714
1	186.755
1	184.528
1	310.908
1	201.626
1	200.21
1	148.416
1	279.265
1	151.058
1	172.17
1	252.647
1	271.617
1	238.376
1	239.735
1	311.168
1	204.631
1	134.953
1	194.844
1	252.779
1	222.181
1	169.657
1	218.884
1	174.443
1	205.2
1	206.803
1	212.344
1	159.672
1	256.753
1	249.826
1	135.384
1	218.175
1	136.703
1	169.005
1	212.279
1	170.219
1	184.209
1	263.884
1	303.839
1	270.242
1	190.821
1	143.576
1	175.159
1	178.219
1	144.344
1	246.205
1	246.945
1	196.451
1	191.243
1	276.965
1	298.822
1	290.403
1	180.686
1	213.538
1	263.176
1	196.52
1	188.361
1	284.356
1	161.455
1	155.168
1	222.506
1	178.348
1	246.146
1	311.173
1	214.072
1	166.598
1	139.242
1	205.685
1	236.252
1	161.234
1	169.093
1	187.884
1	176.564
1	183.46
1	186.396
1	199.709
1	252.473
1	201.502
1	190.943
1	246.606
1	253.544
1	175.22
1	232.415
1	196.908
1	189.967
1	164.863
1	184.958
1	139.101
1	270.5
1	204.402
1	220.261
1	157.164
1	261.402
1	214.067
1	219.653
1	165.142
1	236.66
1	193.369
1	235.924
1	255.551
1	127.018
1	137.84
1	201.503
1	193.81
1	202.119
1	285.642
1	255.546
1	288.505
1	167.574
1	143.228
1	164.032
0	2.00818
1	189.283
1	196.089
1	178.493
1	179.416
1	212.998
1	202.083
1	241.968
1	225.549
1	114.882
1	181.318
1	150.156
1	125.925
1	253.578
1	355.509
1	296.301
1	196.04
1	213.705
1	334.318
1	209.586
1	217.395
1	159.875
1	126.54
1	288.846
1	193.659
1	140.086
1	194.841
1	155.791
1	255.651
1	146.708
1	157.887
1	174.1
1	203.718
1	208.612
1	147.498
1	146.019
1	177.641
1	228.772
1	211.835
1	214.427
1	164.635
1	142.654
1	309.198
1	213.156
1	217.873
1	193.462
1	194.1
1	220.107
1	179.897
1	308.24
1	291.997
1	167.754
1	238.977
1	246.774
1	163.23
1	261.265
1	164.135
1	235.946
1	122.491
1	185.532
1	190.657
1	299.937
1	155.485
1	149.641
1	277.826
1	187.683
1	159.873
1	142.487
1	189.638
1	278.846
1	158.168
1	166.427
1	141.928
1	304.692
1	157.311
1	174.554
1	120.919
1	153.599
1	187.38
1	339.052
1	284.358
1	180.398
1	147.819
1	221.129
1	223.357
1	201.994
1	244.409
1	270.537
1	181.71
1	178.031
1	147.962
1	148.928
1	209.635
1	286.577
1	205.111
1	159.147
1	150.327
1	168.575
1	256.621
1	220.517
1	279.244
0	25.0845
1	213.348
1	188.299
1	201.828
1	180.724
1	207.112
1	188.658
1	291.44
1	228.545
1	200.526
1	155.467
1	322.436
1	294.047
1	192.239
1	152.291
1	252.27
1	251.516
1	230.948
1	156.741
1	149.798
1	207.04
1	171.185
1	210.883
1	166.725
1	215.159
1	209.319
1	222.016
1	225.346
1	237.675
1	208.894
1	162.728
1	190.554
1	237.208
1	258.483
1	268.316
1	171.891
1	205.816
0	146.194
1	178.221
1	174.031
1	216.292
1	146.06
1	172.794
1	255.989
1	151.295
1	127.721
1	229.216
1	287.374
1	180.578
1	167.22
1	238.553
1	268.047
1	194.725
1	237.137
1	202.826
1	137.788
1	172.469
1	149.152
1	178.384
1	145.575
1	182.939
1	163.367
1	169.427
1	198.604
1	139.524
1	161.525
1	194.126
1	186.382
1	162.091
1	187.258
1	153.673
1	189.932
1	197.173
1	166.017
1	205.293
1	236.484
1	326.593
1	165.698
1	188.534
1	171.945
1	177.987
1	354.99
1	183.037
1	165.389
1	170.885
1	188.691
1	182.847
1	186.087
1	235.128
1	135.754
1	152.074
1	268.102
1	167.354
1	241.458
1	148.101
1	178.49
1	340.852
1	126.858
1	203.132
0	73.1235
1	238.236
1	162.091
1	314.587
1	148.148
1	235.479
1	206.256
1	100.393
1	162.404
0	12.4197
1	215.325
1	187.844
1	296.71
1	108.698
1	151.447
1	204.415
1	276.39
1	149.964
1	149.132
1	166.135
1	163.06
1	180.846
1	159.444
1	194.295
1	183.618
1	156.869
1	216.422
1	242.78
1	151.462
1	190.812
1	247.112
1	227.989
1	183.091
1	225.094
1	344.977
1	237.135
1	160.724
1	356.502
1	192.329
1	229.309
1	168.546
1	186.259
1	247.606
1	283.006
1	225.703
1	247.409
1	258.371
1	176.757
1	134.018
1	174.517
1	170.759
1	130.592
1	156.949
1	136.804
1	203.331
1	128.956
1	135.995
1	277.711
1	207.009
1	291.736
1	196.135
1	148.813
1	125.402
1	254.231
1	260.597
1	149.341
1	229.512
1	232.751
1	214.375
1	148.624
1	222.181
1	176.854
1	159.415
1	294.854
1	200.476
1	177.784
1	149.155
1	120.297
1	198.12
1	149.055
1	276.811
1	252.428
1	144.075
1	174.027
1	152.795
1	183.576
1	177.588
1	178.38
1	120.572
1	146.887
1	231.47
1	367.418
1	233.632
1	215.549
1	163.212
1	139.299
1	203.801
1	264.162
1	196.984
1	210.422
1	249.67
1	143.35
1	284.37
1	197.564
1	160.838
1	203.233
1	154.857
1	218.736
1	206.772
1	138.158
1	170.347
1	187.005
1	260.458
1	262.848
1	343.639
1	246.725
1	155.343
1	185.026
1	150.315
1	189.985
1	268.498
1	197.082
1	161.645
1	133.355
1	186.853
1	278.569
1	185.123
1	202.794
1	214.931
1	231.428
1	177.215
1	172.365
1	180.39
1	183.051
1	158.532
1	286.578
1	322.585
1	158.201
1	180.648
1	254.612
1	216.299
1	183.18
1	225.45
1	140.097
1	174.783
1	230.394
1	279.937
1	237.224
1	225.451
1	229.389
1	233.343
1	211.272
1	157.612
1	316.393
1	303.646
1	203.34
1	214.024
1	220.503
1	331.436
1	145.575
1	268.84
1	190.246
1	193.579
1	235.648
1	193.723
1	178.558
1	213.082
1	173.825
1	228.8
1	184.233
1	167.091
1	201.315
1	160.632
1	277.692
1	249.859
1	234.722
1	200.879
1	165.989
1	156.969
1	244.801
1	159.573
1	155.157
1	331.866
1	150.192
1	212.391
1	196.556
1	187.878
1	137.901
1	255.684
1	150.712
1	175.732
1	260.38
1	191.431
1	154.772
1	335.033
1	180.135
1	154.693
1	217.127
1	148.545
1	174.199
1	188.415
1	284.556
1	258.019
1	190.359
1	182.489
1	180.598
1	168.183
1	288.022
1	288.582
1	156.757
1	174.831
1	217.27
1	199.717
1	167.762
1	214.866
1	271.952
1	187.806
1	180.316
1	188.317
1	355.249
1	243.114
1	235.729
1	202.949
1	271.376
1	170.917
1	204.653
1	141.888
1	189.969
1	221.036
1	208.886
1	158.298
1	106.969
1	239.759
1	177.067
1	226.928
1	154.187
1	189.442
1	151.936
1	189.567
1	212.037
1	200.155
1	170.888
1	162.717
1	222.333
1	158.677
1	253.04
1	362.586
1	179.857
1	303.226
1	212.665
1	136.771
1	309.673
1	161.816
1	275.566
1	241.443
1	133.998
1	194.276
1	272.026
1	211.053
1	227.6
1	339.903
1	174.301
1	134.782
1	162.897
1	276.972
1	245.144
1	322.856
1	135.551
1	152.936
1	315.944
1	173.251
1	221.537
1	187.837
1	240.747
1	186.443
1	188.054
1	196.97
1	248.908
1	245.34
1	279.767
1	212.758
1	163.854
1	224.935
1	184.508
1	203.293
1	159.111
1	181.646
1	262.381
1	191.42
1	166.251
1	123.049
1	261.325
0	148.963
1	231.585
1	163.592
1	200.836
1	233.317
1	228.562
1	191.902
1	194.494
1	240.905
1	199.338
1	194.691
1	173.857
1	199.746
1	295.811
1	249.446
1	183.837
1	229.866
1	179.352
1	203.669
1	159.842
1	292.61
1	236.088
1	196.793
1	136.518
1	164.012
1	216.984
1	151.323
1	224.942
1	220.52
1	132.895
1	199.029
1	181.121
1	228.055
1	163.636
1	184.466
1	187.938
1	177.411
1	218.655
1	268.034
1	290.837
1	236.204
1	197.635
1	309.102
1	175.745
1	208.331
1	189.401
1	333.587
1	171.669
1	207.017
1	180.434
1	169.995
1	185.064
1	201.621
1	147.883
1	128.402
1	200.498
1	385.754
1	158.175
1	159.019
1	216.353
1	126.356
1	326.26
1	129.316
1	194.761
1	172.997
1	159.982
1	185.113
1	163.447
1	201.541
1	206.301
1	154.02
1	189.657
1	192.111
1	169.297
1	319.465
1	300.865
1	243.539
1	179.779
1	287.754
1	241.111
1	206.621
1	203.795
1	180.453
1	148.448
1	134.734
1	164.884
1	234.976
1	151.183
1	215.221
1	179.989
1	252.18
1	149.416
1	207.531
1	174.236
1	180.04
1	185.267
1	195.474
1	319.076
1	153.777
1	144.885
1	320.006
1	170.293
1	210.505
1	195.022
1	175.77
1	180.737
1	208.008
1	124.337
1	217.856
1	269.758
1	150.733
1	172.36
1	172.634
1	244.544
1	157.115
1	158.523
1	273.735
1	189.091
1	213.034
1	207.035
1	293.412
1	144.962
1	155.016
1	251.371
1	143.02
1	176.939
1	190.978
1	156.466
1	165.76
1	184.077
1	182.808
1	188.881
1	216.73
1	193.109
1	177.897
1	155.153
1	234.155
1	175.694
1	171.48
1	162.223
1	191.365
1	209.217
1	192.939
1	205.458
1	162.02
1	174.14
1	180.16
1	188.72
1	229.954
1	150.342
1	192.075
1	159.138
1	188.718
1	183.282
1	178.286
1	187.643
1	190.327
1	171.679
1	182.235
1	216.102
1	338.206
1	228.371
1	232.557
1	268.852
1	221.86
1	251.547
1	161.309
1	181.707
1	204.845
1	114.576
1	258.769
1	206.536
1	185.026
1	184.593
1	235.297
1	152.804
1	174.788
1	218.537
1	182.166
1	229.734
1	205.065
1	200.07
1	144.253
1	126.289
1	199.155
1	373.626
1	186.489
1	192.392
1	186.33
1	214.903
1	160.621
1	239.236
1	158.996
1	181.628
1	161.74
1	184.07
1	249.216
1	140.386
1	176.7
1	173.706
1	271.778
1	251.41
1	192.642
1	167.749
1	118.467
1	189.283
1	212.288
1	295.242
1	181.902
1	250.395
1	208.337
1	209.819
1	204.021
1	240.629
1	142.66
1	149.675
1	158.381
1	286.609
1	234.733
1	184.591
1	242.686
1	215.867
1	184.741
1	221.62
1	310.333
1	263.208
1	246.65
1	135.681
1	124.655
1	224.608
1	109.948
1	152.944
1	200.402
1	159.65
1	187.405
1	143.767
1	195.915
1	208.21
1	189.81
1	167.241
1	136.15
1	215.681
1	187.88
1	159.46
1	211.935
1	322.312
1	210.676
1	134.272
1	176.726
1	174.277
1	180.012
1	186.322
1	189.451
1	144.75
0	163.97
1	189.164
1	173.845
1	291.274
1	161.434
1	182.472
0	4.187
1	268.533
1	307.166
1	139.496
1	153.563
1	190.056
1	161.781
1	269.175
1	173.526
1	266.828
1	210.391
1	195.072
1	203.669
1	207.864
1	239.548
1	198.062
1	230.342
1	145.841
1	168.544
1	212.271
1	169.392
1	164.709
1	157.959
1	224.172
1	177.297
1	207.847
1	123.331
1	159.827
1	257.972
1	157.077
1	284.773
1	227.171
1	277.489
1	180.77
1	330.928
1	242.044
1	215.625
1	127.423
1	174.824
1	302.428
1	160.086
1	176.291
1	191.02
1	211.198
1	204.669
1	239.743
1	167.123
1	126.764
1	201.231
1	211.961
1	211.553
1	136.973
1	276.897
1	212.214
1	207.387
1	178.461
1	223.825
1	249.086
1	200.943
1	196.195
1	237.359
1	180.455
1	193.823
1	216.139
1	164.746
1	257.169
1	113.419
1	340.76
1	214.452
1	131.182
1	253.371
1	131.257
1	183.209
1	212.885
1	244.945
1	175.198
1	180.495
1	231.084
1	159.911
1	191.8
1	241.991
1	213.953
1	186.685
1	288.323
1	192.293
1	204.202
1	141.038
1	241.251
1	201.704
1	183.03
1	220.034
1	194.31
1	195.256
1	114.319
1	266.577
1	209.057
1	169.685
1	161.628
1	178.062
1	235.977
1	261.651
1	210.958
1	207.035
1	231.351
1	209.948
1	209.325
1	217.697
1	158.151
1	188.247
1	150.266
1	169.242
1	212.198
1	211.072
1	184.046
1	193.621
1	201.888
1	218.14
1	180.62
1	161.047
1	323.161
1	142.888
1	300.613
1	202.62
1	195.409
1	164.544
1	266.512
1	221.676
1	174.88
1	136.44
1	208.324
1	231.275
1	172.838
1	159.601
1	206.582
1	164.579
1	222.668
1	138.756
1	164.864
1	128.584
1	248.893
1	173.203
1	297.036
1	273.835
1	241.328
1	160.542
1	186.467
1	249.681
1	141.105
1	214.197
1	239.578
1	217.524
1	210.794
1	186.071
1	134.34
1	252.661
1	206.642
1	183.107
1	195.887
1	134.325
1	148.097
1	118.645
1	231.194
1	138.866
1	209.995
1	175.44
1	250.166
1	195.515
1	227.91
1	194.036
1	217.201
1	235.998
1	267.095
1	236.988
1	192.986
1	362.032
1	168.372
1	124.72
1	189.047
1	189.544
1	207.799
1	215.9
1	301.917
1	288.626
1	126.785
1	135.423
1	155.696
1	171.035
1	263.199
1	231.999
0	5.97374
1	131.712
1	158.086
1	178.883
1	135.423
1	162.013
1	143.794
1	163.308
1	197.726
1	185.538
1	165.718
1	227.013
1	246.378
1	232.798
1	225.618
1	388.797
1	187.522
1	227.318
1	225.465
1	157.248
1	135.924
1	170.729
1	169.45
1	264.691
1	124.498
1	154.963
1	164.801
1	234.847
1	202.139
1	161.806
1	157.49
1	153.629
1	161.341
1	189.742
1	144.73
1	182.282
1	164.12
1	161.139
1	214.698
1	160.947
1	354.678
1	195.345
1	261.183
1	178.887
1	181.896
1	191.461
1	223.357
1	247.935
1	183.609
1	273.262
1	217.934
1	174.664
1	168.94
1	209.458
1	188.652
1	195.694
1	261.333
1	229.745
1	165.403
1	289.504
1	200.654
1	229.535
1	263.995
1	152.881
1	224.877
1	171.953
1	139.854
1	196.564
1	184.177
1	150.798
0	8.91805
1	179.563
1	229.553
1	131.718
1	168.45
1	159.868
1	176.915
1	373.37
1	231.631
1	144.392
1	173.253
1	207.559
1	290.762
1	151.747
1	145.341
1	184.995
1	159.309
1	155.596
1	142.265
1	253.744
1	164.539
1	138.364
1	165.124
1	166.004
1	244.504
1	193.179
1	185.744
1	217.884
1	291.492
1	202.01
1	174.746
1	182.806
1	167.035
1	245.957
1	179.353
1	173.893
1	190.785
1	237.584
1	438.749
1	246.297
1	211.502
1	177.195
1	177.558
1	226.932
1	204.492
1	364.966
1	167.832
1	166.509
1	192.055
1	218.084
1	213.092
1	211.133
1	200.506
1	192.449
1	330.578
1	165.683
1	161.973
1	140.265
1	266.605
1	152.085
1	211.784
1	197.725
1	273.553
1	155.908
1	234.448
1	159.207
1	197.654
1	212.304
1	157.437
1	183.42
1	144.028
1	142.992
1	169.488
1	217.112
1	166.098
1	283.13
1	153.409
1	182.13
1	290.758
1	235.225
1	150.182
1	216.243
1	198.15
1	142.978
1	165.457
1	167.43
1	252.178
1	217.808
1	163.828
1	130.819
1	200.126
1	199.092
1	135.505
1	187.379
1	301.081
1	253.445
1	150.625
1	201.698
1	209.789
1	263.654
1	175.455
1	189.544
1	160.092
1	170.965
1	157.919
1	124.105
1	132.721
1	245.751
1	185.23
1	209.842
1	117.101
1	155.729
1	244.014
1	234.497
1	130.029
0	6.77321
1	163.292
1	256.294
1	174.884
1	169.296
1	171.218
1	228.301
1	263.13
1	217.863
1	201.472
1	269.122
1	145.307
1	148.871
1	160.339
1	247.196
1	272.748
1	306.44
1	144.685
1	183.688
1	161.414
1	165.371
1	197.891
1	236.887
1	127.657
1	239.448
1	190.099
1	248.468
1	120.278
1	282.408
1	159.544
1	361.002
1	217.713
1	199.435
1	167.922
1	182.37
1	158.778
1	380.112
1	207.256
1	168.436
1	194.657
1	173.306
1	195.532
1	185.494
1	131.107
1	170.45
1	214.572
1	169.882
1	217.573
1	180.989
1	191.987
1	303.5
1	225.608
1	319.102
0	3.75136
1	141.941
1	209.154
1	222.318
1	277.265
1	136.345
1	177.126
1	145.935
1	161.052
1	318.901
1	147.704
1	185.835
1	148.869
1	176.521
1	122.456
1	262.079
1	234.481
1	167.244
1	214.972
1	187.508
1	212.043
1	140.727
1	199.404
1	221.432
1	257.028
1	152.871
1	122.945
1	189.152
1	174.023
1	148.542
1	238.059
1	229.551
1	277.296
1	200.034
1	172.432
1	151.325
1	250.414
1	136.929
1	281.744
1	255.306
1	195.226
1	171.845
1	180.591
1	182.926
1	177.967
1	238.646
1	270.287
1	295.329
1	252.807
1	131.08
1	146.829
1	101.563
1	224.882
1	122.305
1	174.65
1	324.309
1	199.986
1	282.169
1	242.095
1	158.356
1	204.577
1	181.594
1	151.366
1	204.156
1	197.838
1	192.981
1	142.528
1	156.644
1	270.897
1	188.757
1	169.553
1	220.445
1	144.055
1	195.225
1	269.231
1	181.627
1	149.989
1	261.06
1	159.248
1	177.372
1	194.955
1	201.337
1	254.23
1	243.323
1	284.881
1	280.484
1	148.952
1	203.999
1	302.996
1	256.57
1	207.323
1	186.387
1	212.787
1	224.579
1	195.294
1	185.021
1	309.561
1	253.453
1	163.753
1	176.396
1	205.753
1	207.606
1	246.363
1	163.412
1	223.851
1	323.814
1	162.658
1	238.94
1	175.18
1	234.758
1	258.539
1	303.199
1	156.46
1	187.409
1	227.9
1	241.883
1	250.143
1	192.18
1	144.192
0	6.83148
1	150.423
0	75.0231
1	176.308
1	238.522
1	158.938
1	239.913
1	151.019
1	144.721
1	234.198
1	166.02
1	147.009
1	217.701
1	209.61
1	150.384
1	193.851
1	149.578
1	159.033
1	253.475
1	174.9
1	118.617
1	144.243
1	208.413
1	173.421
1	262.614
1	298.933
1	233.276
1	126.577
1	179.076
1	211.354
1	206.761
1	235.008
1	183.845
1	171.948
1	193.322
1	163.829
1	232.196
1	138.503
1	266.469
1	311.449
1	177.827
1	291.359
1	217.971
1	185.687
1	129.504
1	252.411
1	345.92
1	268.275
1	146.666
1	122
1	271.099
1	215.64
1	189.163
1	171.835
1	168.41
1	166.374
1	201.673
1	200.068
1	251.099
0	50.1978
1	179.475
1	173.648
1	178.884
1	149.251
1	206.7
1	138.7
1	157.313
1	202.072
1	192.647
1	125.692
1	188.923
1	211.788
1	231.354
1	179.563
1	250.12
1	145.384
1	180.767
1	186.713
1	166.01
1	203.341
1	243.186
1	220.513
1	219.263
1	257.402
1	283.75
1	324.386
1	258.635
1	255.56
1	273.266
1	205.31
1	123.536
1	159.094
1	176.715
1	186.781
1	221.115
1	192.072
1	223.751
1	218.318
1	146.922
1	209.695
1	205.416
1	206.346
1	203.589
1	178.736
1	141.725
1	227.452
1	248.63
1	338.74
1	250.375
1	225.85
1	159.36
1	222.811
1	191.987
1	238.484
1	256.362
1	141.642
1	218.448
1	174.789
1	193.741
1	156.649
1	184.33
1	160.263
1	195.293
1	179.502
1	158.606
1	145.036
1	347.787
1	176.815
1	246.769
1	190.004
1	260.768
1	208.377
1	211.049
1	190.008
1	353.447
1	153.501
1	181.845
1	218.852
1	153.159
1	171.352
1	234.312
1	212.976
1	160.468
1	139.358
1	174.373
1	128.407
1	165.976
1	258.475
1	200.018
1	178.781
1	365.908
1	174.971
1	157.564
1	303.83
1	265.836
1	204.616
1	284.239
1	162.9
1	181.347
1	205.749
1	154.505
1	161.142
1	149.088
1	204.152
1	206.917
1	175.439
1	160.563
1	186.12
1	352.357
1	339.226
1	196.797
1	216.377
1	156.219
1	231.287
1	215.672
1	258.902
1	197.616
1	211.025
1	141.997
1	176.469
1	201.129
1	172.063
1	182.422
1	206.568
1	221.442
1	204.231
1	208.942
1	198.055
1	171.704
1	198.069
1	213.136
1	144.767
1	130.525
1	171.833
1	172.737
1	208.38
1	222.479
1	197.263
1	246.909
1	255.29
1	122.369
1	171.673
1	250.449
1	279.738
1	196.632
1	193.976
1	184.839
1	272.73
1	267.288
1	276.48
1	137.233
1	191.654
1	202.06
1	206.209
1	199.994
1	271.093
1	195.342
1	183.291
1	229.338
1	163.298
1	214.866
1	269.406
1	234.526
1	158.822
1	180.85
1	267.983
1	360.86
1	164.877
1	135.165
1	212.33
1	154.753
1	176.855
1	157.561
1	198.693
1	268.245
1	206.352
1	192.681
1	213.322
1	153.636
1	164.433
1	236.51
1	179.118
1	217.903
1	276.903
1	174.164
1	189.838
1	184.554
1	224.557
1	140.587
1	228.475
1	164.69
1	198.812
1	199.025
1	195.146
1	229.835
1	277.651
1	162.56
1	250.7
1	233.622
1	255.487
1	232.826
1	260.412
1	200.904
0	5.5821
1	210.209
1	143.193
1	139.511
0	103.944
1	278.386
1	151.746
1	153.375
1	243.815
1	228.239
1	137.065
1	154.669
1	190.013
1	190.776
1	202.265
1	191.947
1	217.85
1	163.896
1	199.079
1	187.424
1	205.082
1	165.186
1	191.76
1	212.744
1	370.681
1	266.336
1	162.643
1	179.223
1	155.23
1	155.611
1	124.179
1	143.531
1	123.65
1	179.356
1	190.722
1	227.018
1	214.209
1	216.185
1	178.911
1	216.502
1	133.447
1	129.439
1	162.588
1	244.132
1	186.658
1	244.239
1	186.48
1	184.947
1	135.232
1	155.756
1	194.153
1	233.269
1	192.466
1	144.291
1	164.994
1	273.237
1	163.755
1	366.352
1	159.868
1	141.553
1	256.727
1	356.489
1	329.033
1	149.315
1	281.005
1	247.523
1	141.672
1	141.663
1	150.085
1	256.572
1	208.645
1	441.774
1	137.984
1	231.92
1	178.862
1	184.943
1	186.328
1	169.864
1	169.57
1	161.65
1	202.628
1	207.66
1	232.449
1	250.109
1	188.336
1	161.934
1	179.737
1	256.468
1	164.334
1	156.97
1	220.941
1	203.836
1	168.267
1	242.769
1	148.563
1	206.935
1	209.196
1	273.3
1	319.604
1	167.087
1	173.858
1	148.636
1	129.766
1	145.296
1	286.723
1	184.645
1	239.746
1	204.772
1	176.951
1	210.83
0	19.5078
1	250.124
1	152.433
1	139.991
1	207.138
1	200.079
1	254.688
1	241.599
1	140.013
1	133.226
1	252.022
1	226.944
1	186.06
1	310.167
1	153.242
1	231.024
1	207.8
1	272.073
1	211.867
1	190.434
1	240.504
1	217.801
1	259.828
1	188.416
1	187.297
1	158.964
1	206.746
1	171.78
1	169.502
1	198.99
0	57.8847
1	155.858
1	146.603
1	136.594
1	189.648
1	187.438
1	143.66
1	219.879
1	146.036
1	253.48
1	256.594
1	329.775
1	183.139
1	223.397
1	215.851
1	183.286
1	193.226
1	212.08
1	318.651
1	279.361
1	185.215
1	119.97
1	199.171
1	219.627
1	136.656
1	229.342
1	185.2
1	181.2
1	142.343
1	231.802
1	238.977
1	154.701
1	287.173
1	166.272
1	261.749
1	139.85
1	182.447
1	151.042
1	178.86
1	170.742
1	232.85
1	141.036
1	173.557
1	149.119
1	131.576
1	205.977
1	200.763
1	231.786
1	231.454
1	190.261
1	197.976
1	213.37
1	160.037
1	214.104
1	144.589
1	144.077
1	245.426
1	245.698
1	194.861
1	223.594
1	135.292
1	189.504
1	203.924
1	167.402
1	147.857
1	259.295
1	157.986
1	201.965
1	173.097
1	179.388
1	294.628
1	246.927
1	250.206
1	162.51
1	198.33
1	177.176
1	232.584
1	160.684
1	192.605
1	189.026
1	196.047
1	307.016
1	222.896
1	150.359
1	249.988
1	210.578
1	213.423
1	212.062
1	364.327
1	227.493
1	433.784
1	206.186
1	207.016
1	190.746
1	259.063
1	192.366
1	162.419
1	137.533
1	132.552
1	184.802
1	216.828
1	248.627
1	179.629
1	188.655
1	338.818
1	147.31
1	225.822
1	176.675
1	170.45
1	287.838
1	239.789
1	146.199
1	176.468
1	257.977
0	53.684
1	134.898
1	199.349
1	251.595
1	176.3
1	208.583
0	33.26
1	194.186
1	194.24
1	139.635
1	294.696
1	161.714
1	225.927
1	292.631
1	186.493
1	204.191
1	231.985
1	202.601
1	230.353
1	166.935
1	253.669
1	142.273
1	145.847
1	193.181
1	173.214
1	358.798
1	181.202
1	213.808
1	195.078
1	193.628
1	297.186
1	221.52
1	156.197
1	211.508
1	187.304
1	147.396
1	182.953
1	149.486
1	150.553
1	212.521
1	165.822
1	271.909
1	251.895
1	176.134
1	172.847
1	189.98
1	175.165
1	153.521
1	209.746
1	170.088
1	229.27
1	161.087
1	136.712
1	119.491
1	270.7
1	240.499
1	192.841
1	196.243
1	170.533
1	124.077
1	161.166
1	163.327
1	146.386
1	215.975
1	261.096
1	168.831
1	234.778
1	281.737
1	276.441
1	193.734
0	53.7701
1	259.04
1	206.254
1	165.231
1	189.03
1	190.681
1	208.554
1	162.538
1	109.954
1	188.389
1	175.486
1	207.436
1	290.209
1	169.283
1	168.092
1	156.484
1	220.9
1	158.129
1	174.172
1	263.408
1	376.165
1	175.196
1	184.752
1	169.785
1	240.738
1	188.632
1	235.69
1	156.86
1	289.942
1	157.586
1	176.486
1	236.768
1	250.621
1	174.94
1	234.048
1	288.236
1	197.731
1	167.889
1	183.11
1	166.489
1	158.566
1	237.977
1	171.795
1	233.726
1	258.77
1	181.857
1	237.279
1	142.862
1	300.838
1	169.217
1	179.145
1	148.212
1	236.987
1	214.675
1	217.374
1	244.493
1	196.083
1	181.6
1	148.038
1	230.278
1	212.013
1	219.311
1	176.97
1	152.554
1	286.73
1	128.24
1	143.678
1	201.243
1	215.698
1	214.793
1	225.205
1	224.579
1	256.159
1	125.982
1	207.922
1	226.363
1	184.595
1	190.488
1	206.132
1	185.182
1	193.62
1	179.606
1	145.23
1	188.614
1	223.378
1	151.886
1	221.932
1	269.332
1	149.497
1	166.317
1	266.179
1	251.795
1	229.04
1	261.577
1	223.099
1	229.725
1	197.712
1	214.994
1	177.944
1	287.948
1	220.136
1	155.881
1	151.335
1	253.656
1	203.361
1	205.688
1	239.209
1	163.882
1	206.369
1	181.148
1	221.347
1	246.17
1	206.521
1	170.337
1	181.574
1	418.987
1	201.722
1	278.89
1	178.876
1	238.544
1	322.074
1	220.261
1	168.773
1	224.893
1	217.319
1	187.462
1	190.998
1	308.739
1	208.125
1	270.218
1	240.037
1	227.154
1	144.17
1	172.834
1	189.14
1	182.45
1	261.589
1	137.747
1	218.271
1	254.599
1	188.477
1	182.27
1	217.521
1	238.077
1	264.195
1	196.232
1	228.992
1	175.945
1	168.406
1	208.201
1	182.116
1	165.967
1	155.787
1	160.018
1	143.746
1	271.96
1	210.86
1	210.497
1	296.44
1	207.1
1	226.775
1	152.012
1	187.087
1	183.45
1	180.515
1	261.253
1	172.284
1	193.128
1	174.111
1	268.819
1	174.136
1	152.491
1	170.902
1	173.228
1	187.731
1	223.477
1	180.465
1	215.447
1	160.648
1	180.463
1	147.872
1	172.969
1	199.518
1	228.34
1	189.654
1	178.975
1	219.396
1	214.927
1	220.3
1	188.141
1	183.234
1	204.471
1	221.454
1	269.455
1	145.457
1	167.285
1	181.227
1	174.648
1	201.042
1	200.046
1	209.589
1	180.58
1	173.396
1	193.113
1	185.04
1	193.759
1	147.346
1	188.8
1	148.226
1	248.593
1	199.787
1	188.549
1	207.67
1	176.176
1	161.383
1	211.721
1	147.286
1	190.789
1	151.483
1	181.572
1	225.148
1	163.92
1	240.887
1	208.102
1	180.384
1	204.621
1	165.093
1	189.068
1	177.719
1	234.946
1	152.48
1	146.708
1	181.985
1	156.37
1	280.696
1	233.868
1	229.014
1	191.217
1	534.9
1	221.812
1	309.272
0	24.8168
1	183.276
0	56.3602
1	172.183
1	208.091
1	183.921
1	196.365
1	199.304
1	245.706
1	193.987
1	208.197
1	210.045
1	211.398
1	167.708
1	160.504
1	178.926
1	258.895
1	214.103
1	158
1	175.474
1	221.093
1	180.378
1	188.868
1	207.965
1	204.403
1	160.558
1	160.051
1	203.572
1	244.654
1	189.221
1	216.665
1	220.034
1	173.738
1	211.176
1	189.029
1	167.885
1	152.216
1	197.862
1	142.606
1	244.422
1	249.946
1	348.954
1	167.378
1	201.015
1	257.642
1	200.898
1	219.149
1	238.868
1	206.373
1	190.153
1	179.482
1	262.668
1	138.826
1	186.92
1	156.871
1	262.115
1	217.651
1	125.737
1	235.978
1	158.587
1	229.5
1	132.462
1	213.06
1	219.231
1	136.735
1	159.024
1	236.077
1	190.36
1	202.334
1	235.865
1	153.965
1	169.527
1	141.078
1	137.134
1	262.996
1	187.673
1	216.091
1	176.729
1	243.633
1	244.726
1	231.338
1	252.652
1	218.626
1	245.829
1	210.698
1	140.14
1	208.745
1	172.886
1	170.585
1	161.1
1	182.367
1	176.423
1	160.556
1	163.077
1	219.353
1	230.438
1	173.501
1	239.668
1	183.495
1	252.073
1	213.623
1	209.708
1	149.607
1	161.835
1	269.262
1	173.608
1	238.045
1	223.102
1	122.749
1	204.523
1	160.702
1	183.211
1	129.334
1	198.105
1	227.465
1	169.385
1	159.177
1	128.666
1	157.297
1	193.065
1	281.098
1	275.256
1	440.784
1	149.355
1	162.838
1	179.135
1	306.403
1	209.622
1	288.561
1	269.902
1	202.341
1	145.194
1	189.783
1	225.713
1	283.177
1	241.04
1	234.29
1	219.548
1	205.37
1	259.13
1	169.758
1	233.04
1	354.462
1	272.866
1	180.969
1	162.003
1	238.335
1	255.599
1	220.409
1	206.051
1	244.895
1	185.052
1	203.023
1	139.899
1	208.034
1	127.735
1	207.776
1	207.174
1	205.85
1	205.606
1	125.561
1	156.394
1	218.981
1	191.278
1	209.618
0	2.9734
1	174.967
1	200.857
1	279.25
1	278.945
1	169.448
1	233.708
1	164.717
1	188.369
1	328.554
1	162.231
1	210.956
1	142.654
1	210.402
1	177.025
1	150.437
1	266.084
1	171.549
0	33.4587
1	174.855
1	171.93
1	244.971
1	193.718
1	179.302
1	247.465
1	234.211
1	264.256
1	171.23
1	227.979
1	214.661
1	186.977
1	289.576
1	329.608
1	217.737
1	197.087
1	195.91
1	166.354
1	185.195
1	242.034
1	135.925
1	211.043
1	153.919
1	143.688
1	227.209
1	159.013
1	292.901
1	190.141
1	295.694
1	129.148
1	143.012
1	162.186
1	291.885
1	157.329
1	261.854
1	208.81
1	122.351
1	142.548
1	194.363
1	248.034
1	181.422
1	164.997
1	168.065
1	180.799
1	228.133
1	219.088
1	197.333
1	245.311
1	187.562
1	159.558
1	161.503
1	138.189
1	227.928
1	163.577
1	206.837
1	238.042
1	192.616
0	98.3213
1	183.928
1	121.193
1	137.32
1	145.406
1	234.309
1	145.864
1	205.883
1	234.504
1	200.494
1	320.149
1	194.446
1	206.105
1	155.963
1	192.96
1	238.759
1	366.12
1	187.541
1	203.311
1	159.915
1	206.028
1	272.717
1	212.266
1	190.921
1	171.697
1	296.745
1	143.161
1	215.949
1	206.56
1	167.697
1	210.664
1	185.682
1	209.021
1	236.97
1	170.909
1	151.298
1	256.561
1	218.854
1	149.147
1	240.568
1	262.187
0	48.7388
1	231.661
1	244.666
1	190.616
1	188.281
1	139.956
1	310.531
1	190.341
1	157.26
1	256.825
1	226.013
1	191.2
1	227.723
1	179.961
1	176.222
1	219.683
1	194.171
1	164.317
1	186.959
1	184.943
1	275.197
1	140.914
1	261.367
1	247.262
1	140.417
1	189.198
1	211.079
1	183.004
1	161.613
1	119.507
1	170.681
1	149.862
1	160.505
1	212.191
1	224.788
1	229.075
1	227.289
1	170.808
1	282.025
1	180.65
1	312.544
1	236.61
1	166.493
1	168.129
1	217.409
1	169.002
1	214.66
1	185.616
1	172.016
1	222.484
1	195.702
1	193.812
1	222.933
1	191.002
1	164.628
1	118.831
1	210.272
1	242.591
1	217.543
0	132.578
1	170.276
1	148.615
1	249.711
1	228.261
1	210.649
1	145.673
1	138.663
1	190.537
1	177.85
1	311.488
1	191.877
1	162.802
1	187.988
1	193.429
1	193.482
1	242.44
1	172.98
1	150.969
1	115.818
1	189.799
1	299.659
1	158.583
1	206.238
1	191.293
1	180.018
1	223.593
1	220.323
1	181.138
1	187.823
1	206.399
1	288.617
1	284.71
1	153.662
1	191.996
1	205.242
1	158.27
1	149.883
1	174.396
1	139.674
1	184.844
1	188.691
1	183.346
1	180.17
1	246.31
1	155.28
1	213.063
1	291.623
1	174.713
1	241.22
1	213.486
1	244.222
1	174.432
1	259.184
1	248.676
1	226.616
1	238.385
1	194.169
1	144.939
1	221.963
1	182.302
1	140.678
1	377.48
1	193.623
1	187.3
1	169.795
1	164.367
1	175.487
1	182.663
1	313.412
1	224.274
1	200.827
1	142.245
1	184.134
1	172.504
1	270.459
1	252.147
1	205.814
1	148.049
1	222.678
1	144.2
1	207.323
1	367.025
1	146.651
1	225.184
0	15.9017
1	165.824
1	210.659
1	163.856
1	295.164
1	241.589
1	143.679
1	216.384
1	166.412
1	176.039
1	234.561
1	178.512
1	189.949
1	175.038
1	174.536
1	133.587
1	143.506
1	298.97
1	208.057
1	142.128
1	168.62
1	187.302
1	289.556
1	200.426
1	169.682
1	255.269
1	139.628
1	221.762
1	269.83
1	293.482
1	278.239
1	222.044
1	194.268
1	172.662
1	236.665
1	193.46
1	339.103
1	169.486
1	229.314
1	235.361
1	284.198
1	162.634
1	185.397
1	181.038
1	220.791
1	170.118
1	237.395
1	154.748
1	341.387
1	210.154
1	208.378
1	179.093
1	216.257
1	262.147
1	210.379
1	182.343
1	248.529
1	212.75
1	181.649
1	203.433
1	176.607
1	181.079
1	163.451
1	270.59
1	190.917
1	228.297
1	117.879
1	161.216
1	209.497
1	225.996
1	172.592
1	245.738
1	197.214
1	238.205
1	204.853
1	237.903
1	163.603
1	192.492
1	208.906
1	311.393
1	198.133
1	209.348
1	179.587
1	200.074
1	184.065
1	140.413
1	195.9
1	183.067
1	178.933
1	160.25
1	174.26
1	192.749
1	203.643
1	213.955
1	289.293
1	260.257
1	183.664
1	250.867
1	157.134
1	205.285
1	197.543
1	196.226
1	136.482
1	211.166
1	167.945
1	236.123
1	168.974
1	188.79
1	168.198
1	243.763
1	288.727
1	209.293
1	124.235
1	133.907
1	233.453
1	178.199
1	184.058
1	269.279
1	299.507
1	181.438
1	288.668
1	302.008
1	164.633
1	248.692
1	125.147
1	370.14
1	238.423
1	214.136
1	152.955
1	131.766
1	147.802
1	141.925
1	217.34
1	132.35
1	167.199
1	225.688
1	196.044
1	156.512
1	230.451
1	208.799
1	142.43
1	204.342
1	118.309
1	156.108
1	202.432
1	173.713
1	166.221
1	166.59
1	213.088
1	235.895
1	186.225
1	194.47
1	151.234
1	284.392
1	222.308
1	132.659
1	245.471
1	159.711
1	252.095
1	149.504
1	157.677
1	172.374
1	200.944
1	205.33
1	188.059
1	265.709
1	169.742
1	250.054
1	218.903
1	180.331
1	303.479
1	153.391
1	192.038
1	197.879
1	171.847
1	173.781
1	187.148
1	390.571
1	176.245
1	178.135
1	176.946
1	252.543
1	151.896
1	159.009
1	149.006
1	143.139
1	275.744
1	213.497
1	344.409
1	189.898
1	295.382
1	244.819
1	132.024
1	143.623
1	191.589
1	159.141
1	156.548
1	210.643
1	141.305
1	248.968
1	209.381
1	214.996
1	150.682
1	251.759
1	226.087
1	183.515
1	219.165
1	272.264
1	221.214
1	214.889
1	193.143
0	16.9731
1	262.6
1	183.8
1	172.317
1	136.96
1	211.697
1	168.484
1	171.212
1	492.469
1	174.068
1	147.603
1	214.458
1	230.818
1	161.301
1	144.102
1	182.74
1	168.544
1	209.212
1	154.579
1	139.101
1	179.832
1	258.131
0	7.86966
1	218.686
1	297.73
1	244.035
1	157.582
1	161.095
1	385.795
1	194.804
1	233.516
1	162.023
1	285.957
1	188.227
1	148.002
1	196.516
1	137.793
1	329.625
1	233.875
1	251.175
1	230.861
1	189.511
1	165.261
1	207.119
1	143.923
1	153.98
1	216.484
1	192.383
1	210.174
1	250.306
1	143.495
1	170.352
1	231.267
1	207.184
1	139.745
1	184.863
1	247.101
1	186.296
1	274.32
1	229.847
1	247.189
1	206.059
1	136.912
1	260.091
1	219.259
1	246.003
1	211.24
1	253.632
1	185.799
1	110.005
1	232.474
1	175.683
1	129.74
1	233.404
1	205.119
1	207.78
1	231.877
1	255.771
1	217.576
1	266.663
1	227.522
1	368.277
1	219.236
1	179.888
1	140.906
1	269.405
1	245.486
1	210.682
1	302.694
1	180.615
1	252.036
1	171.059
1	248.091
1	263.709
1	219.253
1	192.86
1	166.326
1	199.578
1	146.265
1	157.081
1	165.332
1	215.332
1	234.719
1	446.017
1	157.499
1	199.368
1	193.879
1	241.443
1	171.91
1	151.074
1	201.872
0	4.7885
1	118.277
1	209.882
1	160.712
1	195.147
1	182.331
1	163.598
1	172.852
1	152.715
1	150.993
1	175.506
1	176.986
1	167.413
1	199.962
1	234.293
1	268.958
1	150.435
1	138.015
1	189.14
1	141.76
1	199.592
1	239.974
1	187.018
1	205.874
1	184.707
1	221.416
1	236.177
1	253.569
1	282.09
1	241.82
1	156.299
1	134.841
1	276.889
1	222.071
1	172.137
1	200.831
1	257.9
1	323.669
1	224.412
1	203.642
1	270.11
1	216.666
1	210.291
1	219.646
1	136.054
1	206.875
1	170.764
1	174.031
1	192.973
1	142.569
1	203.891
1	187.03
1	194.503
1	258.858
1	196.662
1	184.825
1	119.528
1	256.719
1	211.287
1	137.288
1	184.357
1	269.547
1	165.54
1	334.324
1	201.549
1	203.633
1	246.707
1	169.357
1	211.277
0	41.2753
1	168.617
1	216.621
1	161.637
1	137.343
1	259.199
1	181.666
1	154.903
1	222.916
1	120.46
1	250.939
1	206.385
1	233.738
1	263.894
1	280.686
1	200.729
1	185.495
1	200.136
1	197.831
1	132.012
1	259.369
1	172.064
1	151.834
1	206.112
1	209.773
1	188.727
1	251.346
1	175.153
1	186.451
1	403.469
1	149.619
1	158.041
1	129.358
1	179.488
1	187.326
1	228.562
1	286.344
1	177.62
1	183.329
1	195.598
1	130.703
1	232.655
1	377.967
1	195.625
1	169.805
1	313.602
1	191.458
1	109.413
1	197.719
1	146.626
1	212.715
1	201.888
1	146.529
1	251.923
1	281.098
1	188.519
1	159.569
1	178.092
1	128.055
1	205.389
1	227.081
1	342.221
0	97.4043
1	218.501
1	160.389
1	163.75
1	279.682
1	154.426
1	249.517
1	267.532
1	220.885
1	215.769
0	31.6465
1	179.55
1	147.222
1	196.222
1	210.698
1	362.117
1	311.173
1	248.299
1	195.9
1	158.869
1	216.594
1	280.64
1	180.295
1	202.001
1	257.624
1	191.238
1	192.871
1	204.964
1	194.162
1	214.399
1	235.942
1	226.151
1	203.806
1	162.25
1	167.772
1	174.821
1	202.873
1	195.858
1	163.313
1	184.625
1	219.414
1	297.695
1	172.257
1	172.529
1	205.434
1	190.536
1	232.926
0	104.434
1	219.026
1	139.184
1	143.433
1	160.701
1	265.771
1	247.682
1	163.495
1	153.188
1	177.016
1	116.314
1	306.047
1	203.245
1	237.808
1	212.11
1	309.805
1	164.948
1	187.103
0	96.0237
1	202.301
1	346.014
1	199.55
1	205.41
1	202.858
1	152.277
1	173.986
1	242.062
1	189.748
1	151.657
1	266.004
1	243.547
1	138.855
1	170.798
1	168.999
1	215.018
1	373.763
1	261.171
1	175.205
1	157.587
1	185.987
1	145.443
1	203.249
1	350.147
1	183.068
1	196.188
1	232.051
1	216.637
1	271.407
1	306.016
1	180.946
1	219.957
1	221.162
1	174.268
1	182.738
1	246.152
1	170.184
1	251.042
1	232.43
1	223.115
1	240.825
1	212.191
1	231.145
1	150.334
1	246.103
1	153.453
1	197.144
1	146.342
1	299.137
1	187.068
1	209.068
1	206.422
1	171.133
1	153.066
1	193.927
1	207.084
1	202.993
1	137.492
1	244.099
1	141.413
1	246.299
1	193.377
1	277.83
1	219.905
1	145.118
1	257.104
1	250.268
1	216.63
1	183.496
1	206.158
1	130.148
1	173.176
1	204.933
1	184.922
1	180.906
1	253.158
1	152.145
1	195.886
1	186.357
1	220.648
1	227.562
1	236.076
1	197.506
1	180.294
1	159.103
1	211.595
1	343.489
1	182.839
1	232.169
1	250.896
1	155.91
1	224.208
1	234.358
1	120.131
1	256.889
1	216.092
1	233.713
1	184.098
1	158.858
1	149.4
1	223.52
1	158.441
1	259.23
1	177.434
1	157.419
1	190.005
1	192.384
1	158.94
1	288.148
1	200.551
1	272.042
1	171.904
1	145.604
1	246.66
1	182.244
1	175.265
1	194.16
1	182.865
1	166.926
1	166.279
1	204.191
1	228.297
1	205.428
1	238.692
1	185.305
1	155.869
1	175.89
1	276.824
1	239.796
1	228.898
1	151.893
0	38.7697
1	178.33
1	195.249
1	162.662
1	205.259
1	133.94
1	170.539
1	187.171
1	159.566
1	151.826
1	153.873
1	281.47
1	172.77
1	240.69
1	267.841
1	296.64
1	209.868
1	259.501
1	196.043
1	244.149
1	151.334
1	158.983
1	174.02
1	325.369
1	295.434
1	260.73
1	178.29
1	292.937
1	249.66
1	193.291
1	127.161
1	180.895
1	255.919
1	185.156
1	197.093
1	218.396
1	226.27
1	227.926
1	152.034
1	234.214
1	275.722
1	204.074
1	204.97
1	248.25
1	200.742
1	264.978
1	235.013
1	130.673
1	255.872
1	184.649
1	206.157
1	140.528
1	315.836
1	171.006
1	246.36
1	141.261
1	215.39
1	146.514
1	328.517
1	136.587
1	227.044
1	248.851
1	208.528
1	199.491
1	174.694
1	200.624
1	216.555
1	175.704
1	166.99
1	172.917
1	182.86
1	221.346
1	195.532
1	176.141
1	206.811
1	198.992
1	190.211
1	180.206
1	220.055
1	250.22
1	185.184
1	167.14
1	170.975
1	161.581
1	137.256
1	248.741
0	90.4822
1	185.9
1	191.637
1	192.501
1	200.035
1	178.936
1	250.39
1	160.723
1	189.699
1	256.923
1	200.058
1	169.061
1	156.364
1	156.684
1	248.421
1	240.319
1	181.596
1	268.055
1	228.467
1	164.477
1	221.836
1	241.477
1	156.181
1	208.558
1	278.571
1	234.238
1	191.881
1	249.047
1	236.121
1	170.038
1	258.692
1	158.882
1	165.092
1	134.711
1	223.526
1	156.31
1	166.157
1	287.587
1	271.827
1	159.083
1	180.767
1	183.342
1	246.363
1	215.382
1	200.757
1	181.571
1	222.357
1	178.761
1	168.421
1	265.178
1	140.959
1	198.696
1	247.416
1	161.087
1	194.505
1	206.005
1	215.15
1	177.59
1	165.715
1	194.608
1	175.94
1	167.927
1	193.892
1	238.923
1	230.278
1	127.29
1	193.284
1	261.332
1	179.594
1	198.034
1	155.608
1	194.301
1	194.555
1	231.674
1	186.049
1	256.198
1	255.063
1	171.508
1	185.623
1	175.986
1	374.232
1	179.68
1	179.687
1	177.065
1	187.849
1	178.563
1	135.373
1	156.932
1	289.398
1	196.455
1	208.793
1	193.923
1	276.262
1	185.9
1	215.225
1	175.625
1	266.034
1	187.202
1	165.009
1	275.016
1	148.657
1	181.618
1	233.726
1	245.426
1	165.677
1	180.406
1	167.696
1	296.953
1	229.618
1	229.382
1	151.075
1	163.792
1	242.34
1	182.091
1	190.386
1	161.948
1	185.677
1	230.179
1	208.248
1	174.085
1	180.715
1	225.596
1	121.768
1	160.222
1	218.753
1	230.626
1	199.695
1	190.244
1	330.812
1	270.288
1	185.837
1	189.994
1	297.101
1	150.208
1	185.498
1	183.106
1	157.205
1	222.804
1	212.441
1	190.579
1	145.724
1	225.266
1	173.093
1	231.59
1	267.519
1	137.019
1	111.147
1	154.9
1	204.547
1	216.129
1	218.874
1	196.446
1	402.831
1	207.792
1	215.992
1	204.749
1	204.529
1	187.227
1	340.259
1	186.15
1	179.671
1	164.043
1	185.011
1	259.757
1	284.904
1	196.214
1	174.032
1	199.722
1	173.383
1	217.516
1	249.943
1	150.146
1	246.686
1	200.305
1	182.912
1	172.488
1	208.885
1	243.038
1	186.952
1	203.403
1	207.042
1	200.225
1	206.723
1	204.494
1	204.461
1	239.864
1	160.223
1	228.079
1	336.071
1	194.424
1	183.095
1	180.097
1	214.477
1	176.284
1	146.088
1	205.603
1	131.095
1	295.211
1	201.24
1	221.575
1	308.123
1	206.172
1	137.166
1	216.724
1	197.007
1	188.231
1	206.56
1	152.321
1	210.27
1	275.413
1	215.502
1	157.279
1	126.105
1	186.108
0	59.7148
1	180.055
1	278.301
1	158.951
1	161.823
1	171.333
1	174.358
1	193.28
1	189.606
1	215.926
1	179.714
1	132.115
1	238.213
1	199.173
1	214.796
1	160.668
1	183.2
1	294.088
1	185.933
1	255.102
1	201.512
1	201.049
1	206.017
1	150.742
1	161.878
1	166.164
1	242.982
1	185.697
1	152.592
1	185.82
1	184.622
0	3.20026
1	181.98
1	145.55
1	187.665
1	188.323
1	152.147
1	179.889
1	234.96
1	123.674
1	161.163
1	178.768
1	144.01
1	205.076
1	220.602
1	299.045
1	190.597
1	187.315
1	333.378
1	147.621
1	209.596
1	237.391
1	297.264
1	313.52
1	136.485
1	165.303
1	213.336
1	186.261
1	166.612
1	214.502
1	135.415
1	224.265
1	195.956
1	221.579
1	267.878
1	175.338
1	267.856
1	270.942
1	168.685
1	207.799
1	170.336
1	173.953
1	162.058
1	265.037
1	237.428
1	206.9
1	194.741
1	255.323
1	176.619
1	257.88
1	179.381
1	207.411
1	170.986
1	149.974
1	229.723
1	270.275
1	132.35
1	218.61
1	203.237
1	172.359
1	197.359
1	125.417
1	166.624
1	242.27
1	185.57
1	172.227
1	188.519
1	288.563
1	185.722
1	203.192
1	155.074
1	131.706
1	182.76
1	177.006
1	149.451
1	210.194
1	187.204
1	166.104
1	223.857
1	310.296
1	176.698
1	158.135
0	41.9206
1	153.984
1	292.185
1	263.742
1	228.035
1	172.709
1	167.2
1	222.305
1	222.363
1	170.049
1	179.851
1	193.286
1	152.979
1	126.192
1	182.125
1	166.799
1	181.828
1	230.602
1	367.983
1	214.321
1	133.816
1	143.897
1	292.62
1	231.164
1	137.008
1	210.659
1	268.041
1	240.947
1	210.216
1	179.542
1	131.59
1	218.024
1	301.683
1	188.255
1	153.989
1	321.626
1	200.174
1	167.578
1	291.484
1	151.779
1	193.899
1	221.503
1	168.057
1	251.693
1	294.268
1	197.798
1	184.941
1	171.89
1	173.763
1	287.343
1	350.536
1	167.805
1	174.458
1	230.418
1	200.149
1	203.164
1	193.571
1	217.694
1	149.048
1	245.538
1	186.069
1	172.644
1	193.158
1	175.526
1	170.58
1	193.432
1	220.934
1	208.992
1	209.7
1	182.283
1	148.968
1	226.275
0	25.2321
1	165.78
1	208.73
1	198.104
1	196.704
1	279.216
1	260.732
1	188.307
1	159.177
1	187.33
1	246.409
1	176.306
1	210.723
1	278.571
1	236.081
1	221.089
1	213.187
1	200.108
1	183.877
1	234.725
1	189.306
1	220.523
1	156.085
1	256.71
1	235.563
1	179.255
1	147.309
1	219.001
1	202.202
1	172.618
1	192.443
1	336.245
1	202.061
1	276.091
1	223.136
1	284.612
1	179.178
1	131.167
1	185.947
1	221.342
1	192.381
1	149.991
1	217.038
1	171.938
1	180.577
1	170.79
1	210.406
1	327.122
1	275.599
1	206.771
1	217.225
1	221.123
1	321.886
1	235.858
1	199.482
1	194.296
1	189.01
1	153.447
1	232.353
1	155.425
1	166.338
1	150.306
1	165.373
1	189.445
1	187.382
1	231.283
1	192.249
1	164.181
1	176.069
1	249.394
1	230.338
1	310.225
1	204.874
1	232.183
1	159.091
1	281.162
1	181.435
1	187.64
1	205.043
1	175.425
1	169.112
1	184.002
1	211.32
1	213.114
1	259.395
1	164.98
1	193.912
1	136.277
1	160.357
1	192.704
1	198.042
1	201.441
1	201.622
1	136.5
1	163.073
1	196.937
1	123.352
1	167.402
1	231.343
1	269.294
1	294.337
1	226.281
1	227.868
1	165.043
1	165.966
1	190.011
1	260.572
1	229.358
1	222.539
1	171.019
1	212.291
1	163.57
1	219.498
1	237.168
1	214.252
1	180.235
1	168.403
1	157.816
1	378.797
1	156.673
1	154.53
1	203.037
1	293.703
1	274.824
1	164.251
1	221.706
1	184.305
1	208.76
1	180.055
1	193.111
1	220.904
1	190.741
1	191.225
1	158.113
1	155.889
1	206.38
1	158.137
1	122.046
1	255.251
1	189.219
1	219.949
1	212.316
1	181.054
1	158.679
1	243.656
1	141.592
1	154.748
1	164.126
1	228.521
1	199.805
1	265.563
1	201.078
1	364.101
1	213.662
1	190.208
1	169.853
1	157.63
1	159.963
1	251.574
1	176.656
1	216.706
1	205.54
1	167.941
1	213.224
1	256.213
1	190.628
1	154.922
1	200.471
1	248.14
1	319.637
1	167.944
1	215.143
1	229.499
1	217.692
1	144.448
1	144
1	224.59
1	277.939
1	158.16
1	272.015
1	282.159
1	180.201
1	253.334
1	200.613
1	133.365
1	251.042
1	157.375
1	142.134
1	181.034
1	198.879
1	257.34
1	182.653
1	204.723
1	234.713
1	237.93
1	185.031
1	191.101
1	224.588
1	133.539
1	244.911
1	236.255
1	205.601
1	172.798
1	212.387
1	216.644
1	148.342
1	248.619
1	234.357
1	200.563
1	183.104
1	147.163
1	275.014
1	158.166
1	224.907
1	324.588
1	224.005
1	251.539
1	352.368
1	304.303
1	149.028
1	243.92
1	284.712
1	226.536
1	173.94
1	169.367
1	270.793
1	512.484
1	210.009
1	166.871
1	188.569
1	151.324
1	256.471
1	169.06
1	152.985
1	161.23
1	254.601
1	190.495
1	202.859
1	275.256
1	261.322
1	170.588
1	204.696
1	192.931
1	189.293
1	233.656
1	180.307
1	126.644
1	216.583
1	382.406
1	195.298
1	229.82
1	186.875
1	209.25
1	236.165
1	115.292
1	183.146
1	205.406
1	218.835
1	179.482
1	234.368
1	179.03
1	204.546
1	170.004
1	173.885
1	191.226
1	128.07
1	245.541
1	257.893
1	201.414
1	251.931
1	190.49
1	288.362
1	207.344
1	161.545
1	129.669
1	195.796
1	152.878
1	194.386
1	196.978
1	172.996
1	172.019
1	317.375
1	166.152
1	137.874
1	244.655
1	218.209
1	192.134
1	158.742
1	234.466
1	139.241
1	192.863
1	181.961
1	182.316
1	210.73
1	155.261
1	267.38
1	170.349
1	208.255
1	275.96
1	213.209
1	193.006
1	234.099
1	151.718
1	128.273
1	197.395
1	160.165
1	168.493
1	250.426
1	267.749
1	202.999
1	238.956
1	206.153
1	169.037
1	180.837
1	191.285
1	226.52
1	252.797
1	268.831
1	183.56
1	181.847
1	255.59
1	234.883
1	190.653
1	261.335
1	166.32
1	257.343
1	321.311
1	258.119
1	219.731
1	183.824
1	193.65
1	302.542
0	31.302
1	184.593
1	185.46
1	216.508
1	342.349
1	177.385
1	154.85
1	181.287
1	375.738
1	217.674
1	238.418
1	213.915
1	242.755
1	224.942
1	115.262
1	326.447
1	194.033
1	216.05
1	158.151
1	221.74
1	150.348
1	131.564
1	231.379
1	166.282
1	212.435
1	186.015
1	239.34
1	218.321
1	235.405
1	281.873
1	223.646
1	177.86
1	207.065
1	354.014
1	267.682
1	209.026
1	180.447
1	230.434
1	165.59
1	203.02
1	191.824
1	166.048
1	158.615
0	46.0616
1	217.66
1	162.194
1	193.184
1	186.667
1	237.731
1	152.33
1	237.934
1	224.613
1	125.239
1	196.503
1	156.418
1	283.559
1	183.849
1	222.708
1	226.388
1	212.142
1	182.562
1	204.448
1	204.93
1	212.03
1	254.126
1	188.723
1	188.518
1	239.513
1	173.173
1	187.401
1	175.834
1	173.914
1	181.812
1	184.148
1	207.487
1	212.075
1	211.796
1	170.311
1	264.242
1	172.391
1	325.107
1	229.058
1	236.744
1	202.759
1	228.329
1	167.244
1	136.409
1	191.823
1	272.251
1	149.18
1	213.132
1	287.769
1	162.075
1	221.942
1	139.949
1	220.845
1	206.688
1	223.553
1	234.243
1	314.791
1	249.963
1	146.072
1	256.585
1	202.63
1	139.717
1	221.961
1	278.137
1	208.329
1	210.156
1	224.388
1	147.144
1	201.116
1	233.218
1	244.465
1	138.355
1	325.159
1	250.262
1	235.886
1	180.526
1	193.9
1	214.86
1	172.064
1	152.919
1	209.906
1	164.32
1	154.158
1	232.657
1	298.47
1	267.934
1	184.185
1	158.943
1	192.481
1	144.805
1	290.838
1	144.278
1	230.571
1	202.235
1	209.403
1	151.362
1	144.767
1	151.341
1	178.785
1	184.811
1	216.633
1	134.629
1	161.005
1	225.624
1	207.707
1	165.207
1	204.2
1	194.299
1	138.202
1	206.033
1	211.302
1	210.658
1	171.25
1	208.702
1	186.255
1	239.828
1	270.62
1	185.596
1	242.88
1	154.584
1	148.953
1	268.111
1	132.122
1	159.89
1	231.81
1	165.103
1	209.713
1	222.314
1	227.912
1	167.417
1	173.61
1	200.977
1	162.352
1	188.766
1	191.46
1	126.517
0	28.9691
1	175.293
1	183.975
1	206.123
1	136.156
1	200.343
1	156.312
1	179.901
1	246.225
1	208.989
1	220.061
1	205.527
1	252.05
1	171.313
1	189.643
1	233.588
1	223.063
1	152.674
1	176.792
1	144.457
1	223.945
1	142.754
1	190.238
1	369.281
1	180.852
1	208.278
1	225.228
1	197.527
1	179.604
1	227.604
1	150.573
1	155.933
1	196.477
1	257.419
1	188.743
1	267.927
1	180.083
1	126.075
1	221.071
1	230.806
1	215.337
1	208.592
1	393.549
1	190.532
1	179.595
1	279.472
1	259.367
1	161.685
1	196.765
1	203.506
1	168.661
1	203.284
1	225.821
1	233.579
1	146.63
1	248.023
1	168.279
1	173.346
1	243.961
1	156.113
1	212.123
1	192.695
1	221.681
1	180.764
1	193.672
1	215.613
1	259.726
1	146.933
1	345.249
1	346.067
1	185.156
1	197.577
1	198.724
1	234.834
1	211.13
1	174.928
1	159.936
1	235.288
1	235.457
1	177.951
1	173.589
1	156.724
1	237.043
1	257.895
0	71.8391
1	140.903
1	114.103
1	195.507
1	177.801
1	197.21
1	279.479
1	247.104
1	133.421
1	211.887
1	291.821
1	184.293
1	192.295
1	245.936
1	160.21
1	137.381
1	190.139
1	250.15
1	202.592
1	139.451
1	244.331
1	184.871
1	428.282
1	149.578
1	267.994
1	237.325
1	204.907
1	184.675
1	230.581
1	163.899
1	166.938
1	184.645
1	130.843
1	170.661
1	257.422
1	182.352
1	317.402
1	251.799
1	184.735
1	192.503
1	155.07
1	186.392
1	253.008
1	274.336
1	221.852
1	251.961
1	194.544
1	224.611
1	267.632
1	223.526
1	195.475
1	234.166
1	157.727
1	231.646
1	211.62
1	165.943
1	189.146
1	207.135
1	203.122
1	256.516
1	232.392
1	126.853
1	140.969
1	203.722
1	149.107
1	211.358
1	215.214
1	218.711
1	205.29
1	295.925
1	136.324
1	144.093
1	201.812
1	149.699
1	180.219
1	157.586
1	173.885
1	258.931
1	151.88
1	178.606
1	155.635
1	227.907
1	154.137
1	259.864
1	263.857
1	172.247
1	164.722
1	135.101
1	240.197
1	207.186
1	146.376
1	204.99
1	192.8
1	279.951
1	178.099
1	170.128
1	266.963
1	215.201
1	358.893
1	185.298
1	229.112
1	215.158
1	144.643
1	222.104
1	198.032
1	218.062
1	164.116
1	162.024
1	172.413
1	172.501
1	210.505
1	211.724
1	162.062
1	177.004
1	184.676
1	183.185
1	209.447
1	193.798
1	222.748
1	170.189
1	200.625
1	295.503
1	161.659
1	167.803
1	154.008
1	175.1
1	313.535
1	162.09
1	233.972
1	314.941
1	264.061
1	135.181
1	156.934
1	134.737
1	160.919
1	127.838
1	249.369
1	256.228
1	151.321
1	189.204
1	168.132
1	166.468
1	169.457
1	182.309
1	178.968
1	148.518
1	178.148
1	134.566
1	252.528
1	195.109
1	285.962
1	233.549
1	237.072
1	237.766
1	178.065
1	173.818
1	280.231
1	251.947
1	219.336
1	214.467
1	136.635
1	189.833
1	195.515
1	144.778
1	162.698
1	272.542
1	210.849
1	170.008
1	144.893
1	194.396
1	213.101
1	144.648
1	194.555
1	212.648
1	230.64
1	208.455
1	276.974
1	181.357
1	269.281
1	187.505
1	214.512
1	232.179
1	160.289
1	170.333
1	153.343
1	269.348
1	169.555
1	157.747
1	221.342
1	265.804
1	200.495
1	221.998
1	214.374
1	190.335
1	212.136
1	180.154
1	375.167
1	160.236
1	224.85
1	249.717
1	197.765
1	176.447
1	311.83
1	133.066
1	164.404
1	231.528
1	204.087
1	174.3
1	182.357
1	194.722
1	124.239
1	164.027
1	183.047
1	169.546
1	204.337
1	200.97
1	245.949
1	186.803
1	154.388
1	233.438
1	167.056
1	233.561
1	290.684
1	276.209
1	215.846
1	169.378
1	150.823
1	142.545
1	175.253
1	192.876
1	191.406
1	228.474
1	159.181
1	287.866
1	189.159
1	243.587
1	196.97
1	210.83
1	208.798
1	143.379
1	181.802
1	149.515
1	224.66
1	220.904
1	263.545
1	172.913
1	203.989
1	173.107
1	188.928
1	160.384
1	169.797
1	170.629
1	343.49
1	366.1
1	254.556
1	208.601
1	206.672
1	206.142
1	195.15
1	246.414
1	241.746
1	190.812
1	241.208
1	225.9
1	166.677
1	181.545
1	159.891
1	166.425
1	173.116
1	171.573
1	213.013
1	204.627
1	242.236
1	141.718
1	218.035
1	282.349
1	148.014
1	207.517
1	153.473
1	217.941
1	139.048
1	178.564
1	143.376
1	332.165
1	163.21
1	168.804
1	173.942
1	218.918
1	184.837
1	139.109
1	251.082
1	194.43
1	155.766
1	150.237
1	226.897
1	445.499
1	179.534
1	158.164
1	175.217
1	223.961
1	167.917
1	195.725
1	231.917
1	158.734
1	146.202
1	130.122
1	144.002
1	191.138
1	186.461
1	190.98
1	227.583
1	239.598
1	221.455
1	229.352
1	194.898
1	219.491
1	209.746
1	238.043
1	166.617
1	197.127
1	272.699
1	225.586
1	372.864
1	205.784
1	273.804
1	253.882
1	167.148
1	228.892
1	187.234
1	181.074
1	113.399
1	197.951
1	122.543
1	167.428
1	248.293
1	302.993
1	260.79
1	139.402
1	258.172
1	244.231
1	166.585
1	213.966
1	194.729
1	247.365
1	225.47
1	237.63
1	206.47
1	184.524
1	185.511
1	190.672
1	237.841
1	168.721
1	127.732
1	224.62
1	237.13
1	172.367
1	177.88
1	180.502
1	174.822
1	183.172
1	143.58
1	135.12
1	240.906
1	158.624
1	154.073
1	143.234
0	7.22062e-06
1	201.208
1	144.031
1	138.006
1	244.066
1	204.21
1	359.48
1	370.81
1	199.457
1	238.249
1	186.834
1	254.34
1	140.628
1	112.38
1	143.912
1	152.845
1	195.796
1	177.715
1	153.966
1	203.288
1	185.792
1	268.2
1	231.047
1	192.259
1	150.084
1	179.852
1	158.507
1	158.402
1	384.931
1	104.115
1	253.736
1	177.13
1	301.778
1	212.132
1	189.862
1	266.063
1	160.15
1	185.052
1	139.875
1	184.827
1	226
1	182.243
1	183.556
1	239.522
1	208.919
1	183.135
1	222.957
1	196.59
1	151.91
1	188.596
1	159.539
1	170.558
1	296.946
1	130.519
1	154.818
1	195.992
1	185.061
1	173.232
1	258.788
1	215.282
1	274.442
1	204.694
1	142.978
1	136.247
1	140.271
1	178.139
1	214.908
1	176.318
1	298.657
1	145.707
1	213.426
1	150.194
1	263.571
1	249.779
1	128.389
1	228.755
1	170.747
1	142.354
1	154.658
1	146.39
1	310.347
1	150.846
1	264.377
1	167.095
1	164.333
1	185.815
0	12.187
1	164.1
1	195.499
1	269.28
1	333.153
1	246.33
1	206.85
1	320.464
1	182.533
1	284.948
1	221.366
1	190.499
1	231.074
1	136.926
1	242.862
1	169.017
1	181.434
1	172.79
1	227.216
1	166.799
1	168.033
1	215.868
1	156.895
1	276.806
1	176.51
1	185.031
1	149.183
1	360.018
1	225.769
1	181.558
1	188.456
1	308.086
1	232.822
1	193.844
1	247.427
1	167.089
1	178.801
1	149.541
1	272.741
1	236.537
1	257.296
1	185.973
1	178.256
1	143.176
1	204.4
1	196.272
1	233.298
1	162.807
1	230.426
1	194.956
1	190.291
1	223.506
1	225.808
1	147.353
1	242.497
1	223.316
1	200.002
